15590.0 47209.0
16070.0 46694.0
16093.0 44746.0
16290.0 43420.0
16816.0 42359.0
16990.0 41577.0
17516.0 41182.0
18016.0 41083.0
18092.0 40646.0
18545.0 40629.0
18596.0 40337.0
19912.0 40313.0
21266.0 40312.0
21342.0 40064.0
21708.0 39975.0
24516.0 39974.0
24592.0 39915.0
24820.0 39865.0
25513.0 39758.0
27894.0 39757.0
28763.0 39631.0
31937.0 39629.0
32013.0 39572.0
32934.0 39511.0
36184.0 39385.0
39358.0 39384.0
39434.0 39326.0
40355.0 39279.0
43529.0 39278.0
43605.0 39152.0
46855.0 39093.0

16023.0 42322.0
16156.0 42035.0
16595.0 41640.0
16956.0 41536.0
17095.0 41473.0
17171.0 41438.0
18092.0 40654.0
18596.0 40525.0
19912.0 40501.0
21266.0 40500.0
21342.0 40104.0
21708.0 40053.0
24592.0 40017.0
28763.0 39742.0
32013.0 39706.0
36184.0 39648.0
39434.0 39624.0

16023.0 42316.0
16156.0 42035.0
16595.0 41640.0
16956.0 41536.0
17095.0 41473.0
17171.0 41438.0
18092.0 40624.0
18596.0 40495.0
19912.0 40471.0
21266.0 40470.0
21342.0 40064.0
21708.0 39975.0
24592.0 39939.0
27913.0 39924.0
28763.0 39632.0
36184.0 39399.0

16023.0 42322.0
16156.0 42035.0
16595.0 41640.0
16956.0 41536.0
17095.0 41473.0
17171.0 41438.0
18092.0 40654.0
18596.0 40525.0
19912.0 40501.0
21266.0 40500.0
21342.0 40104.0
21708.0 40053.0
24592.0 40017.0
28763.0 39742.0
32013.0 39706.0
36184.0 39648.0
39434.0 39624.0

16023.0 42322.0
16156.0 42035.0
16595.0 41640.0
16956.0 41536.0
17095.0 41473.0
17171.0 41438.0
18092.0 40654.0
18596.0 40525.0
19912.0 40501.0
21266.0 40500.0
21342.0 40104.0
21708.0 40053.0
24592.0 40017.0
28763.0 39742.0
32013.0 39706.0
36184.0 39648.0
39434.0 39624.0

16023.0 42322.0
16156.0 42035.0
16595.0 41640.0
16956.0 41536.0
17095.0 41473.0
17171.0 41438.0
18092.0 40654.0
18596.0 40525.0
19912.0 40501.0
21266.0 40500.0
21342.0 40104.0
21708.0 40053.0
24592.0 40017.0
28763.0 39742.0
32013.0 39706.0
36184.0 39648.0
39434.0 39624.0

16023.0 42316.0
16156.0 42035.0
16595.0 41640.0
16956.0 41536.0
17095.0 41473.0
17171.0 41438.0
18092.0 40624.0
18596.0 40495.0
19912.0 40471.0
21266.0 40470.0
21342.0 40064.0
21708.0 39975.0
24592.0 39939.0
27913.0 39924.0
28763.0 39632.0
36184.0 39574.0
43605.0 39382.0

16023.0 42316.0
16156.0 42035.0
16595.0 41640.0
16956.0 41536.0
17095.0 41473.0
17171.0 41438.0
18092.0 40624.0
18596.0 40495.0
19912.0 40471.0
21266.0 40470.0
21342.0 40064.0
21708.0 39975.0
24592.0 39939.0
27913.0 39924.0
28763.0 39632.0
36184.0 39574.0
43605.0 39382.0

16023.0 42316.0
16156.0 42035.0
16595.0 41640.0
16956.0 41536.0
17095.0 41473.0
17171.0 41438.0
18092.0 40624.0
18596.0 40495.0
19912.0 40471.0
21266.0 40470.0
21342.0 40064.0
21708.0 39975.0
24592.0 39939.0
27913.0 39924.0
28763.0 39632.0
36184.0 39574.0
43605.0 39382.0

16023.0 42316.0
16156.0 42035.0
16595.0 41640.0
16956.0 41536.0
17095.0 41473.0
17171.0 41438.0
18092.0 40624.0
18596.0 40495.0
19912.0 40471.0
21266.0 40470.0
21342.0 40104.0
21657.0 40082.0
21708.0 39975.0
24592.0 39939.0
27913.0 39924.0
28763.0 39632.0
36184.0 39574.0
43605.0 39382.0

16023.0 42316.0
16156.0 42035.0
16595.0 41640.0
16956.0 41536.0
16990.0 41396.0
17516.0 41164.0
18016.0 41083.0
18092.0 40466.0
18545.0 40444.0
18596.0 40337.0
19912.0 40313.0
21266.0 40312.0
21342.0 40064.0
21708.0 39975.0
24516.0 39974.0
24592.0 39915.0
24820.0 39865.0
25513.0 39758.0
28687.0 39757.0
28763.0 39631.0
31937.0 39630.0
32013.0 39573.0
32934.0 39512.0
36184.0 39386.0
39434.0 39327.0
40355.0 39278.0
43605.0 39153.0
46855.0 39094.0
51026.0 39071.0


