16816.0 41687.0
16956.0 41576.0
16990.0 41423.0
17516.0 41191.0
18016.0 41110.0
18092.0 40466.0
18545.0 40444.0
18596.0 40337.0
19912.0 40313.0
21266.0 40310.0
21342.0 40064.0
21708.0 39975.0
24516.0 39972.0
24592.0 39916.0
24820.0 39865.0
25513.0 39758.0
27894.0 39757.0
28687.0 39755.0
28763.0 39631.0
31937.0 39630.0
32013.0 39573.0
32934.0 39511.0
36184.0 39385.0
39434.0 39327.0
40355.0 39279.0
43605.0 39152.0
46855.0 39094.0

16745.0 43727.0
16816.0 41842.0
16990.0 41578.0
17516.0 41364.0
17745.0 41353.0
18016.0 41265.0
18092.0 40466.0
18545.0 40449.0
18596.0 40353.0
21266.0 40334.0
21342.0 40104.0
21708.0 40015.0
24592.0 39940.0
25513.0 39758.0
28763.0 39672.0
32013.0 39636.0
36184.0 39617.0

16745.0 43727.0
16816.0 41842.0
16990.0 41578.0
17516.0 41364.0
17745.0 41353.0
18016.0 41265.0
18092.0 40466.0
18545.0 40449.0
18596.0 40353.0
21266.0 40334.0
21342.0 40104.0
21708.0 40015.0
24592.0 39940.0
25513.0 39758.0
28763.0 39672.0
32013.0 39636.0
36184.0 39617.0

16745.0 43566.0
16816.0 41651.0
16990.0 41387.0
17516.0 41155.0
18016.0 41092.0
18092.0 40466.0
18545.0 40449.0
18596.0 40337.0
19912.0 40313.0
21266.0 40310.0
21342.0 40064.0
21708.0 39975.0
24516.0 39972.0
24592.0 39939.0
25513.0 39758.0
28763.0 39632.0
31937.0 39629.0
32013.0 39613.0
36184.0 39550.0
39358.0 39547.0
39434.0 39531.0
42608.0 39530.0

16745.0 43727.0
16816.0 41651.0
16990.0 41387.0
17516.0 41155.0
18016.0 41092.0
18092.0 40466.0
18545.0 40449.0
18596.0 40337.0
19912.0 40313.0
21266.0 40310.0
21342.0 40064.0
21708.0 39975.0
24592.0 39939.0
25513.0 39758.0
28763.0 39632.0
31937.0 39631.0
32013.0 39620.0
36184.0 39550.0

16745.0 43566.0
16816.0 41681.0
16990.0 41387.0
17516.0 41155.0
18016.0 41092.0
18092.0 40466.0
18545.0 40449.0
18596.0 40337.0
19912.0 40313.0
21266.0 40310.0
21342.0 40064.0
21708.0 39975.0
24516.0 39974.0
24592.0 39939.0
25513.0 39758.0
28763.0 39632.0
31937.0 39631.0
32013.0 39613.0
36184.0 39550.0
39358.0 39549.0
39434.0 39531.0
42608.0 39530.0

16745.0 43727.0
16816.0 41681.0
16990.0 41387.0
17516.0 41155.0
18016.0 41092.0
18092.0 40466.0
18545.0 40449.0
18596.0 40337.0
19912.0 40313.0
21266.0 40312.0
21342.0 40064.0
21708.0 39975.0
24592.0 39939.0
25513.0 39758.0
28763.0 39632.0
31937.0 39631.0
32013.0 39612.0
36184.0 39550.0

16745.0 43566.0
16816.0 41681.0
16990.0 41387.0
17516.0 41155.0
18016.0 41092.0
18092.0 40466.0
18545.0 40449.0
18596.0 40337.0
19912.0 40313.0
21266.0 40310.0
21342.0 40064.0
21708.0 39975.0
24516.0 39974.0
24592.0 39915.0
25513.0 39758.0
28763.0 39632.0
31937.0 39631.0
32013.0 39596.0
36184.0 39550.0
39358.0 39549.0

16745.0 43727.0
16816.0 41681.0
16990.0 41387.0
17516.0 41155.0
18016.0 41092.0
18092.0 40466.0
18545.0 40449.0
18596.0 40337.0
19912.0 40313.0
21266.0 40312.0
21342.0 40064.0
21708.0 39975.0
24592.0 39939.0
25513.0 39758.0
28763.0 39632.0
31937.0 39631.0
32013.0 39612.0
36184.0 39550.0

16745.0 43566.0
16816.0 41681.0
16990.0 41387.0
17516.0 41155.0
18016.0 41092.0
18092.0 40466.0
18545.0 40449.0
18596.0 40353.0
21266.0 40310.0
21342.0 40064.0
21708.0 40015.0
24516.0 39972.0
24592.0 39940.0
25513.0 39758.0
28763.0 39632.0
31937.0 39629.0
32013.0 39612.0
36184.0 39550.0
39358.0 39547.0

16515.0 41267.0
16595.0 41035.0
17095.0 40972.0
17171.0 40768.0
18092.0 40466.0
18545.0 40444.0
18596.0 40337.0
19912.0 40313.0
21266.0 40310.0
21342.0 40064.0
21708.0 39975.0
24516.0 39972.0
24592.0 39916.0
24820.0 39865.0
25513.0 39758.0
28687.0 39755.0
28763.0 39632.0
32013.0 39573.0
32934.0 39512.0
36184.0 39386.0
39434.0 39351.0
40355.0 39303.0
46855.0 39245.0
51026.0 39162.0
54276.0 39012.0


