17745.0 83530.0
18092.0 81519.0
18545.0 81502.0
18596.0 80873.0
19112.0 80849.0
19912.0 80738.0
21342.0 80603.0
21708.0 80336.0
24516.0 80333.0
24592.0 80052.0
24801.0 80051.0
27913.0 79681.0
28763.0 79447.0
31937.0 79446.0
32013.0 79287.0
36184.0 79029.0
39434.0 78823.0
43605.0 78657.0
46855.0 78405.0
54276.0 78316.0

16023.0 99336.0
16515.0 97817.0
17223.0 93951.0
17745.0 92910.0
17996.0 91491.0
18092.0 90794.0
18513.0 89857.0
18545.0 88392.0
18922.0 86828.0
20742.0 86167.0
20766.0 85953.0
21266.0 85008.0
22263.0 84694.0
22461.0 83729.0
24592.0 83063.0
25437.0 82656.0
28687.0 82549.0
28763.0 82260.0
31937.0 82231.0
32934.0 81997.0
36108.0 81978.0
36184.0 81973.0
63874.0 77944.0

20489.0 99697.0
20961.0 98679.0
21364.0 96822.0
21638.0 95718.0
21661.0 94812.0
24820.0 93847.0
25061.0 92363.0
28763.0 87758.0
32637.0 87657.0

20155.0 93996.0
24820.0 93847.0
25061.0 92363.0
25513.0 87487.0

18092.0 81438.0
18545.0 81363.0
18596.0 80704.0
21342.0 80374.0
21708.0 80017.0
24516.0 80016.0
24592.0 79981.0
25513.0 79841.0
27843.0 79824.0
27894.0 79752.0
28763.0 79362.0
32934.0 79292.0
35111.0 79248.0
36184.0 79045.0
43605.0 79038.0

17492.0 86965.0
17516.0 83262.0
18016.0 83072.0
18092.0 81876.0
18526.0 81854.0
18545.0 81738.0
18596.0 81313.0
19112.0 81074.0
19912.0 81004.0
21266.0 80957.0
21342.0 80813.0
21708.0 80571.0
25513.0 80140.0
28763.0 80034.0

17492.0 86965.0
17516.0 83262.0
18016.0 83072.0
18092.0 81876.0
18526.0 81854.0
18545.0 81738.0
18596.0 81313.0
19112.0 81074.0
19912.0 81004.0
21266.0 80957.0
21342.0 80813.0
21708.0 80571.0
25513.0 80140.0
28763.0 80034.0

17492.0 86965.0
17516.0 83262.0
18016.0 83072.0
18092.0 81876.0
18526.0 81854.0
18545.0 81738.0
18596.0 81313.0
19112.0 81074.0
19912.0 81004.0
21266.0 80957.0
21342.0 80813.0
21708.0 80571.0
25513.0 80140.0
28763.0 80034.0

17492.0 86965.0
17516.0 83262.0
18016.0 83072.0
18092.0 81876.0
18526.0 81854.0
18545.0 81738.0
18596.0 81313.0
19112.0 81074.0
19912.0 81004.0
21266.0 80957.0
21342.0 80813.0
21708.0 80571.0
25513.0 80140.0
28763.0 80034.0

17492.0 86965.0
17516.0 83262.0
18016.0 83072.0
18092.0 81876.0
18526.0 81854.0
18545.0 81738.0
18596.0 81313.0
19112.0 81074.0
19912.0 81004.0
21266.0 80957.0
21342.0 80813.0
21708.0 80571.0
25513.0 80140.0
28763.0 80034.0

17492.0 86965.0
17516.0 83262.0
18016.0 83072.0
18092.0 81876.0
18526.0 81854.0
18545.0 81738.0
18596.0 81313.0
19112.0 81074.0
19912.0 81004.0
21266.0 80957.0
21342.0 80813.0
21708.0 80571.0
25513.0 80140.0
28763.0 80034.0

17492.0 86965.0
17516.0 83262.0
18016.0 83072.0
18092.0 81876.0
18526.0 81854.0
18545.0 81738.0
18596.0 81313.0
19112.0 81074.0
19912.0 81004.0
21266.0 80957.0
21342.0 80813.0
21708.0 80571.0
25513.0 80140.0
28763.0 80034.0

17492.0 86965.0
17516.0 83262.0
18016.0 83072.0
18092.0 81876.0
18526.0 81854.0
18545.0 81738.0
18596.0 81313.0
19112.0 81074.0
19912.0 81004.0
21266.0 80957.0
21342.0 80813.0
21708.0 80571.0
25513.0 80140.0
28763.0 80034.0

17492.0 86965.0
17516.0 83262.0
18016.0 83072.0
18092.0 81876.0
18526.0 81854.0
18545.0 81738.0
18596.0 81313.0
19112.0 81074.0
19912.0 81004.0
21266.0 80957.0
21342.0 80813.0
21708.0 80571.0
25513.0 80140.0
28763.0 80034.0

17492.0 86965.0
17516.0 83262.0
18016.0 83072.0
18092.0 81876.0
18526.0 81854.0
18545.0 81738.0
18596.0 81313.0
19112.0 81074.0
19912.0 81004.0
21266.0 80957.0
21342.0 80813.0
21708.0 80571.0
25513.0 80140.0
28763.0 80034.0


