18016.0 83714.0
18092.0 81806.0
18475.0 81789.0
18526.0 81497.0
18596.0 81320.0
19471.0 81249.0
19946.0 81127.0
21266.0 80760.0
21342.0 80250.0
21708.0 80038.0
24592.0 79890.0
25513.0 79673.0
27894.0 79672.0
27913.0 79622.0
28763.0 79352.0
31937.0 79351.0
32013.0 79204.0
32934.0 79144.0
36184.0 78873.0
39434.0 78744.0

16023.0 105483.0
16515.0 96250.0
16571.0 95070.0
17923.0 86078.0
18596.0 85722.0
18615.0 84672.0
19505.0 84437.0
19946.0 84197.0
21021.0 84013.0
21266.0 82839.0
21342.0 82263.0
21708.0 82089.0
24750.0 81982.0
24913.0 81939.0
25513.0 81205.0
28763.0 80708.0
36184.0 80521.0
37105.0 80305.0
40279.0 80133.0
44526.0 79393.0
54200.0 79304.0
56453.0 78501.0
63874.0 77944.0

18446.0 101159.0
18671.0 98519.0
21095.0 94634.0
22020.0 94458.0
24913.0 93743.0
25451.0 87479.0

18122.0 107240.0
18446.0 101159.0
18671.0 98519.0
18856.0 91588.0
21708.0 91070.0
24516.0 89028.0
25451.0 87479.0

17492.0 86510.0
17516.0 86278.0
18092.0 82507.0
18545.0 82485.0
18596.0 82140.0
18615.0 81172.0
19912.0 81148.0
21266.0 81107.0
21342.0 80280.0
21708.0 80232.0
24592.0 79854.0
24820.0 79804.0
27766.0 79801.0
27862.0 79752.0
27913.0 79736.0
28763.0 79525.0
32013.0 79168.0
35263.0 79133.0
36184.0 79058.0
39434.0 78703.0
46855.0 78697.0

17492.0 86599.0
17516.0 84620.0
17647.0 83875.0
17745.0 83608.0
17945.0 83302.0
18056.0 83027.0
18092.0 82011.0
18545.0 81767.0
18596.0 81364.0
18615.0 81328.0
19912.0 81262.0
20421.0 81149.0
20838.0 81096.0
21342.0 80788.0
21708.0 80630.0
24516.0 80627.0
24592.0 80501.0
24750.0 80246.0
28763.0 79922.0
32013.0 79796.0
36184.0 79630.0
39434.0 79468.0

17492.0 86599.0
17516.0 84620.0
17647.0 83875.0
17745.0 83608.0
17945.0 83302.0
18056.0 83027.0
18092.0 82011.0
18545.0 81767.0
18596.0 81364.0
18615.0 81328.0
19912.0 81262.0
20421.0 81149.0
20838.0 81096.0
21342.0 80788.0
21708.0 80630.0
24516.0 80627.0
24592.0 80501.0
24750.0 80246.0
28763.0 79922.0
32013.0 79796.0
36184.0 79630.0
39434.0 79468.0

17492.0 86599.0
17516.0 84620.0
17647.0 83875.0
17745.0 83608.0
17945.0 83302.0
18056.0 83027.0
18092.0 82011.0
18545.0 81767.0
18596.0 81364.0
18615.0 81328.0
19912.0 81262.0
20421.0 81149.0
20838.0 81096.0
21342.0 80788.0
21708.0 80630.0
24516.0 80627.0
24592.0 80501.0
24750.0 80246.0
28763.0 79922.0
32013.0 79796.0
36184.0 79630.0
39434.0 79468.0

17492.0 86599.0
17516.0 84620.0
17647.0 83875.0
17745.0 83608.0
17945.0 83302.0
18056.0 83027.0
18092.0 82011.0
18545.0 81767.0
18596.0 81364.0
18615.0 81328.0
19912.0 81262.0
20421.0 81149.0
20838.0 81096.0
21342.0 80788.0
21708.0 80630.0
24516.0 80627.0
24592.0 80501.0
24750.0 80246.0
28763.0 79922.0
32013.0 79796.0
36184.0 79630.0
39434.0 79468.0

17492.0 86599.0
17516.0 84620.0
17647.0 83875.0
17745.0 83608.0
17945.0 83302.0
18056.0 83027.0
18092.0 82011.0
18545.0 81767.0
18596.0 81364.0
18615.0 81328.0
19912.0 81262.0
20421.0 81149.0
20838.0 81096.0
21342.0 80788.0
21708.0 80630.0
24516.0 80627.0
24592.0 80501.0
24750.0 80246.0
28763.0 79922.0
32013.0 79796.0
36184.0 79630.0
39434.0 79468.0

17492.0 86599.0
17516.0 84620.0
17647.0 83875.0
17745.0 83608.0
17945.0 83302.0
18056.0 83027.0
18092.0 82011.0
18545.0 81767.0
18596.0 81364.0
18615.0 81328.0
19912.0 81262.0
20421.0 81149.0
20838.0 81096.0
21342.0 80788.0
21708.0 80630.0
24516.0 80627.0
24592.0 80501.0
24750.0 80246.0
28763.0 79922.0
32013.0 79796.0
36184.0 79630.0
39434.0 79468.0

17492.0 86599.0
17516.0 84620.0
17647.0 83875.0
17745.0 83608.0
17945.0 83302.0
18056.0 83027.0
18092.0 82011.0
18545.0 81767.0
18596.0 81364.0
18615.0 81328.0
19912.0 81262.0
20421.0 81149.0
20838.0 81096.0
21342.0 80788.0
21708.0 80630.0
24516.0 80627.0
24592.0 80501.0
24750.0 80246.0
28763.0 79922.0
32013.0 79796.0
36184.0 79630.0
39434.0 79468.0

17492.0 86599.0
17516.0 84620.0
17647.0 83875.0
17745.0 83608.0
17945.0 83302.0
18056.0 83027.0
18092.0 82011.0
18545.0 81767.0
18596.0 81364.0
18615.0 81328.0
19912.0 81262.0
20421.0 81149.0
20838.0 81096.0
21342.0 80788.0
21708.0 80630.0
24516.0 80627.0
24592.0 80501.0
24750.0 80246.0
28763.0 79922.0
32013.0 79796.0
36184.0 79630.0
39434.0 79468.0

17492.0 86599.0
17516.0 84620.0
17647.0 83875.0
17745.0 83608.0
17945.0 83302.0
18056.0 83027.0
18092.0 82011.0
18545.0 81767.0
18596.0 81364.0
18615.0 81328.0
19912.0 81262.0
20421.0 81149.0
20838.0 81096.0
21342.0 80788.0
21708.0 80630.0
24516.0 80627.0
24592.0 80501.0
24750.0 80246.0
28763.0 79922.0
32013.0 79796.0
36184.0 79630.0
39434.0 79468.0

17492.0 86599.0
17516.0 84620.0
17647.0 83875.0
17745.0 83608.0
17945.0 83302.0
18056.0 83027.0
18092.0 82011.0
18545.0 81767.0
18596.0 81364.0
18615.0 81328.0
19912.0 81262.0
20421.0 81149.0
20838.0 81096.0
21342.0 80788.0
21708.0 80630.0
24516.0 80627.0
24592.0 80501.0
24750.0 80246.0
28763.0 79922.0
32013.0 79796.0
36184.0 79630.0
39434.0 79468.0


