18092.0 81914.0
18596.0 81250.0
19112.0 81168.0
19912.0 80919.0
21266.0 80916.0
21342.0 80438.0
21708.0 80095.0
24516.0 80092.0
24592.0 79969.0
25513.0 79701.0
28763.0 79479.0
32013.0 79419.0
32934.0 79137.0
35187.0 79134.0
35263.0 79102.0
39434.0 78891.0
42608.0 78763.0
51026.0 78752.0

16023.0 106353.0
16290.0 102778.0
16495.0 99897.0
16595.0 97947.0
17345.0 95129.0
17492.0 93956.0
17923.0 93610.0
18092.0 89618.0
18596.0 86795.0
20089.0 86239.0
20666.0 85601.0
20766.0 85280.0
21266.0 85070.0
21342.0 84836.0
21638.0 84347.0
22263.0 83998.0
22495.0 83669.0
23080.0 81001.0
60700.0 77949.0
63874.0 77944.0

18922.0 102565.0
20457.0 98698.0
21661.0 98583.0
21708.0 94454.0
22461.0 94204.0
23350.0 93887.0
24976.0 93212.0
25010.0 92221.0
28687.0 91471.0
32934.0 90369.0

18922.0 102565.0
20457.0 90451.0
23992.0 87934.0

18056.0 85121.0
18092.0 81902.0
18545.0 81194.0
18596.0 81189.0
19112.0 81131.0
20766.0 81116.0
21266.0 81088.0
21342.0 80708.0
21708.0 80254.0
24016.0 80239.0
24801.0 80165.0
25513.0 79744.0
27843.0 79722.0
28687.0 79612.0
28763.0 79489.0
32013.0 79368.0
32934.0 79202.0
36108.0 79181.0
39358.0 79122.0
39434.0 79076.0
46855.0 78993.0

17996.0 84053.0
18016.0 83940.0
18092.0 82296.0
18545.0 81774.0
18596.0 81084.0
21266.0 81081.0
21342.0 80832.0
21708.0 80696.0
24750.0 80550.0
25513.0 80224.0
28763.0 79967.0
36108.0 79876.0
36184.0 79536.0

17996.0 84053.0
18016.0 83940.0
18092.0 82296.0
18545.0 81774.0
18596.0 81084.0
21266.0 81081.0
21342.0 80832.0
21708.0 80696.0
24750.0 80550.0
25513.0 80224.0
28763.0 79967.0
36108.0 79876.0
36184.0 79536.0

17996.0 84053.0
18016.0 83940.0
18092.0 82296.0
18545.0 81774.0
18596.0 81084.0
21266.0 81081.0
21342.0 80832.0
21708.0 80696.0
24750.0 80550.0
25513.0 80224.0
28763.0 79967.0
36108.0 79876.0
36184.0 79536.0

17996.0 84053.0
18016.0 83940.0
18092.0 82296.0
18545.0 81774.0
18596.0 81084.0
21266.0 81081.0
21342.0 80832.0
21708.0 80696.0
24750.0 80550.0
25513.0 80224.0
28763.0 79967.0
36108.0 79876.0
36184.0 79536.0

17996.0 84053.0
18016.0 83940.0
18092.0 82296.0
18545.0 81774.0
18596.0 81084.0
21266.0 81081.0
21342.0 80832.0
21708.0 80696.0
24750.0 80550.0
25513.0 80224.0
28763.0 79967.0
36108.0 79876.0
36184.0 79536.0

17996.0 84053.0
18016.0 83940.0
18092.0 82296.0
18545.0 81774.0
18596.0 81084.0
21266.0 81081.0
21342.0 80832.0
21708.0 80696.0
24750.0 80550.0
25513.0 80224.0
28763.0 79967.0
36108.0 79876.0
36184.0 79536.0

17996.0 84053.0
18016.0 83940.0
18092.0 82296.0
18545.0 81774.0
18596.0 81084.0
21266.0 81081.0
21342.0 80832.0
21708.0 80696.0
24750.0 80550.0
25513.0 80224.0
28763.0 79967.0
36108.0 79876.0
36184.0 79536.0

17996.0 84053.0
18016.0 83940.0
18092.0 82296.0
18545.0 81774.0
18596.0 81084.0
21266.0 81081.0
21342.0 80832.0
21708.0 80696.0
24750.0 80550.0
25513.0 80224.0
28763.0 79967.0
36108.0 79876.0
36184.0 79536.0

17996.0 84053.0
18016.0 83940.0
18092.0 82296.0
18545.0 81774.0
18596.0 81084.0
21266.0 81081.0
21342.0 80832.0
21708.0 80696.0
24750.0 80550.0
25513.0 80224.0
28763.0 79967.0
36108.0 79876.0
36184.0 79536.0

17996.0 84053.0
18016.0 83940.0
18092.0 82296.0
18545.0 81774.0
18596.0 81084.0
21266.0 81081.0
21342.0 80832.0
21708.0 80696.0
24750.0 80550.0
25513.0 80224.0
28763.0 79967.0
36108.0 79876.0
36184.0 79536.0


