16990.0 90250.0
17095.0 89202.0
17492.0 84892.0
17516.0 84353.0
17745.0 83894.0
18056.0 83284.0
18092.0 81928.0
18545.0 81813.0
18596.0 81521.0
19471.0 81497.0
19946.0 81473.0
20269.0 81472.0
20345.0 81438.0
21266.0 81180.0
21342.0 80446.0
21708.0 80055.0
24516.0 80012.0
24592.0 79953.0
27766.0 79950.0
27842.0 79917.0
28763.0 79576.0
31937.0 79326.0
32013.0 79325.0
32934.0 79200.0
39358.0 79152.0
39434.0 79033.0
46279.0 78925.0
54200.0 78824.0

16515.0 98591.0
17492.0 98512.0
18016.0 96404.0
18092.0 87837.0
18596.0 87093.0
18922.0 86975.0
19471.0 86950.0
19505.0 86213.0
20742.0 85383.0
21342.0 83424.0
22699.0 83015.0
23950.0 82563.0
24592.0 82264.0
24801.0 82015.0
25513.0 81176.0
32934.0 80706.0
37105.0 80496.0
63874.0 77944.0

17492.0 106992.0
19505.0 94052.0
21364.0 88820.0

17492.0 106992.0
18596.0 92431.0
21342.0 91596.0
21364.0 88820.0

16956.0 85565.0
16990.0 83808.0
18016.0 83314.0
18092.0 82126.0
18545.0 81991.0
18596.0 81579.0
19912.0 81555.0
19946.0 81515.0
20838.0 81437.0
21342.0 80873.0
21708.0 80421.0
24592.0 80137.0
24750.0 80120.0
27766.0 80027.0
27913.0 79976.0
28763.0 79713.0
31937.0 79710.0
32013.0 79448.0
36184.0 79211.0
39434.0 79138.0
43605.0 78892.0

17492.0 86083.0
17745.0 83130.0
18092.0 82284.0
18596.0 81223.0
19912.0 81199.0
20421.0 81165.0
21342.0 80789.0
21708.0 80673.0
24592.0 80589.0
24801.0 80505.0
25513.0 80098.0
28687.0 80081.0
28763.0 79999.0
32934.0 79766.0

17492.0 86083.0
17745.0 83130.0
18092.0 82284.0
18596.0 81223.0
19912.0 81199.0
20421.0 81165.0
21342.0 80789.0
21708.0 80673.0
24592.0 80589.0
24801.0 80505.0
25513.0 80098.0
28687.0 80081.0
28763.0 79999.0
32934.0 79766.0

17492.0 86083.0
17745.0 83130.0
18092.0 82284.0
18596.0 81223.0
19912.0 81199.0
20421.0 81165.0
21342.0 80789.0
21708.0 80673.0
24592.0 80589.0
24801.0 80505.0
25513.0 80098.0
28687.0 80081.0
28763.0 79999.0
32934.0 79766.0

17492.0 86083.0
17745.0 83130.0
18092.0 82284.0
18596.0 81223.0
19912.0 81199.0
20421.0 81165.0
21342.0 80789.0
21708.0 80673.0
24592.0 80589.0
24801.0 80505.0
25513.0 80098.0
28687.0 80081.0
28763.0 79999.0
32934.0 79766.0

17492.0 86083.0
17745.0 83130.0
18092.0 82284.0
18596.0 81223.0
19912.0 81199.0
20421.0 81165.0
21342.0 80789.0
21708.0 80673.0
24592.0 80589.0
24801.0 80505.0
25513.0 80098.0
28687.0 80081.0
28763.0 79999.0
32934.0 79766.0

17492.0 86083.0
17745.0 83130.0
18092.0 82284.0
18596.0 81223.0
19912.0 81199.0
20421.0 81165.0
21342.0 80789.0
21708.0 80673.0
24592.0 80589.0
24801.0 80505.0
25513.0 80098.0
28687.0 80081.0
28763.0 79999.0
32934.0 79766.0

17492.0 86083.0
17745.0 83130.0
18092.0 82284.0
18596.0 81223.0
19912.0 81199.0
20421.0 81165.0
21342.0 80789.0
21708.0 80673.0
24592.0 80589.0
24801.0 80505.0
25513.0 80098.0
28687.0 80081.0
28763.0 79999.0
32934.0 79766.0

17492.0 86083.0
17745.0 83130.0
18092.0 82284.0
18596.0 81223.0
19912.0 81199.0
20421.0 81165.0
21342.0 80789.0
21708.0 80673.0
24592.0 80589.0
24801.0 80505.0
25513.0 80098.0
28687.0 80081.0
28763.0 79999.0
32934.0 79766.0

17492.0 86083.0
17745.0 83130.0
18092.0 82284.0
18596.0 81223.0
19912.0 81199.0
20421.0 81165.0
21342.0 80789.0
21708.0 80673.0
24592.0 80589.0
24801.0 80505.0
25513.0 80098.0
28687.0 80081.0
28763.0 79999.0
32934.0 79766.0

17492.0 86083.0
17745.0 83130.0
18092.0 82284.0
18596.0 81223.0
19912.0 81199.0
20421.0 81165.0
21342.0 80789.0
21708.0 80673.0
24592.0 80589.0
24801.0 80505.0
25513.0 80098.0
28687.0 80081.0
28763.0 79999.0
32934.0 79766.0


