16515.0 88415.0
16816.0 88235.0
16956.0 86939.0
17095.0 85566.0
17126.0 85191.0
17492.0 84112.0
18092.0 82146.0
18545.0 82124.0
18596.0 82057.0
18615.0 81103.0
19912.0 81079.0
20345.0 81076.0
20421.0 80931.0
21342.0 80553.0
21657.0 80536.0
24592.0 79957.0
24750.0 79951.0
24820.0 79900.0
27842.0 79889.0
28763.0 79472.0
32013.0 79348.0
35263.0 79254.0
36184.0 79099.0
39358.0 78955.0
39434.0 78949.0
42684.0 78756.0
46855.0 78464.0

16290.0 105927.0
16515.0 103173.0
16816.0 102524.0
16871.0 100634.0
16990.0 99521.0
17171.0 96091.0
18092.0 88913.0
18545.0 88423.0
18596.0 87151.0
20766.0 86592.0
21266.0 85179.0
21708.0 85150.0
22020.0 84280.0
22263.0 84241.0
24750.0 82181.0
28187.0 81442.0
28687.0 81430.0
36184.0 81386.0
56453.0 79452.0
63874.0 77944.0

20955.0 105965.0
21364.0 100554.0
22020.0 98958.0
22263.0 96947.0
22461.0 90723.0
24085.0 90512.0
24310.0 90212.0
27487.0 88743.0

20955.0 105965.0
21108.0 102695.0
21364.0 100554.0
21680.0 89185.0
27487.0 88743.0
28687.0 85862.0
32934.0 84898.0

17492.0 86779.0
17516.0 86224.0
17647.0 84394.0
17736.0 84016.0
17745.0 83315.0
18016.0 83252.0
18092.0 82732.0
18526.0 82002.0
18615.0 81211.0
19471.0 81171.0
20387.0 81147.0
21266.0 81126.0
21342.0 80436.0
21708.0 80435.0
23950.0 80416.0
24516.0 80410.0
24592.0 80288.0
24801.0 80082.0
25513.0 79762.0
27913.0 79708.0
28763.0 79329.0
32013.0 79317.0
35263.0 79154.0
36184.0 79096.0

17713.0 85898.0
18092.0 81829.0
18596.0 81243.0
21266.0 81144.0
21342.0 80395.0
21708.0 80306.0
24801.0 80183.0
28763.0 80030.0
32013.0 79827.0
35187.0 79826.0

17713.0 85898.0
18092.0 81829.0
18596.0 81243.0
21266.0 81144.0
21342.0 80395.0
21708.0 80306.0
24801.0 80183.0
28763.0 80030.0
32013.0 79827.0
35187.0 79826.0

17713.0 85898.0
18092.0 81829.0
18596.0 81243.0
21266.0 81144.0
21342.0 80395.0
21708.0 80306.0
24801.0 80183.0
28763.0 80030.0
32013.0 79827.0
35187.0 79826.0

17713.0 85898.0
18092.0 81829.0
18596.0 81243.0
21266.0 81144.0
21342.0 80395.0
21708.0 80306.0
24801.0 80183.0
28763.0 80030.0
32013.0 79827.0
35187.0 79826.0

17713.0 85898.0
18092.0 81829.0
18596.0 81243.0
21266.0 81144.0
21342.0 80395.0
21708.0 80306.0
24801.0 80183.0
28763.0 80030.0
32013.0 79827.0
35187.0 79826.0

17713.0 85898.0
18092.0 81829.0
18596.0 81243.0
21266.0 81144.0
21342.0 80395.0
21708.0 80306.0
24801.0 80183.0
28763.0 80030.0
32013.0 79827.0
35187.0 79826.0

17713.0 85898.0
18092.0 81829.0
18596.0 81243.0
21266.0 81144.0
21342.0 80395.0
21708.0 80306.0
24801.0 80183.0
28763.0 80030.0
32013.0 79827.0
35187.0 79826.0

17713.0 85898.0
18092.0 81829.0
18596.0 81243.0
21266.0 81144.0
21342.0 80395.0
21708.0 80306.0
24801.0 80183.0
28763.0 80030.0
32013.0 79827.0
35187.0 79826.0

17713.0 85898.0
18092.0 81829.0
18596.0 81243.0
21266.0 81144.0
21342.0 80395.0
21708.0 80306.0
24801.0 80183.0
28763.0 80030.0
32013.0 79827.0
35187.0 79826.0

17713.0 85898.0
18092.0 81829.0
18596.0 81243.0
21266.0 81144.0
21342.0 80395.0
21708.0 80306.0
24801.0 80183.0
28763.0 80030.0
32013.0 79827.0
35187.0 79826.0


