17492.0 86372.0
17675.0 86344.0
17745.0 86343.0
18016.0 85315.0
18092.0 84393.0
18596.0 84305.0
18615.0 81263.0
20387.0 81257.0
21266.0 81230.0
21342.0 80743.0
21708.0 80227.0
24516.0 80226.0
24592.0 80191.0
25513.0 80031.0
27913.0 79934.0
28763.0 79454.0
32013.0 79413.0
32934.0 79295.0
36184.0 78983.0
39434.0 78857.0
46779.0 78755.0

16515.0 102642.0
17095.0 93273.0
18056.0 92581.0
18092.0 90723.0
18513.0 88293.0
18596.0 88198.0
18922.0 86373.0
20766.0 86081.0
20955.0 85894.0
21708.0 84348.0
23992.0 84208.0
24801.0 83534.0
27043.0 82909.0
28687.0 82527.0
28763.0 82190.0
36184.0 82094.0
43605.0 81584.0
63874.0 77944.0

18922.0 100150.0
20112.0 93312.0
25513.0 90936.0
28163.0 88502.0

18922.0 99496.0
20112.0 93312.0
22263.0 92967.0
23950.0 91668.0
25513.0 90807.0
26643.0 89007.0
28163.0 88502.0

17996.0 86817.0
18092.0 82120.0
18545.0 82103.0
18596.0 81444.0
19912.0 81292.0
21266.0 80750.0
21689.0 80656.0
21708.0 80414.0
24516.0 80289.0
24801.0 80107.0
25513.0 80046.0
27843.0 79995.0
27894.0 79944.0
28763.0 79581.0
31437.0 79506.0
32934.0 79360.0
36184.0 78946.0
40355.0 78694.0
51026.0 78486.0

16956.0 94851.0
17269.0 92167.0
17713.0 85940.0
18092.0 81639.0
18545.0 81622.0
18596.0 81405.0
18615.0 81355.0
19912.0 81300.0
19946.0 81276.0
21266.0 81233.0
21342.0 80706.0
21657.0 80434.0
25513.0 80286.0
28687.0 80002.0
37105.0 79690.0

16956.0 94851.0
17269.0 92167.0
17713.0 85940.0
18092.0 81639.0
18545.0 81622.0
18596.0 81405.0
18615.0 81355.0
19912.0 81300.0
19946.0 81276.0
21266.0 81233.0
21342.0 80706.0
21657.0 80434.0
25513.0 80286.0
28687.0 80002.0
37105.0 79690.0

16956.0 94851.0
17269.0 92167.0
17713.0 85940.0
18092.0 81639.0
18545.0 81622.0
18596.0 81405.0
18615.0 81355.0
19912.0 81300.0
19946.0 81276.0
21266.0 81233.0
21342.0 80706.0
21657.0 80434.0
25513.0 80286.0
28687.0 80002.0
37105.0 79690.0

16956.0 94851.0
17269.0 92167.0
17713.0 85940.0
18092.0 81639.0
18545.0 81622.0
18596.0 81405.0
18615.0 81355.0
19912.0 81300.0
19946.0 81276.0
21266.0 81233.0
21342.0 80706.0
21657.0 80434.0
25513.0 80286.0
28687.0 80002.0
37105.0 79690.0

16956.0 94851.0
17269.0 92167.0
17713.0 85940.0
18092.0 81639.0
18545.0 81622.0
18596.0 81405.0
18615.0 81355.0
19912.0 81300.0
19946.0 81276.0
21266.0 81233.0
21342.0 80706.0
21657.0 80434.0
25513.0 80286.0
28687.0 80002.0
37105.0 79690.0

16956.0 94851.0
17269.0 92167.0
17713.0 85940.0
18092.0 81639.0
18545.0 81622.0
18596.0 81405.0
18615.0 81355.0
19912.0 81300.0
19946.0 81276.0
21266.0 81233.0
21342.0 80706.0
21657.0 80434.0
25513.0 80286.0
28687.0 80002.0
37105.0 79690.0

16956.0 94851.0
17269.0 92167.0
17713.0 85940.0
18092.0 81639.0
18545.0 81622.0
18596.0 81405.0
18615.0 81355.0
19912.0 81300.0
19946.0 81276.0
21266.0 81233.0
21342.0 80706.0
21657.0 80434.0
25513.0 80286.0
28687.0 80002.0
37105.0 79690.0

16956.0 94851.0
17269.0 92167.0
17713.0 85940.0
18092.0 81639.0
18545.0 81622.0
18596.0 81405.0
18615.0 81355.0
19912.0 81300.0
19946.0 81276.0
21266.0 81233.0
21342.0 80706.0
21657.0 80434.0
25513.0 80286.0
28687.0 80002.0
37105.0 79690.0

16956.0 94851.0
17269.0 92167.0
17713.0 85940.0
18092.0 81639.0
18545.0 81622.0
18596.0 81405.0
18615.0 81355.0
19912.0 81300.0
19946.0 81276.0
21266.0 81233.0
21342.0 80706.0
21657.0 80434.0
25513.0 80286.0
28687.0 80002.0
37105.0 79690.0

16956.0 94851.0
17269.0 92167.0
17713.0 85940.0
18092.0 81639.0
18545.0 81622.0
18596.0 81405.0
18615.0 81355.0
19912.0 81300.0
19946.0 81276.0
21266.0 81233.0
21342.0 80706.0
21657.0 80434.0
25513.0 80286.0
28687.0 80002.0
37105.0 79690.0


