17745.0 85249.0
18092.0 81521.0
18545.0 81417.0
18596.0 80894.0
19912.0 80814.0
21266.0 80811.0
21342.0 80526.0
21708.0 80227.0
22263.0 80202.0
24516.0 80199.0
24592.0 79956.0
24820.0 79864.0
25513.0 79738.0
27766.0 79737.0
27894.0 79706.0
27913.0 79687.0
28763.0 79360.0
32013.0 79210.0
32934.0 79107.0
36184.0 78957.0

16136.0 105471.0
16290.0 104290.0
16515.0 100156.0
16816.0 95596.0
17145.0 92949.0
17492.0 88563.0
18092.0 86785.0
18122.0 86453.0
18513.0 86440.0
18545.0 85284.0
18596.0 82580.0
21266.0 82245.0
21708.0 82078.0
22136.0 82000.0
22263.0 81714.0
24592.0 81484.0
24750.0 81182.0
24937.0 80997.0
25513.0 80367.0
27766.0 80331.0
28763.0 80222.0
29684.0 80128.0
31937.0 80069.0
32013.0 79797.0
36108.0 79422.0
40355.0 79372.0
42608.0 79013.0
63874.0 77944.0

20178.0 107885.0
21095.0 102636.0
21108.0 101957.0
21708.0 93115.0
24913.0 91379.0
26296.0 90132.0

17996.0 105257.0
18122.0 99657.0
19146.0 93062.0
23316.0 88648.0

17516.0 84464.0
18092.0 81894.0
18545.0 81872.0
18596.0 81359.0
18615.0 80988.0
21342.0 80396.0
21708.0 80105.0
24516.0 80102.0
24592.0 79854.0
25513.0 79785.0
27766.0 79782.0
28763.0 79408.0
32013.0 79168.0
35263.0 79133.0
36184.0 78916.0
39434.0 78677.0
42684.0 78641.0
43605.0 78478.0
46855.0 78211.0
50105.0 78175.0

17492.0 87030.0
17726.0 86041.0
18092.0 81372.0
18596.0 80869.0
19912.0 80835.0
21266.0 80826.0
21342.0 80464.0
21708.0 80252.0
24801.0 80040.0
25513.0 79824.0
28763.0 79560.0
29684.0 79511.0
32934.0 79507.0
36184.0 79229.0

17492.0 87030.0
17726.0 86041.0
18092.0 81372.0
18596.0 80869.0
19912.0 80835.0
21266.0 80826.0
21342.0 80464.0
21708.0 80252.0
24801.0 80040.0
25513.0 79824.0
28763.0 79560.0
29684.0 79511.0
32934.0 79507.0
36184.0 79229.0

17492.0 87030.0
17726.0 86041.0
18092.0 81372.0
18596.0 80869.0
19912.0 80835.0
21266.0 80826.0
21342.0 80464.0
21708.0 80252.0
24801.0 80040.0
25513.0 79824.0
28763.0 79560.0
29684.0 79511.0
32934.0 79507.0
36184.0 79229.0

17492.0 87030.0
17726.0 86041.0
18092.0 81372.0
18596.0 80869.0
19912.0 80835.0
21266.0 80826.0
21342.0 80464.0
21708.0 80252.0
24801.0 80040.0
25513.0 79824.0
28763.0 79560.0
29684.0 79511.0
32934.0 79507.0
36184.0 79229.0

17492.0 87030.0
17726.0 86041.0
18092.0 81372.0
18596.0 80869.0
19912.0 80835.0
21266.0 80826.0
21342.0 80464.0
21708.0 80252.0
24801.0 80040.0
25513.0 79824.0
28763.0 79560.0
29684.0 79511.0
32934.0 79507.0
36184.0 79229.0

17492.0 87030.0
17726.0 86041.0
18092.0 81372.0
18596.0 80869.0
19912.0 80835.0
21266.0 80826.0
21342.0 80464.0
21708.0 80252.0
24801.0 80040.0
25513.0 79824.0
28763.0 79560.0
29684.0 79511.0
32934.0 79507.0
36184.0 79229.0

17492.0 87030.0
17726.0 86041.0
18092.0 81372.0
18596.0 80869.0
19912.0 80835.0
21266.0 80826.0
21342.0 80464.0
21708.0 80252.0
24801.0 80040.0
25513.0 79824.0
28763.0 79560.0
29684.0 79511.0
32934.0 79507.0
36184.0 79229.0

17492.0 87030.0
17726.0 86041.0
18092.0 81372.0
18596.0 80869.0
19912.0 80835.0
21266.0 80826.0
21342.0 80464.0
21708.0 80252.0
24801.0 80040.0
25513.0 79824.0
28763.0 79560.0
29684.0 79511.0
32934.0 79507.0
36184.0 79229.0

17492.0 87030.0
17726.0 86041.0
18092.0 81372.0
18596.0 80869.0
19912.0 80835.0
21266.0 80826.0
21342.0 80464.0
21708.0 80252.0
24801.0 80040.0
25513.0 79824.0
28763.0 79560.0
29684.0 79511.0
32934.0 79507.0
36184.0 79229.0

17492.0 87030.0
17726.0 86041.0
18092.0 81372.0
18596.0 80869.0
19912.0 80835.0
21266.0 80826.0
21342.0 80464.0
21708.0 80252.0
24801.0 80040.0
25513.0 79824.0
28763.0 79560.0
29684.0 79511.0
32934.0 79507.0
36184.0 79229.0


