18092.0 81230.0
18545.0 81073.0
18596.0 80944.0
19912.0 80872.0
21266.0 80869.0
21342.0 80587.0
21657.0 80488.0
21708.0 80376.0
24820.0 80268.0
25513.0 79581.0
28687.0 79580.0
28763.0 79454.0
32013.0 79447.0
32934.0 79115.0
36108.0 79031.0
36184.0 79017.0
39358.0 79000.0
43529.0 78805.0

16023.0 105286.0
16156.0 104987.0
16256.0 102926.0
16419.0 98038.0
16515.0 96586.0
16745.0 91048.0
17516.0 90247.0
17745.0 89836.0
17996.0 89256.0
18056.0 88150.0
18092.0 83638.0
18545.0 83491.0
18615.0 82214.0
21342.0 81721.0
22263.0 81263.0
24750.0 81216.0
25513.0 80672.0
27843.0 80224.0
32934.0 79913.0
36184.0 79643.0
40355.0 79564.0
47776.0 79167.0
63874.0 77944.0

19145.0 97156.0
20955.0 93024.0
21266.0 91525.0
30406.0 87473.0

18615.0 100610.0
19145.0 97156.0
20666.0 97014.0
20955.0 93024.0
21266.0 91525.0
24128.0 91303.0
24201.0 88833.0
30406.0 87473.0

17492.0 83216.0
18092.0 81383.0
18545.0 81344.0
18596.0 80936.0
19912.0 80872.0
21266.0 80869.0
21342.0 80403.0
21708.0 79950.0
24516.0 79947.0
24592.0 79854.0
25513.0 79697.0
27913.0 79646.0
28687.0 79643.0
28763.0 79330.0
31937.0 79263.0
32934.0 79194.0
35187.0 79153.0
36108.0 79151.0
36184.0 78897.0
39434.0 78802.0
42608.0 78801.0
46855.0 78609.0

17171.0 88260.0
17492.0 85810.0
18092.0 81508.0
18596.0 80832.0
21266.0 80826.0
21342.0 80520.0
21689.0 80492.0
24440.0 80491.0
24516.0 80365.0
24592.0 80347.0
24801.0 80278.0
25513.0 79917.0
28687.0 79892.0
28763.0 79867.0
36184.0 79686.0

17171.0 88260.0
17492.0 85810.0
18092.0 81508.0
18596.0 80832.0
21266.0 80826.0
21342.0 80520.0
21689.0 80492.0
24440.0 80491.0
24516.0 80365.0
24592.0 80347.0
24801.0 80278.0
25513.0 79917.0
28687.0 79892.0
28763.0 79867.0
36184.0 79686.0

17171.0 88260.0
17492.0 85810.0
18092.0 81508.0
18596.0 80832.0
21266.0 80826.0
21342.0 80520.0
21689.0 80492.0
24440.0 80491.0
24516.0 80365.0
24592.0 80347.0
24801.0 80278.0
25513.0 79917.0
28687.0 79892.0
28763.0 79867.0
36184.0 79686.0

17171.0 88260.0
17492.0 85810.0
18092.0 81508.0
18596.0 80832.0
21266.0 80826.0
21342.0 80520.0
21689.0 80492.0
24440.0 80491.0
24516.0 80365.0
24592.0 80347.0
24801.0 80278.0
25513.0 79917.0
28687.0 79892.0
28763.0 79867.0
36184.0 79686.0

17171.0 88260.0
17492.0 85810.0
18092.0 81508.0
18596.0 80832.0
21266.0 80826.0
21342.0 80520.0
21689.0 80492.0
24440.0 80491.0
24516.0 80365.0
24592.0 80347.0
24801.0 80278.0
25513.0 79917.0
28687.0 79892.0
28763.0 79867.0
36184.0 79686.0

17171.0 88260.0
17492.0 85810.0
18092.0 81508.0
18596.0 80832.0
21266.0 80826.0
21342.0 80520.0
21689.0 80492.0
24440.0 80491.0
24516.0 80365.0
24592.0 80347.0
24801.0 80278.0
25513.0 79917.0
28687.0 79892.0
28763.0 79867.0
36184.0 79686.0

17171.0 88260.0
17492.0 85810.0
18092.0 81508.0
18596.0 80832.0
21266.0 80826.0
21342.0 80520.0
21689.0 80492.0
24440.0 80491.0
24516.0 80365.0
24592.0 80347.0
24801.0 80278.0
25513.0 79917.0
28687.0 79892.0
28763.0 79867.0
36184.0 79686.0

17171.0 88260.0
17492.0 85810.0
18092.0 81508.0
18596.0 80832.0
21266.0 80826.0
21342.0 80520.0
21689.0 80492.0
24440.0 80491.0
24516.0 80365.0
24592.0 80347.0
24801.0 80278.0
25513.0 79917.0
28687.0 79892.0
28763.0 79867.0
36184.0 79686.0

17171.0 88260.0
17492.0 85810.0
18092.0 81508.0
18596.0 80832.0
21266.0 80826.0
21342.0 80520.0
21689.0 80492.0
24440.0 80491.0
24516.0 80365.0
24592.0 80347.0
24801.0 80278.0
25513.0 79917.0
28687.0 79892.0
28763.0 79867.0
36184.0 79686.0

17171.0 88260.0
17492.0 85810.0
18092.0 81508.0
18596.0 80832.0
21266.0 80826.0
21342.0 80520.0
21689.0 80492.0
24440.0 80491.0
24516.0 80365.0
24592.0 80347.0
24801.0 80278.0
25513.0 79917.0
28687.0 79892.0
28763.0 79867.0
36184.0 79686.0


