16922.0 88981.0
16956.0 88636.0
17492.0 84512.0
18092.0 81936.0
18545.0 81681.0
18596.0 80848.0
19912.0 80784.0
21342.0 80438.0
21708.0 80015.0
24516.0 80012.0
24592.0 79956.0
24820.0 79952.0
25513.0 79688.0
27766.0 79687.0
27842.0 79652.0
28687.0 79649.0
28763.0 79328.0
32013.0 79247.0
35187.0 79211.0
36184.0 78965.0
39358.0 78954.0
39434.0 78781.0
42608.0 78730.0
45858.0 78673.0
46779.0 78489.0
50029.0 78391.0

16164.0 110246.0
16515.0 98970.0
16816.0 97370.0
16956.0 88830.0
17516.0 87666.0
17996.0 85722.0
18092.0 85185.0
18312.0 83682.0
18615.0 83558.0
18856.0 83349.0
19247.0 83307.0
20766.0 83153.0
21266.0 82784.0
21342.0 82019.0
21689.0 81730.0
21708.0 81700.0
22263.0 81626.0
24516.0 81188.0
24592.0 80892.0
25513.0 80758.0
28687.0 80613.0
31437.0 80408.0
32013.0 80223.0
32934.0 80201.0
36184.0 79747.0
40355.0 79159.0
43529.0 79143.0
60624.0 78062.0
63874.0 77944.0

19219.0 98691.0
21708.0 96963.0
22020.0 92824.0
23069.0 91816.0
23316.0 89345.0

18805.0 102150.0
19219.0 98691.0
19812.0 93026.0
20387.0 92666.0
21021.0 89581.0
23316.0 89345.0
25010.0 87782.0
28763.0 87480.0
31437.0 86298.0

17996.0 89440.0
18092.0 81977.0
18545.0 81960.0
18596.0 81593.0
18615.0 80874.0
19912.0 80850.0
20387.0 80810.0
21266.0 80807.0
21342.0 80395.0
21708.0 80306.0
24516.0 80303.0
24592.0 79999.0
25513.0 79749.0
27894.0 79592.0
28763.0 79407.0
31937.0 79404.0
32013.0 79313.0
32934.0 79095.0
36184.0 78928.0
39434.0 78852.0
40355.0 78762.0
43605.0 78617.0

17345.0 83861.0
17516.0 83610.0
18092.0 82027.0
18596.0 80959.0
21266.0 80871.0
21342.0 80588.0
21708.0 80374.0
24731.0 80250.0
25437.0 80170.0
27766.0 80057.0
27894.0 79973.0
28763.0 79846.0
32013.0 79547.0
32934.0 79409.0
35187.0 79182.0
40355.0 79038.0
43605.0 79004.0
47776.0 78956.0

17345.0 83861.0
17516.0 83610.0
18092.0 82027.0
18596.0 80959.0
21266.0 80871.0
21342.0 80588.0
21708.0 80374.0
24731.0 80250.0
25437.0 80170.0
27766.0 80057.0
27894.0 79973.0
28763.0 79846.0
32013.0 79547.0
32934.0 79409.0
35187.0 79182.0
40355.0 79038.0
43605.0 79004.0
47776.0 78956.0

17345.0 83861.0
17516.0 83610.0
18092.0 82027.0
18596.0 80959.0
21266.0 80871.0
21342.0 80588.0
21708.0 80374.0
24731.0 80250.0
25437.0 80170.0
27766.0 80057.0
27894.0 79973.0
28763.0 79846.0
32013.0 79547.0
32934.0 79409.0
35187.0 79182.0
40355.0 79038.0
43605.0 79004.0
47776.0 78956.0

17345.0 83861.0
17516.0 83610.0
18092.0 82027.0
18596.0 80959.0
21266.0 80871.0
21342.0 80588.0
21708.0 80374.0
24731.0 80250.0
25437.0 80170.0
27766.0 80057.0
27894.0 79973.0
28763.0 79846.0
32013.0 79547.0
32934.0 79409.0
35187.0 79182.0
40355.0 79038.0
43605.0 79004.0
47776.0 78956.0

17345.0 83861.0
17516.0 83610.0
18092.0 82027.0
18596.0 80959.0
21266.0 80871.0
21342.0 80588.0
21708.0 80374.0
24731.0 80250.0
25437.0 80170.0
27766.0 80057.0
27894.0 79973.0
28763.0 79846.0
32013.0 79547.0
32934.0 79409.0
35187.0 79182.0
40355.0 79038.0
43605.0 79004.0
47776.0 78956.0

17345.0 83861.0
17516.0 83610.0
18092.0 82027.0
18596.0 80959.0
21266.0 80871.0
21342.0 80588.0
21708.0 80374.0
24731.0 80250.0
25437.0 80170.0
27766.0 80057.0
27894.0 79973.0
28763.0 79846.0
32013.0 79547.0
32934.0 79409.0
35187.0 79182.0
40355.0 79038.0
43605.0 79004.0
47776.0 78956.0

17345.0 83861.0
17516.0 83610.0
18092.0 82027.0
18596.0 80959.0
21266.0 80871.0
21342.0 80588.0
21708.0 80374.0
24731.0 80250.0
25437.0 80170.0
27766.0 80057.0
27894.0 79973.0
28763.0 79846.0
32013.0 79547.0
32934.0 79409.0
35187.0 79182.0
40355.0 79038.0
43605.0 79004.0
47776.0 78956.0

17345.0 83861.0
17516.0 83610.0
18092.0 82027.0
18596.0 80959.0
21266.0 80871.0
21342.0 80588.0
21708.0 80374.0
24731.0 80250.0
25437.0 80170.0
27766.0 80057.0
27894.0 79973.0
28763.0 79846.0
32013.0 79547.0
32934.0 79409.0
35187.0 79182.0
40355.0 79038.0
43605.0 79004.0
47776.0 78956.0

17345.0 83861.0
17516.0 83610.0
18092.0 82027.0
18596.0 80959.0
21266.0 80871.0
21342.0 80588.0
21708.0 80374.0
24731.0 80250.0
25437.0 80170.0
27766.0 80057.0
27894.0 79973.0
28763.0 79846.0
32013.0 79547.0
32934.0 79409.0
35187.0 79182.0
40355.0 79038.0
43605.0 79004.0
47776.0 78956.0

17345.0 83861.0
17516.0 83610.0
18092.0 82027.0
18596.0 80959.0
21266.0 80871.0
21342.0 80588.0
21708.0 80374.0
24731.0 80250.0
25437.0 80170.0
27766.0 80057.0
27894.0 79973.0
28763.0 79846.0
32013.0 79547.0
32934.0 79409.0
35187.0 79182.0
40355.0 79038.0
43605.0 79004.0
47776.0 78956.0


