16816.0 85542.0
16990.0 84096.0
17516.0 83469.0
18016.0 83370.0
18092.0 81806.0
18545.0 81784.0
18596.0 81119.0
19912.0 81039.0
21266.0 81036.0
21342.0 80401.0
21657.0 80336.0
21708.0 80124.0
24516.0 80121.0
24592.0 79849.0
24750.0 79848.0
27766.0 79828.0
27842.0 79778.0
27913.0 79762.0
28763.0 79406.0
32013.0 79250.0
32934.0 79247.0
36184.0 78870.0
39434.0 78811.0
46855.0 78744.0

16136.0 99789.0
16816.0 97208.0
16936.0 97038.0
16956.0 96948.0
16990.0 95680.0
17279.0 94087.0
17492.0 93726.0
17745.0 93409.0
17789.0 90048.0
17996.0 89441.0
18016.0 88269.0
18092.0 84879.0
18526.0 84467.0
18856.0 84390.0
18922.0 84214.0
19112.0 83478.0
19471.0 82945.0
21266.0 82308.0
21708.0 81575.0
24516.0 81494.0
24750.0 81147.0
24801.0 81101.0
25513.0 80573.0
28187.0 80522.0
28687.0 80346.0
28763.0 80308.0
31937.0 80062.0
36184.0 79773.0
39358.0 79426.0
40355.0 79180.0
46779.0 79016.0
63874.0 77944.0

20166.0 102085.0
21108.0 99640.0
21708.0 98596.0
22263.0 94382.0
23653.0 92462.0
27043.0 91938.0
28163.0 90112.0
29604.0 89973.0
30737.0 89555.0

18922.0 89566.0
20066.0 88794.0
20766.0 88716.0
27487.0 88528.0

18092.0 82910.0
18596.0 81071.0
19912.0 81023.0
21266.0 81020.0
21342.0 80345.0
21708.0 80104.0
24592.0 79896.0
25513.0 79717.0
27894.0 79620.0
28763.0 79435.0
31937.0 79434.0
32013.0 79291.0
32934.0 79157.0
36184.0 78811.0
43605.0 78578.0

18016.0 98346.0
18092.0 81925.0
18596.0 81205.0
19912.0 80929.0
21342.0 80609.0
21708.0 80369.0
24592.0 80033.0
24820.0 79982.0
25513.0 79892.0
28763.0 79572.0
36184.0 79106.0
43605.0 78995.0

18016.0 98346.0
18092.0 81925.0
18596.0 81205.0
19912.0 80929.0
21342.0 80609.0
21708.0 80369.0
24592.0 80033.0
24820.0 79982.0
25513.0 79892.0
28763.0 79572.0
36184.0 79106.0
43605.0 78995.0

18016.0 98346.0
18092.0 81925.0
18596.0 81205.0
19912.0 80929.0
21342.0 80609.0
21708.0 80369.0
24592.0 80033.0
24820.0 79982.0
25513.0 79892.0
28763.0 79572.0
36184.0 79106.0
43605.0 78995.0

18016.0 98346.0
18092.0 81925.0
18596.0 81205.0
19912.0 80929.0
21342.0 80609.0
21708.0 80369.0
24592.0 80033.0
24820.0 79982.0
25513.0 79892.0
28763.0 79572.0
36184.0 79106.0
43605.0 78995.0

18016.0 98346.0
18092.0 81925.0
18596.0 81205.0
19912.0 80929.0
21342.0 80609.0
21708.0 80369.0
24592.0 80033.0
24820.0 79982.0
25513.0 79892.0
28763.0 79572.0
36184.0 79106.0
43605.0 78995.0

18016.0 98346.0
18092.0 81925.0
18596.0 81205.0
19912.0 80929.0
21342.0 80609.0
21708.0 80369.0
24592.0 80033.0
24820.0 79982.0
25513.0 79892.0
28763.0 79572.0
36184.0 79106.0
43605.0 78995.0

18016.0 98346.0
18092.0 81925.0
18596.0 81205.0
19912.0 80929.0
21342.0 80609.0
21708.0 80369.0
24592.0 80033.0
24820.0 79982.0
25513.0 79892.0
28763.0 79572.0
36184.0 79106.0
43605.0 78995.0

18016.0 98346.0
18092.0 81925.0
18596.0 81205.0
19912.0 80929.0
21342.0 80609.0
21708.0 80369.0
24592.0 80033.0
24820.0 79982.0
25513.0 79892.0
28763.0 79572.0
36184.0 79106.0
43605.0 78995.0

18016.0 98346.0
18092.0 81925.0
18596.0 81205.0
19912.0 80929.0
21342.0 80609.0
21708.0 80369.0
24592.0 80033.0
24820.0 79982.0
25513.0 79892.0
28763.0 79572.0
36184.0 79106.0
43605.0 78995.0

18016.0 98346.0
18092.0 81925.0
18596.0 81205.0
19912.0 80929.0
21342.0 80609.0
21708.0 80369.0
24592.0 80033.0
24820.0 79982.0
25513.0 79892.0
28763.0 79572.0
36184.0 79106.0
43605.0 78995.0


