18092.0 81510.0
18545.0 81455.0
18596.0 81149.0
19912.0 81125.0
21266.0 81110.0
21342.0 80416.0
21708.0 80326.0
24592.0 80032.0
24820.0 79814.0
27766.0 79811.0
27842.0 79778.0
27913.0 79765.0
28763.0 79368.0
31937.0 79326.0
32013.0 79275.0
35263.0 79156.0
36184.0 78971.0
39434.0 78711.0
46855.0 78460.0

16256.0 110725.0
16290.0 98528.0
16871.0 96610.0
17396.0 94821.0
17431.0 93201.0
17745.0 86626.0
18016.0 85911.0
18056.0 85768.0
18092.0 85193.0
18545.0 84482.0
18596.0 82259.0
21342.0 81910.0
21657.0 81888.0
22263.0 81462.0
24440.0 81456.0
24592.0 81160.0
25513.0 80661.0
27843.0 80614.0
27894.0 80187.0
28687.0 80042.0
28763.0 79684.0
36184.0 79517.0
43605.0 79345.0
47776.0 78827.0
63874.0 77944.0

18148.0 94158.0
23550.0 91255.0
39653.0 91048.0
41965.0 90587.0

18148.0 94158.0
21708.0 91443.0
23550.0 91255.0
24820.0 90277.0
34118.0 89824.0
36611.0 88818.0

17492.0 84321.0
17745.0 84047.0
18016.0 83928.0
18092.0 81512.0
18596.0 80932.0
19912.0 80884.0
21266.0 80881.0
21342.0 80316.0
21708.0 80015.0
24516.0 80012.0
24592.0 79920.0
24820.0 79869.0
27766.0 79866.0
27842.0 79810.0
27913.0 79809.0
28763.0 79434.0
32013.0 79297.0
35187.0 79263.0
35263.0 79225.0
36184.0 78961.0

17171.0 84331.0
17345.0 82465.0
17745.0 82140.0
18092.0 81558.0
18545.0 81541.0
18596.0 80899.0
19946.0 80860.0
21266.0 80833.0
21342.0 80641.0
21689.0 80640.0
21708.0 80400.0
23950.0 80361.0
24592.0 80349.0
24750.0 80137.0
25513.0 79840.0
28763.0 79648.0
32934.0 79569.0
39434.0 79435.0
46855.0 79392.0

17171.0 84331.0
17345.0 82465.0
17745.0 82140.0
18092.0 81558.0
18545.0 81541.0
18596.0 80899.0
19946.0 80860.0
21266.0 80833.0
21342.0 80641.0
21689.0 80640.0
21708.0 80400.0
23950.0 80361.0
24592.0 80349.0
24750.0 80137.0
25513.0 79840.0
28763.0 79648.0
32934.0 79569.0
39434.0 79435.0
46855.0 79392.0

17171.0 84331.0
17345.0 82465.0
17745.0 82140.0
18092.0 81558.0
18545.0 81541.0
18596.0 80899.0
19946.0 80860.0
21266.0 80833.0
21342.0 80641.0
21689.0 80640.0
21708.0 80400.0
23950.0 80361.0
24592.0 80349.0
24750.0 80137.0
25513.0 79840.0
28763.0 79648.0
32934.0 79569.0
39434.0 79435.0
46855.0 79392.0

17171.0 84331.0
17345.0 82465.0
17745.0 82140.0
18092.0 81558.0
18545.0 81541.0
18596.0 80899.0
19946.0 80860.0
21266.0 80833.0
21342.0 80641.0
21689.0 80640.0
21708.0 80400.0
23950.0 80361.0
24592.0 80349.0
24750.0 80137.0
25513.0 79840.0
28763.0 79648.0
32934.0 79569.0
39434.0 79435.0
46855.0 79392.0

17171.0 84331.0
17345.0 82465.0
17745.0 82140.0
18092.0 81558.0
18545.0 81541.0
18596.0 80899.0
19946.0 80860.0
21266.0 80833.0
21342.0 80641.0
21689.0 80640.0
21708.0 80400.0
23950.0 80361.0
24592.0 80349.0
24750.0 80137.0
25513.0 79840.0
28763.0 79648.0
32934.0 79569.0
39434.0 79435.0
46855.0 79392.0

17171.0 84331.0
17345.0 82465.0
17745.0 82140.0
18092.0 81558.0
18545.0 81541.0
18596.0 80899.0
19946.0 80860.0
21266.0 80833.0
21342.0 80641.0
21689.0 80640.0
21708.0 80400.0
23950.0 80361.0
24592.0 80349.0
24750.0 80137.0
25513.0 79840.0
28763.0 79648.0
32934.0 79569.0
39434.0 79435.0
46855.0 79392.0

17171.0 84331.0
17345.0 82465.0
17745.0 82140.0
18092.0 81558.0
18545.0 81541.0
18596.0 80899.0
19946.0 80860.0
21266.0 80833.0
21342.0 80641.0
21689.0 80640.0
21708.0 80400.0
23950.0 80361.0
24592.0 80349.0
24750.0 80137.0
25513.0 79840.0
28763.0 79648.0
32934.0 79569.0
39434.0 79435.0
46855.0 79392.0

17171.0 84331.0
17345.0 82465.0
17745.0 82140.0
18092.0 81558.0
18545.0 81541.0
18596.0 80899.0
19946.0 80860.0
21266.0 80833.0
21342.0 80641.0
21689.0 80640.0
21708.0 80400.0
23950.0 80361.0
24592.0 80349.0
24750.0 80137.0
25513.0 79840.0
28763.0 79648.0
32934.0 79569.0
39434.0 79435.0
46855.0 79392.0

17171.0 84331.0
17345.0 82465.0
17745.0 82140.0
18092.0 81558.0
18545.0 81541.0
18596.0 80899.0
19946.0 80860.0
21266.0 80833.0
21342.0 80641.0
21689.0 80640.0
21708.0 80400.0
23950.0 80361.0
24592.0 80349.0
24750.0 80137.0
25513.0 79840.0
28763.0 79648.0
32934.0 79569.0
39434.0 79435.0
46855.0 79392.0

17171.0 84331.0
17345.0 82465.0
17745.0 82140.0
18092.0 81558.0
18545.0 81541.0
18596.0 80899.0
19946.0 80860.0
21266.0 80833.0
21342.0 80641.0
21689.0 80640.0
21708.0 80400.0
23950.0 80361.0
24592.0 80349.0
24750.0 80137.0
25513.0 79840.0
28763.0 79648.0
32934.0 79569.0
39434.0 79435.0
46855.0 79392.0


