16816.0 87404.0
16956.0 86340.0
16990.0 83316.0
17516.0 82689.0
18016.0 82626.0
18092.0 81148.0
18596.0 80690.0
19912.0 80626.0
21342.0 80318.0
21708.0 80017.0
24516.0 80014.0
24592.0 79830.0
24820.0 79780.0
27766.0 79777.0
27842.0 79744.0
27913.0 79693.0
28763.0 79329.0
32013.0 79144.0
35263.0 79109.0
36184.0 79084.0
39434.0 78940.0

16023.0 104348.0
16156.0 103659.0
16515.0 94114.0
16870.0 91752.0
17492.0 91195.0
17516.0 88344.0
18056.0 86763.0
18092.0 83683.0
18596.0 83007.0
19912.0 82986.0
19946.0 82928.0
21342.0 82190.0
21689.0 82181.0
21708.0 82079.0
22263.0 81718.0
23950.0 81547.0
24592.0 81389.0
25513.0 80785.0
27843.0 80613.0
27913.0 80555.0
28763.0 80532.0
29684.0 80305.0
32013.0 80077.0
32934.0 79821.0
36184.0 79766.0
37105.0 79715.0
39358.0 79475.0
56453.0 78518.0
63874.0 77944.0

18122.0 104325.0
18596.0 95077.0
21108.0 94168.0
22020.0 89025.0
28687.0 88946.0

18122.0 104325.0
18596.0 95077.0
21108.0 94168.0
22020.0 89025.0
22950.0 88506.0
28687.0 87917.0
28763.0 87664.0
29684.0 83225.0
29916.0 83025.0
31025.0 82554.0

16990.0 83813.0
17516.0 83191.0
17745.0 82947.0
18016.0 82877.0
18092.0 81747.0
18526.0 81649.0
18596.0 81294.0
19912.0 81267.0
19946.0 81246.0
21266.0 81245.0
21342.0 80518.0
21708.0 80262.0
24516.0 80259.0
24592.0 80099.0
24820.0 79962.0
25513.0 79562.0
27894.0 79561.0
28687.0 79559.0
28763.0 79377.0
32013.0 79340.0
32934.0 79095.0
36184.0 78892.0
39434.0 78766.0
43605.0 78583.0
46855.0 78497.0

17095.0 92207.0
17492.0 84262.0
17516.0 83994.0
17745.0 83306.0
18092.0 81522.0
18545.0 81424.0
18596.0 81106.0
19912.0 81042.0
21266.0 81041.0
21342.0 80290.0
21708.0 80225.0
24801.0 80078.0
25513.0 79930.0
28763.0 79489.0
36184.0 79439.0

17095.0 92207.0
17492.0 84262.0
17516.0 83994.0
17745.0 83306.0
18092.0 81522.0
18545.0 81424.0
18596.0 81106.0
19912.0 81042.0
21266.0 81041.0
21342.0 80290.0
21708.0 80225.0
24801.0 80078.0
25513.0 79930.0
28763.0 79489.0
36184.0 79439.0

17095.0 92207.0
17492.0 84262.0
17516.0 83994.0
17745.0 83306.0
18092.0 81522.0
18545.0 81424.0
18596.0 81106.0
19912.0 81042.0
21266.0 81041.0
21342.0 80290.0
21708.0 80225.0
24801.0 80078.0
25513.0 79930.0
28763.0 79489.0
36184.0 79439.0

17095.0 92207.0
17492.0 84262.0
17516.0 83994.0
17745.0 83306.0
18092.0 81522.0
18545.0 81424.0
18596.0 81106.0
19912.0 81042.0
21266.0 81041.0
21342.0 80290.0
21708.0 80225.0
24801.0 80078.0
25513.0 79930.0
28763.0 79489.0
36184.0 79439.0

17095.0 92207.0
17492.0 84262.0
17516.0 83994.0
17745.0 83306.0
18092.0 81522.0
18545.0 81424.0
18596.0 81106.0
19912.0 81042.0
21266.0 81041.0
21342.0 80290.0
21708.0 80225.0
24801.0 80078.0
25513.0 79930.0
28763.0 79489.0
36184.0 79439.0

17095.0 92207.0
17492.0 84262.0
17516.0 83994.0
17745.0 83306.0
18092.0 81522.0
18545.0 81424.0
18596.0 81106.0
19912.0 81042.0
21266.0 81041.0
21342.0 80290.0
21708.0 80225.0
24801.0 80078.0
25513.0 79930.0
28763.0 79489.0
36184.0 79439.0

17095.0 92207.0
17492.0 84262.0
17516.0 83994.0
17745.0 83306.0
18092.0 81522.0
18545.0 81424.0
18596.0 81106.0
19912.0 81042.0
21266.0 81041.0
21342.0 80290.0
21708.0 80225.0
24801.0 80078.0
25513.0 79930.0
28763.0 79489.0
36184.0 79439.0

17095.0 92207.0
17492.0 84262.0
17516.0 83994.0
17745.0 83306.0
18092.0 81522.0
18545.0 81424.0
18596.0 81106.0
19912.0 81042.0
21266.0 81041.0
21342.0 80290.0
21708.0 80225.0
24801.0 80078.0
25513.0 79930.0
28763.0 79489.0
36184.0 79439.0

17095.0 92207.0
17492.0 84262.0
17516.0 83994.0
17745.0 83306.0
18092.0 81522.0
18545.0 81424.0
18596.0 81106.0
19912.0 81042.0
21266.0 81041.0
21342.0 80290.0
21708.0 80225.0
24801.0 80078.0
25513.0 79930.0
28763.0 79489.0
36184.0 79439.0

17095.0 92207.0
17492.0 84262.0
17516.0 83994.0
17745.0 83306.0
18092.0 81522.0
18545.0 81424.0
18596.0 81106.0
19912.0 81042.0
21266.0 81041.0
21342.0 80290.0
21708.0 80225.0
24801.0 80078.0
25513.0 79930.0
28763.0 79489.0
36184.0 79439.0


