17996.0 88140.0
18092.0 81505.0
18545.0 81281.0
18596.0 80690.0
19912.0 80626.0
21266.0 80623.0
21342.0 80317.0
21708.0 80017.0
24516.0 80014.0
24592.0 79831.0
24820.0 79780.0
25513.0 79733.0
27913.0 79729.0
28763.0 79467.0
32013.0 79163.0
35263.0 79150.0
36184.0 78930.0
39358.0 78903.0
39434.0 78671.0
42684.0 78665.0
46855.0 78589.0

16136.0 104256.0
16290.0 103843.0
16515.0 102801.0
16566.0 100690.0
16571.0 99098.0
16990.0 97054.0
17145.0 93282.0
17279.0 86619.0
18016.0 85543.0
18092.0 83264.0
19247.0 83263.0
19912.0 82687.0
20857.0 82298.0
21638.0 82249.0
21708.0 81632.0
22263.0 81474.0
24592.0 81404.0
24820.0 81330.0
25513.0 80954.0
28687.0 80893.0
28763.0 80626.0
29684.0 80596.0
32013.0 80299.0
32934.0 80051.0
40355.0 79880.0
43605.0 79122.0
46779.0 79055.0
63874.0 77944.0

18615.0 101787.0
20178.0 97623.0
20955.0 96469.0
23653.0 95795.0
24310.0 93851.0
24750.0 87383.0
43529.0 84074.0

18122.0 99065.0
19471.0 93719.0
20742.0 91889.0
22263.0 89981.0
24750.0 87383.0
43529.0 82841.0

16816.0 85638.0
16956.0 85287.0
17095.0 84793.0
17345.0 84749.0
17431.0 84239.0
17516.0 84007.0
18016.0 83944.0
18092.0 81218.0
18545.0 81098.0
18596.0 81031.0
21266.0 80964.0
21342.0 80251.0
21708.0 79950.0
24516.0 79947.0
24592.0 79831.0
24820.0 79730.0
25513.0 79623.0
27843.0 79594.0
28763.0 79331.0
32013.0 79146.0
35187.0 79143.0
35263.0 79110.0
36184.0 78963.0
39434.0 78666.0

16571.0 89678.0
17492.0 85638.0
18092.0 82299.0
18447.0 82121.0
18545.0 81503.0
18596.0 81085.0
18615.0 80972.0
19912.0 80932.0
20345.0 80929.0
20421.0 80896.0
21342.0 80632.0
21708.0 80362.0
24592.0 80100.0
24801.0 80093.0
24820.0 79888.0
28763.0 79375.0
36184.0 79206.0
43605.0 79095.0

16571.0 89678.0
17492.0 85638.0
18092.0 82299.0
18447.0 82121.0
18545.0 81503.0
18596.0 81085.0
18615.0 80972.0
19912.0 80932.0
20345.0 80929.0
20421.0 80896.0
21342.0 80632.0
21708.0 80362.0
24592.0 80100.0
24801.0 80093.0
24820.0 79888.0
28763.0 79375.0
36184.0 79206.0
43605.0 79095.0

16571.0 89678.0
17492.0 85638.0
18092.0 82299.0
18447.0 82121.0
18545.0 81503.0
18596.0 81085.0
18615.0 80972.0
19912.0 80932.0
20345.0 80929.0
20421.0 80896.0
21342.0 80632.0
21708.0 80362.0
24592.0 80100.0
24801.0 80093.0
24820.0 79888.0
28763.0 79375.0
36184.0 79206.0
43605.0 79095.0

16571.0 89678.0
17492.0 85638.0
18092.0 82299.0
18447.0 82121.0
18545.0 81503.0
18596.0 81085.0
18615.0 80972.0
19912.0 80932.0
20345.0 80929.0
20421.0 80896.0
21342.0 80632.0
21708.0 80362.0
24592.0 80100.0
24801.0 80093.0
24820.0 79888.0
28763.0 79375.0
36184.0 79206.0
43605.0 79095.0

16571.0 89678.0
17492.0 85638.0
18092.0 82299.0
18447.0 82121.0
18545.0 81503.0
18596.0 81085.0
18615.0 80972.0
19912.0 80932.0
20345.0 80929.0
20421.0 80896.0
21342.0 80632.0
21708.0 80362.0
24592.0 80100.0
24801.0 80093.0
24820.0 79888.0
28763.0 79375.0
36184.0 79206.0
43605.0 79095.0

16571.0 89678.0
17492.0 85638.0
18092.0 82299.0
18447.0 82121.0
18545.0 81503.0
18596.0 81085.0
18615.0 80972.0
19912.0 80932.0
20345.0 80929.0
20421.0 80896.0
21342.0 80632.0
21708.0 80362.0
24592.0 80100.0
24801.0 80093.0
24820.0 79888.0
28763.0 79375.0
36184.0 79206.0
43605.0 79095.0

16571.0 89678.0
17492.0 85638.0
18092.0 82299.0
18447.0 82121.0
18545.0 81503.0
18596.0 81085.0
18615.0 80972.0
19912.0 80932.0
20345.0 80929.0
20421.0 80896.0
21342.0 80632.0
21708.0 80362.0
24592.0 80100.0
24801.0 80093.0
24820.0 79888.0
28763.0 79375.0
36184.0 79206.0
43605.0 79095.0

16571.0 89678.0
17492.0 85638.0
18092.0 82299.0
18447.0 82121.0
18545.0 81503.0
18596.0 81085.0
18615.0 80972.0
19912.0 80932.0
20345.0 80929.0
20421.0 80896.0
21342.0 80632.0
21708.0 80362.0
24592.0 80100.0
24801.0 80093.0
24820.0 79888.0
28763.0 79375.0
36184.0 79206.0
43605.0 79095.0

16571.0 89678.0
17492.0 85638.0
18092.0 82299.0
18447.0 82121.0
18545.0 81503.0
18596.0 81085.0
18615.0 80972.0
19912.0 80932.0
20345.0 80929.0
20421.0 80896.0
21342.0 80632.0
21708.0 80362.0
24592.0 80100.0
24801.0 80093.0
24820.0 79888.0
28763.0 79375.0
36184.0 79206.0
43605.0 79095.0

16571.0 89678.0
17492.0 85638.0
18092.0 82299.0
18447.0 82121.0
18545.0 81503.0
18596.0 81085.0
18615.0 80972.0
19912.0 80932.0
20345.0 80929.0
20421.0 80896.0
21342.0 80632.0
21708.0 80362.0
24592.0 80100.0
24801.0 80093.0
24820.0 79888.0
28763.0 79375.0
36184.0 79206.0
43605.0 79095.0


