16990.0 86713.0
17171.0 83909.0
17516.0 83321.0
18016.0 83141.0
18092.0 81533.0
18596.0 80734.0
19912.0 80686.0
21266.0 80683.0
21342.0 80316.0
21708.0 80015.0
24516.0 80012.0
24592.0 79954.0
24820.0 79904.0
25513.0 79762.0
27766.0 79761.0
27842.0 79652.0
28763.0 79404.0
31937.0 79305.0
32013.0 79257.0
32934.0 79186.0
36108.0 79172.0
36184.0 78848.0
39434.0 78708.0
42608.0 78707.0
43605.0 78520.0

16290.0 104759.0
16515.0 96529.0
16571.0 89944.0
17945.0 89668.0
18016.0 86976.0
18092.0 85144.0
18545.0 85038.0
18596.0 84129.0
18856.0 83096.0
19946.0 83018.0
20690.0 82789.0
21342.0 82030.0
21689.0 81387.0
21708.0 81315.0
24592.0 81288.0
24801.0 81120.0
24820.0 81114.0
25437.0 81080.0
25513.0 80795.0
28763.0 80216.0
31937.0 80200.0
32013.0 79914.0
36184.0 79603.0
43605.0 79584.0
56453.0 78423.0
63874.0 77944.0

20142.0 91688.0
24201.0 90232.0

18615.0 89290.0
21402.0 88932.0
21708.0 87890.0
23416.0 87380.0
27563.0 86523.0

16990.0 84645.0
17171.0 83597.0
17345.0 82820.0
17516.0 82406.0
18016.0 82307.0
18092.0 81484.0
18596.0 80750.0
19912.0 80686.0
21266.0 80685.0
21342.0 80471.0
21689.0 80403.0
21708.0 80017.0
24516.0 80014.0
24592.0 79891.0
25513.0 79562.0
28687.0 79561.0
28763.0 79390.0
32934.0 79094.0
36184.0 78978.0
40355.0 78709.0
43605.0 78604.0
47776.0 78581.0
51026.0 78522.0
54276.0 78486.0

18092.0 81636.0
18545.0 81574.0
18596.0 80768.0
19912.0 80704.0
21266.0 80703.0
21342.0 80540.0
21708.0 80145.0
24592.0 80110.0
24750.0 80106.0
25513.0 79806.0
28763.0 79680.0
32013.0 79666.0
32934.0 79583.0
36108.0 79559.0

18092.0 81636.0
18545.0 81574.0
18596.0 80768.0
19912.0 80704.0
21266.0 80703.0
21342.0 80540.0
21708.0 80145.0
24592.0 80110.0
24750.0 80106.0
25513.0 79806.0
28763.0 79680.0
32013.0 79666.0
32934.0 79583.0
36108.0 79559.0

18092.0 81636.0
18545.0 81574.0
18596.0 80768.0
19912.0 80704.0
21266.0 80703.0
21342.0 80540.0
21708.0 80145.0
24592.0 80110.0
24750.0 80106.0
25513.0 79806.0
28763.0 79680.0
32013.0 79666.0
32934.0 79583.0
36108.0 79559.0

18092.0 81636.0
18545.0 81574.0
18596.0 80768.0
19912.0 80704.0
21266.0 80703.0
21342.0 80540.0
21708.0 80145.0
24592.0 80110.0
24750.0 80106.0
25513.0 79806.0
28763.0 79680.0
32013.0 79666.0
32934.0 79583.0
36108.0 79559.0

18092.0 81636.0
18545.0 81574.0
18596.0 80768.0
19912.0 80704.0
21266.0 80703.0
21342.0 80540.0
21708.0 80145.0
24592.0 80110.0
24750.0 80106.0
25513.0 79806.0
28763.0 79680.0
32013.0 79666.0
32934.0 79583.0
36108.0 79559.0

18092.0 81636.0
18545.0 81574.0
18596.0 80768.0
19912.0 80704.0
21266.0 80703.0
21342.0 80540.0
21708.0 80145.0
24592.0 80110.0
24750.0 80106.0
25513.0 79806.0
28763.0 79680.0
32013.0 79666.0
32934.0 79583.0
36108.0 79559.0

18092.0 81636.0
18545.0 81574.0
18596.0 80768.0
19912.0 80704.0
21266.0 80703.0
21342.0 80540.0
21708.0 80145.0
24592.0 80110.0
24750.0 80106.0
25513.0 79806.0
28763.0 79680.0
32013.0 79666.0
32934.0 79583.0
36108.0 79559.0

18092.0 81636.0
18545.0 81574.0
18596.0 80768.0
19912.0 80704.0
21266.0 80703.0
21342.0 80540.0
21708.0 80145.0
24592.0 80110.0
24750.0 80106.0
25513.0 79806.0
28763.0 79680.0
32013.0 79666.0
32934.0 79583.0
36108.0 79559.0

18092.0 81636.0
18545.0 81574.0
18596.0 80768.0
19912.0 80704.0
21266.0 80703.0
21342.0 80540.0
21708.0 80145.0
24592.0 80110.0
24750.0 80106.0
25513.0 79806.0
28763.0 79680.0
32013.0 79666.0
32934.0 79583.0
36108.0 79559.0

18092.0 81636.0
18545.0 81574.0
18596.0 80768.0
19912.0 80704.0
21266.0 80703.0
21342.0 80540.0
21708.0 80145.0
24592.0 80110.0
24750.0 80106.0
25513.0 79806.0
28763.0 79680.0
32013.0 79666.0
32934.0 79583.0
36108.0 79559.0


