17996.0 85972.0
18092.0 81402.0
18545.0 81292.0
18596.0 81083.0
19912.0 81019.0
21266.0 81016.0
21342.0 80799.0
21708.0 80570.0
22263.0 80290.0
24516.0 80287.0
24592.0 80142.0
24782.0 80053.0
24801.0 80015.0
25513.0 79785.0
27894.0 79734.0
27913.0 79683.0
28763.0 79329.0
32013.0 79282.0
32934.0 79209.0
36184.0 78886.0
39358.0 78883.0
42684.0 78738.0
43605.0 78682.0
46855.0 78629.0
47776.0 78537.0
51026.0 78485.0
53279.0 78362.0

16290.0 103162.0
16515.0 100571.0
16745.0 97745.0
16847.0 97078.0
17345.0 96346.0
17670.0 89037.0
17713.0 88070.0
18092.0 86020.0
18447.0 84210.0
18615.0 83535.0
18922.0 82737.0
21266.0 82670.0
21342.0 82066.0
21708.0 82033.0
22102.0 82020.0
22263.0 81681.0
24516.0 81373.0
24801.0 81089.0
25513.0 80880.0
27266.0 80832.0
27690.0 80739.0
28187.0 80395.0
28763.0 80068.0
32013.0 80000.0
35263.0 79933.0
36184.0 79818.0
40355.0 79539.0
47776.0 79439.0
56453.0 79174.0
63874.0 77944.0

18016.0 104551.0
18092.0 98094.0
20178.0 97912.0
20387.0 95182.0
22263.0 91193.0
24976.0 90767.0
29755.0 87686.0
45858.0 87636.0

18016.0 104551.0
18092.0 98094.0
20178.0 97912.0
20387.0 95182.0
22263.0 91193.0
24976.0 90767.0
25890.0 87697.0
29755.0 87686.0
37237.0 87372.0

17492.0 89587.0
18092.0 82162.0
18545.0 81870.0
18596.0 81706.0
18615.0 80890.0
19912.0 80850.0
20387.0 80810.0
21266.0 80807.0
21342.0 80328.0
21708.0 80028.0
24516.0 80025.0
24592.0 79933.0
24820.0 79882.0
25513.0 79701.0
27766.0 79700.0
27842.0 79665.0
28763.0 79408.0
32013.0 79314.0
32934.0 79155.0
35263.0 79144.0
36184.0 78864.0
39434.0 78808.0
40355.0 78685.0
43605.0 78626.0

17345.0 91328.0
17492.0 84844.0
17996.0 84325.0
18016.0 84322.0
18092.0 81964.0
18596.0 81380.0
18615.0 81330.0
19912.0 81306.0
20345.0 81305.0
20421.0 81182.0
21342.0 80764.0
21708.0 80735.0
24516.0 80732.0
24592.0 80391.0
24801.0 80263.0
25513.0 80164.0
27766.0 80156.0
28763.0 79963.0
35187.0 79910.0
36184.0 79804.0

17345.0 91328.0
17492.0 84844.0
17996.0 84325.0
18016.0 84322.0
18092.0 81964.0
18596.0 81380.0
18615.0 81330.0
19912.0 81306.0
20345.0 81305.0
20421.0 81182.0
21342.0 80764.0
21708.0 80735.0
24516.0 80732.0
24592.0 80391.0
24801.0 80263.0
25513.0 80164.0
27766.0 80156.0
28763.0 79963.0
35187.0 79910.0
36184.0 79804.0

17345.0 91328.0
17492.0 84844.0
17996.0 84325.0
18016.0 84322.0
18092.0 81964.0
18596.0 81380.0
18615.0 81330.0
19912.0 81306.0
20345.0 81305.0
20421.0 81182.0
21342.0 80764.0
21708.0 80735.0
24516.0 80732.0
24592.0 80391.0
24801.0 80263.0
25513.0 80164.0
27766.0 80156.0
28763.0 79963.0
35187.0 79910.0
36184.0 79804.0

17345.0 91328.0
17492.0 84844.0
17996.0 84325.0
18016.0 84322.0
18092.0 81964.0
18596.0 81380.0
18615.0 81330.0
19912.0 81306.0
20345.0 81305.0
20421.0 81182.0
21342.0 80764.0
21708.0 80735.0
24516.0 80732.0
24592.0 80391.0
24801.0 80263.0
25513.0 80164.0
27766.0 80156.0
28763.0 79963.0
35187.0 79910.0
36184.0 79804.0

17345.0 91328.0
17492.0 84844.0
17996.0 84325.0
18016.0 84322.0
18092.0 81964.0
18596.0 81380.0
18615.0 81330.0
19912.0 81306.0
20345.0 81305.0
20421.0 81182.0
21342.0 80764.0
21708.0 80735.0
24516.0 80732.0
24592.0 80391.0
24801.0 80263.0
25513.0 80164.0
27766.0 80156.0
28763.0 79963.0
35187.0 79910.0
36184.0 79804.0

17345.0 91328.0
17492.0 84844.0
17996.0 84325.0
18016.0 84322.0
18092.0 81964.0
18596.0 81380.0
18615.0 81330.0
19912.0 81306.0
20345.0 81305.0
20421.0 81182.0
21342.0 80764.0
21708.0 80735.0
24516.0 80732.0
24592.0 80391.0
24801.0 80263.0
25513.0 80164.0
27766.0 80156.0
28763.0 79963.0
35187.0 79910.0
36184.0 79804.0

17345.0 91328.0
17492.0 84844.0
17996.0 84325.0
18016.0 84322.0
18092.0 81964.0
18596.0 81380.0
18615.0 81330.0
19912.0 81306.0
20345.0 81305.0
20421.0 81182.0
21342.0 80764.0
21708.0 80735.0
24516.0 80732.0
24592.0 80391.0
24801.0 80263.0
25513.0 80164.0
27766.0 80156.0
28763.0 79963.0
35187.0 79910.0
36184.0 79804.0

17345.0 91328.0
17492.0 84844.0
17996.0 84325.0
18016.0 84322.0
18092.0 81964.0
18596.0 81380.0
18615.0 81330.0
19912.0 81306.0
20345.0 81305.0
20421.0 81182.0
21342.0 80764.0
21708.0 80735.0
24516.0 80732.0
24592.0 80391.0
24801.0 80263.0
25513.0 80164.0
27766.0 80156.0
28763.0 79963.0
35187.0 79910.0
36184.0 79804.0

17345.0 91328.0
17492.0 84844.0
17996.0 84325.0
18016.0 84322.0
18092.0 81964.0
18596.0 81380.0
18615.0 81330.0
19912.0 81306.0
20345.0 81305.0
20421.0 81182.0
21342.0 80764.0
21708.0 80735.0
24516.0 80732.0
24592.0 80391.0
24801.0 80263.0
25513.0 80164.0
27766.0 80156.0
28763.0 79963.0
35187.0 79910.0
36184.0 79804.0

17345.0 91328.0
17492.0 84844.0
17996.0 84325.0
18016.0 84322.0
18092.0 81964.0
18596.0 81380.0
18615.0 81330.0
19912.0 81306.0
20345.0 81305.0
20421.0 81182.0
21342.0 80764.0
21708.0 80735.0
24516.0 80732.0
24592.0 80391.0
24801.0 80263.0
25513.0 80164.0
27766.0 80156.0
28763.0 79963.0
35187.0 79910.0
36184.0 79804.0


