18016.0 83714.0
18092.0 81438.0
18545.0 81154.0
18596.0 81013.0
19112.0 80898.0
19912.0 80787.0
19946.0 80763.0
21266.0 80742.0
21342.0 80250.0
21708.0 80038.0
24516.0 80035.0
24592.0 79890.0
25513.0 79623.0
27913.0 79622.0
28763.0 79263.0
31937.0 79262.0
32013.0 79201.0
32934.0 79144.0
36184.0 78808.0
39434.0 78726.0
46779.0 78664.0

16023.0 105483.0
16515.0 96250.0
16571.0 92911.0
17745.0 87437.0
17923.0 86078.0
18092.0 84709.0
18596.0 84707.0
18615.0 83649.0
19146.0 82831.0
19379.0 82826.0
19912.0 82522.0
21342.0 82227.0
21638.0 81809.0
21708.0 81649.0
23880.0 81629.0
23950.0 81152.0
27843.0 81148.0
28687.0 80615.0
28763.0 80244.0
31437.0 80051.0
36108.0 79751.0
36184.0 79687.0
38858.0 79672.0
43529.0 79329.0
44526.0 79109.0
56453.0 78501.0
60700.0 78066.0
63374.0 78064.0
63874.0 77944.0

18446.0 101159.0
18671.0 98519.0
21095.0 94634.0
22020.0 94458.0
24913.0 93743.0
25451.0 87479.0

18122.0 107240.0
18446.0 101159.0
18671.0 98519.0
18856.0 91588.0
21708.0 91070.0
24516.0 89028.0
25451.0 87479.0

17492.0 86510.0
17516.0 86278.0
18092.0 82507.0
18545.0 82485.0
18596.0 81946.0
18615.0 81013.0
19912.0 80874.0
20387.0 80820.0
21342.0 80280.0
21708.0 80232.0
24516.0 80231.0
24592.0 79854.0
24820.0 79804.0
27766.0 79801.0
27842.0 79796.0
27862.0 79752.0
27913.0 79736.0
28763.0 79461.0
32013.0 79168.0
35263.0 79110.0
36184.0 78987.0
39434.0 78703.0
42684.0 78676.0
46855.0 78382.0

17492.0 86599.0
17516.0 83413.0
17745.0 83364.0
17945.0 83302.0
18056.0 83027.0
18092.0 81864.0
18545.0 81767.0
18596.0 81340.0
18615.0 81328.0
19912.0 81131.0
20421.0 80909.0
21342.0 80559.0
21657.0 80520.0
21708.0 80466.0
24516.0 80465.0
24592.0 80308.0
24750.0 80246.0
28687.0 80236.0
28763.0 79922.0
32013.0 79796.0
32934.0 79780.0
36184.0 79629.0
39434.0 79468.0

17492.0 86599.0
17516.0 83413.0
17745.0 83364.0
17945.0 83302.0
18056.0 83027.0
18092.0 81864.0
18545.0 81767.0
18596.0 81340.0
18615.0 81328.0
19912.0 81131.0
20421.0 80909.0
21342.0 80559.0
21657.0 80520.0
21708.0 80466.0
24516.0 80465.0
24592.0 80308.0
24750.0 80246.0
28687.0 80236.0
28763.0 79922.0
32013.0 79796.0
32934.0 79780.0
36184.0 79629.0
39434.0 79468.0

17492.0 86599.0
17516.0 83413.0
17745.0 83364.0
17945.0 83302.0
18056.0 83027.0
18092.0 81864.0
18545.0 81767.0
18596.0 81340.0
18615.0 81328.0
19912.0 81131.0
20421.0 80909.0
21342.0 80559.0
21657.0 80520.0
21708.0 80466.0
24516.0 80465.0
24592.0 80308.0
24750.0 80246.0
28687.0 80236.0
28763.0 79922.0
32013.0 79796.0
32934.0 79780.0
36184.0 79629.0
39434.0 79468.0

17492.0 86599.0
17516.0 83413.0
17745.0 83364.0
17945.0 83302.0
18056.0 83027.0
18092.0 81864.0
18545.0 81767.0
18596.0 81340.0
18615.0 81328.0
19912.0 81131.0
20421.0 80909.0
21342.0 80559.0
21657.0 80520.0
21708.0 80466.0
24516.0 80465.0
24592.0 80308.0
24750.0 80246.0
28687.0 80236.0
28763.0 79922.0
32013.0 79796.0
32934.0 79780.0
36184.0 79629.0
39434.0 79468.0

17492.0 86599.0
17516.0 83413.0
17745.0 83364.0
17945.0 83302.0
18056.0 83027.0
18092.0 81864.0
18545.0 81767.0
18596.0 81340.0
18615.0 81328.0
19912.0 81131.0
20421.0 80909.0
21342.0 80559.0
21657.0 80520.0
21708.0 80466.0
24516.0 80465.0
24592.0 80308.0
24750.0 80246.0
28687.0 80236.0
28763.0 79922.0
32013.0 79796.0
32934.0 79780.0
36184.0 79629.0
39434.0 79468.0

17492.0 86599.0
17516.0 83413.0
17745.0 83364.0
17945.0 83302.0
18056.0 83027.0
18092.0 81864.0
18545.0 81767.0
18596.0 81340.0
18615.0 81328.0
19912.0 81131.0
20421.0 80909.0
21342.0 80559.0
21657.0 80520.0
21708.0 80466.0
24516.0 80465.0
24592.0 80308.0
24750.0 80246.0
28687.0 80236.0
28763.0 79922.0
32013.0 79796.0
32934.0 79780.0
36184.0 79629.0
39434.0 79468.0

17492.0 86599.0
17516.0 83413.0
17745.0 83364.0
17945.0 83302.0
18056.0 83027.0
18092.0 81864.0
18545.0 81767.0
18596.0 81340.0
18615.0 81328.0
19912.0 81131.0
20421.0 80909.0
21342.0 80559.0
21657.0 80520.0
21708.0 80466.0
24516.0 80465.0
24592.0 80308.0
24750.0 80246.0
28687.0 80236.0
28763.0 79922.0
32013.0 79796.0
32934.0 79780.0
36184.0 79629.0
39434.0 79468.0

17492.0 86599.0
17516.0 83413.0
17745.0 83364.0
17945.0 83302.0
18056.0 83027.0
18092.0 81864.0
18545.0 81767.0
18596.0 81340.0
18615.0 81328.0
19912.0 81131.0
20421.0 80909.0
21342.0 80559.0
21657.0 80520.0
21708.0 80466.0
24516.0 80465.0
24592.0 80308.0
24750.0 80246.0
28687.0 80236.0
28763.0 79922.0
32013.0 79796.0
32934.0 79780.0
36184.0 79629.0
39434.0 79468.0

17492.0 86599.0
17516.0 83413.0
17745.0 83364.0
17945.0 83302.0
18056.0 83027.0
18092.0 81864.0
18545.0 81767.0
18596.0 81340.0
18615.0 81328.0
19912.0 81131.0
20421.0 80909.0
21342.0 80559.0
21657.0 80520.0
21708.0 80466.0
24516.0 80465.0
24592.0 80308.0
24750.0 80246.0
28687.0 80236.0
28763.0 79922.0
32013.0 79796.0
32934.0 79780.0
36184.0 79629.0
39434.0 79468.0

17492.0 86599.0
17516.0 83413.0
17745.0 83364.0
17945.0 83302.0
18056.0 83027.0
18092.0 81864.0
18545.0 81767.0
18596.0 81340.0
18615.0 81328.0
19912.0 81131.0
20421.0 80909.0
21342.0 80559.0
21657.0 80520.0
21708.0 80466.0
24516.0 80465.0
24592.0 80308.0
24750.0 80246.0
28687.0 80236.0
28763.0 79922.0
32013.0 79796.0
32934.0 79780.0
36184.0 79629.0
39434.0 79468.0


