16990.0 83652.0
17516.0 83420.0
18016.0 83125.0
18092.0 81337.0
18596.0 81167.0
19112.0 81122.0
19912.0 81119.0
20387.0 80916.0
21342.0 80128.0
21708.0 79950.0
25513.0 79751.0
27842.0 79734.0
27913.0 79724.0
28687.0 79723.0
28763.0 79367.0
31937.0 79364.0
32013.0 79306.0
32934.0 79167.0
35187.0 79166.0
36184.0 78784.0
39358.0 78782.0
39434.0 78713.0
40355.0 78695.0
43605.0 78306.0
46779.0 78302.0
51026.0 78239.0

16256.0 101085.0
16495.0 100986.0
16515.0 97220.0
16675.0 96222.0
16816.0 94397.0
16875.0 94022.0
16990.0 89756.0
17095.0 89262.0
17996.0 87803.0
18016.0 87653.0
18092.0 84707.0
18615.0 84313.0
18671.0 84140.0
19112.0 83712.0
19146.0 83435.0
21266.0 83302.0
21342.0 81343.0
24592.0 81332.0
24801.0 81330.0
25513.0 81045.0
27842.0 81042.0
27843.0 80829.0
28763.0 80453.0
32013.0 80404.0
32934.0 80261.0
36184.0 80125.0
39358.0 80062.0
42684.0 80008.0
43605.0 79925.0
63874.0 77944.0

20666.0 101856.0
21021.0 100875.0
21266.0 99743.0
22140.0 95801.0
22880.0 93323.0
22950.0 92819.0
25513.0 91437.0
30813.0 91035.0

17516.0 101299.0
17945.0 101201.0
18045.0 101043.0
19505.0 97362.0
20766.0 90257.0
21638.0 87118.0
28187.0 86385.0

17279.0 90580.0
17345.0 83872.0
17516.0 82694.0
17745.0 82658.0
18016.0 82559.0
18092.0 81523.0
18596.0 80945.0
19912.0 80881.0
21266.0 80878.0
21342.0 80506.0
21708.0 80175.0
24516.0 80172.0
24592.0 79831.0
24820.0 79780.0
27766.0 79777.0
27842.0 79694.0
28763.0 79262.0
32013.0 79145.0
35187.0 79142.0
35263.0 79110.0
36184.0 78796.0
39358.0 78795.0
43605.0 78550.0
46855.0 78457.0

17996.0 86569.0
18092.0 82055.0
18596.0 80781.0
19912.0 80717.0
21266.0 80714.0
21342.0 80318.0
21657.0 80302.0
21708.0 80017.0
24516.0 80016.0
24592.0 80006.0
25513.0 79943.0
28763.0 79428.0
32013.0 79412.0
35263.0 79376.0
43605.0 79121.0

17996.0 86569.0
18092.0 82055.0
18596.0 80781.0
19912.0 80717.0
21266.0 80714.0
21342.0 80318.0
21657.0 80302.0
21708.0 80017.0
24516.0 80016.0
24592.0 80006.0
25513.0 79943.0
28763.0 79428.0
32013.0 79412.0
35263.0 79376.0
43605.0 79121.0

17996.0 86569.0
18092.0 82055.0
18596.0 80781.0
19912.0 80717.0
21266.0 80714.0
21342.0 80318.0
21657.0 80302.0
21708.0 80017.0
24516.0 80016.0
24592.0 80006.0
25513.0 79943.0
28763.0 79428.0
32013.0 79412.0
35263.0 79376.0
43605.0 79121.0

17996.0 86569.0
18092.0 82055.0
18596.0 80781.0
19912.0 80717.0
21266.0 80714.0
21342.0 80318.0
21657.0 80302.0
21708.0 80017.0
24516.0 80016.0
24592.0 80006.0
25513.0 79943.0
28763.0 79428.0
32013.0 79412.0
35263.0 79376.0
43605.0 79121.0

17996.0 86569.0
18092.0 82055.0
18596.0 80781.0
19912.0 80717.0
21266.0 80714.0
21342.0 80318.0
21657.0 80302.0
21708.0 80017.0
24516.0 80016.0
24592.0 80006.0
25513.0 79943.0
28763.0 79428.0
32013.0 79412.0
35263.0 79376.0
43605.0 79121.0

17996.0 86569.0
18092.0 82055.0
18596.0 80781.0
19912.0 80717.0
21266.0 80714.0
21342.0 80318.0
21657.0 80302.0
21708.0 80017.0
24516.0 80016.0
24592.0 80006.0
25513.0 79943.0
28763.0 79428.0
32013.0 79412.0
35263.0 79376.0
43605.0 79121.0

17996.0 86569.0
18092.0 82055.0
18596.0 80781.0
19912.0 80717.0
21266.0 80714.0
21342.0 80318.0
21657.0 80302.0
21708.0 80017.0
24516.0 80016.0
24592.0 80006.0
25513.0 79943.0
28763.0 79428.0
32013.0 79412.0
35263.0 79376.0
43605.0 79121.0

17996.0 86569.0
18092.0 82055.0
18596.0 80781.0
19912.0 80717.0
21266.0 80714.0
21342.0 80318.0
21657.0 80302.0
21708.0 80017.0
24516.0 80016.0
24592.0 80006.0
25513.0 79943.0
28763.0 79428.0
32013.0 79412.0
35263.0 79376.0
43605.0 79121.0

17996.0 86569.0
18092.0 82055.0
18596.0 80781.0
19912.0 80717.0
21266.0 80714.0
21342.0 80318.0
21657.0 80302.0
21708.0 80017.0
24516.0 80016.0
24592.0 80006.0
25513.0 79943.0
28763.0 79428.0
32013.0 79412.0
35263.0 79376.0
43605.0 79121.0

17996.0 86569.0
18092.0 82055.0
18596.0 80781.0
19912.0 80717.0
21266.0 80714.0
21342.0 80318.0
21657.0 80302.0
21708.0 80017.0
24516.0 80016.0
24592.0 80006.0
25513.0 79943.0
28763.0 79428.0
32013.0 79412.0
35263.0 79376.0
43605.0 79121.0


