16816.0 85565.0
16956.0 85484.0
16990.0 84303.0
17171.0 83247.0
17516.0 82852.0
18016.0 82753.0
18092.0 82001.0
18545.0 81896.0
18615.0 80989.0
19912.0 80965.0
19946.0 80954.0
20345.0 80953.0
21266.0 80933.0
21342.0 80589.0
21708.0 80149.0
24516.0 80146.0
24592.0 79896.0
24820.0 79864.0
25513.0 79581.0
27894.0 79580.0
28687.0 79577.0
28763.0 79438.0
31937.0 79384.0
32013.0 79210.0
32934.0 79036.0
36184.0 78969.0
39434.0 78964.0
40355.0 78803.0
43529.0 78800.0
43605.0 78774.0
47776.0 78685.0

16256.0 101889.0
16515.0 98541.0
16816.0 97389.0
17095.0 86845.0
18092.0 83412.0
19505.0 83214.0
20787.0 82500.0
21266.0 81956.0
21708.0 81858.0
22263.0 81622.0
24516.0 81212.0
24801.0 81137.0
25513.0 80605.0
27894.0 80568.0
28187.0 80256.0
28763.0 79876.0
32934.0 79432.0
47776.0 79161.0
63874.0 77944.0

18615.0 95920.0
20955.0 90859.0
27062.0 90778.0

18615.0 95920.0
20955.0 90859.0
27062.0 90778.0
28087.0 89024.0

17516.0 82729.0
18016.0 82666.0
18092.0 82335.0
18312.0 82016.0
18596.0 81654.0
18615.0 80933.0
19912.0 80909.0
20387.0 80885.0
21266.0 80882.0
21342.0 80315.0
21708.0 80103.0
24516.0 80100.0
24592.0 79919.0
24820.0 79869.0
27842.0 79810.0
27913.0 79772.0
28763.0 79395.0
32013.0 79233.0
35187.0 79231.0
35263.0 79175.0
36184.0 78851.0
39434.0 78690.0
43605.0 78635.0
46855.0 78375.0
51026.0 78346.0
54276.0 78311.0

18016.0 83370.0
18092.0 81726.0
18545.0 81620.0
18596.0 81427.0
18615.0 81287.0
19471.0 81135.0
20345.0 81064.0
21342.0 80785.0
21587.0 80748.0
21638.0 80678.0
24516.0 80633.0
24592.0 80536.0
24820.0 80421.0
25513.0 80113.0
27766.0 80106.0
28763.0 79829.0
36184.0 79678.0

18016.0 83370.0
18092.0 81726.0
18545.0 81620.0
18596.0 81427.0
18615.0 81287.0
19471.0 81135.0
20345.0 81064.0
21342.0 80785.0
21587.0 80748.0
21638.0 80678.0
24516.0 80633.0
24592.0 80536.0
24820.0 80421.0
25513.0 80113.0
27766.0 80106.0
28763.0 79829.0
36184.0 79678.0

18016.0 83370.0
18092.0 81726.0
18545.0 81620.0
18596.0 81427.0
18615.0 81287.0
19471.0 81135.0
20345.0 81064.0
21342.0 80785.0
21587.0 80748.0
21638.0 80678.0
24516.0 80633.0
24592.0 80536.0
24820.0 80421.0
25513.0 80113.0
27766.0 80106.0
28763.0 79829.0
36184.0 79678.0

18016.0 83370.0
18092.0 81726.0
18545.0 81620.0
18596.0 81427.0
18615.0 81287.0
19471.0 81135.0
20345.0 81064.0
21342.0 80785.0
21587.0 80748.0
21638.0 80678.0
24516.0 80633.0
24592.0 80536.0
24820.0 80421.0
25513.0 80113.0
27766.0 80106.0
28763.0 79829.0
36184.0 79678.0

18016.0 83370.0
18092.0 81726.0
18545.0 81620.0
18596.0 81427.0
18615.0 81287.0
19471.0 81135.0
20345.0 81064.0
21342.0 80785.0
21587.0 80748.0
21638.0 80678.0
24516.0 80633.0
24592.0 80536.0
24820.0 80421.0
25513.0 80113.0
27766.0 80106.0
28763.0 79829.0
36184.0 79678.0

18016.0 83370.0
18092.0 81726.0
18545.0 81620.0
18596.0 81427.0
18615.0 81287.0
19471.0 81135.0
20345.0 81064.0
21342.0 80785.0
21587.0 80748.0
21638.0 80678.0
24516.0 80633.0
24592.0 80536.0
24820.0 80421.0
25513.0 80113.0
27766.0 80106.0
28763.0 79829.0
36184.0 79678.0

18016.0 83370.0
18092.0 81726.0
18545.0 81620.0
18596.0 81427.0
18615.0 81287.0
19471.0 81135.0
20345.0 81064.0
21342.0 80785.0
21587.0 80748.0
21638.0 80678.0
24516.0 80633.0
24592.0 80536.0
24820.0 80421.0
25513.0 80113.0
27766.0 80106.0
28763.0 79829.0
36184.0 79678.0

18016.0 83370.0
18092.0 81726.0
18545.0 81620.0
18596.0 81427.0
18615.0 81287.0
19471.0 81135.0
20345.0 81064.0
21342.0 80785.0
21587.0 80748.0
21638.0 80678.0
24516.0 80633.0
24592.0 80536.0
24820.0 80421.0
25513.0 80113.0
27766.0 80106.0
28763.0 79829.0
36184.0 79678.0

18016.0 83370.0
18092.0 81726.0
18545.0 81620.0
18596.0 81427.0
18615.0 81287.0
19471.0 81135.0
20345.0 81064.0
21342.0 80785.0
21587.0 80748.0
21638.0 80678.0
24516.0 80633.0
24592.0 80536.0
24820.0 80421.0
25513.0 80113.0
27766.0 80106.0
28763.0 79829.0
36184.0 79678.0

18016.0 83370.0
18092.0 81726.0
18545.0 81620.0
18596.0 81427.0
18615.0 81287.0
19471.0 81135.0
20345.0 81064.0
21342.0 80785.0
21587.0 80748.0
21638.0 80678.0
24516.0 80633.0
24592.0 80536.0
24820.0 80421.0
25513.0 80113.0
27766.0 80106.0
28763.0 79829.0
36184.0 79678.0


