18092.0 83031.0
18545.0 83009.0
18596.0 82722.0
18615.0 80938.0
19912.0 80898.0
20387.0 80855.0
21266.0 80854.0
21342.0 80251.0
21708.0 80130.0
24516.0 80127.0
24592.0 80032.0
24820.0 79856.0
25513.0 79739.0
27842.0 79646.0
28687.0 79638.0
28763.0 79407.0
32013.0 79274.0
32934.0 79143.0
36184.0 78954.0
38437.0 78953.0
39434.0 78726.0
42684.0 78708.0
43605.0 78462.0
46855.0 78415.0

16136.0 103706.0
16515.0 103640.0
16571.0 100624.0
16816.0 92029.0
17492.0 90806.0
17516.0 85785.0
18016.0 85700.0
18092.0 84604.0
18545.0 83487.0
18596.0 83076.0
18615.0 83050.0
19112.0 82580.0
21657.0 82396.0
21689.0 82003.0
22263.0 81511.0
24516.0 81288.0
25437.0 81200.0
25513.0 81077.0
26566.0 80978.0
27843.0 80897.0
28763.0 80875.0
29684.0 80233.0
31861.0 80173.0
38782.0 79711.0
39434.0 79509.0
46203.0 79318.0
49032.0 79142.0
56453.0 78337.0
60700.0 78008.0
63874.0 77944.0

20742.0 96673.0
23992.0 94419.0
24820.0 93165.0
26643.0 92537.0
27913.0 89856.0

20742.0 96673.0
21627.0 93852.0
24051.0 91812.0
27913.0 89856.0

17492.0 83639.0
17516.0 83407.0
18092.0 81656.0
18526.0 81634.0
18545.0 81617.0
18596.0 81411.0
18615.0 80888.0
19912.0 80864.0
20387.0 80840.0
21266.0 80839.0
21342.0 80206.0
21708.0 80116.0
24516.0 80115.0
24592.0 79968.0
25513.0 79682.0
27894.0 79593.0
28763.0 79340.0
31937.0 79339.0
32013.0 79278.0
32934.0 79036.0
36184.0 78784.0
43605.0 78674.0

17492.0 84546.0
17516.0 84132.0
18092.0 81435.0
18545.0 81413.0
18596.0 80945.0
19912.0 80921.0
21266.0 80899.0
21342.0 80707.0
21689.0 80577.0
21708.0 80558.0
22263.0 80341.0
24820.0 80142.0
25513.0 80010.0
28763.0 79855.0
36184.0 79832.0
39358.0 79831.0
40355.0 79816.0
43529.0 79808.0

17492.0 84546.0
17516.0 84132.0
18092.0 81435.0
18545.0 81413.0
18596.0 80945.0
19912.0 80921.0
21266.0 80899.0
21342.0 80707.0
21689.0 80577.0
21708.0 80558.0
22263.0 80341.0
24820.0 80142.0
25513.0 80010.0
28763.0 79855.0
36184.0 79832.0
39358.0 79831.0
40355.0 79816.0
43529.0 79808.0

17492.0 84546.0
17516.0 84132.0
18092.0 81435.0
18545.0 81413.0
18596.0 80945.0
19912.0 80921.0
21266.0 80899.0
21342.0 80707.0
21689.0 80577.0
21708.0 80558.0
22263.0 80341.0
24820.0 80142.0
25513.0 80010.0
28763.0 79855.0
36184.0 79832.0
39358.0 79831.0
40355.0 79816.0
43529.0 79808.0

17492.0 84546.0
17516.0 84132.0
18092.0 81435.0
18545.0 81413.0
18596.0 80945.0
19912.0 80921.0
21266.0 80899.0
21342.0 80707.0
21689.0 80577.0
21708.0 80558.0
22263.0 80341.0
24820.0 80142.0
25513.0 80010.0
28763.0 79855.0
36184.0 79832.0
39358.0 79831.0
40355.0 79816.0
43529.0 79808.0

17492.0 84546.0
17516.0 84132.0
18092.0 81435.0
18545.0 81413.0
18596.0 80945.0
19912.0 80921.0
21266.0 80899.0
21342.0 80707.0
21689.0 80577.0
21708.0 80558.0
22263.0 80341.0
24820.0 80142.0
25513.0 80010.0
28763.0 79855.0
36184.0 79832.0
39358.0 79831.0
40355.0 79816.0
43529.0 79808.0

17492.0 84546.0
17516.0 84132.0
18092.0 81435.0
18545.0 81413.0
18596.0 80945.0
19912.0 80921.0
21266.0 80899.0
21342.0 80707.0
21689.0 80577.0
21708.0 80558.0
22263.0 80341.0
24820.0 80142.0
25513.0 80010.0
28763.0 79855.0
36184.0 79832.0
39358.0 79831.0
40355.0 79816.0
43529.0 79808.0

17492.0 84546.0
17516.0 84132.0
18092.0 81435.0
18545.0 81413.0
18596.0 80945.0
19912.0 80921.0
21266.0 80899.0
21342.0 80707.0
21689.0 80577.0
21708.0 80558.0
22263.0 80341.0
24820.0 80142.0
25513.0 80010.0
28763.0 79855.0
36184.0 79832.0
39358.0 79831.0
40355.0 79816.0
43529.0 79808.0

17492.0 84546.0
17516.0 84132.0
18092.0 81435.0
18545.0 81413.0
18596.0 80945.0
19912.0 80921.0
21266.0 80899.0
21342.0 80707.0
21689.0 80577.0
21708.0 80558.0
22263.0 80341.0
24820.0 80142.0
25513.0 80010.0
28763.0 79855.0
36184.0 79832.0
39358.0 79831.0
40355.0 79816.0
43529.0 79808.0

17492.0 84546.0
17516.0 84132.0
18092.0 81435.0
18545.0 81413.0
18596.0 80945.0
19912.0 80921.0
21266.0 80899.0
21342.0 80707.0
21689.0 80577.0
21708.0 80558.0
22263.0 80341.0
24820.0 80142.0
25513.0 80010.0
28763.0 79855.0
36184.0 79832.0
39358.0 79831.0
40355.0 79816.0
43529.0 79808.0

17492.0 84546.0
17516.0 84132.0
18092.0 81435.0
18545.0 81413.0
18596.0 80945.0
19912.0 80921.0
21266.0 80899.0
21342.0 80707.0
21689.0 80577.0
21708.0 80558.0
22263.0 80341.0
24820.0 80142.0
25513.0 80010.0
28763.0 79855.0
36184.0 79832.0
39358.0 79831.0
40355.0 79816.0
43529.0 79808.0


