16480.0 44371.0
16494.0 43130.0
16816.0 43111.0
16894.0 42795.0
16956.0 41767.0
16990.0 41614.0
17345.0 41436.0
17516.0 41185.0
18016.0 41128.0
18092.0 40511.0
18596.0 40353.0
19912.0 40343.0
21266.0 40340.0
21342.0 40064.0
21708.0 39975.0
24516.0 39974.0
24592.0 39915.0
25513.0 39798.0
28763.0 39631.0
31937.0 39628.0
32013.0 39572.0
36184.0 39385.0

16023.0 45898.0
16515.0 45688.0
16571.0 44470.0
17745.0 44009.0
18092.0 43080.0
19505.0 42376.0
19845.0 42207.0
20787.0 42184.0
21266.0 41951.0
24237.0 41696.0
25513.0 41578.0
26992.0 41274.0
27842.0 40306.0
28763.0 40176.0
35263.0 39835.0
36184.0 39485.0
63874.0 38972.0

17396.0 50587.0
17516.0 47941.0
18122.0 47534.0
19471.0 46419.0
21021.0 46389.0
22263.0 45087.0
24201.0 44984.0
24750.0 44486.0
25966.0 43910.0
27842.0 43761.0
30737.0 43600.0
31658.0 43290.0

17396.0 47780.0
18122.0 47534.0
19471.0 46419.0
21021.0 46389.0
21342.0 45687.0
22263.0 45087.0
23595.0 42934.0
27766.0 41317.0

16515.0 41448.0
16595.0 41053.0
17095.0 40954.0
17171.0 40744.0
18092.0 40466.0
18545.0 40444.0
18596.0 40337.0
19912.0 40313.0
21266.0 40310.0
21342.0 40064.0
21708.0 39975.0
24516.0 39972.0
24592.0 39915.0
24820.0 39865.0
25513.0 39758.0
27894.0 39757.0
28763.0 39631.0
31937.0 39630.0
32013.0 39572.0
32934.0 39511.0
36184.0 39385.0
39358.0 39383.0
39434.0 39326.0
43605.0 39152.0
46779.0 39149.0
46855.0 39093.0
50029.0 39092.0

16023.0 45929.0
16515.0 41382.0
16595.0 41150.0
17171.0 40744.0
18092.0 40466.0
18545.0 40449.0
18596.0 40337.0
21266.0 40312.0
21342.0 40064.0
21708.0 39975.0
24516.0 39974.0
24592.0 39915.0
24820.0 39865.0
25513.0 39798.0
28763.0 39632.0
32013.0 39572.0
32934.0 39525.0
36108.0 39524.0
36184.0 39499.0
39434.0 39363.0
43605.0 39340.0
50105.0 39246.0

16023.0 43402.0
16156.0 42959.0
16515.0 41382.0
16595.0 41150.0
17095.0 41130.0
17171.0 40744.0
18092.0 40466.0
18545.0 40449.0
18596.0 40337.0
21266.0 40312.0
21342.0 40064.0
21708.0 39975.0
24516.0 39974.0
24592.0 39915.0
24820.0 39865.0
25513.0 39758.0
28763.0 39632.0
32013.0 39572.0
32934.0 39525.0
36108.0 39524.0
36184.0 39499.0
39434.0 39363.0
43605.0 39340.0
50105.0 39246.0

16023.0 43402.0
16156.0 42959.0
16515.0 41382.0
16595.0 41150.0
17095.0 41087.0
17171.0 40744.0
18092.0 40466.0
18545.0 40449.0
18596.0 40337.0
21266.0 40312.0
21342.0 40064.0
21708.0 39975.0
24516.0 39974.0
24592.0 39915.0
24820.0 39865.0
25513.0 39798.0
28763.0 39632.0
32013.0 39572.0
32934.0 39525.0
36108.0 39524.0
36184.0 39468.0
39434.0 39363.0
43605.0 39340.0
46855.0 39327.0
50105.0 39246.0

16023.0 43402.0
16156.0 42959.0
16515.0 41382.0
16595.0 41150.0
17095.0 41087.0
17171.0 40744.0
18092.0 40466.0
18545.0 40449.0
18596.0 40337.0
21266.0 40312.0
21342.0 40064.0
21708.0 39975.0
24516.0 39974.0
24592.0 39915.0
24820.0 39865.0
25513.0 39798.0
28763.0 39632.0
32013.0 39572.0
32934.0 39525.0
36108.0 39524.0
36184.0 39468.0
39434.0 39363.0
43605.0 39340.0
46855.0 39327.0
50105.0 39246.0

16023.0 42410.0
16515.0 41382.0
16595.0 41150.0
17095.0 41069.0
17171.0 40744.0
18092.0 40466.0
18545.0 40449.0
18596.0 40337.0
21266.0 40312.0
21342.0 40064.0
21708.0 39975.0
24516.0 39974.0
24592.0 39915.0
24820.0 39865.0
25513.0 39782.0
28763.0 39632.0
32013.0 39572.0
32934.0 39525.0
36108.0 39524.0
36184.0 39399.0
39434.0 39363.0
43605.0 39340.0
50105.0 39246.0

16023.0 43402.0
16156.0 42959.0
16515.0 41382.0
16595.0 41150.0
17095.0 41130.0
17171.0 40744.0
18092.0 40466.0
18545.0 40449.0
18596.0 40337.0
21266.0 40312.0
21342.0 40064.0
21708.0 39975.0
24516.0 39974.0
24592.0 39915.0
24820.0 39865.0
25513.0 39758.0
28763.0 39632.0
32013.0 39572.0
32934.0 39525.0
36108.0 39524.0
36184.0 39468.0
39434.0 39363.0
43605.0 39340.0
46855.0 39327.0
50105.0 39246.0

16023.0 43402.0
16156.0 42959.0
16515.0 41382.0
16595.0 41150.0
17095.0 41069.0
17171.0 40744.0
18092.0 40466.0
18545.0 40449.0
18596.0 40337.0
19912.0 40313.0
21266.0 40310.0
21342.0 40064.0
21708.0 39975.0
24516.0 39974.0
24592.0 39915.0
24820.0 39865.0
25513.0 39758.0
28687.0 39757.0
28763.0 39632.0
31937.0 39631.0
32013.0 39572.0
32934.0 39512.0
36184.0 39386.0
39434.0 39363.0
43605.0 39340.0
46855.0 39327.0
50105.0 39246.0

16023.0 43402.0
16156.0 42959.0
16515.0 41382.0
16595.0 41150.0
17095.0 41069.0
17171.0 40744.0
18092.0 40466.0
18545.0 40449.0
18596.0 40337.0
19912.0 40313.0
21266.0 40310.0
21342.0 40064.0
21708.0 39975.0
24516.0 39974.0
24592.0 39915.0
24820.0 39865.0
25513.0 39758.0
28687.0 39757.0
28763.0 39632.0
31937.0 39631.0
32013.0 39572.0
32934.0 39525.0
36108.0 39524.0
36184.0 39386.0
39358.0 39385.0
39434.0 39363.0
43605.0 39340.0
46855.0 39327.0
50105.0 39246.0

16023.0 42410.0
16515.0 41382.0
16595.0 41150.0
17095.0 41069.0
17171.0 40744.0
18092.0 40466.0
18545.0 40449.0
18596.0 40337.0
19912.0 40313.0
21266.0 40310.0
21342.0 40064.0
21708.0 39975.0
24516.0 39974.0
24592.0 39915.0
24820.0 39865.0
25513.0 39758.0
28687.0 39757.0
28763.0 39632.0
31937.0 39631.0
32013.0 39572.0
32934.0 39512.0
36184.0 39386.0
39434.0 39363.0
42608.0 39362.0
43605.0 39340.0
50105.0 39246.0

16023.0 44184.0
16515.0 41382.0
16595.0 41150.0
17095.0 40972.0
17171.0 40744.0
18092.0 40466.0
18545.0 40449.0
18596.0 40337.0
19912.0 40313.0
21266.0 40310.0
21342.0 40064.0
21708.0 39975.0
24516.0 39974.0
24592.0 39915.0
24820.0 39865.0
25513.0 39758.0
28763.0 39631.0
32013.0 39572.0
32934.0 39512.0
36108.0 39511.0
36184.0 39386.0
39434.0 39363.0
43605.0 39219.0
46855.0 39094.0
54276.0 39012.0


