15590.0 47321.0
16070.0 46998.0
16093.0 44681.0
16290.0 43500.0
16816.0 42487.0
16990.0 41423.0
17516.0 41191.0
18016.0 41140.0
18092.0 40496.0
18545.0 40474.0
18596.0 40383.0
21266.0 40340.0
21342.0 40187.0
21708.0 39975.0
24516.0 39974.0
24592.0 39939.0
25513.0 39844.0
28687.0 39801.0
28763.0 39678.0
32934.0 39662.0
36184.0 39550.0

16023.0 49531.0
16515.0 45071.0
17492.0 43391.0
18596.0 42566.0
19505.0 42388.0
20857.0 41964.0
23316.0 41480.0
23550.0 41408.0
28407.0 41300.0
31437.0 41029.0
38858.0 40651.0
63874.0 38972.0

16023.0 49764.0
16515.0 46498.0
18148.0 44805.0
20857.0 44617.0
25010.0 43835.0

16023.0 49764.0
16515.0 46498.0
17977.0 44133.0
18596.0 42530.0
19212.0 42314.0
24801.0 42240.0
28407.0 41300.0

16023.0 42495.0
16156.0 42214.0
16515.0 41712.0
16595.0 41317.0
17095.0 41218.0
17516.0 41182.0
18016.0 41083.0
18092.0 40466.0
18545.0 40444.0
18596.0 40337.0
19912.0 40313.0
21266.0 40312.0
21342.0 40064.0
21708.0 39975.0
24516.0 39972.0
24592.0 39915.0
24820.0 39865.0
25513.0 39758.0
27894.0 39757.0
28687.0 39755.0
28763.0 39631.0
32013.0 39572.0
32934.0 39511.0
36184.0 39385.0
39434.0 39327.0
40355.0 39278.0
43605.0 39152.0
46855.0 39093.0
51026.0 39070.0

16070.0 46573.0
16290.0 44489.0
16515.0 42631.0
16519.0 42399.0
16595.0 42014.0
16990.0 41423.0
17516.0 41191.0
18016.0 41110.0
18092.0 40466.0
18545.0 40444.0
18596.0 40337.0
19912.0 40313.0
21266.0 40312.0
21342.0 40088.0
21708.0 39975.0
24592.0 39916.0
24820.0 39884.0
25513.0 39758.0
28763.0 39632.0
32013.0 39573.0
36184.0 39399.0
39434.0 39340.0

16070.0 46573.0
16290.0 44489.0
16515.0 42631.0
16519.0 42399.0
16595.0 42014.0
16990.0 41423.0
17516.0 41191.0
18016.0 41110.0
18092.0 40466.0
18545.0 40444.0
18596.0 40337.0
19912.0 40313.0
21266.0 40310.0
21342.0 40064.0
21708.0 39975.0
24592.0 39916.0
24820.0 39865.0
25513.0 39758.0
28687.0 39757.0
28763.0 39632.0
31937.0 39631.0
32013.0 39573.0
32934.0 39536.0
36184.0 39399.0
39434.0 39340.0
46855.0 39282.0

16070.0 46573.0
16290.0 44489.0
16515.0 42177.0
16595.0 41945.0
16990.0 41423.0
17516.0 41191.0
18016.0 41110.0
18092.0 40466.0
18545.0 40444.0
18596.0 40337.0
19912.0 40313.0
21266.0 40310.0
21342.0 40064.0
21708.0 39975.0
24516.0 39974.0
24592.0 39916.0
24820.0 39865.0
25513.0 39758.0
28763.0 39632.0
32013.0 39573.0
32934.0 39536.0
36184.0 39399.0
39434.0 39340.0
46855.0 39282.0

16070.0 46573.0
16290.0 44489.0
16515.0 42631.0
16519.0 42399.0
16595.0 42014.0
16990.0 41423.0
17516.0 41191.0
18016.0 41110.0
18092.0 40466.0
18545.0 40444.0
18596.0 40337.0
19912.0 40313.0
21266.0 40310.0
21342.0 40064.0
21708.0 39975.0
24516.0 39974.0
24592.0 39916.0
24820.0 39865.0
25513.0 39758.0
28763.0 39632.0
32013.0 39573.0
32934.0 39525.0
36184.0 39399.0
39434.0 39340.0
46855.0 39276.0

16070.0 46573.0
16290.0 44489.0
16515.0 42177.0
16595.0 41945.0
16990.0 41423.0
17516.0 41191.0
18016.0 41110.0
18092.0 40466.0
18545.0 40444.0
18596.0 40337.0
19912.0 40313.0
21266.0 40310.0
21342.0 40064.0
21708.0 39975.0
24592.0 39916.0
24820.0 39865.0
25513.0 39758.0
28763.0 39632.0
32013.0 39573.0
32934.0 39525.0
36184.0 39399.0
39434.0 39340.0
46855.0 39276.0

16070.0 46573.0
16290.0 44489.0
16515.0 42631.0
16519.0 42399.0
16595.0 42014.0
16990.0 41396.0
17516.0 41164.0
18016.0 41101.0
18092.0 40466.0
18545.0 40444.0
18596.0 40337.0
19912.0 40313.0
21266.0 40310.0
21342.0 40064.0
21708.0 39975.0
24592.0 39916.0
24820.0 39865.0
25513.0 39758.0
28687.0 39757.0
28763.0 39632.0
32013.0 39573.0
32934.0 39525.0
36184.0 39399.0
39434.0 39340.0
46855.0 39276.0

16070.0 46573.0
16290.0 44489.0
16515.0 42553.0
16519.0 42321.0
16595.0 42014.0
16990.0 41396.0
17516.0 41164.0
18016.0 41101.0
18092.0 40466.0
18545.0 40444.0
18596.0 40337.0
19912.0 40313.0
21266.0 40310.0
21342.0 40064.0
21708.0 39975.0
24516.0 39974.0
24592.0 39916.0
24820.0 39865.0
25513.0 39758.0
28687.0 39757.0
28763.0 39632.0
32013.0 39573.0
32934.0 39525.0
36108.0 39522.0
36184.0 39399.0
39434.0 39340.0
46855.0 39276.0

16070.0 46573.0
16290.0 44489.0
16515.0 42631.0
16519.0 42399.0
16595.0 42014.0
16990.0 41396.0
17516.0 41164.0
18016.0 41083.0
18092.0 40466.0
18545.0 40444.0
18596.0 40337.0
19912.0 40313.0
21266.0 40310.0
21342.0 40064.0
21708.0 39975.0
24516.0 39974.0
24592.0 39916.0
24820.0 39865.0
25513.0 39758.0
28687.0 39757.0
28763.0 39632.0
32013.0 39573.0
32934.0 39525.0
36184.0 39399.0
39434.0 39340.0
46855.0 39276.0

16070.0 46573.0
16290.0 44489.0
16515.0 42553.0
16519.0 42399.0
16595.0 42014.0
16990.0 41423.0
17516.0 41191.0
18016.0 41110.0
18092.0 40466.0
18545.0 40444.0
18596.0 40337.0
19912.0 40313.0
21266.0 40310.0
21342.0 40064.0
21708.0 39975.0
24516.0 39974.0
24592.0 39916.0
24820.0 39884.0
25513.0 39758.0
28687.0 39757.0
28763.0 39632.0
32013.0 39573.0
32934.0 39525.0
36184.0 39399.0
39434.0 39340.0

16023.0 42930.0
16156.0 41879.0
16515.0 41382.0
16595.0 41150.0
17095.0 41069.0
17171.0 40744.0
18092.0 40466.0
18545.0 40444.0
18596.0 40337.0
19912.0 40313.0
21266.0 40310.0
21342.0 40064.0
21708.0 39975.0
24516.0 39974.0
24592.0 39916.0
24820.0 39865.0
25513.0 39758.0
28687.0 39757.0
28763.0 39632.0
31937.0 39631.0
32013.0 39573.0
32934.0 39512.0
36184.0 39398.0
39358.0 39396.0
39434.0 39340.0
40355.0 39279.0
43605.0 39153.0
51026.0 39071.0


