15590.0 46177.0
16093.0 44877.0
16290.0 43431.0
16595.0 42667.0
16816.0 41681.0
16956.0 41570.0
16990.0 41442.0
17745.0 41247.0
18016.0 41177.0
18092.0 40511.0
18596.0 40353.0
19912.0 40313.0
21342.0 40064.0
21708.0 39975.0
25513.0 39758.0
28763.0 39632.0

16023.0 48682.0
16156.0 46386.0
16990.0 45064.0
17171.0 43136.0
18545.0 42795.0
19471.0 42484.0
19980.0 41987.0
22263.0 41318.0
28763.0 40890.0
34111.0 40827.0
36184.0 40657.0
63874.0 38972.0

17345.0 48521.0
18545.0 46176.0
18615.0 45801.0
22263.0 44873.0
23992.0 42292.0

17345.0 48521.0
17492.0 43632.0
18596.0 42713.0
21342.0 42286.0
21708.0 41333.0
24801.0 40772.0
36184.0 40547.0

16023.0 42404.0
16156.0 41967.0
16595.0 41728.0
16956.0 41658.0
16990.0 41417.0
17516.0 41185.0
18016.0 41122.0
18092.0 40466.0
18545.0 40444.0
18596.0 40337.0
19912.0 40313.0
21266.0 40310.0
21342.0 40064.0
21708.0 39975.0
24516.0 39972.0
24592.0 39915.0
24820.0 39865.0
25513.0 39758.0
27894.0 39757.0
28687.0 39754.0
28763.0 39631.0
31937.0 39629.0
32013.0 39572.0
32934.0 39512.0
36184.0 39385.0
39434.0 39326.0
40355.0 39278.0
43605.0 39153.0
46779.0 39150.0
46855.0 39094.0

16023.0 45018.0
16156.0 43954.0
16515.0 42450.0
16519.0 42387.0
16595.0 41945.0
16816.0 41810.0
16990.0 41396.0
17516.0 41164.0
18016.0 41101.0
18092.0 40466.0
18545.0 40449.0
18596.0 40337.0
19912.0 40313.0
21266.0 40310.0
21342.0 40064.0
21708.0 39975.0
24516.0 39974.0
24592.0 39915.0
24820.0 39865.0
25513.0 39758.0
28763.0 39631.0
32013.0 39572.0
35187.0 39570.0
35263.0 39537.0
38437.0 39536.0
39434.0 39391.0
42684.0 39331.0

16023.0 45018.0
16156.0 43954.0
16515.0 42450.0
16519.0 42387.0
16595.0 41945.0
16816.0 41810.0
16990.0 41396.0
17516.0 41164.0
18016.0 41101.0
18092.0 40466.0
18545.0 40449.0
18596.0 40337.0
19912.0 40313.0
21266.0 40310.0
21342.0 40064.0
21708.0 39975.0
24516.0 39974.0
24592.0 39915.0
24820.0 39865.0
25513.0 39758.0
28763.0 39631.0
32013.0 39572.0
35187.0 39570.0
35263.0 39537.0
38437.0 39536.0
39434.0 39391.0
42684.0 39291.0

16023.0 45018.0
16156.0 43954.0
16515.0 41875.0
16595.0 41643.0
16816.0 41366.0
17516.0 41134.0
18016.0 41071.0
18092.0 40466.0
18545.0 40449.0
18596.0 40337.0
19912.0 40313.0
21266.0 40310.0
21342.0 40064.0
21708.0 39975.0
24516.0 39974.0
24592.0 39915.0
24820.0 39865.0
25513.0 39758.0
28687.0 39757.0
28763.0 39631.0
32013.0 39572.0
32934.0 39525.0
36184.0 39410.0
39434.0 39391.0
42684.0 39315.0

16023.0 45018.0
16156.0 43954.0
16515.0 42450.0
16519.0 42387.0
16595.0 41945.0
16816.0 41810.0
16990.0 41396.0
17516.0 41164.0
18016.0 41101.0
18092.0 40466.0
18545.0 40449.0
18596.0 40337.0
19912.0 40313.0
21266.0 40310.0
21342.0 40064.0
21708.0 39975.0
24516.0 39974.0
24592.0 39915.0
24820.0 39865.0
25513.0 39758.0
28763.0 39631.0
32013.0 39572.0
35187.0 39570.0
35263.0 39537.0
38437.0 39536.0
39434.0 39391.0
42684.0 39291.0

16023.0 45018.0
16122.0 43946.0
16515.0 42256.0
16595.0 41945.0
16816.0 41810.0
16990.0 41396.0
17516.0 41164.0
18016.0 41074.0
18092.0 40466.0
18545.0 40449.0
18596.0 40337.0
19912.0 40313.0
21266.0 40310.0
21342.0 40064.0
21708.0 39975.0
24516.0 39974.0
24592.0 39915.0
24820.0 39865.0
25513.0 39758.0
27894.0 39757.0
28763.0 39631.0
32013.0 39572.0
32934.0 39525.0
36184.0 39410.0
39434.0 39391.0
42684.0 39291.0

16023.0 45018.0
16156.0 43954.0
16515.0 42450.0
16519.0 42387.0
16595.0 41945.0
16816.0 41810.0
16990.0 41396.0
17516.0 41164.0
18016.0 41101.0
18092.0 40466.0
18545.0 40444.0
18596.0 40337.0
19912.0 40313.0
21266.0 40310.0
21342.0 40064.0
21708.0 39975.0
24516.0 39974.0
24592.0 39915.0
24820.0 39865.0
25513.0 39758.0
28763.0 39631.0
32013.0 39572.0
35187.0 39570.0
35263.0 39537.0
38437.0 39536.0
39434.0 39391.0
42684.0 39291.0

16023.0 45018.0
16156.0 43954.0
16515.0 42134.0
16519.0 42132.0
16571.0 41809.0
16990.0 41396.0
17171.0 40859.0
18092.0 40466.0
18545.0 40444.0
18596.0 40337.0
19912.0 40313.0
21266.0 40310.0
21342.0 40064.0
21708.0 39975.0
24516.0 39974.0
24592.0 39915.0
24820.0 39865.0
25513.0 39758.0
27894.0 39757.0
28763.0 39631.0
32013.0 39572.0
32934.0 39525.0
36184.0 39481.0
39434.0 39391.0
42684.0 39291.0

16023.0 45018.0
16156.0 43954.0
16515.0 42450.0
16519.0 42387.0
16595.0 41945.0
16816.0 41810.0
16990.0 41396.0
17516.0 41164.0
18016.0 41101.0
18092.0 40466.0
18545.0 40444.0
18596.0 40337.0
19912.0 40313.0
21266.0 40310.0
21342.0 40064.0
21708.0 39975.0
24516.0 39974.0
24592.0 39915.0
24820.0 39865.0
25513.0 39758.0
28763.0 39631.0
32013.0 39572.0
35187.0 39570.0
35263.0 39537.0
38437.0 39536.0
39434.0 39391.0
42684.0 39291.0

16023.0 43826.0
16156.0 42762.0
16515.0 41448.0
16595.0 41053.0
17095.0 40954.0
17171.0 40768.0
18092.0 40466.0
18545.0 40444.0
18596.0 40337.0
19912.0 40313.0
21266.0 40310.0
21342.0 40064.0
21708.0 39975.0
24516.0 39972.0
24592.0 39915.0
24820.0 39865.0
25513.0 39758.0
28763.0 39631.0
32013.0 39572.0
32934.0 39511.0
36184.0 39385.0
42684.0 39291.0

16023.0 42322.0
16515.0 41334.0
16595.0 41102.0
17171.0 40744.0
18092.0 40466.0
18545.0 40444.0
18596.0 40337.0
19912.0 40313.0
21266.0 40310.0
21342.0 40064.0
21708.0 39975.0
24516.0 39972.0
24592.0 39915.0
24820.0 39865.0
25513.0 39758.0
28763.0 39631.0
31937.0 39629.0
32013.0 39572.0
32934.0 39512.0
36184.0 39385.0
39434.0 39326.0
42684.0 39291.0
43605.0 39152.0


