16515.0 41960.0
16571.0 41718.0
16595.0 41035.0
17171.0 40768.0
18092.0 40595.0
18545.0 40444.0
18596.0 40337.0
19912.0 40313.0
21266.0 40312.0
21342.0 40064.0
21708.0 39975.0
24516.0 39972.0
25513.0 39758.0
28687.0 39757.0
28763.0 39632.0
31937.0 39629.0
32934.0 39512.0
36184.0 39399.0

16023.0 47382.0
17041.0 46810.0
17492.0 44094.0
18092.0 43259.0
18596.0 42775.0
18922.0 42329.0
21708.0 41113.0
30940.0 41094.0
36184.0 40445.0
40355.0 40437.0
63874.0 38972.0

17279.0 49496.0
17746.0 49244.0
18446.0 45524.0
21108.0 45257.0
22146.0 44531.0
30940.0 44294.0
35032.0 42524.0

17279.0 49496.0
17746.0 49244.0
17945.0 48958.0
18122.0 47735.0
18446.0 45524.0
18922.0 42641.0
25513.0 42316.0
28687.0 42291.0

16515.0 43115.0
16726.0 42677.0
16816.0 41481.0
17516.0 41249.0
18016.0 41186.0
18092.0 40466.0
18596.0 40337.0
19912.0 40313.0
21266.0 40310.0
21342.0 40064.0
21708.0 39975.0
24516.0 39972.0
24592.0 39916.0
24820.0 39884.0
25513.0 39758.0
27894.0 39757.0
28687.0 39755.0
28763.0 39632.0
31937.0 39629.0
32013.0 39573.0
32934.0 39512.0
36184.0 39386.0
39434.0 39327.0
40355.0 39279.0
43605.0 39153.0

16494.0 43627.0
16515.0 42662.0
16571.0 41718.0
16595.0 41144.0
17171.0 40768.0
18092.0 40466.0
18545.0 40444.0
18596.0 40337.0
19912.0 40313.0
21266.0 40310.0
21342.0 40104.0
21657.0 40082.0
21708.0 40015.0
24592.0 39934.0
24820.0 39924.0
25513.0 39758.0
28687.0 39755.0
28763.0 39671.0
31937.0 39653.0
32013.0 39613.0
32934.0 39536.0
36184.0 39438.0
43605.0 39411.0

16494.0 43627.0
16515.0 42662.0
16571.0 41718.0
16595.0 41144.0
17171.0 40768.0
18092.0 40466.0
18545.0 40444.0
18596.0 40337.0
19912.0 40313.0
21266.0 40310.0
21342.0 40104.0
21657.0 40082.0
21708.0 40015.0
24516.0 39972.0
24592.0 39934.0
24820.0 39924.0
25513.0 39758.0
28687.0 39755.0
28763.0 39671.0
31937.0 39653.0
32013.0 39613.0
32934.0 39536.0
36184.0 39438.0
43605.0 39411.0

16494.0 43627.0
16515.0 41448.0
16595.0 41053.0
17095.0 40954.0
17171.0 40768.0
18092.0 40466.0
18545.0 40444.0
18596.0 40337.0
19912.0 40313.0
21266.0 40310.0
21342.0 40104.0
21657.0 40082.0
21708.0 39975.0
24516.0 39972.0
24592.0 39934.0
24820.0 39905.0
25513.0 39758.0
27894.0 39757.0
28687.0 39754.0
28763.0 39632.0
31937.0 39631.0
32013.0 39613.0
32934.0 39536.0
36184.0 39399.0
39358.0 39396.0
39434.0 39390.0
46855.0 39308.0

16494.0 43627.0
16515.0 41539.0
16595.0 41144.0
17095.0 41045.0
17171.0 40768.0
18092.0 40466.0
18545.0 40444.0
18596.0 40337.0
19912.0 40313.0
21266.0 40310.0
21342.0 40104.0
21657.0 40082.0
21708.0 39975.0
24516.0 39972.0
24592.0 39916.0
24820.0 39905.0
25513.0 39758.0
27894.0 39757.0
28687.0 39754.0
28763.0 39631.0
31937.0 39630.0
32013.0 39613.0
32934.0 39536.0
36184.0 39399.0
39358.0 39396.0
39434.0 39390.0
46855.0 39308.0

16480.0 44021.0
16494.0 43566.0
16515.0 41712.0
16595.0 41144.0
17171.0 40768.0
18092.0 40466.0
18545.0 40444.0
18596.0 40337.0
19912.0 40313.0
21266.0 40310.0
21342.0 40104.0
21657.0 40082.0
21708.0 40015.0
24516.0 39972.0
24592.0 39934.0
24820.0 39924.0
25513.0 39758.0
28687.0 39755.0
28763.0 39671.0
31937.0 39629.0
32013.0 39613.0
32934.0 39536.0
36184.0 39438.0
43605.0 39411.0

16494.0 43627.0
16515.0 41875.0
16571.0 41718.0
16595.0 41144.0
17171.0 40768.0
18092.0 40466.0
18545.0 40444.0
18596.0 40337.0
19912.0 40313.0
21266.0 40310.0
21342.0 40104.0
21657.0 40082.0
21708.0 40015.0
24516.0 39972.0
24592.0 39934.0
24820.0 39924.0
25513.0 39758.0
28687.0 39755.0
28763.0 39671.0
31937.0 39629.0
32013.0 39613.0
32934.0 39536.0
36184.0 39438.0
43605.0 39344.0

16494.0 43627.0
16515.0 41531.0
16595.0 41144.0
17171.0 40768.0
18092.0 40466.0
18545.0 40444.0
18596.0 40337.0
19912.0 40313.0
21266.0 40310.0
21342.0 40104.0
21657.0 40082.0
21708.0 40015.0
24516.0 39972.0
24592.0 39934.0
24820.0 39905.0
25513.0 39758.0
28687.0 39755.0
28763.0 39671.0
31937.0 39629.0
32013.0 39613.0
32934.0 39525.0
36184.0 39438.0
39434.0 39390.0
46855.0 39285.0

16494.0 43627.0
16515.0 41448.0
16595.0 41053.0
17095.0 40954.0
17171.0 40768.0
18092.0 40466.0
18545.0 40444.0
18596.0 40337.0
19912.0 40313.0
21266.0 40310.0
21342.0 40104.0
21657.0 40082.0
21708.0 39975.0
24516.0 39972.0
24592.0 39934.0
24820.0 39905.0
25513.0 39758.0
27894.0 39757.0
28687.0 39754.0
28763.0 39632.0
31937.0 39629.0
32013.0 39613.0
32934.0 39536.0
36184.0 39399.0
39358.0 39396.0
39434.0 39390.0
46855.0 39285.0

16480.0 44021.0
16494.0 43566.0
16515.0 42662.0
16571.0 41718.0
16595.0 41144.0
17171.0 40768.0
18092.0 40466.0
18545.0 40444.0
18596.0 40337.0
19912.0 40313.0
21266.0 40310.0
21342.0 40104.0
21657.0 40082.0
21708.0 40015.0
24516.0 39972.0
24592.0 39934.0
24820.0 39924.0
25513.0 39758.0
28687.0 39755.0
28763.0 39671.0
31937.0 39629.0
32013.0 39613.0
32934.0 39525.0
36184.0 39438.0
43605.0 39411.0

16494.0 43627.0
16515.0 41875.0
16571.0 41718.0
16595.0 41144.0
17171.0 40744.0
18092.0 40466.0
18545.0 40444.0
18596.0 40337.0
19912.0 40313.0
21266.0 40310.0
21342.0 40064.0
21708.0 39975.0
24516.0 39972.0
24592.0 39934.0
24820.0 39884.0
25513.0 39758.0
27894.0 39757.0
28687.0 39754.0
28763.0 39632.0
31937.0 39629.0
32013.0 39613.0
32934.0 39525.0
36108.0 39524.0
36184.0 39399.0
39358.0 39396.0
42608.0 39337.0
46779.0 39301.0
46855.0 39285.0
50029.0 39242.0


