16745.0 44039.0
16816.0 42577.0
16990.0 41396.0
17516.0 41164.0
18016.0 41101.0
18092.0 40466.0
18545.0 40444.0
18596.0 40337.0
19912.0 40313.0
21266.0 40310.0
21342.0 40064.0
21708.0 39975.0
24516.0 39972.0
24592.0 39916.0
24820.0 39865.0
25513.0 39758.0
27894.0 39757.0
28763.0 39632.0
31937.0 39631.0
32013.0 39573.0
32934.0 39511.0
36108.0 39509.0
36184.0 39386.0
39358.0 39385.0
39434.0 39327.0
40355.0 39279.0
43605.0 39153.0
46855.0 39094.0

16156.0 41879.0
16571.0 41792.0
16595.0 41647.0
16956.0 41536.0
16990.0 41501.0
17095.0 41473.0
17171.0 40744.0
18092.0 40561.0
18545.0 40544.0
18596.0 40337.0
19912.0 40313.0
21266.0 40310.0
21342.0 40064.0
21708.0 39975.0
24516.0 39974.0
24592.0 39939.0
25513.0 39758.0
28763.0 39631.0
31937.0 39630.0
32934.0 39548.0
36108.0 39523.0
36184.0 39386.0
39434.0 39351.0

16156.0 41879.0
16571.0 41792.0
16595.0 41647.0
16956.0 41536.0
16990.0 41501.0
17095.0 41473.0
17171.0 40744.0
18092.0 40496.0
18545.0 40474.0
18596.0 40337.0
19912.0 40313.0
21266.0 40310.0
21342.0 40064.0
21708.0 39975.0
24516.0 39972.0
24592.0 39915.0
24820.0 39884.0
25513.0 39758.0
27894.0 39757.0
28763.0 39631.0
31937.0 39630.0
32013.0 39572.0
32934.0 39525.0
36108.0 39511.0
36184.0 39386.0
39434.0 39351.0
43605.0 39317.0

16023.0 42322.0
16156.0 41879.0
16515.0 41382.0
16595.0 41150.0
17095.0 41087.0
17171.0 40744.0
18092.0 40466.0
18545.0 40444.0
18596.0 40337.0
19912.0 40313.0
21266.0 40310.0
21342.0 40064.0
21708.0 39975.0
24516.0 39974.0
24592.0 39915.0
24820.0 39905.0
25513.0 39758.0
27894.0 39757.0
28687.0 39756.0
28763.0 39631.0
31937.0 39630.0
32013.0 39596.0
32934.0 39512.0
36108.0 39511.0
36184.0 39385.0
39434.0 39334.0

16156.0 41879.0
16571.0 41792.0
16595.0 41647.0
16956.0 41536.0
16990.0 41501.0
17095.0 41473.0
17171.0 40744.0
18092.0 40557.0
18545.0 40540.0
18596.0 40337.0
19912.0 40313.0
21266.0 40310.0
21342.0 40064.0
21708.0 39975.0
24516.0 39974.0
24592.0 39915.0
24820.0 39884.0
25513.0 39758.0
27894.0 39757.0
28763.0 39631.0
31937.0 39630.0
32013.0 39572.0
32934.0 39536.0
36108.0 39511.0
36184.0 39386.0
39434.0 39351.0

16023.0 42316.0
16156.0 41879.0
16515.0 41382.0
16595.0 41150.0
17095.0 41087.0
17171.0 40744.0
18092.0 40466.0
18545.0 40449.0
18596.0 40337.0
19912.0 40313.0
21266.0 40310.0
21342.0 40064.0
21708.0 39975.0
24516.0 39972.0
24592.0 39915.0
24820.0 39884.0
25513.0 39758.0
27894.0 39757.0
28687.0 39756.0
28763.0 39631.0
31937.0 39629.0
32013.0 39573.0
32934.0 39512.0
36108.0 39511.0
36184.0 39385.0
39434.0 39327.0

16156.0 41879.0
16571.0 41792.0
16595.0 41647.0
16956.0 41536.0
16990.0 41488.0
17095.0 41473.0
17171.0 40744.0
18092.0 40531.0
18545.0 40514.0
18596.0 40337.0
19912.0 40313.0
21266.0 40310.0
21342.0 40064.0
21708.0 39975.0
24516.0 39974.0
24592.0 39915.0
24820.0 39884.0
25513.0 39758.0
28687.0 39757.0
28763.0 39631.0
31937.0 39630.0
32013.0 39573.0
32934.0 39525.0
36108.0 39511.0
36184.0 39386.0
39434.0 39351.0

16023.0 42322.0
16156.0 41879.0
16515.0 41382.0
16595.0 41150.0
17095.0 41069.0
17171.0 40744.0
18092.0 40466.0
18545.0 40444.0
18596.0 40337.0
19912.0 40313.0
21266.0 40310.0
21342.0 40064.0
21708.0 39975.0
24516.0 39972.0
24592.0 39915.0
24820.0 39865.0
25513.0 39758.0
27894.0 39757.0
28687.0 39755.0
28763.0 39631.0
31937.0 39629.0
32013.0 39572.0
32934.0 39512.0
36108.0 39511.0
36184.0 39385.0
39434.0 39326.0
40355.0 39279.0
43529.0 39278.0
43605.0 39153.0

16023.0 42322.0
16156.0 41879.0
16515.0 41382.0
16595.0 41150.0
17095.0 41069.0
17171.0 40744.0
18092.0 40496.0
18545.0 40479.0
18596.0 40337.0
19912.0 40313.0
21266.0 40310.0
21342.0 40064.0
21708.0 39975.0
24516.0 39974.0
24592.0 39939.0
24820.0 39884.0
25513.0 39758.0
28687.0 39757.0
28763.0 39631.0
31937.0 39630.0
32013.0 39573.0
32934.0 39525.0
36108.0 39511.0
36184.0 39386.0
39434.0 39351.0
46855.0 39298.0
50029.0 39297.0

16023.0 42316.0
16156.0 41879.0
16515.0 41382.0
16595.0 41150.0
17095.0 41087.0
17171.0 40744.0
18092.0 40466.0
18545.0 40444.0
18596.0 40337.0
19912.0 40313.0
21266.0 40310.0
21342.0 40064.0
21708.0 39975.0
24516.0 39972.0
24592.0 39915.0
24820.0 39884.0
25513.0 39758.0
28687.0 39756.0
28763.0 39631.0
31937.0 39629.0
32013.0 39573.0
32934.0 39512.0
36108.0 39511.0
36184.0 39385.0
39434.0 39351.0
43605.0 39177.0

16023.0 42316.0
16156.0 41879.0
16571.0 41792.0
16595.0 41647.0
16956.0 41536.0
16990.0 41387.0
17171.0 40744.0
18092.0 40466.0
18545.0 40444.0
18596.0 40337.0
19912.0 40313.0
21266.0 40310.0
21342.0 40064.0
21708.0 39975.0
24516.0 39972.0
24592.0 39915.0
24820.0 39865.0
25513.0 39758.0
27894.0 39757.0
28687.0 39756.0
28763.0 39631.0
31937.0 39629.0
32013.0 39572.0
32934.0 39512.0
36108.0 39511.0
36184.0 39385.0
39434.0 39326.0
40355.0 39278.0
43605.0 39153.0
46779.0 39152.0
46855.0 39093.0
51026.0 39071.0
54200.0 39070.0
54276.0 39011.0


