16495.0 44276.0
16515.0 42338.0
16595.0 42106.0
16990.0 41604.0
17516.0 41239.0
17745.0 41229.0
18016.0 41110.0
18092.0 40542.0
18596.0 40337.0
19912.0 40313.0
21266.0 40310.0
21342.0 40064.0
21708.0 39975.0
24516.0 39972.0
24592.0 39915.0
24820.0 39865.0
25513.0 39758.0
27894.0 39757.0
28763.0 39632.0
31937.0 39631.0
32013.0 39572.0
32934.0 39511.0
36184.0 39385.0
39434.0 39327.0

16515.0 42178.0
16571.0 41718.0
17095.0 41015.0
17171.0 40768.0
18092.0 40466.0
18545.0 40444.0
18596.0 40337.0
19912.0 40313.0
21266.0 40312.0
21342.0 40064.0
21708.0 39975.0
24516.0 39974.0
24592.0 39916.0
24820.0 39865.0
25513.0 39758.0
28687.0 39757.0
28763.0 39632.0
31937.0 39629.0
32013.0 39573.0
32934.0 39536.0
36184.0 39393.0
39434.0 39380.0
43605.0 39153.0
46779.0 39150.0

16515.0 42178.0
16571.0 41718.0
16990.0 41387.0
17095.0 41015.0
17171.0 40768.0
18092.0 40466.0
18545.0 40444.0
18596.0 40337.0
19912.0 40313.0
21266.0 40310.0
21342.0 40064.0
21708.0 39975.0
24516.0 39972.0
24592.0 39916.0
24820.0 39865.0
25513.0 39758.0
28687.0 39755.0
28763.0 39632.0
31937.0 39629.0
32013.0 39573.0
32934.0 39525.0
36184.0 39386.0
39434.0 39367.0
42684.0 39291.0
43605.0 39153.0
46779.0 39150.0

16515.0 41267.0
16595.0 41035.0
17095.0 40954.0
17171.0 40768.0
18092.0 40466.0
18545.0 40444.0
18596.0 40337.0
19912.0 40313.0
21266.0 40310.0
21342.0 40064.0
21708.0 39975.0
24516.0 39972.0
24592.0 39916.0
24820.0 39865.0
25513.0 39758.0
27894.0 39757.0
28687.0 39755.0
28763.0 39632.0
31937.0 39629.0
32013.0 39573.0
32934.0 39519.0
36184.0 39386.0
39434.0 39327.0
43605.0 39153.0
46779.0 39150.0

16515.0 41473.0
16595.0 41241.0
17095.0 41015.0
17171.0 40768.0
18092.0 40466.0
18545.0 40444.0
18596.0 40337.0
19912.0 40313.0
21266.0 40310.0
21342.0 40064.0
21708.0 39975.0
24516.0 39972.0
24592.0 39916.0
24820.0 39865.0
25513.0 39758.0
28687.0 39755.0
28763.0 39632.0
31937.0 39629.0
32013.0 39573.0
32934.0 39525.0
36184.0 39386.0
39434.0 39327.0
43605.0 39153.0
46779.0 39150.0

16023.0 47400.0
16156.0 46336.0
16515.0 41267.0
16595.0 41035.0
17095.0 40954.0
17171.0 40768.0
18092.0 40466.0
18545.0 40444.0
18596.0 40337.0
19912.0 40313.0
21266.0 40310.0
21342.0 40064.0
21708.0 39975.0
24516.0 39972.0
24592.0 39916.0
24820.0 39865.0
25513.0 39758.0
27894.0 39757.0
28763.0 39631.0
31937.0 39629.0
32013.0 39572.0
32934.0 39511.0
36184.0 39385.0
39434.0 39327.0
43605.0 39153.0
46779.0 39150.0

16495.0 51856.0
16515.0 42178.0
16571.0 41718.0
17095.0 41015.0
17171.0 40768.0
18092.0 40466.0
18545.0 40444.0
18596.0 40337.0
19912.0 40313.0
21266.0 40312.0
21342.0 40064.0
21708.0 39975.0
24516.0 39972.0
24592.0 39916.0
24820.0 39865.0
25513.0 39758.0
28687.0 39755.0
28763.0 39632.0
31937.0 39629.0
32013.0 39573.0
32934.0 39525.0
36184.0 39386.0
39434.0 39380.0
42684.0 39291.0
43605.0 39153.0
46779.0 39150.0

16515.0 41267.0
16595.0 41035.0
17095.0 40954.0
17171.0 40768.0
18092.0 40466.0
18545.0 40444.0
18596.0 40337.0
19912.0 40313.0
21266.0 40310.0
21342.0 40064.0
21708.0 39975.0
24516.0 39972.0
24592.0 39916.0
24820.0 39865.0
25513.0 39758.0
27894.0 39757.0
28687.0 39755.0
28763.0 39632.0
31937.0 39629.0
32013.0 39573.0
32934.0 39512.0
36184.0 39386.0
39358.0 39383.0
39434.0 39327.0
40355.0 39319.0
42684.0 39291.0
43529.0 39276.0
43605.0 39153.0
46779.0 39150.0
49953.0 39149.0

16515.0 41473.0
16595.0 41241.0
17095.0 41015.0
17171.0 40768.0
18092.0 40466.0
18545.0 40444.0
18596.0 40337.0
19912.0 40313.0
21266.0 40310.0
21342.0 40064.0
21708.0 39975.0
24516.0 39972.0
24592.0 39916.0
24820.0 39865.0
25513.0 39758.0
28687.0 39755.0
28763.0 39632.0
31937.0 39629.0
32013.0 39573.0
32934.0 39525.0
36184.0 39386.0
39358.0 39383.0
39434.0 39327.0
42684.0 39291.0
43605.0 39153.0
46779.0 39150.0

16515.0 41267.0
16595.0 41035.0
17095.0 40954.0
17171.0 40768.0
18092.0 40466.0
18545.0 40444.0
18596.0 40337.0
19912.0 40313.0
21266.0 40310.0
21342.0 40064.0
21708.0 39975.0
24516.0 39972.0
24592.0 39916.0
24820.0 39865.0
25513.0 39758.0
27894.0 39757.0
28687.0 39755.0
28763.0 39632.0
31937.0 39629.0
32013.0 39573.0
32934.0 39512.0
36184.0 39386.0
39434.0 39327.0
42684.0 39291.0
43605.0 39153.0
46779.0 39150.0

16515.0 41267.0
16595.0 41035.0
17095.0 40954.0
17171.0 40768.0
18092.0 40466.0
18545.0 40444.0
18596.0 40337.0
19912.0 40313.0
21266.0 40310.0
21342.0 40064.0
21708.0 39975.0
24516.0 39972.0
24592.0 39916.0
24820.0 39865.0
25513.0 39758.0
27894.0 39757.0
28687.0 39755.0
28763.0 39631.0
31937.0 39629.0
32013.0 39573.0
32934.0 39512.0
36184.0 39386.0
39358.0 39383.0
39434.0 39327.0
40355.0 39279.0
43529.0 39276.0
43605.0 39153.0
46779.0 39150.0
46855.0 39094.0
50029.0 39091.0
50105.0 39058.0
57450.0 39032.0


