16023.0 42322.0
16156.0 41879.0
16595.0 41640.0
16956.0 41536.0
17095.0 41471.0
17171.0 41422.0
18092.0 40466.0
18545.0 40444.0
18596.0 40337.0
19912.0 40313.0
21266.0 40310.0
21342.0 40064.0
21708.0 39975.0
24516.0 39972.0
24592.0 39915.0
24820.0 39865.0
25513.0 39758.0
27894.0 39757.0
28763.0 39631.0
31937.0 39629.0
32013.0 39572.0
32934.0 39524.0
36184.0 39399.0
39434.0 39327.0
40355.0 39278.0
43605.0 39153.0
46855.0 39133.0

16023.0 43604.0
16156.0 42540.0
16515.0 42497.0
16595.0 42308.0
16816.0 41763.0
16956.0 41576.0
16990.0 41417.0
17516.0 41185.0
18016.0 41110.0
18092.0 40466.0
18545.0 40444.0
18596.0 40337.0
19912.0 40313.0
21266.0 40310.0
21342.0 40064.0
21708.0 39975.0
24516.0 39974.0
24592.0 39916.0
25513.0 39758.0
28763.0 39632.0
31937.0 39629.0
32934.0 39525.0
36184.0 39385.0
43605.0 39317.0

16023.0 43604.0
16156.0 41932.0
16595.0 41700.0
16956.0 41576.0
16990.0 41417.0
17516.0 41185.0
18016.0 41110.0
18092.0 40466.0
18545.0 40444.0
18596.0 40337.0
19912.0 40313.0
21266.0 40310.0
21342.0 40064.0
21708.0 39975.0
24516.0 39972.0
24592.0 39915.0
25513.0 39758.0
28687.0 39755.0
28763.0 39631.0
31937.0 39629.0
32013.0 39573.0
32934.0 39525.0
36184.0 39385.0
39434.0 39351.0
43605.0 39317.0
46779.0 39303.0
49529.0 39156.0

16023.0 42977.0
16156.0 42540.0
16515.0 41770.0
16816.0 41366.0
17516.0 41134.0
18016.0 41053.0
18092.0 40466.0
18545.0 40444.0
18596.0 40337.0
19912.0 40313.0
21266.0 40310.0
21342.0 40064.0
21708.0 39975.0
24516.0 39972.0
24592.0 39915.0
24820.0 39884.0
25513.0 39758.0
28687.0 39755.0
28763.0 39631.0
31937.0 39629.0
32013.0 39573.0
32934.0 39525.0
36184.0 39385.0
39434.0 39351.0
43605.0 39317.0
46779.0 39303.0
49529.0 39156.0

16023.0 42369.0
16156.0 41932.0
16595.0 41700.0
16816.0 41681.0
16956.0 41570.0
16990.0 41387.0
17516.0 41155.0
18016.0 41074.0
18092.0 40466.0
18545.0 40444.0
18596.0 40337.0
19912.0 40313.0
21266.0 40310.0
21342.0 40064.0
21708.0 39975.0
24516.0 39972.0
24592.0 39916.0
25513.0 39758.0
28687.0 39755.0
28763.0 39631.0
31937.0 39629.0
32013.0 39573.0
32934.0 39525.0
36184.0 39385.0
39434.0 39351.0
43605.0 39317.0

16023.0 42983.0
16156.0 42540.0
16515.0 41770.0
16816.0 41366.0
17516.0 41134.0
18016.0 41053.0
18092.0 40466.0
18545.0 40444.0
18596.0 40337.0
19912.0 40313.0
21266.0 40310.0
21342.0 40064.0
21708.0 39975.0
24516.0 39972.0
24592.0 39916.0
24820.0 39905.0
25513.0 39758.0
27894.0 39757.0
28687.0 39755.0
28763.0 39631.0
31937.0 39628.0
32934.0 39525.0
36108.0 39522.0
36184.0 39385.0
43605.0 39317.0
46779.0 39316.0

16023.0 43604.0
16156.0 41932.0
16595.0 41700.0
16956.0 41576.0
16990.0 41396.0
17516.0 41164.0
18016.0 41074.0
18092.0 40466.0
18545.0 40444.0
18596.0 40337.0
19912.0 40313.0
21266.0 40310.0
21342.0 40064.0
21708.0 39975.0
24516.0 39972.0
24592.0 39916.0
25513.0 39758.0
28687.0 39755.0
28763.0 39631.0
31937.0 39629.0
32934.0 39525.0
36184.0 39385.0
43605.0 39317.0

16023.0 42369.0
16156.0 41932.0
16515.0 41267.0
16595.0 41035.0
17095.0 40954.0
17171.0 40768.0
18092.0 40466.0
18545.0 40444.0
18596.0 40337.0
19912.0 40313.0
21266.0 40310.0
21342.0 40064.0
21708.0 39975.0
24516.0 39972.0
24592.0 39915.0
24820.0 39865.0
25513.0 39758.0
28687.0 39755.0
28763.0 39631.0
31937.0 39629.0
32013.0 39573.0
32934.0 39512.0
36108.0 39511.0
36184.0 39385.0
39434.0 39351.0
40355.0 39286.0
46855.0 39118.0

16023.0 43604.0
16156.0 42540.0
16515.0 42497.0
16595.0 42308.0
16816.0 41763.0
16956.0 41536.0
16990.0 41417.0
17516.0 41173.0
18016.0 41074.0
18092.0 40466.0
18545.0 40444.0
18596.0 40337.0
19912.0 40313.0
21266.0 40310.0
21342.0 40064.0
21708.0 39975.0
24516.0 39972.0
24592.0 39916.0
25513.0 39758.0
28687.0 39755.0
28763.0 39631.0
31937.0 39629.0
32013.0 39573.0
32934.0 39525.0
36184.0 39385.0
39434.0 39351.0
43605.0 39317.0

16023.0 43604.0
16156.0 41932.0
16515.0 41770.0
16595.0 41700.0
16816.0 41366.0
17516.0 41134.0
18016.0 41053.0
18092.0 40466.0
18545.0 40444.0
18596.0 40337.0
19912.0 40313.0
21266.0 40310.0
21342.0 40064.0
21708.0 39975.0
24516.0 39972.0
24592.0 39915.0
25513.0 39758.0
27894.0 39757.0
28687.0 39755.0
28763.0 39631.0
31937.0 39629.0
32013.0 39573.0
32934.0 39525.0
36108.0 39522.0
36184.0 39385.0
39434.0 39351.0
43605.0 39317.0
46779.0 39303.0
46855.0 39118.0

16023.0 43604.0
16156.0 42540.0
16515.0 42041.0
16816.0 41681.0
16956.0 41570.0
16990.0 41387.0
17516.0 41185.0
18016.0 41104.0
18092.0 40466.0
18545.0 40444.0
18596.0 40337.0
19912.0 40313.0
21266.0 40310.0
21342.0 40064.0
21708.0 39975.0
24516.0 39972.0
24592.0 39915.0
24820.0 39865.0
25513.0 39758.0
27894.0 39757.0
28687.0 39755.0
28763.0 39631.0
31937.0 39629.0
32013.0 39572.0
32934.0 39525.0
36108.0 39511.0
36184.0 39385.0
39434.0 39327.0
40355.0 39279.0
43605.0 39152.0
46855.0 39118.0
51026.0 39070.0


