18092.0 83031.0
18545.0 83009.0
18596.0 82722.0
18615.0 80938.0
19912.0 80898.0
20345.0 80895.0
20387.0 80855.0
21266.0 80852.0
21342.0 80251.0
21708.0 80130.0
24516.0 80127.0
24592.0 80032.0
24820.0 79856.0
25513.0 79701.0
27766.0 79700.0
27842.0 79646.0
28687.0 79638.0
28763.0 79388.0
31937.0 79387.0
32013.0 79204.0
32934.0 79097.0
36184.0 78909.0
39434.0 78725.0
42684.0 78708.0
43605.0 78457.0
46855.0 78415.0

16136.0 100580.0
16816.0 92029.0
17465.0 86036.0
17516.0 85785.0
18016.0 85391.0
18092.0 83061.0
18545.0 83039.0
18596.0 81900.0
19912.0 81762.0
19946.0 81685.0
20766.0 81358.0
21266.0 81166.0
21342.0 80692.0
21708.0 80680.0
22263.0 80645.0
24592.0 80475.0
24750.0 80467.0
25437.0 80455.0
25513.0 79966.0
27894.0 79884.0
28763.0 79608.0
32013.0 79570.0
32934.0 79396.0
36108.0 79348.0
36184.0 79295.0
39434.0 79204.0
43529.0 79101.0
43605.0 79003.0
50105.0 78557.0
56453.0 78337.0
57526.0 78073.0
60700.0 77950.0
63874.0 77944.0

20742.0 96673.0
23992.0 94419.0
24820.0 93165.0
26643.0 92537.0
27913.0 89856.0

20742.0 96673.0
21627.0 93852.0
24051.0 91812.0
27913.0 89856.0

17492.0 83639.0
17516.0 83407.0
18092.0 81656.0
18526.0 81634.0
18545.0 81617.0
18596.0 81134.0
18615.0 80888.0
19912.0 80864.0
20387.0 80840.0
21266.0 80839.0
21342.0 80206.0
21708.0 80116.0
24516.0 80115.0
24592.0 79968.0
25513.0 79682.0
27894.0 79593.0
28763.0 79340.0
31937.0 79339.0
32013.0 79278.0
32934.0 79036.0
36184.0 78784.0
43605.0 78674.0

17492.0 84546.0
17516.0 84132.0
18092.0 81435.0
18545.0 81413.0
18596.0 80945.0
19912.0 80921.0
21266.0 80899.0
21342.0 80423.0
21708.0 80245.0
24592.0 80186.0
24820.0 80017.0
25513.0 79909.0
28763.0 79538.0
38158.0 79480.0

17492.0 84546.0
17516.0 84132.0
18092.0 81435.0
18545.0 81413.0
18596.0 80945.0
19912.0 80921.0
21266.0 80899.0
21342.0 80423.0
21708.0 80245.0
24592.0 80186.0
24820.0 80017.0
25513.0 79909.0
28763.0 79538.0
38158.0 79480.0

17492.0 84546.0
17516.0 84132.0
18092.0 81435.0
18545.0 81413.0
18596.0 80945.0
19912.0 80921.0
21266.0 80899.0
21342.0 80423.0
21708.0 80245.0
24592.0 80186.0
24820.0 80017.0
25513.0 79909.0
28763.0 79538.0
38158.0 79480.0

17492.0 84546.0
17516.0 84132.0
18092.0 81435.0
18545.0 81413.0
18596.0 80945.0
19912.0 80921.0
21266.0 80899.0
21342.0 80423.0
21708.0 80245.0
24592.0 80186.0
24820.0 80017.0
25513.0 79909.0
28763.0 79538.0
38158.0 79480.0

17492.0 84546.0
17516.0 84132.0
18092.0 81435.0
18545.0 81413.0
18596.0 80945.0
19912.0 80921.0
21266.0 80899.0
21342.0 80423.0
21708.0 80245.0
24592.0 80186.0
24820.0 80017.0
25513.0 79909.0
28763.0 79538.0
38158.0 79480.0

17492.0 84546.0
17516.0 84132.0
18092.0 81435.0
18545.0 81413.0
18596.0 80945.0
19912.0 80921.0
21266.0 80899.0
21342.0 80423.0
21708.0 80245.0
24592.0 80186.0
24820.0 80017.0
25513.0 79909.0
28763.0 79538.0
38158.0 79480.0

17492.0 84546.0
17516.0 84132.0
18092.0 81435.0
18545.0 81413.0
18596.0 80945.0
19912.0 80921.0
21266.0 80899.0
21342.0 80423.0
21708.0 80245.0
24592.0 80186.0
24820.0 80017.0
25513.0 79909.0
28763.0 79538.0
38158.0 79480.0

17492.0 84546.0
17516.0 84132.0
18092.0 81435.0
18545.0 81413.0
18596.0 80945.0
19912.0 80921.0
21266.0 80899.0
21342.0 80423.0
21708.0 80245.0
24592.0 80186.0
24820.0 80017.0
25513.0 79909.0
28763.0 79538.0
38158.0 79480.0

17492.0 84546.0
17516.0 84132.0
18092.0 81435.0
18545.0 81413.0
18596.0 80945.0
19912.0 80921.0
21266.0 80899.0
21342.0 80423.0
21708.0 80245.0
24592.0 80186.0
24820.0 80017.0
25513.0 79909.0
28763.0 79538.0
38158.0 79480.0

17492.0 84546.0
17516.0 84132.0
18092.0 81435.0
18545.0 81413.0
18596.0 80945.0
19912.0 80921.0
21266.0 80899.0
21342.0 80423.0
21708.0 80245.0
24592.0 80186.0
24820.0 80017.0
25513.0 79909.0
28763.0 79538.0
38158.0 79480.0


