16922.0 88057.0
16956.0 87763.0
17492.0 83593.0
18092.0 81413.0
18596.0 80848.0
19912.0 80784.0
21266.0 80781.0
21342.0 80373.0
21708.0 79950.0
24516.0 79947.0
24592.0 79854.0
25513.0 79688.0
27766.0 79687.0
27842.0 79652.0
28687.0 79649.0
28763.0 79328.0
32013.0 79168.0
35263.0 79133.0
36108.0 79078.0
36184.0 78920.0
39358.0 78917.0
39434.0 78781.0
42608.0 78718.0
43529.0 78599.0
45782.0 78598.0
46779.0 78473.0
50029.0 78391.0

16164.0 110246.0
16515.0 98970.0
16675.0 98478.0
16745.0 98472.0
16816.0 89676.0
16956.0 86517.0
17996.0 85722.0
18016.0 85719.0
18092.0 82653.0
18596.0 82204.0
18615.0 81118.0
21266.0 81104.0
21342.0 80591.0
21708.0 80372.0
24592.0 80172.0
25513.0 79872.0
27843.0 79811.0
28687.0 79730.0
28763.0 79636.0
29684.0 79605.0
31937.0 79555.0
32013.0 79449.0
32934.0 79203.0
36184.0 78970.0
40355.0 78955.0
42684.0 78935.0
43605.0 78722.0
46855.0 78386.0
50029.0 78235.0
53279.0 78192.0
56453.0 78144.0
57450.0 78070.0
60624.0 78061.0
60700.0 77968.0
63874.0 77944.0

19219.0 98691.0
21708.0 96963.0
22020.0 92824.0
23069.0 91816.0
23316.0 89345.0

18805.0 102150.0
19219.0 98691.0
19812.0 93026.0
20387.0 92666.0
21021.0 89581.0
23316.0 89345.0
25010.0 87782.0
28763.0 87480.0
31437.0 86298.0

17996.0 89440.0
18092.0 81977.0
18545.0 81960.0
18596.0 81593.0
18615.0 80874.0
19912.0 80850.0
20387.0 80810.0
21266.0 80807.0
21342.0 80395.0
21708.0 80306.0
24516.0 80303.0
24592.0 79999.0
25513.0 79625.0
27894.0 79574.0
28763.0 79407.0
31937.0 79404.0
32013.0 79313.0
32934.0 79095.0
36184.0 78928.0
39434.0 78852.0
40355.0 78721.0
43605.0 78617.0

17345.0 83861.0
17516.0 83610.0
18092.0 81992.0
18596.0 80959.0
21266.0 80871.0
21342.0 80588.0
21708.0 80143.0
24516.0 80100.0
27766.0 80057.0
27843.0 80030.0
27894.0 79973.0
28763.0 79554.0
32013.0 79508.0
32934.0 79409.0
35187.0 79182.0
40355.0 79038.0
43605.0 79004.0
47776.0 78956.0

17345.0 83861.0
17516.0 83610.0
18092.0 81992.0
18596.0 80959.0
21266.0 80871.0
21342.0 80588.0
21708.0 80143.0
24516.0 80100.0
27766.0 80057.0
27843.0 80030.0
27894.0 79973.0
28763.0 79554.0
32013.0 79508.0
32934.0 79409.0
35187.0 79182.0
40355.0 79038.0
43605.0 79004.0
47776.0 78956.0

17345.0 83861.0
17516.0 83610.0
18092.0 81992.0
18596.0 80959.0
21266.0 80871.0
21342.0 80588.0
21708.0 80143.0
24516.0 80100.0
27766.0 80057.0
27843.0 80030.0
27894.0 79973.0
28763.0 79554.0
32013.0 79508.0
32934.0 79409.0
35187.0 79182.0
40355.0 79038.0
43605.0 79004.0
47776.0 78956.0

17345.0 83861.0
17516.0 83610.0
18092.0 81992.0
18596.0 80959.0
21266.0 80871.0
21342.0 80588.0
21708.0 80143.0
24516.0 80100.0
27766.0 80057.0
27843.0 80030.0
27894.0 79973.0
28763.0 79554.0
32013.0 79508.0
32934.0 79409.0
35187.0 79182.0
40355.0 79038.0
43605.0 79004.0
47776.0 78956.0

17345.0 83861.0
17516.0 83610.0
18092.0 81992.0
18545.0 81763.0
18596.0 80959.0
21266.0 80871.0
21342.0 80588.0
21708.0 80143.0
24516.0 80099.0
27766.0 80057.0
27843.0 80030.0
27894.0 79973.0
28763.0 79554.0
32013.0 79508.0
32934.0 79409.0
35187.0 79182.0
40355.0 79038.0
43605.0 79004.0
47776.0 78956.0

17345.0 83861.0
17516.0 83610.0
18092.0 81992.0
18596.0 80959.0
21266.0 80871.0
21342.0 80588.0
21708.0 80143.0
24516.0 80099.0
25513.0 80081.0
27766.0 80057.0
27843.0 80030.0
27894.0 79973.0
28763.0 79554.0
32013.0 79508.0
32934.0 79301.0
35187.0 79182.0
36184.0 79147.0
40355.0 79038.0
43605.0 79004.0
47776.0 78956.0

17345.0 83861.0
17516.0 83610.0
18092.0 81992.0
18596.0 80959.0
21266.0 80871.0
21342.0 80588.0
21708.0 80143.0
24516.0 80099.0
25513.0 80081.0
27766.0 80057.0
27843.0 80030.0
27894.0 79973.0
28763.0 79554.0
32013.0 79508.0
32934.0 79301.0
35187.0 79182.0
36184.0 79147.0
40355.0 79038.0
43605.0 79004.0
47776.0 78956.0

17345.0 83861.0
17516.0 83610.0
18092.0 81992.0
18596.0 80959.0
21266.0 80871.0
21342.0 80588.0
21708.0 80143.0
24516.0 80099.0
25513.0 80081.0
27766.0 80057.0
27843.0 80030.0
27894.0 79973.0
28763.0 79554.0
32013.0 79508.0
32934.0 79301.0
35187.0 79182.0
36184.0 79147.0
40355.0 79038.0
43605.0 79004.0
47776.0 78956.0

17345.0 83861.0
17516.0 83610.0
18092.0 81992.0
18545.0 81763.0
18596.0 80959.0
21266.0 80871.0
21342.0 80588.0
21708.0 80143.0
24516.0 80099.0
25513.0 80081.0
27766.0 80057.0
27843.0 80030.0
27894.0 79973.0
28763.0 79554.0
32013.0 79508.0
32934.0 79301.0
35187.0 79182.0
36184.0 79147.0
40355.0 79038.0
43605.0 79004.0
47776.0 78956.0

17345.0 83861.0
17516.0 83610.0
18092.0 81992.0
18596.0 80959.0
21266.0 80871.0
21342.0 80588.0
21708.0 80143.0
24516.0 80100.0
27766.0 80057.0
27843.0 80030.0
27894.0 79973.0
28763.0 79554.0
32013.0 79508.0
32934.0 79409.0
35187.0 79182.0
40355.0 79038.0
43605.0 79004.0
47776.0 78956.0


