16816.0 85907.0
16956.0 85837.0
16990.0 83355.0
17516.0 82794.0
18016.0 82695.0
18092.0 81320.0
18545.0 81298.0
18596.0 80769.0
19912.0 80745.0
21266.0 80742.0
21342.0 80251.0
21708.0 79950.0
24516.0 79947.0
24592.0 79890.0
24801.0 79889.0
25513.0 79604.0
27894.0 79514.0
28687.0 79512.0
28763.0 79264.0
31937.0 79260.0
32013.0 79205.0
32934.0 79022.0
36184.0 78838.0
39358.0 78835.0
39434.0 78712.0
40355.0 78661.0
42608.0 78626.0
43529.0 78623.0
43605.0 78413.0
46855.0 78287.0

16515.0 93334.0
16519.0 88898.0
16595.0 85604.0
17095.0 85571.0
18016.0 85385.0
18092.0 82629.0
18596.0 82188.0
18615.0 81515.0
19946.0 81252.0
21266.0 81103.0
21342.0 80577.0
21708.0 80497.0
22263.0 80468.0
24516.0 80424.0
24592.0 80247.0
24820.0 80081.0
25513.0 80056.0
27842.0 79835.0
27913.0 79823.0
28763.0 79755.0
32013.0 79333.0
36184.0 79235.0
39358.0 79044.0
42608.0 78984.0
42684.0 78800.0
43605.0 78673.0
46855.0 78573.0
50029.0 78540.0
53203.0 78315.0
56453.0 78108.0
57450.0 78022.0
60624.0 78014.0
60700.0 77946.0
63874.0 77944.0

20438.0 102331.0
20857.0 100650.0
21266.0 93611.0
24913.0 93130.0
27243.0 88677.0

18446.0 97142.0
19505.0 93849.0
20438.0 93490.0
22461.0 93100.0
24201.0 91522.0
25010.0 89965.0
27243.0 88677.0
28000.0 87868.0
32934.0 83646.0

16816.0 87674.0
16956.0 86493.0
16990.0 84197.0
17345.0 83899.0
17516.0 83142.0
18016.0 83043.0
18092.0 81791.0
18545.0 81774.0
18596.0 81089.0
19912.0 81041.0
21266.0 80934.0
21342.0 80193.0
21708.0 80015.0
24516.0 80011.0
24592.0 79955.0
25513.0 79581.0
27894.0 79580.0
28687.0 79578.0
28763.0 79328.0
31937.0 79326.0
32013.0 79204.0
32934.0 79101.0
36184.0 78772.0
39434.0 78743.0
43605.0 78539.0

17492.0 87608.0
17745.0 83836.0
18016.0 83766.0
18092.0 82161.0
18545.0 81794.0
18596.0 81031.0
19912.0 80937.0
21266.0 80934.0
21342.0 80332.0
21708.0 80104.0
24592.0 80035.0
25513.0 79987.0
27843.0 79936.0
28763.0 79457.0
32013.0 79422.0
36184.0 79359.0
39358.0 79357.0
39434.0 79245.0
40355.0 79196.0
43605.0 79052.0
46855.0 79048.0

17492.0 87608.0
17745.0 83836.0
18016.0 83766.0
18092.0 82161.0
18545.0 81794.0
18596.0 81031.0
19912.0 80937.0
21266.0 80934.0
21342.0 80332.0
21708.0 80104.0
24592.0 80035.0
25513.0 79987.0
27843.0 79936.0
28763.0 79457.0
32013.0 79422.0
36184.0 79359.0
39358.0 79357.0
39434.0 79245.0
40355.0 79196.0
43605.0 79052.0
46855.0 79048.0

17492.0 87608.0
17745.0 83836.0
18016.0 83766.0
18092.0 82161.0
18494.0 82108.0
18545.0 81794.0
18596.0 81031.0
19912.0 80937.0
21266.0 80934.0
21342.0 80332.0
21708.0 80104.0
24592.0 80035.0
25513.0 79987.0
27843.0 79936.0
28763.0 79457.0
32013.0 79422.0
36184.0 79359.0
39358.0 79357.0
39434.0 79245.0
40355.0 79196.0
43605.0 79052.0
46855.0 79048.0

17492.0 87608.0
17745.0 83836.0
18016.0 83766.0
18092.0 82161.0
18545.0 81794.0
18596.0 81031.0
19912.0 80937.0
21266.0 80934.0
21342.0 80332.0
21708.0 80104.0
24592.0 80035.0
25513.0 79987.0
27843.0 79936.0
28763.0 79457.0
32013.0 79422.0
36184.0 79359.0
39358.0 79357.0
39434.0 79245.0
40355.0 79196.0
43605.0 79052.0
46855.0 79048.0

17492.0 87608.0
17745.0 83268.0
18092.0 82161.0
18545.0 81794.0
18596.0 81031.0
19912.0 80937.0
21266.0 80934.0
21342.0 80332.0
21657.0 80315.0
21708.0 80104.0
24592.0 80035.0
25513.0 79987.0
27843.0 79936.0
28763.0 79457.0
32013.0 79422.0
36184.0 79359.0
39358.0 79357.0
39434.0 79245.0
40355.0 79196.0
43605.0 79052.0
46855.0 79048.0

17492.0 83349.0
18092.0 82080.0
18494.0 82063.0
18545.0 81713.0
18596.0 81031.0
19912.0 80937.0
21266.0 80934.0
21342.0 80316.0
21708.0 80104.0
24592.0 80035.0
25513.0 79970.0
27843.0 79936.0
28763.0 79457.0
32013.0 79422.0
36184.0 79217.0
40355.0 79196.0
43605.0 78984.0
47776.0 78945.0

17145.0 87231.0
17171.0 85702.0
17492.0 83349.0
18016.0 83198.0
18092.0 82080.0
18494.0 82063.0
18545.0 81713.0
18596.0 81031.0
19912.0 80937.0
21266.0 80934.0
21342.0 80332.0
21708.0 80104.0
24592.0 80035.0
25513.0 79970.0
27843.0 79936.0
28763.0 79457.0
32013.0 79422.0
36184.0 79217.0
40355.0 79196.0
43605.0 78984.0
47776.0 78945.0

17492.0 83349.0
18092.0 82080.0
18494.0 82063.0
18545.0 81794.0
18596.0 81031.0
19912.0 80937.0
21266.0 80934.0
21342.0 80298.0
21708.0 80104.0
24592.0 80035.0
25513.0 79970.0
27843.0 79936.0
28763.0 79457.0
32013.0 79422.0
36184.0 79217.0
40355.0 79196.0
43605.0 78984.0
47776.0 78945.0

17492.0 83349.0
17745.0 83268.0
18092.0 82080.0
18494.0 82063.0
18545.0 81713.0
18596.0 81031.0
19912.0 80937.0
21266.0 80934.0
21342.0 80332.0
21708.0 80104.0
24592.0 80035.0
25513.0 79987.0
27843.0 79936.0
28763.0 79457.0
32013.0 79422.0
36184.0 79217.0
40355.0 79196.0
43605.0 78984.0
47776.0 78945.0

17492.0 87608.0
17745.0 83836.0
18016.0 83766.0
18092.0 82161.0
18545.0 81794.0
18596.0 81031.0
19912.0 80937.0
21266.0 80934.0
21342.0 80332.0
21708.0 80104.0
24592.0 80035.0
25513.0 79987.0
27843.0 79936.0
28763.0 79457.0
32013.0 79422.0
36184.0 79337.0
39358.0 79335.0
39434.0 79245.0
40355.0 79196.0
43605.0 79052.0
46855.0 79048.0


