16816.0 86316.0
17345.0 86278.0
17431.0 85965.0
17675.0 85740.0
17745.0 85365.0
18016.0 85246.0
18092.0 82847.0
18526.0 82785.0
18596.0 81077.0
18615.0 80874.0
19912.0 80834.0
20387.0 80810.0
21342.0 80479.0
21708.0 80162.0
24516.0 80159.0
24592.0 80000.0
25513.0 79594.0
27894.0 79592.0
28687.0 79591.0
28763.0 79341.0
32013.0 79281.0
32934.0 79100.0
36108.0 79091.0
36184.0 78850.0
39434.0 78848.0
42608.0 78602.0
43529.0 78599.0
43605.0 78538.0

16023.0 106136.0
16290.0 104955.0
16494.0 102078.0
16515.0 97045.0
16816.0 94188.0
17095.0 84956.0
17745.0 84866.0
18092.0 82404.0
18545.0 82387.0
18596.0 81558.0
18615.0 81433.0
19912.0 81205.0
21266.0 81180.0
21342.0 80809.0
21708.0 80580.0
24801.0 80501.0
25513.0 80143.0
28763.0 80046.0
31937.0 79895.0
32013.0 79426.0
36184.0 79180.0
39434.0 79143.0
45858.0 79057.0
50950.0 78945.0
53279.0 78275.0
56453.0 78259.0
60624.0 78014.0
60700.0 77950.0
63874.0 77944.0

18922.0 100150.0
20112.0 93312.0
25513.0 90936.0
28163.0 88502.0

18922.0 99496.0
20112.0 93312.0
22263.0 92967.0
23950.0 91668.0
25513.0 90807.0
26643.0 89007.0
28163.0 88502.0

17996.0 86817.0
18092.0 81350.0
18545.0 81333.0
18596.0 80674.0
19912.0 80626.0
21266.0 80622.0
21342.0 80366.0
21708.0 79950.0
24516.0 79947.0
24592.0 79855.0
24820.0 79804.0
25513.0 79625.0
27894.0 79574.0
28763.0 79262.0
32013.0 79169.0
32934.0 79113.0
36184.0 78783.0
39434.0 78755.0
40355.0 78574.0
43605.0 78304.0
46855.0 78263.0

16956.0 94851.0
17269.0 89058.0
17492.0 84933.0
18092.0 81548.0
18545.0 81501.0
18596.0 81315.0
18615.0 81121.0
19912.0 81097.0
19946.0 81057.0
21342.0 80513.0
21657.0 80410.0
21708.0 80322.0
24516.0 80214.0
25513.0 79928.0
27766.0 79898.0
28763.0 79676.0
31937.0 79605.0
32934.0 79509.0
36108.0 79443.0
36184.0 79263.0
44526.0 79165.0
47700.0 79164.0

16956.0 94851.0
17269.0 89058.0
17492.0 84933.0
18092.0 81548.0
18545.0 81501.0
18596.0 81315.0
18615.0 81121.0
19912.0 81097.0
19946.0 81057.0
21342.0 80513.0
21657.0 80410.0
21708.0 80322.0
24516.0 80214.0
25513.0 79928.0
27766.0 79898.0
28763.0 79676.0
31937.0 79605.0
32934.0 79509.0
36108.0 79443.0
36184.0 79263.0
44526.0 79165.0
47700.0 79164.0

16956.0 94851.0
17269.0 89058.0
17492.0 84933.0
18092.0 81548.0
18545.0 81501.0
18596.0 81315.0
18615.0 81121.0
19912.0 81097.0
19946.0 81057.0
21342.0 80513.0
21657.0 80410.0
21708.0 80322.0
24516.0 80214.0
25513.0 79928.0
27766.0 79898.0
28763.0 79676.0
31937.0 79605.0
32934.0 79509.0
36108.0 79443.0
36184.0 79263.0
44526.0 79165.0
47700.0 79164.0

16956.0 94851.0
17269.0 89058.0
17492.0 84933.0
18092.0 81548.0
18545.0 81501.0
18596.0 81315.0
18615.0 81121.0
19912.0 81097.0
19946.0 81057.0
21342.0 80513.0
21657.0 80410.0
21708.0 80322.0
24516.0 80214.0
25513.0 79928.0
27766.0 79898.0
28763.0 79676.0
31937.0 79605.0
32934.0 79509.0
36108.0 79443.0
36184.0 79263.0
44526.0 79165.0
47700.0 79164.0

16956.0 94851.0
17269.0 89058.0
17492.0 84933.0
18092.0 81548.0
18545.0 81501.0
18596.0 81315.0
18615.0 81121.0
19912.0 81097.0
19946.0 81057.0
21342.0 80513.0
21657.0 80410.0
21708.0 80322.0
24516.0 80214.0
25513.0 79928.0
27766.0 79898.0
28763.0 79676.0
31937.0 79605.0
32934.0 79509.0
36108.0 79443.0
36184.0 79263.0
44526.0 79165.0
47700.0 79164.0

16956.0 94851.0
17269.0 89058.0
17492.0 84933.0
18092.0 81548.0
18545.0 81501.0
18596.0 81315.0
18615.0 81121.0
19912.0 81097.0
19946.0 81057.0
21342.0 80513.0
21657.0 80410.0
21708.0 80322.0
24516.0 80214.0
25513.0 79928.0
27766.0 79898.0
28763.0 79676.0
31937.0 79605.0
32934.0 79509.0
36108.0 79443.0
36184.0 79263.0
44526.0 79165.0
47700.0 79164.0

16956.0 94851.0
17269.0 89058.0
17492.0 84933.0
18092.0 81548.0
18545.0 81501.0
18596.0 81315.0
18615.0 81121.0
19912.0 81097.0
19946.0 81057.0
21342.0 80513.0
21657.0 80410.0
21708.0 80322.0
24516.0 80214.0
25513.0 79928.0
27766.0 79898.0
28763.0 79676.0
31937.0 79605.0
32934.0 79509.0
36108.0 79443.0
36184.0 79263.0
44526.0 79165.0
47700.0 79164.0

16956.0 94851.0
17269.0 89058.0
17492.0 84933.0
18092.0 81548.0
18545.0 81501.0
18596.0 81315.0
18615.0 81121.0
19912.0 81097.0
19946.0 81057.0
21342.0 80513.0
21657.0 80410.0
21708.0 80322.0
24516.0 80214.0
25513.0 79928.0
27766.0 79898.0
28763.0 79676.0
31937.0 79605.0
32934.0 79509.0
36108.0 79443.0
36184.0 79263.0
44526.0 79165.0
47700.0 79164.0

16956.0 94851.0
17269.0 89058.0
17492.0 84933.0
18092.0 81548.0
18545.0 81501.0
18596.0 81315.0
18615.0 81121.0
19912.0 81097.0
19946.0 81057.0
21342.0 80513.0
21657.0 80410.0
21708.0 80322.0
24516.0 80214.0
25513.0 79928.0
27766.0 79898.0
28763.0 79676.0
31937.0 79605.0
32934.0 79509.0
36108.0 79443.0
36184.0 79263.0
44526.0 79165.0
47700.0 79164.0

16956.0 94851.0
17269.0 89058.0
17492.0 84933.0
18092.0 81548.0
18545.0 81501.0
18596.0 81315.0
18615.0 81121.0
19912.0 81097.0
19946.0 81057.0
21342.0 80513.0
21657.0 80410.0
21708.0 80322.0
24516.0 80214.0
25513.0 79928.0
27766.0 79898.0
28763.0 79676.0
31937.0 79605.0
32934.0 79509.0
36108.0 79443.0
36184.0 79263.0
44526.0 79165.0
47700.0 79164.0


