16816.0 87404.0
16956.0 86340.0
16990.0 83316.0
17516.0 82689.0
18016.0 82626.0
18092.0 81148.0
18596.0 80690.0
19912.0 80626.0
21342.0 80318.0
21708.0 80017.0
24516.0 80014.0
24592.0 79830.0
24820.0 79780.0
27766.0 79777.0
27842.0 79744.0
27913.0 79693.0
28763.0 79329.0
32013.0 79144.0
35263.0 79109.0
36184.0 79084.0
39434.0 78940.0

16023.0 104348.0
16156.0 103659.0
16515.0 94114.0
16870.0 91752.0
17492.0 91195.0
17516.0 88344.0
17745.0 85804.0
18092.0 83683.0
18526.0 83621.0
18596.0 82899.0
19946.0 82699.0
21266.0 82680.0
21342.0 81819.0
21708.0 80894.0
24592.0 80773.0
25513.0 80341.0
27766.0 80240.0
28763.0 79919.0
30936.0 79875.0
32013.0 79751.0
32934.0 79738.0
35187.0 79694.0
36184.0 79531.0
39358.0 79475.0
39434.0 79243.0
45858.0 78852.0
53279.0 78445.0
56453.0 78272.0
60624.0 78038.0
60700.0 77950.0
63874.0 77944.0

18122.0 104325.0
18596.0 95077.0
21108.0 94168.0
22020.0 89025.0
28687.0 88946.0

18122.0 104325.0
18596.0 95077.0
21108.0 94168.0
22020.0 89025.0
22950.0 88506.0
28687.0 87917.0
28763.0 87664.0
29684.0 83225.0
29916.0 83025.0
31025.0 82554.0

16990.0 83813.0
17516.0 83191.0
17745.0 82947.0
18016.0 82877.0
18092.0 81747.0
18526.0 81649.0
18596.0 81294.0
19912.0 81251.0
19946.0 81246.0
21266.0 81245.0
21342.0 80505.0
21708.0 80262.0
24516.0 80258.0
24592.0 80099.0
24820.0 79961.0
25513.0 79562.0
27894.0 79561.0
28687.0 79559.0
28763.0 79377.0
31937.0 79374.0
32013.0 79340.0
32934.0 79095.0
36184.0 78892.0
39434.0 78730.0
43605.0 78583.0
46855.0 78497.0

17095.0 92207.0
17492.0 84262.0
17516.0 83854.0
17745.0 83286.0
18092.0 81446.0
18545.0 81326.0
18596.0 81106.0
19912.0 81042.0
21266.0 81041.0
21342.0 80290.0
21708.0 80225.0
24592.0 80166.0
24801.0 80078.0
25513.0 79930.0
28763.0 79424.0

17095.0 92207.0
17492.0 84262.0
17516.0 83854.0
17745.0 83286.0
18092.0 81446.0
18545.0 81326.0
18596.0 81106.0
19912.0 81042.0
21266.0 81041.0
21342.0 80290.0
21708.0 80225.0
24592.0 80166.0
24801.0 80078.0
25513.0 79930.0
28763.0 79424.0

17095.0 92207.0
17492.0 84262.0
17516.0 83854.0
17745.0 83286.0
18092.0 81446.0
18545.0 81326.0
18596.0 81106.0
19912.0 81042.0
21266.0 81041.0
21342.0 80290.0
21708.0 80225.0
24592.0 80166.0
24801.0 80078.0
25513.0 79930.0
28763.0 79424.0

17095.0 92207.0
17492.0 84262.0
17516.0 83854.0
17745.0 83286.0
18092.0 81446.0
18545.0 81326.0
18596.0 81106.0
19912.0 81042.0
21266.0 81041.0
21342.0 80290.0
21708.0 80225.0
24592.0 80166.0
24801.0 80078.0
25513.0 79930.0
28763.0 79424.0

17095.0 92207.0
17492.0 84262.0
17516.0 83854.0
17745.0 83286.0
18092.0 81446.0
18545.0 81326.0
18596.0 81106.0
19912.0 81042.0
21266.0 81041.0
21342.0 80290.0
21708.0 80225.0
24592.0 80166.0
24801.0 80078.0
25513.0 79930.0
28763.0 79424.0

17095.0 92207.0
17492.0 84262.0
17516.0 83854.0
17745.0 83286.0
18092.0 81446.0
18545.0 81326.0
18596.0 81106.0
19912.0 81042.0
21266.0 81041.0
21342.0 80290.0
21708.0 80225.0
24592.0 80166.0
24801.0 80078.0
25513.0 79930.0
28763.0 79424.0

17095.0 92207.0
17492.0 84262.0
17516.0 83854.0
17745.0 83286.0
18092.0 81446.0
18545.0 81326.0
18596.0 81106.0
19912.0 81042.0
21266.0 81041.0
21342.0 80290.0
21708.0 80225.0
24592.0 80166.0
24801.0 80078.0
25513.0 79930.0
28763.0 79424.0

17095.0 92207.0
17492.0 84262.0
17516.0 83854.0
17745.0 83286.0
18092.0 81446.0
18545.0 81326.0
18596.0 81106.0
19912.0 81042.0
21266.0 81041.0
21342.0 80290.0
21708.0 80225.0
24592.0 80166.0
24801.0 80078.0
25513.0 79930.0
28763.0 79424.0

17095.0 92207.0
17492.0 84262.0
17516.0 83854.0
17745.0 83286.0
18092.0 81446.0
18545.0 81326.0
18596.0 81106.0
19912.0 81042.0
21266.0 81041.0
21342.0 80290.0
21708.0 80225.0
24592.0 80166.0
24801.0 80078.0
25513.0 79930.0
28763.0 79424.0

17095.0 92207.0
17492.0 84262.0
17516.0 83854.0
17745.0 83286.0
18092.0 81446.0
18545.0 81326.0
18596.0 81106.0
19912.0 81042.0
21266.0 81041.0
21342.0 80290.0
21708.0 80225.0
24592.0 80166.0
24801.0 80078.0
25513.0 79930.0
28763.0 79424.0


