20766.0 342003.0
20857.0 337808.0
21342.0 335811.0
21661.0 335332.0
21708.0 334885.0
23416.0 334657.0
23550.0 333821.0
24016.0 333376.0
24516.0 331850.0
24592.0 331770.0
24801.0 330612.0
25513.0 329039.0
27842.0 328887.0
27913.0 328790.0
28163.0 327220.0
28763.0 326333.0
29684.0 325607.0
32013.0 324152.0
32934.0 324047.0

21689.0 342468.0
21708.0 341928.0
22263.0 338119.0
23950.0 338052.0
24016.0 335382.0
24201.0 334187.0
24592.0 334079.0
24801.0 331944.0
24820.0 330294.0
25513.0 328575.0
27913.0 328312.0
29684.0 327688.0

21689.0 342468.0
21708.0 341928.0
22020.0 340254.0
22263.0 334866.0
22461.0 333199.0
22495.0 330948.0
24016.0 330753.0
24237.0 330145.0
24937.0 330085.0
25513.0 328575.0
27913.0 328312.0
29684.0 327653.0

21689.0 342468.0
21708.0 341928.0
21755.0 341882.0
22102.0 338523.0
22263.0 333964.0
23931.0 333084.0
24016.0 330403.0
24801.0 330310.0
24820.0 330062.0
25513.0 328524.0
27913.0 328116.0
29684.0 327456.0

21689.0 342468.0
21708.0 341928.0
22263.0 336452.0
22461.0 336192.0
22495.0 336072.0
23940.0 335329.0
23950.0 334820.0
24016.0 332589.0
24237.0 330514.0
24820.0 330272.0
25437.0 330269.0
25513.0 328575.0
27913.0 328312.0
29684.0 327688.0
39434.0 326816.0
42108.0 326143.0

21021.0 346479.0
21266.0 345103.0
21689.0 342468.0
21708.0 341928.0
22146.0 341358.0
22211.0 341090.0
22263.0 332422.0
22495.0 332163.0
23499.0 331275.0
24801.0 330335.0
24820.0 330294.0
24937.0 328873.0
25513.0 328575.0
27894.0 328433.0
27913.0 328312.0
28763.0 328024.0
29684.0 327688.0
38782.0 327221.0

21689.0 342468.0
21708.0 341928.0
22263.0 337324.0
23931.0 336799.0
23940.0 335650.0
24016.0 331092.0
24237.0 330937.0
24801.0 329447.0
25513.0 328575.0
27913.0 328312.0
29684.0 327688.0

21689.0 340948.0
22263.0 337120.0
22495.0 334166.0
23940.0 333768.0
23950.0 331988.0
24016.0 331158.0
24201.0 330919.0
24820.0 330294.0
25513.0 328575.0
27913.0 328312.0
29684.0 327688.0
32934.0 327144.0

21689.0 342468.0
21708.0 340328.0
22263.0 338119.0
22461.0 337023.0
23340.0 336570.0
23940.0 336061.0
23950.0 333663.0
24016.0 330517.0
24820.0 330294.0
25437.0 329993.0
25513.0 328575.0
27913.0 328312.0
29684.0 327688.0

21689.0 342468.0
21708.0 341693.0
22020.0 338601.0
22102.0 338523.0
22263.0 335043.0
23331.0 333665.0
23931.0 333519.0
24016.0 331000.0
24801.0 330979.0
24820.0 330294.0
25513.0 328575.0
27913.0 328116.0
29684.0 327688.0
36184.0 327246.0

21638.0 337879.0
21689.0 336146.0
21708.0 327816.0
22263.0 324203.0
25513.0 322984.0
31025.0 321089.0
31861.0 320760.0
32013.0 320317.0
41611.0 317678.0


