18615.0 259701.0
18671.0 257416.0
19145.0 256527.0
19146.0 256209.0
19505.0 255065.0
19980.0 253312.0
20066.0 252953.0
20438.0 252745.0
20457.0 251833.0
20766.0 251737.0
21342.0 247732.0
21689.0 247684.0
21708.0 247242.0
22263.0 245063.0
24592.0 245044.0
25513.0 243410.0
28187.0 243250.0
28763.0 242143.0
32934.0 241892.0
34687.0 241793.0

20238.0 258875.0
20955.0 252168.0
21089.0 250936.0
21657.0 250815.0
21689.0 249453.0
21708.0 247203.0
22263.0 245796.0
24750.0 245538.0
25513.0 245153.0
27266.0 244785.0
27894.0 244376.0
32934.0 244090.0

19505.0 253744.0
20742.0 252074.0
20955.0 251845.0
21089.0 250936.0
21266.0 250809.0
21342.0 246803.0
21657.0 246764.0
21661.0 246151.0
22263.0 245796.0
23950.0 245654.0
24016.0 245605.0
24516.0 245205.0
25513.0 243611.0
28687.0 243572.0
31937.0 242680.0
32934.0 242540.0

20066.0 254082.0
20742.0 252074.0
20955.0 251845.0
21089.0 250936.0
21342.0 248287.0
21587.0 247811.0
21708.0 246518.0
22263.0 245755.0
23950.0 245346.0
25513.0 244417.0
27894.0 244376.0
28763.0 244264.0
31937.0 243617.0
32013.0 243208.0
39358.0 242505.0

20066.0 254082.0
20742.0 252074.0
20955.0 251845.0
21089.0 250936.0
21342.0 248124.0
21708.0 245810.0
22263.0 245796.0
23316.0 245688.0
23950.0 245598.0
24750.0 245538.0
25437.0 245489.0
25513.0 244221.0
27766.0 243815.0
28763.0 243596.0
32934.0 242448.0
36184.0 242082.0

20066.0 253829.0
20742.0 252074.0
20955.0 251845.0
21089.0 250105.0
21342.0 247803.0
21708.0 246518.0
22263.0 245712.0
23950.0 245346.0
25513.0 244814.0
27266.0 244785.0
27894.0 244376.0
28763.0 243495.0
30440.0 242952.0
31937.0 242773.0
36184.0 242217.0
39358.0 241686.0

19946.0 258813.0
20066.0 254985.0
20666.0 254118.0
20955.0 252014.0
21089.0 250936.0
21342.0 248412.0
21708.0 246723.0
22263.0 245796.0
23950.0 245426.0
25513.0 244814.0
27266.0 244785.0
27894.0 244376.0
32934.0 244090.0

18596.0 252489.0
19146.0 247994.0
21342.0 247501.0
21708.0 246117.0
22263.0 245339.0
24516.0 245280.0
25513.0 244127.0
32934.0 244090.0

19946.0 258813.0
20066.0 254985.0
20666.0 254118.0
20955.0 252014.0
21089.0 250936.0
21342.0 248412.0
21708.0 246723.0
22263.0 245796.0
23950.0 245426.0
25513.0 243322.0
27766.0 243286.0
32934.0 242333.0
35187.0 242046.0
37105.0 241623.0

19946.0 258813.0
19980.0 254216.0
20066.0 252082.0
20838.0 251707.0
21089.0 250141.0
21342.0 247803.0
21708.0 246061.0
22263.0 245796.0
23950.0 245426.0
24237.0 245178.0
25513.0 244551.0
27190.0 244459.0
27894.0 244376.0
28187.0 244323.0
30885.0 244038.0
31937.0 243912.0
32934.0 243249.0
39358.0 243019.0
43605.0 242621.0

20238.0 258875.0
20766.0 253008.0
20838.0 250536.0
21342.0 247952.0
21638.0 245665.0
21689.0 245298.0
21708.0 243131.0
24801.0 242640.0
27843.0 242464.0
28763.0 241901.0
31025.0 239917.0
34190.0 238538.0
41611.0 238109.0
49032.0 237943.0


