19471.0 309000.0
19505.0 299569.0
20742.0 298283.0
20838.0 297924.0
20889.0 297879.0
21342.0 295656.0
21708.0 294516.0
22020.0 292629.0
22263.0 289769.0
23531.0 289738.0
24801.0 288151.0
24937.0 288038.0
25513.0 286738.0
27266.0 286578.0
28611.0 286023.0
28763.0 285447.0
29684.0 284578.0
30737.0 284549.0
31437.0 283445.0
31937.0 283378.0
36184.0 283258.0

20766.0 301002.0
21266.0 299912.0
21342.0 298347.0
21657.0 295949.0
21708.0 290910.0
22263.0 288783.0
23550.0 288551.0
25513.0 287896.0
28763.0 287419.0
36108.0 286897.0
36184.0 286797.0

20766.0 301002.0
21266.0 299912.0
21342.0 298347.0
21638.0 297563.0
21657.0 294576.0
21708.0 290910.0
22263.0 288783.0
23316.0 287861.0
23950.0 287774.0
25513.0 287595.0
28763.0 287171.0
29684.0 286902.0
36108.0 286897.0
36184.0 286677.0

20766.0 301002.0
21266.0 299912.0
21342.0 298347.0
21587.0 294532.0
21661.0 293163.0
21708.0 290910.0
22263.0 288783.0
23316.0 287662.0
24937.0 287426.0
28763.0 287019.0
29684.0 286852.0
32358.0 286510.0

20742.0 298164.0
21342.0 293627.0
21657.0 291350.0
21708.0 290910.0
22263.0 288783.0
23316.0 287861.0
23950.0 287774.0
24750.0 286945.0
25513.0 286230.0
28763.0 285843.0

20421.0 305620.0
20457.0 300094.0
20742.0 298936.0
21342.0 297944.0
21638.0 293893.0
21708.0 290910.0
22102.0 290511.0
22263.0 288384.0
23550.0 287680.0
25513.0 286601.0
28687.0 285884.0
45579.0 285346.0

20766.0 301002.0
21266.0 299912.0
21342.0 298347.0
21657.0 294576.0
21708.0 290910.0
22263.0 288783.0
23316.0 287861.0
23950.0 287774.0
25513.0 287595.0
28763.0 287419.0
36108.0 286897.0
36184.0 286797.0

20766.0 301002.0
21266.0 299912.0
21342.0 298347.0
21587.0 294215.0
21708.0 290910.0
22263.0 288783.0
23316.0 287861.0
23950.0 287774.0
25513.0 287569.0
27487.0 287405.0
32934.0 287023.0
36108.0 286897.0
36184.0 286797.0

20742.0 303205.0
20766.0 301002.0
21266.0 299912.0
21342.0 291219.0
21587.0 290394.0
21708.0 290091.0
21755.0 289245.0
22263.0 287685.0
24820.0 287331.0
25513.0 287294.0
27792.0 286590.0
28763.0 286507.0
31937.0 286459.0
32934.0 285758.0

20766.0 301002.0
21266.0 299912.0
21342.0 293741.0
21657.0 292137.0
21708.0 290123.0
22102.0 289279.0
22263.0 288377.0
23316.0 287387.0
25513.0 287000.0
34908.0 286986.0
36108.0 286872.0
36184.0 286797.0

19471.0 301859.0
19912.0 290757.0
21342.0 289848.0
21708.0 286735.0
25513.0 285473.0
27690.0 283872.0
28763.0 280086.0
35187.0 278702.0


