18148.0 126548.0
18526.0 126012.0
18596.0 123198.0
18615.0 122051.0
19112.0 121789.0
19912.0 121555.0
19946.0 121445.0
21266.0 121435.0
21342.0 120824.0
21708.0 120623.0
24516.0 120580.0
24592.0 120317.0
25513.0 119614.0
27843.0 119592.0
27894.0 119525.0
28763.0 119339.0
32013.0 119106.0
32934.0 118881.0
36184.0 118581.0
39434.0 118509.0
46855.0 118402.0

18092.0 123012.0
18545.0 122568.0
18596.0 122013.0
18615.0 121968.0
19912.0 121908.0
21266.0 121905.0
21342.0 121086.0
21708.0 120621.0
24516.0 120578.0
24592.0 120266.0
24801.0 120262.0
27894.0 120085.0
28763.0 119618.0
32013.0 119536.0
36184.0 119526.0
39434.0 119158.0

18092.0 122768.0
18545.0 122568.0
18596.0 122013.0
18615.0 121968.0
19912.0 121908.0
21266.0 121905.0
21342.0 121086.0
21708.0 120621.0
24516.0 120578.0
24592.0 120266.0
24801.0 120262.0
27894.0 120085.0
28687.0 120082.0
28763.0 119608.0
31937.0 119605.0
32013.0 119240.0
39434.0 119158.0

18092.0 122260.0
18596.0 121948.0
18615.0 121707.0
19912.0 121659.0
21266.0 121616.0
21342.0 121085.0
21708.0 120581.0
24516.0 120578.0
24592.0 120266.0
24801.0 120222.0
25513.0 120095.0
27894.0 120085.0
28687.0 120082.0
28763.0 119605.0
31937.0 119565.0
32013.0 119240.0
39434.0 119158.0

18092.0 122768.0
18545.0 122568.0
18596.0 122013.0
18615.0 121559.0
19946.0 121519.0
21266.0 121516.0
21342.0 120911.0
21657.0 120883.0
21708.0 120621.0
22263.0 120593.0
24516.0 120562.0
24592.0 120266.0
24801.0 120262.0
24820.0 120258.0
25513.0 120183.0
27862.0 119909.0
28763.0 119538.0
32013.0 119240.0
36184.0 119215.0
39434.0 119158.0

18092.0 122627.0
18545.0 122325.0
18596.0 121757.0
19912.0 121693.0
21342.0 121086.0
21708.0 120621.0
24516.0 120578.0
24592.0 120266.0
24801.0 120262.0
25513.0 120091.0
27862.0 119992.0
28763.0 119561.0
32013.0 119240.0
39434.0 119158.0

18092.0 122768.0
18545.0 122568.0
18596.0 122013.0
18615.0 121968.0
19912.0 121908.0
21266.0 121905.0
21342.0 121086.0
21708.0 120621.0
24516.0 120578.0
24592.0 120266.0
24801.0 120262.0
25513.0 120253.0
27894.0 120085.0
28763.0 119608.0
31937.0 119605.0
32013.0 119240.0
39434.0 119158.0

18092.0 122677.0
18545.0 122416.0
18596.0 121866.0
19946.0 121859.0
20838.0 121655.0
21342.0 121014.0
21657.0 121009.0
21708.0 120621.0
24516.0 120578.0
24592.0 120266.0
24801.0 120262.0
25513.0 120094.0
27843.0 120089.0
27862.0 120035.0
28763.0 119608.0
32013.0 119240.0
39434.0 119158.0

18092.0 122768.0
18545.0 122568.0
18596.0 122003.0
18615.0 121559.0
19912.0 121519.0
20387.0 121512.0
21266.0 121368.0
21342.0 120928.0
21657.0 120883.0
21708.0 120621.0
22263.0 120307.0
24592.0 120266.0
24801.0 120262.0
25513.0 120028.0
27894.0 120027.0
28763.0 119596.0
32013.0 119240.0
39434.0 119158.0

18092.0 122597.0
18545.0 122477.0
18596.0 121945.0
19912.0 121908.0
19946.0 121897.0
20838.0 121788.0
21266.0 121778.0
21342.0 121085.0
21708.0 120591.0
24516.0 120578.0
24592.0 120266.0
24801.0 120262.0
25513.0 120161.0
27894.0 120085.0
28687.0 120077.0
28763.0 119468.0
32013.0 119240.0
39434.0 119158.0

18092.0 123012.0
18545.0 122568.0
18596.0 121489.0
19912.0 121465.0
21266.0 121419.0
21342.0 120956.0
21657.0 120934.0
21708.0 120465.0
24516.0 120403.0
24592.0 120123.0
24801.0 119990.0
27792.0 119975.0
28763.0 118952.0
36184.0 118353.0
39358.0 118291.0


