18615.0 209592.0
19146.0 208209.0
19471.0 207261.0
19980.0 206501.0
20766.0 206441.0
20838.0 206430.0
20857.0 206393.0
21342.0 202807.0
21708.0 202756.0
22263.0 202167.0
24516.0 201996.0
25513.0 201509.0
28763.0 201402.0
32934.0 200958.0
36184.0 200746.0

18922.0 208290.0
20766.0 206952.0
21138.0 206694.0
21342.0 205591.0
21708.0 204177.0
23931.0 203681.0
24516.0 203637.0
24801.0 203484.0
24820.0 203314.0
25513.0 202659.0
28763.0 202280.0
31437.0 202237.0
32013.0 201422.0
36184.0 201114.0

18596.0 211902.0
18615.0 209617.0
18922.0 208290.0
19505.0 207065.0
20766.0 206952.0
21138.0 206694.0
21266.0 206556.0
21342.0 204673.0
21708.0 203995.0
23931.0 203681.0
24516.0 203455.0
24592.0 203082.0
24699.0 202867.0
24820.0 202816.0
25513.0 202659.0
28763.0 202280.0
31437.0 202237.0
32013.0 201422.0
36184.0 201114.0

18513.0 215548.0
18545.0 213399.0
18596.0 211902.0
18615.0 208093.0
18623.0 207317.0
19112.0 206679.0
20838.0 206450.0
21266.0 205331.0
21342.0 204646.0
21661.0 204012.0
21708.0 203571.0
22263.0 203176.0
24592.0 202736.0
25437.0 202253.0
27862.0 202003.0
28687.0 201969.0
32013.0 201422.0
36184.0 201114.0

18596.0 211902.0
18615.0 209845.0
18922.0 208290.0
20238.0 208133.0
20766.0 206952.0
21138.0 206694.0
21266.0 205445.0
21342.0 204952.0
21657.0 203847.0
23931.0 203681.0
24516.0 203455.0
24820.0 203314.0
25437.0 202893.0
25513.0 202659.0
28687.0 202316.0
28763.0 202280.0
31437.0 202237.0
32013.0 201422.0
36184.0 201114.0

18615.0 209274.0
18922.0 207826.0
20438.0 207700.0
20766.0 206952.0
21138.0 206694.0
21266.0 204342.0
21708.0 203266.0
24592.0 202833.0
24750.0 202790.0
25437.0 202214.0
28763.0 202130.0
31937.0 202008.0
32013.0 201422.0
36184.0 201114.0
42608.0 201006.0

18596.0 214073.0
18615.0 207350.0
19505.0 207157.0
20766.0 206952.0
21138.0 206694.0
21266.0 206189.0
21342.0 205439.0
21661.0 205054.0
21689.0 204871.0
21708.0 203596.0
24516.0 203455.0
24592.0 202838.0
24699.0 202306.0
28763.0 201470.0
32013.0 201046.0
36184.0 200420.0
39434.0 200399.0
43605.0 200368.0

18596.0 214073.0
18615.0 207350.0
19505.0 207157.0
20766.0 206952.0
21138.0 206694.0
21266.0 206189.0
21342.0 204962.0
21661.0 204688.0
21708.0 203470.0
22263.0 203409.0
23880.0 203197.0
23931.0 202968.0
24592.0 202605.0
24699.0 202306.0
27913.0 202255.0
28763.0 201680.0
32013.0 201256.0
36184.0 200420.0
39434.0 200399.0
43605.0 200368.0

18596.0 214073.0
18615.0 207350.0
19505.0 207157.0
20766.0 206952.0
21138.0 206694.0
21266.0 206189.0
21342.0 204721.0
21638.0 204488.0
21708.0 203596.0
24516.0 203455.0
24592.0 202605.0
24699.0 202306.0
27913.0 202255.0
28763.0 201470.0
32013.0 201046.0
36184.0 200420.0
39434.0 200399.0
43605.0 200368.0

18615.0 216443.0
18671.0 212397.0
18922.0 208008.0
19112.0 206995.0
19946.0 206130.0
21266.0 205030.0
21638.0 204864.0
21708.0 203823.0
22263.0 203767.0
23931.0 203681.0
23950.0 203475.0
24016.0 203378.0
24731.0 202933.0
25513.0 202211.0
29684.0 201998.0
31006.0 201866.0
31937.0 201626.0
32013.0 201422.0
36184.0 201114.0

18596.0 205368.0
21266.0 205337.0
21342.0 203405.0
21638.0 202993.0
21657.0 202930.0
22263.0 202913.0
24516.0 202772.0
24592.0 202117.0
24699.0 202003.0
24801.0 201052.0
28687.0 200777.0
29684.0 199616.0
30940.0 199406.0
34190.0 198923.0
41611.0 198320.0


