18856.0 263430.0
19505.0 252887.0
20066.0 252033.0
20666.0 250424.0
21266.0 250168.0
21342.0 249401.0
21708.0 247210.0
22102.0 246520.0
22263.0 245759.0
24516.0 245690.0
24820.0 245527.0
25513.0 243550.0
27842.0 243448.0
28763.0 242936.0
31937.0 242691.0
32013.0 242566.0
34687.0 242555.0
35187.0 242350.0
39358.0 242284.0
39434.0 241812.0

20742.0 256011.0
20857.0 255001.0
21108.0 253855.0
21266.0 249089.0
21587.0 248231.0
21657.0 247944.0
23316.0 247926.0
23817.0 247555.0
24237.0 246792.0
24801.0 246616.0
25437.0 245356.0
25513.0 244928.0
27913.0 244762.0
28687.0 244395.0
31437.0 244056.0
31937.0 243707.0
39358.0 243504.0

20457.0 258087.0
20742.0 256011.0
20857.0 255001.0
21108.0 253855.0
21266.0 249089.0
21587.0 248231.0
21657.0 247944.0
22263.0 245661.0
23940.0 244793.0
24592.0 244721.0
25513.0 244034.0
29684.0 243902.0
32934.0 243854.0
39358.0 243772.0
45282.0 243105.0

20457.0 258087.0
20742.0 256011.0
20857.0 255001.0
21108.0 253855.0
21266.0 248667.0
21342.0 248079.0
21657.0 247886.0
21661.0 247842.0
21708.0 246064.0
22263.0 244703.0
24750.0 244601.0
25513.0 244416.0
27043.0 243971.0
28763.0 243002.0
31437.0 242941.0
32358.0 242519.0

20457.0 258087.0
20742.0 256011.0
20857.0 255001.0
21108.0 253855.0
21266.0 249089.0
21342.0 248113.0
21657.0 247886.0
21661.0 247154.0
22263.0 246362.0
23316.0 246008.0
23480.0 245616.0
23550.0 245004.0
23950.0 244768.0
24592.0 244501.0
24937.0 244358.0
25437.0 244137.0
25513.0 243951.0
27843.0 243522.0
28687.0 243437.0
28763.0 243009.0
31937.0 242895.0
32013.0 242884.0
42032.0 242832.0

20178.0 256952.0
20742.0 256011.0
20857.0 254301.0
21089.0 252545.0
21266.0 248255.0
21587.0 247895.0
21708.0 247148.0
22263.0 245224.0
24592.0 245099.0
24820.0 244854.0
25513.0 244407.0
28187.0 244129.0
28687.0 243896.0
31361.0 243559.0
31937.0 243556.0
33911.0 243499.0
39358.0 243373.0
42032.0 242832.0

20742.0 256011.0
20857.0 255001.0
21108.0 253855.0
21266.0 249089.0
21587.0 248231.0
21657.0 247944.0
22263.0 246342.0
22461.0 246303.0
22495.0 245864.0
24516.0 245688.0
24750.0 245549.0
24801.0 245417.0
24820.0 245326.0
24937.0 244704.0
28687.0 244395.0
28763.0 244248.0
31437.0 244056.0
31937.0 244008.0
32934.0 243817.0
35608.0 243497.0

19946.0 252587.0
21089.0 252406.0
21266.0 249089.0
21587.0 248231.0
21657.0 247944.0
22263.0 245716.0
24516.0 245540.0
24801.0 245216.0
24937.0 244704.0
28687.0 244395.0
28763.0 243832.0
31937.0 243724.0
35608.0 243435.0

20742.0 256011.0
20857.0 255001.0
21108.0 253855.0
21266.0 249089.0
21342.0 246831.0
21346.0 246110.0
22263.0 246037.0
22461.0 244893.0
23316.0 243616.0
24016.0 243367.0
24516.0 242780.0
24801.0 242729.0
25513.0 242698.0
27913.0 242365.0
28763.0 242052.0
31437.0 241323.0
35608.0 241035.0
36184.0 240496.0

19980.0 259843.0
20142.0 257831.0
20546.0 256407.0
20742.0 256011.0
20857.0 255001.0
21108.0 252549.0
21266.0 248748.0
21587.0 248102.0
21657.0 247815.0
22263.0 245542.0
24782.0 245410.0
24801.0 244687.0
25513.0 244297.0
28187.0 244032.0
28687.0 243927.0
28763.0 243474.0
32358.0 243392.0
39358.0 243373.0
42032.0 242832.0

19505.0 262245.0
19946.0 255538.0
20742.0 255300.0
20766.0 253905.0
20857.0 251572.0
21266.0 248877.0
21587.0 248231.0
21657.0 246259.0
21708.0 245274.0
23950.0 244612.0
24516.0 243882.0
24801.0 243105.0
25513.0 242892.0
27766.0 242805.0
27894.0 241234.0
31937.0 240268.0
34190.0 239572.0
41611.0 239456.0
63874.0 233832.0


