18056.0 133881.0
18092.0 123365.0
18545.0 122237.0
18596.0 121928.0
18615.0 121599.0
19912.0 121559.0
19946.0 121535.0
21342.0 120864.0
21708.0 120362.0
24440.0 120361.0
24516.0 120337.0
24592.0 120200.0
25513.0 119729.0
26992.0 119728.0
27842.0 119693.0
28763.0 119445.0
32013.0 119356.0
32934.0 118970.0
36184.0 118895.0
40355.0 118841.0

18092.0 123948.0
18526.0 123938.0
18596.0 122415.0
18615.0 121870.0
19946.0 121830.0
20838.0 121777.0
21266.0 121655.0
21342.0 120905.0
21638.0 120843.0
21708.0 120792.0
23950.0 120766.0
24516.0 120628.0
25513.0 120423.0
28687.0 120334.0
28763.0 120257.0
32934.0 120039.0
36108.0 119941.0
36184.0 119377.0
40355.0 119372.0

18092.0 123948.0
18526.0 123938.0
18596.0 122172.0
18615.0 121870.0
19946.0 121830.0
20838.0 121777.0
21266.0 121655.0
21342.0 120905.0
21638.0 120843.0
21708.0 120604.0
23950.0 120551.0
24016.0 120531.0
24516.0 120528.0
24750.0 120511.0
24801.0 120508.0
25513.0 120377.0
27843.0 120268.0
27913.0 120212.0
28763.0 119486.0
32934.0 119071.0
36184.0 118819.0
40355.0 118602.0
43605.0 118394.0

18092.0 123948.0
18526.0 123938.0
18596.0 122314.0
18615.0 121585.0
19946.0 121545.0
21266.0 121453.0
21342.0 120564.0
21708.0 120531.0
24516.0 120405.0
25513.0 120191.0
28687.0 120166.0
28763.0 119920.0
31437.0 119722.0
32934.0 119685.0
36184.0 119377.0
39434.0 119206.0
42608.0 119198.0

18092.0 123948.0
18526.0 123938.0
18545.0 123897.0
18596.0 122415.0
18615.0 121414.0
19912.0 121357.0
19946.0 121317.0
21266.0 121185.0
21342.0 120718.0
21708.0 120497.0
24516.0 120366.0
25513.0 120171.0
28687.0 120057.0
28763.0 120022.0
32934.0 119890.0
36184.0 119377.0
40355.0 119372.0

18092.0 123948.0
18526.0 123938.0
18596.0 121998.0
18615.0 121870.0
19912.0 121863.0
19946.0 121830.0
20766.0 121757.0
21266.0 121606.0
21342.0 120858.0
21638.0 120843.0
21708.0 120792.0
23950.0 120763.0
24516.0 120628.0
25513.0 120423.0
28687.0 120334.0
28763.0 119729.0
32934.0 119724.0
36184.0 119377.0
40355.0 119372.0
43029.0 119358.0
43605.0 119264.0

18092.0 123948.0
18526.0 123938.0
18596.0 122415.0
18615.0 121870.0
19946.0 121830.0
20838.0 121777.0
21266.0 121655.0
21342.0 120905.0
21638.0 120843.0
21708.0 120693.0
23950.0 120398.0
24750.0 120381.0
27913.0 120254.0
28687.0 120229.0
28763.0 119946.0
31006.0 119776.0
32013.0 119700.0
36184.0 119089.0

18092.0 123948.0
18526.0 123938.0
18596.0 121998.0
18615.0 121870.0
19912.0 121863.0
19946.0 121830.0
20838.0 121777.0
21266.0 121655.0
21342.0 120545.0
21708.0 120434.0
23950.0 120398.0
24750.0 120338.0
25513.0 120226.0
27843.0 120203.0
28763.0 119552.0
32013.0 119543.0
36184.0 119089.0

18092.0 123948.0
18526.0 123938.0
18545.0 123897.0
18596.0 122415.0
18615.0 121414.0
19946.0 121374.0
21266.0 121349.0
21342.0 120905.0
21638.0 120843.0
21708.0 120693.0
23950.0 120398.0
24750.0 120381.0
25513.0 120127.0
28763.0 119946.0
31006.0 119776.0
32013.0 119700.0
36184.0 119089.0

18092.0 123948.0
18526.0 123938.0
18545.0 123878.0
18596.0 121925.0
18615.0 121863.0
19112.0 121814.0
19912.0 121720.0
21266.0 121655.0
21342.0 120687.0
21657.0 120632.0
21708.0 120543.0
23950.0 120479.0
24516.0 120409.0
24592.0 120353.0
24801.0 120194.0
25513.0 119712.0
28763.0 119424.0
32934.0 119082.0
36184.0 118792.0
43605.0 118198.0
46855.0 117965.0

18092.0 123948.0
18526.0 123938.0
18596.0 121544.0
19112.0 121531.0
19912.0 121520.0
19946.0 121459.0
21266.0 121414.0
21342.0 120572.0
21657.0 120570.0
21708.0 120394.0
24016.0 120379.0
24516.0 120277.0
24801.0 120276.0
25513.0 119525.0
28763.0 118958.0
36184.0 118894.0
40355.0 118677.0


