18922.0 261859.0
19146.0 258530.0
19387.0 258523.0
19505.0 256579.0
20066.0 255035.0
20955.0 254622.0
21266.0 254400.0
21342.0 248474.0
21708.0 247504.0
22263.0 246845.0
23992.0 246495.0
24801.0 246226.0
24820.0 245517.0
25437.0 245115.0
25513.0 244653.0
27043.0 244442.0
27062.0 243701.0
27411.0 243680.0
27766.0 243631.0
27842.0 243145.0
27913.0 242863.0
28763.0 242435.0
30155.0 242099.0
31937.0 241358.0
36184.0 241278.0
42032.0 241001.0

19313.0 252935.0
20438.0 252503.0
21342.0 250544.0
21568.0 249995.0
21708.0 247453.0
22263.0 247009.0
22461.0 246938.0
24516.0 246842.0
24801.0 245229.0
25437.0 245226.0
25513.0 244996.0
26643.0 244835.0
29684.0 244359.0
32934.0 244205.0

19313.0 252935.0
20438.0 252503.0
21342.0 248728.0
21627.0 247242.0
21657.0 246956.0
22263.0 245570.0
24516.0 244916.0
24750.0 244847.0
24801.0 244406.0
25437.0 244139.0
28763.0 243256.0
32934.0 243023.0
36184.0 242357.0

19313.0 252700.0
19505.0 252323.0
19946.0 252002.0
20438.0 251825.0
21342.0 247023.0
22263.0 245637.0
24592.0 245307.0
24801.0 244786.0
25437.0 244294.0
27913.0 243403.0
28763.0 242955.0
32934.0 242711.0
36184.0 242683.0

19246.0 266001.0
19313.0 252935.0
20438.0 252503.0
21342.0 250022.0
21568.0 249995.0
21689.0 247698.0
21708.0 247453.0
22263.0 246105.0
24801.0 245229.0
25437.0 245226.0
25513.0 243650.0
28763.0 243317.0

18922.0 259135.0
19313.0 252481.0
20838.0 250849.0
21266.0 249221.0
21342.0 248412.0
21638.0 248321.0
21657.0 248309.0
21661.0 248287.0
21689.0 248035.0
21708.0 247452.0
22020.0 246969.0
22263.0 246467.0
24516.0 245965.0
24592.0 245536.0
24801.0 245229.0
25437.0 245226.0
25513.0 244609.0
27843.0 244561.0
28687.0 244522.0
29684.0 244359.0
31937.0 243356.0
32013.0 243171.0

19313.0 252935.0
20438.0 252503.0
20766.0 251883.0
20857.0 249965.0
21342.0 246426.0
21657.0 246146.0
21708.0 245426.0
22263.0 243858.0
24750.0 243836.0
24801.0 243807.0
25513.0 243110.0
28187.0 242722.0
28763.0 242607.0
32934.0 242428.0

19313.0 252935.0
20438.0 252503.0
20857.0 249965.0
21342.0 246426.0
21657.0 246146.0
21708.0 245426.0
22263.0 243858.0
24750.0 243836.0
24801.0 243807.0
25513.0 243110.0
28187.0 242722.0
28763.0 242607.0
32934.0 242428.0

19313.0 252935.0
20438.0 252503.0
20857.0 249965.0
21342.0 246426.0
21657.0 246146.0
21708.0 245426.0
22263.0 243858.0
24750.0 243836.0
24801.0 243807.0
25513.0 243110.0
28187.0 242722.0
28763.0 242607.0
32934.0 242428.0

19313.0 252935.0
20438.0 252503.0
21342.0 248194.0
21708.0 247453.0
22263.0 245935.0
23280.0 245905.0
24801.0 245229.0
25437.0 245226.0
25513.0 244204.0
28763.0 243807.0
29684.0 243132.0

18856.0 259098.0
18922.0 255619.0
19313.0 252935.0
19471.0 248182.0
21342.0 243314.0
21689.0 242952.0
22263.0 242485.0
27690.0 241293.0
27894.0 241231.0
28687.0 240330.0
28763.0 240097.0


