18092.0 89754.0
19946.0 89205.0
21708.0 88072.0
22102.0 87759.0
22263.0 84446.0
25513.0 83383.0
28687.0 83365.0
32934.0 82841.0

21342.0 95771.0
23854.0 95574.0
24820.0 94872.0
25437.0 93872.0
25513.0 90922.0
27487.0 89721.0
32934.0 86758.0

20857.0 90577.0
21795.0 89687.0
22020.0 89572.0
23950.0 87448.0
24976.0 85760.0
27525.0 85441.0

20221.0 98900.0
21095.0 92966.0
23385.0 92807.0
23416.0 92615.0
24820.0 91192.0
25513.0 89565.0
32934.0 86758.0

18596.0 89153.0
20766.0 87166.0
21089.0 86872.0
22263.0 85425.0
25513.0 84417.0

20221.0 98900.0
20438.0 92394.0
20742.0 91048.0
22263.0 89472.0
24913.0 87543.0
28163.0 87050.0
32934.0 86758.0

18805.0 94689.0
20857.0 88415.0
22020.0 86982.0
24976.0 85760.0
25513.0 85225.0

18122.0 87880.0
19845.0 87821.0
23992.0 85932.0
24592.0 84884.0
25513.0 84592.0
26662.0 84475.0
30904.0 84284.0
30955.0 83750.0

18092.0 89838.0
18922.0 89171.0
20838.0 88957.0
22461.0 88502.0
23550.0 88458.0
23931.0 87687.0
25513.0 85980.0

18615.0 98618.0
18805.0 90313.0
20857.0 90262.0
21708.0 84942.0

18092.0 87063.0
18513.0 87004.0
18615.0 81568.0
20387.0 81520.0
21266.0 81518.0
21342.0 81403.0
22263.0 80683.0
25513.0 80134.0
36108.0 79930.0


