16816.0 41919.0
16990.0 41680.0
17516.0 41285.0
18016.0 41186.0
18092.0 40618.0
18526.0 40596.0
18596.0 40425.0
19912.0 40401.0
21342.0 40254.0
21708.0 40042.0
24516.0 40041.0
24592.0 39916.0
24820.0 39865.0
28763.0 39691.0
32013.0 39632.0
36184.0 39549.0
40355.0 39449.0
43605.0 39323.0

16515.0 43462.0
16571.0 42817.0
17345.0 41718.0
17516.0 41304.0
18016.0 41299.0
18092.0 40956.0
18545.0 40858.0
18596.0 40723.0
21266.0 40680.0
21342.0 40380.0
21708.0 40294.0
25513.0 40081.0

16515.0 43462.0
16571.0 42817.0
16956.0 42777.0
17345.0 41718.0
17516.0 41304.0
18016.0 41299.0
18092.0 40956.0
18545.0 40858.0
18596.0 40723.0
21266.0 40680.0
21342.0 40380.0
21708.0 40294.0
25513.0 40081.0

16494.0 43267.0
16571.0 42626.0
16990.0 41795.0
17345.0 41718.0
17516.0 41304.0
18016.0 41299.0
18092.0 40689.0
18545.0 40672.0
18596.0 40587.0
21342.0 40380.0
21708.0 40168.0
25513.0 40081.0
36184.0 40036.0

16515.0 43462.0
16571.0 42626.0
17345.0 41718.0
17516.0 41304.0
18016.0 41299.0
18092.0 40888.0
18545.0 40858.0
18596.0 40694.0
21266.0 40680.0
21342.0 40380.0
21708.0 40168.0
25513.0 40081.0

16515.0 43462.0
16571.0 42817.0
16816.0 41938.0
16956.0 41827.0
17345.0 41718.0
17516.0 41304.0
18016.0 41299.0
18092.0 40956.0
18545.0 40858.0
18596.0 40723.0
21266.0 40680.0
21342.0 40380.0
21708.0 40294.0
25513.0 40081.0
36184.0 40036.0

16515.0 43462.0
16571.0 42817.0
16956.0 42777.0
17345.0 41718.0
17516.0 41304.0
18016.0 41299.0
18092.0 40956.0
18545.0 40858.0
18596.0 40723.0
21266.0 40680.0
21342.0 40380.0
21708.0 40294.0
25513.0 40081.0

16515.0 43462.0
16571.0 42626.0
16816.0 41938.0
16956.0 41720.0
17345.0 41718.0
17516.0 41304.0
18016.0 41299.0
18092.0 40637.0
18545.0 40539.0
21342.0 40380.0
21708.0 40168.0
25513.0 40064.0
31437.0 39994.0
32934.0 39819.0

16515.0 43462.0
16571.0 42626.0
17345.0 41718.0
17516.0 41304.0
18016.0 41299.0
18092.0 40888.0
18545.0 40858.0
18596.0 40694.0
21266.0 40680.0
21342.0 40380.0
21708.0 40168.0
25513.0 40081.0

16515.0 43462.0
16571.0 42817.0
16816.0 41938.0
16956.0 41827.0
16990.0 41699.0
17516.0 41304.0
18016.0 41205.0
18092.0 40748.0
18596.0 40723.0
18615.0 40699.0
21266.0 40680.0
21342.0 40380.0
21708.0 40294.0
25513.0 40081.0

16156.0 43108.0
16515.0 42507.0
16595.0 41818.0
17095.0 41755.0
17171.0 40996.0
18092.0 40683.0
18596.0 40495.0
19912.0 40479.0
21266.0 40476.0
21342.0 40142.0
21708.0 40042.0
25513.0 39867.0
28763.0 39846.0
31937.0 39796.0
32934.0 39764.0
36108.0 39731.0
36184.0 39551.0


