18596.0 166011.0
18615.0 163765.0
19112.0 163752.0
19946.0 163694.0
21266.0 163691.0
21342.0 162383.0
21638.0 162142.0
21708.0 161364.0
24016.0 161291.0
24592.0 161275.0
25513.0 160428.0
27913.0 160427.0
28763.0 159640.0
32013.0 159302.0
35187.0 159056.0
36184.0 158858.0
38858.0 158767.0
39358.0 158636.0
39434.0 158060.0
43029.0 157996.0
43605.0 157981.0
46855.0 157741.0

18596.0 165992.0
18615.0 164096.0
19112.0 163991.0
19912.0 163880.0
21266.0 163864.0
21342.0 162634.0
21689.0 162449.0
21708.0 161514.0
24016.0 161506.0
28687.0 161287.0
28763.0 160765.0
29684.0 160307.0
36184.0 160111.0

18596.0 165992.0
18615.0 163985.0
19912.0 163880.0
21266.0 163864.0
21342.0 162060.0
21708.0 161514.0
24016.0 161506.0
24592.0 161496.0
25513.0 161432.0
27043.0 161401.0
28687.0 161287.0
28763.0 160369.0
29684.0 160307.0
32013.0 160127.0
36184.0 160111.0

18545.0 170632.0
18596.0 165992.0
18615.0 163820.0
18671.0 163454.0
19980.0 163436.0
20838.0 163383.0
21342.0 162060.0
21657.0 162052.0
21708.0 161514.0
24016.0 161506.0
24592.0 161481.0
25513.0 161262.0
27843.0 160800.0
28763.0 160028.0
32934.0 159898.0

18596.0 164299.0
18615.0 163710.0
21342.0 162277.0
21708.0 161514.0
24016.0 161506.0
24592.0 160908.0
27842.0 160872.0
27913.0 160839.0
28763.0 160607.0
29684.0 160307.0
31937.0 159998.0
36184.0 159865.0

18596.0 165992.0
18615.0 163985.0
19912.0 163880.0
21266.0 163864.0
21342.0 162408.0
21708.0 161514.0
24016.0 161506.0
24750.0 161311.0
25513.0 161082.0
28763.0 160386.0
29684.0 160307.0
36184.0 160110.0

18596.0 165992.0
18615.0 163985.0
19505.0 163670.0
19912.0 163432.0
21266.0 163431.0
21342.0 162095.0
21708.0 161514.0
24016.0 161506.0
24592.0 161069.0
25513.0 161050.0
27842.0 161020.0
28763.0 160765.0
29684.0 160307.0
31937.0 159998.0
36184.0 159865.0

18596.0 165992.0
18615.0 163985.0
18671.0 163905.0
19471.0 163859.0
19505.0 163456.0
19912.0 163432.0
21266.0 163431.0
21342.0 162095.0
21708.0 161514.0
24016.0 161506.0
24592.0 161069.0
27842.0 161020.0
28763.0 160672.0
29684.0 160253.0
31937.0 159998.0
36184.0 159865.0

18513.0 166540.0
18545.0 166508.0
18596.0 165963.0
18615.0 163558.0
19912.0 163432.0
21266.0 163431.0
21342.0 162095.0
21708.0 161514.0
24016.0 161506.0
24592.0 161069.0
25513.0 160948.0
28763.0 160765.0
29684.0 160307.0
31937.0 159998.0
36184.0 159865.0

18596.0 165992.0
18615.0 163985.0
19912.0 163880.0
20766.0 163644.0
21342.0 161951.0
21708.0 161514.0
24016.0 161506.0
24592.0 160703.0
28763.0 160539.0
29684.0 160307.0
31937.0 160306.0
32013.0 159764.0
35187.0 159682.0
37105.0 159600.0

18545.0 170701.0
18596.0 163654.0
19980.0 163516.0
20838.0 163463.0
21266.0 163232.0
21342.0 162121.0
21638.0 162019.0
21708.0 161474.0
24592.0 161281.0
24801.0 161150.0
25513.0 160704.0
27894.0 159691.0
28763.0 159365.0
36108.0 159283.0
36184.0 158222.0


