18615.0 206355.0
19505.0 205285.0
20345.0 205214.0
21342.0 204284.0
21657.0 204215.0
21661.0 204180.0
24592.0 202201.0
25513.0 201263.0
27766.0 201122.0
28763.0 200316.0
32013.0 200079.0
32934.0 199841.0
36184.0 199564.0
40355.0 199418.0

18596.0 206727.0
18615.0 204756.0
20190.0 204748.0
20838.0 204693.0
21342.0 203835.0
22461.0 203716.0
24750.0 203694.0
25513.0 203306.0
27266.0 202970.0
28763.0 202845.0
34111.0 202733.0

18122.0 219134.0
18596.0 206727.0
18615.0 204756.0
20190.0 204748.0
20838.0 204693.0
21342.0 203835.0
22461.0 203716.0
24750.0 203345.0
25513.0 203042.0
27266.0 202666.0

18122.0 219134.0
18596.0 206727.0
18615.0 204756.0
19313.0 204139.0
19845.0 203771.0
21689.0 203770.0
21708.0 203709.0
22102.0 203258.0
25513.0 202864.0
27266.0 202666.0

18122.0 219134.0
18596.0 206727.0
18615.0 204431.0
19505.0 203868.0
19912.0 203505.0
21342.0 203113.0
25437.0 202952.0
25513.0 202214.0
27894.0 202069.0
28763.0 202011.0
32934.0 201887.0

18122.0 219134.0
18596.0 206727.0
18615.0 204756.0
20190.0 204748.0
20838.0 204685.0
21342.0 203612.0
21689.0 203307.0
24440.0 203216.0
24801.0 203040.0
27266.0 202666.0
36108.0 202424.0

18122.0 219134.0
18596.0 206727.0
18615.0 204756.0
20190.0 204748.0
20838.0 204693.0
21342.0 203835.0
22461.0 203716.0
24750.0 203694.0
25513.0 203306.0
27266.0 202970.0
28763.0 202845.0
34111.0 202733.0

18122.0 219134.0
18596.0 206441.0
18615.0 204756.0
20190.0 204748.0
20766.0 204611.0
21266.0 204223.0
21342.0 203835.0
21689.0 203647.0
21708.0 203623.0
22263.0 203619.0
24801.0 203475.0
25437.0 203462.0
25513.0 202679.0
28763.0 202239.0
32934.0 202129.0
33690.0 201775.0

18122.0 219134.0
18596.0 204783.0
18615.0 203961.0
19912.0 203712.0
21342.0 202861.0
23950.0 202826.0
24592.0 202193.0
28187.0 202191.0
28763.0 202042.0

18122.0 219134.0
18596.0 206727.0
18615.0 204756.0
20190.0 204748.0
20838.0 204693.0
21342.0 203835.0
22461.0 203716.0
24750.0 203694.0
24801.0 203359.0
25513.0 203081.0
27266.0 202970.0
28763.0 202845.0
34111.0 202733.0

18596.0 206727.0
18615.0 204756.0
20190.0 204748.0
20345.0 204705.0
20690.0 204642.0
20766.0 204634.0
21266.0 204472.0
21342.0 203452.0
21638.0 203389.0
21689.0 203255.0
21708.0 202831.0
24750.0 202830.0
25513.0 202224.0
27862.0 202152.0
27913.0 201576.0
28763.0 201301.0
32934.0 200935.0
34190.0 199202.0
53203.0 197860.0
56453.0 197737.0
60624.0 196380.0
63874.0 194860.0


