16023.0 49764.0
16515.0 41564.0
16595.0 41332.0
17516.0 41258.0
18016.0 41159.0
18092.0 40649.0
18596.0 40455.0
19912.0 40431.0
21266.0 40430.0
21342.0 40283.0
22263.0 40227.0
24782.0 40138.0
24801.0 40041.0
25513.0 39854.0
27894.0 39757.0
28763.0 39698.0
32934.0 39511.0
36184.0 39452.0
40355.0 39318.0
43529.0 39317.0

16290.0 45618.0
16515.0 41396.0
16595.0 41164.0
17171.0 40897.0
17745.0 40844.0
18596.0 40749.0
18615.0 40459.0
21266.0 40458.0
21342.0 40104.0
28763.0 39738.0
36184.0 39492.0

16290.0 45618.0
16515.0 41396.0
16595.0 41164.0
17171.0 40897.0
17745.0 40844.0
18596.0 40654.0
18615.0 40459.0
21266.0 40458.0
21342.0 40104.0
28763.0 39738.0
36184.0 39492.0

16290.0 45618.0
16515.0 41267.0
16595.0 41035.0
17095.0 40972.0
17171.0 40897.0
17745.0 40844.0
18526.0 40677.0
18615.0 40459.0
21266.0 40458.0
21342.0 40104.0
25513.0 40025.0
27843.0 39881.0
28763.0 39738.0
32934.0 39632.0
36184.0 39492.0

16290.0 45618.0
16515.0 41328.0
16595.0 41035.0
17095.0 41033.0
17171.0 40897.0
17745.0 40844.0
18092.0 40557.0
18596.0 40468.0
18615.0 40459.0
19946.0 40442.0
21342.0 40104.0
24820.0 40053.0
25513.0 39868.0
28763.0 39738.0
32934.0 39550.0
36184.0 39492.0
40355.0 39304.0

16290.0 45618.0
16515.0 41396.0
16595.0 41035.0
17171.0 40897.0
17745.0 40844.0
18596.0 40587.0
18615.0 40459.0
21266.0 40458.0
21342.0 40104.0
25513.0 40064.0
28763.0 39738.0
32934.0 39632.0
36184.0 39492.0

16290.0 45618.0
16515.0 41396.0
16595.0 41164.0
17171.0 40897.0
17745.0 40844.0
18596.0 40654.0
18615.0 40459.0
21266.0 40458.0
21342.0 40104.0
27842.0 40098.0
28763.0 39738.0
36184.0 39492.0

16290.0 45618.0
16515.0 41396.0
16595.0 41164.0
17171.0 40897.0
17745.0 40844.0
18596.0 40654.0
18615.0 40459.0
21266.0 40458.0
21342.0 40104.0
25513.0 39975.0
28763.0 39738.0
36184.0 39492.0

16290.0 45618.0
16515.0 41328.0
16595.0 41035.0
17095.0 41033.0
17171.0 40897.0
17745.0 40844.0
18596.0 40654.0
18615.0 40459.0
21266.0 40458.0
21342.0 40104.0
25513.0 40071.0
27843.0 39924.0
28763.0 39738.0
32934.0 39632.0
36184.0 39492.0

16290.0 45618.0
16515.0 41267.0
16595.0 41035.0
17171.0 40897.0
17745.0 40844.0
18596.0 40617.0
18615.0 40459.0
21266.0 40458.0
21342.0 40104.0
27842.0 40073.0
28763.0 39738.0
32934.0 39632.0
36184.0 39492.0

16290.0 45618.0
16515.0 41396.0
16595.0 41035.0
17095.0 40972.0
17171.0 40768.0
18092.0 40676.0
18596.0 40367.0
21342.0 40104.0
24592.0 39956.0
25513.0 39758.0
28763.0 39738.0
32013.0 39613.0
32934.0 39550.0
36184.0 39428.0
39434.0 39380.0
46855.0 39298.0
50105.0 39222.0


