18513.0 170971.0
18545.0 168785.0
18596.0 166270.0
18615.0 163823.0
19471.0 162973.0
19946.0 162956.0
20766.0 162900.0
21266.0 162801.0
21342.0 162515.0
22263.0 161856.0
24801.0 161671.0
25513.0 160373.0
28763.0 160194.0
29684.0 159883.0
32934.0 159714.0
37105.0 159698.0

18513.0 172394.0
18545.0 168664.0
18596.0 164441.0
20690.0 164433.0
20766.0 163983.0
21342.0 162393.0
21708.0 162058.0
22461.0 161810.0
24592.0 161641.0
24750.0 161624.0
24801.0 161562.0
25513.0 161054.0
27043.0 161053.0
27913.0 160911.0
28763.0 160445.0
32013.0 160352.0
35187.0 160249.0

18513.0 172394.0
18545.0 168664.0
18596.0 164441.0
20690.0 164433.0
20766.0 163983.0
21266.0 163855.0
21342.0 161288.0
21708.0 161239.0
23950.0 161191.0
24801.0 161116.0
24820.0 161033.0
25513.0 160613.0
27913.0 160562.0
28763.0 160445.0
32013.0 160352.0
35187.0 160249.0

18513.0 172394.0
18545.0 168664.0
18596.0 164441.0
19980.0 164357.0
20766.0 163983.0
20838.0 163982.0
21266.0 162913.0
21342.0 161753.0
21708.0 161435.0
24516.0 161329.0
24592.0 161293.0
25513.0 160825.0
27913.0 160774.0
28763.0 160445.0
32013.0 160352.0
35187.0 160249.0

18513.0 172394.0
18545.0 168664.0
18596.0 163857.0
21266.0 162586.0
21342.0 161753.0
21708.0 161435.0
24592.0 161363.0
24801.0 161229.0
25513.0 160895.0
27894.0 160857.0
27913.0 160844.0
28763.0 160445.0
32013.0 160352.0
35187.0 160249.0

18513.0 172394.0
18545.0 168664.0
18596.0 164441.0
19946.0 164093.0
20766.0 163983.0
21342.0 162087.0
21708.0 161845.0
22461.0 161809.0
24516.0 161616.0
24592.0 161439.0
24750.0 161401.0
25513.0 160825.0
27913.0 160774.0
28763.0 160305.0
32934.0 160264.0
35187.0 160249.0

18513.0 172394.0
18545.0 168664.0
18596.0 164441.0
20690.0 164433.0
20766.0 163983.0
21190.0 163912.0
21342.0 162393.0
21708.0 162058.0
22461.0 161810.0
24592.0 161396.0
24782.0 161281.0
24801.0 161212.0
25513.0 160997.0
27894.0 160319.0
28763.0 159976.0
32934.0 159559.0

18513.0 172394.0
18545.0 168664.0
18596.0 164441.0
19946.0 164362.0
20066.0 164133.0
20766.0 163983.0
20838.0 163982.0
20857.0 163073.0
21266.0 163071.0
21342.0 162083.0
21689.0 161774.0
21708.0 161723.0
23099.0 161688.0
24516.0 161662.0
24592.0 161476.0
24782.0 161281.0
24801.0 161212.0
25513.0 160845.0
27043.0 160691.0
27894.0 160319.0
28763.0 159976.0
32934.0 159559.0

18513.0 172394.0
18545.0 166916.0
18596.0 163857.0
20857.0 163165.0
21342.0 161782.0
21708.0 161428.0
24592.0 161228.0
24801.0 160869.0
25513.0 160380.0
27266.0 160366.0
27766.0 160303.0
27913.0 160252.0
28763.0 159976.0
32934.0 159559.0

18513.0 172394.0
18545.0 168664.0
18596.0 164441.0
18615.0 163090.0
19146.0 162981.0
19946.0 162870.0
21342.0 162045.0
21657.0 161947.0
21689.0 161774.0
21708.0 161723.0
23950.0 161636.0
24516.0 161433.0
24592.0 161396.0
24782.0 161281.0
24801.0 161134.0
25513.0 160577.0
27766.0 160536.0
27894.0 160319.0
28763.0 159976.0
32934.0 159559.0

18513.0 172394.0
18545.0 168664.0
18596.0 164371.0
18615.0 163119.0
19912.0 162926.0
20421.0 162860.0
21266.0 161968.0
21342.0 161876.0
21638.0 161813.0
21708.0 161407.0
23950.0 161191.0
24016.0 161184.0
24592.0 160943.0
24801.0 160922.0
25437.0 160897.0
25513.0 160181.0
28687.0 160081.0
32013.0 160054.0
32934.0 160001.0
43605.0 159900.0


