21342.0 312012.0
21638.0 311837.0
21657.0 311351.0
21708.0 306213.0
21761.0 303299.0
22020.0 302008.0
22263.0 301182.0
22495.0 295257.0
24592.0 293669.0
24801.0 292827.0
24820.0 291928.0
25513.0 290773.0
28687.0 290280.0

21708.0 310456.0
21795.0 305116.0
22263.0 301637.0
22970.0 300202.0
23950.0 298294.0
24516.0 297786.0
24651.0 297356.0
24750.0 294090.0
25451.0 293027.0
25513.0 291641.0
27843.0 291575.0
29684.0 288956.0

21708.0 310456.0
21795.0 305116.0
22263.0 298205.0
22495.0 297795.0
23099.0 297175.0
23950.0 295758.0
24516.0 295332.0
24592.0 294288.0
24750.0 294090.0
24820.0 292724.0
25513.0 290325.0
29684.0 288956.0
32013.0 288666.0

21708.0 310456.0
21795.0 305116.0
22263.0 300687.0
22461.0 300337.0
22970.0 300202.0
23854.0 298828.0
23916.0 297534.0
24516.0 297029.0
24699.0 296082.0
24750.0 294090.0
24937.0 293213.0
25451.0 292884.0
25513.0 291559.0
28763.0 291444.0
29684.0 288956.0

21708.0 310456.0
21795.0 305116.0
22020.0 303659.0
22263.0 297981.0
22495.0 297006.0
23550.0 295626.0
24016.0 293671.0
24237.0 293431.0
24516.0 292730.0
25437.0 292130.0
25513.0 289723.0
29684.0 288789.0

21364.0 314131.0
21708.0 306994.0
21795.0 305116.0
22263.0 297982.0
22495.0 297795.0
23916.0 297534.0
23950.0 295549.0
24516.0 295332.0
24750.0 294090.0
24801.0 292052.0
25513.0 290676.0
29684.0 288956.0

21708.0 310456.0
21795.0 305116.0
22263.0 295940.0
23950.0 295477.0
24750.0 294090.0
25451.0 293027.0
25513.0 291641.0
27843.0 291575.0
29684.0 288956.0

21708.0 303655.0
21755.0 298962.0
23011.0 296356.0
23550.0 295709.0
23950.0 295477.0
24440.0 295169.0
24592.0 292534.0
25513.0 291365.0
29684.0 288956.0

21089.0 311017.0
21342.0 297129.0
21708.0 294362.0
22136.0 292900.0
24440.0 292002.0
25437.0 291485.0
25513.0 289723.0
29684.0 288789.0

21708.0 300264.0
22263.0 298384.0
22461.0 297529.0
23550.0 296151.0
23940.0 295053.0
24440.0 294787.0
24592.0 293155.0
25451.0 293027.0
25513.0 290574.0
28763.0 290199.0
29684.0 288713.0

21342.0 303956.0
21638.0 296289.0
21689.0 291591.0
21708.0 287165.0
24801.0 287144.0
25513.0 284315.0
27894.0 282926.0
28687.0 282214.0
31025.0 281336.0
36108.0 281277.0


