21342.0 403158.0
21657.0 397625.0
21708.0 394765.0
21755.0 392003.0
21821.0 390890.0
22495.0 386353.0
23316.0 386286.0
24237.0 385581.0
24592.0 380333.0
24820.0 379311.0
25485.0 379201.0
25513.0 370538.0
28187.0 370215.0
28763.0 367878.0
32934.0 367201.0
34611.0 365898.0

21761.0 391971.0
22263.0 379957.0
22461.0 378776.0
22936.0 376810.0
23992.0 375975.0
24592.0 373797.0
24913.0 373381.0
25513.0 371783.0
29285.0 371371.0
29684.0 371131.0
32934.0 369779.0

21761.0 391971.0
22263.0 379957.0
22461.0 377702.0
22936.0 376810.0
23992.0 375975.0
24237.0 375042.0
24592.0 373797.0
24820.0 373676.0
24913.0 373381.0
25513.0 371783.0
28441.0 371715.0
29285.0 371371.0
29684.0 371131.0
32934.0 369779.0

21364.0 402527.0
21708.0 393670.0
21761.0 391971.0
22263.0 379474.0
22461.0 377702.0
22936.0 376810.0
23992.0 375975.0
24237.0 375042.0
24592.0 373720.0
24820.0 373676.0
24913.0 373381.0
25513.0 371783.0
29285.0 371371.0
29684.0 371131.0
32934.0 369779.0

21761.0 391971.0
22263.0 379957.0
22461.0 377702.0
22936.0 376810.0
23950.0 376380.0
23992.0 375975.0
24237.0 375042.0
24592.0 373797.0
24820.0 373676.0
24913.0 373381.0
25513.0 371783.0
28687.0 371570.0
29285.0 371371.0
29684.0 370664.0
32934.0 369779.0
37937.0 368646.0

21708.0 387839.0
22263.0 379957.0
22461.0 377702.0
22680.0 377170.0
22936.0 376810.0
23550.0 376614.0
23950.0 376065.0
23992.0 375975.0
24016.0 375905.0
24201.0 374998.0
24237.0 373203.0
25513.0 371783.0
28187.0 371776.0
28687.0 371759.0
29285.0 371371.0
29684.0 370664.0
32934.0 369779.0

21761.0 391971.0
21795.0 389248.0
22263.0 379957.0
22461.0 377702.0
22936.0 376810.0
23992.0 375975.0
24237.0 375042.0
24592.0 373797.0
24820.0 373676.0
24913.0 373381.0
25513.0 371783.0
29285.0 371371.0
29684.0 371131.0
32934.0 369779.0

21761.0 391971.0
21795.0 389248.0
22263.0 379957.0
22461.0 377702.0
22936.0 376810.0
23992.0 375975.0
24237.0 375042.0
24592.0 373797.0
24820.0 373676.0
24913.0 373381.0
25513.0 371783.0
29285.0 371371.0
29684.0 371131.0
32934.0 369779.0

21761.0 391971.0
21795.0 389248.0
22263.0 379957.0
22461.0 377702.0
22936.0 376810.0
23992.0 375975.0
24237.0 375042.0
24592.0 373797.0
24820.0 373676.0
24913.0 373381.0
25513.0 371783.0
28763.0 371578.0
29285.0 371371.0
29684.0 371131.0
32934.0 369779.0

21761.0 391971.0
21795.0 389248.0
22020.0 387706.0
22263.0 379957.0
22461.0 377702.0
22936.0 376810.0
23992.0 375975.0
24237.0 375042.0
24592.0 373797.0
24820.0 373676.0
24913.0 373381.0
25513.0 371783.0
29285.0 371371.0
29684.0 371131.0
32934.0 369779.0

21661.0 387226.0
21708.0 383357.0
22263.0 369015.0
24782.0 366652.0
24820.0 366208.0
27842.0 364608.0
28611.0 363808.0
31025.0 361515.0
31861.0 359892.0
34190.0 359699.0
35263.0 359654.0
36184.0 359342.0
42532.0 357524.0
49032.0 357009.0


