20742.0 352255.0
20889.0 350122.0
21342.0 346527.0
21661.0 343873.0
21708.0 338277.0
21755.0 336719.0
22263.0 333402.0
23550.0 333354.0
24592.0 332990.0
24750.0 332872.0
24751.0 330945.0
24801.0 329532.0
25513.0 327595.0
28187.0 326032.0
28687.0 325665.0
32934.0 325483.0
34687.0 325407.0
35187.0 325304.0
36184.0 324114.0

21342.0 338273.0
22263.0 337790.0
23316.0 333710.0
24176.0 333214.0
24201.0 332285.0
24592.0 331401.0
24820.0 330459.0
25451.0 329979.0
25513.0 328290.0
32934.0 328257.0

21342.0 338273.0
21708.0 333343.0
22263.0 332702.0
22427.0 332351.0
24176.0 331717.0
24592.0 331401.0
24617.0 330711.0
24731.0 330571.0
24820.0 330459.0
25451.0 329979.0
25513.0 328290.0
28763.0 327711.0
30737.0 326949.0

21108.0 357694.0
21342.0 338273.0
21708.0 332947.0
22263.0 332702.0
22427.0 332351.0
23316.0 331065.0
24592.0 330109.0
24750.0 329586.0
25513.0 328290.0
29684.0 327545.0
40355.0 326763.0

21342.0 338273.0
21708.0 332740.0
22263.0 332702.0
22427.0 332351.0
23950.0 331559.0
24016.0 330378.0
24750.0 329881.0
25437.0 329873.0
25451.0 327981.0
28763.0 326963.0
31937.0 326800.0

21342.0 334327.0
21708.0 332945.0
22461.0 332394.0
23316.0 330349.0
24820.0 330276.0
25451.0 328404.0
25513.0 327123.0
28763.0 326834.0

21342.0 338273.0
22263.0 336891.0
23316.0 333710.0
24176.0 333214.0
24201.0 332285.0
24592.0 331401.0
24820.0 330459.0
25451.0 329979.0
25513.0 328290.0
32934.0 328257.0

21342.0 337208.0
21708.0 333482.0
22740.0 333276.0
23550.0 331636.0
24592.0 331401.0
24820.0 330459.0
25451.0 329979.0
25513.0 328290.0
28763.0 327646.0

21342.0 338273.0
21708.0 335003.0
22102.0 333974.0
22263.0 330947.0
24801.0 330787.0
24820.0 328611.0
25513.0 327487.0
28187.0 327381.0
28763.0 327256.0
32858.0 327023.0
39358.0 326978.0

21342.0 338273.0
21708.0 337522.0
22040.0 336841.0
22263.0 333829.0
23316.0 333710.0
24016.0 333403.0
24176.0 333214.0
24201.0 332076.0
24592.0 331401.0
24820.0 330459.0
25451.0 329979.0
25513.0 328290.0
29684.0 328175.0
32934.0 327784.0

21089.0 345899.0
21342.0 338273.0
21708.0 334538.0
22263.0 334247.0
22495.0 333749.0
23316.0 333336.0
23940.0 333047.0
23950.0 332910.0
24201.0 332273.0
24237.0 331265.0
24516.0 331241.0
24592.0 331151.0
24820.0 330459.0
25010.0 330023.0
25451.0 329979.0
25513.0 328269.0
27062.0 327443.0
27966.0 326108.0
28687.0 322605.0
28763.0 321687.0
30940.0 321052.0
31937.0 318802.0
41611.0 318132.0
42532.0 317505.0
49032.0 316957.0


