18016.0 84056.0
18092.0 83106.0
18545.0 83084.0
18596.0 81508.0
19912.0 81484.0
21266.0 81326.0
21342.0 80993.0
21708.0 80732.0
24516.0 80689.0
24592.0 80606.0
25513.0 80149.0
27894.0 80098.0
28687.0 80055.0
28763.0 79688.0
31937.0 79645.0
32934.0 79522.0
36184.0 78921.0

17279.0 86294.0
17726.0 85581.0
18016.0 85010.0
18092.0 81631.0
18545.0 81303.0
19912.0 81278.0
20421.0 81130.0
21342.0 80807.0
21638.0 80718.0
24592.0 80574.0
24801.0 80572.0
24820.0 80552.0
25513.0 79997.0
27842.0 79926.0
28763.0 79923.0
32934.0 79844.0

17279.0 86294.0
17726.0 85581.0
18016.0 85010.0
18092.0 81631.0
18545.0 81303.0
19912.0 81278.0
20421.0 81130.0
21342.0 80807.0
21638.0 80718.0
24592.0 80574.0
24801.0 80572.0
24820.0 80552.0
25513.0 79997.0
27842.0 79926.0
28763.0 79923.0
32934.0 79844.0

16956.0 86704.0
17171.0 85656.0
17726.0 85581.0
18016.0 85010.0
18092.0 81387.0
18545.0 81163.0
18596.0 81091.0
19946.0 81043.0
21266.0 81000.0
21342.0 80641.0
21638.0 80577.0
24516.0 80534.0
24592.0 80277.0
25513.0 79947.0
27842.0 79926.0
28763.0 79801.0
36108.0 79800.0
36184.0 79718.0
39358.0 79390.0
42608.0 79331.0
46779.0 79259.0

17279.0 86294.0
17726.0 85581.0
17996.0 84473.0
18092.0 80997.0
18545.0 80975.0
18596.0 80804.0
21266.0 80750.0
21342.0 80605.0
21708.0 80559.0
24592.0 80523.0
24750.0 80476.0
24801.0 80344.0
25513.0 79755.0
28687.0 79754.0
28763.0 79681.0
36184.0 79448.0

16595.0 87117.0
16956.0 86774.0
17171.0 85726.0
17492.0 84724.0
18016.0 84429.0
18092.0 81387.0
18545.0 81303.0
18615.0 81302.0
19912.0 81278.0
20421.0 81130.0
21266.0 81071.0
21342.0 80807.0
21638.0 80718.0
24592.0 80523.0
25513.0 79997.0
27842.0 79926.0
28763.0 79923.0
32934.0 79844.0

17279.0 86294.0
17726.0 85581.0
18016.0 85010.0
18092.0 81631.0
18545.0 81303.0
19912.0 81278.0
20421.0 81130.0
21266.0 81071.0
21342.0 80807.0
21638.0 80718.0
24592.0 80574.0
24801.0 80572.0
24820.0 80552.0
25513.0 79997.0
27842.0 79926.0
28763.0 79923.0
32934.0 79844.0

17279.0 86224.0
17492.0 84724.0
17516.0 84492.0
18016.0 84429.0
18092.0 81539.0
18545.0 81163.0
18596.0 81091.0
19946.0 81067.0
21266.0 81000.0
21342.0 80807.0
21638.0 80718.0
21708.0 80405.0
24516.0 80402.0
25513.0 79997.0
27842.0 79926.0
28763.0 79923.0
32934.0 79844.0
36184.0 79718.0

17279.0 86294.0
17726.0 85581.0
18016.0 85010.0
18092.0 81062.0
18545.0 81023.0
18596.0 80804.0
19912.0 80780.0
21266.0 80779.0
21342.0 80648.0
21708.0 80483.0
24516.0 80480.0
24592.0 80380.0
24750.0 80325.0
24801.0 80320.0
25513.0 79715.0
28763.0 79681.0
32934.0 79628.0
36184.0 79448.0

16956.0 86774.0
17171.0 85726.0
17492.0 84724.0
17516.0 84492.0
18016.0 84429.0
18092.0 81387.0
18545.0 81303.0
18615.0 81302.0
19912.0 81278.0
20421.0 81130.0
21266.0 81071.0
21342.0 80787.0
21638.0 80718.0
21708.0 80606.0
24592.0 80523.0
24750.0 80481.0
24801.0 80374.0
25513.0 79997.0
27842.0 79926.0
28763.0 79882.0
32013.0 79824.0
39358.0 79742.0

17279.0 86224.0
17726.0 85581.0
18016.0 85010.0
18092.0 81463.0
18526.0 81384.0
18545.0 81303.0
18615.0 81302.0
19845.0 81287.0
19912.0 81263.0
19946.0 81239.0
20421.0 81130.0
21266.0 81071.0
21342.0 80807.0
21638.0 80659.0
21708.0 80599.0
24592.0 80494.0
24801.0 80414.0
25513.0 79612.0
36184.0 79373.0
41611.0 79365.0
42684.0 79160.0
43605.0 79078.0
56453.0 78108.0


