17996.0 134100.0
18092.0 122487.0
18545.0 122465.0
18596.0 121702.0
19112.0 121678.0
19912.0 121508.0
21266.0 121394.0
21342.0 121120.0
21708.0 120785.0
24516.0 120659.0
24592.0 120297.0
24820.0 120246.0
25513.0 119896.0
27766.0 119875.0
27913.0 119824.0
28687.0 119758.0
28763.0 119208.0
31937.0 119169.0
32013.0 118960.0
35263.0 118901.0
36184.0 118359.0
39434.0 118200.0
43605.0 118106.0

18092.0 123780.0
18545.0 123763.0
18596.0 122827.0
18615.0 122353.0
19112.0 122326.0
19946.0 122133.0
21266.0 121967.0
21342.0 121343.0
21708.0 121252.0
24516.0 121231.0
24592.0 120732.0
27913.0 120691.0
28763.0 120231.0
35608.0 120189.0
36184.0 119738.0

18092.0 123172.0
18545.0 123155.0
18596.0 121547.0
21266.0 121546.0
21342.0 121140.0
21657.0 121123.0
21689.0 121120.0
21708.0 121091.0
24592.0 120571.0
25513.0 120494.0
28763.0 120143.0
32013.0 120058.0
32934.0 119858.0
36108.0 119539.0

18092.0 123172.0
18545.0 123155.0
18596.0 121839.0
19912.0 121619.0
21266.0 121618.0
21342.0 121156.0
21657.0 121122.0
21689.0 121103.0
21708.0 120961.0
22263.0 120726.0
24516.0 120725.0
24592.0 120533.0
25513.0 120450.0
28687.0 120141.0
28763.0 119728.0

18092.0 123172.0
18545.0 123155.0
18596.0 121416.0
19912.0 121263.0
21266.0 121260.0
21342.0 120705.0
21708.0 120442.0
24516.0 120439.0
27913.0 120281.0
28763.0 119755.0
36184.0 119738.0

18092.0 123172.0
18545.0 123155.0
18596.0 121839.0
19912.0 121619.0
21266.0 121618.0
21342.0 121213.0
21638.0 121198.0
21657.0 121123.0
21689.0 121103.0
21708.0 121069.0
22263.0 120726.0
24592.0 120454.0
25513.0 120425.0
28763.0 119672.0

18092.0 123096.0
18545.0 122458.0
18596.0 121724.0
19912.0 121619.0
21342.0 121173.0
21587.0 121158.0
21638.0 121042.0
21708.0 120588.0
24516.0 120567.0
24592.0 120480.0
27843.0 120376.0
28763.0 119527.0
46279.0 119279.0

18092.0 123096.0
18545.0 122458.0
18596.0 121724.0
18615.0 121531.0
21342.0 121005.0
21638.0 120917.0
21708.0 120588.0
24516.0 120567.0
24592.0 120480.0
25513.0 120288.0
28763.0 119527.0
46279.0 119279.0

18092.0 123096.0
18545.0 122458.0
18596.0 121351.0
19912.0 121311.0
21266.0 121286.0
21342.0 121065.0
21638.0 121042.0
21708.0 120588.0
24516.0 120567.0
24592.0 120476.0
25513.0 120259.0
28687.0 120227.0
28763.0 119878.0
36184.0 119726.0
46279.0 119279.0

18092.0 123096.0
18545.0 122458.0
18596.0 121724.0
19912.0 121619.0
21342.0 121134.0
21708.0 120878.0
24516.0 120764.0
24592.0 120614.0
25513.0 120507.0
27913.0 120467.0
28763.0 119745.0
32013.0 119561.0
46279.0 119279.0

18092.0 123780.0
18545.0 123440.0
18596.0 122827.0
18615.0 122119.0
19112.0 121834.0
19146.0 121641.0
19845.0 121626.0
19912.0 121515.0
21266.0 121514.0
21342.0 120880.0
21708.0 120570.0
24592.0 120247.0
28763.0 119414.0
35187.0 119177.0


