21095.0 350035.0
21266.0 348635.0
21342.0 338344.0
21708.0 335600.0
22263.0 335250.0
22495.0 333049.0
23550.0 332806.0
24750.0 332210.0
24820.0 332189.0
25513.0 328414.0
27487.0 328129.0
27843.0 326529.0
28687.0 326252.0
28763.0 325870.0
31437.0 325801.0
32934.0 323681.0
35608.0 323647.0

21638.0 355291.0
21755.0 344647.0
21795.0 344398.0
22020.0 341667.0
22212.0 338558.0
22263.0 338248.0
22461.0 337923.0
22495.0 335711.0
23316.0 335249.0
24176.0 334774.0
24516.0 332402.0
24937.0 332169.0
24976.0 331234.0
25513.0 330607.0
27062.0 330545.0
28187.0 330528.0
28687.0 329562.0
28763.0 328492.0
31937.0 328425.0

21638.0 355291.0
21708.0 335892.0
22263.0 333675.0
22495.0 333347.0
23099.0 333218.0
24516.0 331354.0
24750.0 331297.0
24976.0 331211.0
25513.0 329757.0
28687.0 329562.0
28763.0 328492.0
31937.0 328425.0

21342.0 346586.0
21364.0 345715.0
21638.0 333688.0
21708.0 333575.0
22020.0 333541.0
22427.0 333115.0
22461.0 332512.0
22495.0 331770.0
23950.0 331575.0
24237.0 331021.0
24516.0 330973.0
24592.0 329359.0
25513.0 328062.0
28763.0 328022.0
31937.0 327740.0
32013.0 326810.0
32358.0 326730.0
35187.0 326499.0
35608.0 326253.0

21638.0 335218.0
22263.0 333631.0
22495.0 333173.0
24516.0 331354.0
24750.0 331297.0
24976.0 331211.0
25513.0 329757.0
27266.0 329736.0
28687.0 329562.0
28763.0 328022.0
31937.0 327740.0
32934.0 327633.0

21638.0 355291.0
21661.0 335447.0
22020.0 335414.0
22263.0 333675.0
22461.0 332881.0
23316.0 331797.0
23950.0 331742.0
24516.0 331354.0
24750.0 331297.0
24801.0 331074.0
25437.0 330027.0
25513.0 329757.0
28687.0 329562.0
28763.0 328022.0
31937.0 327740.0

21638.0 355291.0
21657.0 341044.0
21689.0 339547.0
21795.0 337121.0
22020.0 336345.0
22263.0 334212.0
24310.0 333623.0
24516.0 332402.0
24731.0 332098.0
24750.0 331297.0
24976.0 331234.0
25513.0 330607.0
27062.0 330545.0
28187.0 330528.0
28687.0 329562.0
28763.0 328492.0
31937.0 328425.0

21638.0 355291.0
21657.0 341044.0
21689.0 340928.0
21708.0 336752.0
22020.0 336495.0
22263.0 332057.0
24516.0 331915.0
24592.0 331882.0
24731.0 330782.0
24820.0 330641.0
24937.0 330307.0
25513.0 327994.0
28687.0 327905.0
31937.0 327740.0
32013.0 327269.0
32934.0 326453.0

21638.0 355291.0
21657.0 341044.0
21689.0 339547.0
21795.0 337121.0
22020.0 336345.0
22263.0 334212.0
24310.0 333623.0
24516.0 332402.0
24731.0 332098.0
24750.0 331297.0
24976.0 331234.0
25513.0 330607.0
27062.0 330545.0
28187.0 330528.0
28687.0 329562.0
28763.0 328492.0
31937.0 328425.0

21638.0 355291.0
21708.0 352673.0
21755.0 341788.0
21795.0 337058.0
22020.0 336564.0
22263.0 335511.0
22461.0 335249.0
22495.0 333362.0
23950.0 331861.0
24516.0 331354.0
24731.0 330217.0
25513.0 329811.0
26592.0 329747.0
26992.0 329391.0
27487.0 329179.0
28187.0 328103.0
28763.0 326873.0
32934.0 326562.0

20827.0 346779.0
21342.0 345552.0
21661.0 342889.0
21689.0 341813.0
21708.0 339532.0
21755.0 336532.0
22263.0 326225.0
24801.0 323065.0
28763.0 319941.0
30987.0 319630.0
35187.0 319248.0
41611.0 317780.0


