18596.0 170161.0
18615.0 163955.0
19912.0 163931.0
20345.0 163923.0
21266.0 163922.0
21342.0 163215.0
21657.0 163018.0
21708.0 161867.0
24516.0 161667.0
24592.0 160729.0
24750.0 160425.0
27792.0 160345.0
27862.0 160112.0
28763.0 159527.0
30904.0 159464.0
32013.0 159210.0
32934.0 158990.0
36184.0 158393.0
38858.0 158386.0
39434.0 158159.0
43605.0 158061.0

18092.0 169709.0
18526.0 168874.0
18596.0 164043.0
19146.0 163428.0
19946.0 163317.0
21266.0 163316.0
21342.0 162731.0
21638.0 162476.0
22263.0 161728.0
24592.0 161231.0
32013.0 161144.0
35608.0 161125.0
36184.0 160587.0
46855.0 160487.0

18092.0 169709.0
18526.0 168874.0
18596.0 163858.0
19146.0 163428.0
19946.0 163317.0
21266.0 163316.0
21342.0 162499.0
21638.0 162476.0
21708.0 162015.0
22263.0 161728.0
24516.0 161647.0
24592.0 161231.0
28763.0 160953.0
31437.0 160883.0
31937.0 160681.0
32013.0 160634.0
32934.0 160336.0
36184.0 159775.0

18092.0 169709.0
18526.0 164126.0
18596.0 164043.0
19146.0 163428.0
19946.0 163317.0
20857.0 163154.0
21342.0 162469.0
21638.0 162236.0
21657.0 162208.0
21708.0 162049.0
22263.0 161570.0
23880.0 161427.0
23950.0 161082.0
24592.0 160928.0
36184.0 160570.0
43029.0 160496.0
46855.0 160487.0

18092.0 169709.0
18526.0 168874.0
18596.0 164043.0
19146.0 163428.0
19946.0 163317.0
21266.0 163316.0
21342.0 162422.0
21689.0 162421.0
21708.0 162115.0
22263.0 161728.0
24592.0 161231.0
28763.0 160745.0
32013.0 160484.0
32934.0 160477.0
36184.0 160036.0
39358.0 159766.0

18092.0 169709.0
18526.0 168874.0
18596.0 163929.0
19146.0 163428.0
19946.0 163317.0
21266.0 163316.0
21342.0 162469.0
21638.0 162093.0
21657.0 161882.0
22263.0 161728.0
23880.0 161508.0
24592.0 161231.0
25513.0 160290.0
27913.0 160027.0
32013.0 159892.0
32934.0 159212.0

18092.0 169709.0
18526.0 168874.0
18596.0 164043.0
19146.0 163428.0
19946.0 163317.0
21266.0 163316.0
21342.0 162507.0
21638.0 162409.0
22263.0 161728.0
24592.0 161231.0
25513.0 161117.0
27843.0 161115.0
28687.0 160810.0
28763.0 160392.0
32934.0 160187.0
36108.0 160081.0

18092.0 169709.0
18526.0 168874.0
18545.0 166447.0
18596.0 163642.0
19146.0 163428.0
19946.0 163317.0
21266.0 163296.0
21342.0 161798.0
21638.0 161764.0
21657.0 161522.0
22263.0 161225.0
23880.0 161133.0
24592.0 160901.0
24820.0 160850.0
27190.0 160806.0
28687.0 160750.0
28763.0 160672.0
30440.0 160664.0
32013.0 159998.0
32934.0 159840.0
36184.0 159700.0

18092.0 169709.0
18526.0 168874.0
18596.0 164043.0
19146.0 163428.0
19946.0 163317.0
21266.0 163316.0
21342.0 162507.0
21638.0 162409.0
22263.0 161728.0
24592.0 161231.0
25513.0 161117.0
27843.0 161115.0
28687.0 160810.0
28763.0 160392.0
32934.0 160187.0
36108.0 160081.0

18092.0 169709.0
18447.0 169582.0
18513.0 166834.0
18545.0 166447.0
18596.0 163929.0
19146.0 163428.0
19946.0 163317.0
21266.0 163218.0
21342.0 161821.0
21638.0 161815.0
21657.0 161722.0
22263.0 161267.0
24592.0 160928.0
27842.0 160654.0
28763.0 160237.0
36184.0 159943.0

18092.0 169709.0
18526.0 168874.0
18596.0 163905.0
19146.0 163428.0
19946.0 163317.0
21266.0 163316.0
21342.0 162165.0
21638.0 161989.0
21657.0 161896.0
21708.0 161755.0
22263.0 160517.0
25513.0 159845.0
30940.0 159448.0
36184.0 158451.0


