18092.0 165175.0
18596.0 164957.0
18615.0 164468.0
19946.0 164251.0
20345.0 164103.0
21266.0 164102.0
21342.0 161615.0
21638.0 161598.0
21708.0 161338.0
24516.0 161313.0
24592.0 161190.0
24750.0 161001.0
24801.0 160995.0
25513.0 160098.0
27843.0 160047.0
28687.0 159882.0
28763.0 159386.0
31937.0 159354.0
32013.0 159351.0
32934.0 159025.0
36184.0 158845.0
38858.0 158719.0
39358.0 158662.0
40355.0 158566.0
43605.0 158440.0

18545.0 169338.0
18596.0 164238.0
18615.0 163293.0
21342.0 162233.0
21657.0 161954.0
24516.0 161568.0
36184.0 161328.0

18545.0 169338.0
18596.0 163815.0
18615.0 163293.0
20838.0 163206.0
21342.0 162233.0
21657.0 161954.0
24516.0 161568.0
28763.0 161514.0
31006.0 161476.0
36184.0 161293.0

18545.0 169338.0
18596.0 163595.0
18615.0 163293.0
20838.0 163206.0
21342.0 162233.0
21657.0 161954.0
24516.0 161568.0
28763.0 161412.0
32013.0 161385.0
36184.0 161293.0

18545.0 169338.0
18596.0 162973.0
21266.0 162859.0
21342.0 162233.0
21657.0 161954.0
24516.0 161568.0
25513.0 160947.0
28763.0 160673.0
32013.0 160561.0
32934.0 160397.0
36184.0 160054.0

18494.0 166498.0
18596.0 163815.0
18615.0 163293.0
20345.0 163246.0
20838.0 163149.0
21342.0 162233.0
21657.0 161954.0
24516.0 161568.0
28763.0 161412.0
32013.0 161377.0
32934.0 161269.0
37105.0 161265.0
47776.0 161050.0

18545.0 169338.0
18596.0 163815.0
18615.0 163155.0
21342.0 162204.0
21657.0 161954.0
24516.0 161568.0
28187.0 161545.0
28763.0 161086.0
31937.0 161082.0

18545.0 165617.0
18596.0 163322.0
18615.0 163155.0
20838.0 163149.0
21342.0 162204.0
21657.0 161954.0
24516.0 161568.0
24750.0 161301.0
25513.0 161096.0
28763.0 161009.0
32013.0 160785.0
32934.0 160439.0

18545.0 169338.0
18596.0 163313.0
18615.0 163155.0
19247.0 163026.0
21342.0 161960.0
21657.0 161954.0
24516.0 161568.0
24592.0 161528.0
25513.0 161353.0
28763.0 160615.0

18545.0 169338.0
18596.0 163815.0
18615.0 163155.0
20838.0 163149.0
21342.0 162204.0
21657.0 161883.0
24516.0 161568.0
28187.0 161161.0
28763.0 160922.0
31937.0 160830.0
39358.0 160748.0

18092.0 168593.0
18513.0 166760.0
18545.0 165019.0
18596.0 163929.0
18615.0 163293.0
20838.0 162992.0
21342.0 161504.0
21708.0 161279.0
24516.0 161235.0
24750.0 161184.0
24801.0 161048.0
27913.0 159847.0
28763.0 159681.0
30940.0 159590.0
31025.0 159531.0
32934.0 158998.0


