21266.0 274971.0
21302.0 273354.0
21579.0 258717.0
21708.0 253213.0
23316.0 253055.0
24617.0 252040.0
25513.0 246905.0
27487.0 245648.0
36184.0 245359.0
40355.0 244453.0

21342.0 266346.0
21708.0 259449.0
21821.0 258969.0
22263.0 254348.0
22495.0 253966.0
23240.0 253585.0
23950.0 253246.0
24516.0 252026.0
24592.0 252018.0
24801.0 249827.0
28687.0 249593.0
32013.0 248858.0
39079.0 248815.0

20766.0 258777.0
21708.0 253068.0
23992.0 251618.0
24592.0 251494.0
24801.0 249743.0
25010.0 248848.0
27024.0 248724.0
28187.0 248593.0
30136.0 248010.0

20742.0 265765.0
20889.0 262345.0
21412.0 261667.0
21657.0 256707.0
21661.0 256536.0
21708.0 254524.0
21821.0 254059.0
22263.0 252534.0
22495.0 252380.0
22936.0 252105.0
23550.0 251789.0
24237.0 251787.0
24592.0 251069.0
24750.0 249851.0
24801.0 249827.0
24820.0 249498.0
30661.0 249480.0
31006.0 249120.0
32013.0 248858.0
32934.0 248569.0
39079.0 248502.0

21342.0 261540.0
21364.0 257237.0
21657.0 256418.0
21708.0 255892.0
22020.0 255530.0
22263.0 253521.0
22495.0 252387.0
23940.0 252146.0
24516.0 252026.0
24592.0 250914.0
24801.0 249827.0
25437.0 249595.0
28187.0 247834.0

21108.0 264644.0
21412.0 261667.0
21657.0 258219.0
21661.0 256185.0
22020.0 254995.0
22263.0 252441.0
22495.0 252351.0
22936.0 252024.0
23550.0 251789.0
24592.0 248767.0
27894.0 247236.0
32934.0 246664.0

21342.0 266346.0
21657.0 259225.0
21708.0 255491.0
22136.0 255335.0
22263.0 253127.0
22495.0 252387.0
23940.0 251981.0
24750.0 251727.0
24801.0 249827.0
25573.0 249748.0
28687.0 249593.0
29684.0 249469.0
31006.0 249411.0
31658.0 248364.0
32358.0 248098.0

21266.0 269119.0
21342.0 266346.0
21412.0 261667.0
21657.0 259225.0
21661.0 256439.0
21708.0 255491.0
22020.0 254995.0
22263.0 253127.0
22495.0 252387.0
22936.0 252000.0
23940.0 251981.0
24592.0 249121.0
29684.0 248824.0
37105.0 248265.0

21342.0 266346.0
21657.0 259225.0
21708.0 257507.0
22263.0 254160.0
22495.0 252387.0
23940.0 252146.0
24516.0 252026.0
24592.0 251990.0
24801.0 249827.0
25437.0 249595.0
28687.0 249593.0
31006.0 249411.0
32013.0 248858.0
39079.0 248502.0

21342.0 266346.0
21412.0 261667.0
21657.0 258219.0
21661.0 256388.0
21708.0 253830.0
22263.0 253127.0
22495.0 252387.0
23940.0 252017.0
24592.0 251990.0
24750.0 251727.0
24801.0 249827.0
28187.0 249671.0
28687.0 249401.0
31937.0 249327.0
32013.0 248858.0
39079.0 248502.0

21089.0 258137.0
21342.0 256218.0
21638.0 252847.0
21689.0 252330.0
21708.0 245216.0
24801.0 243974.0
25513.0 241755.0
27913.0 241116.0
28763.0 240883.0
30940.0 240119.0


