21342.0 388946.0
21689.0 385089.0
21708.0 381296.0
22263.0 377272.0
22495.0 375644.0
23316.0 374896.0
24516.0 371622.0
25513.0 370314.0
27894.0 369865.0
28687.0 368538.0
28763.0 367997.0
32013.0 366309.0
32934.0 365269.0
40355.0 365052.0

22020.0 398421.0
22263.0 384994.0
23480.0 383840.0
23653.0 380227.0
23992.0 379735.0
24592.0 379653.0
24782.0 379239.0
24785.0 377404.0
24801.0 377150.0
25513.0 371545.0
27487.0 370936.0
28163.0 370786.0
28763.0 370440.0
31937.0 369703.0
34908.0 368914.0

21342.0 381055.0
21708.0 377529.0
22263.0 377387.0
22427.0 377061.0
23531.0 376196.0
24516.0 375810.0
24801.0 373034.0
25513.0 369910.0
28687.0 369040.0
29684.0 368566.0
32934.0 367872.0
34587.0 367833.0
36184.0 367539.0

21638.0 398027.0
21708.0 387315.0
21795.0 382416.0
21821.0 381682.0
22263.0 376806.0
23917.0 376621.0
24176.0 376144.0
24750.0 375147.0
24801.0 374595.0
25513.0 370335.0
31937.0 369319.0
34908.0 368914.0

21412.0 389826.0
21708.0 387348.0
21755.0 382371.0
22140.0 380171.0
22263.0 376886.0
22461.0 376468.0
23531.0 376196.0
24516.0 375916.0
24592.0 374310.0
24801.0 373034.0
25513.0 369910.0
28687.0 369040.0
29684.0 368566.0
32934.0 367872.0
34587.0 367833.0
36184.0 367539.0

21342.0 411415.0
21638.0 396087.0
21821.0 395834.0
22020.0 384459.0
22263.0 377387.0
24516.0 376654.0
24750.0 376560.0
24801.0 375170.0
25010.0 374820.0
25513.0 370347.0
28763.0 370260.0
30885.0 369480.0
31025.0 368989.0
31937.0 368782.0
36184.0 368677.0
37090.0 368012.0

22020.0 398421.0
22263.0 377387.0
24801.0 377150.0
25513.0 371545.0
27487.0 370936.0
28163.0 370786.0
28763.0 370440.0
31937.0 369703.0
34908.0 368914.0

22020.0 395364.0
22211.0 387270.0
22263.0 377387.0
24801.0 377150.0
24820.0 376597.0
24913.0 375317.0
25513.0 369873.0
28163.0 369726.0
29684.0 369581.0
32934.0 369236.0
34908.0 368914.0

22020.0 398421.0
22263.0 377387.0
24801.0 376258.0
25437.0 373942.0
25513.0 371545.0
27487.0 370936.0
28163.0 370786.0
28763.0 370440.0
31937.0 369703.0
34908.0 368914.0

21638.0 398182.0
21708.0 383189.0
22020.0 379748.0
22263.0 374959.0
24176.0 374828.0
24750.0 373941.0
24801.0 373564.0
25513.0 370173.0
31937.0 369240.0
34908.0 368914.0

21708.0 386344.0
22263.0 380211.0
22461.0 379865.0
22495.0 377413.0
22816.0 377375.0
23550.0 376712.0
24516.0 376104.0
24731.0 374790.0
24801.0 373384.0
24820.0 373154.0
25437.0 371530.0
25513.0 370136.0
26690.0 369251.0
28763.0 367629.0
30737.0 367221.0
31025.0 359809.0
35263.0 357809.0
41611.0 356353.0
49032.0 354953.0
56453.0 353170.0


