18092.0 127413.0
18596.0 124155.0
18615.0 122765.0
19845.0 122607.0
19912.0 122545.0
20421.0 122397.0
21342.0 121391.0
21638.0 121375.0
21708.0 120327.0
24516.0 120302.0
24592.0 119896.0
24820.0 119849.0
27766.0 119824.0
27913.0 119724.0
28763.0 119490.0
31016.0 119465.0
31937.0 119355.0
32013.0 119084.0
35263.0 118946.0
36184.0 118838.0
39434.0 118636.0

18016.0 131395.0
18092.0 126911.0
18545.0 123368.0
18596.0 123041.0
18615.0 122750.0
18671.0 122602.0
19471.0 122491.0
21266.0 122488.0
21342.0 121454.0
21638.0 121323.0
21708.0 121103.0
24516.0 120977.0
24592.0 120706.0
24820.0 120464.0
28687.0 120404.0
28763.0 119959.0
31937.0 119912.0
32013.0 119344.0
39434.0 119159.0
46855.0 118913.0

18016.0 131395.0
18092.0 125796.0
18545.0 123085.0
18596.0 122449.0
19471.0 122442.0
20345.0 122441.0
21266.0 122335.0
21342.0 121437.0
21638.0 121323.0
21708.0 121053.0
22263.0 120915.0
24592.0 120656.0
24820.0 120414.0
28687.0 120404.0
28763.0 119844.0
32013.0 119344.0
36184.0 119215.0
39434.0 119079.0
46855.0 118913.0

18016.0 131395.0
18092.0 125321.0
18545.0 123085.0
18596.0 122449.0
19471.0 122442.0
20345.0 122441.0
21266.0 122335.0
21342.0 121454.0
21638.0 121323.0
21708.0 121044.0
22263.0 120915.0
24516.0 120861.0
24592.0 120706.0
24820.0 120464.0
28687.0 120404.0
28763.0 119861.0
31937.0 119643.0
32013.0 119344.0
39434.0 119159.0
46855.0 118913.0

18016.0 131395.0
18092.0 125796.0
18312.0 122865.0
18596.0 122354.0
19471.0 122262.0
20421.0 122040.0
21342.0 121075.0
21708.0 120863.0
23950.0 120593.0
24801.0 120572.0
24820.0 120447.0
27766.0 120406.0
28687.0 120404.0
28763.0 119804.0
32013.0 119344.0
36184.0 119070.0
46855.0 118913.0

18016.0 131395.0
18092.0 124424.0
18545.0 123161.0
18596.0 122156.0
18615.0 121886.0
19112.0 121862.0
20387.0 121838.0
21266.0 121736.0
21342.0 121413.0
21638.0 121323.0
21708.0 120975.0
24516.0 120861.0
24592.0 120706.0
24820.0 120464.0
27913.0 120399.0
28763.0 119861.0
32013.0 119344.0
39358.0 119314.0
39434.0 119159.0
46855.0 118913.0

18016.0 131395.0
18092.0 125796.0
18545.0 123268.0
18596.0 122449.0
19471.0 122442.0
20345.0 122441.0
21266.0 122327.0
21342.0 121257.0
21657.0 121247.0
21708.0 121045.0
24516.0 120837.0
24592.0 120706.0
24820.0 120464.0
28687.0 120404.0
28763.0 119804.0
32013.0 119344.0
36184.0 119128.0
46855.0 118913.0

18016.0 131056.0
18092.0 123436.0
18545.0 123268.0
18596.0 122082.0
19112.0 122077.0
21266.0 121868.0
21342.0 121280.0
21657.0 121247.0
21708.0 121085.0
24516.0 120837.0
24592.0 120575.0
24820.0 120464.0
28687.0 120404.0
28763.0 119804.0
32013.0 119344.0
36184.0 119128.0
46855.0 118913.0

18016.0 131395.0
18092.0 124212.0
18545.0 123089.0
18596.0 121710.0
19946.0 121686.0
21266.0 121667.0
21342.0 120528.0
21708.0 120227.0
24592.0 119967.0
28763.0 119289.0
36184.0 118899.0
43605.0 118666.0

18016.0 131395.0
18092.0 122323.0
18545.0 122208.0
18596.0 121922.0
19112.0 121898.0
19912.0 121858.0
21266.0 121741.0
21342.0 121012.0
24516.0 120861.0
24592.0 120706.0
24820.0 120464.0
28687.0 120349.0
28763.0 119959.0
31937.0 119912.0
32013.0 119344.0
36184.0 119162.0
39434.0 119159.0
46855.0 118913.0

18016.0 131395.0
18092.0 126911.0
18545.0 123368.0
18596.0 122807.0
18615.0 122188.0
20345.0 122187.0
21266.0 122073.0
21342.0 120880.0
21708.0 120690.0
24516.0 120577.0
24592.0 120343.0
25513.0 120281.0
27766.0 120147.0
27913.0 120132.0
28763.0 119659.0
31937.0 119493.0
32013.0 119344.0
36108.0 119096.0
36184.0 119071.0
38858.0 119057.0
42608.0 118859.0
46855.0 118853.0
53203.0 118678.0
63874.0 116916.0


