19146.0 302429.0
20066.0 301582.0
20766.0 300502.0
20857.0 300283.0
21038.0 300130.0
21108.0 298209.0
21342.0 291440.0
21657.0 291189.0
21708.0 288093.0
24016.0 287372.0
24592.0 287297.0
25513.0 286849.0
27487.0 286822.0
28687.0 286303.0
28763.0 285496.0
31937.0 285339.0
32013.0 285030.0
32858.0 284817.0
32934.0 284370.0
34663.0 284284.0
36108.0 284171.0
37837.0 284155.0
39434.0 283905.0
40355.0 283653.0
43529.0 283380.0

21089.0 315569.0
21342.0 299258.0
21657.0 297028.0
21708.0 295272.0
22263.0 293732.0
22495.0 291746.0
24016.0 291148.0
24237.0 291010.0
24516.0 290087.0
24592.0 288514.0
24801.0 288483.0
24937.0 287476.0
27190.0 286960.0
28763.0 286199.0
29684.0 285732.0
34687.0 285455.0

21089.0 315569.0
21342.0 299258.0
21657.0 291317.0
21708.0 289334.0
22263.0 287916.0
24592.0 287257.0
25513.0 286889.0
26643.0 286513.0
26690.0 286463.0
27266.0 286207.0
28187.0 286200.0
28763.0 283672.0
31437.0 283539.0
32013.0 283204.0
39358.0 282980.0
42032.0 282937.0

21089.0 315569.0
21342.0 299258.0
21412.0 298812.0
21627.0 298620.0
21657.0 291317.0
21708.0 289334.0
22263.0 287900.0
24592.0 287545.0
24937.0 287476.0
25513.0 286855.0
26690.0 286841.0
27842.0 286805.0
28187.0 286718.0
28763.0 285492.0
34687.0 285455.0
36184.0 285149.0

21089.0 315569.0
21342.0 298894.0
21412.0 298812.0
21627.0 296082.0
21708.0 292120.0
22263.0 289794.0
23550.0 289322.0
23950.0 288709.0
24016.0 288696.0
24516.0 287882.0
24592.0 285252.0
24937.0 285073.0
28763.0 284684.0
30737.0 284667.0
31437.0 284374.0
31937.0 282956.0
42532.0 282918.0

21089.0 315569.0
21342.0 293631.0
21708.0 290818.0
22902.0 290563.0
22936.0 288575.0
23316.0 288108.0
23550.0 288081.0
24016.0 288065.0
24592.0 286281.0
26566.0 285598.0
27266.0 285373.0
27766.0 285200.0
28763.0 284402.0
29940.0 284380.0
31437.0 283837.0

21089.0 315569.0
21342.0 299258.0
21657.0 297028.0
21708.0 295272.0
22020.0 292859.0
22263.0 289771.0
23550.0 287252.0
23950.0 287201.0
24592.0 286579.0
25513.0 286525.0
26690.0 286309.0
27766.0 285788.0
28763.0 284613.0
29940.0 284201.0
36184.0 284052.0

21089.0 315569.0
21342.0 297636.0
21657.0 294750.0
21708.0 291394.0
22263.0 288287.0
24016.0 286838.0
25513.0 286368.0
26690.0 286209.0
27190.0 286041.0
27842.0 285969.0
28763.0 285085.0
31437.0 284591.0
32848.0 284535.0
34611.0 283491.0

21089.0 315569.0
21342.0 297636.0
21657.0 294750.0
21708.0 292783.0
22263.0 289771.0
23099.0 289635.0
23550.0 288829.0
24201.0 288681.0
24592.0 287203.0
24801.0 286979.0
25513.0 286368.0
28763.0 285085.0
42032.0 284753.0

21089.0 315569.0
21342.0 299258.0
21657.0 297028.0
21661.0 296889.0
21708.0 290804.0
22263.0 288164.0
24016.0 286838.0
24592.0 286208.0
25513.0 285614.0
28687.0 285515.0
28763.0 284989.0
31437.0 283863.0
31937.0 283296.0

20857.0 303555.0
21266.0 302266.0
21342.0 299258.0
21364.0 296421.0
21657.0 294415.0
21689.0 286894.0
24016.0 286570.0
24592.0 286267.0
24820.0 285546.0
24937.0 285073.0
26573.0 284951.0
27266.0 284943.0
28687.0 284703.0
28763.0 283340.0
29684.0 279988.0
30940.0 279130.0
32013.0 278970.0
34190.0 278701.0


