21661.0 388265.0
21708.0 385233.0
22263.0 384541.0
22461.0 381856.0
23280.0 379182.0
23480.0 375254.0
23880.0 374848.0
23950.0 374141.0
24516.0 372313.0
25010.0 371186.0
25451.0 371119.0
25513.0 369971.0
27043.0 368577.0
28187.0 367790.0
28763.0 366129.0
31937.0 365031.0
32934.0 364546.0

21536.0 395133.0
21755.0 393320.0
22020.0 389039.0
22263.0 380646.0
22461.0 378128.0
23316.0 376324.0
23992.0 376036.0
24801.0 375918.0
24937.0 374220.0
25513.0 373549.0
26192.0 372830.0
27842.0 372193.0
32934.0 371084.0

21536.0 395133.0
21755.0 393320.0
22020.0 389039.0
22263.0 376746.0
22461.0 376416.0
23316.0 374879.0
23992.0 373899.0
24237.0 372875.0
25437.0 372754.0
25513.0 372311.0
26662.0 372146.0
28687.0 371956.0
28763.0 371462.0
32934.0 370701.0

21436.0 398953.0
21536.0 395133.0
21755.0 393320.0
22020.0 387328.0
22263.0 376488.0
22461.0 374911.0
23316.0 374818.0
23550.0 373157.0
24937.0 371478.0
26490.0 368985.0
28111.0 368936.0
33911.0 368752.0

21536.0 395133.0
21755.0 393320.0
22020.0 389039.0
22263.0 376746.0
23316.0 374879.0
23992.0 374067.0
24801.0 373902.0
24937.0 372893.0
25513.0 371785.0
27525.0 371592.0
28687.0 371274.0
28763.0 370835.0
32334.0 370386.0

21342.0 394058.0
21755.0 393320.0
21821.0 392677.0
22020.0 389039.0
22263.0 376746.0
22461.0 375513.0
23316.0 372894.0
25437.0 372100.0
25513.0 371807.0
26643.0 371776.0
28763.0 371204.0
32934.0 370701.0

21536.0 395133.0
21755.0 393320.0
22020.0 389039.0
22263.0 376746.0
23316.0 374879.0
23992.0 374309.0
24937.0 373428.0
25513.0 372628.0
27842.0 371994.0
28763.0 371716.0
30936.0 371646.0
32934.0 370504.0

21342.0 387688.0
21708.0 382487.0
22263.0 376529.0
22461.0 376276.0
23316.0 374879.0
23550.0 373424.0
25437.0 372310.0
25513.0 371665.0
28687.0 371197.0
29684.0 370961.0
30156.0 369572.0
32934.0 369102.0

21536.0 395133.0
21755.0 393320.0
22020.0 389039.0
22263.0 376746.0
23316.0 374818.0
23992.0 374309.0
24937.0 373428.0
25513.0 372628.0
27842.0 371994.0
28763.0 371716.0
30936.0 371646.0
32934.0 370504.0

21342.0 396148.0
21536.0 395133.0
21755.0 393320.0
22020.0 387327.0
22263.0 374460.0
23392.0 373830.0
23992.0 373310.0
24937.0 373258.0
25437.0 372743.0
25451.0 371735.0
25513.0 371396.0
28407.0 370736.0
28611.0 370689.0
31861.0 369971.0

21536.0 395133.0
21689.0 367538.0
25513.0 363092.0
27913.0 363018.0
30987.0 361219.0
31016.0 360827.0
31861.0 360322.0
35187.0 359448.0


