18615.0 209620.0
19246.0 209515.0
19980.0 209427.0
20438.0 208798.0
20766.0 208285.0
20857.0 208083.0
21266.0 206036.0
21587.0 205586.0
21708.0 203573.0
22263.0 202684.0
24016.0 202669.0
24516.0 202648.0
24592.0 202625.0
25513.0 201491.0
28763.0 201239.0
32013.0 200954.0
36108.0 200842.0
36184.0 200322.0

18148.0 222637.0
18446.0 213545.0
18545.0 213062.0
18596.0 212994.0
18671.0 209881.0
18922.0 209653.0
20066.0 209597.0
20438.0 209365.0
20742.0 208740.0
20766.0 208214.0
21038.0 207710.0
21342.0 205397.0
21638.0 204466.0
21657.0 204458.0
22263.0 202677.0
24016.0 202505.0
25513.0 202070.0
27862.0 201919.0
28763.0 201690.0
31437.0 201685.0
36108.0 201578.0
36184.0 201461.0

18148.0 222637.0
18446.0 213545.0
18526.0 209564.0
18856.0 208012.0
20345.0 208011.0
20766.0 207670.0
21342.0 204563.0
21638.0 204466.0
21657.0 204458.0
21708.0 204118.0
22263.0 202677.0
23950.0 202363.0
25513.0 202070.0
27862.0 201919.0
28763.0 201334.0
36184.0 200884.0

18148.0 222637.0
18446.0 213545.0
18545.0 213062.0
18596.0 209120.0
18623.0 208954.0
19505.0 205750.0
19946.0 204442.0
21342.0 203309.0
21638.0 203276.0
21708.0 203258.0
22263.0 202677.0
23950.0 202575.0
24016.0 202505.0
24782.0 202294.0
25513.0 202070.0
27862.0 201919.0
28763.0 201674.0
36108.0 201578.0
36184.0 200876.0

18148.0 222637.0
18446.0 213545.0
18545.0 213062.0
18596.0 212994.0
18671.0 209295.0
19313.0 208503.0
19505.0 208454.0
20345.0 208250.0
20766.0 207364.0
20838.0 206991.0
21342.0 204563.0
21638.0 204466.0
21657.0 204458.0
21708.0 203873.0
22263.0 202677.0
23950.0 202363.0
25513.0 202070.0
27862.0 201919.0
28763.0 201561.0
32013.0 201128.0

18148.0 222637.0
18446.0 213545.0
18545.0 213062.0
18596.0 208617.0
19505.0 207975.0
21038.0 207710.0
21342.0 203328.0
21587.0 203231.0
21638.0 203018.0
22263.0 202677.0
24016.0 202505.0
25513.0 202070.0
27862.0 201919.0
28763.0 201674.0
30987.0 201572.0
32934.0 200965.0

18148.0 222637.0
18446.0 213545.0
18545.0 213062.0
18596.0 207111.0
19505.0 207102.0
20345.0 206733.0
21342.0 203446.0
21638.0 203136.0
22263.0 202677.0
23950.0 202676.0
24016.0 202505.0
25513.0 202070.0
27862.0 201919.0
28763.0 201561.0
32013.0 201051.0
36184.0 200773.0

18148.0 222637.0
18446.0 213545.0
18545.0 208090.0
18596.0 206805.0
20345.0 206804.0
21342.0 203233.0
21638.0 203028.0
22263.0 202583.0
24016.0 202505.0
24820.0 202410.0
25513.0 202070.0
27862.0 201919.0
28763.0 201561.0
32013.0 201051.0
32934.0 200990.0
36184.0 200685.0

18148.0 222637.0
18446.0 213545.0
18545.0 213062.0
18596.0 206805.0
20345.0 206804.0
21342.0 203313.0
21638.0 203136.0
22263.0 202677.0
23950.0 202676.0
24016.0 202505.0
24592.0 201910.0
28187.0 201671.0
28763.0 201561.0
32013.0 201051.0
36184.0 200773.0

18148.0 222637.0
18446.0 213545.0
18545.0 213062.0
18596.0 208617.0
19505.0 207975.0
20838.0 207552.0
21266.0 206820.0
21342.0 203252.0
21638.0 202949.0
22263.0 202677.0
24016.0 202505.0
25513.0 202070.0
27862.0 201919.0
28763.0 201531.0
36184.0 201461.0

18148.0 222637.0
18446.0 213545.0
18545.0 213062.0
18596.0 212994.0
18671.0 209575.0
18922.0 209453.0
19505.0 207483.0
20955.0 207058.0
21342.0 203023.0
21708.0 202575.0
22263.0 202425.0
24782.0 202165.0
24820.0 201942.0
25513.0 201876.0
27894.0 201786.0
28687.0 199717.0
34190.0 198860.0
42608.0 197649.0


