20766.0 356364.0
21342.0 349945.0
21708.0 344299.0
22263.0 333326.0
24201.0 333116.0
24750.0 331393.0
24937.0 330999.0
25437.0 330906.0
25513.0 326487.0
28187.0 326485.0
32358.0 325712.0
34908.0 325369.0

20438.0 360211.0
20827.0 359968.0
21342.0 340869.0
21661.0 340737.0
21708.0 335100.0
22263.0 332496.0
23416.0 332433.0
24750.0 331893.0
24801.0 331071.0
25513.0 329252.0
28763.0 328968.0
32858.0 328028.0
36184.0 328008.0

20438.0 360211.0
20827.0 359968.0
21342.0 338237.0
21708.0 335100.0
22263.0 332496.0
23416.0 332433.0
23950.0 332352.0
24016.0 332011.0
24592.0 331094.0
24801.0 330842.0
25513.0 329252.0
28187.0 328672.0
28763.0 328239.0
31437.0 327684.0
36184.0 327518.0

20438.0 360211.0
20827.0 359968.0
21342.0 338237.0
21708.0 335100.0
22263.0 332496.0
23416.0 332433.0
24016.0 332011.0
24592.0 331248.0
24801.0 330842.0
25513.0 329252.0
28187.0 328672.0
28763.0 328115.0
31437.0 327684.0
36184.0 327518.0

20438.0 360211.0
20827.0 359968.0
21342.0 338237.0
21689.0 337085.0
21708.0 335100.0
22136.0 334147.0
22263.0 331328.0
23240.0 331149.0
24592.0 329835.0
24937.0 329686.0
25513.0 329252.0
28187.0 328672.0
28763.0 327385.0
31437.0 327384.0

20438.0 360211.0
20827.0 359968.0
21342.0 340869.0
21661.0 340737.0
21708.0 335100.0
22263.0 332496.0
23416.0 332433.0
24516.0 332346.0
24592.0 331756.0
24750.0 329979.0
25513.0 329252.0
28187.0 328429.0
28763.0 328393.0
30936.0 328036.0
31437.0 327684.0
36184.0 327003.0

20438.0 360211.0
20827.0 359968.0
21342.0 340869.0
21661.0 340737.0
21708.0 335100.0
22263.0 332496.0
23416.0 332433.0
24750.0 331690.0
24801.0 331071.0
25437.0 330182.0
25513.0 329252.0
28763.0 328968.0
31437.0 328834.0
32858.0 328028.0
36184.0 328008.0

20438.0 360211.0
20827.0 359968.0
21342.0 338237.0
21708.0 335100.0
22263.0 332496.0
23416.0 332433.0
24750.0 330561.0
25437.0 329963.0
25513.0 329252.0
28187.0 328787.0
28763.0 328492.0
31437.0 327925.0
32013.0 327664.0
32358.0 327620.0
32934.0 327444.0

20438.0 360211.0
20827.0 359968.0
21342.0 340869.0
21661.0 340737.0
21708.0 335100.0
22263.0 332496.0
23416.0 332433.0
24516.0 330629.0
24801.0 330579.0
25437.0 330182.0
25513.0 329252.0
28763.0 328968.0
31437.0 328834.0
32858.0 328028.0
36184.0 328008.0

20438.0 360211.0
20827.0 359968.0
21108.0 351083.0
21266.0 345646.0
21342.0 338091.0
21708.0 335100.0
22263.0 332496.0
23416.0 332433.0
24016.0 331768.0
24592.0 330556.0
24801.0 330444.0
24820.0 329776.0
25437.0 329623.0
25513.0 329252.0
28187.0 328429.0
28763.0 328147.0
31437.0 328146.0
32858.0 327799.0
32934.0 327048.0

20438.0 360211.0
20827.0 359968.0
21342.0 334423.0
21638.0 334345.0
22263.0 332093.0
23080.0 331726.0
23550.0 330931.0
24016.0 330595.0
24651.0 330503.0
24750.0 329919.0
24801.0 329787.0
24937.0 328758.0
25513.0 327936.0
26769.0 327800.0
28111.0 327696.0
28187.0 327690.0
28763.0 319486.0
31937.0 319276.0


