16566.0 55329.0
16571.0 49858.0
16816.0 42668.0
16990.0 41604.0
17516.0 41209.0
18092.0 40466.0
18545.0 40449.0
18596.0 40353.0
19912.0 40313.0
21266.0 40310.0
21342.0 40064.0
21708.0 39975.0
24801.0 39974.0
25513.0 39758.0
28763.0 39631.0
36184.0 39476.0
46279.0 39456.0

16495.0 47200.0
16515.0 41725.0
16956.0 41719.0
17171.0 40835.0
18092.0 40544.0
18545.0 40527.0
18596.0 40415.0
19912.0 40313.0
21342.0 40277.0
21708.0 40184.0
24750.0 40124.0
25513.0 40004.0
27842.0 39958.0
32013.0 39953.0
32934.0 39939.0
36184.0 39767.0
42608.0 39628.0

16495.0 47200.0
16515.0 41725.0
16956.0 41719.0
17171.0 40835.0
18092.0 40544.0
18545.0 40527.0
18596.0 40415.0
19912.0 40313.0
21342.0 40277.0
21708.0 40184.0
24516.0 40141.0
24750.0 40124.0
25513.0 40004.0
27842.0 39958.0
32013.0 39953.0
32934.0 39939.0
36184.0 39767.0
42608.0 39628.0

16495.0 47200.0
16515.0 41473.0
16519.0 41463.0
16990.0 41417.0
17095.0 41178.0
17171.0 40835.0
18092.0 40544.0
18545.0 40527.0
18596.0 40415.0
19912.0 40313.0
21342.0 40277.0
21708.0 40184.0
24516.0 40141.0
24750.0 40124.0
25513.0 40004.0
27842.0 39958.0
28763.0 39938.0
32013.0 39837.0
32934.0 39701.0
42608.0 39628.0

16495.0 47200.0
16515.0 41725.0
16956.0 41719.0
16990.0 41474.0
17171.0 40835.0
18092.0 40544.0
18545.0 40527.0
18596.0 40415.0
19912.0 40313.0
21342.0 40277.0
21708.0 40184.0
24750.0 40124.0
25513.0 40004.0
27842.0 39958.0
28763.0 39773.0
36184.0 39481.0

16495.0 47200.0
16515.0 41519.0
16595.0 41287.0
17171.0 40835.0
18092.0 40466.0
18545.0 40449.0
18596.0 40415.0
19912.0 40313.0
21342.0 40277.0
21708.0 40082.0
24592.0 40070.0
24750.0 40048.0
25513.0 40004.0
27766.0 40003.0
27842.0 39918.0
28763.0 39914.0
32013.0 39815.0
32934.0 39707.0
39434.0 39704.0
40355.0 39437.0

16495.0 47200.0
16515.0 41725.0
16956.0 41719.0
17171.0 40835.0
18092.0 40544.0
18545.0 40527.0
18596.0 40337.0
19912.0 40313.0
21342.0 40277.0
21708.0 40184.0
24750.0 40124.0
25513.0 40004.0
27842.0 39958.0
28763.0 39935.0
36184.0 39767.0
42608.0 39628.0

16495.0 47200.0
16515.0 41725.0
16595.0 41597.0
16990.0 41577.0
17095.0 41498.0
17171.0 40835.0
18092.0 40466.0
18545.0 40444.0
18596.0 40337.0
19912.0 40313.0
21342.0 40277.0
21708.0 40082.0
24516.0 40039.0
25513.0 39940.0
27842.0 39918.0
32934.0 39670.0
42608.0 39628.0

16495.0 47200.0
16515.0 41564.0
16519.0 41463.0
16595.0 41241.0
17095.0 41178.0
17171.0 40835.0
18092.0 40544.0
18545.0 40527.0
18596.0 40337.0
19912.0 40313.0
21342.0 40277.0
21708.0 40184.0
24516.0 40167.0
24750.0 40124.0
25513.0 40004.0
27842.0 39958.0
28763.0 39935.0
32934.0 39887.0
36184.0 39767.0
42608.0 39628.0

16156.0 46244.0
16515.0 41564.0
16519.0 41463.0
17095.0 41178.0
17171.0 40835.0
18092.0 40544.0
18545.0 40527.0
18596.0 40337.0
19912.0 40313.0
21266.0 40310.0
21342.0 40277.0
21708.0 40082.0
24516.0 40039.0
25513.0 39798.0
28687.0 39755.0
32934.0 39662.0
39434.0 39567.0
40355.0 39455.0

16495.0 47200.0
16515.0 41473.0
17171.0 40835.0
18092.0 40466.0
18545.0 40444.0
18596.0 40337.0
19912.0 40313.0
21266.0 40310.0
21342.0 40227.0
21708.0 40015.0
24592.0 39956.0
24820.0 39865.0
25513.0 39798.0
28687.0 39755.0
32934.0 39670.0
35187.0 39667.0
36184.0 39640.0
39358.0 39527.0
40355.0 39408.0
43605.0 39395.0
46779.0 39316.0
51026.0 39314.0
53203.0 39202.0
54124.0 39193.0
54200.0 39070.0
63874.0 38972.0


