18092.0 42214.0
20387.0 42063.0
21342.0 42012.0
21708.0 41794.0
23550.0 41535.0
25513.0 40932.0
28763.0 40616.0

17736.0 49481.0
20457.0 48956.0
20857.0 48712.0
21108.0 48182.0
21364.0 46995.0
22699.0 46899.0
24820.0 46362.0
25010.0 45594.0
31006.0 44554.0
33248.0 44116.0

17736.0 49481.0
20457.0 48956.0
20857.0 48712.0
21108.0 48182.0
21364.0 46995.0
22699.0 46899.0
24820.0 46362.0
25010.0 45594.0
31006.0 44554.0
33248.0 44116.0

17736.0 49481.0
20457.0 48956.0
20857.0 48712.0
21108.0 48182.0
21364.0 46995.0
22699.0 46899.0
24820.0 46362.0
25010.0 45594.0
31006.0 44554.0
33248.0 44116.0

17736.0 49481.0
20457.0 48956.0
20857.0 48712.0
21108.0 48182.0
21364.0 46995.0
22699.0 46899.0
24820.0 46362.0
25010.0 45594.0
31006.0 44554.0
33248.0 44116.0

17736.0 49481.0
20457.0 48956.0
20857.0 48712.0
21108.0 48182.0
21364.0 46995.0
22699.0 46899.0
24820.0 46362.0
25010.0 45594.0
31006.0 44554.0
33248.0 44116.0

17736.0 49481.0
20457.0 48956.0
20857.0 48712.0
21108.0 48182.0
21364.0 46995.0
22699.0 46899.0
24820.0 46362.0
25010.0 45594.0
31006.0 44554.0
33248.0 44116.0

17736.0 49481.0
20457.0 48956.0
20857.0 48712.0
21108.0 48182.0
21364.0 46995.0
22699.0 46899.0
24820.0 46362.0
25010.0 45594.0
31006.0 44554.0
33248.0 44116.0

17736.0 49481.0
20457.0 48956.0
20857.0 48712.0
21108.0 48182.0
21364.0 46995.0
22699.0 46899.0
24820.0 46362.0
25010.0 45594.0
31006.0 44554.0
33248.0 44116.0

17736.0 49481.0
20457.0 48956.0
20857.0 48712.0
21108.0 48182.0
21364.0 46995.0
22699.0 46899.0
24820.0 46362.0
25010.0 45594.0
31006.0 44554.0
33248.0 44116.0

17736.0 49481.0
20457.0 48956.0
20857.0 48712.0
21108.0 48182.0
21364.0 46995.0
22699.0 46899.0
24820.0 46362.0
25010.0 45594.0
31006.0 44554.0
33248.0 44116.0


