16515.0 42620.0
16816.0 42516.0
16990.0 41452.0
17516.0 41220.0
18016.0 41074.0
18092.0 40496.0
18596.0 40337.0
19912.0 40313.0
21266.0 40310.0
21342.0 40064.0
21708.0 39975.0
24516.0 39972.0
24592.0 39916.0
24820.0 39865.0
25513.0 39758.0
27894.0 39757.0
28687.0 39755.0
28763.0 39631.0
31937.0 39629.0
32013.0 39572.0
32934.0 39512.0
36184.0 39385.0
39434.0 39327.0
43605.0 39304.0
51026.0 39182.0

16023.0 54373.0
16515.0 43199.0
16595.0 42985.0
16816.0 41457.0
16990.0 41423.0
17516.0 41173.0
17745.0 41162.0
18016.0 41074.0
18092.0 40466.0
18545.0 40444.0
18596.0 40353.0
19912.0 40343.0
21266.0 40310.0
21342.0 40064.0
21708.0 39975.0
24516.0 39974.0
24592.0 39916.0
25513.0 39758.0
28763.0 39656.0
32934.0 39512.0
36184.0 39398.0
39434.0 39327.0
40355.0 39303.0
43605.0 39195.0
46855.0 39159.0

16023.0 54373.0
16515.0 43199.0
16595.0 42985.0
16816.0 41457.0
16990.0 41387.0
17516.0 41173.0
17745.0 41162.0
18016.0 41074.0
18092.0 40466.0
18545.0 40444.0
18596.0 40353.0
19912.0 40343.0
21266.0 40310.0
21342.0 40064.0
21708.0 39975.0
24516.0 39974.0
24592.0 39916.0
25513.0 39758.0
28763.0 39632.0
32013.0 39596.0
32934.0 39512.0
36184.0 39398.0
39434.0 39327.0
40355.0 39303.0
43605.0 39195.0
46855.0 39159.0

16023.0 54373.0
16515.0 41267.0
16595.0 41035.0
17095.0 40972.0
18092.0 40466.0
18545.0 40444.0
18596.0 40337.0
19912.0 40313.0
21266.0 40310.0
21342.0 40064.0
21708.0 39975.0
24516.0 39974.0
24592.0 39916.0
25513.0 39758.0
28763.0 39632.0
32934.0 39512.0
36184.0 39398.0
39434.0 39327.0
40355.0 39303.0
43605.0 39195.0
46855.0 39159.0

16023.0 54373.0
16515.0 43199.0
16595.0 42985.0
16726.0 42979.0
16816.0 41366.0
17516.0 41134.0
18016.0 41053.0
18092.0 40466.0
18545.0 40444.0
18596.0 40337.0
19912.0 40313.0
21266.0 40310.0
21342.0 40064.0
21708.0 39975.0
24516.0 39974.0
24592.0 39916.0
25513.0 39758.0
28687.0 39757.0
28763.0 39632.0
31937.0 39631.0
32934.0 39512.0
36184.0 39398.0
39434.0 39327.0
40355.0 39279.0
43605.0 39195.0
46855.0 39159.0

16023.0 52104.0
16256.0 52034.0
16515.0 42457.0
16595.0 41926.0
16816.0 41457.0
16990.0 41387.0
17516.0 41155.0
18016.0 41074.0
18092.0 40466.0
18545.0 40444.0
18596.0 40337.0
19912.0 40313.0
21266.0 40310.0
21342.0 40064.0
21708.0 39975.0
24516.0 39972.0
24592.0 39915.0
24820.0 39865.0
25513.0 39758.0
28687.0 39755.0
28763.0 39632.0
32013.0 39596.0
32934.0 39512.0
36184.0 39398.0
39434.0 39327.0
40355.0 39303.0
43605.0 39195.0
46855.0 39159.0

16023.0 54373.0
16515.0 43199.0
16595.0 42985.0
16816.0 41457.0
16990.0 41387.0
17516.0 41173.0
17745.0 41162.0
18016.0 41074.0
18092.0 40466.0
18545.0 40444.0
18596.0 40353.0
19912.0 40343.0
21266.0 40310.0
21342.0 40064.0
21708.0 39975.0
24516.0 39974.0
24592.0 39916.0
25513.0 39758.0
28763.0 39632.0
32013.0 39596.0
32934.0 39512.0
36184.0 39398.0
39434.0 39327.0
40355.0 39303.0
43605.0 39195.0
46855.0 39159.0

16023.0 48573.0
16515.0 43199.0
16595.0 42985.0
16816.0 41366.0
17516.0 41152.0
17726.0 41141.0
18016.0 41053.0
18092.0 40466.0
18545.0 40444.0
18596.0 40337.0
19912.0 40313.0
21266.0 40310.0
21342.0 40064.0
21708.0 39975.0
24516.0 39972.0
24592.0 39916.0
25513.0 39758.0
28687.0 39755.0
28763.0 39632.0
32013.0 39573.0
32934.0 39512.0
36184.0 39398.0
39434.0 39327.0
40355.0 39303.0
43605.0 39195.0
46855.0 39159.0

16023.0 54373.0
16515.0 43199.0
16571.0 41792.0
16816.0 41366.0
17516.0 41134.0
18016.0 41053.0
18092.0 40466.0
18545.0 40444.0
18596.0 40337.0
19912.0 40313.0
21266.0 40310.0
21342.0 40064.0
21708.0 39975.0
24516.0 39974.0
24592.0 39916.0
24820.0 39865.0
25513.0 39758.0
28687.0 39757.0
28763.0 39632.0
32013.0 39573.0
32934.0 39511.0
36184.0 39385.0
39434.0 39327.0
40355.0 39303.0
43605.0 39153.0

16023.0 48573.0
16515.0 42069.0
16595.0 41926.0
16816.0 41457.0
16990.0 41387.0
17516.0 41155.0
18016.0 41074.0
18092.0 40466.0
18545.0 40444.0
18596.0 40337.0
19912.0 40313.0
21266.0 40310.0
21342.0 40064.0
21708.0 39975.0
24516.0 39972.0
24592.0 39915.0
24820.0 39865.0
25513.0 39758.0
28763.0 39631.0
32013.0 39596.0
32934.0 39512.0
36184.0 39398.0
39434.0 39327.0
40355.0 39303.0
43605.0 39195.0
46855.0 39159.0

16023.0 48573.0
16515.0 42367.0
16595.0 42135.0
16816.0 41457.0
16990.0 41387.0
17516.0 41164.0
17745.0 41162.0
18016.0 41074.0
18092.0 40466.0
18545.0 40444.0
18596.0 40337.0
19912.0 40313.0
21266.0 40310.0
21342.0 40064.0
21708.0 39975.0
24516.0 39972.0
24592.0 39916.0
24820.0 39865.0
25513.0 39758.0
28687.0 39755.0
28763.0 39632.0
32934.0 39512.0
36184.0 39385.0
39434.0 39327.0
40355.0 39303.0
43605.0 39152.0
46855.0 39093.0
50105.0 39082.0


