20987.0 356638.0
21266.0 351578.0
21342.0 347218.0
21661.0 342676.0
22020.0 342466.0
22263.0 338584.0
23499.0 337023.0
24016.0 333398.0
24592.0 332919.0
24699.0 332514.0
24731.0 332456.0
24785.0 331000.0
24801.0 330344.0
25513.0 326174.0
27913.0 326136.0
28187.0 325592.0
28763.0 325337.0
29684.0 324932.0
31437.0 324401.0
36108.0 322983.0

21708.0 342056.0
21795.0 339656.0
22263.0 337304.0
22461.0 335707.0
23416.0 334857.0
23550.0 334457.0
23950.0 333566.0
24699.0 332757.0
24750.0 331915.0
25513.0 331218.0
27843.0 331041.0
27913.0 329606.0
28763.0 329449.0
31937.0 329360.0
32934.0 329356.0
36184.0 328857.0

21708.0 340632.0
21795.0 339656.0
22263.0 333763.0
23519.0 333616.0
23950.0 333566.0
24516.0 333013.0
24651.0 332807.0
24699.0 332757.0
24750.0 331915.0
24937.0 331458.0
25010.0 331212.0
25513.0 329421.0
28763.0 329103.0
31437.0 328479.0

21342.0 350462.0
21708.0 336327.0
21755.0 333487.0
22020.0 333012.0
22902.0 332989.0
23416.0 332814.0
23817.0 331349.0
24592.0 331065.0
24801.0 330174.0
25513.0 329093.0
31006.0 328711.0
31437.0 328479.0
32934.0 328369.0

21708.0 341966.0
21795.0 339425.0
22263.0 335211.0
22461.0 334950.0
23416.0 334857.0
23550.0 334457.0
23931.0 334401.0
23950.0 333566.0
24516.0 333464.0
24699.0 332757.0
24750.0 331915.0
25513.0 330352.0
27487.0 330104.0
27894.0 329590.0
28687.0 329378.0
28763.0 328692.0

21342.0 350462.0
21708.0 334109.0
21755.0 332583.0
22263.0 331316.0
24201.0 330912.0
24592.0 329822.0
24937.0 329464.0
25451.0 329348.0
27843.0 328660.0
28187.0 328248.0
30837.0 327615.0
38258.0 327184.0

21708.0 342056.0
21795.0 339656.0
22263.0 336131.0
22461.0 335707.0
23416.0 334857.0
23550.0 334457.0
23950.0 333566.0
24699.0 332757.0
24750.0 331915.0
25513.0 330519.0
27487.0 330461.0
27894.0 329542.0
28687.0 329191.0
28763.0 328547.0

21708.0 338049.0
21755.0 335980.0
22263.0 334291.0
22461.0 333367.0
22495.0 332851.0
22936.0 332651.0
23331.0 332586.0
24516.0 331628.0
24801.0 331176.0
24937.0 330896.0
25010.0 330879.0
25513.0 330472.0
26643.0 330433.0
26973.0 330297.0
27043.0 329528.0
27913.0 329276.0
28111.0 329198.0
28687.0 328780.0
28763.0 328192.0
30940.0 327862.0
31937.0 327543.0
39358.0 327250.0

21708.0 337626.0
21755.0 334069.0
22461.0 332928.0
24699.0 332757.0
24750.0 331915.0
25513.0 330519.0
27487.0 330461.0
27894.0 329542.0
28687.0 329191.0
28763.0 328547.0

21708.0 336324.0
21755.0 332343.0
23992.0 332174.0
24750.0 331915.0
24801.0 331831.0
24820.0 331333.0
24937.0 330220.0
27773.0 329180.0
28163.0 328652.0
28687.0 328061.0
30940.0 327630.0
31937.0 327149.0

21708.0 333574.0
21761.0 332848.0
22461.0 332491.0
23854.0 331702.0
24201.0 331161.0
24801.0 330960.0
24820.0 325986.0
28763.0 319072.0
34190.0 318866.0
36184.0 318262.0


