18056.0 86252.0
18092.0 82572.0
18526.0 82550.0
18545.0 82039.0
18596.0 80987.0
19912.0 80717.0
21342.0 80128.0
21708.0 79950.0
24516.0 79947.0
24592.0 79855.0
24820.0 79804.0
25513.0 79516.0
27894.0 79515.0
28687.0 79512.0
28763.0 79264.0
32013.0 79169.0
32934.0 79023.0
36184.0 78838.0
39434.0 78725.0
40355.0 78619.0
42684.0 78583.0
43605.0 78457.0
50105.0 78375.0

17745.0 82277.0
18092.0 81351.0
18545.0 81257.0
18596.0 81001.0
18615.0 80816.0
19912.0 80792.0
20345.0 80791.0
20421.0 80756.0
21266.0 80755.0
21342.0 80438.0
21708.0 80304.0
24516.0 80261.0
24592.0 80226.0
24820.0 80057.0
25513.0 79682.0
27842.0 79646.0
27894.0 79645.0
28763.0 79448.0
32934.0 79412.0
36184.0 79377.0

17745.0 82277.0
18092.0 81351.0
18545.0 81257.0
18596.0 81001.0
18615.0 80816.0
19912.0 80792.0
20345.0 80791.0
20421.0 80756.0
21266.0 80749.0
21342.0 80438.0
21708.0 80304.0
24516.0 80261.0
24592.0 80226.0
24820.0 80057.0
25513.0 79682.0
27766.0 79681.0
27842.0 79646.0
27894.0 79645.0
28763.0 79448.0
32013.0 79328.0
32934.0 79215.0

16990.0 83913.0
17171.0 82442.0
17516.0 82228.0
17745.0 82006.0
18092.0 81210.0
18545.0 81188.0
18596.0 80752.0
19912.0 80704.0
21266.0 80702.0
21342.0 80360.0
21638.0 80359.0
21657.0 80342.0
21708.0 80239.0
24516.0 80196.0
24592.0 80156.0
24801.0 80031.0
25513.0 79594.0
28763.0 79448.0
32013.0 79395.0
32934.0 79348.0
36184.0 79153.0

17745.0 82277.0
18092.0 80932.0
18545.0 80893.0
18596.0 80778.0
19912.0 80754.0
21266.0 80711.0
21342.0 80251.0
21708.0 80111.0
24592.0 80085.0
24801.0 79914.0
24820.0 79863.0
25513.0 79682.0
27766.0 79681.0
27842.0 79646.0
27894.0 79645.0
28763.0 79448.0
32013.0 79328.0
32934.0 79215.0
36184.0 79056.0
51026.0 78794.0

17492.0 84728.0
17745.0 82270.0
18092.0 81255.0
18545.0 81173.0
18596.0 80864.0
18615.0 80816.0
19912.0 80792.0
20345.0 80791.0
20421.0 80756.0
21266.0 80749.0
21342.0 80391.0
21657.0 80309.0
21708.0 80097.0
24592.0 79949.0
24750.0 79909.0
24820.0 79858.0
25513.0 79618.0
27843.0 79601.0
28763.0 79370.0
32013.0 79244.0
32934.0 79137.0
36184.0 79109.0

17745.0 82277.0
18092.0 81351.0
18526.0 81271.0
18545.0 81257.0
18596.0 80784.0
19912.0 80704.0
21342.0 80329.0
21708.0 80189.0
24516.0 80188.0
24801.0 80187.0
24820.0 80057.0
25513.0 79682.0
27842.0 79646.0
27894.0 79645.0
28763.0 79448.0
32934.0 79412.0
36184.0 79235.0
43605.0 79107.0

17171.0 82811.0
17745.0 82277.0
18092.0 81010.0
18545.0 80971.0
18596.0 80794.0
19912.0 80714.0
21342.0 80250.0
21708.0 80161.0
24592.0 80156.0
24801.0 80109.0
24820.0 79944.0
25513.0 79682.0
27766.0 79681.0
27842.0 79646.0
27894.0 79645.0
28687.0 79639.0
28763.0 79370.0
31937.0 79327.0
32013.0 79244.0
32934.0 79137.0
36184.0 78948.0

17745.0 82277.0
18092.0 80932.0
18545.0 80893.0
18596.0 80674.0
19912.0 80626.0
21342.0 80250.0
21708.0 80161.0
24516.0 80160.0
24592.0 80050.0
24820.0 80016.0
25513.0 79682.0
27842.0 79646.0
27894.0 79645.0
28763.0 79448.0
32013.0 79416.0
32934.0 79248.0
36184.0 78996.0
51026.0 78989.0

17745.0 82270.0
18092.0 81286.0
18545.0 81195.0
18596.0 80936.0
18615.0 80816.0
19912.0 80792.0
20345.0 80791.0
20421.0 80756.0
21266.0 80749.0
21342.0 80274.0
21657.0 80257.0
21708.0 80239.0
24516.0 80196.0
24592.0 80072.0
24801.0 80024.0
24820.0 79863.0
25513.0 79682.0
27766.0 79681.0
27842.0 79646.0
27894.0 79645.0
28687.0 79639.0
28763.0 79370.0
32013.0 79244.0
32934.0 79137.0
43605.0 79102.0

17171.0 82992.0
17516.0 82597.0
17745.0 82277.0
18092.0 81084.0
18526.0 81062.0
18596.0 80752.0
19912.0 80704.0
21342.0 80328.0
21708.0 80052.0
24516.0 80035.0
24592.0 79911.0
25513.0 79516.0
28763.0 79373.0
32013.0 79328.0
36184.0 79083.0
39434.0 78797.0


