22263.0 350268.0
22495.0 346158.0
23817.0 344029.0
24237.0 343433.0
24263.0 342870.0
24440.0 341675.0
24801.0 337975.0
25513.0 337285.0
27190.0 336917.0
27487.0 336831.0
28163.0 336170.0
28687.0 334581.0
28763.0 332714.0
31658.0 332616.0
31937.0 331049.0
32358.0 330649.0
32934.0 328512.0
36108.0 328186.0

22020.0 352220.0
22263.0 350340.0
23550.0 343575.0
23854.0 341657.0
24801.0 338693.0
24913.0 337580.0
25513.0 334356.0
31413.0 333342.0

22020.0 352220.0
22263.0 350340.0
22495.0 340940.0
23653.0 340338.0
23880.0 339665.0
24592.0 338943.0
24801.0 338693.0
24913.0 337580.0
25513.0 334356.0
31413.0 333342.0

21657.0 358803.0
22020.0 352220.0
22263.0 350340.0
22495.0 344633.0
23240.0 343271.0
23316.0 342279.0
23854.0 341657.0
24201.0 339627.0
24801.0 337708.0
24913.0 337482.0
25513.0 334356.0
31413.0 333342.0

21821.0 343219.0
22495.0 340734.0
23653.0 340213.0
24592.0 338818.0
24801.0 338693.0
24913.0 337580.0
25513.0 334356.0
31413.0 333342.0
38858.0 333201.0

21689.0 352249.0
22020.0 352220.0
22263.0 343127.0
23316.0 342762.0
23854.0 341657.0
24016.0 341258.0
24516.0 339744.0
24801.0 338693.0
24913.0 337480.0
25513.0 334356.0
31413.0 333342.0

22020.0 352220.0
22263.0 350340.0
22495.0 340694.0
23854.0 340668.0
23880.0 339665.0
24750.0 338915.0
24801.0 338693.0
24913.0 337580.0
25513.0 334356.0
27166.0 334170.0
31413.0 333342.0
34587.0 333280.0
40355.0 332796.0

22020.0 352220.0
22263.0 347322.0
22495.0 340694.0
23519.0 340625.0
23880.0 339665.0
24801.0 338693.0
24913.0 337482.0
25513.0 334356.0
28763.0 333576.0
31413.0 333342.0

22020.0 352220.0
22263.0 350340.0
22495.0 347632.0
23316.0 342164.0
23854.0 340668.0
23899.0 340013.0
24592.0 339837.0
24801.0 338693.0
24913.0 337580.0
25513.0 334356.0
27043.0 333142.0
27266.0 332413.0
43605.0 331938.0

22020.0 352220.0
22263.0 347547.0
23316.0 345919.0
23550.0 343575.0
23854.0 341657.0
23899.0 340013.0
24516.0 339828.0
24750.0 338808.0
24801.0 338693.0
24820.0 337169.0
25513.0 334356.0
31413.0 333342.0

21708.0 328518.0
25513.0 323268.0
27913.0 320887.0
28763.0 320125.0
30940.0 320041.0
30987.0 319972.0


