18787.0 221949.0
19246.0 216047.0
19505.0 207733.0
20857.0 207508.0
21342.0 205321.0
21708.0 204075.0
22263.0 203311.0
23531.0 202776.0
24016.0 202110.0
24750.0 201868.0
25437.0 201663.0
25513.0 201101.0
27690.0 201065.0
27766.0 200975.0
28687.0 200643.0
28763.0 200303.0
31006.0 200255.0
31861.0 199944.0
35111.0 199894.0
35187.0 199863.0
36032.0 199825.0
36108.0 199652.0
36184.0 199370.0

18092.0 210839.0
18446.0 208641.0
20838.0 208441.0
21342.0 205517.0
21638.0 205429.0
21661.0 205418.0
21708.0 204608.0
23240.0 204152.0
24016.0 203069.0
28187.0 202886.0
31937.0 202169.0
34611.0 201904.0

18092.0 208433.0
18596.0 207286.0
20766.0 207213.0
21266.0 207143.0
21342.0 204383.0
21708.0 203751.0
22263.0 203599.0
24016.0 203069.0
25513.0 202356.0
31016.0 202214.0
31937.0 202120.0
32358.0 201974.0
34611.0 201904.0

18092.0 209478.0
18446.0 208641.0
20066.0 208604.0
20766.0 207609.0
20838.0 207600.0
21266.0 206169.0
21342.0 203873.0
21657.0 203846.0
21708.0 203586.0
22263.0 203499.0
24016.0 203069.0
25513.0 202628.0
28763.0 202624.0
31016.0 202474.0
31937.0 202169.0
32358.0 201974.0
34611.0 201904.0

18092.0 209478.0
18446.0 208641.0
20766.0 207360.0
21266.0 205710.0
21342.0 204279.0
21708.0 203751.0
22263.0 203072.0
22427.0 202813.0
24592.0 202055.0
28687.0 201863.0
31937.0 201809.0

18092.0 209478.0
18446.0 208641.0
19379.0 207015.0
19946.0 206084.0
21342.0 204279.0
22263.0 203626.0
23950.0 203424.0
24016.0 203069.0
24937.0 202639.0
29684.0 202625.0
31437.0 202393.0
31937.0 202169.0
32934.0 202166.0
34611.0 201904.0

18092.0 208640.0
20766.0 208567.0
20838.0 208441.0
21266.0 206133.0
21342.0 204279.0
21708.0 203841.0
23950.0 203775.0
24016.0 203069.0
25513.0 202691.0
27862.0 202379.0
27913.0 202213.0
28763.0 202211.0
30955.0 201936.0
34611.0 201904.0
35608.0 201783.0

18092.0 208640.0
20766.0 208567.0
20838.0 208441.0
21266.0 206195.0
21342.0 203827.0
21657.0 203817.0
21708.0 203667.0
22263.0 203513.0
24016.0 203069.0
25513.0 202526.0
27862.0 202420.0
27913.0 202213.0
28687.0 202137.0
30955.0 201953.0
32934.0 201948.0
34611.0 201904.0
34687.0 201891.0
35608.0 201783.0

18092.0 208640.0
20766.0 208567.0
20838.0 208441.0
21266.0 206133.0
21342.0 204279.0
21657.0 204263.0
21708.0 203841.0
23950.0 203775.0
24016.0 203069.0
25513.0 202221.0
27843.0 201795.0
28763.0 201495.0
33197.0 201247.0
39434.0 201171.0
46855.0 201162.0

18092.0 208640.0
18856.0 207507.0
19946.0 207237.0
21266.0 206133.0
21342.0 204279.0
21708.0 203903.0
22263.0 203643.0
22427.0 203452.0
24016.0 203069.0
24592.0 202321.0
27266.0 202037.0
28763.0 201676.0
32013.0 201581.0
32934.0 201517.0
35608.0 201443.0

18092.0 208578.0
19946.0 204547.0
21342.0 202957.0
21689.0 202560.0
21708.0 202453.0
24782.0 201699.0
24801.0 201642.0
24820.0 201343.0
25513.0 200997.0
28763.0 200055.0
31937.0 199693.0
38361.0 199674.0


