21708.0 426696.0
22263.0 421593.0
24516.0 420954.0
25437.0 420239.0
25485.0 420075.0
25513.0 417150.0
27266.0 417065.0
27913.0 416906.0
28163.0 416892.0
28687.0 413376.0
28763.0 410449.0
29684.0 409119.0
31006.0 409043.0
31413.0 408718.0
31437.0 407571.0
32934.0 406227.0
34687.0 405198.0

22263.0 441714.0
22495.0 427442.0
23950.0 424914.0
24592.0 423201.0
24801.0 421637.0
24913.0 421487.0
25513.0 418301.0
26566.0 418199.0
27266.0 418009.0
27843.0 417159.0
28687.0 416204.0
28763.0 414916.0
30237.0 414753.0
34687.0 414520.0
35584.0 413987.0

22263.0 428895.0
22461.0 425846.0
22495.0 422349.0
24750.0 418634.0
24801.0 417376.0
25513.0 416017.0
27043.0 415937.0
28687.0 415098.0
28763.0 414916.0
29684.0 413937.0
30237.0 413865.0

21761.0 428168.0
22263.0 424573.0
23550.0 423909.0
23950.0 421480.0
24592.0 417012.0
24913.0 416086.0
27913.0 416081.0
28687.0 415373.0
28763.0 414916.0
30237.0 414753.0
32934.0 414280.0
34687.0 414126.0
35584.0 413987.0
38858.0 413662.0
39358.0 413617.0

21708.0 443437.0
22263.0 432061.0
22495.0 427442.0
23788.0 426136.0
23899.0 425049.0
23950.0 422115.0
24016.0 421602.0
24516.0 419905.0
24801.0 417376.0
25513.0 414950.0
27487.0 414809.0
28687.0 414572.0
28763.0 413473.0
29684.0 412580.0
32934.0 411337.0

21821.0 443942.0
22263.0 430094.0
22495.0 426093.0
22699.0 424073.0
24237.0 422992.0
24310.0 422729.0
24651.0 422453.0
24750.0 420261.0
24801.0 417376.0
25513.0 416509.0
27300.0 416387.0
27487.0 416358.0
27894.0 415350.0
28763.0 412885.0
32934.0 412244.0

22263.0 441714.0
22495.0 427217.0
23440.0 426045.0
23880.0 423641.0
23916.0 423368.0
23950.0 421731.0
24310.0 421254.0
24516.0 420489.0
24750.0 418748.0
25513.0 415669.0
28763.0 414802.0
30237.0 414753.0
32934.0 414207.0
35584.0 413987.0
37105.0 412961.0

22263.0 433825.0
22495.0 427217.0
23251.0 425697.0
23880.0 423641.0
23916.0 423368.0
23940.0 421447.0
23992.0 420137.0
24592.0 418178.0
24820.0 416365.0
24976.0 415800.0
25485.0 415663.0
25513.0 413128.0
32013.0 412288.0
35187.0 411161.0

22263.0 431975.0
22495.0 427217.0
23099.0 422059.0
23950.0 421731.0
24310.0 421254.0
24516.0 420489.0
24750.0 418748.0
25513.0 415669.0
27766.0 415286.0
28187.0 415108.0
28611.0 414843.0
28763.0 413814.0
32334.0 413302.0
35263.0 412671.0

21708.0 424704.0
22263.0 421910.0
23531.0 421716.0
24016.0 420146.0
24516.0 419251.0
24750.0 416699.0
25513.0 416087.0
28687.0 415666.0
28763.0 414916.0
30237.0 414753.0
31413.0 413933.0
34111.0 413642.0

21708.0 419560.0
22263.0 410591.0
25513.0 404526.0
27842.0 403486.0
28763.0 401897.0
34190.0 399619.0
49032.0 394854.0
56453.0 394119.0


