21708.0 433164.0
22263.0 431361.0
22902.0 430204.0
23550.0 428585.0
23916.0 427328.0
24237.0 424950.0
24592.0 418956.0
24801.0 416841.0
25513.0 415887.0
27266.0 415289.0
27525.0 414600.0
27862.0 412664.0
27913.0 411714.0
28687.0 411287.0
28763.0 409422.0
32013.0 408811.0
32934.0 408061.0
36184.0 406973.0
43605.0 406800.0

22263.0 429260.0
22495.0 428243.0
23550.0 427669.0
23992.0 427540.0
24016.0 425951.0
24094.0 424974.0
24440.0 422212.0
24801.0 420084.0
24937.0 418248.0
25513.0 417070.0
27913.0 416477.0
28687.0 415699.0
28763.0 415444.0
30136.0 415237.0
31437.0 415015.0
32013.0 414456.0
32934.0 413839.0
34687.0 412961.0
35608.0 412410.0

21708.0 443519.0
22263.0 429260.0
22495.0 428243.0
23550.0 427581.0
23582.0 426227.0
23950.0 424832.0
24016.0 424408.0
24201.0 423273.0
24440.0 422212.0
24516.0 421794.0
24801.0 420084.0
24937.0 418248.0
25513.0 415111.0
27913.0 414130.0
28187.0 413721.0
28763.0 411677.0
31413.0 411163.0
32934.0 410780.0
35584.0 410467.0
36108.0 410458.0
38834.0 409537.0

22263.0 429260.0
22461.0 425666.0
23880.0 424049.0
24201.0 423631.0
24440.0 422212.0
24516.0 420139.0
24680.0 420127.0
24751.0 419617.0
24820.0 417618.0
25513.0 414956.0
28187.0 414530.0
28763.0 412884.0
35608.0 412410.0

22263.0 429260.0
22495.0 428243.0
23550.0 427641.0
23950.0 425696.0
24016.0 424408.0
24440.0 422212.0
24750.0 421371.0
24801.0 420015.0
24937.0 418248.0
25513.0 415403.0
27190.0 414821.0
27487.0 414173.0
28687.0 412989.0
28763.0 411375.0
32934.0 411322.0
36184.0 410135.0

21708.0 439843.0
22263.0 423440.0
23416.0 420699.0
24516.0 420139.0
24651.0 420004.0
24750.0 419658.0
24751.0 419617.0
24801.0 418464.0
24820.0 417618.0
25513.0 415719.0
26590.0 415337.0
27043.0 415199.0
27487.0 415075.0
27690.0 413709.0
28187.0 412230.0
28763.0 411997.0
36184.0 411874.0

22263.0 429260.0
22495.0 428243.0
23550.0 427669.0
23992.0 427540.0
24016.0 425951.0
24094.0 424974.0
24237.0 423694.0
24440.0 422212.0
24801.0 419715.0
24937.0 418248.0
25513.0 417070.0
27913.0 416477.0
28687.0 415699.0
28763.0 415444.0
29684.0 415333.0
30136.0 415237.0
31437.0 415015.0
32013.0 414456.0
32934.0 413839.0
34687.0 412961.0
35608.0 412410.0

22020.0 444577.0
22263.0 426093.0
23440.0 423815.0
24016.0 423647.0
24201.0 422903.0
24440.0 422212.0
24801.0 420084.0
24937.0 418248.0
25513.0 415488.0
26690.0 414933.0
28187.0 413931.0
32934.0 412878.0
35608.0 412410.0

22263.0 429260.0
22495.0 428243.0
23550.0 427669.0
23992.0 427540.0
24016.0 425951.0
24094.0 424974.0
24237.0 423694.0
24440.0 422212.0
24801.0 419715.0
24937.0 418248.0
25513.0 417070.0
27913.0 416453.0
28687.0 415699.0
28763.0 415444.0
29684.0 415333.0
30136.0 415237.0
31437.0 415015.0
32013.0 414456.0
32934.0 413839.0
34687.0 412961.0
35608.0 412410.0

22263.0 429260.0
22495.0 428243.0
23550.0 427669.0
23950.0 427268.0
24016.0 425951.0
24094.0 424974.0
24440.0 422212.0
24731.0 421210.0
24801.0 420084.0
24937.0 418248.0
25513.0 414107.0
28687.0 414017.0
28763.0 413197.0
29684.0 413173.0
30955.0 412963.0
32934.0 412701.0
35608.0 412410.0

21342.0 437168.0
21436.0 436790.0
21708.0 410955.0
23519.0 410771.0
24820.0 406645.0
27894.0 403254.0
31025.0 402507.0
34190.0 401675.0
35111.0 399885.0


