21638.0 409241.0
21689.0 396275.0
21708.0 385912.0
21821.0 381380.0
22263.0 378043.0
23917.0 377615.0
23992.0 376681.0
24094.0 376652.0
24516.0 376246.0
24801.0 375021.0
25437.0 373664.0
25513.0 371110.0
27966.0 371102.0
28187.0 369815.0
28763.0 367209.0
32013.0 366000.0
32934.0 365903.0
36184.0 365339.0
39434.0 365067.0
43605.0 364196.0
46855.0 363434.0
51026.0 362349.0

21755.0 395727.0
22263.0 379290.0
23550.0 379268.0
23916.0 378537.0
23950.0 375783.0
24592.0 374949.0
24801.0 373315.0
25513.0 371524.0
28763.0 370224.0
32013.0 369046.0

21708.0 380505.0
22263.0 379290.0
23550.0 379241.0
23653.0 376877.0
23950.0 375474.0
24592.0 374715.0
24651.0 374417.0
24801.0 373315.0
25513.0 371524.0
26690.0 371460.0
27487.0 371243.0
28763.0 370224.0
32013.0 369046.0

21266.0 404178.0
21708.0 377581.0
21795.0 377169.0
22263.0 373467.0
24016.0 373126.0
25513.0 371125.0
28763.0 369993.0
32013.0 369006.0

21708.0 388459.0
22136.0 378665.0
22263.0 373467.0
24237.0 372659.0
24592.0 372527.0
24731.0 372186.0
25513.0 371484.0
26690.0 371460.0
27824.0 370696.0
28763.0 370019.0
32013.0 369046.0

21708.0 390268.0
21755.0 389260.0
21821.0 381982.0
22263.0 379290.0
23550.0 379268.0
23916.0 378537.0
23950.0 375783.0
24592.0 374715.0
24801.0 373315.0
24937.0 373126.0
25437.0 371489.0
25513.0 370933.0
27587.0 370278.0
27894.0 369571.0
31006.0 369526.0
32013.0 369046.0
32358.0 368491.0
32934.0 368250.0

21755.0 389260.0
21795.0 383358.0
21821.0 381982.0
22263.0 379290.0
23550.0 379268.0
23916.0 378537.0
23950.0 375783.0
24592.0 374949.0
24801.0 373315.0
25513.0 371524.0
28763.0 370224.0
32013.0 369046.0

21708.0 390420.0
22263.0 379290.0
23550.0 379268.0
23916.0 378537.0
23950.0 375783.0
24592.0 374949.0
24782.0 374613.0
24801.0 373315.0
25513.0 371524.0
28687.0 371415.0
28763.0 370224.0
32013.0 369046.0

21755.0 395727.0
22263.0 379290.0
23550.0 379268.0
23916.0 378537.0
23950.0 375783.0
24592.0 374949.0
24782.0 374613.0
24801.0 373315.0
25513.0 371524.0
28687.0 371372.0
28763.0 370224.0
32013.0 369046.0

21708.0 395676.0
21755.0 389260.0
21795.0 383358.0
21821.0 381982.0
22263.0 377102.0
22495.0 376637.0
22936.0 376076.0
23950.0 373227.0
25437.0 371490.0
25513.0 370933.0
27894.0 369571.0
32013.0 369046.0
32358.0 368491.0

21708.0 373604.0
22263.0 365712.0
30955.0 365564.0
30987.0 361476.0
31025.0 360592.0
32934.0 360488.0
34190.0 358899.0


