18513.0 169664.0
18545.0 166346.0
18596.0 165169.0
18856.0 164876.0
19980.0 164738.0
21266.0 163306.0
21342.0 162088.0
21638.0 161912.0
21708.0 161813.0
22263.0 161665.0
24516.0 161522.0
24592.0 161162.0
24801.0 160820.0
25513.0 160513.0
28687.0 160505.0
28763.0 159459.0
31937.0 159285.0
32934.0 159215.0
36184.0 158531.0
39434.0 158503.0
40355.0 158329.0
42032.0 158260.0
42532.0 158242.0
43605.0 157873.0

18122.0 177012.0
18545.0 164953.0
18596.0 164262.0
18615.0 163690.0
18671.0 163655.0
19471.0 163615.0
21266.0 163086.0
21342.0 162737.0
21708.0 162689.0
22263.0 162041.0
24592.0 161477.0
25513.0 161115.0
28763.0 161033.0
32013.0 160697.0

18122.0 177012.0
18545.0 164953.0
18596.0 164262.0
18615.0 163690.0
18671.0 163655.0
19471.0 163615.0
21266.0 163086.0
21342.0 162737.0
21708.0 162689.0
22263.0 162041.0
24592.0 161477.0
25513.0 161115.0
28763.0 161033.0
32013.0 160697.0

18122.0 177012.0
18545.0 164953.0
18596.0 164262.0
18615.0 163690.0
18671.0 163655.0
19471.0 163615.0
19946.0 163178.0
21266.0 163086.0
21342.0 161684.0
23950.0 161682.0
24592.0 161264.0
25513.0 161115.0
28763.0 160621.0
32934.0 160596.0
39434.0 160363.0
43605.0 160362.0

18122.0 177012.0
18545.0 163689.0
18596.0 162798.0
19946.0 162660.0
21266.0 162659.0
21342.0 161317.0
24592.0 161282.0
25513.0 161014.0
27062.0 160892.0
28763.0 160695.0
32013.0 160328.0
36184.0 160082.0

18122.0 177012.0
18545.0 164953.0
18596.0 164262.0
18615.0 163690.0
18671.0 163655.0
19471.0 163615.0
19912.0 163259.0
21266.0 162982.0
21342.0 162510.0
21708.0 162183.0
22263.0 162041.0
24592.0 161477.0
25513.0 161115.0
28763.0 161033.0
32013.0 160697.0

18122.0 177012.0
18545.0 164953.0
18596.0 164262.0
18615.0 163690.0
18671.0 163655.0
19471.0 163615.0
19845.0 163020.0
19912.0 162950.0
21266.0 162949.0
21342.0 162664.0
21708.0 162349.0
22263.0 162041.0
24592.0 161477.0
25513.0 161115.0
28763.0 161033.0
32013.0 160697.0

18122.0 177012.0
18545.0 164953.0
18596.0 164262.0
18615.0 163690.0
18671.0 163655.0
19145.0 163252.0
19845.0 163020.0
19912.0 162950.0
21266.0 162949.0
21342.0 162664.0
21657.0 162594.0
21708.0 162349.0
22263.0 162041.0
24592.0 161477.0
25513.0 161115.0
28763.0 161033.0
32013.0 160697.0

18122.0 177012.0
18447.0 166526.0
18545.0 164263.0
18596.0 163043.0
20838.0 163042.0
21342.0 162285.0
21638.0 162270.0
21708.0 162028.0
24592.0 161396.0
25513.0 161115.0
28763.0 160988.0
32013.0 160697.0

18122.0 177012.0
18545.0 164953.0
18596.0 164262.0
18615.0 163690.0
18671.0 163655.0
19145.0 163561.0
19845.0 163522.0
19912.0 163259.0
21266.0 163086.0
21342.0 162557.0
21657.0 162406.0
21708.0 162310.0
22263.0 162041.0
24516.0 162012.0
24592.0 161477.0
25513.0 161115.0
28763.0 161033.0
32013.0 160697.0

18122.0 177012.0
18545.0 164953.0
18596.0 163939.0
18615.0 163649.0
19112.0 163307.0
19845.0 163023.0
19912.0 162953.0
21266.0 162711.0
21342.0 161762.0
21708.0 161453.0
22263.0 161386.0
24516.0 161351.0
24592.0 161233.0
25513.0 161051.0
27266.0 160655.0
28763.0 160603.0
30155.0 160533.0
32013.0 159986.0
36184.0 159911.0
43605.0 159875.0


