18671.0 216352.0
18922.0 215142.0
19112.0 213560.0
19146.0 211053.0
19471.0 210948.0
21661.0 210512.0
21708.0 208164.0
22263.0 207385.0
24592.0 206815.0
24937.0 206551.0
27913.0 205817.0
30940.0 205363.0

19313.0 231048.0
19505.0 227336.0
20387.0 215703.0
21342.0 212221.0
21638.0 209555.0
21689.0 209518.0
22020.0 207480.0
24750.0 207146.0
27843.0 206963.0

19313.0 231048.0
19505.0 215414.0
20766.0 210812.0
21342.0 208135.0
21689.0 207134.0
22461.0 206891.0
24801.0 206733.0
27894.0 205862.0
29684.0 205629.0

19313.0 231048.0
19466.0 216029.0
19505.0 215414.0
20766.0 210604.0
21342.0 208135.0
21689.0 206926.0
22461.0 206891.0
24592.0 206636.0
24801.0 206455.0
25513.0 205738.0

19313.0 231048.0
19505.0 215414.0
20766.0 210858.0
21342.0 208135.0
21689.0 207180.0
22461.0 206937.0
24731.0 206661.0
24750.0 206625.0
24937.0 206099.0
25513.0 206060.0
27766.0 205729.0
27843.0 205654.0
28187.0 205521.0
28763.0 205406.0
29285.0 205352.0
31937.0 205135.0
32934.0 203638.0

19313.0 231048.0
19471.0 227478.0
19505.0 215414.0
19987.0 214344.0
20766.0 210882.0
21342.0 208015.0
21657.0 207294.0
21661.0 207278.0
21689.0 207204.0
22461.0 206891.0
24801.0 206733.0
25513.0 205959.0
29684.0 205519.0

19313.0 231048.0
19505.0 215414.0
21342.0 212221.0
21638.0 209555.0
21689.0 209518.0
22020.0 207480.0
24750.0 207146.0
27843.0 206963.0
27894.0 205862.0
29684.0 205629.0

19313.0 231048.0
19505.0 215414.0
21038.0 213359.0
21342.0 209007.0
21587.0 208009.0
21689.0 207350.0
22461.0 207021.0
25513.0 207008.0
27843.0 206963.0
27913.0 206404.0
28687.0 206256.0
29684.0 206206.0
32013.0 205685.0

19313.0 231048.0
19505.0 215414.0
21342.0 210770.0
21638.0 209555.0
21661.0 208763.0
21689.0 208234.0
21708.0 207973.0
22020.0 207480.0
22495.0 207403.0
24750.0 205988.0
25513.0 205439.0
28763.0 204752.0

19313.0 231048.0
19505.0 215414.0
21266.0 214612.0
21342.0 208677.0
22020.0 207480.0
24750.0 207146.0
25010.0 207096.0
25513.0 207066.0
27166.0 207051.0
27843.0 206963.0
32013.0 206455.0

19313.0 231048.0
19505.0 227336.0
20387.0 215703.0
20766.0 213834.0
20857.0 209145.0
21657.0 208953.0
21689.0 204510.0
27913.0 202940.0
28763.0 200048.0
32934.0 199248.0
36184.0 198743.0


