21108.0 445303.0
21708.0 435466.0
22020.0 433067.0
22263.0 431446.0
23916.0 431017.0
24016.0 428514.0
24731.0 425760.0
24750.0 425526.0
24937.0 424530.0
25513.0 413452.0
26643.0 413040.0
27487.0 412178.0
28687.0 411014.0
28763.0 409804.0
29684.0 408788.0
31937.0 408232.0
32934.0 407961.0
40355.0 406733.0

21708.0 440235.0
22263.0 433321.0
23428.0 431758.0
23653.0 427573.0
24016.0 421074.0
24516.0 420342.0
24592.0 420146.0
24801.0 418375.0
25092.0 416910.0
25437.0 416510.0
25513.0 414639.0
27313.0 414588.0
27487.0 414500.0
27766.0 413985.0
31437.0 413410.0
32013.0 413182.0
32858.0 412601.0
32934.0 412401.0

21708.0 440235.0
22263.0 428807.0
23550.0 425866.0
23931.0 421879.0
24016.0 418784.0
24516.0 415679.0
24801.0 409553.0
27690.0 409463.0
28763.0 408430.0
31006.0 408319.0
34099.0 408297.0

21708.0 439836.0
21821.0 433837.0
22263.0 428101.0
23331.0 427754.0
23440.0 425094.0
23531.0 421883.0
24016.0 421074.0
24516.0 420342.0
24592.0 420146.0
24731.0 417068.0
24801.0 416621.0
25010.0 416280.0
25437.0 415266.0
25513.0 414444.0
27313.0 414168.0
27487.0 413081.0
27766.0 412566.0
32934.0 412401.0

21708.0 435627.0
22263.0 433321.0
22495.0 432239.0
22902.0 426803.0
23931.0 421879.0
24016.0 418784.0
24516.0 416518.0
24801.0 409553.0
28763.0 408430.0

21661.0 440804.0
21689.0 430842.0
21708.0 430564.0
22040.0 426647.0
22263.0 423104.0
24016.0 421074.0
24440.0 419687.0
24516.0 418834.0
24731.0 414350.0
24750.0 414299.0
24801.0 414146.0
25010.0 413620.0
28763.0 413454.0
29684.0 413114.0
31437.0 412968.0
32858.0 411997.0
32934.0 411898.0

21708.0 440235.0
22263.0 433321.0
22495.0 428705.0
22771.0 428409.0
23653.0 427573.0
23931.0 422143.0
24016.0 418784.0
24801.0 418375.0
25010.0 417069.0
25092.0 416910.0
25437.0 416510.0
25513.0 414639.0
26643.0 414619.0
27313.0 414588.0
27487.0 414500.0
27766.0 413985.0
29684.0 413702.0
31437.0 411116.0

21708.0 440235.0
22263.0 433321.0
22495.0 432051.0
23416.0 431248.0
23653.0 427573.0
23931.0 421913.0
24016.0 418016.0
24516.0 417825.0
24801.0 414086.0
24937.0 412659.0
26643.0 411967.0
27843.0 411168.0
31437.0 409163.0

21708.0 440235.0
22263.0 433321.0
23316.0 432883.0
23416.0 431360.0
23653.0 427573.0
23931.0 422143.0
24016.0 418784.0
24801.0 418375.0
25010.0 417069.0
25092.0 416910.0
25437.0 416510.0
25513.0 414639.0
26643.0 414619.0
27313.0 414588.0
27487.0 414500.0
27766.0 413985.0
29684.0 413702.0
31437.0 411116.0

21342.0 431776.0
22263.0 426630.0
23950.0 424505.0
24016.0 420776.0
24516.0 420342.0
24592.0 420146.0
24680.0 419690.0
24731.0 416636.0
24750.0 416212.0
25513.0 414639.0
26643.0 413592.0
27766.0 413102.0
28763.0 413042.0
28885.0 412489.0
30136.0 412262.0
30955.0 410754.0

21708.0 440235.0
22136.0 423226.0
22263.0 423058.0
22699.0 420646.0
23531.0 420295.0
23931.0 416882.0
24516.0 416821.0
24782.0 416453.0
24801.0 406446.0
25513.0 404711.0
27842.0 402886.0
28763.0 402823.0
31006.0 401138.0
34190.0 400336.0


