18545.0 129756.0
18596.0 123380.0
18615.0 121673.0
19845.0 121630.0
21342.0 120859.0
21638.0 120858.0
22263.0 120523.0
24592.0 120178.0
24820.0 120109.0
25513.0 119743.0
27842.0 119706.0
28763.0 119259.0
32013.0 119133.0
36184.0 118761.0

18092.0 123763.0
18545.0 123533.0
18596.0 122487.0
18615.0 121678.0
21266.0 121635.0
21342.0 121032.0
21708.0 120789.0
24750.0 120726.0
25513.0 120450.0
28763.0 119809.0
36184.0 119618.0
39434.0 119361.0

18092.0 123763.0
18545.0 123533.0
18596.0 122487.0
18615.0 121678.0
21266.0 121635.0
21342.0 121032.0
21708.0 120416.0
27913.0 120365.0
28763.0 119809.0
36184.0 119618.0
39434.0 119361.0

18092.0 122896.0
18596.0 122258.0
18615.0 121678.0
21266.0 121635.0
21342.0 121032.0
21708.0 120416.0
27913.0 120365.0
28763.0 119739.0
36184.0 119552.0
39434.0 119361.0

18092.0 123763.0
18545.0 123533.0
18596.0 122487.0
18615.0 121678.0
19912.0 121598.0
21342.0 121032.0
21708.0 120416.0
27894.0 120249.0
28763.0 119785.0
32934.0 119725.0
36184.0 119379.0
39434.0 119361.0
43605.0 119310.0

18092.0 123763.0
18545.0 122671.0
18596.0 122357.0
18615.0 121678.0
21266.0 121635.0
21342.0 120889.0
21708.0 120416.0
27913.0 120365.0
28687.0 120306.0
28763.0 119634.0
31937.0 119633.0
36184.0 119387.0
39358.0 119192.0

18092.0 123763.0
18545.0 123533.0
18596.0 122487.0
18615.0 121678.0
21266.0 121635.0
21342.0 121032.0
21708.0 120416.0
27913.0 120365.0
28763.0 119809.0
36184.0 119618.0
39434.0 119361.0

18092.0 123763.0
18545.0 123533.0
18596.0 122487.0
18615.0 121678.0
21266.0 121635.0
21342.0 120864.0
21657.0 120807.0
21708.0 120416.0
25513.0 120376.0
27913.0 120365.0
28763.0 119658.0
36184.0 119443.0
39434.0 119361.0

18092.0 123763.0
18545.0 123533.0
18596.0 122487.0
18615.0 121678.0
19112.0 121620.0
19912.0 121550.0
20387.0 121445.0
20766.0 121344.0
21342.0 120978.0
21708.0 120416.0
25513.0 120027.0
28187.0 120001.0
28763.0 119809.0
32013.0 119761.0
32934.0 119500.0
39434.0 119361.0

18092.0 123763.0
18545.0 122597.0
18596.0 122472.0
18615.0 121678.0
21266.0 121635.0
21342.0 120635.0
21638.0 120634.0
21708.0 120416.0
24801.0 120391.0
25513.0 120316.0
28687.0 120297.0
28763.0 119634.0
36184.0 119161.0

18092.0 123763.0
18545.0 122661.0
18596.0 122487.0
18615.0 121678.0
19912.0 121638.0
21266.0 121635.0
21342.0 120764.0
21708.0 120416.0
27913.0 120365.0
28763.0 119337.0
32013.0 119123.0
32934.0 119026.0
36184.0 118378.0


