18596.0 165004.0
18615.0 163975.0
19471.0 163809.0
19587.0 163589.0
19946.0 163134.0
20387.0 163064.0
21342.0 162192.0
21708.0 161567.0
22263.0 161388.0
24592.0 160751.0
25513.0 160034.0
27913.0 160001.0
28763.0 159281.0
31937.0 159140.0
32013.0 159004.0
32934.0 158406.0
36184.0 158154.0
39434.0 157862.0
43605.0 157405.0

18545.0 165866.0
18596.0 163239.0
19505.0 163170.0
21266.0 162944.0
21342.0 162314.0
21638.0 162032.0
21657.0 161729.0
24516.0 161690.0
24592.0 161526.0
24750.0 161488.0
24801.0 161475.0
27487.0 161473.0
27766.0 161068.0
28763.0 160626.0
31937.0 160576.0
35187.0 160543.0
36184.0 160433.0
43029.0 160213.0

18545.0 165804.0
18596.0 163239.0
19505.0 163170.0
21266.0 162944.0
21342.0 161733.0
21638.0 161732.0
21657.0 161729.0
21708.0 161604.0
24516.0 161286.0
24592.0 160886.0
28763.0 160575.0
31937.0 160182.0

18545.0 165866.0
18596.0 162667.0
21266.0 162372.0
21342.0 161803.0
21638.0 161802.0
21657.0 161729.0
21708.0 161628.0
24516.0 161332.0
24592.0 160956.0
28763.0 160425.0
36184.0 160418.0
39434.0 160391.0
43029.0 160196.0

18545.0 165866.0
18596.0 162930.0
19313.0 162844.0
20766.0 162785.0
21266.0 162635.0
21342.0 161978.0
21638.0 161738.0
21657.0 161729.0
22263.0 161558.0
23950.0 161435.0
24516.0 161328.0
24592.0 160921.0
25513.0 160901.0
28187.0 160883.0
28763.0 160626.0
31937.0 160217.0
36184.0 160078.0

18545.0 165866.0
18596.0 163071.0
19912.0 162902.0
21266.0 162618.0
21342.0 162014.0
21638.0 162013.0
21657.0 161729.0
24516.0 161395.0
24592.0 161237.0
24801.0 160937.0
28763.0 160575.0
31937.0 160445.0
36184.0 160016.0

18545.0 165804.0
18596.0 163030.0
21266.0 162735.0
21342.0 162033.0
21638.0 162032.0
21657.0 161729.0
21708.0 161674.0
24516.0 161356.0
24592.0 160956.0
28763.0 160626.0
31937.0 160287.0
43029.0 160213.0

18092.0 168505.0
18545.0 165804.0
18596.0 163030.0
19912.0 162861.0
21266.0 162735.0
21342.0 162033.0
21638.0 161822.0
21657.0 161729.0
21708.0 161674.0
24516.0 161356.0
24592.0 160910.0
28763.0 160599.0
31937.0 160287.0
36184.0 160115.0
40355.0 159955.0

18545.0 165804.0
18596.0 162741.0
20766.0 162670.0
21266.0 162427.0
21342.0 161926.0
21638.0 161819.0
21657.0 161568.0
21708.0 161259.0
24592.0 160840.0
24801.0 160837.0
25513.0 160553.0
28763.0 160408.0
31437.0 160242.0
31937.0 160185.0
32934.0 159870.0
36108.0 159700.0
36184.0 159290.0

18545.0 165804.0
18596.0 162930.0
19112.0 162831.0
19912.0 162761.0
20838.0 162760.0
21266.0 162546.0
21342.0 162259.0
21638.0 162013.0
21657.0 161729.0
24516.0 161658.0
24592.0 160910.0
28763.0 160599.0
31937.0 160287.0
36184.0 160144.0

18494.0 171204.0
18545.0 165866.0
18596.0 162633.0
19912.0 162609.0
20838.0 162597.0
21266.0 162483.0
21342.0 161940.0
21638.0 161710.0
21708.0 161601.0
24516.0 161402.0
24592.0 161157.0
24801.0 161152.0
25513.0 161015.0
27766.0 160751.0
28763.0 160491.0
31937.0 160208.0
32013.0 160124.0
32934.0 160090.0
36184.0 159495.0


