18092.0 82230.0
18596.0 81242.0
19912.0 81162.0
20838.0 81153.0
21342.0 80832.0
21708.0 80695.0
22263.0 80520.0
24937.0 80432.0
25437.0 80287.0
25513.0 80091.0
28687.0 80088.0
28763.0 80032.0
29684.0 79732.0
32858.0 79711.0
32934.0 79496.0
36108.0 79475.0
36184.0 79443.0
40355.0 79301.0

17492.0 84775.0
18092.0 81632.0
18545.0 81610.0
18596.0 81071.0
19912.0 81031.0
21266.0 81028.0
21342.0 80529.0
21708.0 80444.0
24750.0 80307.0
25513.0 79997.0
28687.0 79945.0
28763.0 79720.0
32013.0 79684.0

17492.0 84775.0
18092.0 81632.0
18545.0 81610.0
18596.0 81071.0
19912.0 81031.0
21266.0 81028.0
21342.0 80529.0
21708.0 80317.0
24592.0 80281.0
25513.0 79997.0
28687.0 79945.0
28763.0 79720.0
31937.0 79503.0
32013.0 79468.0
35187.0 79467.0

17492.0 84775.0
18092.0 81632.0
18526.0 81578.0
18545.0 81533.0
18596.0 81071.0
19912.0 81031.0
21266.0 81028.0
21342.0 80529.0
21708.0 80317.0
24750.0 80307.0
25513.0 79968.0
28687.0 79945.0
28763.0 79625.0
31937.0 79588.0
36184.0 79468.0

17492.0 84775.0
18092.0 81632.0
18545.0 81610.0
18596.0 81071.0
19912.0 81031.0
21266.0 81028.0
21342.0 80529.0
21708.0 80444.0
24750.0 80307.0
25513.0 79997.0
28687.0 79945.0
28763.0 79720.0
32013.0 79684.0

17492.0 84775.0
18092.0 81632.0
18526.0 81578.0
18545.0 81365.0
18596.0 81020.0
19912.0 80943.0
20345.0 80939.0
21342.0 80529.0
21708.0 80317.0
24750.0 80307.0
25513.0 79997.0
28687.0 79945.0
28763.0 79720.0
32013.0 79684.0
32934.0 79672.0
36184.0 79663.0

17492.0 84775.0
18092.0 81632.0
18545.0 81572.0
18596.0 81071.0
19912.0 81031.0
21266.0 81028.0
21342.0 80529.0
21708.0 80317.0
24592.0 80281.0
25513.0 79997.0
28687.0 79945.0
28763.0 79720.0
31937.0 79503.0
32013.0 79468.0
35187.0 79467.0

17492.0 84775.0
18092.0 81463.0
18526.0 81384.0
18545.0 81365.0
18596.0 81004.0
19912.0 80943.0
21342.0 80529.0
21708.0 80317.0
24516.0 80316.0
24592.0 80052.0
25513.0 79997.0
28687.0 79945.0
28763.0 79663.0
31937.0 79643.0
32013.0 79627.0
35187.0 79606.0
36184.0 79355.0

17492.0 84775.0
18092.0 81632.0
18545.0 81572.0
18596.0 81071.0
19912.0 81031.0
21266.0 81028.0
21342.0 80529.0
21708.0 80317.0
24592.0 80281.0
25513.0 79997.0
28687.0 79945.0
28763.0 79720.0
31937.0 79503.0
32013.0 79468.0
35187.0 79467.0

17492.0 84775.0
18092.0 81632.0
18526.0 81578.0
18545.0 81540.0
18596.0 81071.0
19912.0 81031.0
21266.0 81028.0
21342.0 80529.0
21708.0 80317.0
24592.0 80281.0
24801.0 80230.0
25513.0 79997.0
28687.0 79945.0
28763.0 79720.0
31937.0 79503.0
32013.0 79492.0
35187.0 79467.0
36184.0 79355.0

17492.0 84775.0
18092.0 81463.0
18526.0 81384.0
18545.0 81365.0
18596.0 81001.0
19912.0 80943.0
21342.0 80528.0
21708.0 80170.0
24782.0 80131.0
25513.0 79792.0
28763.0 79327.0
36184.0 78850.0


