21266.0 343890.0
21342.0 333446.0
21689.0 332086.0
21708.0 330229.0
22263.0 330221.0
23316.0 329884.0
24592.0 328836.0
25513.0 326855.0
28187.0 326842.0
28687.0 326533.0
28763.0 326502.0
31437.0 325392.0
32013.0 324665.0
32934.0 324536.0
35187.0 323095.0
42608.0 322290.0
42684.0 322019.0

21342.0 343391.0
21638.0 338164.0
22263.0 335977.0
23461.0 335454.0
23550.0 335299.0
23931.0 333792.0
24201.0 333146.0
24782.0 333097.0
24820.0 332853.0
24913.0 332583.0
25010.0 332560.0
25437.0 330381.0
25513.0 328005.0
27894.0 327590.0
28687.0 327298.0
28763.0 326940.0
31937.0 325844.0

21342.0 343391.0
21638.0 338164.0
21689.0 335835.0
21708.0 335631.0
22263.0 334039.0
22461.0 333542.0
22495.0 331672.0
24440.0 331626.0
24651.0 331111.0
24801.0 331071.0
24937.0 329104.0
25513.0 327998.0
27894.0 327590.0
28687.0 327298.0
28763.0 326940.0
31437.0 326713.0
31937.0 325844.0

20827.0 344173.0
21342.0 342168.0
21638.0 338164.0
21708.0 336238.0
22263.0 335977.0
22495.0 335765.0
23461.0 333440.0
24016.0 333181.0
24182.0 332792.0
24516.0 331972.0
24937.0 331395.0
25010.0 331348.0
25437.0 330381.0
25513.0 328005.0
26992.0 327954.0
27487.0 326440.0
28187.0 326194.0
28763.0 325778.0
32934.0 324960.0

21342.0 343391.0
21638.0 338164.0
21708.0 335973.0
22495.0 335123.0
23397.0 334995.0
23461.0 333459.0
23550.0 333305.0
24016.0 333181.0
24201.0 333146.0
24516.0 331972.0
24801.0 330218.0
24820.0 330091.0
24937.0 329573.0
25513.0 327839.0
27894.0 327590.0
28687.0 327298.0
28763.0 326005.0
31413.0 325601.0

19505.0 361080.0
20766.0 348948.0
21342.0 343391.0
21638.0 338164.0
22263.0 335977.0
23461.0 333900.0
23550.0 333746.0
24016.0 333181.0
24201.0 333146.0
24516.0 331972.0
24937.0 331959.0
25437.0 330381.0
25513.0 328005.0
27894.0 327590.0
28687.0 327298.0
28763.0 326738.0
31437.0 326713.0
31937.0 325844.0

21342.0 343391.0
21638.0 338164.0
22263.0 335977.0
23461.0 335454.0
23550.0 335299.0
23931.0 333792.0
24201.0 333146.0
24782.0 333097.0
24820.0 332853.0
24913.0 332583.0
25010.0 332560.0
25437.0 330381.0
25513.0 328005.0
27894.0 327590.0
28687.0 327298.0
28763.0 326940.0
31937.0 325844.0

21342.0 343391.0
21638.0 338164.0
22263.0 335977.0
22936.0 335353.0
23461.0 335105.0
23931.0 333792.0
24016.0 332504.0
24801.0 331135.0
25010.0 329647.0
25513.0 327409.0
28687.0 327298.0
28763.0 326940.0
31937.0 325551.0

21342.0 343391.0
21638.0 338164.0
22263.0 335977.0
23461.0 335454.0
23550.0 335299.0
23931.0 333792.0
24201.0 333146.0
24782.0 333097.0
24801.0 332078.0
25437.0 330381.0
25513.0 328005.0
27894.0 327590.0
28687.0 327298.0
28763.0 326940.0
31937.0 325844.0

20766.0 348992.0
21266.0 343250.0
21342.0 336133.0
21657.0 335751.0
22263.0 330601.0
25437.0 330381.0
25513.0 328005.0
27894.0 327590.0
28687.0 327298.0
28763.0 326940.0
31937.0 325844.0

21266.0 341894.0
21587.0 340675.0
21638.0 329785.0
22263.0 327749.0
23519.0 327340.0
25513.0 322918.0
27894.0 321490.0
28687.0 321102.0
28763.0 320837.0
31937.0 320147.0
32934.0 319057.0


