18615.0 121613.0
19912.0 121589.0
19946.0 121498.0
20345.0 121465.0
20387.0 121393.0
21266.0 121369.0
21342.0 120495.0
21638.0 120494.0
21708.0 120275.0
24516.0 120161.0
24592.0 119999.0
27766.0 119996.0
27913.0 119948.0
28687.0 119901.0
28763.0 119170.0
30885.0 119135.0
32013.0 119033.0
32934.0 118889.0
36184.0 118376.0
43605.0 118061.0

18092.0 125018.0
18494.0 124919.0
18513.0 124701.0
18545.0 123399.0
18596.0 122225.0
21266.0 122204.0
21342.0 120999.0
21708.0 120690.0
24801.0 120626.0
28763.0 120372.0
32013.0 119989.0
39434.0 119887.0

18092.0 125018.0
18494.0 124919.0
18513.0 124701.0
18545.0 123364.0
18596.0 122225.0
21266.0 122204.0
21342.0 120907.0
21708.0 120685.0
24592.0 120644.0
24801.0 120586.0
25513.0 120340.0
28763.0 120174.0
32013.0 119989.0
39434.0 119887.0

18092.0 124881.0
18513.0 124701.0
18545.0 123364.0
18596.0 122013.0
19912.0 121989.0
21266.0 121988.0
21342.0 120883.0
21708.0 120666.0
24516.0 120663.0
24592.0 120620.0
24750.0 120614.0
24801.0 120552.0
25513.0 120452.0
28763.0 120209.0
32013.0 119989.0
38858.0 119614.0
46279.0 119563.0

18092.0 124756.0
18513.0 124701.0
18545.0 123364.0
18596.0 122013.0
19912.0 121989.0
21266.0 121984.0
21342.0 120819.0
21708.0 120510.0
25513.0 120316.0
28763.0 119922.0
36184.0 119753.0
43605.0 119671.0

18092.0 125018.0
18494.0 124919.0
18513.0 124701.0
18545.0 123364.0
18596.0 122225.0
18615.0 121876.0
19471.0 121869.0
20345.0 121866.0
20421.0 121640.0
21342.0 120603.0
21708.0 120478.0
24592.0 120335.0
24801.0 120271.0
25513.0 120243.0
28763.0 119907.0
39434.0 119887.0

18092.0 125018.0
18494.0 124919.0
18513.0 124701.0
18545.0 123364.0
18596.0 122225.0
21266.0 122204.0
21342.0 120999.0
21708.0 120690.0
24801.0 120626.0
27062.0 120589.0
28763.0 120353.0
32013.0 119940.0
39434.0 119887.0

18092.0 125018.0
18494.0 124919.0
18513.0 124603.0
18545.0 123364.0
18596.0 122225.0
18615.0 121876.0
19471.0 121869.0
20345.0 121866.0
20421.0 121640.0
21342.0 120907.0
21657.0 120868.0
21708.0 120367.0
24592.0 120219.0
24801.0 120155.0
28763.0 120014.0
31437.0 119955.0
32013.0 119817.0
36184.0 119791.0

18092.0 125018.0
18494.0 124919.0
18513.0 124701.0
18545.0 123364.0
18596.0 121878.0
19912.0 121838.0
19946.0 121814.0
21266.0 121793.0
21342.0 120544.0
21708.0 120091.0
24801.0 120002.0
27913.0 119965.0
28763.0 119313.0
36184.0 119185.0
39434.0 119174.0

18092.0 125018.0
18494.0 124919.0
18513.0 124701.0
18545.0 123364.0
18596.0 122225.0
18615.0 121480.0
19912.0 121440.0
21342.0 120772.0
21708.0 120245.0
24750.0 120130.0
27913.0 120079.0
28763.0 119819.0
32013.0 119501.0
36184.0 119306.0
43605.0 118967.0

18092.0 122782.0
18596.0 121365.0
19912.0 121317.0
21342.0 120579.0
21638.0 120569.0
21708.0 120244.0
24801.0 119881.0
28763.0 118998.0
36184.0 118469.0


