21138.0 437933.0
22263.0 426256.0
22495.0 423259.0
23392.0 422918.0
23854.0 422866.0
23880.0 422733.0
23951.0 422688.0
24237.0 421320.0
24651.0 419524.0
24801.0 417093.0
25437.0 414814.0
25513.0 413325.0
25966.0 412688.0
27242.0 411714.0
27842.0 410291.0
35608.0 408874.0
38858.0 408635.0

22263.0 434072.0
22716.0 430262.0
23950.0 423433.0
23992.0 422119.0
25010.0 421855.0
25437.0 420151.0
25513.0 416572.0
26566.0 416271.0
26573.0 414749.0
28763.0 414382.0
30737.0 414283.0
31006.0 413814.0
32934.0 409409.0
36108.0 409407.0
40355.0 409332.0

21342.0 441868.0
22263.0 432780.0
22495.0 429378.0
23916.0 428990.0
23950.0 423433.0
23992.0 422119.0
24237.0 421973.0
25010.0 421437.0
25437.0 420151.0
25513.0 412922.0
28763.0 411526.0
32934.0 409409.0
36108.0 409407.0
40355.0 409332.0

22263.0 432780.0
22716.0 430262.0
23550.0 429603.0
23950.0 423433.0
23992.0 422119.0
24801.0 421190.0
24913.0 421098.0
24937.0 417857.0
25437.0 417313.0
25513.0 416342.0
26566.0 415880.0
26573.0 414749.0
28763.0 414382.0
30737.0 414283.0
31006.0 413814.0
32934.0 409409.0
36108.0 409165.0

21708.0 438857.0
22263.0 429478.0
23550.0 429016.0
23940.0 427807.0
23950.0 421195.0
23992.0 420325.0
24801.0 418872.0
24937.0 417983.0
25437.0 416165.0
25513.0 415538.0
26573.0 414749.0
28687.0 414591.0
28763.0 414382.0
30737.0 414283.0
31006.0 413814.0
32934.0 409409.0
36108.0 409165.0

21708.0 441132.0
22263.0 429832.0
22495.0 428687.0
23316.0 427571.0
23480.0 426225.0
23940.0 420659.0
24516.0 420550.0
24592.0 418523.0
24680.0 418378.0
24750.0 414908.0
26566.0 413638.0
27894.0 412604.0
28687.0 410415.0
30737.0 410009.0
31937.0 409529.0
32934.0 409409.0
34687.0 408406.0

22263.0 434072.0
22716.0 430262.0
23950.0 423433.0
23992.0 422119.0
25010.0 421855.0
25437.0 420070.0
25513.0 416572.0
26566.0 416271.0
26573.0 414749.0
28763.0 414382.0
30737.0 414283.0
31006.0 413814.0
32934.0 409409.0
36108.0 409407.0
40355.0 409332.0

22263.0 434072.0
22716.0 430262.0
23950.0 423433.0
23992.0 422119.0
24801.0 420642.0
24820.0 419531.0
25437.0 419122.0
25513.0 416572.0
26566.0 416271.0
26573.0 414749.0
28763.0 414382.0
30737.0 414283.0
31006.0 413814.0
32934.0 409409.0
36108.0 409407.0
40355.0 409332.0

22263.0 434072.0
22716.0 430262.0
23950.0 423433.0
23992.0 422119.0
25010.0 421855.0
25437.0 420070.0
25513.0 416572.0
26566.0 416271.0
26573.0 414749.0
28763.0 414382.0
30737.0 414283.0
31006.0 413814.0
32934.0 409409.0
36108.0 409407.0
40355.0 409332.0

22020.0 448921.0
22263.0 423849.0
23316.0 422288.0
23992.0 422119.0
24237.0 421973.0
24592.0 421035.0
24801.0 420363.0
25010.0 418632.0
25513.0 415103.0
25990.0 414909.0
26566.0 413638.0
28763.0 413626.0
32934.0 409409.0
36108.0 409407.0
40355.0 409332.0

22020.0 430933.0
22263.0 425542.0
23950.0 423433.0
23992.0 421910.0
24801.0 418233.0
24913.0 416968.0
25513.0 402662.0
28687.0 400745.0
28763.0 400622.0
29684.0 400231.0
30987.0 399939.0
31937.0 399744.0


