18447.0 173807.0
18545.0 166914.0
18671.0 166489.0
19946.0 165755.0
20766.0 165227.0
21342.0 163549.0
21708.0 162366.0
22263.0 162333.0
24516.0 161267.0
25513.0 160966.0
27766.0 160852.0
28687.0 160407.0
28763.0 159637.0
31437.0 159622.0
32013.0 159542.0
32934.0 159334.0
36108.0 159251.0
36184.0 158618.0
38858.0 158538.0

18615.0 164487.0
19946.0 163564.0
21342.0 162778.0
21708.0 162421.0
22263.0 161946.0
24516.0 161922.0
24592.0 161830.0
25437.0 161734.0
25513.0 161018.0
28763.0 160552.0
31361.0 160529.0
32858.0 160401.0
36108.0 160000.0
39434.0 159877.0

18589.0 179675.0
18596.0 165441.0
18615.0 164487.0
19946.0 163564.0
21342.0 162778.0
21689.0 162682.0
21708.0 161784.0
23940.0 161741.0
24592.0 161555.0
24801.0 161542.0
25513.0 161018.0
28187.0 160966.0
28763.0 160427.0
32013.0 160181.0
36108.0 160000.0
36184.0 159983.0
39434.0 159877.0
43029.0 159671.0

18092.0 164125.0
18545.0 163974.0
19946.0 163564.0
20766.0 163184.0
21266.0 163012.0
21302.0 162583.0
21342.0 162004.0
21657.0 161727.0
21689.0 161578.0
21708.0 161165.0
24516.0 161122.0
25513.0 160874.0
28763.0 160356.0
29684.0 160210.0
31937.0 160196.0
32013.0 160181.0
35187.0 160013.0
36108.0 160000.0
39434.0 159877.0

18615.0 164187.0
19146.0 163849.0
19769.0 163669.0
19946.0 163564.0
21266.0 163345.0
21342.0 162381.0
21708.0 161165.0
24516.0 161122.0
25513.0 160934.0
28763.0 160373.0
36108.0 160000.0
36184.0 159874.0
42608.0 159648.0

18615.0 164079.0
19946.0 163564.0
20838.0 163544.0
21342.0 162685.0
21708.0 161845.0
23950.0 161667.0
24516.0 161597.0
24592.0 161419.0
24820.0 161298.0
25437.0 161126.0
25513.0 160776.0
28763.0 160373.0
29940.0 160248.0
32013.0 160143.0
36108.0 160000.0
36184.0 159827.0

18122.0 174111.0
18545.0 174041.0
18596.0 164808.0
18615.0 164487.0
19946.0 163564.0
21342.0 162115.0
21708.0 162002.0
22263.0 161946.0
24016.0 161909.0
24592.0 161573.0
24820.0 161245.0
25437.0 160902.0
27913.0 160846.0
28763.0 160196.0
32013.0 160063.0
32858.0 159853.0
36184.0 159376.0

18596.0 164808.0
18615.0 164487.0
19146.0 164297.0
19946.0 163564.0
21342.0 162069.0
21708.0 161760.0
24516.0 161697.0
24731.0 161631.0
24937.0 161210.0
25437.0 161111.0
25513.0 160994.0
27842.0 160889.0
27913.0 160872.0
28187.0 160869.0
28763.0 160427.0
32013.0 160193.0
32934.0 160080.0
35187.0 159958.0
38858.0 159729.0

18615.0 163742.0
19946.0 163366.0
19980.0 163173.0
21342.0 161976.0
22263.0 161610.0
24592.0 161238.0
24937.0 161210.0
25437.0 161111.0
25513.0 160891.0
27913.0 160840.0
28763.0 160416.0
32013.0 160193.0
35187.0 159912.0
35608.0 159907.0
36184.0 159693.0
37105.0 159674.0
44526.0 159514.0

18615.0 164487.0
19769.0 164414.0
19946.0 163564.0
21342.0 162357.0
21638.0 162115.0
21708.0 161803.0
23950.0 161591.0
24592.0 161419.0
24937.0 161210.0
25437.0 161111.0
25513.0 160992.0
27842.0 160917.0
28763.0 160427.0
32013.0 160193.0
35187.0 159912.0
39434.0 159877.0
42608.0 159784.0

18596.0 168939.0
18615.0 163190.0
20387.0 162797.0
21342.0 161773.0
21708.0 161560.0
22263.0 160762.0
24782.0 160535.0
24801.0 160232.0
25513.0 159718.0
28763.0 158992.0


