16023.0 45982.0
16075.0 44730.0
16290.0 43549.0
16475.0 43155.0
16816.0 41687.0
16956.0 41576.0
16990.0 41423.0
17516.0 41191.0
18016.0 41110.0
18092.0 40595.0
18596.0 40337.0
19912.0 40313.0
21266.0 40310.0
21342.0 40064.0
21708.0 39975.0
24516.0 39972.0
24592.0 39915.0
24820.0 39865.0
25513.0 39782.0
28763.0 39631.0
31937.0 39628.0
32013.0 39572.0
35187.0 39570.0
35263.0 39537.0
36184.0 39385.0
39434.0 39326.0
42684.0 39304.0
43605.0 39152.0
46855.0 39094.0
50105.0 39058.0

16156.0 44781.0
16480.0 44072.0
16494.0 43828.0
16515.0 41334.0
16595.0 41102.0
17095.0 41039.0
17171.0 40921.0
18092.0 40466.0
18545.0 40444.0
18596.0 40337.0
19912.0 40313.0
21266.0 40310.0
21342.0 40064.0
21708.0 39975.0
24592.0 39916.0
25513.0 39758.0
28763.0 39632.0
32013.0 39591.0
36184.0 39550.0

16094.0 47566.0
16156.0 44781.0
16480.0 44072.0
16494.0 43828.0
16515.0 41334.0
16595.0 41102.0
17095.0 41039.0
17171.0 40921.0
18092.0 40466.0
18545.0 40444.0
18596.0 40337.0
19912.0 40313.0
21266.0 40310.0
21342.0 40064.0
21708.0 39975.0
24592.0 39916.0
25513.0 39758.0
28763.0 39632.0
32013.0 39591.0
36184.0 39550.0
43605.0 39357.0

16156.0 44781.0
16480.0 44072.0
16494.0 43828.0
16515.0 41267.0
16595.0 41035.0
17095.0 40972.0
17171.0 40916.0
18092.0 40466.0
18545.0 40444.0
18596.0 40337.0
19912.0 40313.0
21266.0 40310.0
21342.0 40064.0
21708.0 39975.0
24516.0 39974.0
24592.0 39916.0
25513.0 39758.0
28763.0 39632.0
32013.0 39591.0
35263.0 39555.0
36184.0 39450.0
42032.0 39445.0
42684.0 39304.0

16156.0 44781.0
16480.0 44072.0
16494.0 43828.0
16515.0 41267.0
16595.0 41035.0
17095.0 40972.0
17171.0 40916.0
18092.0 40466.0
18545.0 40444.0
18596.0 40337.0
19912.0 40313.0
21266.0 40310.0
21342.0 40064.0
21708.0 39975.0
24516.0 39974.0
24592.0 39916.0
25513.0 39758.0
28763.0 39632.0
32013.0 39591.0
36184.0 39550.0

16156.0 44781.0
16480.0 44072.0
16494.0 43828.0
16515.0 41334.0
16595.0 41102.0
17095.0 41039.0
17171.0 40921.0
18092.0 40466.0
18545.0 40444.0
18596.0 40337.0
19912.0 40313.0
21266.0 40310.0
21342.0 40064.0
21708.0 39975.0
24592.0 39916.0
25513.0 39758.0
28763.0 39632.0
32013.0 39591.0
36184.0 39450.0
46855.0 39298.0

16094.0 47566.0
16156.0 44781.0
16480.0 44072.0
16494.0 43828.0
16515.0 41334.0
16595.0 41102.0
17095.0 41039.0
17171.0 40921.0
18092.0 40466.0
18545.0 40444.0
18596.0 40337.0
19912.0 40313.0
21266.0 40310.0
21342.0 40064.0
21708.0 39975.0
24592.0 39916.0
25513.0 39758.0
28763.0 39632.0
31937.0 39631.0
32013.0 39591.0
36184.0 39450.0
39434.0 39391.0
43605.0 39357.0

16023.0 42501.0
16156.0 42083.0
16515.0 41334.0
16595.0 41102.0
17095.0 41039.0
17171.0 40921.0
18092.0 40466.0
18545.0 40444.0
18596.0 40337.0
19912.0 40313.0
21266.0 40310.0
21342.0 40064.0
21708.0 39975.0
24516.0 39974.0
24592.0 39916.0
25513.0 39758.0
28763.0 39632.0
31937.0 39631.0
32013.0 39591.0
32934.0 39549.0
35263.0 39537.0
36184.0 39423.0
39434.0 39391.0
43605.0 39357.0

16094.0 47566.0
16156.0 44781.0
16480.0 44072.0
16494.0 43828.0
16515.0 41267.0
16595.0 41035.0
17095.0 40972.0
17171.0 40916.0
18092.0 40466.0
18545.0 40444.0
18596.0 40337.0
19912.0 40313.0
21266.0 40310.0
21342.0 40064.0
21708.0 39975.0
24516.0 39974.0
24592.0 39916.0
25513.0 39758.0
28763.0 39632.0
31937.0 39631.0
32013.0 39591.0
36184.0 39450.0
39434.0 39391.0
43605.0 39357.0

16156.0 44781.0
16480.0 44072.0
16494.0 43828.0
16515.0 41334.0
16595.0 41102.0
17095.0 41039.0
17171.0 40921.0
18092.0 40466.0
18545.0 40444.0
18596.0 40337.0
19912.0 40313.0
21266.0 40310.0
21342.0 40064.0
21708.0 39975.0
24592.0 39916.0
24820.0 39905.0
25513.0 39758.0
28763.0 39632.0
31937.0 39631.0
32013.0 39591.0
32934.0 39589.0
36184.0 39450.0
39434.0 39367.0
43605.0 39357.0

16094.0 47488.0
16156.0 44781.0
16480.0 44072.0
16494.0 43828.0
16515.0 41334.0
16595.0 41102.0
17095.0 41039.0
17171.0 40921.0
18092.0 40466.0
18545.0 40444.0
18596.0 40337.0
19912.0 40313.0
21266.0 40310.0
21342.0 40064.0
21708.0 39975.0
24516.0 39974.0
24592.0 39916.0
24820.0 39905.0
25513.0 39758.0
27894.0 39757.0
28687.0 39755.0
28763.0 39631.0
32013.0 39591.0
32934.0 39576.0
35263.0 39537.0
36184.0 39393.0
39434.0 39345.0
43605.0 39317.0


