20766.0 394514.0
21342.0 389135.0
21657.0 387561.0
21689.0 386139.0
21708.0 380614.0
21795.0 378430.0
23950.0 377255.0
24176.0 376450.0
24516.0 375960.0
24750.0 374908.0
24913.0 374889.0
25513.0 371863.0
28187.0 370953.0
28763.0 370646.0
31437.0 369433.0
31658.0 369397.0
31861.0 369363.0
35584.0 369335.0

21412.0 407342.0
21638.0 397693.0
21708.0 395708.0
22263.0 391869.0
22427.0 391396.0
23316.0 388382.0
23550.0 387102.0
23950.0 383396.0
24016.0 382664.0
24176.0 380396.0
24516.0 379474.0
24592.0 377562.0
24651.0 377094.0
25437.0 375678.0
25513.0 372676.0
27913.0 371823.0
28687.0 370787.0

21412.0 407342.0
21638.0 397693.0
21708.0 390303.0
22136.0 390254.0
22263.0 383798.0
23550.0 379448.0
24440.0 378702.0
24592.0 377562.0
24651.0 377094.0
25437.0 375678.0
25513.0 372676.0
27894.0 372513.0
27913.0 371823.0
28687.0 370787.0
32358.0 370778.0

21346.0 393477.0
21661.0 391817.0
21821.0 388429.0
22263.0 388065.0
22495.0 386912.0
22680.0 386403.0
23392.0 385769.0
23950.0 383396.0
24016.0 382664.0
24176.0 380396.0
24440.0 378702.0
24592.0 377562.0
24651.0 377094.0
25437.0 375336.0
25513.0 372549.0
27894.0 372175.0
27913.0 371823.0
28687.0 370787.0

21412.0 407342.0
21638.0 397693.0
21708.0 389399.0
22020.0 388518.0
22263.0 383996.0
22461.0 382976.0
22902.0 381386.0
23316.0 381321.0
23350.0 381313.0
23950.0 379196.0
24237.0 378404.0
24592.0 376297.0
25437.0 375529.0
25513.0 372076.0
27913.0 371823.0
28687.0 370787.0

21266.0 406548.0
21342.0 387748.0
21434.0 387455.0
21657.0 381755.0
22263.0 375923.0
25437.0 375678.0
25513.0 372440.0
27913.0 371823.0
28687.0 370787.0

21412.0 407342.0
21638.0 397693.0
21708.0 391093.0
21755.0 390631.0
22461.0 390339.0
23316.0 388382.0
23550.0 387102.0
23950.0 383396.0
24016.0 382664.0
24176.0 380396.0
24440.0 380116.0
24516.0 379474.0
24592.0 377562.0
24651.0 377094.0
25437.0 375678.0
25513.0 372676.0
27913.0 371823.0
28687.0 370787.0

21412.0 407342.0
21638.0 397693.0
21708.0 391093.0
21755.0 390631.0
22461.0 390339.0
23316.0 388382.0
23550.0 386893.0
23950.0 383396.0
24016.0 382664.0
24176.0 380396.0
24440.0 380116.0
24516.0 379474.0
24592.0 377562.0
24651.0 377094.0
25437.0 375678.0
25513.0 372676.0
27913.0 371823.0
28687.0 370787.0

21412.0 407342.0
21638.0 397693.0
21708.0 391093.0
21755.0 390631.0
22263.0 383671.0
23880.0 383393.0
23950.0 379397.0
24182.0 379037.0
24516.0 378017.0
24592.0 377562.0
24651.0 377094.0
24750.0 376223.0
24976.0 375502.0
25513.0 372676.0
27913.0 371823.0
28687.0 370787.0

21412.0 407342.0
21638.0 397693.0
21708.0 391093.0
21755.0 390631.0
22263.0 381997.0
22495.0 377308.0
23950.0 376993.0
24785.0 375798.0
25437.0 375489.0
25513.0 372613.0
27894.0 372104.0
27913.0 371823.0
28687.0 370787.0

21342.0 409265.0
21412.0 407342.0
21568.0 380757.0
21689.0 369443.0
22263.0 367993.0
24782.0 366725.0
25513.0 365405.0
26769.0 365400.0
28763.0 362990.0
31025.0 361514.0
34190.0 359556.0


