22263.0 309972.0
22461.0 302636.0
23316.0 302051.0
23499.0 301828.0
23916.0 299321.0
24592.0 296376.0
25437.0 295774.0
25513.0 290406.0
27913.0 289076.0
28763.0 288730.0
30340.0 288502.0

21708.0 304485.0
22263.0 302975.0
22495.0 302520.0
23316.0 301093.0
23440.0 300539.0
23550.0 297097.0
24516.0 296853.0
24801.0 296757.0
24937.0 296394.0
25451.0 296338.0
27166.0 295559.0
28763.0 295181.0
30085.0 294394.0
35187.0 293635.0

21708.0 304485.0
22020.0 301122.0
22263.0 298010.0
23550.0 297097.0
24516.0 296478.0
24937.0 296394.0
25451.0 296338.0
27166.0 295559.0
27690.0 294116.0
35187.0 293635.0

21708.0 298881.0
22263.0 297670.0
23550.0 297097.0
24516.0 296853.0
24801.0 296757.0
24937.0 296394.0
25451.0 296338.0
27166.0 295559.0
27266.0 295380.0
27690.0 294995.0
30085.0 294394.0
35187.0 293635.0

19505.0 305775.0
19769.0 305181.0
21342.0 297566.0
22263.0 297404.0
22495.0 296849.0
22902.0 296707.0
23950.0 296356.0
24131.0 295566.0
25010.0 294497.0
25513.0 293364.0
27166.0 292895.0
28763.0 292252.0
29684.0 291269.0
40355.0 290723.0

21108.0 312612.0
21266.0 309708.0
21342.0 300380.0
21689.0 299757.0
21821.0 297982.0
22263.0 296670.0
24750.0 296498.0
24937.0 296316.0
26666.0 295949.0
27166.0 295013.0
27690.0 294542.0
29684.0 294241.0
32934.0 294195.0
35187.0 293635.0

21708.0 304485.0
22263.0 302975.0
22495.0 302520.0
23316.0 301093.0
23440.0 300539.0
23550.0 297097.0
24516.0 296853.0
24801.0 296757.0
24937.0 296394.0
25451.0 296338.0
27166.0 295559.0
27690.0 294995.0
30085.0 294394.0
35187.0 293635.0

21708.0 304485.0
22263.0 301185.0
23316.0 301093.0
23440.0 300539.0
23550.0 297097.0
24516.0 296853.0
24801.0 296757.0
24937.0 296394.0
25451.0 296338.0
27166.0 295559.0
27690.0 294995.0
30085.0 294394.0
35187.0 293635.0

21266.0 306837.0
21342.0 300380.0
21657.0 298583.0
21821.0 297982.0
22263.0 296670.0
24128.0 295577.0
24592.0 294709.0
24750.0 294268.0
31937.0 293220.0
32013.0 291395.0

21266.0 309708.0
21342.0 300380.0
21689.0 299399.0
21821.0 297982.0
22263.0 296670.0
24937.0 296394.0
25451.0 296338.0
26666.0 295985.0
27166.0 295106.0
27690.0 294995.0
28763.0 293839.0
35187.0 293635.0

21661.0 305439.0
21708.0 287044.0
24750.0 286980.0
24801.0 285485.0
26769.0 284888.0
27913.0 283747.0
28687.0 283087.0
31025.0 280903.0
34190.0 280495.0


