16870.0 88334.0
16990.0 84148.0
17171.0 83198.0
17516.0 82966.0
18016.0 82903.0
18092.0 82371.0
18596.0 82177.0
18615.0 80958.0
19912.0 80934.0
20345.0 80843.0
21342.0 80682.0
22263.0 80555.0
23595.0 80552.0
24516.0 80377.0
24592.0 80320.0
24801.0 80174.0
25513.0 79850.0
27766.0 79849.0
27842.0 79815.0
27913.0 79772.0
28763.0 79756.0
31016.0 79741.0
32013.0 79539.0
32934.0 79293.0
36184.0 79148.0
39434.0 79101.0

17926.0 90188.0
18016.0 83133.0
18092.0 82165.0
18596.0 81098.0
19112.0 81063.0
20766.0 81055.0
21266.0 80990.0
21342.0 80532.0
24516.0 80507.0
24592.0 80445.0
24801.0 80441.0
25513.0 80166.0
28763.0 79824.0
31937.0 79821.0
36184.0 79742.0

17926.0 90188.0
18016.0 83133.0
18092.0 82165.0
18596.0 81098.0
19112.0 81063.0
20766.0 81055.0
21266.0 80990.0
21342.0 80532.0
24516.0 80507.0
24592.0 80445.0
24801.0 80441.0
25513.0 80166.0
28763.0 79823.0
31937.0 79821.0
36184.0 79742.0

17926.0 90188.0
18016.0 82293.0
18092.0 82095.0
18596.0 80873.0
19112.0 80838.0
20766.0 80830.0
21266.0 80742.0
21342.0 80532.0
24516.0 80507.0
24592.0 80445.0
24801.0 80280.0
25513.0 80152.0
28763.0 79824.0
31937.0 79821.0
36108.0 79630.0

17926.0 90188.0
18016.0 83133.0
18092.0 82165.0
18596.0 81098.0
19112.0 81063.0
20766.0 81055.0
21266.0 80990.0
21342.0 80532.0
24516.0 80507.0
24592.0 80445.0
24801.0 80423.0
25513.0 80166.0
28763.0 79824.0
31937.0 79821.0
36184.0 79742.0

17745.0 83562.0
18016.0 82293.0
18092.0 82165.0
18596.0 80792.0
21266.0 80765.0
21342.0 80532.0
21708.0 80315.0
24801.0 80242.0
25513.0 80122.0
28763.0 79824.0
31937.0 79821.0
36108.0 79630.0

17926.0 90188.0
18016.0 83133.0
18092.0 82004.0
18596.0 81098.0
19112.0 81063.0
20766.0 81055.0
21266.0 80990.0
21342.0 80532.0
21708.0 80426.0
25513.0 80166.0
28763.0 79823.0
31937.0 79821.0
36184.0 79742.0

17745.0 83562.0
18016.0 83133.0
18092.0 82095.0
18596.0 80993.0
21266.0 80966.0
21342.0 80532.0
24516.0 80507.0
24592.0 80445.0
24750.0 80444.0
24801.0 80320.0
25513.0 80144.0
28763.0 79823.0
31937.0 79821.0
36184.0 79742.0

17926.0 90188.0
18016.0 83133.0
18092.0 81926.0
18596.0 81017.0
21266.0 80967.0
21342.0 80532.0
21708.0 80426.0
24801.0 80395.0
25513.0 80166.0
28763.0 79823.0
31937.0 79821.0
36184.0 79742.0

17745.0 83562.0
18016.0 82293.0
18092.0 82004.0
18596.0 81098.0
19112.0 81063.0
20766.0 81055.0
21266.0 80967.0
21342.0 80532.0
21708.0 80426.0
24801.0 80390.0
25513.0 80166.0
28763.0 79823.0
31937.0 79821.0
32934.0 79633.0

17926.0 90188.0
18016.0 83133.0
18092.0 82081.0
18596.0 80873.0
19112.0 80838.0
20766.0 80830.0
21266.0 80765.0
21342.0 80406.0
21708.0 80181.0
24592.0 79908.0
25513.0 79671.0
36184.0 79415.0
43605.0 79177.0


