19246.0 98948.0
19505.0 95931.0
19838.0 95744.0
21108.0 90102.0
22950.0 89909.0
23240.0 87839.0
24201.0 87345.0

19246.0 97604.0
21536.0 97602.0
23350.0 96734.0
23950.0 96635.0
24201.0 96045.0
24310.0 93961.0
25513.0 88475.0
32934.0 88164.0

19246.0 97604.0
19505.0 92240.0
23316.0 90586.0
24016.0 88912.0
24516.0 88008.0
32934.0 86991.0
34587.0 85090.0

19246.0 97604.0
19505.0 95752.0
19687.0 91138.0
19912.0 89958.0
24937.0 88688.0
25513.0 87166.0
32934.0 86855.0

18671.0 98989.0
19246.0 97604.0
20857.0 91288.0
22263.0 90334.0
24801.0 89533.0
25417.0 89378.0
25513.0 87991.0
28407.0 87789.0
32934.0 87536.0
39079.0 87178.0

19246.0 97604.0
19505.0 88468.0
22902.0 87776.0

18805.0 94525.0
19505.0 92656.0
21089.0 91632.0
24237.0 90382.0
25010.0 86818.0
28687.0 86507.0

18615.0 97948.0
19246.0 93763.0
20857.0 92620.0
21708.0 91742.0
22263.0 90443.0
25513.0 88475.0
27913.0 87991.0
39079.0 87178.0

17492.0 94907.0
18596.0 94611.0
19505.0 92296.0
20857.0 91245.0
21108.0 89554.0
23601.0 89098.0
25451.0 88109.0
27966.0 87214.0

18615.0 96361.0
21138.0 92633.0
22263.0 92213.0
23950.0 89860.0
25513.0 87166.0
32934.0 86855.0

19246.0 97604.0
20168.0 88267.0
21689.0 82319.0
27913.0 79774.0
28763.0 79648.0
36184.0 79227.0


