18056.0 133586.0
18092.0 123322.0
18596.0 123314.0
18615.0 122878.0
19845.0 122823.0
19946.0 122691.0
20421.0 122649.0
21266.0 122596.0
21342.0 120982.0
21708.0 120681.0
24016.0 120661.0
24516.0 120618.0
24592.0 120555.0
25513.0 120018.0
28763.0 119249.0
31937.0 119146.0
32013.0 119077.0
36184.0 118616.0
39358.0 118603.0
39434.0 118293.0
46855.0 118248.0

18545.0 129487.0
18596.0 122637.0
18615.0 121816.0
19912.0 121768.0
21266.0 121743.0
21342.0 121133.0
21657.0 121070.0
21708.0 120802.0
24592.0 120766.0
24801.0 120520.0
25513.0 120497.0
28763.0 120095.0
30885.0 120060.0
32013.0 119800.0

18545.0 129487.0
18596.0 122637.0
18615.0 121816.0
19912.0 121768.0
21266.0 121743.0
21342.0 120952.0
21587.0 120872.0
21708.0 120802.0
24592.0 120766.0
24699.0 120551.0
24801.0 120428.0
25513.0 120229.0
28763.0 119435.0
32013.0 119376.0
36184.0 119238.0
39434.0 118924.0

18092.0 130023.0
18545.0 129487.0
18596.0 122520.0
18615.0 121755.0
19912.0 121731.0
21266.0 121694.0
21342.0 120738.0
21708.0 120496.0
24516.0 120493.0
24592.0 120347.0
24801.0 120156.0
25513.0 119924.0
28687.0 119899.0
28763.0 119867.0
32013.0 119556.0
32934.0 119348.0
36184.0 119323.0

18545.0 129487.0
18596.0 122637.0
18615.0 121755.0
19912.0 121731.0
21266.0 121701.0
21342.0 121063.0
21708.0 120732.0
24516.0 120729.0
24592.0 120568.0
24699.0 120551.0
24801.0 120520.0
25513.0 120497.0
27843.0 120080.0
28763.0 120060.0
32013.0 119800.0

18092.0 127300.0
18545.0 123634.0
18596.0 122371.0
18615.0 121816.0
19912.0 121768.0
21266.0 121743.0
21342.0 121063.0
21708.0 120732.0
24516.0 120729.0
24592.0 120583.0
24699.0 120551.0
24801.0 120520.0
25513.0 120497.0
27913.0 120453.0
28763.0 119752.0
31937.0 119751.0
32013.0 119649.0
36184.0 119630.0

18545.0 129487.0
18596.0 122637.0
18615.0 121816.0
19912.0 121768.0
21266.0 121743.0
21342.0 121133.0
21657.0 121070.0
21708.0 120802.0
24592.0 120614.0
24699.0 120551.0
24801.0 120520.0
25513.0 120497.0
27843.0 120487.0
28763.0 120095.0
30885.0 120060.0
32013.0 119800.0

18545.0 124728.0
18596.0 122438.0
18615.0 121755.0
19912.0 121707.0
21266.0 121682.0
21342.0 121044.0
21708.0 120594.0
24592.0 120513.0
24801.0 120502.0
24820.0 120469.0
25513.0 120170.0
28763.0 119702.0
32013.0 119508.0
36184.0 119308.0
39434.0 119152.0
46855.0 119121.0

18545.0 129487.0
18596.0 122637.0
18615.0 121755.0
19912.0 121683.0
21266.0 121640.0
21342.0 120677.0
21708.0 120435.0
24516.0 120434.0
24801.0 120156.0
27843.0 120080.0
28763.0 119933.0
31937.0 119908.0
32013.0 119800.0

18092.0 123131.0
18545.0 123114.0
18596.0 122561.0
18615.0 121816.0
19912.0 121768.0
21266.0 121743.0
21342.0 121063.0
21708.0 120732.0
24516.0 120729.0
24592.0 120583.0
24699.0 120551.0
24801.0 120520.0
25513.0 120441.0
28763.0 119933.0
31937.0 119868.0
32013.0 119800.0

17492.0 129437.0
18092.0 123576.0
18596.0 122180.0
18615.0 121708.0
19912.0 121683.0
20345.0 121672.0
21342.0 120677.0
21708.0 120498.0
24592.0 120390.0
24801.0 120336.0
25513.0 119745.0
27913.0 119548.0
28763.0 119167.0
36184.0 118986.0


