18615.0 252047.0
18623.0 251858.0
18671.0 251008.0
19980.0 249793.0
20569.0 249727.0
20766.0 249169.0
21266.0 247100.0
21342.0 247060.0
21638.0 245403.0
21708.0 244255.0
22263.0 243441.0
23950.0 243375.0
24592.0 243157.0
25513.0 242770.0
28000.0 242667.0
28763.0 242014.0
31937.0 241419.0
32934.0 240343.0
34611.0 240221.0
36108.0 240095.0
36184.0 240056.0
42032.0 239847.0

20766.0 250640.0
21342.0 248950.0
21708.0 246172.0
22263.0 245588.0
23316.0 245141.0
25513.0 244862.0
27266.0 244203.0
28687.0 243420.0
28763.0 242983.0
35187.0 242868.0
38437.0 242667.0
38858.0 242605.0

20766.0 250640.0
21342.0 248874.0
21708.0 246172.0
22263.0 245588.0
23316.0 245141.0
24617.0 245117.0
25513.0 244771.0
27190.0 244584.0
27266.0 244203.0
28687.0 243420.0
28763.0 242983.0
35187.0 242868.0
35608.0 242806.0
38437.0 242667.0
38858.0 242605.0

20742.0 258000.0
20766.0 250640.0
21342.0 248950.0
21708.0 246172.0
22263.0 245588.0
23316.0 245141.0
24592.0 244948.0
24750.0 244942.0
24801.0 244862.0
25513.0 244600.0
27266.0 244203.0
28687.0 243420.0
28763.0 242644.0
30737.0 242431.0

20766.0 250640.0
21342.0 248874.0
21708.0 246172.0
22263.0 245588.0
23316.0 245141.0
24617.0 245117.0
24750.0 244943.0
25513.0 244477.0
27266.0 244203.0
28687.0 243420.0
28763.0 242878.0
35187.0 242868.0
35608.0 242806.0
38437.0 242667.0
38858.0 242605.0

19505.0 252567.0
19946.0 251717.0
20766.0 250640.0
21342.0 248507.0
21708.0 246172.0
22263.0 245588.0
23316.0 245141.0
24592.0 245105.0
24750.0 244542.0
25513.0 244477.0
27266.0 244203.0
27766.0 244048.0
28187.0 243604.0
28687.0 243420.0
28763.0 242983.0
35187.0 242868.0
38437.0 242667.0
38858.0 242605.0

20766.0 250640.0
21342.0 248874.0
21708.0 246172.0
22263.0 245588.0
23316.0 245141.0
24592.0 245105.0
24750.0 244943.0
25513.0 244477.0
27266.0 244203.0
27913.0 244185.0
28687.0 243420.0
28763.0 242983.0
35187.0 242868.0
38437.0 242667.0
38858.0 242605.0

20066.0 254395.0
20766.0 250640.0
21342.0 248874.0
21708.0 246172.0
22263.0 245588.0
23316.0 245141.0
24592.0 245105.0
24750.0 244578.0
25513.0 244540.0
27266.0 244203.0
27913.0 244100.0
28687.0 243420.0
28763.0 242483.0

20766.0 250640.0
21342.0 248874.0
21708.0 246172.0
22263.0 245550.0
23316.0 245141.0
24592.0 245105.0
24750.0 244943.0
25513.0 244477.0
27266.0 244203.0
27913.0 244185.0
28687.0 243420.0
28763.0 242572.0

20766.0 250640.0
21342.0 248723.0
21708.0 246172.0
22263.0 245588.0
23316.0 245141.0
24592.0 245105.0
24750.0 244578.0
25513.0 243465.0
28687.0 243420.0
28763.0 242966.0
32013.0 242928.0
32934.0 242691.0
36184.0 242163.0
39434.0 241985.0

19845.0 252133.0
19946.0 251072.0
20766.0 250640.0
21266.0 250195.0
21342.0 248507.0
21689.0 247926.0
21708.0 244428.0
24731.0 244346.0
24801.0 242253.0
25513.0 240909.0
27894.0 240556.0
28763.0 240212.0
31937.0 239751.0
32934.0 239632.0
34190.0 239322.0


