18615.0 216371.0
18671.0 213022.0
18922.0 212152.0
19021.0 211779.0
19313.0 208629.0
20066.0 208502.0
21108.0 208345.0
21266.0 207827.0
21342.0 204154.0
21708.0 203912.0
22263.0 203018.0
24016.0 202512.0
24516.0 202509.0
25437.0 202430.0
25513.0 202364.0
27842.0 202153.0
27894.0 201557.0
28187.0 201209.0
28687.0 201069.0
28763.0 200687.0
32013.0 200665.0
32934.0 200641.0
36184.0 200509.0

19505.0 217124.0
19769.0 211081.0
19946.0 208998.0
20857.0 207577.0
21342.0 204986.0
21708.0 203707.0
23595.0 203672.0
24516.0 203601.0
25513.0 203344.0
27487.0 202860.0
28763.0 202454.0
30737.0 202423.0
34611.0 201729.0
38858.0 201624.0

18922.0 211139.0
19505.0 208370.0
19946.0 207033.0
20269.0 206939.0
21108.0 206877.0
21342.0 204552.0
21689.0 203706.0
21708.0 203621.0
23595.0 203586.0
24516.0 203515.0
24592.0 203412.0
24801.0 202744.0
25513.0 202570.0
27190.0 202547.0
28763.0 202088.0
34611.0 201729.0
38858.0 201494.0

18545.0 209242.0
18596.0 206306.0
21342.0 204986.0
21657.0 204627.0
21708.0 203586.0
23595.0 203585.0
24516.0 203457.0
24592.0 203022.0
24750.0 202872.0
24801.0 202709.0
25513.0 202570.0
27190.0 202348.0
28763.0 202049.0
34611.0 201729.0
38858.0 201494.0

19313.0 218353.0
19505.0 211746.0
19769.0 211081.0
19946.0 208998.0
20066.0 208536.0
20438.0 208469.0
20742.0 207821.0
20857.0 206834.0
21038.0 206248.0
21342.0 204986.0
21638.0 204675.0
21657.0 204186.0
21708.0 203621.0
23595.0 203586.0
24516.0 203515.0
24592.0 202923.0
24801.0 202637.0
27487.0 202439.0
30737.0 202423.0
34611.0 201729.0
38858.0 201494.0

18623.0 215363.0
19064.0 212308.0
19505.0 211337.0
19769.0 211081.0
19946.0 208998.0
20742.0 207596.0
20857.0 207562.0
21342.0 204819.0
21657.0 204754.0
21708.0 203672.0
23595.0 203636.0
24516.0 203530.0
24592.0 203201.0
24750.0 203144.0
24801.0 203130.0
25513.0 202426.0
28763.0 201757.0
31861.0 201750.0
32013.0 201749.0
32934.0 201473.0

19505.0 217124.0
19769.0 211081.0
19946.0 208998.0
20857.0 207577.0
21342.0 204986.0
21708.0 203707.0
23595.0 203672.0
24516.0 203601.0
24592.0 203348.0
25513.0 203344.0
27487.0 202860.0
28763.0 202454.0
30737.0 202423.0
34611.0 201729.0
38858.0 201624.0

18615.0 219030.0
18922.0 217831.0
19246.0 210570.0
19313.0 210500.0
19505.0 207295.0
20742.0 206700.0
20766.0 206528.0
21038.0 206507.0
21342.0 204986.0
21657.0 204150.0
21708.0 203661.0
24016.0 203632.0
24516.0 203555.0
24592.0 203348.0
24801.0 202637.0
28763.0 201969.0
31437.0 201586.0
38858.0 201475.0

19146.0 213172.0
19505.0 212826.0
19769.0 208645.0
20857.0 207210.0
21266.0 207009.0
21342.0 204441.0
21657.0 203840.0
21708.0 203526.0
24016.0 203414.0
24592.0 202923.0
24801.0 202637.0
28763.0 202123.0
34611.0 201729.0
38858.0 201624.0

18805.0 219728.0
18922.0 214707.0
19069.0 214221.0
19146.0 210438.0
19505.0 209037.0
19787.0 208753.0
19946.0 208088.0
20766.0 207788.0
20857.0 207146.0
21342.0 204450.0
21657.0 204352.0
21708.0 203637.0
23095.0 203619.0
23595.0 203556.0
24516.0 203530.0
24592.0 203420.0
24750.0 203187.0
25513.0 202287.0
28763.0 201652.0
32934.0 201473.0

19505.0 212936.0
19769.0 211081.0
19946.0 207325.0
20766.0 206797.0
21342.0 204959.0
21657.0 204583.0
21689.0 204460.0
21708.0 202796.0
24801.0 202662.0
25513.0 201977.0
27843.0 201765.0
28687.0 201306.0
28763.0 199844.0
31937.0 199652.0
32013.0 199120.0
32934.0 198430.0


