21821.0 442965.0
22263.0 428506.0
22461.0 427499.0
24016.0 426135.0
24176.0 426087.0
24516.0 423972.0
24588.0 421143.0
24750.0 421003.0
24801.0 419832.0
25513.0 416473.0
27487.0 415878.0
27607.0 415829.0
28000.0 415461.0
28187.0 413135.0
29633.0 412792.0
29684.0 410413.0
30085.0 410074.0
32858.0 409423.0
35608.0 409412.0
43529.0 409299.0

21708.0 427264.0
21755.0 425548.0
23950.0 422368.0
24016.0 422220.0
24176.0 421489.0
24516.0 420227.0
24801.0 417505.0
25513.0 415292.0
29599.0 414970.0
30085.0 414149.0

21657.0 427903.0
21708.0 424866.0
21755.0 422893.0
22263.0 422425.0
23480.0 421393.0
24516.0 420227.0
24750.0 418316.0
24801.0 417505.0
24937.0 416884.0
25513.0 415292.0
28763.0 414975.0
29599.0 414970.0
29684.0 414857.0
30085.0 414149.0
31937.0 414133.0

21657.0 431921.0
21661.0 431037.0
21708.0 427264.0
21755.0 425548.0
22263.0 422818.0
23950.0 422368.0
24016.0 422220.0
24176.0 421489.0
24237.0 421100.0
24516.0 418346.0
24592.0 417431.0
24801.0 415043.0
28763.0 414751.0
30085.0 414149.0
31937.0 414133.0

21657.0 431983.0
21661.0 431037.0
21708.0 427264.0
21755.0 425548.0
22263.0 425269.0
22495.0 425206.0
23940.0 424869.0
23950.0 422368.0
24016.0 422220.0
24176.0 421489.0
24263.0 420884.0
24516.0 420227.0
24801.0 417505.0
25513.0 415292.0
28187.0 414367.0
28763.0 414122.0
29684.0 413380.0
33987.0 413180.0

21657.0 431983.0
21661.0 431037.0
21708.0 427264.0
21755.0 425548.0
22263.0 421618.0
22280.0 419376.0
23019.0 418641.0
24617.0 417695.0
24750.0 417059.0
24820.0 416877.0
24913.0 415540.0
25513.0 415292.0
28763.0 414975.0
29599.0 414970.0
29684.0 413380.0

21708.0 426351.0
21755.0 425548.0
22263.0 417500.0
24016.0 416521.0
24731.0 416493.0
24801.0 415685.0
25437.0 415453.0
25513.0 414673.0
30085.0 414149.0

21657.0 431983.0
21708.0 426351.0
21755.0 425548.0
22263.0 417500.0
24016.0 416521.0
24731.0 416493.0
24801.0 415685.0
24820.0 414401.0
25437.0 414063.0
25513.0 411981.0
29684.0 411692.0

21657.0 431983.0
21708.0 427264.0
21755.0 425548.0
22263.0 425095.0
23080.0 423536.0
23931.0 421274.0
23992.0 419059.0
24016.0 418669.0
24801.0 416592.0
24937.0 414881.0
29684.0 414877.0
30085.0 414149.0

21657.0 431983.0
21708.0 427264.0
21755.0 425548.0
22263.0 425095.0
23080.0 423536.0
23316.0 420977.0
23992.0 419059.0
24016.0 418669.0
24801.0 416592.0
24937.0 414881.0
29684.0 414877.0
30085.0 414149.0
32934.0 413963.0
33387.0 413332.0

21708.0 427264.0
21755.0 425548.0
23950.0 422368.0
24016.0 422220.0
24176.0 421489.0
24516.0 420227.0
24750.0 419953.0
24801.0 417505.0
24820.0 410507.0
25513.0 404745.0
30940.0 401740.0
30987.0 401716.0
34190.0 400980.0
35111.0 400499.0
38361.0 399388.0


