18545.0 125358.0
18596.0 123492.0
18615.0 122333.0
19471.0 122326.0
19845.0 122253.0
20387.0 122229.0
21266.0 122210.0
21302.0 122058.0
21342.0 121492.0
21708.0 120930.0
22263.0 120894.0
24516.0 120891.0
24592.0 120467.0
24801.0 120414.0
24820.0 120076.0
25513.0 119832.0
27894.0 119831.0
27913.0 119770.0
28763.0 119180.0
32013.0 119163.0
32934.0 119126.0
36184.0 118440.0
39358.0 118437.0
39434.0 118395.0
40355.0 118339.0
43605.0 117905.0

17996.0 128178.0
18092.0 123189.0
18596.0 122226.0
18615.0 122075.0
19471.0 122016.0
19845.0 121890.0
20421.0 121876.0
20838.0 121647.0
21266.0 121528.0
21342.0 121216.0
21638.0 121156.0
21657.0 120925.0
21708.0 120713.0
25513.0 120576.0
27266.0 120569.0
28763.0 119536.0
36184.0 119408.0
43605.0 119126.0

17996.0 128178.0
18092.0 123189.0
18596.0 122226.0
18615.0 122075.0
19471.0 122016.0
19845.0 121890.0
20421.0 121876.0
20838.0 121647.0
21266.0 121528.0
21342.0 121216.0
21638.0 121156.0
21657.0 120925.0
21708.0 120713.0
24801.0 120431.0
27843.0 120421.0
28763.0 119536.0
36184.0 119408.0
43605.0 119126.0

17996.0 128178.0
18092.0 123189.0
18545.0 123167.0
18596.0 122173.0
18615.0 121862.0
19912.0 121676.0
20838.0 121647.0
21266.0 121528.0
21342.0 121071.0
21638.0 120926.0
21657.0 120925.0
21708.0 120713.0
24592.0 120695.0
24801.0 120627.0
24820.0 120585.0
25513.0 120190.0
28763.0 119536.0
36184.0 119408.0
43605.0 119126.0

17996.0 128178.0
18092.0 123189.0
18596.0 122226.0
18615.0 122075.0
19471.0 122016.0
19845.0 121890.0
20421.0 121876.0
20838.0 121647.0
21266.0 121528.0
21342.0 121216.0
21638.0 121156.0
21657.0 120925.0
21708.0 120713.0
24801.0 120431.0
27842.0 120392.0
28763.0 119536.0
36184.0 119408.0
43605.0 119126.0

17996.0 127599.0
18092.0 123189.0
18596.0 122226.0
18615.0 121872.0
19912.0 121662.0
20421.0 121631.0
20838.0 121514.0
21342.0 120763.0
21708.0 120668.0
24592.0 120537.0
24750.0 120440.0
24801.0 120431.0
25513.0 120097.0
28763.0 119536.0
36184.0 119408.0
40355.0 119351.0
43605.0 119126.0

17996.0 128178.0
18092.0 123189.0
18596.0 122226.0
18615.0 121906.0
19845.0 121890.0
20421.0 121876.0
20838.0 121647.0
21266.0 121528.0
21342.0 121216.0
21638.0 121155.0
21657.0 120925.0
21708.0 120713.0
24801.0 120710.0
25513.0 120540.0
28763.0 119536.0
36184.0 119258.0
43605.0 119126.0

17996.0 128178.0
18016.0 128175.0
18092.0 123189.0
18596.0 121995.0
18615.0 121700.0
19912.0 121676.0
20838.0 121647.0
21266.0 121528.0
21342.0 120704.0
21708.0 120510.0
24592.0 120376.0
24801.0 120348.0
25513.0 120286.0
27862.0 120235.0
28763.0 119535.0
36184.0 119258.0
43605.0 119126.0

17996.0 128178.0
18092.0 123189.0
18596.0 122226.0
18615.0 121906.0
19845.0 121890.0
20421.0 121876.0
20838.0 121647.0
21266.0 121528.0
21342.0 121216.0
21638.0 121155.0
21657.0 120925.0
21708.0 120713.0
24801.0 120710.0
25513.0 120540.0
28763.0 119536.0
36184.0 119258.0
43605.0 119126.0

17996.0 128178.0
18016.0 128175.0
18092.0 123189.0
18596.0 122226.0
18615.0 121700.0
19912.0 121676.0
20838.0 121647.0
21266.0 121528.0
21342.0 120992.0
21657.0 120925.0
21708.0 120713.0
24592.0 120581.0
24750.0 120399.0
24801.0 120157.0
27913.0 120135.0
28763.0 119536.0
36184.0 119258.0
43605.0 119126.0

17996.0 128178.0
18092.0 123189.0
18596.0 121884.0
18615.0 121805.0
19912.0 121700.0
20421.0 121576.0
21266.0 121528.0
21342.0 120703.0
21708.0 120539.0
24592.0 120425.0
24750.0 120424.0
24820.0 120323.0
25513.0 119856.0
27842.0 119820.0
28763.0 119063.0
32934.0 118836.0
36184.0 118397.0
42608.0 118270.0


