21342.0 352101.0
21346.0 343057.0
22020.0 341581.0
22263.0 334771.0
22461.0 333854.0
23316.0 333616.0
23950.0 333452.0
24237.0 333448.0
24592.0 332280.0
25513.0 331486.0
26992.0 330432.0
28187.0 329916.0
28687.0 328877.0
28763.0 328542.0
29684.0 327727.0
31437.0 327287.0
32934.0 327075.0
35608.0 326920.0
36108.0 326888.0
37105.0 326133.0
38858.0 325993.0

21412.0 352104.0
21708.0 341581.0
21821.0 340087.0
22136.0 339243.0
22263.0 333432.0
23916.0 333300.0
23950.0 333052.0
24782.0 332797.0
24820.0 332454.0
25010.0 332372.0
25417.0 331137.0
25513.0 329744.0
27690.0 328919.0
28187.0 328305.0
39282.0 327527.0

21412.0 352104.0
21708.0 341581.0
21755.0 337080.0
22263.0 331289.0
23550.0 331162.0
23950.0 331050.0
24237.0 330253.0
24440.0 329706.0
24592.0 328149.0
28763.0 326926.0
29684.0 326238.0

21108.0 370775.0
21342.0 352933.0
21412.0 352104.0
21638.0 335123.0
21708.0 332269.0
22263.0 332047.0
23931.0 331834.0
24516.0 331707.0
24592.0 330326.0
24750.0 330166.0
24820.0 330098.0
25513.0 328666.0
28187.0 328305.0
28763.0 327538.0
31006.0 326608.0

21342.0 336034.0
21638.0 335210.0
22263.0 330498.0
22461.0 330379.0
24237.0 330145.0
24440.0 329706.0
24592.0 328149.0
28763.0 327256.0
29684.0 326965.0
31937.0 325701.0

21342.0 336034.0
21638.0 335210.0
22263.0 331607.0
22495.0 331414.0
23550.0 329708.0
24782.0 329098.0
24801.0 328389.0
25513.0 327935.0
29684.0 327121.0
31937.0 325701.0

21342.0 353149.0
21412.0 352104.0
21708.0 341581.0
21821.0 340087.0
22136.0 339243.0
22263.0 333432.0
22495.0 332147.0
24016.0 331385.0
25417.0 331137.0
25513.0 329744.0
27690.0 328919.0
28187.0 328305.0
39282.0 327527.0

21342.0 340202.0
21708.0 338352.0
21761.0 334386.0
22263.0 332512.0
22495.0 331986.0
24750.0 331910.0
24801.0 330677.0
25513.0 327824.0
28187.0 327742.0
29684.0 327722.0
31337.0 326951.0
39282.0 326711.0

21412.0 352104.0
21708.0 341581.0
21755.0 338581.0
22263.0 332512.0
22495.0 331986.0
24016.0 330878.0
25513.0 329744.0
27690.0 328919.0
28187.0 328305.0
32934.0 326923.0

21412.0 352104.0
21638.0 339834.0
21708.0 335693.0
22263.0 333432.0
22461.0 330682.0
25451.0 330522.0
25513.0 329596.0
27690.0 328919.0
28187.0 328305.0
32934.0 328047.0
36184.0 327780.0
39282.0 327527.0

20838.0 343553.0
21108.0 340046.0
21342.0 334535.0
22020.0 333384.0
22461.0 333059.0
23950.0 333052.0
24201.0 332168.0
24801.0 331118.0
24937.0 330929.0
25513.0 327636.0
26769.0 327134.0
27913.0 326726.0
28187.0 326398.0
28611.0 322923.0
28763.0 322346.0
34190.0 319156.0
38361.0 318737.0
41611.0 317215.0
49032.0 315766.0


