16745.0 44655.0
16816.0 42105.0
16956.0 42035.0
16990.0 41396.0
17516.0 41164.0
18016.0 41101.0
18092.0 40466.0
18596.0 40337.0
19912.0 40313.0
21266.0 40310.0
21342.0 40064.0
21708.0 39975.0
24516.0 39972.0
24592.0 39915.0
25513.0 39758.0
27894.0 39757.0
28687.0 39755.0
28763.0 39631.0
31937.0 39629.0
32013.0 39572.0
32934.0 39512.0
36108.0 39508.0
36184.0 39385.0
39434.0 39326.0
40355.0 39279.0
43605.0 39152.0

16023.0 45091.0
16515.0 41382.0
16595.0 41211.0
17095.0 41069.0
17171.0 40744.0
18092.0 40561.0
18545.0 40539.0
18596.0 40353.0
19912.0 40313.0
21342.0 40064.0
21708.0 39975.0
24592.0 39916.0
24820.0 39865.0
25513.0 39758.0
28763.0 39631.0
31937.0 39630.0
32013.0 39573.0
32934.0 39525.0
36184.0 39398.0
39434.0 39358.0

16023.0 45091.0
16515.0 41382.0
16595.0 41211.0
17095.0 41069.0
17171.0 40744.0
18092.0 40561.0
18545.0 40539.0
18596.0 40353.0
19912.0 40313.0
21342.0 40064.0
21708.0 39975.0
24592.0 39916.0
24820.0 39865.0
25513.0 39758.0
28763.0 39631.0
31937.0 39630.0
32013.0 39573.0
32934.0 39525.0
36184.0 39398.0
39434.0 39358.0

16023.0 45091.0
16515.0 41382.0
16595.0 41150.0
17095.0 41069.0
17171.0 40744.0
18092.0 40531.0
18596.0 40353.0
19912.0 40313.0
21266.0 40312.0
21342.0 40064.0
21708.0 39975.0
24516.0 39974.0
24592.0 39916.0
24820.0 39865.0
25513.0 39758.0
28763.0 39631.0
31937.0 39630.0
32013.0 39573.0
32934.0 39525.0
36108.0 39524.0
36184.0 39398.0
39434.0 39358.0
42608.0 39357.0

16023.0 45091.0
16515.0 41382.0
16595.0 41150.0
17095.0 41069.0
17171.0 40744.0
18092.0 40561.0
18545.0 40539.0
18596.0 40337.0
19912.0 40313.0
21266.0 40312.0
21342.0 40064.0
21708.0 39975.0
24592.0 39916.0
24820.0 39865.0
25513.0 39758.0
28687.0 39757.0
28763.0 39631.0
31937.0 39630.0
32013.0 39573.0
32934.0 39525.0
36184.0 39398.0
39434.0 39358.0

16023.0 43654.0
16156.0 43211.0
16495.0 43148.0
16515.0 41382.0
16595.0 41150.0
17095.0 41069.0
17171.0 40744.0
18092.0 40531.0
18596.0 40353.0
19912.0 40313.0
21342.0 40064.0
21708.0 39975.0
24592.0 39916.0
24820.0 39865.0
25513.0 39758.0
28763.0 39631.0
31937.0 39630.0
32013.0 39573.0
32934.0 39525.0
36184.0 39398.0
39434.0 39358.0

16023.0 45091.0
16515.0 41382.0
16595.0 41211.0
17095.0 41069.0
17171.0 40744.0
18092.0 40466.0
18545.0 40444.0
18596.0 40353.0
19912.0 40313.0
21342.0 40064.0
21708.0 39975.0
24516.0 39974.0
24592.0 39916.0
24820.0 39865.0
25513.0 39758.0
28763.0 39631.0
31937.0 39630.0
32013.0 39573.0
32934.0 39525.0
36184.0 39398.0
39434.0 39358.0

16023.0 45091.0
16515.0 41382.0
16595.0 41150.0
17095.0 41069.0
17171.0 40744.0
18092.0 40466.0
18545.0 40444.0
18596.0 40337.0
19912.0 40313.0
21266.0 40312.0
21342.0 40064.0
21708.0 39975.0
24516.0 39974.0
24592.0 39916.0
24820.0 39865.0
25513.0 39758.0
27894.0 39757.0
28687.0 39756.0
28763.0 39631.0
31937.0 39630.0
32013.0 39573.0
32934.0 39524.0
36184.0 39398.0
39434.0 39358.0

16023.0 45091.0
16515.0 41382.0
16595.0 41211.0
17095.0 41069.0
17171.0 40744.0
18092.0 40466.0
18545.0 40444.0
18596.0 40353.0
19912.0 40313.0
21342.0 40064.0
21708.0 39975.0
24516.0 39974.0
24592.0 39915.0
24820.0 39865.0
25513.0 39758.0
28763.0 39631.0
31937.0 39630.0
32013.0 39573.0
32934.0 39525.0
36184.0 39398.0
39434.0 39358.0

16023.0 44540.0
16122.0 44532.0
16495.0 42713.0
16515.0 41382.0
16595.0 41150.0
17095.0 41069.0
17171.0 40744.0
18092.0 40466.0
18545.0 40444.0
18596.0 40337.0
19912.0 40313.0
21266.0 40312.0
21342.0 40064.0
21708.0 39975.0
24516.0 39974.0
24592.0 39915.0
24820.0 39865.0
25513.0 39758.0
28687.0 39757.0
28763.0 39631.0
31937.0 39630.0
32013.0 39573.0
32934.0 39525.0
36184.0 39398.0
39434.0 39358.0
42684.0 39322.0

16023.0 45091.0
16515.0 41382.0
16595.0 41096.0
17095.0 41069.0
17171.0 40744.0
18092.0 40466.0
18545.0 40444.0
18596.0 40337.0
19912.0 40313.0
21266.0 40312.0
21342.0 40064.0
21708.0 39975.0
24516.0 39974.0
24592.0 39915.0
24820.0 39865.0
25513.0 39758.0
28687.0 39757.0
28763.0 39631.0
31937.0 39629.0
32013.0 39573.0
32934.0 39525.0
36108.0 39524.0
36184.0 39385.0
39434.0 39358.0
42608.0 39347.0
43605.0 39316.0
50029.0 39265.0


