18545.0 89383.0
20742.0 88360.0
23992.0 88301.0
25513.0 87906.0
32637.0 87657.0

18092.0 96415.0
18615.0 95682.0
21342.0 91836.0
21755.0 91547.0

18092.0 96415.0
18615.0 95016.0
21342.0 91836.0
21755.0 91547.0
29456.0 90804.0
34908.0 90708.0

18092.0 96415.0
18615.0 95016.0
21342.0 91836.0
21755.0 91074.0
24654.0 89846.0
28763.0 88130.0
32013.0 86766.0

18092.0 96415.0
18615.0 95016.0
18922.0 93787.0
20457.0 92758.0
21342.0 91836.0
21755.0 91074.0
24592.0 90771.0
24654.0 89846.0
31437.0 89673.0

18092.0 96415.0
18615.0 95016.0
19980.0 92810.0
21342.0 91281.0
24263.0 90739.0
30737.0 90728.0

18092.0 96415.0
18615.0 95016.0
20766.0 93857.0
21342.0 91836.0
21755.0 91547.0
26887.0 91419.0
32934.0 91289.0

18092.0 96101.0
18615.0 95016.0
18922.0 93787.0
21342.0 91836.0
21755.0 91547.0
24263.0 90739.0
26490.0 90425.0
27487.0 89557.0
33911.0 89329.0

18092.0 96415.0
18615.0 95016.0
18922.0 93787.0
20457.0 91248.0
21755.0 91074.0
24016.0 89815.0
28763.0 89767.0
33911.0 89329.0

18092.0 96415.0
18615.0 95016.0
19980.0 92810.0
21342.0 91281.0
24263.0 90739.0
25513.0 89190.0

17171.0 87065.0
18092.0 86192.0
18577.0 85017.0
18596.0 84748.0
18615.0 83135.0
19348.0 82931.0
21266.0 82142.0
26769.0 81728.0


