18596.0 125703.0
18615.0 121967.0
19587.0 121862.0
20387.0 121669.0
21342.0 121025.0
21638.0 120866.0
21657.0 120768.0
21708.0 120526.0
24516.0 120525.0
24592.0 120378.0
25513.0 120009.0
27843.0 120005.0
28763.0 119340.0
32013.0 119305.0
36184.0 119063.0
39358.0 118799.0
42532.0 118774.0

18092.0 129510.0
18545.0 127141.0
18596.0 123235.0
19471.0 122471.0
19845.0 122450.0
21190.0 122407.0
21266.0 122361.0
21342.0 121709.0
25437.0 121514.0
25513.0 121481.0
28187.0 121429.0
28687.0 121404.0
28763.0 121250.0
39434.0 120985.0

18092.0 129510.0
18545.0 126205.0
18596.0 122687.0
19471.0 122471.0
19845.0 122450.0
21190.0 122407.0
21266.0 122361.0
21342.0 121709.0
24937.0 121675.0
25437.0 121514.0
25513.0 121322.0
28687.0 121252.0
28763.0 121022.0
32013.0 120798.0
36184.0 120718.0
39434.0 120622.0
46855.0 120318.0

18092.0 129510.0
18545.0 126205.0
18596.0 122282.0
19912.0 122177.0
21266.0 122134.0
21342.0 121571.0
21689.0 121281.0
24016.0 121127.0
24750.0 121105.0
25513.0 120811.0
28763.0 120472.0
32013.0 120359.0
46855.0 120318.0

18092.0 129510.0
18545.0 126205.0
18596.0 122622.0
19146.0 121935.0
19587.0 121895.0
19946.0 121825.0
21266.0 121799.0
21342.0 121201.0
21708.0 121182.0
22263.0 120839.0
24592.0 120691.0
24820.0 120521.0
28763.0 120072.0
36184.0 119839.0

18092.0 127973.0
18312.0 126389.0
18545.0 126205.0
18596.0 122452.0
18615.0 122155.0
19146.0 121935.0
19587.0 121895.0
19946.0 121825.0
21266.0 121799.0
21342.0 121201.0
21708.0 121182.0
22263.0 120839.0
24592.0 120691.0
24820.0 120521.0
28763.0 120072.0
36184.0 119839.0

18092.0 129510.0
18545.0 126205.0
18596.0 123235.0
18615.0 123055.0
19471.0 122471.0
19845.0 122450.0
21190.0 122407.0
21266.0 122361.0
21342.0 121709.0
21708.0 121217.0
25513.0 120522.0
32934.0 119926.0
36184.0 119778.0

18092.0 129510.0
18545.0 126066.0
18596.0 122452.0
19471.0 122412.0
21190.0 122369.0
21266.0 122323.0
21342.0 121709.0
21708.0 121217.0
25513.0 120522.0
32934.0 120136.0
39434.0 120058.0
46855.0 119980.0

18092.0 129510.0
18545.0 126205.0
18596.0 123172.0
18623.0 122584.0
19146.0 122072.0
19946.0 122065.0
21342.0 121469.0
21657.0 121444.0
21708.0 121289.0
23950.0 121261.0
24592.0 121185.0
25513.0 120522.0
32934.0 119926.0
40355.0 119913.0

18092.0 122510.0
18545.0 122395.0
19471.0 122323.0
19946.0 122225.0
20421.0 122074.0
21190.0 122031.0
21342.0 121437.0
23950.0 121375.0
24516.0 121235.0
24592.0 121205.0
25513.0 120522.0
32934.0 119926.0
40355.0 119913.0

18092.0 129510.0
18545.0 125567.0
18596.0 122528.0
19471.0 122412.0
19912.0 122404.0
20345.0 121889.0
21342.0 121553.0
21689.0 121468.0
21708.0 121199.0
24516.0 121155.0
24592.0 120747.0
25513.0 120585.0
28187.0 120420.0
28687.0 120357.0
28763.0 119850.0
30940.0 119474.0
32934.0 118756.0
40355.0 118704.0


