20742.0 258974.0
20766.0 254366.0
20955.0 253691.0
21342.0 250400.0
21638.0 249501.0
21661.0 249458.0
21689.0 249300.0
21708.0 248724.0
22263.0 246215.0
22461.0 246145.0
24592.0 245572.0
24750.0 245135.0
25513.0 241590.0
27043.0 241422.0
27766.0 241271.0
32934.0 240613.0

20766.0 257064.0
21342.0 252574.0
21657.0 251919.0
21689.0 249028.0
21708.0 243999.0
22936.0 243843.0
25513.0 243106.0
27766.0 242765.0
27894.0 242529.0
28687.0 242208.0
31006.0 242178.0
32013.0 241763.0

20766.0 257064.0
21342.0 246929.0
21689.0 245253.0
21708.0 243999.0
22936.0 243843.0
25513.0 243106.0
27766.0 242765.0
27894.0 242502.0
28687.0 242208.0
31006.0 242178.0
31937.0 242070.0
32013.0 241763.0

20766.0 257064.0
21342.0 251614.0
21689.0 246742.0
21708.0 243999.0
22936.0 243843.0
25513.0 243106.0
27766.0 242765.0
27894.0 242529.0
28687.0 242208.0
31006.0 242178.0
32013.0 241763.0
36184.0 241607.0

20766.0 257064.0
20955.0 256762.0
21266.0 252016.0
21342.0 245892.0
21689.0 244299.0
21708.0 243502.0
22263.0 243102.0
24592.0 243067.0
24801.0 243013.0
25513.0 242993.0
27766.0 242765.0
27894.0 242326.0
28187.0 242251.0
28687.0 242208.0
28763.0 242015.0
31937.0 241881.0
32013.0 241763.0

20742.0 259808.0
20766.0 257064.0
21342.0 251056.0
21627.0 250822.0
21689.0 248120.0
21708.0 243999.0
22936.0 243843.0
25513.0 243106.0
27611.0 242296.0
27894.0 242245.0
28687.0 242208.0
31006.0 242178.0
31937.0 241851.0
32013.0 241763.0

20766.0 257064.0
21342.0 252574.0
21657.0 251919.0
21689.0 249028.0
21708.0 243999.0
22936.0 243843.0
25513.0 243106.0
27766.0 242765.0
27894.0 242529.0
28687.0 242208.0
31006.0 242178.0
32013.0 241763.0

20766.0 257064.0
21342.0 246233.0
21657.0 246047.0
21689.0 244441.0
21708.0 243715.0
22263.0 243691.0
24592.0 243680.0
24801.0 243575.0
24937.0 243420.0
25513.0 243106.0
27766.0 242765.0
27894.0 242529.0
28687.0 242208.0
31006.0 242178.0
32013.0 241763.0
36184.0 241618.0

19980.0 256823.0
20066.0 255412.0
20166.0 250447.0
20190.0 248232.0
21342.0 246432.0
21689.0 243643.0
21708.0 243614.0
24016.0 243181.0
24801.0 243068.0
25513.0 242890.0
27766.0 242765.0
27894.0 242529.0
28687.0 242208.0
28763.0 241807.0
29684.0 241494.0
30955.0 241421.0

20742.0 259808.0
20766.0 257064.0
21342.0 252574.0
21638.0 252492.0
21657.0 251472.0
21689.0 249028.0
21708.0 243999.0
22936.0 243843.0
24801.0 243785.0
25513.0 243106.0
27766.0 242765.0
27894.0 242529.0
28687.0 242208.0
31006.0 242178.0
32013.0 241763.0

20766.0 257064.0
21266.0 253124.0
21342.0 245276.0
21689.0 243709.0
22263.0 243340.0
25513.0 242465.0
27894.0 242201.0
28763.0 241460.0
29684.0 240933.0
32013.0 239882.0


