18545.0 167633.0
18596.0 165026.0
18615.0 162518.0
19912.0 162325.0
21342.0 161960.0
21657.0 161565.0
21689.0 161476.0
24016.0 161375.0
24801.0 161245.0
25513.0 160927.0
27843.0 160678.0
27894.0 160621.0
28763.0 159915.0
32934.0 159648.0
36184.0 159346.0
43605.0 159329.0

18526.0 170526.0
18545.0 168996.0
18596.0 164710.0
20387.0 164702.0
20438.0 164595.0
21342.0 162431.0
21708.0 162109.0
24016.0 162101.0
24592.0 161967.0
24820.0 161932.0
25513.0 161337.0
28763.0 160990.0
31437.0 160982.0
32013.0 160815.0
32934.0 160750.0

18526.0 170526.0
18545.0 168996.0
18596.0 164260.0
19946.0 163842.0
20766.0 163827.0
20838.0 163791.0
21342.0 162431.0
21708.0 162109.0
24016.0 162101.0
24592.0 161967.0
24731.0 161896.0
25513.0 161330.0
28687.0 161224.0
28763.0 160990.0
31437.0 160982.0
32013.0 160815.0
32934.0 160750.0

18526.0 170526.0
18545.0 165150.0
18596.0 164710.0
19112.0 164436.0
19505.0 163597.0
21266.0 163572.0
21342.0 162431.0
21708.0 162109.0
24016.0 162101.0
24592.0 161967.0
24820.0 161909.0
25513.0 161330.0
28687.0 161224.0
28763.0 160990.0
31437.0 160982.0
32013.0 160815.0
32934.0 160750.0

18526.0 170526.0
18545.0 168996.0
18596.0 164618.0
19112.0 164607.0
19912.0 164236.0
21266.0 164213.0
21342.0 162431.0
21638.0 162374.0
21708.0 161985.0
24016.0 161977.0
24516.0 161914.0
24592.0 161878.0
25513.0 160926.0
28763.0 160642.0
36184.0 160283.0

18092.0 166814.0
18596.0 164710.0
18856.0 164668.0
19146.0 164609.0
19946.0 163968.0
21342.0 162431.0
21708.0 161893.0
24016.0 161885.0
24516.0 161835.0
24592.0 161832.0
24820.0 161797.0
25513.0 161330.0
28763.0 160774.0
32934.0 160750.0

18092.0 168964.0
18545.0 168866.0
18596.0 164710.0
19146.0 163940.0
20766.0 163920.0
20787.0 163550.0
21266.0 163525.0
21342.0 162431.0
21708.0 162109.0
24016.0 162101.0
24592.0 161967.0
24731.0 161920.0
25513.0 161337.0
28763.0 160990.0
31437.0 160982.0
32013.0 160815.0
32934.0 160750.0

18092.0 168964.0
18545.0 168866.0
18596.0 164710.0
19946.0 164172.0
20766.0 164152.0
21266.0 163949.0
21342.0 162431.0
21708.0 162020.0
24016.0 162012.0
24516.0 161914.0
24592.0 161878.0
25513.0 161337.0
28687.0 161171.0
28763.0 160901.0
32013.0 160815.0
32934.0 160750.0

18092.0 168964.0
18545.0 168866.0
18596.0 164686.0
19912.0 164236.0
21342.0 162431.0
21708.0 162109.0
24016.0 162101.0
24592.0 161967.0
24731.0 161920.0
24801.0 161484.0
25513.0 161333.0
28187.0 160878.0
28763.0 160757.0
31437.0 160737.0
32013.0 160563.0
37105.0 160502.0
38858.0 160325.0

18092.0 168964.0
18545.0 168866.0
18596.0 164710.0
19912.0 164545.0
20438.0 164263.0
20766.0 163849.0
21342.0 162431.0
21638.0 162418.0
21708.0 161982.0
23950.0 161946.0
24516.0 161914.0
24592.0 161740.0
25513.0 161337.0
28187.0 161244.0
28687.0 161143.0
28763.0 160812.0
32934.0 160750.0
36184.0 160580.0

18526.0 170526.0
18545.0 168996.0
18596.0 163537.0
19247.0 163346.0
21342.0 162420.0
21638.0 162196.0
21657.0 162179.0
21708.0 161548.0
24592.0 161262.0
25513.0 161057.0
27043.0 161034.0
27862.0 160698.0
28763.0 159213.0
34190.0 159125.0
36184.0 158737.0


