18092.0 127865.0
18545.0 127273.0
18579.0 126226.0
18596.0 121693.0
19912.0 121669.0
21266.0 121666.0
21342.0 121409.0
21689.0 121081.0
21708.0 120695.0
24516.0 120692.0
24592.0 120460.0
24801.0 120402.0
25513.0 119895.0
28763.0 119375.0
32013.0 119192.0
35187.0 119189.0
36184.0 118861.0
39434.0 118713.0
43605.0 118631.0

18016.0 138564.0
18092.0 126280.0
18545.0 122809.0
18596.0 121834.0
19912.0 121810.0
20421.0 121608.0
21266.0 121607.0
21342.0 121242.0
21708.0 120971.0
24801.0 120728.0
25513.0 120210.0
28763.0 120202.0
32013.0 119918.0
32934.0 119874.0
36184.0 119720.0
43605.0 119508.0

18016.0 138564.0
18092.0 126280.0
18545.0 122560.0
18596.0 121834.0
19912.0 121810.0
20421.0 121608.0
21266.0 121607.0
21342.0 121242.0
21708.0 120971.0
24516.0 120864.0
24750.0 120766.0
24801.0 120728.0
25513.0 120210.0
28763.0 120056.0
32013.0 119918.0
32934.0 119784.0
36184.0 119720.0
43605.0 119508.0

18016.0 138483.0
18092.0 123950.0
18545.0 122546.0
18596.0 121548.0
19912.0 121524.0
21266.0 121413.0
21342.0 121031.0
21708.0 120820.0
24592.0 120467.0
24801.0 120370.0
25513.0 120210.0
27842.0 120189.0
28763.0 119448.0
32013.0 119412.0

18016.0 138564.0
18092.0 126280.0
18545.0 122589.0
18596.0 121834.0
19912.0 121746.0
20421.0 121584.0
21266.0 121583.0
21342.0 121030.0
21708.0 120577.0
24592.0 120429.0
24820.0 120158.0
27913.0 119951.0
28763.0 119631.0
32013.0 119140.0
36184.0 118848.0

18016.0 138483.0
18092.0 124828.0
18545.0 122129.0
18596.0 121773.0
19146.0 121762.0
19912.0 121749.0
20421.0 121608.0
21266.0 121607.0
21342.0 120978.0
21638.0 120977.0
21657.0 120883.0
21708.0 120680.0
24592.0 120255.0
25513.0 120118.0
28763.0 119976.0
32013.0 119918.0
32934.0 119642.0
36184.0 119631.0
43605.0 119508.0
50105.0 119353.0

18016.0 138564.0
18092.0 123044.0
18545.0 121998.0
18596.0 121834.0
19912.0 121810.0
20421.0 121608.0
21266.0 121538.0
21342.0 121180.0
21657.0 121166.0
21708.0 120971.0
24750.0 120968.0
24782.0 120706.0
24801.0 120692.0
24820.0 120494.0
25513.0 120210.0
28763.0 120202.0
30155.0 120125.0
32013.0 119918.0
32934.0 119836.0
36184.0 119540.0
40355.0 119511.0
43605.0 119508.0

18016.0 138483.0
18092.0 123044.0
18545.0 122589.0
18596.0 121773.0
18615.0 121719.0
19587.0 121695.0
19946.0 121688.0
20421.0 121608.0
21266.0 121531.0
21342.0 121032.0
21708.0 120609.0
24592.0 120361.0
25513.0 120210.0
28763.0 119596.0
32013.0 119156.0
36184.0 118864.0

18016.0 138564.0
18092.0 123044.0
18545.0 121998.0
18596.0 121834.0
19912.0 121786.0
20421.0 121584.0
21266.0 121538.0
21342.0 121176.0
21657.0 121166.0
21708.0 120804.0
24016.0 120680.0
24592.0 120056.0
27913.0 119972.0
28763.0 119473.0
32013.0 119063.0

17996.0 138179.0
18092.0 125851.0
18545.0 122543.0
18596.0 121548.0
19912.0 121524.0
21266.0 121521.0
21342.0 121072.0
21708.0 120860.0
24750.0 120639.0
24801.0 120618.0
24820.0 120494.0
25513.0 120210.0
28687.0 120177.0
28763.0 119929.0
32013.0 119918.0
32934.0 119746.0
36184.0 119283.0

18016.0 138564.0
18092.0 126280.0
18545.0 121981.0
18596.0 121548.0
19912.0 121524.0
21266.0 121382.0
21342.0 120866.0
21708.0 120349.0
24592.0 120290.0
25513.0 119856.0
28687.0 119649.0
28763.0 119397.0
32013.0 119301.0
32934.0 119059.0
40355.0 118748.0


