16515.0 43005.0
16816.0 42451.0
16990.0 41387.0
17516.0 41155.0
18016.0 41092.0
18092.0 40466.0
18545.0 40449.0
18596.0 40337.0
19912.0 40313.0
21266.0 40310.0
21342.0 40064.0
21708.0 39975.0
24516.0 39972.0
24592.0 39915.0
24820.0 39865.0
25513.0 39758.0
27894.0 39757.0
28763.0 39631.0
31937.0 39628.0
32013.0 39572.0
32934.0 39512.0
36184.0 39386.0
39434.0 39339.0
42608.0 39337.0

16156.0 44781.0
16480.0 44072.0
16494.0 43828.0
16515.0 41334.0
16595.0 41102.0
17095.0 41039.0
17171.0 40921.0
18092.0 40466.0
18545.0 40444.0
18596.0 40337.0
19912.0 40313.0
21266.0 40310.0
21342.0 40064.0
21708.0 39975.0
24592.0 39916.0
24820.0 39884.0
25513.0 39758.0
28763.0 39632.0
32013.0 39573.0
36184.0 39550.0

16156.0 44781.0
16480.0 44072.0
16494.0 43828.0
16515.0 41334.0
16595.0 41102.0
17095.0 41039.0
17171.0 40921.0
18092.0 40466.0
18545.0 40444.0
18596.0 40337.0
19912.0 40313.0
21266.0 40310.0
21342.0 40064.0
21708.0 39975.0
24592.0 39916.0
24820.0 39884.0
25513.0 39758.0
28763.0 39632.0
32013.0 39573.0
36184.0 39550.0

16023.0 44073.0
16156.0 43908.0
16494.0 43828.0
16515.0 41267.0
16595.0 41035.0
17095.0 40954.0
17171.0 40768.0
18092.0 40466.0
18545.0 40444.0
18596.0 40337.0
19912.0 40313.0
21266.0 40310.0
21342.0 40064.0
21708.0 39975.0
24592.0 39916.0
24820.0 39884.0
25513.0 39758.0
28763.0 39632.0
32013.0 39573.0
36184.0 39550.0
39434.0 39491.0
42608.0 39490.0

16156.0 44781.0
16480.0 44072.0
16494.0 43828.0
16515.0 41267.0
16595.0 41035.0
17095.0 40972.0
17171.0 40916.0
18092.0 40466.0
18545.0 40444.0
18596.0 40337.0
19912.0 40313.0
21266.0 40310.0
21342.0 40064.0
21708.0 39975.0
24516.0 39974.0
24592.0 39916.0
24820.0 39884.0
25513.0 39758.0
28763.0 39632.0
32013.0 39573.0
36184.0 39550.0
39434.0 39515.0
42608.0 39490.0

16156.0 44781.0
16480.0 44072.0
16494.0 43828.0
16515.0 41334.0
16595.0 41102.0
17095.0 41039.0
17171.0 40921.0
18092.0 40466.0
18545.0 40444.0
18596.0 40337.0
19912.0 40313.0
21266.0 40310.0
21342.0 40064.0
21708.0 39975.0
24592.0 39916.0
24820.0 39884.0
25513.0 39758.0
28763.0 39632.0
32013.0 39573.0
36184.0 39450.0

16156.0 44781.0
16480.0 44072.0
16494.0 43828.0
16515.0 41334.0
16595.0 41102.0
17095.0 41039.0
17171.0 40921.0
18092.0 40466.0
18545.0 40444.0
18596.0 40337.0
19912.0 40313.0
21266.0 40310.0
21342.0 40064.0
21708.0 39975.0
24592.0 39916.0
24820.0 39884.0
25513.0 39758.0
28763.0 39632.0
31937.0 39631.0
32013.0 39573.0
36184.0 39450.0
39434.0 39391.0

16023.0 44946.0
16156.0 43908.0
16494.0 43828.0
16515.0 41267.0
16595.0 41035.0
17095.0 40972.0
17171.0 40916.0
18092.0 40466.0
18545.0 40444.0
18596.0 40337.0
19912.0 40313.0
21266.0 40310.0
21342.0 40064.0
21708.0 39975.0
24516.0 39974.0
24592.0 39916.0
24820.0 39884.0
25513.0 39758.0
28763.0 39632.0
32013.0 39573.0
32934.0 39549.0
36184.0 39423.0

16156.0 44781.0
16480.0 44072.0
16494.0 43828.0
16515.0 41267.0
16595.0 41035.0
17095.0 40954.0
17171.0 40916.0
18092.0 40466.0
18545.0 40444.0
18596.0 40337.0
19912.0 40313.0
21266.0 40310.0
21342.0 40064.0
21708.0 39975.0
24516.0 39974.0
24592.0 39916.0
24820.0 39884.0
25513.0 39758.0
28763.0 39632.0
31937.0 39631.0
32013.0 39573.0
36184.0 39450.0
39434.0 39391.0

16156.0 44781.0
16480.0 44072.0
16494.0 43828.0
16515.0 41334.0
16595.0 41102.0
17095.0 41039.0
17171.0 40921.0
18092.0 40466.0
18545.0 40444.0
18596.0 40337.0
19912.0 40313.0
21266.0 40310.0
21342.0 40064.0
21708.0 39975.0
24592.0 39916.0
24820.0 39884.0
25513.0 39758.0
28763.0 39632.0
31937.0 39631.0
32013.0 39573.0
36184.0 39450.0

16156.0 44781.0
16480.0 44072.0
16494.0 43828.0
16515.0 41267.0
16595.0 41035.0
17095.0 40954.0
17171.0 40835.0
18092.0 40466.0
18545.0 40444.0
18596.0 40337.0
19912.0 40313.0
21266.0 40310.0
21342.0 40064.0
21708.0 39975.0
24516.0 39974.0
24592.0 39916.0
24820.0 39884.0
25513.0 39758.0
28763.0 39632.0
31937.0 39631.0
32013.0 39573.0
32934.0 39549.0
35263.0 39544.0
36184.0 39393.0
39434.0 39327.0
46855.0 39276.0


