18092.0 123344.0
18545.0 123198.0
18596.0 121701.0
19912.0 121661.0
21266.0 121658.0
21342.0 120857.0
21657.0 120797.0
21708.0 120317.0
24592.0 120169.0
25513.0 119554.0
27843.0 119510.0
27894.0 119502.0
28763.0 119334.0
32013.0 119253.0
32934.0 119056.0
36184.0 118870.0
39434.0 118834.0

18092.0 123892.0
18545.0 122880.0
18596.0 122138.0
19471.0 122067.0
19912.0 122061.0
19946.0 121951.0
20345.0 121912.0
21342.0 121289.0
21708.0 120897.0
24592.0 120409.0
27766.0 120348.0
28687.0 120271.0
28763.0 119709.0
32013.0 119417.0
36184.0 119392.0
43605.0 119159.0

18092.0 123892.0
18545.0 122880.0
18596.0 122138.0
19471.0 122067.0
19912.0 122061.0
19946.0 121951.0
20345.0 121912.0
21342.0 121289.0
21708.0 120767.0
24592.0 120409.0
27766.0 120312.0
28687.0 120271.0
28763.0 119709.0
32013.0 119417.0
36184.0 119184.0
43605.0 119142.0

18092.0 123892.0
18545.0 122880.0
18596.0 122138.0
19471.0 122013.0
19912.0 121969.0
19946.0 121897.0
20345.0 121876.0
20421.0 121860.0
21342.0 121072.0
21657.0 121050.0
21708.0 120527.0
24516.0 120496.0
24592.0 120342.0
27766.0 120191.0
28763.0 119709.0
32013.0 119417.0
36184.0 119392.0
43605.0 119142.0

18092.0 123892.0
18545.0 122880.0
18596.0 121766.0
19912.0 121310.0
21266.0 121307.0
21342.0 121184.0
21708.0 120767.0
24592.0 120409.0
25513.0 119897.0
28763.0 119709.0
32013.0 119417.0
36184.0 119392.0
43605.0 119142.0

18092.0 122967.0
18545.0 122257.0
18596.0 121948.0
18671.0 121832.0
19146.0 121827.0
19471.0 121757.0
19946.0 121646.0
21266.0 121643.0
21342.0 121110.0
21708.0 120354.0
24516.0 120270.0
24592.0 120244.0
24820.0 120128.0
28687.0 120052.0
28763.0 119709.0
31937.0 119583.0
32013.0 119328.0
36184.0 119261.0
43605.0 119142.0

18092.0 123892.0
18545.0 122880.0
18596.0 122138.0
19471.0 122067.0
19912.0 122061.0
19946.0 121951.0
20345.0 121912.0
21342.0 121289.0
21708.0 120767.0
22263.0 120746.0
24592.0 120409.0
27766.0 120312.0
28687.0 120271.0
28763.0 119709.0
32013.0 119417.0
36184.0 119167.0
43605.0 119159.0

18092.0 123892.0
18545.0 122880.0
18596.0 122138.0
18615.0 121905.0
18671.0 121821.0
19471.0 121751.0
21266.0 121748.0
21342.0 121114.0
21708.0 120606.0
24592.0 120353.0
24820.0 120059.0
28763.0 119709.0
32013.0 119417.0
36184.0 119167.0
43605.0 119159.0

18092.0 123892.0
18545.0 122880.0
18596.0 121534.0
19112.0 121429.0
19912.0 121149.0
21342.0 121023.0
21708.0 120496.0
24516.0 120453.0
24592.0 120369.0
24801.0 120368.0
25513.0 120329.0
27766.0 120312.0
28687.0 120271.0
28763.0 119709.0
32013.0 119417.0
36184.0 119167.0
43605.0 119159.0

18092.0 123128.0
18545.0 122636.0
18596.0 122138.0
18615.0 121937.0
18671.0 121821.0
19471.0 121751.0
20421.0 121711.0
21342.0 120830.0
21708.0 120340.0
24592.0 120333.0
24820.0 120279.0
27843.0 120232.0
28687.0 120062.0
28763.0 119578.0
31937.0 119452.0
32013.0 119082.0
36184.0 118849.0

18092.0 123892.0
18545.0 122880.0
18596.0 121961.0
19471.0 121896.0
19946.0 121785.0
20345.0 121764.0
21266.0 121407.0
21342.0 120958.0
21708.0 120354.0
24592.0 120259.0
25513.0 120212.0
26769.0 119986.0
28763.0 119576.0
32013.0 119417.0
32934.0 118958.0
36184.0 118927.0
39434.0 118904.0
40355.0 118561.0


