20166.0 264973.0
20178.0 261728.0
20438.0 258020.0
20766.0 254494.0
21266.0 254403.0
21342.0 251972.0
21661.0 248519.0
22263.0 246528.0
23350.0 246527.0
23950.0 245111.0
24516.0 245097.0
24731.0 244957.0
24801.0 244788.0
25513.0 243254.0
28111.0 242896.0
28687.0 242575.0
28763.0 241588.0
32934.0 241564.0
36108.0 241506.0
39358.0 241464.0

19505.0 261778.0
20666.0 257158.0
20766.0 254232.0
21266.0 252590.0
21342.0 250433.0
21661.0 249918.0
21689.0 248689.0
21708.0 248479.0
22263.0 247632.0
24016.0 247021.0
24237.0 246933.0
24750.0 246443.0
25513.0 245832.0
28187.0 245743.0
28687.0 245058.0
28763.0 244361.0
29684.0 244152.0
32934.0 243935.0
39434.0 243838.0

19505.0 261778.0
20666.0 257158.0
20766.0 254232.0
21266.0 252590.0
21342.0 250433.0
21657.0 250297.0
21661.0 249563.0
21689.0 247878.0
22263.0 246160.0
23950.0 245543.0
24937.0 244936.0
26992.0 244930.0
28187.0 244704.0
28763.0 244361.0
29684.0 244152.0
31937.0 244068.0
32013.0 242879.0

19505.0 261778.0
19946.0 259071.0
20666.0 257158.0
20766.0 254232.0
20838.0 253417.0
21266.0 250846.0
21342.0 248843.0
21657.0 248412.0
21689.0 247725.0
21708.0 246321.0
22263.0 246042.0
24016.0 245815.0
24750.0 244688.0
24801.0 244452.0
25513.0 244270.0
28763.0 243876.0
39434.0 243629.0

19505.0 261778.0
20666.0 257158.0
20766.0 254232.0
21266.0 252590.0
21342.0 250430.0
21657.0 250325.0
21661.0 249918.0
21689.0 248517.0
21708.0 247035.0
22263.0 245995.0
23940.0 245970.0
23950.0 245773.0
24440.0 245471.0
24592.0 244937.0
24801.0 244885.0
25513.0 243339.0
28763.0 243333.0
29684.0 243109.0
32013.0 242879.0

19505.0 261778.0
20066.0 260116.0
20666.0 257158.0
20766.0 254232.0
21266.0 252590.0
21342.0 249662.0
21657.0 248388.0
21689.0 248159.0
21708.0 247429.0
22263.0 246383.0
23931.0 246356.0
23940.0 246300.0
24750.0 245892.0
25513.0 245437.0
27913.0 245255.0
28687.0 244589.0
28763.0 243575.0
32013.0 243403.0
32934.0 242935.0
36184.0 242542.0
39434.0 242496.0

19505.0 261778.0
20666.0 257158.0
20766.0 254232.0
21266.0 252590.0
21342.0 250433.0
21661.0 249918.0
21689.0 248208.0
22263.0 246870.0
23316.0 246380.0
23950.0 245685.0
24440.0 245471.0
24516.0 245387.0
24801.0 245286.0
25513.0 243068.0
29684.0 242822.0
32013.0 242661.0

19505.0 261778.0
20166.0 260233.0
20666.0 257158.0
20766.0 254232.0
21266.0 252590.0
21342.0 248490.0
21689.0 247407.0
21708.0 247112.0
22263.0 246006.0
22461.0 245467.0
24592.0 244721.0
25513.0 244252.0
27766.0 243705.0
27843.0 243678.0
28763.0 243432.0
29684.0 243273.0
32013.0 242661.0
32934.0 242626.0
39434.0 242529.0

19505.0 261778.0
20066.0 259065.0
20666.0 257158.0
20766.0 254232.0
21266.0 252590.0
21342.0 250433.0
21661.0 249918.0
21689.0 248689.0
21708.0 248479.0
22263.0 246774.0
23950.0 246691.0
24592.0 245603.0
24801.0 245286.0
25513.0 244970.0
27766.0 244048.0
27843.0 244021.0
28763.0 243508.0
29684.0 243273.0
32013.0 242661.0

19471.0 266553.0
19505.0 261778.0
20066.0 259065.0
20666.0 257158.0
20766.0 254232.0
21266.0 248826.0
21342.0 248594.0
21638.0 247638.0
21708.0 246922.0
22263.0 246434.0
23080.0 246249.0
23931.0 246156.0
24516.0 245361.0
24750.0 244971.0
24801.0 244654.0
27487.0 244640.0
27894.0 244085.0
28687.0 243714.0
29684.0 243198.0
37105.0 243133.0
40279.0 242869.0

19505.0 261778.0
20666.0 257158.0
20766.0 254232.0
21108.0 251928.0
21266.0 251273.0
21342.0 246506.0
21689.0 246330.0
21708.0 244561.0
22263.0 244052.0
23950.0 243840.0
24801.0 243753.0
25513.0 243296.0
27913.0 240699.0
28763.0 239029.0


