17713.0 86600.0
18092.0 81422.0
18545.0 81400.0
18596.0 80897.0
19912.0 80849.0
21266.0 80846.0
21342.0 80439.0
21708.0 80116.0
24592.0 79908.0
27913.0 79806.0
28763.0 79469.0
32013.0 79313.0
35263.0 79302.0
36184.0 79001.0
43605.0 78750.0

17492.0 84678.0
18092.0 81819.0
18545.0 81561.0
18596.0 81136.0
21266.0 81022.0
21342.0 80884.0
21708.0 80460.0
24516.0 80389.0
25513.0 80342.0
27913.0 80282.0
28687.0 80244.0
28763.0 80183.0
29684.0 80107.0
37105.0 80014.0

17492.0 84678.0
18092.0 81819.0
18545.0 81561.0
18596.0 81136.0
21266.0 81022.0
21342.0 80884.0
21708.0 80460.0
24516.0 80389.0
25513.0 80342.0
27913.0 80121.0
29684.0 80107.0
32934.0 79981.0
40355.0 79918.0

17492.0 84678.0
18092.0 81518.0
18545.0 81496.0
18596.0 81060.0
21266.0 81017.0
21342.0 80652.0
21708.0 80411.0
24516.0 80389.0
25513.0 80272.0
27913.0 80157.0
28763.0 79848.0
32013.0 79694.0

17492.0 84678.0
18092.0 81432.0
18545.0 81327.0
18596.0 80902.0
19912.0 80862.0
21266.0 80859.0
21342.0 80678.0
21708.0 80460.0
22263.0 80457.0
24516.0 80389.0
25513.0 80105.0
28763.0 79886.0
32934.0 79561.0
36108.0 79510.0
36184.0 79494.0
39358.0 79451.0

17492.0 84678.0
17996.0 84578.0
18092.0 81819.0
18545.0 81561.0
18596.0 81136.0
21266.0 81022.0
21342.0 80884.0
21708.0 80460.0
24516.0 80389.0
25513.0 80291.0
27913.0 80121.0
29684.0 80107.0
32934.0 79754.0
47776.0 79672.0

17492.0 84678.0
18092.0 81819.0
18545.0 81561.0
18596.0 81136.0
21266.0 81022.0
21342.0 80884.0
21708.0 80460.0
24516.0 80389.0
25513.0 80291.0
27913.0 80121.0
29684.0 80107.0
32934.0 79887.0

17492.0 84678.0
18092.0 81497.0
18545.0 81464.0
18596.0 81042.0
21266.0 80999.0
21342.0 80744.0
21708.0 80366.0
24592.0 80330.0
25513.0 80181.0
27913.0 80027.0
28763.0 79937.0
32013.0 79694.0
37105.0 79689.0

17492.0 84678.0
18092.0 81819.0
18545.0 81561.0
18596.0 81136.0
21266.0 81022.0
21342.0 80884.0
21708.0 80460.0
24516.0 80389.0
25513.0 80291.0
27913.0 80121.0
28763.0 79831.0
36184.0 79598.0

17492.0 84678.0
18092.0 81819.0
18545.0 81561.0
18596.0 81136.0
21266.0 81022.0
21342.0 80884.0
21708.0 80460.0
24516.0 80389.0
25513.0 80342.0
27913.0 80121.0
29684.0 80107.0
32934.0 79887.0

17492.0 84678.0
18092.0 81819.0
18545.0 81561.0
18596.0 81136.0
19912.0 81135.0
19946.0 81041.0
21266.0 81022.0
21342.0 80612.0
21708.0 80093.0
24516.0 80089.0
24820.0 80055.0
25513.0 79623.0
28763.0 79464.0
36184.0 79090.0


