18615.0 213354.0
18805.0 212603.0
19146.0 210882.0
19987.0 209494.0
20838.0 209007.0
20857.0 208883.0
21342.0 206367.0
21638.0 205471.0
22263.0 205083.0
23950.0 205000.0
24516.0 204267.0
24592.0 204117.0
24750.0 204023.0
24801.0 203503.0
25513.0 200938.0
27792.0 200894.0
28763.0 200675.0
29684.0 200066.0
31937.0 199867.0
32858.0 199858.0
32934.0 199439.0
35263.0 199288.0
36184.0 198656.0
39358.0 198552.0

18856.0 222004.0
18922.0 217509.0
19471.0 215762.0
19505.0 211062.0
20766.0 208443.0
20838.0 207973.0
20857.0 207472.0
21342.0 204827.0
21708.0 204266.0
23880.0 203697.0
23950.0 203520.0
24516.0 203480.0
24592.0 202479.0
24750.0 202162.0
28763.0 202080.0
29684.0 202036.0
30737.0 201913.0
32013.0 201434.0
36184.0 200969.0

18596.0 207505.0
19505.0 206770.0
19912.0 205922.0
21266.0 205761.0
21342.0 204782.0
21708.0 204266.0
23880.0 203697.0
23950.0 203520.0
24516.0 203271.0
24592.0 202479.0
24750.0 202162.0
28763.0 202080.0
29684.0 202036.0
30737.0 201913.0
32013.0 201434.0
36184.0 200969.0

18856.0 212177.0
19146.0 210524.0
19505.0 209481.0
20766.0 208418.0
20838.0 207973.0
20857.0 207374.0
21266.0 206482.0
21342.0 204782.0
21657.0 204579.0
21708.0 204266.0
22495.0 204220.0
23880.0 203697.0
23950.0 203520.0
24516.0 203271.0
24592.0 202479.0
24750.0 202162.0
28763.0 202080.0
29684.0 202036.0
30737.0 201913.0
32013.0 201434.0
36184.0 200969.0

18596.0 212159.0
19505.0 210159.0
20066.0 208243.0
20787.0 207641.0
20838.0 207505.0
20857.0 207472.0
21342.0 204782.0
21708.0 204266.0
22495.0 204220.0
23880.0 203697.0
23950.0 203520.0
24516.0 203271.0
24592.0 202479.0
24750.0 202162.0
28763.0 202080.0
29684.0 202036.0
30737.0 201913.0
32013.0 201434.0
36184.0 200969.0

18545.0 215090.0
18671.0 210813.0
18922.0 210571.0
19505.0 209656.0
19587.0 208439.0
19946.0 208139.0
20066.0 207120.0
20766.0 206329.0
20857.0 205052.0
21342.0 204101.0
21657.0 203961.0
21708.0 203413.0
23880.0 203166.0
24592.0 202117.0
28763.0 201782.0
29684.0 201717.0
32013.0 201434.0
33987.0 201213.0
36184.0 200969.0

18856.0 222004.0
18922.0 217509.0
19471.0 215762.0
19505.0 210090.0
20766.0 208443.0
20838.0 207973.0
20857.0 207472.0
21342.0 204782.0
21708.0 204266.0
22495.0 204220.0
23880.0 203697.0
23950.0 203520.0
24516.0 203271.0
24592.0 202479.0
24750.0 202162.0
28763.0 202080.0
29684.0 202036.0
30737.0 201913.0
32013.0 201434.0
36184.0 200969.0

18364.0 210499.0
18615.0 207164.0
20766.0 206578.0
21342.0 204099.0
21689.0 203880.0
21708.0 203804.0
22263.0 203580.0
23950.0 203520.0
24516.0 203271.0
24592.0 202479.0
24750.0 202162.0
28763.0 202080.0
29684.0 202036.0
30737.0 201913.0
31437.0 201906.0
32013.0 201434.0
36184.0 200969.0

18856.0 222004.0
18922.0 217509.0
19471.0 215762.0
19505.0 210090.0
20766.0 208443.0
20838.0 207973.0
20857.0 207472.0
21342.0 204782.0
21708.0 204266.0
22495.0 204220.0
23880.0 203697.0
23950.0 203520.0
24516.0 203271.0
24592.0 202479.0
24750.0 202162.0
28763.0 202080.0
29684.0 202036.0
30737.0 201913.0
32013.0 201434.0
36184.0 200969.0

18615.0 212606.0
18968.0 211686.0
19379.0 210593.0
19505.0 209463.0
19568.0 208278.0
20457.0 208202.0
20766.0 207121.0
21266.0 206943.0
21342.0 204183.0
21708.0 203971.0
22263.0 203572.0
23950.0 203520.0
24516.0 203271.0
24592.0 202117.0
28763.0 202080.0
29684.0 201479.0
32013.0 201434.0
33987.0 201213.0
36184.0 200969.0

18596.0 211089.0
18615.0 210568.0
19471.0 210206.0
19505.0 205710.0
19980.0 204304.0
21657.0 204100.0
21689.0 202341.0
24592.0 201967.0
25513.0 200860.0
28763.0 199371.0
31937.0 198876.0
36184.0 198753.0


