21266.0 438956.0
21708.0 435279.0
21795.0 433753.0
22263.0 431693.0
23950.0 429552.0
23951.0 428736.0
24150.0 426684.0
24516.0 423268.0
24801.0 421644.0
24820.0 419681.0
25437.0 419446.0
25513.0 413357.0
27313.0 411300.0
28763.0 409219.0
30737.0 408803.0
31937.0 408573.0
32013.0 407885.0
32934.0 406685.0

22020.0 437822.0
22902.0 433944.0
23499.0 428699.0
23854.0 426816.0
24516.0 426647.0
24592.0 422388.0
24750.0 421387.0
24913.0 419623.0
24937.0 418947.0
25010.0 415634.0
25437.0 415544.0
25451.0 414260.0
25513.0 412029.0
31437.0 411072.0

22020.0 437822.0
22495.0 435549.0
22902.0 433944.0
22936.0 429232.0
23099.0 424241.0
23950.0 423565.0
24016.0 423406.0
24440.0 422645.0
24516.0 419053.0
24937.0 418947.0
25010.0 415634.0
25437.0 415083.0
25451.0 413410.0
25513.0 412029.0
31437.0 411072.0

22020.0 437822.0
22263.0 426639.0
22716.0 424495.0
23940.0 419928.0
23950.0 418426.0
24731.0 418109.0
24750.0 415106.0
24801.0 414020.0
25437.0 413493.0
25451.0 413410.0
25513.0 412029.0
31437.0 411072.0

21719.0 437651.0
22263.0 424788.0
22495.0 423240.0
23397.0 422757.0
24016.0 421565.0
24516.0 420220.0
24750.0 419453.0
24801.0 415791.0
25010.0 415634.0
25437.0 413067.0
25513.0 411820.0
31437.0 411072.0
32013.0 411046.0

22020.0 437822.0
22263.0 426639.0
22716.0 424495.0
23316.0 422741.0
23916.0 422561.0
23931.0 421828.0
23940.0 419928.0
23950.0 418426.0
24731.0 418109.0
24750.0 415106.0
24801.0 414020.0
25437.0 413915.0
25451.0 413116.0
25513.0 411735.0
31437.0 410758.0

22020.0 437822.0
22902.0 433944.0
23499.0 428699.0
23854.0 426816.0
24516.0 426647.0
24592.0 422388.0
24750.0 421387.0
24913.0 419623.0
24937.0 418947.0
25010.0 415634.0
25437.0 415544.0
25451.0 414260.0
25513.0 412029.0
31437.0 411072.0

21708.0 438014.0
22020.0 437822.0
22495.0 430245.0
23316.0 425985.0
23940.0 422168.0
24201.0 420607.0
24516.0 416845.0
24801.0 414583.0
25437.0 413406.0
25513.0 411079.0
31437.0 411072.0
32013.0 410682.0

22020.0 437822.0
22263.0 426639.0
22716.0 424495.0
23940.0 419928.0
23950.0 418426.0
24731.0 417375.0
24750.0 415106.0
24801.0 414020.0
25513.0 412029.0
31437.0 411072.0

21689.0 445904.0
22020.0 437822.0
22263.0 415495.0
23240.0 415143.0
25437.0 414575.0
25451.0 414260.0
25513.0 412029.0
28163.0 411907.0
31437.0 410782.0

22020.0 437822.0
22902.0 433944.0
22936.0 429198.0
23099.0 427252.0
23854.0 426816.0
24131.0 425054.0
24516.0 424287.0
24592.0 422362.0
24731.0 420912.0
24801.0 416352.0
24820.0 409777.0
25513.0 407372.0
27690.0 401821.0
28763.0 400784.0
30987.0 399847.0
31937.0 399593.0
32013.0 399484.0
38361.0 398899.0


