22102.0 295265.0
22263.0 291084.0
22495.0 290248.0
23531.0 290019.0
23931.0 289526.0
23992.0 289388.0
24201.0 289101.0
24292.0 288274.0
24592.0 287794.0
25513.0 285368.0
26192.0 284995.0
29684.0 283497.0
31437.0 282944.0
34687.0 282779.0
36184.0 281516.0
39434.0 280999.0
46279.0 280997.0

21266.0 316089.0
21342.0 299431.0
21638.0 298203.0
21708.0 289487.0
22263.0 287538.0
23550.0 286592.0
25513.0 285055.0
28687.0 284994.0
32934.0 284511.0

21266.0 316089.0
21342.0 299431.0
21638.0 298203.0
21708.0 289487.0
22263.0 286812.0
23550.0 286592.0
25513.0 285055.0
27862.0 285038.0
28687.0 284946.0
32934.0 284511.0

21138.0 319461.0
21266.0 315089.0
21342.0 299431.0
21638.0 298203.0
21661.0 296297.0
21708.0 289487.0
22263.0 287127.0
22495.0 286545.0
25513.0 285055.0
27862.0 285038.0
28687.0 284946.0
31937.0 284684.0
32934.0 284511.0

21266.0 316089.0
21342.0 299431.0
21638.0 298203.0
21708.0 289487.0
22263.0 287538.0
22495.0 286545.0
25513.0 285055.0
27862.0 285038.0
28687.0 284946.0
31937.0 284614.0
32934.0 284511.0

21266.0 316089.0
21342.0 297298.0
21708.0 289487.0
22263.0 287538.0
22495.0 286754.0
23550.0 286592.0
23880.0 286542.0
24592.0 286307.0
25513.0 285055.0
27842.0 285047.0
27862.0 285038.0
28687.0 284946.0
28763.0 284673.0
32934.0 284210.0

21266.0 316089.0
21342.0 299431.0
21638.0 298203.0
21708.0 289487.0
22263.0 286812.0
23550.0 286592.0
25513.0 285055.0
27862.0 285038.0
28687.0 284946.0
32934.0 284511.0

21266.0 315089.0
21342.0 299431.0
21638.0 298203.0
21661.0 296297.0
21708.0 289487.0
21755.0 289311.0
22263.0 287538.0
22495.0 287054.0
23550.0 286592.0
24801.0 285876.0
24937.0 285730.0
25513.0 285055.0
27862.0 285038.0
28687.0 284946.0
31937.0 284684.0
32934.0 284511.0
38158.0 284349.0

21266.0 316089.0
21342.0 299431.0
21638.0 298203.0
21708.0 289487.0
22263.0 287538.0
22495.0 286545.0
25513.0 285055.0
27862.0 285038.0
28687.0 284994.0
32934.0 284511.0

21266.0 315089.0
21342.0 299431.0
21638.0 298203.0
21661.0 296297.0
21708.0 289487.0
22263.0 287444.0
22495.0 286545.0
23880.0 286333.0
25513.0 285055.0
27862.0 285038.0
28687.0 284994.0
31937.0 284684.0
32934.0 284511.0

21266.0 316089.0
21342.0 294320.0
21708.0 285461.0
24801.0 283599.0
25513.0 281501.0
30940.0 279223.0
34190.0 278770.0


