18092.0 167084.0
18589.0 165519.0
18596.0 163280.0
19112.0 163240.0
19912.0 163216.0
19946.0 163193.0
21266.0 163145.0
21342.0 161639.0
21708.0 161414.0
22263.0 161267.0
24516.0 161266.0
24592.0 160463.0
24750.0 160383.0
27842.0 160276.0
27913.0 160235.0
28763.0 159830.0
32013.0 159259.0
35263.0 159113.0
36184.0 158996.0
39434.0 158954.0
42684.0 158720.0

18545.0 168353.0
18596.0 168352.0
18615.0 164288.0
19946.0 163970.0
20766.0 163747.0
21266.0 163643.0
21342.0 163321.0
21657.0 163285.0
21708.0 162654.0
22263.0 162291.0
24592.0 162040.0
25513.0 161329.0
27766.0 161226.0
28763.0 160638.0
31937.0 160546.0
32934.0 160382.0
36184.0 160234.0

18545.0 166264.0
18596.0 165265.0
18615.0 164288.0
19912.0 163647.0
19946.0 163607.0
20766.0 163356.0
21266.0 163236.0
21342.0 163169.0
21638.0 162550.0
21657.0 162347.0
21689.0 162044.0
24016.0 161857.0
24592.0 161743.0
24750.0 161549.0
25437.0 161400.0
25513.0 161329.0
27766.0 161116.0
28763.0 160638.0
31437.0 160534.0
32934.0 160382.0
36184.0 160234.0

18092.0 166704.0
18545.0 166406.0
18596.0 165514.0
18615.0 163640.0
19946.0 163392.0
21266.0 163349.0
21342.0 162283.0
21708.0 162162.0
24592.0 161809.0
24750.0 161567.0
24801.0 161092.0
25513.0 161067.0
27843.0 161029.0
28763.0 160375.0
31937.0 160256.0
36184.0 160142.0
39434.0 160138.0
40355.0 159736.0

18545.0 164880.0
18596.0 164295.0
18615.0 162465.0
19471.0 162438.0
21342.0 161788.0
21708.0 161493.0
23950.0 161212.0
25513.0 160919.0
27043.0 160846.0
27766.0 160747.0
27842.0 160357.0
28763.0 160121.0
35263.0 159818.0

18545.0 165806.0
18596.0 164566.0
18615.0 163691.0
19912.0 163647.0
19946.0 163607.0
20766.0 163356.0
21266.0 163349.0
21342.0 162938.0
21657.0 162762.0
21708.0 162224.0
23950.0 162070.0
24592.0 162040.0
24750.0 161567.0
24801.0 161092.0
27766.0 161070.0
27843.0 161029.0
28763.0 160374.0
31937.0 160256.0
36184.0 160142.0

18545.0 165899.0
18596.0 164879.0
18615.0 164126.0
19146.0 163737.0
19912.0 163438.0
20766.0 163187.0
21342.0 161722.0
21638.0 161541.0
21657.0 161479.0
24516.0 161269.0
24699.0 161247.0
24750.0 160882.0
27766.0 160702.0
27862.0 160651.0
28763.0 159976.0

18545.0 166175.0
18596.0 165244.0
18615.0 163772.0
19146.0 163737.0
19912.0 163438.0
19980.0 163321.0
20766.0 163187.0
21266.0 163116.0
21342.0 162124.0
21708.0 161641.0
24516.0 161394.0
24699.0 161316.0
24801.0 161230.0
25513.0 161162.0
27062.0 161096.0
27766.0 160917.0
27792.0 160818.0
27862.0 160657.0
28763.0 160466.0
31937.0 160344.0
36184.0 160234.0
42684.0 160064.0

18545.0 168353.0
18596.0 168352.0
18615.0 164126.0
18623.0 163789.0
18671.0 163783.0
19146.0 163737.0
19187.0 163681.0
19912.0 163438.0
20838.0 163366.0
21266.0 163116.0
21342.0 161876.0
21638.0 161764.0
21708.0 161261.0
24750.0 161244.0
24801.0 160958.0
27766.0 160949.0
28763.0 160638.0
31937.0 160546.0
32934.0 160382.0
36184.0 160234.0

18494.0 177174.0
18545.0 168353.0
18596.0 165113.0
18615.0 163772.0
19146.0 163737.0
19845.0 163578.0
19912.0 163438.0
20421.0 163290.0
20766.0 163187.0
21266.0 162968.0
21342.0 162523.0
21638.0 162449.0
21708.0 162377.0
22263.0 162121.0
24016.0 162094.0
24516.0 161594.0
24801.0 161505.0
25513.0 161002.0
27766.0 160917.0
28763.0 160466.0
32934.0 160382.0
36184.0 160234.0
40355.0 159952.0
42684.0 159870.0

18092.0 166925.0
18615.0 163672.0
19112.0 162946.0
19912.0 162602.0
19946.0 162597.0
20766.0 162443.0
21266.0 162400.0
21342.0 162023.0
21708.0 161686.0
24516.0 161588.0
24592.0 160876.0
27766.0 160859.0
28687.0 160487.0
28763.0 160474.0
31006.0 160368.0
32013.0 159924.0
36108.0 159698.0
36184.0 159624.0


