18092.0 123966.0
18596.0 121742.0
19912.0 121718.0
21266.0 121667.0
21342.0 121098.0
21708.0 121087.0
22263.0 120620.0
24516.0 120617.0
24592.0 120534.0
25513.0 119792.0
28763.0 119644.0
29684.0 119422.0
32934.0 119208.0
40355.0 118968.0
43605.0 118916.0

18092.0 123787.0
18545.0 122669.0
18596.0 122302.0
18615.0 122064.0
19112.0 122029.0
19912.0 121935.0
20345.0 121934.0
21266.0 121910.0
21342.0 121446.0
21638.0 121434.0
21708.0 121259.0
24592.0 121239.0
24750.0 121219.0
24801.0 121097.0
25437.0 121072.0
25513.0 120618.0
28187.0 120576.0
28763.0 119958.0
36184.0 119805.0

18092.0 123456.0
18545.0 122456.0
18596.0 122262.0
18615.0 122064.0
19112.0 122029.0
19912.0 121935.0
20345.0 121934.0
21266.0 121910.0
21342.0 121270.0
21638.0 121198.0
24592.0 121163.0
24750.0 121036.0
25513.0 120607.0
28187.0 120576.0
28687.0 120513.0
28763.0 119705.0

18092.0 123456.0
18545.0 122456.0
18596.0 122262.0
18615.0 122064.0
19112.0 122029.0
19912.0 121935.0
20345.0 121934.0
21266.0 121881.0
21342.0 121239.0
21638.0 121198.0
21708.0 121137.0
24750.0 120977.0
24801.0 120847.0
25437.0 120846.0
25513.0 120593.0
28187.0 120576.0
28687.0 120513.0
28763.0 119705.0

18092.0 123456.0
18545.0 122456.0
18596.0 122262.0
18615.0 122064.0
19112.0 122029.0
19912.0 121935.0
20345.0 121934.0
21266.0 121910.0
21342.0 121270.0
21638.0 121198.0
24592.0 121042.0
24750.0 121021.0
24801.0 120830.0
25513.0 120607.0
28187.0 120576.0
28687.0 120513.0
28763.0 119705.0

18092.0 123456.0
18545.0 122456.0
18596.0 122262.0
18615.0 122064.0
19112.0 122029.0
19912.0 121935.0
19946.0 121906.0
20838.0 121905.0
21266.0 121881.0
21342.0 121270.0
21638.0 121198.0
21708.0 121069.0
24516.0 121068.0
24592.0 120890.0
24750.0 120788.0
25513.0 120321.0
27766.0 120320.0
28763.0 119705.0

18092.0 123411.0
18545.0 122456.0
18596.0 122262.0
18615.0 122064.0
19112.0 122029.0
19912.0 121935.0
20345.0 121934.0
21266.0 121910.0
21342.0 121385.0
21638.0 121198.0
24016.0 121182.0
24592.0 121001.0
24801.0 120899.0
25513.0 120616.0
28187.0 120576.0
28687.0 120513.0
28763.0 119705.0

18092.0 123411.0
18545.0 122456.0
18596.0 122262.0
18615.0 122064.0
19112.0 122029.0
19912.0 121935.0
19946.0 121906.0
21266.0 121880.0
21342.0 121392.0
21638.0 121198.0
21708.0 121137.0
24516.0 121119.0
24592.0 121102.0
24750.0 121021.0
24801.0 120907.0
25513.0 120616.0
28187.0 120576.0
28763.0 119705.0

18092.0 123411.0
18545.0 122456.0
18596.0 122262.0
18615.0 122064.0
19112.0 122029.0
19912.0 121935.0
20345.0 121934.0
21266.0 121910.0
21342.0 121385.0
21638.0 121198.0
24016.0 121182.0
24592.0 121001.0
24801.0 120899.0
25513.0 120616.0
28187.0 120576.0
28687.0 120513.0
28763.0 119705.0

18056.0 125273.0
18092.0 123411.0
18545.0 122456.0
18596.0 121905.0
19946.0 121887.0
20766.0 121879.0
21266.0 121834.0
21342.0 121050.0
24592.0 120860.0
25513.0 120476.0
27843.0 120425.0
28687.0 120357.0
28763.0 119705.0

18092.0 122749.0
18545.0 122456.0
18596.0 122099.0
18615.0 122064.0
19112.0 122029.0
19912.0 121935.0
19946.0 121906.0
21266.0 121835.0
21342.0 121156.0
21708.0 120649.0
24592.0 120375.0
24750.0 120341.0
24801.0 120306.0
25513.0 120098.0
27894.0 119796.0
28763.0 119705.0
29684.0 119668.0
31937.0 119653.0
32934.0 119000.0


