16515.0 43636.0
16726.0 42489.0
16816.0 41539.0
17516.0 41307.0
18016.0 41244.0
18092.0 40496.0
18545.0 40474.0
18596.0 40367.0
19912.0 40343.0
21266.0 40340.0
21342.0 40064.0
21708.0 39975.0
24516.0 39972.0
24592.0 39916.0
24820.0 39865.0
25513.0 39782.0
28763.0 39631.0
31937.0 39628.0
32013.0 39573.0
32934.0 39525.0
36184.0 39386.0

16023.0 45091.0
16515.0 41382.0
16595.0 41211.0
17095.0 41069.0
17171.0 40744.0
18092.0 40561.0
18545.0 40539.0
18596.0 40353.0
19912.0 40313.0
21342.0 40064.0
21708.0 39975.0
24516.0 39974.0
24592.0 39916.0
24820.0 39865.0
25513.0 39758.0
28763.0 39632.0
31937.0 39630.0
32013.0 39573.0
32934.0 39525.0
39434.0 39358.0
43605.0 39306.0

16023.0 45091.0
16515.0 41382.0
16595.0 41211.0
17095.0 41069.0
17171.0 40744.0
18092.0 40561.0
18545.0 40539.0
18596.0 40353.0
19912.0 40313.0
21342.0 40064.0
21708.0 39975.0
24516.0 39974.0
24592.0 39916.0
24820.0 39865.0
25513.0 39758.0
28763.0 39632.0
31937.0 39630.0
32013.0 39573.0
32934.0 39525.0
39434.0 39358.0
43605.0 39306.0

16023.0 45091.0
16495.0 43591.0
16515.0 41382.0
16595.0 41211.0
17095.0 41069.0
17171.0 40744.0
18092.0 40561.0
18545.0 40539.0
18596.0 40353.0
19912.0 40313.0
21342.0 40064.0
21708.0 39975.0
24516.0 39974.0
24592.0 39916.0
24820.0 39865.0
25513.0 39758.0
28763.0 39632.0
31937.0 39630.0
32013.0 39573.0
32934.0 39525.0
39434.0 39358.0
43605.0 39306.0

16023.0 45091.0
16515.0 41382.0
16595.0 41150.0
17095.0 41069.0
17171.0 40744.0
18092.0 40561.0
18545.0 40539.0
18596.0 40353.0
19912.0 40313.0
21342.0 40064.0
21708.0 39975.0
24516.0 39974.0
24592.0 39916.0
24820.0 39865.0
25513.0 39758.0
28763.0 39632.0
31937.0 39630.0
32013.0 39573.0
32934.0 39525.0
39434.0 39358.0
43605.0 39306.0

16023.0 43654.0
16156.0 43211.0
16495.0 43148.0
16515.0 41382.0
16595.0 41150.0
17095.0 41069.0
17171.0 40744.0
18092.0 40466.0
18545.0 40444.0
18596.0 40337.0
19912.0 40313.0
21266.0 40312.0
21342.0 40064.0
21708.0 39975.0
24516.0 39974.0
24592.0 39916.0
24820.0 39865.0
25513.0 39758.0
27894.0 39757.0
28687.0 39754.0
28763.0 39632.0
31937.0 39630.0
32013.0 39573.0
32934.0 39525.0
39358.0 39473.0
39434.0 39358.0
43605.0 39306.0

16023.0 45091.0
16515.0 41382.0
16595.0 41211.0
17095.0 41069.0
17171.0 40744.0
18092.0 40466.0
18545.0 40444.0
18596.0 40353.0
19912.0 40313.0
21342.0 40064.0
21708.0 39975.0
24516.0 39974.0
24592.0 39916.0
24820.0 39865.0
25513.0 39758.0
28763.0 39632.0
31937.0 39630.0
32013.0 39573.0
32934.0 39525.0
36184.0 39477.0
39434.0 39358.0
43605.0 39306.0

16023.0 42383.0
16156.0 42102.0
16515.0 41382.0
16595.0 41150.0
17095.0 41069.0
17171.0 40744.0
18092.0 40466.0
18545.0 40444.0
18596.0 40337.0
19912.0 40313.0
21266.0 40312.0
21342.0 40064.0
21708.0 39975.0
24516.0 39974.0
24592.0 39915.0
24820.0 39865.0
25513.0 39758.0
27894.0 39757.0
28763.0 39632.0
31937.0 39630.0
32013.0 39573.0
32934.0 39512.0
36184.0 39410.0
39434.0 39358.0
42684.0 39304.0

16023.0 45091.0
16515.0 41382.0
16595.0 41211.0
17095.0 41069.0
17171.0 40744.0
18092.0 40466.0
18545.0 40444.0
18596.0 40353.0
19912.0 40313.0
21342.0 40064.0
21708.0 39975.0
24516.0 39974.0
24592.0 39915.0
24820.0 39865.0
25513.0 39758.0
28763.0 39632.0
31937.0 39630.0
32013.0 39573.0
32934.0 39525.0
36184.0 39477.0
39434.0 39358.0
43605.0 39306.0

16023.0 44540.0
16122.0 44532.0
16256.0 43128.0
16515.0 41382.0
16595.0 41150.0
17095.0 41069.0
17171.0 40744.0
18092.0 40466.0
18545.0 40444.0
18596.0 40337.0
19912.0 40313.0
21266.0 40312.0
21342.0 40064.0
21708.0 39975.0
24516.0 39974.0
24592.0 39915.0
24820.0 39865.0
25513.0 39758.0
27894.0 39757.0
28763.0 39632.0
31937.0 39630.0
32013.0 39573.0
32934.0 39525.0
36184.0 39453.0
39434.0 39358.0
42684.0 39322.0
43605.0 39306.0

16023.0 43239.0
16156.0 41946.0
16515.0 41382.0
16595.0 41120.0
17095.0 41021.0
17171.0 40744.0
18092.0 40466.0
18545.0 40444.0
18596.0 40337.0
19912.0 40313.0
21266.0 40310.0
21342.0 40064.0
21708.0 39975.0
24516.0 39974.0
24592.0 39916.0
24820.0 39865.0
25513.0 39758.0
28687.0 39757.0
28763.0 39632.0
31937.0 39629.0
32013.0 39573.0
32934.0 39512.0
36108.0 39508.0
36184.0 39399.0
39434.0 39358.0
42608.0 39336.0
43605.0 39153.0


