21342.0 395392.0
21364.0 389951.0
21657.0 389841.0
21795.0 386114.0
22263.0 380129.0
23992.0 377910.0
25513.0 374107.0
26566.0 373001.0
27487.0 371013.0
28763.0 369664.0
29684.0 368578.0
31437.0 368103.0
31861.0 367284.0
32858.0 366512.0
34687.0 365774.0
36032.0 365259.0
37861.0 364326.0

22020.0 392427.0
22263.0 382752.0
22950.0 381480.0
23080.0 378047.0
23550.0 377728.0
24176.0 377141.0
24750.0 376473.0
24801.0 376313.0
24820.0 374463.0
24913.0 373492.0
25513.0 371541.0
28187.0 371537.0
28763.0 371017.0
30515.0 370814.0
34099.0 370653.0
35608.0 370652.0

21342.0 404855.0
21364.0 398026.0
21708.0 389160.0
21755.0 387998.0
21795.0 384965.0
22020.0 383717.0
22263.0 379574.0
23080.0 378047.0
23550.0 377728.0
24016.0 374710.0
24592.0 372696.0
24937.0 371393.0
25437.0 371092.0
25513.0 369162.0
28187.0 368202.0
28763.0 366689.0

21342.0 387238.0
21708.0 382215.0
22263.0 375355.0
22461.0 375243.0
24016.0 374710.0
24592.0 372696.0
25513.0 371541.0
25990.0 370464.0
27043.0 370414.0
29684.0 368972.0
31006.0 368553.0
32858.0 368163.0

21342.0 401882.0
21364.0 397151.0
21568.0 384408.0
22263.0 381765.0
22950.0 381480.0
23080.0 378047.0
23550.0 377728.0
24016.0 373688.0
24592.0 372696.0
24820.0 371314.0
25437.0 370244.0
25513.0 369809.0
27913.0 369712.0
28187.0 369162.0
28687.0 368654.0
28763.0 367869.0

21266.0 398054.0
21342.0 387529.0
21568.0 384408.0
22263.0 377948.0
23550.0 377728.0
23992.0 375995.0
24016.0 372978.0
25513.0 371541.0
27766.0 371067.0
27842.0 369385.0
28763.0 369042.0
33197.0 368282.0

21708.0 389817.0
22102.0 385479.0
22263.0 382752.0
22594.0 381501.0
22950.0 381480.0
23080.0 378047.0
23550.0 377728.0
24176.0 376932.0
24592.0 374800.0
24820.0 374463.0
24913.0 373492.0
25513.0 371541.0
28187.0 371537.0
28763.0 371017.0
30515.0 370814.0
34099.0 370653.0
35608.0 370416.0

21708.0 382740.0
22263.0 379292.0
22480.0 375200.0
24592.0 374645.0
24731.0 373952.0
24913.0 373492.0
25513.0 371541.0
28187.0 371537.0
28763.0 371017.0
29684.0 370953.0
30515.0 370814.0
34099.0 370653.0
35608.0 370416.0

21708.0 382575.0
22461.0 378337.0
23080.0 378047.0
23550.0 377728.0
24176.0 377141.0
24592.0 374800.0
24820.0 374463.0
24913.0 373492.0
25485.0 373413.0
25513.0 371541.0
28187.0 371537.0
28763.0 370934.0
30515.0 370814.0
32013.0 370484.0
35608.0 370149.0

21689.0 392160.0
21708.0 382740.0
22263.0 382434.0
22495.0 379277.0
23080.0 378047.0
23550.0 377728.0
23992.0 376967.0
24516.0 376791.0
24750.0 376042.0
24801.0 375650.0
24820.0 374463.0
24913.0 373492.0
25513.0 371541.0
27043.0 371265.0
27842.0 370992.0
28763.0 370516.0
29599.0 370133.0
33248.0 369481.0
34687.0 369442.0
36184.0 369415.0

22020.0 392427.0
22263.0 377998.0
23316.0 376217.0
24731.0 376096.0
24750.0 375880.0
24801.0 363237.0
25513.0 362685.0
27913.0 362365.0
28763.0 361367.0
30987.0 359941.0
31937.0 359567.0
32934.0 359497.0
34190.0 358885.0


