18596.0 123737.0
18615.0 122369.0
19587.0 122260.0
20387.0 122149.0
21266.0 122105.0
21342.0 121842.0
21708.0 121284.0
24592.0 120969.0
24801.0 120506.0
25513.0 120153.0
27894.0 120082.0
27913.0 120012.0
28763.0 119657.0

18104.0 131255.0
18596.0 125600.0
18615.0 122905.0
19112.0 122860.0
20345.0 122675.0
21266.0 122650.0
21342.0 121914.0
21638.0 121608.0
21708.0 121578.0
24016.0 121492.0
24592.0 121083.0
28187.0 121058.0
28763.0 120353.0
35187.0 120250.0

18104.0 131255.0
18596.0 125600.0
18615.0 122905.0
19112.0 122860.0
20345.0 122675.0
21266.0 122650.0
21342.0 121753.0
21638.0 121558.0
24016.0 121492.0
24592.0 121083.0
28187.0 121009.0
28763.0 120309.0
35187.0 120190.0

18092.0 126701.0
18545.0 125720.0
18596.0 125600.0
18615.0 122905.0
19112.0 122860.0
19845.0 122774.0
20345.0 122675.0
21266.0 122598.0
21342.0 121914.0
21638.0 121591.0
21708.0 121390.0
24592.0 121060.0
28187.0 120970.0
28763.0 120294.0
35187.0 120250.0
36184.0 120212.0

18104.0 131255.0
18545.0 125720.0
18596.0 124110.0
18615.0 122279.0
19845.0 122243.0
21342.0 121894.0
21638.0 121591.0
21708.0 121519.0
24016.0 121492.0
24592.0 121083.0
25513.0 121055.0
27766.0 120959.0
28763.0 120309.0
31937.0 120249.0
36184.0 120212.0

18092.0 124490.0
18513.0 124026.0
18615.0 122455.0
20345.0 122226.0
21342.0 121453.0
21708.0 121270.0
24592.0 120929.0
25513.0 120927.0
28763.0 120294.0
35187.0 120250.0
36184.0 120212.0

18104.0 131255.0
18596.0 125600.0
18615.0 122905.0
19112.0 122860.0
19946.0 122514.0
21342.0 121564.0
21708.0 121475.0
24592.0 121083.0
27766.0 120980.0
28763.0 120353.0
35187.0 120190.0

18104.0 131255.0
18596.0 124032.0
18615.0 122905.0
19112.0 122860.0
19769.0 122856.0
19845.0 122774.0
19946.0 122514.0
21342.0 121564.0
21708.0 121181.0
24592.0 120929.0
28763.0 120194.0
35187.0 120190.0

18104.0 131255.0
18545.0 131145.0
18596.0 124088.0
18615.0 122403.0
21266.0 122383.0
21342.0 121564.0
21708.0 121475.0
23950.0 121367.0
24016.0 121312.0
24516.0 121290.0
24592.0 121048.0
27766.0 120980.0
28687.0 120979.0
28763.0 120353.0
32934.0 120245.0
35187.0 120190.0
39358.0 120014.0

18092.0 124490.0
18615.0 122905.0
19112.0 122860.0
19769.0 122856.0
19845.0 122774.0
19946.0 122403.0
21342.0 121453.0
21708.0 121364.0
24592.0 120863.0
27842.0 120686.0
28763.0 120274.0
35187.0 120190.0
36184.0 120061.0

18104.0 131255.0
18447.0 127707.0
18545.0 127368.0
18596.0 122308.0
19912.0 121931.0
21342.0 121146.0
21708.0 120824.0
24750.0 120602.0
25513.0 119906.0
28763.0 119063.0


