17647.0 128136.0
18092.0 124744.0
18596.0 124467.0
18615.0 121615.0
19912.0 121591.0
20387.0 121519.0
21266.0 121476.0
21342.0 120892.0
21708.0 120563.0
24516.0 120560.0
24592.0 120112.0
24820.0 120048.0
25513.0 119650.0
27843.0 119599.0
27894.0 119525.0
28763.0 119473.0
32013.0 119040.0
32934.0 118723.0
36184.0 118471.0
39358.0 118467.0
39434.0 118159.0
46855.0 117935.0

18092.0 122825.0
18596.0 121282.0
19112.0 121242.0
19912.0 121132.0
21266.0 121129.0
21342.0 120800.0
21708.0 120646.0
24750.0 120588.0
24801.0 120376.0
25513.0 120123.0
27913.0 120072.0
28763.0 119746.0
32934.0 119612.0

18092.0 122825.0
18596.0 121282.0
19112.0 121242.0
19912.0 121132.0
21266.0 121129.0
21342.0 120800.0
21708.0 120646.0
24750.0 120588.0
24801.0 120376.0
25513.0 120123.0
27913.0 120072.0
28763.0 119746.0
32934.0 119612.0

18092.0 122573.0
18596.0 121282.0
19112.0 121242.0
19912.0 121132.0
21266.0 121129.0
21342.0 120800.0
21708.0 120646.0
24592.0 120611.0
24750.0 120588.0
24801.0 120376.0
25513.0 120123.0
27913.0 120072.0
28763.0 119746.0
32934.0 119612.0

18092.0 122825.0
18596.0 121212.0
19912.0 121132.0
21266.0 121129.0
21342.0 120800.0
21708.0 120571.0
24516.0 120528.0
24801.0 120376.0
25513.0 120123.0
27913.0 120072.0
28763.0 119746.0
32934.0 119612.0
36184.0 119611.0

18092.0 122825.0
18545.0 122501.0
18596.0 121212.0
19912.0 121132.0
21266.0 121129.0
21342.0 120800.0
21708.0 120571.0
24516.0 120528.0
24801.0 120376.0
25513.0 120123.0
27913.0 120072.0
28763.0 119746.0
32934.0 119612.0
36184.0 119611.0

18092.0 122825.0
18596.0 121282.0
19112.0 121242.0
19912.0 121132.0
21266.0 121129.0
21342.0 120800.0
21708.0 120646.0
24750.0 120588.0
24801.0 120376.0
25513.0 120123.0
27913.0 120072.0
28763.0 119746.0
32934.0 119612.0

18092.0 122825.0
18545.0 122782.0
18596.0 121212.0
19912.0 121132.0
21266.0 121129.0
21342.0 120800.0
21708.0 120571.0
24516.0 120528.0
24801.0 120376.0
24820.0 120222.0
25513.0 120123.0
27913.0 120072.0
28763.0 119746.0
32934.0 119612.0
36184.0 119611.0
39434.0 119581.0

18092.0 122825.0
18596.0 121282.0
19112.0 121242.0
19912.0 121132.0
21266.0 121129.0
21342.0 120800.0
21708.0 120646.0
24750.0 120588.0
24801.0 120376.0
25513.0 120123.0
27913.0 120072.0
28763.0 119746.0
32934.0 119612.0

18092.0 122825.0
18545.0 122501.0
18596.0 121212.0
19912.0 121132.0
21266.0 121129.0
21342.0 120800.0
21708.0 120571.0
24516.0 120528.0
24801.0 120376.0
24820.0 120222.0
25513.0 120123.0
27913.0 120072.0
28763.0 119732.0
32934.0 119612.0
36184.0 119611.0
39434.0 119581.0

18092.0 122651.0
18596.0 121282.0
19112.0 121242.0
19912.0 121132.0
21266.0 121129.0
21342.0 120800.0
21708.0 120523.0
24592.0 120496.0
24750.0 120465.0
24801.0 120074.0
25513.0 119813.0
27894.0 119564.0
28763.0 119095.0
38858.0 119087.0
42684.0 118923.0


