16816.0 84501.0
16990.0 83320.0
18016.0 82826.0
18092.0 81399.0
18545.0 81378.0
18596.0 81173.0
19912.0 81133.0
21266.0 81130.0
21342.0 80955.0
21708.0 80884.0
22263.0 80553.0
24516.0 80550.0
24592.0 80518.0
24750.0 80467.0
24801.0 80274.0
25437.0 80271.0
25513.0 80198.0
27766.0 80141.0
27843.0 79903.0
28763.0 79483.0
36184.0 79370.0
40355.0 79307.0
51026.0 79298.0

17926.0 90188.0
18016.0 83133.0
18092.0 82183.0
18596.0 81310.0
19912.0 81278.0
20421.0 81130.0
21342.0 80532.0
24516.0 80507.0
24592.0 80445.0
25513.0 80166.0
27842.0 79926.0
28763.0 79824.0
31937.0 79821.0
36184.0 79742.0

17926.0 90188.0
18016.0 83133.0
18092.0 82183.0
18596.0 81310.0
19912.0 81278.0
20421.0 81130.0
21342.0 80532.0
24516.0 80507.0
24592.0 80445.0
24801.0 80423.0
25437.0 80422.0
25513.0 80166.0
27842.0 79926.0
28763.0 79823.0
31937.0 79821.0
36184.0 79742.0

17670.0 83956.0
17745.0 83562.0
18016.0 83133.0
18092.0 82183.0
18596.0 81310.0
18615.0 81302.0
19912.0 81278.0
20421.0 81130.0
21266.0 81067.0
21342.0 80532.0
24516.0 80507.0
24592.0 80445.0
24937.0 80444.0
25513.0 80166.0
27842.0 79926.0
28763.0 79823.0
31937.0 79821.0
36184.0 79742.0

17926.0 90188.0
18016.0 83133.0
18092.0 82183.0
18596.0 81310.0
19112.0 81278.0
20421.0 81130.0
21342.0 80532.0
24516.0 80507.0
24592.0 80445.0
25513.0 80166.0
27842.0 79902.0
28763.0 79824.0
31937.0 79821.0
32934.0 79820.0
36184.0 79742.0

17745.0 83562.0
18016.0 83133.0
18092.0 82052.0
18545.0 81560.0
18596.0 81310.0
18615.0 81302.0
19912.0 81278.0
20421.0 81130.0
21266.0 81067.0
21342.0 80532.0
24516.0 80497.0
24592.0 80445.0
25513.0 80166.0
27842.0 79926.0
28763.0 79823.0
31937.0 79821.0
36108.0 79753.0
36184.0 79742.0
39358.0 79469.0

17926.0 90188.0
18016.0 83133.0
18092.0 82183.0
18596.0 81310.0
19912.0 81278.0
20421.0 81130.0
21266.0 81067.0
21342.0 80532.0
24516.0 80507.0
24592.0 80445.0
25513.0 80166.0
27842.0 79926.0
28763.0 79823.0
31937.0 79821.0
36184.0 79742.0

17926.0 90188.0
18016.0 83133.0
18092.0 81855.0
18526.0 81838.0
18545.0 81821.0
18596.0 81310.0
18615.0 81302.0
19912.0 81278.0
20421.0 81130.0
21266.0 81067.0
21342.0 80532.0
24516.0 80507.0
24592.0 80445.0
25513.0 80166.0
27842.0 79926.0
28763.0 79823.0
31937.0 79821.0
36184.0 79742.0

17926.0 90188.0
18016.0 83133.0
18092.0 82183.0
18596.0 81310.0
19112.0 81278.0
20421.0 81130.0
21266.0 81067.0
21342.0 80532.0
24516.0 80507.0
24592.0 80445.0
25513.0 80166.0
27842.0 79902.0
28763.0 79823.0
31937.0 79821.0
32934.0 79820.0
36184.0 79742.0

17745.0 83562.0
18016.0 83133.0
18092.0 82183.0
18596.0 81310.0
18615.0 81302.0
19912.0 81278.0
20421.0 81130.0
21266.0 81067.0
21342.0 80532.0
24516.0 80507.0
24592.0 80445.0
25513.0 80166.0
27842.0 79926.0
28763.0 79823.0
31937.0 79821.0
36184.0 79514.0

17492.0 83666.0
18016.0 83133.0
18092.0 81177.0
18545.0 81151.0
18596.0 80846.0
19946.0 80828.0
21266.0 80821.0
21342.0 80532.0
21708.0 80126.0
24592.0 79895.0
25513.0 79826.0
28763.0 79736.0
31937.0 79702.0
32013.0 79377.0
32934.0 79346.0
36184.0 79198.0
39434.0 79149.0


