18596.0 165565.0
18615.0 163089.0
19112.0 163031.0
19912.0 162920.0
21266.0 162917.0
21342.0 161802.0
21638.0 161724.0
21708.0 161124.0
24516.0 161113.0
24592.0 161062.0
24801.0 160962.0
25513.0 160435.0
26973.0 160416.0
27043.0 159892.0
28687.0 159836.0
28763.0 159821.0
29285.0 159785.0
30085.0 159682.0
32934.0 159612.0

18122.0 170675.0
18545.0 167906.0
18596.0 164737.0
21266.0 164428.0
21342.0 162056.0
21657.0 161978.0
21708.0 161953.0
24592.0 161830.0
24750.0 161793.0
25513.0 161538.0
28763.0 160920.0
32013.0 160881.0
39434.0 160829.0

18122.0 170675.0
18545.0 167906.0
18596.0 164737.0
20766.0 164227.0
21266.0 163904.0
21342.0 161742.0
24801.0 161554.0
24820.0 161500.0
25513.0 160991.0
28763.0 160617.0

18122.0 170675.0
18545.0 167906.0
18596.0 164697.0
19146.0 164288.0
19946.0 163958.0
21342.0 162056.0
21657.0 161978.0
21708.0 161953.0
24516.0 161910.0
24592.0 161808.0
24750.0 161793.0
25513.0 161023.0
28763.0 160803.0
32013.0 160601.0
32934.0 160362.0

18092.0 166550.0
18596.0 163501.0
19505.0 163345.0
20838.0 163294.0
21266.0 163234.0
21342.0 161987.0
21657.0 161978.0
21708.0 161909.0
24592.0 161830.0
24750.0 161793.0
24801.0 161606.0
25513.0 160843.0
28763.0 160500.0

18122.0 170653.0
18545.0 167906.0
18596.0 164737.0
18615.0 163226.0
20857.0 163173.0
21266.0 163170.0
21342.0 162030.0
21657.0 161978.0
21708.0 161953.0
24516.0 161847.0
24592.0 161571.0
25513.0 161522.0
27913.0 161432.0
28187.0 161172.0
28763.0 160689.0
39434.0 160668.0

18122.0 170675.0
18545.0 165781.0
18596.0 164713.0
18615.0 164527.0
19112.0 164468.0
20766.0 164210.0
21342.0 162056.0
21657.0 161941.0
21689.0 161855.0
24516.0 161851.0
24592.0 161590.0
25513.0 160928.0
27894.0 160879.0
28763.0 160342.0
31937.0 160278.0
36108.0 160211.0

18122.0 170675.0
18545.0 167648.0
18596.0 164479.0
19112.0 164468.0
19471.0 164051.0
20766.0 163987.0
21266.0 163550.0
21342.0 162046.0
21657.0 161769.0
24592.0 161688.0
24801.0 161371.0
25513.0 161115.0
27842.0 161057.0
27894.0 160795.0
28763.0 160311.0
32934.0 159902.0

18092.0 166978.0
18545.0 164061.0
18596.0 163580.0
19471.0 163523.0
21342.0 161987.0
21657.0 161978.0
21708.0 161953.0
24516.0 161910.0
24592.0 161830.0
24750.0 161793.0
24801.0 161675.0
25513.0 160843.0
28763.0 160500.0

18092.0 164398.0
18615.0 163221.0
19587.0 163186.0
20766.0 163104.0
20838.0 163015.0
21266.0 162934.0
21342.0 162014.0
21657.0 161938.0
21708.0 161744.0
24820.0 161660.0
25513.0 161224.0
27913.0 161199.0
28763.0 160386.0

18122.0 170675.0
18545.0 167906.0
18596.0 164096.0
19471.0 164027.0
21266.0 163806.0
21342.0 161591.0
21657.0 161528.0
21708.0 161378.0
24516.0 161008.0
24750.0 160796.0
25513.0 160468.0
27913.0 160350.0
28763.0 159474.0


