21364.0 365396.0
21627.0 360541.0
21795.0 358283.0
23916.0 355670.0
23950.0 344690.0
24237.0 342359.0
24801.0 341668.0
24937.0 340380.0
25513.0 337376.0
27843.0 336928.0
31937.0 336433.0
33387.0 336227.0

21708.0 353349.0
22263.0 346619.0
22699.0 345722.0
23992.0 345200.0
24651.0 343173.0
25010.0 343142.0
25485.0 342535.0
25513.0 337856.0
29684.0 337714.0
32858.0 337096.0

21657.0 351680.0
22020.0 351057.0
22263.0 346619.0
22699.0 345722.0
22880.0 344751.0
24516.0 342776.0
24913.0 341530.0
25513.0 337856.0
27487.0 337625.0
28763.0 337152.0
32858.0 337096.0

21708.0 353349.0
22263.0 346600.0
22699.0 345722.0
23992.0 345200.0
24176.0 344798.0
24237.0 344592.0
24516.0 342833.0
24592.0 342319.0
25010.0 341036.0
25513.0 337856.0
28763.0 337843.0
29684.0 337714.0
32013.0 336662.0

21708.0 348510.0
22263.0 346619.0
22461.0 344371.0
22495.0 341661.0
24592.0 339850.0
24976.0 338461.0
25513.0 337856.0
27487.0 337625.0
28163.0 336967.0
28187.0 336715.0
29684.0 335853.0

21627.0 360671.0
21638.0 344918.0
21708.0 342699.0
22020.0 342462.0
24016.0 342213.0
24440.0 340249.0
24592.0 338790.0
25513.0 337856.0
27243.0 337774.0
28441.0 336968.0
31413.0 336591.0
32013.0 334938.0

21708.0 353349.0
22263.0 346619.0
22699.0 345722.0
23992.0 345200.0
24201.0 344455.0
24651.0 343173.0
25010.0 343142.0
25485.0 342535.0
25513.0 337856.0
28763.0 337843.0
29684.0 337714.0
30085.0 337176.0
32858.0 337096.0

21708.0 353349.0
22020.0 348436.0
22263.0 346600.0
22461.0 344596.0
22950.0 343354.0
23916.0 343014.0
23950.0 340545.0
24201.0 338621.0
25010.0 338212.0
25513.0 337856.0
27487.0 337625.0
30085.0 337176.0
32858.0 337096.0

21708.0 353349.0
22263.0 346619.0
22699.0 345722.0
23950.0 343953.0
24263.0 343845.0
24592.0 343638.0
24651.0 343173.0
24750.0 341344.0
24801.0 340791.0
24913.0 339359.0
25010.0 337777.0
25513.0 335681.0
28763.0 335345.0
31025.0 334922.0

21627.0 360671.0
21661.0 350106.0
21708.0 346965.0
22263.0 341442.0
25513.0 337856.0
28763.0 337731.0
29684.0 337714.0
30085.0 337176.0
32858.0 337096.0

21364.0 346607.0
22263.0 337120.0
23519.0 329059.0
24801.0 324746.0
27894.0 324118.0
27913.0 323465.0
31861.0 321372.0
34190.0 320067.0


