21761.0 450510.0
22263.0 421764.0
23788.0 421004.0
25513.0 416679.0
26992.0 416379.0
27266.0 414572.0
27894.0 413536.0
28687.0 413068.0
31361.0 413018.0
32013.0 412453.0
32358.0 411886.0
32934.0 411054.0

21342.0 434330.0
21657.0 430663.0
23440.0 427565.0
23940.0 424712.0
23950.0 423873.0
24654.0 420118.0
24801.0 420014.0
24913.0 419502.0
24937.0 417823.0
25437.0 416995.0
25513.0 415534.0
29461.0 414832.0
31025.0 414382.0
32334.0 413490.0

21342.0 434330.0
21657.0 430663.0
22020.0 428801.0
23440.0 427565.0
23916.0 426048.0
23940.0 424712.0
23950.0 423371.0
24516.0 422274.0
24651.0 421734.0
24654.0 419820.0
24820.0 418847.0
24937.0 417823.0
25437.0 416995.0
25513.0 414605.0
27062.0 413715.0
28687.0 411784.0
31658.0 411374.0
31937.0 410960.0

21342.0 434330.0
21657.0 430663.0
22020.0 428801.0
22495.0 428023.0
22740.0 427462.0
23880.0 421592.0
23931.0 418847.0
24516.0 418815.0
24913.0 417810.0
24937.0 416361.0
25513.0 415114.0
26662.0 414790.0
27843.0 414037.0
29684.0 413360.0
30955.0 413056.0
32934.0 411742.0

21342.0 434330.0
21657.0 430663.0
22020.0 429493.0
22495.0 425810.0
22740.0 424060.0
23880.0 423960.0
23950.0 420737.0
24592.0 420535.0
24654.0 419820.0
24913.0 417810.0
24937.0 417689.0
25437.0 416995.0
25513.0 415534.0
26662.0 414790.0
27843.0 414037.0
31006.0 413542.0
32334.0 413211.0
32934.0 412146.0

21342.0 431238.0
21657.0 430663.0
21661.0 429024.0
22020.0 428801.0
22263.0 425413.0
22495.0 421615.0
23950.0 421573.0
24654.0 419820.0
24801.0 418350.0
24913.0 415912.0
25513.0 415534.0
27062.0 415227.0
27266.0 415068.0
27843.0 414193.0
28687.0 412333.0
32934.0 412272.0

21342.0 434330.0
21657.0 430663.0
23440.0 427565.0
23940.0 424712.0
23950.0 423840.0
24654.0 420118.0
24801.0 420014.0
24913.0 419260.0
24937.0 417823.0
25437.0 416995.0
25513.0 415534.0
29461.0 414832.0
31025.0 414382.0
32334.0 413490.0

21342.0 434330.0
21657.0 430663.0
22263.0 422212.0
24237.0 417966.0
24937.0 417311.0
25437.0 416995.0
25513.0 415534.0
27487.0 414441.0
28763.0 414177.0
31413.0 413867.0
31437.0 413780.0
32334.0 413490.0
32934.0 412329.0

21342.0 434330.0
21657.0 430663.0
23440.0 427565.0
23940.0 424712.0
23950.0 423840.0
24654.0 420118.0
24801.0 420014.0
24913.0 419260.0
24937.0 417823.0
25437.0 416995.0
25513.0 415534.0
29461.0 414832.0
31025.0 414382.0
32334.0 413490.0

21342.0 434330.0
21657.0 430663.0
23440.0 427565.0
23550.0 426719.0
23940.0 424712.0
23950.0 423840.0
24016.0 421057.0
24516.0 420678.0
24592.0 419561.0
24750.0 417462.0
25010.0 416930.0
25513.0 415534.0
27487.0 414441.0
28687.0 414123.0
28763.0 413715.0
30813.0 413074.0
32358.0 412405.0
32934.0 412329.0

21342.0 434330.0
21657.0 430663.0
21708.0 418490.0
22263.0 405813.0
25513.0 404141.0
27913.0 402151.0
28763.0 402120.0
31016.0 400469.0
31937.0 399865.0
41611.0 397787.0


