18092.0 122577.0
18545.0 122555.0
18596.0 122209.0
19946.0 122169.0
21266.0 122166.0
21342.0 121644.0
21638.0 121555.0
21708.0 121022.0
22263.0 120758.0
24016.0 120743.0
24516.0 120644.0
24592.0 120415.0
25513.0 120005.0
27894.0 119960.0
28687.0 119957.0
28763.0 119348.0
31437.0 119333.0
31937.0 119234.0
32013.0 119230.0
32934.0 118839.0
36184.0 118631.0
39358.0 118549.0
43605.0 118467.0
46779.0 118385.0

18016.0 126193.0
18092.0 124266.0
18545.0 124204.0
18596.0 121643.0
19946.0 121387.0
21266.0 121346.0
21342.0 121202.0
21708.0 121031.0
22263.0 120960.0
24592.0 120691.0
24750.0 120600.0
24801.0 120490.0
25513.0 120275.0
27842.0 120068.0
27843.0 120051.0
28763.0 119861.0
29684.0 119770.0
32934.0 119456.0
36184.0 119317.0
46855.0 119117.0

18016.0 126193.0
18092.0 124266.0
18545.0 124204.0
18596.0 121411.0
19946.0 121387.0
21266.0 121346.0
21342.0 121202.0
21708.0 121031.0
22263.0 120960.0
24592.0 120543.0
24801.0 120490.0
25513.0 120275.0
27842.0 120068.0
27843.0 120051.0
28763.0 119861.0
29684.0 119770.0
32934.0 119456.0
36184.0 119244.0
46855.0 119117.0

18016.0 125314.0
18092.0 124266.0
18545.0 123039.0
18596.0 121411.0
19946.0 121387.0
21266.0 121346.0
21342.0 121141.0
21657.0 120990.0
21708.0 120538.0
24592.0 120516.0
24801.0 120490.0
25437.0 120465.0
25513.0 120270.0
27842.0 120061.0
27843.0 120051.0
28763.0 119861.0
29684.0 119770.0
32934.0 119456.0
36184.0 119244.0
46855.0 119117.0

18016.0 126193.0
18092.0 123378.0
18545.0 122712.0
18596.0 121300.0
19912.0 121260.0
21342.0 121133.0
21708.0 120669.0
24592.0 120608.0
24750.0 120600.0
24801.0 120490.0
25513.0 120275.0
27842.0 120068.0
27843.0 120051.0
28763.0 119861.0
29684.0 119770.0
32934.0 119456.0
36184.0 119317.0
46855.0 119117.0

18016.0 126193.0
18092.0 124266.0
18545.0 123039.0
18596.0 121481.0
19946.0 121387.0
21266.0 121346.0
21342.0 121016.0
21708.0 120621.0
22263.0 120591.0
24592.0 120499.0
24801.0 120490.0
25437.0 120465.0
25513.0 120232.0
27842.0 120068.0
27843.0 120051.0
28763.0 119861.0
29684.0 119770.0
32934.0 119425.0
36184.0 119317.0
46855.0 119117.0

18016.0 126193.0
18092.0 124266.0
18545.0 124204.0
18596.0 121481.0
19946.0 121387.0
21266.0 121346.0
21342.0 121202.0
21708.0 121031.0
22263.0 120932.0
24592.0 120543.0
24801.0 120490.0
25513.0 119990.0
28763.0 119664.0
32934.0 119456.0
36184.0 119142.0
46855.0 118909.0

18016.0 126193.0
18092.0 121629.0
18596.0 121305.0
19912.0 121281.0
21266.0 121256.0
21342.0 121075.0
21708.0 120873.0
22263.0 120871.0
24516.0 120868.0
24592.0 120518.0
24801.0 120369.0
25513.0 119838.0
28763.0 119589.0
32934.0 119456.0
36184.0 119099.0
39434.0 118932.0
40355.0 118931.0
46855.0 118584.0

18016.0 126193.0
18092.0 123378.0
18545.0 122712.0
18596.0 121300.0
19912.0 121260.0
21266.0 121251.0
21342.0 121128.0
21708.0 121031.0
22263.0 120580.0
24592.0 120456.0
24801.0 120394.0
25513.0 119990.0
27894.0 119910.0
28763.0 119664.0
32934.0 119456.0
36184.0 119142.0
46855.0 118909.0

18016.0 126193.0
18092.0 124007.0
18545.0 123044.0
18596.0 121411.0
19946.0 121387.0
21266.0 121346.0
21342.0 120713.0
21708.0 120501.0
24592.0 120374.0
25513.0 119989.0
27842.0 119983.0
28763.0 119519.0
31937.0 119465.0
32013.0 119429.0
32934.0 119395.0
36184.0 119076.0
39358.0 119069.0
39434.0 118790.0
43605.0 118728.0

18016.0 126193.0
18092.0 122663.0
18545.0 122204.0
18596.0 121392.0
19912.0 121329.0
21266.0 121303.0
21342.0 120722.0
21708.0 120269.0
24516.0 120266.0
24592.0 120259.0
24801.0 120019.0
25513.0 119966.0
28687.0 119787.0
28763.0 119429.0
32013.0 119404.0
32934.0 119324.0
35263.0 119288.0
36108.0 119118.0
36184.0 118443.0


