16816.0 42451.0
16990.0 41387.0
17516.0 41155.0
18016.0 41092.0
18092.0 40624.0
18545.0 40602.0
18596.0 40495.0
18615.0 40443.0
19912.0 40313.0
21342.0 40064.0
21708.0 39975.0
24516.0 39972.0
24592.0 39915.0
25513.0 39758.0
27894.0 39757.0
28687.0 39755.0
28763.0 39631.0
32013.0 39572.0
32934.0 39511.0
36184.0 39398.0
39434.0 39327.0

16023.0 43458.0
16156.0 42277.0
16595.0 42045.0
16816.0 41708.0
16956.0 41570.0
16990.0 41417.0
17516.0 41173.0
18016.0 41074.0
18092.0 40496.0
18545.0 40474.0
18596.0 40337.0
19912.0 40313.0
21266.0 40310.0
21342.0 40064.0
21708.0 39975.0
24516.0 39972.0
24592.0 39916.0
25513.0 39758.0
28763.0 39632.0
32013.0 39596.0
36184.0 39550.0
39434.0 39514.0
42608.0 39513.0

16023.0 43458.0
16156.0 42277.0
16595.0 42045.0
16816.0 41708.0
16956.0 41570.0
16990.0 41417.0
17516.0 41173.0
18016.0 41074.0
18092.0 40496.0
18545.0 40474.0
18596.0 40337.0
19912.0 40313.0
21266.0 40310.0
21342.0 40064.0
21708.0 39975.0
24516.0 39972.0
24592.0 39916.0
25513.0 39758.0
28763.0 39632.0
31937.0 39631.0
32013.0 39596.0
36184.0 39450.0
39434.0 39391.0

16023.0 42659.0
16156.0 42216.0
16515.0 41382.0
16595.0 41168.0
17095.0 41069.0
17171.0 40744.0
18092.0 40466.0
18545.0 40444.0
18596.0 40337.0
19912.0 40313.0
21266.0 40310.0
21342.0 40064.0
21708.0 39975.0
24516.0 39972.0
24592.0 39915.0
24820.0 39905.0
25513.0 39758.0
28763.0 39632.0
31937.0 39631.0
32013.0 39596.0
36184.0 39450.0
43605.0 39344.0

16023.0 42463.0
16156.0 42020.0
16595.0 41788.0
16816.0 41708.0
16956.0 41570.0
16990.0 41387.0
17516.0 41173.0
17745.0 41162.0
18016.0 41074.0
18092.0 40466.0
18545.0 40449.0
18596.0 40337.0
19912.0 40313.0
21266.0 40310.0
21342.0 40064.0
21708.0 39975.0
24516.0 39972.0
24592.0 39916.0
25513.0 39758.0
28763.0 39632.0
31937.0 39631.0
32013.0 39596.0
32934.0 39576.0
36184.0 39450.0
39358.0 39407.0
39434.0 39391.0
43605.0 39357.0

16023.0 43300.0
16156.0 42119.0
16571.0 41860.0
16816.0 41708.0
16956.0 41570.0
16990.0 41417.0
17345.0 41406.0
17516.0 41173.0
18016.0 41074.0
18092.0 40466.0
18545.0 40444.0
18596.0 40337.0
19912.0 40313.0
21266.0 40310.0
21342.0 40064.0
21708.0 39975.0
24516.0 39972.0
24592.0 39916.0
24820.0 39905.0
25513.0 39758.0
28687.0 39757.0
28763.0 39632.0
31937.0 39631.0
32013.0 39596.0
32934.0 39536.0
36184.0 39439.0
39358.0 39407.0
43605.0 39357.0
46779.0 39338.0

16023.0 43300.0
16156.0 42119.0
16595.0 41887.0
16816.0 41708.0
16956.0 41570.0
16990.0 41417.0
17516.0 41173.0
18016.0 41074.0
18092.0 40466.0
18596.0 40337.0
19912.0 40313.0
21266.0 40310.0
21342.0 40064.0
21708.0 39975.0
24516.0 39972.0
24592.0 39916.0
25513.0 39758.0
28763.0 39632.0
31937.0 39631.0
32013.0 39596.0
36184.0 39450.0
39434.0 39391.0
43605.0 39357.0

16023.0 42501.0
16156.0 42119.0
16595.0 41887.0
16816.0 41708.0
16956.0 41570.0
16990.0 41387.0
17516.0 41155.0
18016.0 41074.0
18092.0 40466.0
18545.0 40444.0
18596.0 40337.0
19912.0 40313.0
21266.0 40310.0
21342.0 40064.0
21708.0 39975.0
24516.0 39972.0
24592.0 39916.0
25513.0 39758.0
28687.0 39757.0
28763.0 39632.0
31937.0 39631.0
32013.0 39596.0
32934.0 39525.0
36184.0 39450.0
39434.0 39391.0
43605.0 39357.0

16023.0 42410.0
16156.0 41967.0
16595.0 41735.0
16816.0 41708.0
16956.0 41570.0
16990.0 41387.0
17516.0 41155.0
18016.0 41074.0
18092.0 40466.0
18545.0 40444.0
18596.0 40337.0
19912.0 40313.0
21266.0 40310.0
21342.0 40064.0
21708.0 39975.0
24516.0 39972.0
24592.0 39916.0
25513.0 39758.0
28763.0 39632.0
31937.0 39631.0
32013.0 39573.0
36184.0 39399.0
39434.0 39391.0
43605.0 39357.0

16023.0 43300.0
16156.0 42119.0
16571.0 41860.0
16816.0 41708.0
16956.0 41570.0
16990.0 41417.0
17345.0 41406.0
17516.0 41173.0
18016.0 41074.0
18092.0 40466.0
18545.0 40444.0
18596.0 40337.0
19912.0 40313.0
21266.0 40310.0
21342.0 40064.0
21708.0 39975.0
24516.0 39972.0
24592.0 39915.0
24820.0 39905.0
25513.0 39758.0
28687.0 39757.0
28763.0 39632.0
31937.0 39631.0
32013.0 39596.0
32934.0 39525.0
36184.0 39399.0
39434.0 39367.0
43605.0 39357.0
46779.0 39338.0

16023.0 43300.0
16156.0 42119.0
16571.0 41860.0
16816.0 41708.0
16956.0 41570.0
16990.0 41387.0
17516.0 41173.0
18016.0 41074.0
18092.0 40466.0
18545.0 40444.0
18596.0 40337.0
19912.0 40313.0
21266.0 40310.0
21342.0 40064.0
21708.0 39975.0
24516.0 39972.0
24592.0 39916.0
24820.0 39905.0
25513.0 39758.0
28687.0 39755.0
28763.0 39632.0
31937.0 39631.0
32013.0 39596.0
32934.0 39536.0
36184.0 39393.0
42608.0 39349.0
43605.0 39317.0
46855.0 39281.0


