20742.0 297792.0
21089.0 297752.0
21104.0 296150.0
21342.0 291794.0
21661.0 291579.0
21708.0 287377.0
22263.0 285845.0
24016.0 285235.0
25513.0 283621.0
28687.0 283427.0
28763.0 283057.0
31437.0 282833.0
32013.0 282651.0
32934.0 282364.0
36184.0 281287.0
37105.0 281021.0

20857.0 313363.0
21089.0 303990.0
21342.0 294576.0
22020.0 293911.0
22263.0 291247.0
22495.0 290780.0
22936.0 290757.0
23316.0 289874.0
23950.0 288350.0
24801.0 287841.0
25513.0 286377.0
28687.0 286146.0
31361.0 286046.0
32934.0 285501.0
35608.0 285495.0
36184.0 285383.0
39434.0 285268.0

20066.0 303569.0
21089.0 303242.0
21266.0 297269.0
21342.0 294576.0
22020.0 293911.0
22263.0 287900.0
23992.0 287833.0
24801.0 287640.0
24820.0 287329.0
25513.0 286256.0
28687.0 285863.0
32934.0 285501.0
35608.0 285495.0
36184.0 285383.0
39434.0 285268.0

20066.0 303569.0
21089.0 303242.0
21266.0 297269.0
21342.0 291911.0
21661.0 290412.0
21708.0 290285.0
22020.0 289773.0
22263.0 288010.0
23992.0 287833.0
24801.0 287330.0
24820.0 287329.0
24937.0 286637.0
25513.0 286377.0
27894.0 285631.0
28763.0 284948.0
32013.0 284908.0
32934.0 284809.0
36184.0 284103.0

20066.0 303499.0
20742.0 296645.0
20838.0 296255.0
21089.0 296039.0
21342.0 292813.0
21587.0 291600.0
21689.0 290717.0
21708.0 289586.0
22263.0 288162.0
24516.0 287578.0
24592.0 287577.0
24801.0 286740.0
25513.0 285882.0
28687.0 285561.0
28763.0 284587.0

20838.0 301057.0
21038.0 295236.0
21266.0 293287.0
21627.0 292570.0
22020.0 292092.0
22263.0 290000.0
22495.0 289373.0
23316.0 289266.0
23931.0 289262.0
23940.0 289125.0
23950.0 288350.0
24440.0 288206.0
24516.0 287757.0
25513.0 286377.0
28687.0 286146.0
28763.0 285345.0
32934.0 284905.0

20857.0 313363.0
21089.0 303990.0
21342.0 294576.0
22020.0 293835.0
22263.0 290527.0
23316.0 289874.0
23950.0 288350.0
24801.0 287841.0
25513.0 286377.0
28687.0 286146.0
31361.0 286046.0
32934.0 285501.0
35608.0 285495.0
36184.0 285383.0
39434.0 285268.0

20742.0 304255.0
21089.0 303990.0
21342.0 294576.0
22020.0 293405.0
22263.0 289218.0
23950.0 288350.0
24516.0 288209.0
24592.0 287641.0
24801.0 287064.0
24937.0 286733.0
25513.0 286315.0
28687.0 286146.0
28763.0 285637.0
31937.0 285044.0
36184.0 284705.0

20857.0 313363.0
21089.0 303990.0
21342.0 294576.0
22020.0 293911.0
22263.0 290527.0
23316.0 289874.0
23950.0 288350.0
24516.0 288158.0
24592.0 286959.0
24937.0 286371.0
28687.0 286146.0
28763.0 285637.0
31937.0 285044.0
36184.0 284705.0

20857.0 312415.0
21089.0 303990.0
21138.0 297548.0
21266.0 296562.0
21342.0 293844.0
21708.0 292565.0
22020.0 292098.0
22263.0 289476.0
22280.0 289281.0
23316.0 288618.0
23950.0 288350.0
24016.0 288205.0
24516.0 287580.0
25513.0 286377.0
28687.0 286146.0
31361.0 285962.0
32934.0 285501.0
35608.0 285495.0
36184.0 285383.0
39434.0 285268.0

20421.0 304131.0
20857.0 302769.0
21266.0 292950.0
21364.0 292146.0
21661.0 291501.0
21708.0 289520.0
22263.0 289020.0
23316.0 287911.0
23940.0 287901.0
23950.0 287052.0
24516.0 286941.0
24750.0 286831.0
24801.0 286321.0
24820.0 285052.0
25513.0 284083.0
27043.0 284072.0
27842.0 283948.0
27913.0 282669.0
28763.0 282482.0
34190.0 279870.0
60624.0 278495.0
63874.0 272804.0


