16816.0 41720.0
16990.0 41598.0
17516.0 41203.0
18016.0 41104.0
18092.0 40466.0
18596.0 40337.0
19912.0 40313.0
21266.0 40310.0
21342.0 40064.0
21708.0 39975.0
24516.0 39972.0
24592.0 39916.0
24820.0 39865.0
25513.0 39758.0
27894.0 39757.0
28687.0 39756.0
28763.0 39631.0
31937.0 39629.0
32013.0 39572.0
32934.0 39512.0
36108.0 39509.0
36184.0 39385.0
39358.0 39383.0
39434.0 39326.0
40355.0 39279.0
43605.0 39152.0

16023.0 43363.0
16156.0 43082.0
16571.0 41718.0
16990.0 41598.0
17095.0 41285.0
17171.0 40768.0
18092.0 40654.0
18596.0 40432.0
19912.0 40408.0
21266.0 40407.0
21342.0 40129.0
21708.0 40040.0
24592.0 39915.0
27766.0 39913.0
27842.0 39907.0
27913.0 39861.0
28687.0 39840.0
28763.0 39678.0
32013.0 39658.0
32934.0 39614.0
35263.0 39602.0
36184.0 39445.0
42608.0 39371.0

16023.0 43363.0
16156.0 43082.0
16571.0 41718.0
16990.0 41598.0
17095.0 41285.0
17171.0 40768.0
18092.0 40646.0
18545.0 40643.0
18596.0 40337.0
19912.0 40313.0
21266.0 40312.0
21342.0 40064.0
21708.0 39975.0
24592.0 39915.0
24820.0 39865.0
25513.0 39758.0
28763.0 39678.0
32013.0 39619.0
32934.0 39590.0
36184.0 39445.0
39434.0 39386.0
42608.0 39371.0
42684.0 39369.0
46855.0 39355.0

16023.0 43363.0
16156.0 42973.0
16495.0 42910.0
16571.0 41718.0
16595.0 41700.0
16956.0 41589.0
16990.0 41488.0
17095.0 41285.0
17171.0 40768.0
18092.0 40654.0
18545.0 40632.0
18596.0 40402.0
19912.0 40378.0
21266.0 40377.0
21342.0 40128.0
21708.0 40040.0
24516.0 40039.0
24592.0 39915.0
25513.0 39823.0
28687.0 39800.0
28763.0 39678.0
32013.0 39618.0
32934.0 39614.0
35263.0 39602.0
36184.0 39445.0
42608.0 39371.0

16023.0 43363.0
16156.0 43082.0
16571.0 41718.0
16990.0 41568.0
17095.0 41285.0
17171.0 40768.0
18092.0 40654.0
18545.0 40632.0
18596.0 40337.0
19912.0 40313.0
21342.0 40064.0
21708.0 39975.0
24592.0 39915.0
24820.0 39865.0
25513.0 39758.0
28763.0 39678.0
32013.0 39632.0
32934.0 39590.0
36184.0 39445.0
39434.0 39386.0
42608.0 39371.0
42684.0 39369.0

16023.0 43302.0
16156.0 43074.0
16495.0 42975.0
16571.0 41718.0
16990.0 41598.0
17095.0 41285.0
17171.0 40744.0
18092.0 40618.0
18545.0 40613.0
18596.0 40337.0
19912.0 40313.0
21266.0 40312.0
21342.0 40064.0
21708.0 39975.0
24516.0 39974.0
24592.0 39915.0
24820.0 39889.0
25513.0 39758.0
28687.0 39757.0
28763.0 39632.0
31937.0 39631.0
32934.0 39512.0
36184.0 39386.0
39358.0 39385.0
40355.0 39279.0

16023.0 43363.0
16156.0 43082.0
16571.0 41718.0
16990.0 41598.0
17095.0 41285.0
17171.0 40744.0
18092.0 40646.0
18545.0 40629.0
18596.0 40337.0
19912.0 40313.0
21266.0 40312.0
21342.0 40064.0
21708.0 39975.0
24516.0 39974.0
24592.0 39915.0
24820.0 39865.0
25513.0 39758.0
28763.0 39678.0
32013.0 39619.0
32934.0 39590.0
36184.0 39445.0
39434.0 39410.0
42608.0 39371.0
42684.0 39369.0
46855.0 39355.0

16023.0 43363.0
16156.0 43082.0
16495.0 42983.0
16515.0 41576.0
16595.0 41181.0
17095.0 41082.0
17171.0 40744.0
18092.0 40466.0
18545.0 40449.0
18596.0 40337.0
19912.0 40313.0
21342.0 40064.0
21708.0 39975.0
24592.0 39915.0
24820.0 39865.0
25513.0 39823.0
28687.0 39822.0
28763.0 39632.0
32013.0 39573.0
32934.0 39536.0
36184.0 39445.0
39434.0 39351.0

16023.0 43363.0
16156.0 43082.0
16571.0 41718.0
16990.0 41568.0
17095.0 41285.0
17171.0 40744.0
18092.0 40624.0
18545.0 40607.0
18596.0 40432.0
19912.0 40408.0
21266.0 40407.0
21342.0 40064.0
21708.0 39975.0
24592.0 39915.0
24820.0 39889.0
27913.0 39861.0
28687.0 39840.0
28763.0 39678.0
32013.0 39643.0
32934.0 39590.0
36184.0 39445.0
42608.0 39371.0
42684.0 39369.0

16023.0 43363.0
16156.0 43073.0
16495.0 43010.0
16571.0 41718.0
16595.0 41700.0
16956.0 41589.0
16990.0 41488.0
17095.0 41285.0
17171.0 40744.0
18092.0 40531.0
18545.0 40509.0
18596.0 40402.0
19912.0 40378.0
21266.0 40377.0
21342.0 40128.0
21708.0 39975.0
24592.0 39915.0
24820.0 39865.0
25513.0 39823.0
28687.0 39822.0
28763.0 39632.0
31937.0 39629.0
32013.0 39619.0
32934.0 39590.0
35608.0 39574.0
36184.0 39386.0
39358.0 39383.0
42608.0 39366.0

16023.0 43363.0
16156.0 43082.0
16515.0 41712.0
16595.0 41317.0
17095.0 41218.0
17171.0 40768.0
18092.0 40466.0
18545.0 40449.0
18596.0 40337.0
19912.0 40313.0
21266.0 40312.0
21342.0 40064.0
21708.0 39975.0
24516.0 39974.0
24592.0 39915.0
24820.0 39865.0
25513.0 39758.0
28763.0 39656.0
32013.0 39597.0
32934.0 39536.0
36184.0 39445.0
39434.0 39351.0
42608.0 39323.0
42684.0 39291.0
43605.0 39153.0
50105.0 39122.0


