19505.0 307001.0
19769.0 305916.0
19946.0 305393.0
20066.0 304604.0
20269.0 303650.0
21266.0 303576.0
21342.0 300469.0
21638.0 294429.0
21708.0 292546.0
22263.0 288638.0
25513.0 286906.0
27843.0 286878.0
27913.0 286080.0
28763.0 284837.0
30155.0 284634.0
31437.0 284235.0
32934.0 283868.0
34687.0 283545.0
35111.0 282852.0
38361.0 282361.0
43529.0 282356.0

21138.0 302867.0
21266.0 299103.0
21708.0 294783.0
22263.0 290232.0
22936.0 289928.0
23550.0 289280.0
24016.0 288690.0
24592.0 288182.0
24937.0 288085.0
25513.0 287548.0
27894.0 287536.0
28763.0 286144.0
29684.0 286128.0
31437.0 284713.0

21089.0 309382.0
21138.0 302867.0
21266.0 299103.0
21342.0 291352.0
21657.0 291241.0
21661.0 289481.0
21689.0 288752.0
21708.0 287482.0
22263.0 286935.0
23931.0 286693.0
24651.0 286664.0
25513.0 286123.0
28763.0 285940.0
31437.0 284713.0

21138.0 302867.0
21266.0 299103.0
21342.0 297271.0
21661.0 295989.0
21689.0 295988.0
21708.0 292631.0
22263.0 289860.0
23550.0 288437.0
24016.0 288308.0
24237.0 288273.0
24440.0 287883.0
24820.0 287099.0
25437.0 286568.0
25513.0 285853.0
27766.0 285468.0
31437.0 284713.0

21108.0 302845.0
21266.0 298369.0
21342.0 291352.0
21638.0 291024.0
21661.0 289481.0
21689.0 288752.0
21708.0 287482.0
22495.0 287461.0
23350.0 287401.0
24592.0 287045.0
24651.0 286664.0
25513.0 286123.0
28763.0 285653.0
31437.0 284713.0

20742.0 310273.0
21138.0 302867.0
21266.0 299103.0
21689.0 295988.0
21708.0 292899.0
22263.0 289266.0
23950.0 288461.0
24016.0 288397.0
24440.0 288234.0
24592.0 288182.0
24937.0 288085.0
25513.0 287548.0
27894.0 287536.0
28187.0 287139.0
28763.0 285986.0
31437.0 284657.0

20766.0 300474.0
21266.0 295633.0
21708.0 293710.0
22263.0 290232.0
22936.0 289928.0
23550.0 289280.0
24016.0 288690.0
24592.0 288182.0
24937.0 288085.0
25513.0 287548.0
27894.0 287536.0
28763.0 286144.0
29684.0 286128.0
31437.0 284713.0

21138.0 302867.0
21266.0 299103.0
21708.0 293557.0
22263.0 289257.0
22461.0 288980.0
23350.0 288680.0
24516.0 288531.0
24592.0 287367.0
24820.0 287315.0
25513.0 285960.0
27842.0 285858.0
27843.0 285667.0
31437.0 284713.0

20766.0 299942.0
21266.0 295316.0
21708.0 293710.0
22263.0 290232.0
22936.0 289928.0
23550.0 289280.0
24016.0 288690.0
24592.0 288182.0
24937.0 288085.0
25513.0 287548.0
27894.0 287536.0
28763.0 286144.0
29684.0 286128.0
31437.0 284713.0

20742.0 310273.0
21138.0 302867.0
21266.0 299103.0
21342.0 292389.0
22263.0 288928.0
23350.0 288922.0
23950.0 288461.0
24016.0 288397.0
24516.0 286887.0
25513.0 286550.0
28687.0 286397.0
28763.0 285986.0
31437.0 284713.0

21138.0 297644.0
21638.0 291784.0
21657.0 290304.0
21708.0 286117.0
24782.0 284623.0
25513.0 281875.0
27894.0 281066.0
32934.0 280545.0
34190.0 279725.0
49032.0 278128.0


