21708.0 442162.0
22461.0 441291.0
23653.0 439488.0
23788.0 426925.0
24128.0 423509.0
24592.0 422774.0
24801.0 422333.0
24937.0 421961.0
25437.0 420834.0
25513.0 417006.0
27173.0 416968.0
27190.0 416855.0
27587.0 416760.0
27843.0 414918.0
28441.0 414454.0
28763.0 413977.0
29684.0 411921.0
31413.0 410926.0
33997.0 410507.0
34687.0 409805.0
34908.0 409635.0
36184.0 408579.0

22263.0 433751.0
22495.0 430842.0
23240.0 426538.0
23350.0 423723.0
24592.0 421637.0
24801.0 419428.0
24976.0 419231.0
25437.0 419034.0
25513.0 414953.0
28763.0 414536.0
32013.0 414422.0

21821.0 450443.0
22263.0 433751.0
22461.0 429467.0
23240.0 426538.0
23350.0 423723.0
24592.0 421457.0
24801.0 419428.0
24976.0 419231.0
25437.0 419034.0
25513.0 412868.0
32013.0 412547.0
32934.0 412362.0
40355.0 409962.0

21364.0 436964.0
22263.0 429278.0
22299.0 423895.0
22936.0 423769.0
23350.0 423723.0
24016.0 421778.0
24516.0 420462.0
24592.0 418211.0
24820.0 416935.0
25513.0 412868.0
32013.0 412547.0
32934.0 412362.0
40355.0 409962.0

21821.0 450443.0
22263.0 425848.0
23350.0 423723.0
24592.0 420317.0
24750.0 419269.0
24937.0 417470.0
25513.0 412868.0
32013.0 412547.0
32934.0 412343.0
36184.0 411854.0
40355.0 409962.0

21661.0 449667.0
22263.0 425848.0
23350.0 423723.0
23950.0 422652.0
24128.0 422219.0
24592.0 420317.0
24651.0 418782.0
25010.0 418697.0
25437.0 418266.0
25513.0 414953.0
28763.0 414253.0
30955.0 414161.0
31437.0 413098.0
40279.0 412802.0

22263.0 433751.0
22495.0 430842.0
23240.0 426538.0
23350.0 423723.0
24592.0 421637.0
24801.0 419428.0
24976.0 419231.0
25437.0 419034.0
25513.0 414953.0
28763.0 413817.0
29684.0 413417.0
30955.0 412992.0

22263.0 433751.0
22495.0 430842.0
23240.0 426538.0
23350.0 423093.0
24592.0 421584.0
24801.0 419428.0
24976.0 419231.0
25437.0 419034.0
25513.0 414953.0
28763.0 414536.0
32013.0 413709.0
32934.0 412771.0
35608.0 412149.0
36108.0 412122.0

22263.0 433751.0
22495.0 430842.0
23240.0 426538.0
23350.0 423093.0
24592.0 421637.0
24801.0 419428.0
24976.0 419231.0
25437.0 419034.0
25513.0 414953.0
28763.0 413817.0
29684.0 413417.0
30955.0 412992.0

22263.0 433751.0
22495.0 430842.0
23240.0 426538.0
23350.0 423093.0
24592.0 421637.0
24801.0 419428.0
24976.0 419231.0
25437.0 419034.0
25513.0 414953.0
28763.0 414536.0
32013.0 414422.0

21689.0 424258.0
21708.0 416885.0
22263.0 409031.0
27913.0 408703.0
28763.0 401649.0
31861.0 399957.0
34190.0 399864.0
35187.0 398444.0


