18092.0 81282.0
18545.0 81260.0
18596.0 80884.0
19912.0 80860.0
21266.0 80857.0
21342.0 80704.0
21708.0 80197.0
24592.0 80161.0
24801.0 80160.0
25513.0 79925.0
27894.0 79728.0
28763.0 79377.0
31937.0 79350.0
32934.0 79139.0
36184.0 79128.0

17279.0 86294.0
17726.0 85581.0
18016.0 85010.0
18092.0 81631.0
18545.0 81303.0
18596.0 81071.0
19912.0 81031.0
21266.0 81028.0
21342.0 80529.0
24801.0 80464.0
25513.0 79997.0
28687.0 79945.0
28763.0 79720.0
32013.0 79684.0

17279.0 86294.0
17726.0 85581.0
18016.0 85010.0
18092.0 81631.0
18545.0 81303.0
18596.0 81071.0
19912.0 81031.0
21266.0 81028.0
21342.0 80529.0
21708.0 80317.0
24592.0 80281.0
25513.0 79997.0
28687.0 79945.0
28763.0 79720.0
32013.0 79684.0
36184.0 79663.0

16956.0 86774.0
17171.0 85726.0
17726.0 85581.0
18016.0 85010.0
18092.0 81387.0
18545.0 81185.0
18596.0 81071.0
19912.0 81031.0
21266.0 81013.0
21342.0 80529.0
21708.0 80317.0
24592.0 80281.0
25513.0 79997.0
28687.0 79945.0
28763.0 79720.0
32013.0 79684.0
32934.0 79599.0

17279.0 86294.0
17726.0 85581.0
18016.0 85010.0
18092.0 81404.0
18545.0 81303.0
18596.0 80755.0
21342.0 80529.0
21708.0 80317.0
24801.0 80259.0
25513.0 79997.0
28687.0 79945.0
28763.0 79720.0
32013.0 79684.0
36184.0 79663.0

16956.0 86774.0
17171.0 84594.0
17516.0 84302.0
18092.0 81387.0
18545.0 81303.0
18596.0 81071.0
19912.0 80943.0
21342.0 80529.0
21708.0 80317.0
25513.0 79997.0
28687.0 79945.0
28763.0 79720.0
32013.0 79684.0
36184.0 79663.0

17279.0 86294.0
17726.0 85581.0
18016.0 85010.0
18092.0 81631.0
18545.0 81303.0
18596.0 81071.0
19912.0 81031.0
21266.0 81028.0
21342.0 80529.0
21708.0 80317.0
24592.0 80281.0
25513.0 79997.0
28687.0 79945.0
28763.0 79720.0
32013.0 79684.0
36184.0 79663.0

17279.0 86294.0
17726.0 85581.0
18016.0 84429.0
18092.0 81615.0
18494.0 81517.0
18545.0 81163.0
18596.0 80755.0
21266.0 80730.0
21342.0 80500.0
21708.0 80317.0
24592.0 80281.0
24801.0 80109.0
25513.0 79785.0
28763.0 79720.0
32013.0 79684.0
36184.0 79663.0
39434.0 79430.0

17279.0 86231.0
17726.0 85581.0
18016.0 85010.0
18092.0 81404.0
18545.0 81303.0
18596.0 80755.0
21266.0 80730.0
21342.0 80529.0
21708.0 80317.0
24592.0 80281.0
24801.0 80258.0
25513.0 79779.0
28687.0 79773.0
28763.0 79705.0
32013.0 79684.0
36108.0 79646.0

16956.0 86774.0
17171.0 85726.0
17492.0 84724.0
17516.0 84492.0
18016.0 84429.0
18092.0 81456.0
18545.0 81303.0
18596.0 81071.0
19912.0 80943.0
21342.0 80529.0
21708.0 80317.0
24592.0 80281.0
25513.0 79997.0
28687.0 79945.0
28763.0 79720.0
32013.0 79684.0
36184.0 79663.0

16595.0 91241.0
17171.0 83165.0
18092.0 81539.0
18545.0 81303.0
18596.0 81071.0
19912.0 80943.0
21342.0 80529.0
21708.0 80317.0
24592.0 80281.0
25513.0 79608.0
28763.0 79540.0
46855.0 79174.0


