21108.0 256968.0
21342.0 247375.0
21708.0 247036.0
22263.0 246987.0
23950.0 246048.0
24801.0 245985.0
25513.0 242246.0
28763.0 241810.0
30104.0 241717.0
32934.0 241319.0
35608.0 241117.0
36184.0 240947.0
43605.0 240886.0
51026.0 240876.0

20457.0 272420.0
20766.0 256153.0
20838.0 252977.0
21342.0 246771.0
21689.0 245314.0
24516.0 245041.0
25513.0 244211.0
27792.0 244102.0
28763.0 243480.0
29684.0 243248.0
31937.0 243234.0
32858.0 242923.0
32934.0 242792.0
39358.0 242535.0

20457.0 272420.0
20766.0 256153.0
20838.0 252733.0
21266.0 250468.0
21342.0 246771.0
21689.0 245314.0
22263.0 244569.0
24516.0 244127.0
25437.0 243855.0
27843.0 243804.0
28763.0 243158.0
29684.0 242329.0
39358.0 241987.0

19471.0 273750.0
20190.0 270126.0
20742.0 262410.0
20766.0 256153.0
20827.0 255024.0
20838.0 252733.0
21266.0 248372.0
21342.0 245993.0
21689.0 245314.0
22263.0 244569.0
24516.0 244127.0
25437.0 243855.0
27843.0 243804.0
28763.0 243158.0
29684.0 242329.0
35187.0 242262.0
39358.0 241717.0

20457.0 272420.0
20766.0 256153.0
20838.0 252733.0
21266.0 250468.0
21342.0 246771.0
21689.0 245314.0
22263.0 244569.0
24516.0 244127.0
25437.0 243855.0
27843.0 243804.0
28763.0 243158.0
29684.0 242329.0
39358.0 241987.0

19471.0 275913.0
20190.0 270126.0
20742.0 268641.0
20766.0 255531.0
20838.0 252733.0
21266.0 250468.0
21342.0 245462.0
21689.0 245166.0
24016.0 245018.0
24516.0 244882.0
24592.0 244523.0
25513.0 244211.0
27792.0 244102.0
28687.0 243150.0
32858.0 242923.0
32934.0 242792.0
39358.0 242535.0

20457.0 272420.0
20766.0 256153.0
20838.0 252733.0
21342.0 246771.0
21689.0 245314.0
24016.0 245166.0
24516.0 244313.0
25513.0 244211.0
27792.0 244102.0
28763.0 243480.0
29684.0 242771.0
39358.0 242535.0

20457.0 272420.0
20766.0 256153.0
20838.0 252733.0
21342.0 246771.0
21689.0 245314.0
24016.0 245166.0
24516.0 244313.0
24801.0 244013.0
25513.0 243949.0
27894.0 243912.0
28763.0 242954.0
29684.0 241702.0

20457.0 272420.0
20766.0 256153.0
20838.0 252733.0
21342.0 246771.0
21638.0 245869.0
21689.0 245314.0
24016.0 245166.0
24516.0 244313.0
25513.0 244211.0
27792.0 244102.0
28763.0 243480.0
29684.0 242771.0
39358.0 242535.0

20457.0 272420.0
20742.0 255890.0
20838.0 252733.0
21342.0 245503.0
21689.0 245314.0
24016.0 245166.0
24516.0 244313.0
25513.0 244211.0
27792.0 244102.0
27894.0 244047.0
28687.0 243455.0
28763.0 242614.0
31937.0 242057.0
36184.0 242004.0

20457.0 272420.0
20766.0 256153.0
20838.0 252977.0
21342.0 246322.0
21689.0 245074.0
21708.0 244134.0
24750.0 244129.0
24801.0 243929.0
25513.0 243745.0
27690.0 243063.0
28687.0 243027.0
28763.0 242217.0
30940.0 239918.0
31861.0 239722.0
32013.0 239660.0
32934.0 238456.0
34190.0 238290.0
41611.0 238212.0


