20857.0 310290.0
20961.0 309337.0
21708.0 300725.0
22263.0 297624.0
23095.0 296203.0
23653.0 293583.0
24201.0 292600.0
24237.0 292076.0
25513.0 292036.0
28763.0 291077.0
31006.0 290865.0
31658.0 290128.0
36108.0 289609.0

21342.0 314459.0
21708.0 302646.0
22102.0 302009.0
22263.0 300965.0
22427.0 300677.0
22495.0 294766.0
24237.0 294305.0
24516.0 293206.0
25513.0 292559.0
27487.0 292411.0
28763.0 291994.0
32934.0 291721.0
34308.0 291189.0

21342.0 314459.0
21708.0 302646.0
22102.0 302009.0
22263.0 300965.0
22427.0 300677.0
22495.0 294766.0
24237.0 294305.0
24516.0 293206.0
24976.0 292693.0
25513.0 291646.0
28763.0 290880.0
32934.0 290346.0

21342.0 306051.0
21708.0 295380.0
22263.0 293865.0
23931.0 292294.0
24237.0 291390.0
25513.0 288017.0
34908.0 287790.0

20345.0 303752.0
21342.0 296764.0
21661.0 296381.0
21708.0 293887.0
24516.0 293153.0
24801.0 292968.0
25513.0 292493.0
26807.0 291981.0
28687.0 291565.0
28763.0 289468.0
31006.0 288727.0

21108.0 315511.0
21342.0 305490.0
21708.0 295319.0
22495.0 294473.0
24016.0 294145.0
24516.0 293206.0
25451.0 293046.0
25513.0 291862.0
28687.0 291855.0
31437.0 291551.0
32934.0 289797.0
34908.0 288776.0

21342.0 314459.0
21708.0 302646.0
22102.0 302009.0
22263.0 300965.0
22427.0 300677.0
22495.0 294766.0
24237.0 294305.0
24516.0 293206.0
25513.0 292559.0
27487.0 292411.0
28763.0 291994.0
32934.0 291469.0
34308.0 291189.0

21342.0 300120.0
21708.0 296789.0
22495.0 294766.0
24237.0 294117.0
24516.0 293206.0
25513.0 292559.0
27242.0 292516.0
27487.0 291205.0
32934.0 290213.0

21342.0 305401.0
21689.0 305278.0
21708.0 302646.0
22020.0 301372.0
22263.0 299679.0
22495.0 294766.0
23931.0 294562.0
24176.0 293990.0
24310.0 292990.0
24750.0 289571.0
25417.0 289530.0
28763.0 288349.0

21342.0 314459.0
21661.0 307684.0
21708.0 302646.0
22102.0 300288.0
22263.0 298152.0
22495.0 294766.0
24016.0 293634.0
24237.0 292510.0
24516.0 292337.0
25513.0 292221.0
27487.0 292111.0
28763.0 291994.0
31437.0 291869.0
32934.0 290744.0

21342.0 313737.0
21657.0 299063.0
22461.0 297013.0
22495.0 294766.0
24237.0 294185.0
24516.0 293206.0
24801.0 286524.0
31025.0 281730.0
32013.0 279813.0
32934.0 279660.0
41611.0 278103.0
49032.0 277075.0
63874.0 272804.0


