20857.0 350045.0
21342.0 348549.0
21661.0 347885.0
22461.0 345931.0
23350.0 345759.0
24801.0 344911.0
24820.0 344826.0
24913.0 343815.0
25010.0 343278.0
25451.0 342816.0
25513.0 337743.0
27043.0 335949.0
27062.0 335884.0
27766.0 335722.0
27894.0 334322.0
28187.0 331802.0
28763.0 329493.0
31437.0 329356.0
36184.0 328922.0

21821.0 348996.0
22263.0 345594.0
22740.0 344202.0
23316.0 341315.0
23992.0 340022.0
24592.0 338494.0
25513.0 337372.0
27487.0 336996.0
28687.0 336199.0

21821.0 348632.0
22263.0 342166.0
22988.0 341940.0
23316.0 339698.0
24592.0 338494.0
24801.0 337983.0
25010.0 337438.0
25513.0 336038.0
30161.0 335866.0
31006.0 335335.0

21821.0 344538.0
22263.0 338836.0
22988.0 338017.0
24592.0 337941.0
24699.0 337887.0
24750.0 336088.0
25513.0 335968.0
25966.0 335462.0
28763.0 334348.0
30161.0 334003.0
32013.0 332827.0

21708.0 340264.0
21819.0 340146.0
21821.0 337869.0
22263.0 337729.0
22495.0 337024.0
25513.0 336175.0
26643.0 335656.0
27792.0 334454.0
28763.0 332734.0
31437.0 331967.0
31937.0 330576.0

21821.0 344538.0
22263.0 338653.0
22988.0 337146.0
24516.0 337112.0
24750.0 336088.0
25513.0 335861.0
27166.0 335804.0
28763.0 334595.0
30737.0 334056.0
32013.0 332827.0

21821.0 348996.0
22263.0 345594.0
22740.0 344202.0
23316.0 341315.0
23992.0 340022.0
24592.0 338494.0
25513.0 337372.0
27487.0 336996.0
28687.0 336199.0

21661.0 350602.0
21689.0 346203.0
22263.0 345594.0
22740.0 344202.0
23316.0 341315.0
23992.0 339818.0
24150.0 339391.0
24592.0 338494.0
25513.0 337372.0
27487.0 336996.0
27525.0 336543.0
28687.0 336199.0
28763.0 334612.0

21821.0 348996.0
22263.0 345594.0
22740.0 344202.0
23316.0 341315.0
23992.0 340022.0
24592.0 338494.0
25513.0 337372.0
27487.0 336996.0
28687.0 336199.0

21821.0 346902.0
22263.0 345594.0
22740.0 344202.0
23316.0 341276.0
23992.0 339818.0
24592.0 338494.0
25513.0 337287.0
27487.0 336996.0
27525.0 336543.0
28687.0 336199.0
33978.0 335167.0

21708.0 351200.0
21795.0 349024.0
21821.0 348996.0
22020.0 343469.0
22116.0 342997.0
22263.0 329500.0
24801.0 325982.0
24820.0 324478.0
28687.0 322086.0
28763.0 321468.0
30940.0 320714.0
30987.0 320665.0
31861.0 320106.0
35111.0 319437.0
49032.0 316683.0


