18615.0 208192.0
20269.0 208184.0
20345.0 208008.0
21342.0 206935.0
21661.0 206890.0
21708.0 205092.0
22263.0 204777.0
23950.0 203944.0
24750.0 203926.0
24801.0 203261.0
24937.0 203211.0
25513.0 202083.0
27062.0 201711.0
28763.0 199723.0
32013.0 199622.0
32934.0 199469.0
36184.0 198880.0
39358.0 198877.0
40355.0 198818.0
43605.0 198650.0

18856.0 216193.0
19505.0 214294.0
19980.0 214116.0
20066.0 210639.0
20457.0 209391.0
20766.0 208803.0
21342.0 206427.0
21638.0 206116.0
21708.0 205094.0
23880.0 204900.0
24016.0 204817.0
24516.0 204265.0
25513.0 203393.0
28187.0 203350.0
28763.0 203245.0
32934.0 202785.0
36184.0 202615.0

18856.0 216193.0
18922.0 215247.0
19505.0 212726.0
20066.0 210639.0
20457.0 209391.0
20766.0 208803.0
21342.0 205700.0
21708.0 203939.0
24516.0 203863.0
25513.0 203393.0
27913.0 203389.0
28187.0 203291.0
28687.0 202996.0
28763.0 201668.0

18856.0 216193.0
18922.0 215211.0
19112.0 213486.0
19505.0 212005.0
20066.0 210639.0
20457.0 209391.0
20766.0 208803.0
20838.0 208684.0
21342.0 205939.0
21587.0 205845.0
21708.0 204210.0
24516.0 204050.0
24801.0 203584.0
25513.0 203393.0
27487.0 203348.0
28187.0 202779.0
28763.0 201513.0
36184.0 201422.0
43605.0 201020.0

18856.0 216193.0
18922.0 215247.0
19505.0 212726.0
20066.0 210639.0
20457.0 209391.0
20766.0 208803.0
21342.0 205478.0
21708.0 204107.0
24016.0 204092.0
25513.0 203393.0
27487.0 203348.0
28187.0 202779.0
28763.0 201877.0
31437.0 201729.0

18615.0 216239.0
18856.0 216193.0
19112.0 210947.0
19505.0 210312.0
20066.0 210180.0
20457.0 209391.0
20766.0 208803.0
21342.0 204335.0
21708.0 204043.0
22263.0 203594.0
24516.0 203259.0
24750.0 203208.0
25513.0 202793.0
28763.0 202304.0
31937.0 202185.0
32934.0 201763.0
35608.0 201521.0
36184.0 201392.0
38858.0 200483.0

18856.0 214123.0
19471.0 210058.0
20457.0 209391.0
20666.0 208386.0
21342.0 206427.0
21638.0 205706.0
21708.0 204316.0
24516.0 203799.0
24680.0 203395.0
24820.0 203334.0
25513.0 203065.0
28687.0 202961.0
28763.0 202183.0
31937.0 201905.0
36184.0 201383.0

18856.0 216193.0
18922.0 210705.0
20066.0 210507.0
20457.0 209391.0
20766.0 208803.0
21266.0 207764.0
21342.0 204063.0
21708.0 203770.0
23931.0 203694.0
24592.0 203441.0
24680.0 203395.0
24820.0 203334.0
25513.0 203155.0
28687.0 202944.0
28763.0 202183.0
31437.0 202174.0
31937.0 202170.0
32013.0 202134.0
32358.0 202050.0
32934.0 201914.0
35608.0 201655.0
36184.0 201383.0

18856.0 216193.0
18922.0 215247.0
19505.0 214294.0
19980.0 214116.0
20066.0 210639.0
20457.0 209391.0
20766.0 208803.0
21342.0 206427.0
21638.0 205827.0
21708.0 204316.0
24516.0 204052.0
24592.0 203815.0
24680.0 203395.0
24820.0 203334.0
25513.0 203155.0
28687.0 202961.0
28763.0 202183.0
31937.0 201905.0
36184.0 201383.0

18615.0 216239.0
18856.0 216193.0
19146.0 214338.0
19505.0 208997.0
20066.0 208907.0
20368.0 207456.0
20421.0 207292.0
21342.0 204335.0
22263.0 204221.0
23550.0 204106.0
24516.0 204070.0
24592.0 204034.0
24801.0 203953.0
24820.0 203857.0
25513.0 202697.0
28687.0 202285.0
28763.0 202181.0
30737.0 202157.0
31006.0 201526.0
32013.0 200830.0

18615.0 209527.0
18856.0 207171.0
19946.0 206550.0
20345.0 206376.0
20838.0 206322.0
21266.0 204400.0
21708.0 203797.0
22263.0 203391.0
23595.0 203383.0
23940.0 203348.0
24440.0 202916.0
24516.0 202812.0
24782.0 202381.0
26769.0 201384.0
27894.0 200487.0
28763.0 199334.0
32934.0 198625.0
36184.0 198624.0


