18596.0 207230.0
18671.0 206499.0
18922.0 206401.0
19247.0 205998.0
19505.0 205559.0
19912.0 205290.0
20838.0 205260.0
21266.0 204660.0
21342.0 204566.0
21689.0 203228.0
21708.0 202931.0
22263.0 202420.0
23880.0 202419.0
24516.0 202213.0
24820.0 201858.0
25513.0 201377.0
27766.0 201340.0
28763.0 200799.0
29684.0 200386.0
31937.0 200306.0
35187.0 200167.0
35263.0 199885.0
36184.0 199256.0
39434.0 199197.0
42684.0 198934.0
51026.0 198852.0

19946.0 213336.0
20066.0 208279.0
20766.0 207276.0
20838.0 206655.0
21342.0 205471.0
21689.0 205452.0
21708.0 204655.0
22263.0 203933.0
23931.0 203921.0
23950.0 203788.0
24516.0 203537.0
24731.0 203277.0
25513.0 201810.0
28763.0 201698.0
32934.0 201545.0

19946.0 212896.0
20066.0 208279.0
20766.0 207276.0
20838.0 206655.0
21342.0 205471.0
21689.0 205452.0
21708.0 204655.0
22263.0 203926.0
22495.0 203840.0
23931.0 203657.0
24516.0 203537.0
24731.0 203277.0
25513.0 201810.0
28763.0 201410.0
29684.0 201329.0
32934.0 201094.0

18615.0 215436.0
19313.0 211731.0
20066.0 208279.0
20766.0 207276.0
20838.0 206655.0
21342.0 205471.0
21689.0 205452.0
21708.0 204652.0
22263.0 203581.0
23950.0 203579.0
24516.0 203457.0
24731.0 203146.0
25513.0 201643.0
28763.0 201619.0
32934.0 201508.0
36184.0 201497.0

19112.0 218167.0
19505.0 207855.0
20766.0 207276.0
20838.0 206655.0
21342.0 205471.0
21689.0 205452.0
21708.0 204655.0
22263.0 203486.0
24516.0 203457.0
24731.0 203277.0
25513.0 201810.0
28763.0 201627.0
29684.0 201329.0
32934.0 201094.0

18623.0 212027.0
18805.0 210823.0
18856.0 210530.0
19505.0 209732.0
19946.0 208297.0
20066.0 207578.0
20766.0 207276.0
20838.0 206655.0
21342.0 205471.0
21689.0 205452.0
21708.0 204435.0
22263.0 203248.0
23880.0 203159.0
25513.0 201601.0
29684.0 201329.0
32934.0 201032.0

19946.0 212896.0
20066.0 208279.0
20766.0 207276.0
20838.0 206655.0
21342.0 205471.0
21689.0 205452.0
21708.0 204435.0
22263.0 203821.0
23931.0 203714.0
24516.0 203457.0
24731.0 203277.0
25513.0 201643.0
28763.0 201619.0
32934.0 201508.0
36184.0 201497.0

19946.0 212896.0
20066.0 207998.0
20766.0 207276.0
20838.0 206655.0
21342.0 205471.0
21689.0 205452.0
21708.0 204435.0
22263.0 203281.0
24731.0 202940.0
25513.0 201643.0
28763.0 201619.0
29684.0 201504.0
36184.0 201497.0

19946.0 212896.0
20066.0 208279.0
20766.0 207276.0
20838.0 206655.0
21342.0 205471.0
21689.0 205452.0
21708.0 204435.0
22263.0 203821.0
23931.0 203714.0
24516.0 203457.0
24731.0 203277.0
25513.0 201643.0
28763.0 201619.0
32934.0 201508.0
36184.0 201497.0

19946.0 212896.0
20066.0 208279.0
20766.0 207276.0
20838.0 206655.0
21342.0 205014.0
21708.0 204435.0
22263.0 203712.0
24516.0 203537.0
24731.0 203277.0
24801.0 202928.0
24937.0 202724.0
25513.0 201643.0
28763.0 201619.0
32934.0 201508.0
36184.0 201497.0

19471.0 209715.0
19946.0 206946.0
20766.0 205957.0
21342.0 205276.0
21708.0 203534.0
22263.0 202352.0
24750.0 202337.0
24801.0 202240.0
25513.0 200690.0
28763.0 199315.0


