18092.0 123584.0
18494.0 123522.0
18596.0 122980.0
18615.0 121909.0
19912.0 121869.0
21266.0 121866.0
21342.0 120561.0
21708.0 120439.0
24016.0 120431.0
24516.0 120327.0
24750.0 120206.0
25513.0 120127.0
27842.0 120109.0
28687.0 120108.0
28763.0 119547.0
31937.0 119350.0
32013.0 119349.0
32934.0 119244.0
36184.0 118955.0

18092.0 124914.0
18526.0 124524.0
18545.0 122801.0
18596.0 122067.0
19112.0 122004.0
19505.0 121850.0
21266.0 121807.0
21342.0 121379.0
21657.0 121365.0
21708.0 121076.0
24750.0 121008.0
24801.0 120670.0
25513.0 120648.0
28687.0 120433.0
28763.0 120028.0
32934.0 120027.0
36184.0 119782.0

18092.0 124914.0
18526.0 124524.0
18545.0 122801.0
18596.0 122067.0
19112.0 122004.0
19505.0 121850.0
21266.0 121807.0
21342.0 121320.0
21708.0 120895.0
24801.0 120670.0
25513.0 120470.0
27792.0 120356.0
28763.0 119852.0
35263.0 119721.0

18092.0 123966.0
18312.0 123549.0
18545.0 122801.0
18596.0 121921.0
19112.0 121886.0
19505.0 121850.0
19912.0 121816.0
21266.0 121807.0
21342.0 121114.0
21708.0 120952.0
24516.0 120766.0
24801.0 120666.0
25513.0 120451.0
28687.0 120433.0
28763.0 120028.0
32013.0 119707.0
35263.0 119385.0
39434.0 119361.0

18092.0 124914.0
18526.0 124524.0
18545.0 122801.0
18596.0 121381.0
19912.0 121317.0
21266.0 121314.0
21342.0 120949.0
21708.0 120538.0
24516.0 120501.0
24592.0 120335.0
25513.0 120027.0
28763.0 119737.0
32013.0 119681.0
32934.0 119594.0
35263.0 119566.0
36184.0 119556.0
40355.0 119431.0

18092.0 124914.0
18526.0 124524.0
18545.0 122801.0
18596.0 121895.0
19505.0 121850.0
21266.0 121737.0
21342.0 121379.0
21657.0 121365.0
21689.0 121364.0
21708.0 121076.0
24516.0 121010.0
24750.0 121008.0
24801.0 120670.0
25513.0 120451.0
27043.0 120285.0
28763.0 120028.0
32934.0 119830.0
35263.0 119721.0
43605.0 119467.0

18092.0 124914.0
18526.0 124524.0
18545.0 122801.0
18596.0 122067.0
19112.0 122004.0
19505.0 121850.0
21266.0 121807.0
21342.0 121379.0
21657.0 121365.0
21708.0 121076.0
24516.0 121073.0
24750.0 121008.0
24801.0 120670.0
25513.0 120648.0
27913.0 120386.0
28763.0 120028.0
32013.0 120026.0
35263.0 119721.0

18092.0 124833.0
18526.0 124524.0
18545.0 122239.0
18596.0 121545.0
19912.0 121505.0
21266.0 121502.0
21342.0 121016.0
21708.0 120671.0
24516.0 120481.0
24592.0 120328.0
24750.0 120116.0
24820.0 120014.0
28763.0 119885.0
32013.0 119650.0
35263.0 119440.0
39434.0 119343.0
42684.0 119335.0

18092.0 124914.0
18526.0 124524.0
18545.0 122801.0
18596.0 121529.0
19112.0 121489.0
19912.0 121411.0
21266.0 121394.0
21342.0 121051.0
21587.0 120988.0
21708.0 120907.0
24592.0 120454.0
25513.0 120032.0
27913.0 119981.0
28763.0 119792.0
31937.0 119721.0
32934.0 119533.0
36184.0 119474.0

18092.0 124914.0
18494.0 123363.0
18545.0 122801.0
18596.0 122067.0
19112.0 122004.0
19505.0 121850.0
21266.0 121807.0
21342.0 121266.0
21708.0 120706.0
24592.0 120692.0
24801.0 120614.0
25513.0 120310.0
28687.0 120291.0
28763.0 119900.0
32013.0 119808.0
32934.0 119689.0
35263.0 119521.0

18092.0 123397.0
18545.0 122198.0
18596.0 121997.0
18615.0 121543.0
19912.0 121519.0
20345.0 121405.0
21342.0 121052.0
21708.0 120603.0
24516.0 120601.0
24592.0 120179.0
24801.0 119984.0
25513.0 119945.0
28763.0 118960.0
36184.0 118477.0
38361.0 118351.0
41611.0 118281.0
43605.0 118086.0


