21342.0 394079.0
21661.0 393553.0
21689.0 393487.0
21755.0 392597.0
22263.0 381481.0
22461.0 380426.0
22495.0 378211.0
22936.0 377442.0
23940.0 377261.0
24237.0 375243.0
24750.0 373822.0
25513.0 372900.0
26662.0 371498.0
28687.0 370610.0
28763.0 370406.0
29684.0 369950.0
31937.0 369045.0
32013.0 368638.0
34908.0 368541.0
36184.0 368016.0
42608.0 367701.0

21689.0 396449.0
21708.0 377771.0
22988.0 377438.0
23316.0 376569.0
24516.0 376295.0
24937.0 375807.0
25513.0 374483.0
27641.0 373556.0
27894.0 372458.0
28187.0 371161.0
28763.0 370403.0
31361.0 370239.0
32934.0 368657.0

21613.0 398099.0
21638.0 390238.0
21708.0 377771.0
22988.0 377438.0
23316.0 376569.0
24516.0 374245.0
24592.0 372485.0
24820.0 372210.0
25513.0 370975.0
28763.0 370332.0
31361.0 370239.0
31937.0 369453.0
32934.0 368657.0

21638.0 389835.0
21708.0 377771.0
22263.0 377757.0
22988.0 377438.0
23316.0 376569.0
24237.0 376009.0
24820.0 375904.0
24937.0 375807.0
25513.0 371996.0
28111.0 371715.0
28187.0 370892.0
28763.0 370198.0
32013.0 370044.0
32934.0 368657.0
35263.0 367345.0
38437.0 367339.0
39434.0 366135.0

21342.0 383572.0
21657.0 382044.0
21708.0 376455.0
22263.0 376150.0
22495.0 375861.0
23316.0 375481.0
24016.0 375283.0
24094.0 374232.0
24237.0 374092.0
25513.0 371350.0
27190.0 371286.0
28187.0 371161.0
28687.0 371035.0
28763.0 370332.0
31361.0 370239.0
32934.0 368657.0

21266.0 386361.0
21708.0 377771.0
22263.0 376150.0
24237.0 375480.0
24263.0 375205.0
24516.0 373958.0
24801.0 372550.0
25513.0 371308.0
27843.0 370314.0
31361.0 370239.0
31937.0 369699.0
32934.0 368657.0

21638.0 390238.0
21708.0 377771.0
22988.0 377438.0
23316.0 376569.0
24516.0 376295.0
24937.0 375807.0
25513.0 374483.0
27487.0 373998.0
27641.0 373556.0
27894.0 372458.0
28187.0 371161.0
28763.0 370403.0
31361.0 370239.0
32934.0 368657.0

21638.0 390238.0
21708.0 377771.0
22988.0 377438.0
23316.0 375926.0
24750.0 374781.0
25437.0 373797.0
25513.0 369947.0
32013.0 369690.0
32934.0 368312.0

21364.0 389324.0
21657.0 382044.0
21708.0 377771.0
22263.0 377343.0
22936.0 376268.0
23316.0 375891.0
24016.0 374111.0
24937.0 374104.0
25513.0 372515.0
27894.0 372458.0
28163.0 370973.0
28763.0 370332.0
31361.0 370239.0
31937.0 369172.0
32934.0 368657.0

21638.0 390238.0
21708.0 377771.0
22988.0 377438.0
23316.0 376569.0
24237.0 376466.0
24516.0 375701.0
24801.0 375517.0
24820.0 374516.0
25513.0 372869.0
27894.0 372458.0
28187.0 371161.0
28763.0 370184.0
32934.0 368509.0

21342.0 379340.0
21689.0 376972.0
21708.0 367558.0
24801.0 365564.0
25513.0 362097.0
30940.0 361160.0
31861.0 361108.0
34190.0 358650.0


