18596.0 180387.0
18615.0 163576.0
19313.0 163367.0
20766.0 163359.0
21266.0 163253.0
21342.0 161937.0
21638.0 161754.0
21708.0 161414.0
23950.0 161363.0
24516.0 161338.0
24592.0 161046.0
24801.0 160970.0
25513.0 160791.0
27773.0 160735.0
28763.0 160191.0
31437.0 160044.0
32013.0 159911.0
35608.0 159629.0
36184.0 159373.0
39779.0 159356.0
42684.0 159161.0

18545.0 182701.0
18615.0 164796.0
18671.0 163957.0
19471.0 163329.0
21266.0 163157.0
21342.0 162429.0
21708.0 161909.0
24801.0 161835.0
25513.0 161518.0
28687.0 161455.0
28763.0 161139.0
35263.0 160875.0
40355.0 160762.0

18545.0 182701.0
18615.0 164796.0
18671.0 163898.0
19471.0 163329.0
20766.0 163270.0
21266.0 163157.0
21342.0 162429.0
21708.0 161909.0
24592.0 161817.0
24801.0 161757.0
25513.0 161508.0
27913.0 161198.0
28763.0 161139.0
35263.0 160875.0
40355.0 160716.0

18545.0 182701.0
18596.0 164130.0
18615.0 163611.0
19247.0 163402.0
19471.0 163329.0
20766.0 163270.0
21266.0 163157.0
21342.0 162429.0
21708.0 161909.0
22263.0 161904.0
24516.0 161860.0
24592.0 161688.0
25513.0 161508.0
27766.0 161351.0
28763.0 161139.0
35263.0 160875.0
40355.0 160716.0

18545.0 182701.0
18615.0 164796.0
18671.0 163359.0
19471.0 163319.0
20345.0 163259.0
21266.0 163157.0
21342.0 162429.0
21708.0 161909.0
24592.0 161817.0
24801.0 161540.0
25513.0 161508.0
27913.0 161198.0
28763.0 161139.0
35263.0 160875.0
40355.0 160716.0

18545.0 167106.0
18596.0 164130.0
18615.0 163611.0
18671.0 163445.0
19247.0 163402.0
19471.0 163329.0
20766.0 163270.0
21266.0 163157.0
21342.0 162278.0
21689.0 162160.0
21708.0 161909.0
22263.0 161597.0
24516.0 161554.0
25513.0 161113.0
27043.0 160868.0
40355.0 160762.0
42608.0 160658.0

18545.0 182701.0
18615.0 164796.0
18671.0 163445.0
19471.0 163329.0
20766.0 163270.0
21266.0 163157.0
21342.0 162429.0
21708.0 161847.0
24801.0 161835.0
25513.0 161518.0
27842.0 161407.0
27913.0 161346.0
28763.0 161077.0
35263.0 160813.0
40355.0 160716.0

18545.0 182701.0
18596.0 163053.0
21342.0 162429.0
21708.0 161847.0
24592.0 161582.0
25513.0 161291.0
26566.0 161228.0
27843.0 161125.0
28187.0 160721.0
28763.0 160263.0
32013.0 160122.0
39434.0 159673.0

18545.0 182701.0
18615.0 163355.0
18671.0 162782.0
19471.0 162742.0
20766.0 162727.0
21266.0 162624.0
21342.0 162429.0
21689.0 161958.0
21708.0 161847.0
24801.0 161721.0
25513.0 161190.0
28763.0 161077.0
32934.0 161034.0
35263.0 160813.0
35608.0 160757.0
36184.0 160522.0

18545.0 182701.0
18577.0 169979.0
18596.0 162855.0
19471.0 162631.0
21342.0 161898.0
21689.0 161515.0
24516.0 161490.0
24801.0 161482.0
24820.0 161152.0
25513.0 161138.0
27843.0 161086.0
28187.0 160889.0
29684.0 160711.0
32013.0 160653.0

18545.0 173412.0
18589.0 169911.0
18596.0 163214.0
18615.0 162972.0
19912.0 162948.0
20345.0 162923.0
21266.0 162733.0
21342.0 162215.0
21708.0 161885.0
24016.0 161872.0
24801.0 161835.0
24820.0 161819.0
25513.0 160617.0
28687.0 160540.0
32013.0 160483.0
32934.0 159999.0
42684.0 159765.0


