18615.0 207062.0
19845.0 206407.0
19980.0 206214.0
21190.0 206026.0
21266.0 205108.0
21342.0 204511.0
21661.0 203963.0
21708.0 203492.0
22263.0 202983.0
24516.0 202721.0
24592.0 201692.0
24750.0 201519.0
25513.0 201153.0
28687.0 201071.0
28763.0 200618.0
31937.0 200523.0
32013.0 199932.0
36108.0 199855.0
36184.0 199616.0
39358.0 199385.0
39434.0 199237.0
42608.0 198834.0
43529.0 198582.0
43605.0 198276.0
46779.0 198119.0

19505.0 207671.0
20766.0 207305.0
21266.0 206990.0
21342.0 203890.0
21708.0 203589.0
23950.0 203545.0
24516.0 203082.0
24592.0 202597.0
25513.0 202191.0
27043.0 202113.0
27773.0 201888.0
28187.0 201632.0
32934.0 200744.0
43605.0 200048.0

18805.0 215030.0
18922.0 211668.0
19505.0 207671.0
20766.0 207305.0
21266.0 205992.0
21342.0 203890.0
21708.0 203589.0
23950.0 203545.0
24516.0 203082.0
24592.0 202597.0
25513.0 202191.0
27043.0 202113.0
27773.0 201888.0
28187.0 201632.0
32934.0 200744.0
43605.0 200048.0

18805.0 215030.0
18856.0 206757.0
19112.0 206490.0
19987.0 206454.0
21266.0 206448.0
21342.0 203732.0
21708.0 203589.0
23950.0 203545.0
24516.0 203082.0
24592.0 202597.0
25513.0 202183.0
27043.0 202113.0
27773.0 201880.0
28187.0 201632.0
32013.0 201429.0
32934.0 200744.0
36184.0 200429.0
43605.0 199756.0

18856.0 214994.0
18922.0 211295.0
19112.0 208101.0
19247.0 205427.0
19912.0 204972.0
20766.0 204835.0
21342.0 203229.0
21708.0 202777.0
24592.0 202409.0
25513.0 202045.0
27773.0 201742.0
28187.0 201632.0
32934.0 200744.0
36184.0 200391.0
43605.0 200048.0

19146.0 212306.0
19471.0 206624.0
21342.0 203890.0
21689.0 203824.0
21708.0 203589.0
23950.0 203545.0
24516.0 203082.0
24592.0 202597.0
25513.0 202191.0
27043.0 202113.0
27773.0 201888.0
28187.0 201632.0
32934.0 200744.0
36184.0 200487.0
43605.0 200048.0

19505.0 207671.0
20766.0 207305.0
21266.0 206990.0
21342.0 203707.0
21708.0 203020.0
23950.0 203011.0
24592.0 202597.0
25513.0 202191.0
27043.0 202113.0
27773.0 201888.0
28187.0 201632.0
32934.0 200744.0
43605.0 200048.0

18922.0 214610.0
19505.0 207671.0
19845.0 207020.0
19912.0 206822.0
20766.0 206581.0
20857.0 206338.0
21342.0 203707.0
21689.0 203465.0
21708.0 203020.0
23950.0 203011.0
24592.0 202597.0
24801.0 202580.0
25513.0 202035.0
27773.0 201888.0
28187.0 201632.0
32934.0 200744.0
36184.0 200487.0
43605.0 200048.0

18615.0 205647.0
19247.0 205156.0
20766.0 205088.0
21266.0 204950.0
21342.0 203749.0
21638.0 203718.0
21708.0 202925.0
24516.0 202570.0
24592.0 202506.0
25513.0 201878.0
28187.0 201632.0
32013.0 201483.0
32934.0 200744.0
36184.0 200689.0
39358.0 200528.0
43605.0 200048.0

18805.0 219510.0
18922.0 208908.0
19112.0 207870.0
19471.0 206624.0
21342.0 203707.0
21708.0 202720.0
23950.0 202669.0
24516.0 202610.0
24592.0 202597.0
25513.0 201951.0
27773.0 201888.0
28187.0 201632.0
28763.0 201261.0
31937.0 201112.0
32934.0 200744.0
36184.0 200550.0
43605.0 200048.0

19246.0 209375.0
19505.0 207671.0
20766.0 207305.0
21266.0 206990.0
21342.0 203318.0
21708.0 202451.0
25513.0 202191.0
27043.0 202113.0
27773.0 201736.0
27894.0 201084.0
30987.0 199762.0
32013.0 199381.0


