18092.0 219846.0
18596.0 213976.0
19946.0 213126.0
20742.0 209686.0
20857.0 209359.0
21266.0 208961.0
21342.0 207000.0
21708.0 204060.0
22263.0 203512.0
24592.0 203489.0
24801.0 203336.0
24820.0 203329.0
25513.0 202030.0
28187.0 201484.0
28763.0 200663.0
29684.0 200361.0
36184.0 200027.0
38858.0 199892.0
41532.0 199634.0

18615.0 211353.0
18671.0 209663.0
18856.0 207337.0
19505.0 207121.0
19912.0 206358.0
20838.0 206307.0
21342.0 204751.0
21689.0 204724.0
22263.0 204460.0
23950.0 204249.0
24016.0 204155.0
24592.0 203882.0
24820.0 203554.0
25513.0 202396.0
27862.0 202154.0
28687.0 202053.0
28763.0 201061.0
36184.0 200687.0

18615.0 206834.0
19313.0 206020.0
21342.0 204640.0
22263.0 204460.0
23950.0 204186.0
24016.0 204155.0
24592.0 203882.0
24820.0 203554.0
25513.0 202396.0
27862.0 202154.0
28687.0 202053.0
28763.0 201061.0
36184.0 200687.0

18615.0 211353.0
18671.0 209663.0
18856.0 207221.0
19471.0 206675.0
19912.0 206358.0
20838.0 206055.0
21342.0 204046.0
22495.0 203787.0
23880.0 203769.0
24516.0 203682.0
24820.0 203554.0
25437.0 203180.0
25513.0 202396.0
27862.0 202118.0
28687.0 202053.0
28763.0 201061.0
36108.0 200987.0
36184.0 200662.0

18615.0 206834.0
19313.0 206020.0
19912.0 205932.0
21266.0 205837.0
21342.0 204640.0
21708.0 204468.0
22263.0 203962.0
24516.0 203937.0
24592.0 203301.0
25513.0 202396.0
27842.0 201869.0
28763.0 201061.0
36184.0 200592.0

18596.0 209721.0
18615.0 206945.0
19313.0 206020.0
21342.0 204507.0
21708.0 204250.0
23931.0 204087.0
23950.0 204014.0
24016.0 203997.0
24516.0 203983.0
24592.0 203669.0
24820.0 203554.0
25513.0 202396.0
27842.0 202311.0
27862.0 202154.0
28687.0 202053.0
28763.0 201061.0
36184.0 200662.0

18615.0 206834.0
19313.0 206020.0
21342.0 204640.0
22263.0 204460.0
23950.0 204186.0
24016.0 204155.0
24592.0 203882.0
24820.0 203554.0
25513.0 202396.0
27862.0 202154.0
28687.0 202053.0
28763.0 201061.0
36184.0 200687.0

18615.0 205987.0
19471.0 205918.0
21342.0 203599.0
24516.0 203427.0
25513.0 202154.0
27862.0 201912.0
28763.0 201061.0
36108.0 201041.0
36184.0 200687.0

18615.0 206834.0
19313.0 205917.0
20766.0 205596.0
21266.0 205338.0
21342.0 204640.0
21708.0 204457.0
22263.0 204155.0
24516.0 204067.0
24592.0 203882.0
24820.0 203554.0
25513.0 202396.0
27862.0 202154.0
28687.0 202053.0
28763.0 201061.0
36184.0 200593.0

18596.0 210407.0
18615.0 206834.0
19313.0 205717.0
21342.0 203725.0
23095.0 203723.0
23595.0 203468.0
24820.0 203136.0
25513.0 202396.0
27862.0 202154.0
28687.0 202053.0
28763.0 201061.0
36184.0 200687.0

18615.0 211353.0
18671.0 209663.0
18805.0 208917.0
18856.0 207337.0
19313.0 207241.0
19505.0 207120.0
19912.0 206190.0
20838.0 205777.0
21266.0 205079.0
21342.0 204524.0
21657.0 204218.0
21708.0 204016.0
22263.0 203210.0
24592.0 202674.0
24782.0 202593.0
25513.0 202301.0
27862.0 202059.0
27894.0 200378.0
28763.0 199869.0
35187.0 199802.0


