16515.0 43817.0
16726.0 42670.0
16816.0 41366.0
17516.0 41134.0
18016.0 41053.0
18092.0 40466.0
18545.0 40444.0
18596.0 40337.0
19912.0 40313.0
21266.0 40310.0
21342.0 40064.0
21708.0 39975.0
24516.0 39972.0
24592.0 39915.0
24820.0 39865.0
25513.0 39758.0
27894.0 39757.0
28687.0 39756.0
28763.0 39631.0
31937.0 39629.0
32013.0 39572.0
32934.0 39511.0
36108.0 39509.0
36184.0 39385.0
39358.0 39383.0
39434.0 39326.0
40355.0 39278.0
43605.0 39152.0
46855.0 39093.0

16023.0 54373.0
16156.0 49279.0
16515.0 42497.0
16595.0 42102.0
16816.0 41457.0
17516.0 41173.0
17745.0 41162.0
18016.0 41074.0
18092.0 40624.0
18545.0 40602.0
18596.0 40337.0
19912.0 40313.0
21266.0 40312.0
21342.0 40064.0
21708.0 39975.0
24516.0 39974.0
24592.0 39916.0
25513.0 39782.0
28763.0 39656.0
32934.0 39548.0
36184.0 39398.0

16023.0 54373.0
16156.0 49279.0
16515.0 42497.0
16595.0 42102.0
16816.0 41457.0
16990.0 41387.0
17516.0 41173.0
17745.0 41162.0
18016.0 41074.0
18092.0 40624.0
18545.0 40602.0
18596.0 40337.0
19912.0 40313.0
21266.0 40312.0
21342.0 40064.0
21708.0 39975.0
24516.0 39974.0
24592.0 39916.0
25513.0 39782.0
28763.0 39656.0
32934.0 39548.0
36184.0 39398.0

16023.0 46174.0
16290.0 46144.0
16515.0 42497.0
16595.0 41977.0
16816.0 41457.0
16990.0 41387.0
17516.0 41152.0
18016.0 41053.0
18092.0 40466.0
18545.0 40449.0
18596.0 40337.0
19912.0 40313.0
21266.0 40310.0
21342.0 40064.0
21708.0 39975.0
24516.0 39974.0
24592.0 39916.0
25513.0 39758.0
28687.0 39757.0
28763.0 39632.0
32013.0 39596.0
32934.0 39548.0
36184.0 39398.0
43605.0 39219.0

16023.0 54373.0
16156.0 49279.0
16515.0 42497.0
16595.0 42102.0
16816.0 41366.0
17516.0 41134.0
18016.0 41053.0
18092.0 40466.0
18545.0 40444.0
18596.0 40337.0
19912.0 40313.0
21266.0 40310.0
21342.0 40064.0
21708.0 39975.0
24516.0 39974.0
24592.0 39916.0
25513.0 39758.0
28763.0 39632.0
32934.0 39524.0
36184.0 39398.0
43605.0 39219.0

16023.0 48278.0
16156.0 47250.0
16290.0 46064.0
16515.0 41715.0
16595.0 41320.0
17095.0 41221.0
17516.0 41164.0
17745.0 41162.0
18016.0 41074.0
18092.0 40466.0
18545.0 40444.0
18596.0 40337.0
19912.0 40313.0
21266.0 40312.0
21342.0 40064.0
21708.0 39975.0
24516.0 39972.0
24592.0 39916.0
25513.0 39782.0
28687.0 39757.0
28763.0 39632.0
32013.0 39620.0
32934.0 39524.0
36184.0 39398.0

16023.0 54373.0
16156.0 49279.0
16515.0 42497.0
16595.0 42102.0
16816.0 41457.0
16990.0 41387.0
17516.0 41173.0
17745.0 41162.0
18016.0 41074.0
18092.0 40466.0
18545.0 40449.0
18596.0 40337.0
19912.0 40313.0
21266.0 40310.0
21342.0 40064.0
21708.0 39975.0
24516.0 39974.0
24592.0 39916.0
25513.0 39758.0
28763.0 39632.0
32013.0 39596.0
32934.0 39512.0
36184.0 39398.0

16023.0 54373.0
16156.0 49279.0
16515.0 42069.0
16816.0 41457.0
16990.0 41387.0
17516.0 41155.0
18016.0 41074.0
18092.0 40466.0
18545.0 40444.0
18596.0 40337.0
19912.0 40313.0
21266.0 40310.0
21342.0 40064.0
21708.0 39975.0
24516.0 39974.0
24592.0 39916.0
25513.0 39758.0
28687.0 39757.0
28763.0 39632.0
31937.0 39631.0
32013.0 39596.0
32934.0 39512.0
36184.0 39398.0
40355.0 39303.0

16023.0 54373.0
16156.0 49279.0
16515.0 42497.0
16571.0 41792.0
16816.0 41457.0
16990.0 41387.0
17516.0 41152.0
18016.0 41053.0
18092.0 40466.0
18545.0 40444.0
18596.0 40337.0
19912.0 40313.0
21266.0 40310.0
21342.0 40064.0
21708.0 39975.0
24516.0 39974.0
24592.0 39916.0
24820.0 39865.0
25513.0 39758.0
28687.0 39757.0
28763.0 39632.0
32013.0 39573.0
32934.0 39511.0
36184.0 39385.0
40355.0 39367.0
43605.0 39153.0

16023.0 46446.0
16290.0 45265.0
16515.0 42069.0
16595.0 41776.0
16816.0 41457.0
16990.0 41387.0
17516.0 41155.0
18016.0 41074.0
18092.0 40466.0
18545.0 40444.0
18596.0 40337.0
19912.0 40313.0
21266.0 40310.0
21342.0 40064.0
21708.0 39975.0
24516.0 39972.0
24592.0 39916.0
24820.0 39884.0
25513.0 39758.0
27894.0 39757.0
28763.0 39631.0
32013.0 39573.0
32934.0 39511.0
36184.0 39398.0
40355.0 39279.0

16023.0 45227.0
16156.0 44163.0
16515.0 42262.0
16595.0 41867.0
16816.0 41366.0
17095.0 41350.0
17516.0 41134.0
18016.0 41071.0
18092.0 40466.0
18545.0 40444.0
18596.0 40337.0
19912.0 40313.0
21266.0 40310.0
21342.0 40064.0
21708.0 39975.0
24516.0 39974.0
24592.0 39915.0
25513.0 39758.0
28687.0 39757.0
28763.0 39632.0
31937.0 39629.0
32013.0 39572.0
32934.0 39512.0
36184.0 39398.0
39434.0 39326.0
40355.0 39279.0
43605.0 39152.0


