21108.0 440741.0
21266.0 438462.0
21657.0 435530.0
21708.0 432568.0
22020.0 430138.0
22263.0 427989.0
22495.0 425867.0
23416.0 422095.0
23992.0 419996.0
24016.0 418842.0
24201.0 417944.0
24516.0 416361.0
24801.0 416148.0
25437.0 415747.0
25513.0 413222.0
27913.0 413132.0
28187.0 411707.0
28687.0 411401.0
28763.0 411039.0
29755.0 410617.0
31937.0 409844.0
32934.0 409357.0

21755.0 457071.0
21795.0 440184.0
22263.0 422979.0
22461.0 422650.0
22620.0 420503.0
23950.0 419323.0
23951.0 418213.0
24820.0 418188.0
25513.0 414680.0
28763.0 413894.0
29684.0 411564.0
32934.0 411171.0
36184.0 410389.0
40355.0 409022.0

21755.0 457071.0
21795.0 436848.0
22212.0 434944.0
22263.0 422979.0
22461.0 422650.0
22620.0 420503.0
23950.0 419323.0
23951.0 418213.0
24820.0 417355.0
25513.0 414680.0
28763.0 413894.0
29684.0 411564.0
32934.0 410811.0
36184.0 409549.0
40355.0 409022.0

21755.0 456430.0
21795.0 440184.0
22236.0 430418.0
22263.0 421426.0
22620.0 420503.0
23880.0 419983.0
23950.0 419323.0
23951.0 418213.0
24820.0 417944.0
25513.0 412509.0
29684.0 411564.0
32934.0 411171.0
36184.0 410389.0
40355.0 409022.0

21708.0 432534.0
22263.0 422979.0
22461.0 422605.0
22495.0 421966.0
22620.0 420503.0
23950.0 419323.0
23951.0 418213.0
24820.0 417355.0
25513.0 413084.0
27843.0 413062.0
28763.0 412426.0
29684.0 410790.0
32934.0 410241.0
40355.0 409022.0

21708.0 437428.0
22263.0 422668.0
22461.0 422650.0
22620.0 420503.0
23331.0 420030.0
23950.0 419323.0
23951.0 418213.0
24820.0 418188.0
24937.0 416204.0
25513.0 414680.0
27766.0 414288.0
27843.0 413829.0
27894.0 413474.0
28187.0 411463.0
32934.0 410508.0
36184.0 410389.0
37105.0 410290.0
40355.0 409022.0

21755.0 457071.0
21795.0 440184.0
22263.0 422979.0
22461.0 422650.0
22620.0 420503.0
23950.0 419323.0
23951.0 418213.0
24820.0 418188.0
25513.0 413974.0
27913.0 412188.0
29684.0 410790.0
32934.0 410241.0
36184.0 409552.0
39434.0 409174.0
40355.0 409022.0

21755.0 457071.0
21795.0 440184.0
22263.0 422979.0
22461.0 422650.0
22620.0 420503.0
23950.0 419323.0
23951.0 418213.0
24820.0 418188.0
25513.0 413229.0
29684.0 410790.0
32934.0 410241.0
40355.0 409022.0

21708.0 432534.0
22263.0 422979.0
22461.0 422650.0
22620.0 420503.0
23950.0 419323.0
23951.0 418213.0
24820.0 417784.0
25513.0 413084.0
27843.0 413062.0
28763.0 412426.0
29684.0 410790.0
32934.0 410241.0
40355.0 409022.0

21708.0 434792.0
22263.0 422979.0
22461.0 422650.0
22620.0 420503.0
23880.0 420143.0
23950.0 419323.0
23951.0 418213.0
24750.0 417600.0
25437.0 415579.0
25513.0 412579.0
27843.0 411966.0
28187.0 411568.0
28687.0 411310.0
29684.0 410790.0
32934.0 410241.0
34111.0 409916.0
40355.0 409022.0

21755.0 457071.0
21795.0 440184.0
22263.0 405347.0
24801.0 403982.0
27690.0 403811.0
28611.0 402748.0
28763.0 402049.0
31937.0 401238.0
32934.0 400166.0
34190.0 399247.0


