18092.0 128740.0
18545.0 125843.0
18596.0 121444.0
19112.0 121333.0
19912.0 121183.0
21266.0 121182.0
21342.0 120783.0
21708.0 120732.0
22263.0 120718.0
24516.0 120592.0
24592.0 120444.0
24801.0 120429.0
25513.0 120310.0
27773.0 120309.0
27842.0 120267.0
28763.0 119628.0
30885.0 119627.0
31937.0 119606.0
32013.0 119571.0
32934.0 119496.0
36184.0 118779.0
43605.0 118398.0

18092.0 124152.0
18596.0 122216.0
18615.0 122093.0
19471.0 122073.0
19912.0 121988.0
19946.0 121962.0
20387.0 121948.0
20421.0 121924.0
20766.0 121497.0
21266.0 121496.0
21342.0 121209.0
21657.0 121184.0
21708.0 120937.0
24016.0 120918.0
24516.0 120622.0
24592.0 120592.0
24801.0 120532.0
25513.0 120181.0
28687.0 119939.0
32013.0 119820.0
32934.0 119574.0
36184.0 119311.0
39434.0 119270.0

17745.0 129823.0
18092.0 123317.0
18596.0 122216.0
18615.0 122093.0
19471.0 122073.0
19912.0 121988.0
19946.0 121962.0
20387.0 121948.0
20421.0 121924.0
20766.0 121497.0
21266.0 121496.0
21342.0 121209.0
21657.0 121184.0
21708.0 120937.0
24016.0 120918.0
24516.0 120622.0
24592.0 120592.0
24801.0 120413.0
25513.0 120070.0
28687.0 119939.0
28763.0 119938.0
32013.0 119811.0
32934.0 119565.0
35187.0 119502.0
36184.0 118965.0

18092.0 124152.0
18596.0 121913.0
19471.0 121873.0
20421.0 121827.0
20766.0 121457.0
21266.0 121360.0
21342.0 121209.0
21657.0 121184.0
21708.0 120470.0
24516.0 120287.0
25513.0 120070.0
28687.0 119939.0
28763.0 119868.0
31937.0 119856.0
32013.0 119820.0
32934.0 119574.0
35187.0 119520.0
36184.0 119311.0
39434.0 119270.0

17745.0 129823.0
18092.0 123317.0
18596.0 122216.0
18615.0 122093.0
19471.0 122073.0
19912.0 121988.0
19946.0 121962.0
20387.0 121948.0
20421.0 121924.0
20766.0 121497.0
21266.0 121496.0
21342.0 121209.0
21657.0 121184.0
21708.0 120937.0
24016.0 120918.0
24516.0 120622.0
24592.0 120592.0
24801.0 120413.0
25513.0 120070.0
28687.0 119939.0
32013.0 119820.0
32934.0 119574.0
35187.0 119502.0
36184.0 119311.0
39434.0 119270.0

17745.0 129823.0
18092.0 123317.0
18596.0 121755.0
18615.0 121530.0
19912.0 121425.0
20387.0 121401.0
21266.0 121357.0
21342.0 120879.0
21708.0 120703.0
24516.0 120599.0
24592.0 120592.0
24801.0 120437.0
25513.0 120134.0
28687.0 119906.0
28763.0 119801.0
31937.0 119555.0
35187.0 119502.0
36184.0 119311.0
39434.0 119270.0

18092.0 124027.0
18596.0 122216.0
18615.0 121600.0
19587.0 121560.0
19912.0 121455.0
21266.0 121357.0
21342.0 121043.0
21708.0 120740.0
24440.0 120737.0
24516.0 120614.0
24592.0 120492.0
25513.0 120181.0
28687.0 119939.0
28763.0 119549.0
31937.0 119548.0
32934.0 119323.0
36184.0 119089.0
39434.0 118906.0

18092.0 124027.0
18596.0 122216.0
18615.0 121530.0
19912.0 121425.0
20387.0 121361.0
21266.0 121357.0
21342.0 121043.0
21708.0 120350.0
24801.0 120349.0
25513.0 119934.0
28687.0 119909.0
28763.0 119537.0
31937.0 119521.0
32934.0 119323.0
36184.0 119089.0
39434.0 118906.0

18092.0 124027.0
18596.0 122216.0
18615.0 121446.0
19912.0 121441.0
20387.0 121385.0
21266.0 121357.0
21342.0 121043.0
21708.0 120740.0
24440.0 120737.0
24516.0 120614.0
24592.0 120492.0
24820.0 120486.0
25513.0 120181.0
28687.0 119939.0
28763.0 119549.0
31937.0 119548.0
32934.0 119323.0
36184.0 119089.0
39434.0 118906.0

18092.0 124027.0
18596.0 121866.0
18615.0 121530.0
19912.0 121425.0
20387.0 121385.0
21266.0 121357.0
21342.0 120777.0
21708.0 120434.0
24592.0 120424.0
24801.0 120402.0
25513.0 119941.0
28687.0 119909.0
28763.0 119549.0
31937.0 119548.0
32934.0 119323.0
36184.0 119089.0
39434.0 118906.0

17745.0 130290.0
18092.0 124152.0
18596.0 121739.0
18615.0 121530.0
19912.0 121425.0
20387.0 121361.0
21266.0 121357.0
21342.0 120918.0
21708.0 120403.0
24516.0 120402.0
25513.0 119967.0
27062.0 119939.0
27894.0 119317.0
28763.0 119097.0
32934.0 118953.0
39358.0 118717.0
39434.0 118689.0
46779.0 118647.0


