20438.0 311506.0
20666.0 309561.0
20742.0 306737.0
20857.0 301855.0
21342.0 296941.0
21708.0 291425.0
22263.0 290193.0
22740.0 290024.0
23440.0 289929.0
23550.0 288823.0
24516.0 287856.0
24801.0 287845.0
25437.0 287531.0
25513.0 286019.0
27843.0 284894.0
28763.0 283737.0
31937.0 283517.0
32013.0 283099.0
32934.0 282848.0
36184.0 282288.0
39434.0 281966.0

21708.0 291911.0
22263.0 291767.0
23916.0 291385.0
23950.0 290520.0
24592.0 289578.0
24750.0 289361.0
25437.0 288919.0
25513.0 287338.0
27766.0 286697.0

21342.0 302898.0
21364.0 302681.0
21412.0 296749.0
21661.0 295758.0
21708.0 291218.0
22263.0 290951.0
23950.0 290362.0
24016.0 289360.0
24516.0 288751.0
24801.0 288181.0
24820.0 286067.0
32013.0 285959.0
34908.0 285890.0

21657.0 295340.0
21708.0 291911.0
21761.0 291348.0
22263.0 290597.0
23950.0 290520.0
24016.0 290477.0
24516.0 290371.0
24592.0 289364.0
24651.0 289240.0
24976.0 289095.0
25437.0 288688.0
25513.0 286780.0
27766.0 286530.0
32934.0 286298.0
35608.0 285263.0

21657.0 299276.0
21708.0 291859.0
22263.0 289979.0
22461.0 289962.0
23950.0 287707.0
24592.0 287445.0
25437.0 286567.0
27766.0 286045.0
32858.0 285683.0

20742.0 312128.0
21138.0 298413.0
21342.0 292790.0
21708.0 291333.0
22263.0 290217.0
23316.0 289866.0
23950.0 289763.0
24516.0 288849.0
24592.0 287904.0
24801.0 287226.0
24976.0 287211.0
25513.0 286674.0
27766.0 285866.0
32934.0 285444.0

21708.0 291911.0
21761.0 291348.0
22263.0 290184.0
23950.0 289763.0
24592.0 289364.0
24651.0 289240.0
25437.0 288799.0
25513.0 286780.0
27766.0 286697.0
28763.0 286590.0
32934.0 286197.0
35608.0 285280.0

21708.0 291911.0
22263.0 291767.0
23550.0 290927.0
23950.0 289763.0
24592.0 289527.0
24750.0 288884.0
24820.0 288866.0
25437.0 288688.0
25513.0 287200.0
27766.0 286592.0
28187.0 286513.0

21661.0 301019.0
21708.0 291911.0
21761.0 291348.0
22263.0 290064.0
23950.0 289763.0
24516.0 289238.0
24592.0 289202.0
24820.0 288866.0
25437.0 288799.0
25513.0 286780.0
27766.0 286697.0
28187.0 286513.0
32934.0 286197.0
35608.0 285280.0

21661.0 303050.0
21708.0 291911.0
22263.0 291767.0
22461.0 291561.0
23350.0 290749.0
23950.0 289763.0
24592.0 288645.0
24801.0 288610.0
24820.0 287720.0
25437.0 287499.0
25513.0 287338.0
27766.0 286697.0
28763.0 286571.0
32013.0 286422.0
37105.0 286012.0
40279.0 285531.0

19505.0 300505.0
20961.0 299503.0
21342.0 294820.0
21708.0 285410.0
24592.0 282576.0
24801.0 282031.0
25437.0 281727.0
25513.0 281346.0
30940.0 280876.0
31861.0 280415.0
34190.0 280018.0
41611.0 277929.0


