18596.0 122112.0
19912.0 122064.0
21266.0 122063.0
21342.0 120767.0
21708.0 120545.0
24516.0 120542.0
24592.0 120313.0
24801.0 120101.0
24820.0 120028.0
25513.0 119685.0
27913.0 119656.0
28763.0 119468.0
32013.0 119235.0

18092.0 126931.0
18545.0 125622.0
18596.0 125313.0
18615.0 122323.0
19912.0 122299.0
21266.0 122275.0
21342.0 121415.0
21689.0 121255.0
21708.0 120966.0
24016.0 120952.0
24592.0 120908.0
24801.0 120753.0
25513.0 120520.0
28763.0 119858.0
32013.0 119831.0
36108.0 119663.0
36184.0 119240.0
39434.0 119213.0

18092.0 126931.0
18545.0 125622.0
18596.0 125313.0
18615.0 122323.0
19912.0 122299.0
21266.0 122275.0
21342.0 121363.0
21638.0 121351.0
21689.0 121255.0
21708.0 120966.0
24016.0 120952.0
24592.0 120908.0
24801.0 120753.0
25513.0 120513.0
28763.0 119851.0
32013.0 119831.0
36108.0 119663.0
36184.0 119233.0

18092.0 126931.0
18545.0 125622.0
18596.0 125061.0
18615.0 121851.0
19112.0 121809.0
20421.0 121544.0
21342.0 121129.0
21708.0 120485.0
24516.0 120442.0
24592.0 120356.0
25513.0 120339.0
28763.0 119848.0
32013.0 119831.0
32934.0 119702.0
36108.0 119663.0
36184.0 119233.0

18092.0 126931.0
18412.0 126399.0
18545.0 125622.0
18596.0 125252.0
18615.0 121546.0
20345.0 121521.0
20421.0 121456.0
21342.0 120999.0
21708.0 120787.0
24592.0 120495.0
24750.0 120478.0
24801.0 120253.0
25513.0 119894.0
28763.0 119700.0
32013.0 119276.0
36184.0 119233.0
39434.0 118606.0

18092.0 126931.0
18447.0 126855.0
18545.0 125622.0
18596.0 125277.0
18615.0 121899.0
20421.0 121751.0
21342.0 121290.0
21689.0 121255.0
21708.0 120966.0
24016.0 120837.0
24592.0 120556.0
25513.0 120513.0
28763.0 119851.0
32013.0 119831.0
36108.0 119663.0
36184.0 119233.0

18092.0 126931.0
18545.0 125622.0
18596.0 122752.0
18615.0 122262.0
19912.0 122002.0
21342.0 120958.0
21708.0 120666.0
24516.0 120622.0
24592.0 120587.0
25513.0 120513.0
28763.0 119858.0
32013.0 119831.0
36108.0 119663.0
36184.0 119240.0

18092.0 126931.0
18545.0 125622.0
18596.0 122752.0
18615.0 121978.0
19112.0 121809.0
20345.0 121766.0
20421.0 121584.0
21342.0 120958.0
21708.0 120666.0
24516.0 120622.0
24592.0 120578.0
25513.0 120513.0
27842.0 120437.0
28763.0 119858.0
32013.0 119831.0
36108.0 119663.0
36184.0 119240.0

18092.0 126931.0
18545.0 125622.0
18596.0 122752.0
18615.0 121803.0
19912.0 121586.0
21266.0 121561.0
21342.0 120958.0
21708.0 120596.0
24516.0 120593.0
24592.0 120555.0
24801.0 120488.0
25513.0 120153.0
28763.0 119858.0
32013.0 119660.0
36184.0 119240.0
39434.0 118983.0

18092.0 126931.0
18447.0 126855.0
18545.0 125166.0
18596.0 124857.0
18615.0 121867.0
19912.0 121836.0
21266.0 121833.0
21342.0 120958.0
21708.0 120486.0
24516.0 120443.0
24592.0 120391.0
28763.0 119858.0
32013.0 119831.0
36108.0 119663.0
36184.0 119240.0

18092.0 126931.0
18545.0 124984.0
18596.0 121378.0
19912.0 121295.0
20421.0 121278.0
20857.0 121277.0
21342.0 120922.0
21708.0 120485.0
24516.0 120442.0
24592.0 120359.0
25513.0 119542.0
31937.0 119533.0
32013.0 119472.0
34190.0 119084.0
36184.0 118870.0
39434.0 118728.0
43605.0 118211.0


