17516.0 83920.0
18016.0 83821.0
18056.0 83596.0
18092.0 82338.0
18526.0 82240.0
18615.0 80942.0
19912.0 80878.0
20345.0 80877.0
20421.0 80841.0
21342.0 80497.0
21708.0 80408.0
23950.0 80266.0
24592.0 80034.0
24820.0 79947.0
25513.0 79659.0
27894.0 79658.0
28687.0 79656.0
28763.0 79496.0
31937.0 79495.0
32013.0 79343.0
32934.0 79036.0
36108.0 79033.0
36184.0 78874.0
39358.0 78871.0
39434.0 78851.0
40355.0 78597.0
43605.0 78395.0
46855.0 78336.0
51026.0 78313.0

17492.0 87781.0
17516.0 85633.0
17996.0 84349.0
18016.0 83486.0
18092.0 81588.0
18545.0 81490.0
18596.0 81197.0
18615.0 81101.0
19912.0 81061.0
21266.0 81059.0
21342.0 80528.0
21708.0 80370.0
24516.0 80369.0
24592.0 80354.0
24750.0 80349.0
24820.0 80175.0
25513.0 79904.0
28763.0 79561.0
36184.0 79315.0
43605.0 79297.0

17492.0 87781.0
17516.0 85633.0
17996.0 84349.0
18016.0 83486.0
18092.0 81588.0
18545.0 81490.0
18596.0 81197.0
18615.0 81101.0
19912.0 81061.0
21266.0 81059.0
21342.0 80459.0
21708.0 80370.0
24516.0 80369.0
24592.0 80290.0
24801.0 80201.0
24820.0 80086.0
25513.0 79904.0
28763.0 79561.0
32013.0 79485.0
36184.0 79103.0
43605.0 78966.0

17492.0 86335.0
17516.0 83549.0
18016.0 83486.0
18092.0 81588.0
18545.0 81490.0
18596.0 81197.0
18615.0 81023.0
19912.0 80983.0
20345.0 80940.0
21342.0 80504.0
21708.0 80318.0
24592.0 80231.0
24820.0 80175.0
25513.0 79904.0
28763.0 79561.0
36184.0 79315.0
43605.0 79297.0

17492.0 87781.0
17516.0 85633.0
17996.0 84349.0
18016.0 83486.0
18092.0 81588.0
18545.0 81490.0
18596.0 81197.0
18615.0 81101.0
19912.0 81061.0
21266.0 81059.0
21342.0 80504.0
21708.0 80370.0
24516.0 80369.0
24592.0 80354.0
24750.0 80349.0
24820.0 80175.0
25513.0 79904.0
28763.0 79561.0
36184.0 79315.0
43605.0 79297.0

17492.0 86335.0
17516.0 83549.0
18016.0 83486.0
18092.0 81588.0
18545.0 81490.0
18596.0 81197.0
18615.0 80952.0
19912.0 80928.0
21266.0 80927.0
21342.0 80289.0
21708.0 80209.0
24516.0 80166.0
25513.0 79904.0
28763.0 79523.0
31937.0 79522.0
36184.0 79315.0
43605.0 79297.0

17492.0 87781.0
17516.0 85633.0
17996.0 84349.0
18016.0 83486.0
18092.0 81588.0
18545.0 81490.0
18596.0 81197.0
18615.0 81101.0
19912.0 81061.0
20345.0 81060.0
21266.0 81059.0
21342.0 80504.0
21708.0 80283.0
24592.0 80142.0
25513.0 79904.0
27862.0 79900.0
28763.0 79561.0
31937.0 79540.0
32013.0 79413.0
36184.0 79315.0
39434.0 79183.0
43605.0 78987.0

17492.0 85884.0
17516.0 83549.0
18016.0 83486.0
18092.0 81588.0
18545.0 81473.0
18596.0 81197.0
18615.0 81055.0
19912.0 81015.0
21266.0 80989.0
21342.0 80490.0
21708.0 80278.0
24592.0 80142.0
25513.0 79904.0
27862.0 79900.0
28763.0 79561.0
31937.0 79540.0
32013.0 79413.0
36184.0 79108.0
43605.0 78931.0
46855.0 78872.0

17492.0 87781.0
17516.0 85633.0
17996.0 84349.0
18016.0 83486.0
18092.0 81588.0
18545.0 81490.0
18596.0 81197.0
18615.0 81101.0
19912.0 81061.0
20345.0 81060.0
21266.0 81059.0
21342.0 80504.0
21708.0 80283.0
24592.0 80142.0
25513.0 79904.0
27862.0 79900.0
28763.0 79561.0
31937.0 79540.0
32013.0 79413.0
36184.0 79315.0
39434.0 79183.0
43605.0 78987.0

17492.0 86335.0
17516.0 83549.0
18016.0 83486.0
18092.0 81588.0
18545.0 81473.0
18596.0 81197.0
18615.0 81101.0
19912.0 81061.0
19946.0 81028.0
21266.0 81020.0
21342.0 80504.0
21708.0 80283.0
24592.0 80282.0
24801.0 80260.0
24820.0 80175.0
25513.0 79904.0
28763.0 79472.0
36184.0 79308.0
43605.0 78987.0

17492.0 85884.0
17516.0 85633.0
17996.0 84349.0
18016.0 83486.0
18092.0 81588.0
18545.0 81490.0
18596.0 81197.0
18615.0 81023.0
19912.0 80983.0
20345.0 80940.0
21342.0 80464.0
21708.0 80370.0
22263.0 80325.0
24592.0 80227.0
24750.0 80201.0
24820.0 80016.0
25513.0 79658.0
28763.0 79327.0
32013.0 79324.0
36184.0 79287.0
39434.0 78994.0
43605.0 78960.0


