17996.0 87687.0
18092.0 81429.0
18545.0 81278.0
18596.0 81042.0
19912.0 81018.0
21266.0 80993.0
21342.0 80362.0
21708.0 80224.0
24516.0 80199.0
24592.0 80165.0
25513.0 79815.0
27843.0 79797.0
27894.0 79777.0
28763.0 79328.0
31937.0 79285.0
36184.0 78871.0
39358.0 78863.0
43605.0 78620.0

18092.0 81563.0
18545.0 81339.0
18596.0 81098.0
19112.0 81063.0
20766.0 81055.0
21266.0 80990.0
21342.0 80710.0
21708.0 80621.0
22263.0 80620.0
24516.0 80619.0
24801.0 80409.0
25513.0 80259.0
27913.0 80208.0
28763.0 79817.0
32013.0 79741.0
36184.0 79444.0

18092.0 81563.0
18545.0 81339.0
18596.0 81098.0
19112.0 81063.0
20766.0 81055.0
21266.0 80990.0
21342.0 80710.0
21708.0 80620.0
24516.0 80619.0
24592.0 80455.0
24801.0 80409.0
25513.0 80259.0
27913.0 80208.0
28763.0 79817.0
32013.0 79741.0
36184.0 79444.0

18092.0 81563.0
18545.0 81339.0
18596.0 80792.0
21266.0 80742.0
21342.0 80457.0
21708.0 80143.0
24516.0 80140.0
25513.0 79894.0
28763.0 79817.0
32013.0 79741.0
36184.0 79444.0

18092.0 81563.0
18545.0 81339.0
18596.0 81058.0
19112.0 81023.0
19912.0 80953.0
21266.0 80949.0
21342.0 80710.0
21708.0 80620.0
22263.0 80363.0
25513.0 80222.0
27913.0 80208.0
28763.0 79817.0
32013.0 79741.0
36184.0 79444.0

18092.0 81563.0
18545.0 81339.0
18596.0 81098.0
19112.0 81063.0
20766.0 81055.0
21266.0 80990.0
21342.0 80710.0
21708.0 80620.0
24516.0 80619.0
24592.0 80455.0
24801.0 80409.0
25513.0 80259.0
27913.0 80208.0
28763.0 79817.0
32013.0 79741.0
36184.0 79444.0

18092.0 81563.0
18545.0 81339.0
18596.0 81098.0
19112.0 81063.0
20766.0 81055.0
21266.0 80990.0
21342.0 80710.0
21708.0 80620.0
22263.0 80596.0
24516.0 80379.0
25437.0 80364.0
25513.0 80259.0
27913.0 80208.0
28763.0 79817.0
32013.0 79741.0
36184.0 79444.0

18092.0 81489.0
18545.0 81339.0
18596.0 80792.0
21266.0 80765.0
21342.0 80666.0
21708.0 80358.0
23950.0 80246.0
24516.0 80127.0
25513.0 80106.0
27913.0 80052.0
28763.0 79709.0
36184.0 79444.0

18092.0 81563.0
18545.0 81339.0
18596.0 80993.0
19912.0 80953.0
21342.0 80709.0
21708.0 80620.0
24516.0 80379.0
25513.0 80154.0
28763.0 79817.0
32013.0 79741.0
36184.0 79444.0

18092.0 81563.0
18545.0 81339.0
18596.0 80873.0
19112.0 80838.0
20766.0 80830.0
21266.0 80765.0
21342.0 80710.0
21708.0 80620.0
22263.0 80596.0
24516.0 80379.0
24801.0 80288.0
25513.0 80152.0
28763.0 79817.0
32013.0 79741.0
36184.0 79444.0

18092.0 81563.0
18545.0 81339.0
18596.0 80843.0
21342.0 80687.0
21708.0 80082.0
25513.0 79640.0
36184.0 79214.0
46855.0 78968.0


