16515.0 89892.0
16571.0 86822.0
16726.0 85675.0
16816.0 84725.0
16956.0 83772.0
17171.0 83241.0
17516.0 83009.0
18016.0 82946.0
18092.0 81712.0
18596.0 80784.0
19912.0 80704.0
21266.0 80701.0
21342.0 80451.0
21708.0 80028.0
24516.0 80025.0
24592.0 79932.0
27766.0 79907.0
27842.0 79873.0
28763.0 79342.0
31937.0 79336.0
32013.0 79224.0
35187.0 79221.0
35263.0 79188.0
36184.0 78785.0
39358.0 78782.0
39434.0 78778.0
42684.0 78751.0
43605.0 78614.0
46855.0 78578.0

18092.0 82022.0
18545.0 81396.0
18596.0 81096.0
18615.0 81040.0
19912.0 80992.0
20345.0 80991.0
20421.0 80980.0
21342.0 80511.0
21708.0 80388.0
24516.0 80291.0
24592.0 80084.0
25513.0 79781.0
28687.0 79755.0
28763.0 79425.0
32013.0 79388.0
32934.0 79237.0
36184.0 78874.0
42684.0 78802.0
43605.0 78576.0

17516.0 107211.0
17647.0 87191.0
17745.0 86569.0
18092.0 81417.0
18545.0 81286.0
18596.0 81084.0
18615.0 80962.0
21266.0 80919.0
21342.0 80511.0
21708.0 80329.0
24516.0 80291.0
24592.0 80084.0
25513.0 79757.0
28687.0 79754.0
28763.0 79394.0
32013.0 79388.0
32934.0 79237.0
36184.0 78874.0
39358.0 78868.0
42684.0 78802.0
43605.0 78576.0

17492.0 86199.0
17713.0 85979.0
18016.0 85967.0
18092.0 81433.0
18545.0 81396.0
18596.0 81096.0
18615.0 80890.0
19912.0 80850.0
21266.0 80807.0
21342.0 80246.0
21657.0 80224.0
21708.0 80135.0
24592.0 80009.0
25513.0 79757.0
28687.0 79754.0
28763.0 79394.0
32013.0 79348.0
32934.0 79237.0
36108.0 79234.0
36184.0 78874.0
42684.0 78802.0
43605.0 78576.0

18092.0 82022.0
18545.0 81396.0
18596.0 80857.0
18615.0 80830.0
19912.0 80782.0
20421.0 80746.0
21266.0 80743.0
21342.0 80511.0
21708.0 80305.0
24516.0 80291.0
24592.0 80084.0
25513.0 79757.0
28687.0 79755.0
28763.0 79394.0
32013.0 79388.0
32934.0 79237.0
36108.0 79234.0
36184.0 78874.0
42684.0 78802.0
43605.0 78576.0

17492.0 86199.0
17713.0 85979.0
18092.0 81972.0
18545.0 81284.0
18596.0 81090.0
18615.0 81040.0
19912.0 80992.0
19946.0 80961.0
20857.0 80950.0
21266.0 80925.0
21342.0 80244.0
21657.0 80146.0
21708.0 80057.0
24592.0 79987.0
25513.0 79691.0
28763.0 79360.0
32013.0 79222.0
32934.0 79115.0
35187.0 79114.0
36184.0 78874.0
42684.0 78802.0
43605.0 78576.0

17492.0 110207.0
18092.0 81663.0
18526.0 81646.0
18545.0 81396.0
18596.0 81096.0
18615.0 81040.0
19912.0 80992.0
20345.0 80991.0
20421.0 80980.0
20766.0 80964.0
21266.0 80955.0
21342.0 80511.0
21708.0 80353.0
24516.0 80291.0
24592.0 80084.0
25513.0 79757.0
28687.0 79755.0
28763.0 79394.0
32013.0 79388.0
32934.0 79237.0
36108.0 79234.0
36184.0 78874.0
42684.0 78802.0
43605.0 78576.0

17492.0 86702.0
17713.0 85979.0
18092.0 81085.0
18545.0 81068.0
18596.0 80674.0
19912.0 80650.0
21266.0 80649.0
21342.0 80128.0
21708.0 79974.0
24516.0 79971.0
24592.0 79890.0
25513.0 79540.0
28763.0 79288.0
32934.0 79214.0
36184.0 78874.0
42684.0 78802.0
43605.0 78576.0

18092.0 82022.0
18545.0 81396.0
18596.0 80922.0
19912.0 80874.0
21266.0 80873.0
21342.0 80511.0
21708.0 80388.0
23950.0 80361.0
24516.0 80291.0
24592.0 80084.0
25513.0 79757.0
28687.0 79755.0
28763.0 79394.0
32013.0 79388.0
32934.0 79237.0
36108.0 79234.0
36184.0 78874.0
42684.0 78802.0
43605.0 78576.0

17492.0 86199.0
17713.0 85979.0
18092.0 81891.0
18545.0 81396.0
18596.0 81080.0
18615.0 80979.0
19946.0 80975.0
20387.0 80955.0
20857.0 80950.0
21266.0 80949.0
21342.0 80341.0
21657.0 80231.0
21708.0 80159.0
24592.0 80084.0
24750.0 80070.0
24820.0 80068.0
25513.0 79757.0
28687.0 79708.0
28763.0 79384.0
32934.0 79197.0
36184.0 78874.0
42684.0 78802.0
43605.0 78576.0

17492.0 86702.0
17713.0 85979.0
18092.0 81362.0
18596.0 80905.0
18615.0 80874.0
19912.0 80857.0
20421.0 80841.0
21266.0 80831.0
21342.0 80405.0
21708.0 80226.0
24516.0 80170.0
24592.0 79978.0
25513.0 79721.0
28687.0 79708.0
28763.0 79262.0
32934.0 79237.0
36108.0 79234.0
36184.0 78861.0
42684.0 78802.0
43605.0 78576.0


