18596.0 216837.0
18856.0 215417.0
19112.0 214836.0
19471.0 214137.0
19505.0 213480.0
20066.0 212779.0
20345.0 212709.0
20766.0 209915.0
21342.0 206101.0
21657.0 204789.0
22263.0 203285.0
24801.0 203194.0
25513.0 202375.0
27773.0 202140.0
28187.0 201618.0
28687.0 201365.0
28763.0 201231.0
30936.0 200989.0
32934.0 200196.0
36108.0 200023.0
36184.0 199928.0
40355.0 199834.0

18856.0 211457.0
18922.0 209053.0
19505.0 206929.0
19946.0 205818.0
21266.0 205518.0
21342.0 203497.0
21708.0 203447.0
23950.0 203345.0
24801.0 203274.0
27611.0 203152.0
27842.0 202934.0
28687.0 202826.0
28763.0 202127.0
32013.0 201941.0
35263.0 201763.0
39434.0 201653.0

18596.0 207225.0
19505.0 206929.0
19946.0 205818.0
21266.0 205518.0
21342.0 203497.0
21689.0 203496.0
21708.0 203447.0
23950.0 203345.0
24016.0 203123.0
24801.0 203039.0
25513.0 202474.0
28763.0 202127.0
32013.0 201687.0
39434.0 201653.0

18596.0 207225.0
19505.0 206616.0
19946.0 205818.0
21266.0 205518.0
21342.0 203491.0
21638.0 203441.0
21708.0 203377.0
23950.0 203275.0
24592.0 202916.0
25513.0 202518.0
27043.0 202459.0
27913.0 202347.0
28763.0 202127.0
30936.0 202120.0
32013.0 201768.0
35263.0 201763.0
39434.0 201653.0

18596.0 207225.0
19505.0 206929.0
19946.0 205818.0
21266.0 205518.0
21342.0 203101.0
22263.0 202888.0
23940.0 202810.0
24516.0 202747.0
24592.0 202421.0
25437.0 202351.0
25513.0 202185.0
28111.0 201805.0
28763.0 201784.0
29684.0 201745.0
32013.0 201034.0
32858.0 200876.0

18447.0 207893.0
18596.0 207225.0
19505.0 206033.0
19946.0 205799.0
21266.0 205518.0
21342.0 203497.0
21689.0 203496.0
21708.0 202946.0
24516.0 202646.0
25513.0 202264.0
27913.0 201950.0
28763.0 201377.0
32013.0 201205.0

18596.0 207225.0
19505.0 206929.0
19946.0 205818.0
21266.0 205518.0
21342.0 203497.0
21689.0 203496.0
21708.0 202476.0
24592.0 202247.0
24801.0 201914.0
28763.0 201361.0
32013.0 201265.0
42532.0 201257.0

18596.0 207486.0
19505.0 206033.0
19946.0 205800.0
20766.0 205775.0
21266.0 205518.0
21342.0 203497.0
21689.0 203490.0
21708.0 203377.0
23950.0 203345.0
24516.0 202948.0
24592.0 202656.0
27913.0 202596.0
28763.0 202126.0
32013.0 201466.0

18596.0 207225.0
19505.0 206929.0
19946.0 205818.0
21266.0 205518.0
21342.0 203497.0
21689.0 203496.0
21708.0 202476.0
24592.0 202247.0
24801.0 201914.0
28763.0 201361.0
32013.0 201265.0
42532.0 201257.0

18545.0 208794.0
18596.0 207225.0
19505.0 206929.0
19946.0 205818.0
21266.0 205459.0
21342.0 203497.0
21689.0 203496.0
21708.0 203238.0
24016.0 203123.0
24516.0 202800.0
27690.0 202593.0
27913.0 202527.0
28763.0 201840.0
32013.0 201711.0
39358.0 201673.0
39434.0 201653.0

18596.0 206287.0
18615.0 206236.0
19471.0 206131.0
19505.0 206033.0
19946.0 205588.0
21266.0 205518.0
21342.0 203497.0
21689.0 202582.0
24801.0 202193.0
25513.0 201150.0
28763.0 200918.0
30940.0 200744.0
31937.0 199109.0
32013.0 199096.0
32934.0 199091.0
35111.0 199088.0
41611.0 198392.0


