19505.0 86380.0
21638.0 85791.0
21708.0 85110.0
24016.0 83783.0
24731.0 83765.0
25513.0 82682.0
27894.0 82314.0
28187.0 81861.0
28687.0 81460.0

19313.0 90312.0
21364.0 89812.0
21821.0 89770.0
22840.0 89442.0
23440.0 88397.0
24016.0 86865.0
26690.0 86261.0

18623.0 94906.0
19313.0 90045.0
20742.0 89660.0
21364.0 89451.0
22840.0 89442.0
23440.0 88397.0
24016.0 86865.0
24913.0 86268.0
26690.0 86261.0

18805.0 92419.0
19313.0 90312.0
20766.0 89565.0
21821.0 89564.0
22840.0 89442.0
23440.0 88397.0
24016.0 86865.0
26043.0 86595.0
26690.0 86261.0
32334.0 85277.0

18545.0 89889.0
18615.0 89127.0
19269.0 89120.0
19505.0 86301.0
21708.0 86192.0
23950.0 85752.0
26690.0 85569.0

18545.0 93855.0
19313.0 90312.0
20742.0 90251.0
21364.0 89444.0
22495.0 88686.0
23440.0 88397.0
24016.0 86865.0
26690.0 86261.0

19313.0 90312.0
20066.0 89929.0
21364.0 89812.0
21821.0 89770.0
22840.0 89442.0
23440.0 88397.0
24016.0 86865.0
26690.0 86261.0

18615.0 91299.0
19313.0 90312.0
21266.0 85891.0
21761.0 85777.0

18596.0 90393.0
19313.0 90183.0
20438.0 89211.0
20690.0 89126.0
21708.0 87480.0
24016.0 86865.0
25437.0 86691.0
26690.0 86261.0
31006.0 86216.0

18615.0 93283.0
19313.0 90312.0
19621.0 89490.0
20142.0 88810.0
20438.0 88308.0
21661.0 87481.0
24016.0 86865.0
26690.0 86261.0

19313.0 90312.0
19912.0 85165.0
21266.0 82912.0
21342.0 81714.0
21689.0 81103.0
22263.0 80806.0
24782.0 80421.0
32013.0 79353.0


