16745.0 43158.0
16816.0 41651.0
16956.0 41540.0
16990.0 41387.0
17516.0 41155.0
18016.0 41092.0
18092.0 40466.0
18545.0 40444.0
18596.0 40337.0
19912.0 40313.0
21266.0 40310.0
21342.0 40064.0
21708.0 39975.0
24516.0 39972.0
24592.0 39915.0
24820.0 39865.0
25513.0 39758.0
27894.0 39757.0
28763.0 39631.0
31937.0 39628.0
32013.0 39572.0
32934.0 39512.0
36184.0 39385.0
39358.0 39382.0
39434.0 39326.0
42608.0 39323.0

16515.0 41507.0
16595.0 41275.0
17095.0 41194.0
17171.0 40744.0
18092.0 40561.0
18545.0 40539.0
18596.0 40337.0
19912.0 40313.0
21266.0 40312.0
21342.0 40169.0
21708.0 39975.0
24592.0 39939.0
24750.0 39933.0
24820.0 39865.0
25513.0 39758.0
28763.0 39631.0
32013.0 39590.0
35263.0 39555.0
36184.0 39474.0
39434.0 39357.0

16515.0 41382.0
16595.0 41150.0
17095.0 41069.0
17171.0 40744.0
18092.0 40561.0
18545.0 40539.0
18596.0 40337.0
19912.0 40313.0
21266.0 40312.0
21342.0 40169.0
21708.0 39975.0
24592.0 39915.0
24820.0 39865.0
25513.0 39758.0
28763.0 39631.0
32013.0 39572.0
35263.0 39555.0
36184.0 39464.0
39434.0 39357.0

16515.0 41507.0
16595.0 41275.0
17095.0 41194.0
17171.0 40744.0
18092.0 40561.0
18545.0 40539.0
18596.0 40337.0
19912.0 40313.0
21266.0 40312.0
21342.0 40169.0
21708.0 39975.0
24592.0 39916.0
24820.0 39865.0
25513.0 39758.0
27894.0 39757.0
28763.0 39631.0
32013.0 39590.0
35263.0 39555.0
36184.0 39445.0
39434.0 39357.0

16515.0 41507.0
16595.0 41275.0
17095.0 41194.0
17171.0 40744.0
18092.0 40466.0
18545.0 40444.0
18596.0 40337.0
19912.0 40313.0
21266.0 40312.0
21342.0 40128.0
21708.0 39975.0
24592.0 39916.0
24820.0 39865.0
25513.0 39758.0
27894.0 39757.0
28763.0 39631.0
32013.0 39590.0
35263.0 39555.0
36184.0 39464.0
39434.0 39357.0

16515.0 41507.0
16595.0 41275.0
17095.0 41194.0
17171.0 40744.0
18092.0 40466.0
18545.0 40444.0
18596.0 40337.0
19912.0 40313.0
21266.0 40312.0
21342.0 40064.0
21708.0 39975.0
24516.0 39974.0
24592.0 39915.0
24820.0 39865.0
25513.0 39758.0
27894.0 39757.0
28763.0 39631.0
32013.0 39572.0
35187.0 39569.0
35263.0 39555.0
36184.0 39409.0
39434.0 39357.0

16515.0 41382.0
16595.0 41150.0
17095.0 41069.0
17171.0 40744.0
18092.0 40561.0
18545.0 40539.0
18596.0 40337.0
19912.0 40313.0
21266.0 40312.0
21342.0 40169.0
21708.0 39975.0
24516.0 39974.0
24592.0 39915.0
24820.0 39865.0
25513.0 39758.0
28763.0 39631.0
32013.0 39572.0
35263.0 39555.0
36184.0 39464.0
39434.0 39357.0

16515.0 41382.0
16595.0 41150.0
17095.0 41069.0
17171.0 40744.0
18092.0 40561.0
18545.0 40539.0
18596.0 40337.0
19912.0 40313.0
21266.0 40312.0
21342.0 40169.0
21708.0 39975.0
24516.0 39974.0
24592.0 39915.0
24820.0 39865.0
25513.0 39758.0
27894.0 39757.0
28763.0 39631.0
32013.0 39572.0
32934.0 39535.0
36184.0 39445.0
39434.0 39357.0

16515.0 41382.0
16595.0 41150.0
17095.0 41069.0
17171.0 40744.0
18092.0 40561.0
18545.0 40539.0
18596.0 40337.0
19912.0 40313.0
21266.0 40312.0
21342.0 40169.0
21708.0 39975.0
24516.0 39974.0
24592.0 39915.0
24820.0 39865.0
25513.0 39758.0
28763.0 39631.0
32013.0 39572.0
35263.0 39555.0
36184.0 39464.0
39434.0 39357.0

16515.0 41382.0
16595.0 41150.0
17095.0 41069.0
17171.0 40744.0
18092.0 40561.0
18545.0 40539.0
18596.0 40337.0
19912.0 40313.0
21266.0 40312.0
21342.0 40169.0
21708.0 39975.0
24516.0 39974.0
24592.0 39915.0
24820.0 39865.0
25513.0 39758.0
27894.0 39757.0
28687.0 39756.0
28763.0 39631.0
31937.0 39630.0
32013.0 39572.0
35263.0 39555.0
36184.0 39410.0
39434.0 39357.0

16515.0 41382.0
16595.0 41150.0
17095.0 41069.0
17171.0 40744.0
18092.0 40466.0
18545.0 40444.0
18596.0 40337.0
19912.0 40313.0
21266.0 40310.0
21342.0 40064.0
21708.0 39975.0
24592.0 39915.0
24820.0 39865.0
25513.0 39758.0
27894.0 39757.0
28687.0 39755.0
28763.0 39631.0
32013.0 39572.0
32934.0 39512.0
36184.0 39410.0
39434.0 39339.0
42684.0 39304.0
43605.0 39177.0
46855.0 39093.0


