18092.0 257568.0
18596.0 256155.0
18615.0 255745.0
19490.0 255346.0
19505.0 253423.0
19946.0 251476.0
19980.0 249983.0
20766.0 249589.0
21266.0 248840.0
21661.0 248104.0
21708.0 245967.0
22263.0 244967.0
24516.0 244179.0
25513.0 243943.0
27690.0 243730.0
28111.0 243707.0
28187.0 242861.0
28687.0 242742.0

20187.0 274257.0
20766.0 256385.0
21342.0 248801.0
21708.0 247922.0
22263.0 247731.0
22495.0 247629.0
23950.0 246749.0
24801.0 246053.0
25513.0 245239.0
27043.0 245032.0
28763.0 244776.0
32013.0 244561.0
32934.0 244283.0
36184.0 243161.0

20187.0 274257.0
20766.0 256385.0
21266.0 252922.0
21342.0 246866.0
21657.0 246726.0
21708.0 246488.0
23294.0 246070.0
24801.0 245509.0
25513.0 244741.0
26973.0 244103.0
28187.0 243628.0
31937.0 243305.0
36184.0 243161.0

19912.0 255077.0
20955.0 251436.0
21342.0 246866.0
21657.0 246726.0
21708.0 246488.0
22263.0 246340.0
23931.0 246150.0
23950.0 245795.0
24801.0 245509.0
24937.0 245363.0
25513.0 244738.0
28763.0 243887.0
29684.0 243686.0
31658.0 243531.0
31937.0 243076.0
36184.0 242712.0
39434.0 242039.0

20187.0 274257.0
20766.0 256385.0
21342.0 246866.0
21657.0 246726.0
21708.0 246294.0
22263.0 246172.0
23950.0 246082.0
24516.0 246028.0
24592.0 245510.0
24801.0 245509.0
25513.0 244371.0
26973.0 244103.0
28187.0 243628.0
31937.0 243305.0
36184.0 243100.0

19313.0 257369.0
19505.0 250583.0
21342.0 248801.0
21708.0 247799.0
22263.0 246780.0
23950.0 246455.0
24592.0 245969.0
24801.0 245923.0
25437.0 245804.0
25513.0 244950.0
28687.0 244909.0
28763.0 244561.0
30440.0 244269.0
32934.0 243457.0
36184.0 243161.0

20187.0 274257.0
20438.0 265199.0
20766.0 256385.0
21342.0 246866.0
21657.0 246726.0
21708.0 246488.0
23294.0 246070.0
24801.0 245509.0
25513.0 244888.0
28763.0 243887.0
33911.0 243870.0
36184.0 243161.0

19980.0 258329.0
20766.0 256385.0
20819.0 254431.0
21089.0 252200.0
21266.0 251881.0
21342.0 246866.0
21657.0 246726.0
21708.0 246488.0
22020.0 246100.0
22263.0 244815.0
25513.0 244354.0
27043.0 243835.0
28187.0 243748.0
28763.0 243284.0
31437.0 243207.0
32934.0 242364.0

19112.0 259825.0
19313.0 256593.0
20766.0 252807.0
20838.0 250740.0
21342.0 246827.0
21657.0 246430.0
21708.0 246276.0
23099.0 246241.0
23294.0 246070.0
24516.0 246010.0
24592.0 245732.0
24801.0 245509.0
25513.0 244358.0
28763.0 243887.0
32934.0 243363.0
36184.0 243161.0

19845.0 258508.0
19990.0 254452.0
20766.0 251139.0
21342.0 248801.0
21708.0 246049.0
22495.0 245529.0
23931.0 245286.0
25513.0 244634.0
28763.0 244342.0
32013.0 244232.0
32934.0 243929.0
33911.0 243870.0
35187.0 243751.0
36184.0 243161.0

18615.0 254596.0
19505.0 246592.0
20387.0 245273.0
21342.0 244531.0
21708.0 243814.0
24801.0 243717.0
25513.0 243513.0
27894.0 240606.0
29684.0 240041.0
31861.0 239450.0
36184.0 238501.0


