18092.0 81843.0
18545.0 81641.0
18596.0 81167.0
18615.0 80926.0
19912.0 80878.0
20345.0 80875.0
20421.0 80806.0
21342.0 80534.0
21708.0 80273.0
24516.0 80267.0
24592.0 80088.0
24820.0 80037.0
25513.0 79747.0
27766.0 79746.0
28763.0 79474.0
32013.0 79270.0
32934.0 79144.0
35187.0 79143.0
35263.0 79108.0
36184.0 78921.0
39434.0 78869.0
43605.0 78839.0

17492.0 84417.0
17516.0 84185.0
18016.0 84003.0
18092.0 81635.0
18596.0 80704.0
19912.0 80656.0
21266.0 80653.0
21342.0 80316.0
21708.0 80015.0
24592.0 79979.0
25513.0 79915.0
28763.0 79501.0
32013.0 79405.0
32934.0 79254.0
36184.0 79146.0
39434.0 79048.0

17492.0 84417.0
17516.0 84185.0
18016.0 84003.0
18092.0 81635.0
18596.0 80704.0
19912.0 80656.0
21266.0 80653.0
21342.0 80304.0
21708.0 80015.0
24592.0 79956.0
25513.0 79733.0
28763.0 79428.0
32013.0 79405.0
32934.0 79254.0
36184.0 79146.0
39434.0 79048.0

17492.0 84417.0
17516.0 84104.0
18016.0 84003.0
18092.0 81502.0
18596.0 80704.0
19912.0 80656.0
21266.0 80653.0
21342.0 80316.0
21708.0 80015.0
24516.0 80014.0
24592.0 79956.0
25513.0 79733.0
28763.0 79501.0
32013.0 79392.0
32934.0 79254.0
36184.0 79146.0
39434.0 79048.0

17492.0 84417.0
17516.0 84185.0
18016.0 84003.0
18092.0 81526.0
18596.0 80704.0
19912.0 80656.0
21266.0 80653.0
21342.0 80316.0
21708.0 79974.0
24592.0 79956.0
25513.0 79733.0
28763.0 79501.0
31937.0 79490.0
32013.0 79405.0
32934.0 79254.0
36184.0 79146.0
39434.0 79048.0

16990.0 85739.0
17492.0 84336.0
17516.0 84185.0
17745.0 84111.0
18016.0 84003.0
18092.0 81579.0
18596.0 80704.0
19912.0 80656.0
21266.0 80653.0
21342.0 80316.0
21708.0 80015.0
24592.0 79956.0
25513.0 79733.0
28763.0 79428.0
32013.0 79325.0
32934.0 79231.0
36108.0 79185.0
36184.0 79059.0
39434.0 78999.0
43529.0 78928.0
50950.0 78822.0

17492.0 84417.0
17516.0 84185.0
18016.0 84003.0
18092.0 81635.0
18596.0 80704.0
19912.0 80656.0
21266.0 80653.0
21342.0 80316.0
21708.0 80015.0
24592.0 79979.0
25513.0 79733.0
28763.0 79501.0
32013.0 79405.0
32934.0 79254.0
36184.0 79091.0
39434.0 78943.0

17492.0 84417.0
17516.0 84185.0
18016.0 84003.0
18092.0 81468.0
18596.0 80704.0
19912.0 80656.0
21266.0 80653.0
21342.0 80281.0
21708.0 80015.0
24592.0 79979.0
25513.0 79733.0
28763.0 79428.0
32013.0 79380.0
32934.0 79253.0
36184.0 79146.0
39434.0 79048.0

17492.0 84417.0
17516.0 84185.0
18016.0 84003.0
18092.0 81526.0
18545.0 81509.0
18596.0 80704.0
19912.0 80656.0
21266.0 80653.0
21342.0 80304.0
21708.0 80015.0
24592.0 79979.0
25513.0 79733.0
28763.0 79428.0
32013.0 79405.0
32934.0 79254.0
36184.0 79146.0
39434.0 79048.0

17492.0 84336.0
17516.0 84185.0
18016.0 84003.0
18092.0 81635.0
18545.0 81618.0
18596.0 80704.0
19912.0 80656.0
21266.0 80653.0
21342.0 80304.0
21708.0 80015.0
24592.0 79979.0
25513.0 79733.0
28763.0 79361.0
32934.0 79253.0
36184.0 79146.0
39434.0 79048.0

17492.0 84386.0
17516.0 84185.0
18016.0 83801.0
18092.0 81635.0
18596.0 80704.0
19912.0 80656.0
21266.0 80653.0
21342.0 80304.0
21708.0 80015.0
24516.0 80014.0
24592.0 79979.0
25513.0 79671.0
28763.0 79262.0
32934.0 79254.0
36184.0 79026.0
37105.0 79004.0
39434.0 78860.0
40355.0 78720.0
43605.0 78659.0


