21266.0 319531.0
21661.0 302286.0
21689.0 300960.0
21708.0 296127.0
22263.0 295458.0
23550.0 294916.0
24592.0 292282.0
25513.0 291372.0
26643.0 290271.0
27525.0 290037.0
27894.0 287954.0
28763.0 287646.0
29684.0 287497.0
30155.0 287451.0
32934.0 287235.0

21689.0 300681.0
22263.0 295223.0
23950.0 295068.0
24201.0 295066.0
24588.0 294915.0
25513.0 291608.0
27487.0 291232.0
32358.0 290414.0

21089.0 306974.0
21689.0 300681.0
22020.0 299058.0
22263.0 295223.0
23316.0 292938.0
24237.0 292856.0
24937.0 292436.0
25513.0 291608.0
27487.0 291232.0
29684.0 291037.0
32358.0 290414.0

21089.0 306974.0
21342.0 306925.0
21689.0 300681.0
22020.0 299058.0
22263.0 295223.0
22936.0 295120.0
23950.0 295068.0
24176.0 293953.0
24201.0 293421.0
25513.0 291360.0
27166.0 291223.0
29684.0 291157.0
30737.0 291046.0
32358.0 289999.0

21689.0 300681.0
22020.0 299058.0
22263.0 294897.0
23940.0 294420.0
24937.0 294191.0
25417.0 293482.0
25513.0 291608.0
27487.0 291225.0
29684.0 291219.0
32358.0 290414.0

20838.0 316882.0
21342.0 312476.0
21364.0 301172.0
21638.0 300039.0
21657.0 299791.0
22212.0 299593.0
22263.0 295185.0
22936.0 295120.0
23316.0 294989.0
24176.0 293953.0
24201.0 293383.0
24801.0 293199.0
25513.0 291608.0
27487.0 291232.0
29684.0 291030.0
32358.0 290414.0

21089.0 306974.0
21689.0 300681.0
22263.0 294403.0
23316.0 293987.0
23440.0 293682.0
24176.0 292437.0
25513.0 291270.0
27487.0 291232.0
30737.0 290636.0
32358.0 290414.0
35608.0 290087.0
38282.0 290046.0

21089.0 306974.0
21108.0 306053.0
21364.0 301172.0
21689.0 300681.0
22263.0 295223.0
22936.0 295152.0
23316.0 295014.0
24176.0 293893.0
24201.0 293650.0
24750.0 293253.0
24801.0 292993.0
25513.0 291608.0
27487.0 291232.0
29684.0 291030.0
32358.0 290414.0
32934.0 290383.0

21689.0 300681.0
22263.0 294897.0
23940.0 294420.0
24176.0 293953.0
24592.0 293519.0
25513.0 291608.0
27487.0 291232.0
27611.0 290440.0
32358.0 289738.0

21089.0 306974.0
21364.0 301172.0
21689.0 300681.0
22212.0 299593.0
22263.0 295223.0
22936.0 295120.0
23316.0 294989.0
24094.0 294267.0
24176.0 293953.0
24201.0 293421.0
24592.0 292932.0
25513.0 291608.0
27487.0 291232.0
29684.0 291030.0
32358.0 290414.0

21266.0 295499.0
21689.0 288289.0
21708.0 287289.0
24782.0 285251.0
25513.0 284177.0
26769.0 283916.0
27894.0 283437.0
28687.0 282975.0
31025.0 282293.0
31861.0 281156.0
34190.0 279893.0
41611.0 277959.0


