18092.0 127419.0
18513.0 126335.0
18596.0 123277.0
18615.0 121232.0
19912.0 121208.0
20345.0 121207.0
20421.0 121196.0
21342.0 121079.0
21708.0 120260.0
24516.0 120257.0
24592.0 119919.0
24820.0 119817.0
27842.0 119781.0
27913.0 119766.0
28763.0 119277.0
32013.0 119065.0
36184.0 118901.0
39434.0 118882.0

18092.0 124114.0
18596.0 122906.0
18615.0 121808.0
19912.0 121784.0
20387.0 121760.0
21266.0 121588.0
21342.0 120762.0
21657.0 120706.0
24592.0 120596.0
24801.0 120483.0
24820.0 120247.0
27266.0 120227.0
28687.0 120185.0
28763.0 119857.0
32013.0 119854.0
32934.0 119754.0
36108.0 119236.0
36184.0 119139.0
40355.0 119003.0

18016.0 126201.0
18092.0 124114.0
18545.0 122177.0
18596.0 121654.0
19112.0 121630.0
19912.0 121606.0
21266.0 121588.0
21342.0 120761.0
21657.0 120706.0
21708.0 120308.0
24516.0 120307.0
24820.0 120247.0
27266.0 120227.0
28687.0 120185.0
28763.0 119857.0
32013.0 119854.0
32934.0 119621.0
35187.0 119578.0
36108.0 119236.0
36184.0 119139.0
40355.0 119003.0

18092.0 122853.0
18545.0 122767.0
18596.0 121654.0
19112.0 121630.0
19912.0 121606.0
20421.0 121422.0
21266.0 121414.0
21342.0 120613.0
21708.0 120518.0
24516.0 120516.0
24592.0 120269.0
24820.0 120192.0
25513.0 119681.0
28687.0 119632.0
28763.0 119507.0
31937.0 119506.0
32934.0 119446.0
36108.0 119236.0
36184.0 119139.0
40355.0 119003.0

18016.0 126201.0
18092.0 124114.0
18545.0 122177.0
18615.0 121635.0
19912.0 121611.0
20387.0 121572.0
21266.0 121567.0
21342.0 120762.0
21657.0 120706.0
21708.0 120651.0
24592.0 120596.0
24801.0 120483.0
24820.0 120247.0
25513.0 120214.0
27862.0 120181.0
28763.0 119786.0
31937.0 119767.0
32934.0 119754.0
35111.0 119742.0
36108.0 119236.0
36184.0 119139.0
40355.0 119003.0

18092.0 123276.0
18596.0 122240.0
18615.0 121792.0
19912.0 121784.0
20387.0 121760.0
20421.0 121425.0
21266.0 121417.0
21342.0 120613.0
21657.0 120515.0
24592.0 120405.0
24820.0 120247.0
27266.0 120227.0
27913.0 120220.0
28687.0 120142.0
28763.0 119704.0
32013.0 119542.0
36108.0 119236.0
36184.0 119139.0
40355.0 119003.0

18092.0 124114.0
18596.0 122811.0
18615.0 121808.0
19912.0 121784.0
20387.0 121760.0
21266.0 121588.0
21342.0 120614.0
24592.0 120504.0
24801.0 120483.0
24820.0 120247.0
27266.0 120227.0
28687.0 120185.0
28763.0 119857.0
32013.0 119854.0
32934.0 119754.0
36108.0 119236.0
36184.0 119139.0
40355.0 119003.0

18092.0 123294.0
18545.0 122700.0
18596.0 121758.0
19912.0 121694.0
20766.0 121552.0
21342.0 120608.0
21708.0 120505.0
24516.0 120422.0
24592.0 120272.0
24750.0 120218.0
25513.0 120155.0
27842.0 119931.0
28687.0 119868.0
28763.0 119576.0
35263.0 119322.0
36108.0 119236.0
36184.0 119139.0
40355.0 119003.0

18092.0 124114.0
18545.0 123573.0
18596.0 122435.0
18615.0 121635.0
19912.0 121441.0
21266.0 121397.0
21342.0 120761.0
21657.0 120706.0
21708.0 120410.0
24516.0 120409.0
24820.0 120197.0
25513.0 119764.0
28687.0 119763.0
28763.0 119512.0
36108.0 119236.0
36184.0 119139.0
40355.0 119003.0

18092.0 123276.0
18596.0 122361.0
18615.0 121808.0
19471.0 121758.0
19912.0 121734.0
20421.0 121481.0
21342.0 120613.0
21708.0 120461.0
24516.0 120418.0
24750.0 120415.0
24801.0 120361.0
24820.0 120238.0
25513.0 120060.0
27690.0 120059.0
28687.0 120035.0
28763.0 119694.0
31937.0 119693.0
32934.0 119532.0
36108.0 119236.0
36184.0 119033.0
40355.0 119003.0
43605.0 118915.0

18092.0 122539.0
18545.0 122005.0
18596.0 122004.0
18615.0 121489.0
19912.0 121441.0
21266.0 121395.0
21342.0 120613.0
21708.0 120418.0
24516.0 120417.0
24592.0 120359.0
24801.0 120176.0
24820.0 120123.0
25513.0 119538.0
28763.0 118939.0
36108.0 118927.0
36184.0 118222.0


