21038.0 305419.0
21342.0 295993.0
21638.0 293152.0
22136.0 292587.0
22263.0 288099.0
24592.0 287925.0
24699.0 287647.0
24820.0 286609.0
25513.0 284138.0
28187.0 283928.0
28687.0 283730.0
28763.0 282725.0
30136.0 282455.0
31937.0 282221.0
32013.0 281988.0
32358.0 281513.0
32934.0 281128.0

19687.0 305678.0
20766.0 299840.0
20857.0 299234.0
21342.0 293896.0
21689.0 292800.0
21708.0 292632.0
22263.0 288354.0
24016.0 287247.0
24801.0 287147.0
24820.0 286760.0
28763.0 286483.0
32013.0 285792.0
35187.0 285331.0

19471.0 298031.0
19505.0 295069.0
20690.0 294529.0
21342.0 293896.0
21689.0 292236.0
21708.0 290299.0
22020.0 289822.0
22146.0 289742.0
22263.0 288354.0
24016.0 287247.0
24592.0 286770.0
24820.0 286760.0
25513.0 286380.0
27913.0 284786.0
28763.0 284725.0
35263.0 284570.0

19505.0 295485.0
21342.0 290190.0
21661.0 287988.0
21708.0 287444.0
22263.0 287260.0
23899.0 286451.0
24820.0 285253.0
31437.0 284930.0
36184.0 284720.0

19505.0 295485.0
21342.0 293896.0
21689.0 292236.0
21708.0 290299.0
22263.0 288354.0
24016.0 287247.0
24592.0 286770.0
24820.0 286760.0
25513.0 286380.0
27913.0 284786.0
28763.0 284725.0
35263.0 284570.0

19505.0 295485.0
21342.0 293896.0
21661.0 291076.0
21708.0 290578.0
22263.0 287133.0
24016.0 286446.0
24750.0 286188.0
24820.0 286134.0
25513.0 286031.0
28763.0 285825.0
32013.0 285353.0
35187.0 285331.0

19687.0 305678.0
20766.0 299840.0
20857.0 299234.0
21342.0 293896.0
21689.0 292800.0
21708.0 291450.0
22263.0 288354.0
24016.0 287247.0
24801.0 287147.0
24820.0 286760.0
25437.0 286301.0
25513.0 285104.0
30987.0 284817.0

19587.0 308236.0
19687.0 305678.0
20766.0 299590.0
20857.0 298768.0
21138.0 297680.0
21342.0 288846.0
21587.0 287851.0
21708.0 287474.0
23950.0 287439.0
24016.0 287247.0
24592.0 286936.0
24820.0 286760.0
25437.0 286301.0
25513.0 285104.0
30987.0 284817.0

19687.0 305678.0
20766.0 299840.0
20857.0 299234.0
21342.0 293735.0
21689.0 292800.0
21708.0 291450.0
22263.0 288354.0
22936.0 287675.0
24016.0 287056.0
24651.0 286930.0
24820.0 286760.0
25437.0 286301.0
25513.0 285104.0
30987.0 284817.0

19587.0 308236.0
19687.0 305678.0
20766.0 298281.0
20857.0 296264.0
21342.0 293359.0
21689.0 292800.0
21708.0 291450.0
22263.0 287560.0
23316.0 287501.0
24016.0 287247.0
24592.0 286439.0
24820.0 286259.0
25513.0 285104.0
30987.0 284817.0

19687.0 305678.0
20766.0 299840.0
20857.0 299234.0
21342.0 292351.0
21689.0 289134.0
21708.0 288392.0
22263.0 286055.0
22495.0 285664.0
24016.0 284725.0
24516.0 284462.0
28687.0 280936.0
30940.0 280005.0
35187.0 279163.0


