18805.0 91633.0
19313.0 90601.0
19466.0 88386.0
19471.0 88299.0
20166.0 87310.0

18805.0 96077.0
19505.0 95013.0
21638.0 94244.0
23950.0 93094.0
24263.0 92588.0
24913.0 92066.0
27487.0 90509.0
29461.0 89693.0
30481.0 89659.0

18805.0 96077.0
18922.0 93710.0
19246.0 92510.0
21364.0 91856.0
24237.0 91520.0
27487.0 87811.0
34908.0 87729.0

18671.0 91062.0
19312.0 87345.0
25513.0 84230.0

18805.0 96077.0
19312.0 92347.0
19505.0 91256.0
22495.0 89409.0
25010.0 88078.0

18805.0 96077.0
18922.0 93710.0
19246.0 92510.0
21108.0 92118.0
21761.0 91596.0
23601.0 89097.0
24750.0 88606.0
24937.0 87578.0

18805.0 96077.0
18922.0 93710.0
19246.0 92510.0
21364.0 89745.0
22620.0 89576.0
34908.0 89496.0

18671.0 96424.0
18805.0 96077.0
18922.0 93710.0
19246.0 92510.0
20955.0 92075.0
20961.0 91303.0
21108.0 87064.0
25513.0 86982.0

18805.0 96077.0
18922.0 89833.0
21364.0 89441.0
25513.0 85684.0
32934.0 85602.0

18671.0 91062.0
21568.0 90999.0
21627.0 88890.0
23601.0 88813.0
24937.0 88708.0
27913.0 87741.0

18513.0 90201.0
18856.0 90072.0
19471.0 88375.0
19912.0 88305.0
20345.0 83639.0
21190.0 82905.0
21342.0 82150.0
21708.0 82071.0
22263.0 81142.0
23519.0 81141.0
27913.0 80958.0


