20766.0 309024.0
20838.0 305617.0
21342.0 298447.0
21708.0 293108.0
22263.0 291721.0
23316.0 290620.0
23950.0 289068.0
24592.0 287802.0
24937.0 287069.0
27043.0 286260.0
27766.0 285672.0
27913.0 284336.0
31437.0 284237.0
31937.0 283800.0
32013.0 283091.0
32934.0 283074.0
36108.0 282385.0

20742.0 313833.0
20955.0 303565.0
21038.0 302341.0
21138.0 295022.0
21342.0 290292.0
21689.0 290203.0
21708.0 289321.0
22020.0 288303.0
22461.0 288291.0
24516.0 288264.0
25437.0 287925.0
26992.0 287870.0
28687.0 287671.0
28763.0 287600.0
29684.0 286839.0
32358.0 286322.0
32934.0 284971.0

20742.0 313833.0
20838.0 292747.0
21138.0 290636.0
21342.0 289762.0
21638.0 289438.0
22020.0 288086.0
24016.0 288057.0
24440.0 287875.0
25513.0 286746.0
28763.0 286742.0
32358.0 285449.0
32934.0 284971.0

20742.0 313833.0
20838.0 292747.0
21104.0 291929.0
21138.0 290636.0
21266.0 290555.0
21342.0 289762.0
21638.0 289632.0
22020.0 288112.0
23880.0 287941.0
24516.0 287893.0
25513.0 286039.0
28687.0 284661.0
28763.0 284096.0
32858.0 283925.0
36108.0 283740.0

20742.0 313833.0
20838.0 292747.0
21138.0 290636.0
21342.0 289762.0
21638.0 289438.0
22020.0 288086.0
24016.0 288057.0
24440.0 288023.0
24801.0 287663.0
25513.0 287209.0
27862.0 286655.0
29684.0 286630.0
32358.0 286322.0
32934.0 284820.0

20690.0 301474.0
20838.0 292336.0
21138.0 290636.0
21342.0 289762.0
21638.0 289632.0
22020.0 287792.0
24516.0 287762.0
25513.0 287618.0
28187.0 287451.0
28687.0 285427.0
28763.0 285014.0
31937.0 284863.0
32934.0 284341.0
36108.0 283593.0

20742.0 313833.0
20838.0 292747.0
21138.0 290636.0
21342.0 289762.0
21638.0 289632.0
22020.0 288303.0
24016.0 288057.0
25437.0 287925.0
26992.0 287870.0
27043.0 287420.0
28687.0 286841.0
29684.0 286839.0
32358.0 286322.0
32858.0 286112.0
32934.0 284971.0

20742.0 313833.0
20838.0 293947.0
20955.0 293579.0
21342.0 292089.0
21638.0 291595.0
21689.0 290855.0
21708.0 289978.0
22020.0 288334.0
22263.0 287972.0
24440.0 287947.0
24801.0 287027.0
25513.0 285860.0
27043.0 285338.0
28763.0 285085.0
32358.0 284919.0
36184.0 284694.0
40355.0 283961.0

20742.0 313833.0
20838.0 292747.0
21138.0 290636.0
21342.0 289762.0
21638.0 289632.0
22020.0 288303.0
24016.0 288057.0
25437.0 287925.0
25513.0 286653.0
27487.0 286461.0
28687.0 285255.0
30155.0 285236.0
32934.0 284971.0
34908.0 284930.0
36108.0 284336.0

20742.0 313833.0
20838.0 292747.0
21138.0 290636.0
21342.0 289762.0
21638.0 289632.0
22020.0 288303.0
24016.0 288057.0
24516.0 287012.0
25513.0 285944.0
28687.0 285802.0
29684.0 285614.0
32934.0 283996.0

20742.0 313833.0
21266.0 311575.0
21342.0 292721.0
21638.0 289431.0
21689.0 285586.0
21708.0 285122.0
25513.0 283249.0
27894.0 281997.0
31025.0 280839.0
34190.0 280466.0
41611.0 278315.0


