20766.0 308683.0
21138.0 306377.0
21342.0 305455.0
21708.0 302550.0
22461.0 295846.0
23950.0 294068.0
24617.0 292953.0
24820.0 292921.0
25513.0 290640.0
27266.0 290051.0
28163.0 289772.0
28763.0 287304.0
31937.0 287164.0
32934.0 285340.0
36184.0 285304.0

20955.0 308652.0
21342.0 306544.0
21346.0 301582.0
21661.0 300490.0
22263.0 297744.0
22680.0 296059.0
23294.0 295263.0
23940.0 294367.0
25513.0 294364.0
27487.0 294279.0
27913.0 293824.0
28163.0 292853.0
31437.0 292597.0
42108.0 292165.0

20742.0 306106.0
21346.0 301582.0
21661.0 298284.0
21821.0 297096.0
22263.0 294446.0
23899.0 292656.0
25513.0 292324.0
28763.0 291684.0
30837.0 291541.0
32934.0 291517.0

20742.0 306106.0
21346.0 301582.0
21661.0 298663.0
21708.0 298312.0
21821.0 297096.0
22212.0 295865.0
22263.0 294357.0
23416.0 293468.0
23899.0 293286.0
25437.0 293221.0
25513.0 292324.0
28763.0 291684.0
30837.0 291452.0

20742.0 306106.0
21342.0 294456.0
21661.0 294023.0
21708.0 293108.0
25010.0 292610.0
25513.0 291812.0
26666.0 289871.0
29684.0 288556.0
32934.0 288488.0
40355.0 288399.0

20742.0 306106.0
21346.0 301582.0
21364.0 299740.0
21587.0 291757.0
21708.0 291612.0
23294.0 291564.0
27913.0 291229.0
28763.0 289987.0
34908.0 288636.0

20742.0 306106.0
21346.0 301582.0
21661.0 300490.0
21708.0 299658.0
22080.0 297239.0
22263.0 294374.0
23416.0 293557.0
23899.0 292526.0
25513.0 292043.0
25792.0 291600.0
26592.0 291388.0
27043.0 291386.0
27843.0 291022.0

20742.0 306106.0
21342.0 302195.0
21346.0 301582.0
21661.0 300490.0
21708.0 295030.0
22263.0 294430.0
23416.0 293908.0
23899.0 292775.0
25513.0 292043.0
25792.0 291600.0
26592.0 291388.0
27043.0 290618.0

20742.0 306106.0
21346.0 301582.0
21661.0 300490.0
21708.0 299658.0
22080.0 297239.0
22212.0 296524.0
22495.0 296461.0
22680.0 295139.0
23940.0 293377.0
24516.0 293029.0
25513.0 291430.0
26592.0 291388.0
27043.0 291386.0
27843.0 291022.0
28187.0 290452.0
30136.0 290379.0
32934.0 288461.0
40355.0 287105.0

20742.0 306106.0
21346.0 301582.0
21661.0 298035.0
21708.0 295088.0
22263.0 294374.0
22902.0 293308.0
23316.0 293228.0
23899.0 292526.0
25513.0 292043.0
25792.0 291600.0
26592.0 291388.0
27043.0 291386.0
27843.0 291022.0

20269.0 290796.0
21708.0 288315.0
22263.0 286502.0
23519.0 285440.0
24801.0 284776.0
25513.0 284371.0
27690.0 284060.0
27894.0 283407.0
31025.0 280671.0
34190.0 279479.0


