18596.0 226095.0
18922.0 222786.0
19146.0 212177.0
19313.0 212106.0
19505.0 212082.0
20066.0 211491.0
20766.0 209384.0
20857.0 207967.0
21342.0 205923.0
21708.0 204492.0
24516.0 204356.0
24592.0 204279.0
24801.0 204230.0
25513.0 202763.0
27487.0 202345.0
28187.0 202114.0
28763.0 201051.0
30737.0 201049.0
31437.0 200818.0

19146.0 212476.0
19471.0 208429.0
19946.0 207703.0
20766.0 207401.0
21342.0 205043.0
21708.0 203631.0
22263.0 203437.0
23950.0 203050.0
24016.0 202901.0
25513.0 202374.0
28763.0 202251.0

19146.0 212476.0
19471.0 208429.0
19946.0 207703.0
20766.0 207366.0
21342.0 205043.0
21708.0 203631.0
22263.0 203437.0
23950.0 203050.0
24016.0 202901.0
24516.0 202574.0
25437.0 202457.0
25513.0 202320.0
28763.0 202235.0
39434.0 202230.0

18615.0 210340.0
19146.0 210175.0
19471.0 207585.0
20766.0 207323.0
20838.0 207264.0
21342.0 204597.0
21708.0 203455.0
22263.0 203437.0
23950.0 203050.0
24016.0 202725.0
24801.0 202712.0
25513.0 202374.0
28763.0 202075.0
39434.0 202026.0
53700.0 201958.0

18615.0 207639.0
18856.0 207558.0
19471.0 207400.0
20066.0 206929.0
21266.0 206917.0
21342.0 205043.0
21638.0 205034.0
21708.0 203631.0
22263.0 203437.0
23950.0 203031.0
24016.0 202901.0
24516.0 202574.0
25437.0 202457.0
25513.0 202374.0
28763.0 202229.0

18922.0 208429.0
19146.0 208291.0
19912.0 207843.0
19946.0 207565.0
20766.0 207401.0
21342.0 205043.0
21708.0 203631.0
22263.0 203437.0
23950.0 203050.0
24016.0 202901.0
25513.0 202374.0
28763.0 201986.0
30737.0 201741.0
31437.0 201739.0
38158.0 201736.0
38858.0 201734.0

18922.0 208394.0
19471.0 208145.0
19946.0 207419.0
20766.0 207401.0
21342.0 205043.0
21708.0 203631.0
22263.0 203437.0
23950.0 203050.0
24016.0 202901.0
25513.0 202374.0
28763.0 202251.0

18596.0 217359.0
18615.0 215113.0
19146.0 212476.0
19471.0 208429.0
19946.0 207703.0
20066.0 207441.0
20766.0 207366.0
20838.0 207295.0
21342.0 204996.0
21627.0 204187.0
21708.0 203631.0
22263.0 203437.0
23950.0 202969.0
24016.0 202404.0
25513.0 202320.0
28763.0 202233.0
29684.0 202095.0
32013.0 202090.0
32934.0 201836.0

18922.0 208394.0
19471.0 208145.0
19946.0 207419.0
20766.0 207401.0
21342.0 205043.0
21657.0 204921.0
21708.0 203631.0
22263.0 203437.0
23950.0 203050.0
24016.0 202901.0
24801.0 202299.0
28763.0 201971.0
30737.0 201937.0

18615.0 210797.0
18671.0 209044.0
18922.0 208394.0
19471.0 208145.0
19946.0 207419.0
20766.0 207401.0
21342.0 205043.0
21708.0 203631.0
22263.0 203437.0
23950.0 203050.0
24016.0 202901.0
25513.0 202286.0
28763.0 202083.0
31437.0 202010.0
32934.0 201896.0
46279.0 201730.0

19112.0 211844.0
19146.0 209696.0
19471.0 208429.0
19912.0 206906.0
19946.0 204870.0
19980.0 204829.0
21342.0 203394.0
21689.0 202202.0
21708.0 201786.0
22263.0 201582.0
24801.0 201410.0
25513.0 200857.0
39434.0 200467.0
44526.0 200383.0
46779.0 200256.0
46855.0 199866.0
51026.0 199390.0
54276.0 199311.0


