18615.0 165453.0
19146.0 164818.0
19471.0 163850.0
19946.0 163681.0
20838.0 163668.0
21266.0 163397.0
21342.0 163302.0
21638.0 162720.0
21689.0 162397.0
21708.0 161753.0
22263.0 161690.0
24516.0 161631.0
24592.0 161280.0
24801.0 161067.0
25513.0 160313.0
28763.0 159192.0
31937.0 159183.0
32013.0 159097.0
36184.0 158176.0
39434.0 158140.0
43605.0 157734.0

18596.0 167841.0
18615.0 166205.0
18671.0 166170.0
19146.0 165657.0
19505.0 165159.0
19980.0 164957.0
20421.0 164641.0
20766.0 164157.0
21266.0 163669.0
21342.0 162309.0
24801.0 162127.0
24820.0 161748.0
27487.0 161667.0
28187.0 161132.0
31361.0 160813.0

18596.0 164203.0
20766.0 164025.0
21266.0 163669.0
21342.0 162150.0
21689.0 162149.0
24731.0 162067.0
24750.0 161917.0
24801.0 161897.0
24820.0 161633.0
27862.0 161311.0
28187.0 161132.0
31361.0 160727.0

18596.0 163831.0
19112.0 163773.0
21266.0 163669.0
21342.0 162309.0
24516.0 162194.0
24592.0 162175.0
24801.0 161977.0
24820.0 161748.0
26643.0 161703.0
27043.0 161565.0
27913.0 161366.0
28187.0 161132.0
28763.0 161056.0
31361.0 160727.0
32934.0 160403.0
36108.0 160360.0

18596.0 163359.0
21342.0 162297.0
21708.0 162047.0
24801.0 161977.0
24820.0 161717.0
25513.0 160921.0
28187.0 160920.0
28763.0 160516.0
32934.0 160383.0
36108.0 160360.0

18596.0 164244.0
18615.0 163998.0
18671.0 163264.0
19471.0 163229.0
20421.0 163193.0
21342.0 162167.0
21689.0 162149.0
24016.0 162041.0
24750.0 161404.0
27913.0 161353.0
28187.0 161132.0
29684.0 160773.0
31361.0 160727.0

18596.0 166944.0
18615.0 166205.0
18671.0 166170.0
19112.0 165588.0
19505.0 164862.0
20421.0 164641.0
20742.0 164535.0
20766.0 164157.0
20838.0 164036.0
21266.0 163669.0
21342.0 162309.0
24801.0 162127.0
24820.0 161748.0
27487.0 161667.0
28187.0 161132.0
29684.0 161082.0
31361.0 160727.0

18545.0 165365.0
18615.0 164367.0
19845.0 164153.0
20766.0 164110.0
20838.0 164036.0
21266.0 163669.0
21342.0 162309.0
21657.0 162247.0
24592.0 161925.0
24820.0 161667.0
27487.0 161576.0
28187.0 161132.0
29684.0 161082.0
31361.0 160533.0

18596.0 166944.0
18615.0 166205.0
18671.0 166170.0
19112.0 165588.0
19505.0 164862.0
20421.0 164641.0
20742.0 164535.0
20766.0 164157.0
20838.0 164036.0
21266.0 163669.0
21342.0 162309.0
24801.0 162127.0
24820.0 161748.0
27487.0 161667.0
28187.0 161132.0
29684.0 160711.0

18596.0 164808.0
18615.0 163543.0
18671.0 163164.0
19471.0 163078.0
19946.0 162991.0
20421.0 162955.0
20766.0 162935.0
21342.0 162309.0
21638.0 162150.0
21689.0 162068.0
24592.0 161429.0
24750.0 161404.0
27843.0 161397.0
27913.0 161136.0
28187.0 161132.0
29684.0 160561.0

18596.0 163429.0
18615.0 163057.0
18671.0 163002.0
19471.0 162891.0
20421.0 162855.0
21342.0 162027.0
22263.0 161774.0
24592.0 161087.0
24750.0 161070.0
24820.0 160138.0
27894.0 159651.0
29684.0 159200.0
32934.0 159011.0
39434.0 158519.0
41611.0 158233.0


