21657.0 388965.0
21689.0 383897.0
22495.0 382448.0
22771.0 381408.0
23950.0 381351.0
24128.0 380158.0
24516.0 377384.0
24592.0 373382.0
24820.0 371289.0
25513.0 370215.0
27266.0 369592.0
28687.0 369336.0
28763.0 368843.0
29684.0 367403.0
31437.0 366678.0
34611.0 366424.0
35263.0 365209.0

21342.0 398013.0
21689.0 380444.0
21708.0 376382.0
22263.0 373821.0
23550.0 373084.0
23950.0 371865.0
24237.0 371835.0
25513.0 368958.0
31937.0 368570.0
32934.0 368066.0

21342.0 398013.0
21661.0 384930.0
21689.0 380444.0
21708.0 376382.0
22263.0 373821.0
23550.0 373084.0
23950.0 371656.0
24237.0 371626.0
25513.0 368958.0
31937.0 368570.0
32934.0 368066.0
34908.0 367998.0
35263.0 367625.0

21342.0 381164.0
21364.0 379190.0
21708.0 376382.0
22102.0 374382.0
22263.0 373821.0
23550.0 373084.0
23950.0 371447.0
25513.0 368958.0
31937.0 368570.0
32934.0 367762.0

20766.0 405956.0
20787.0 405946.0
21342.0 398013.0
21661.0 384512.0
21689.0 380444.0
21708.0 376382.0
22263.0 373821.0
23550.0 373084.0
23950.0 371865.0
24237.0 371626.0
25513.0 368958.0
31937.0 368570.0
32934.0 368066.0

21342.0 398013.0
21364.0 379190.0
21708.0 376382.0
22263.0 373821.0
23550.0 373084.0
23950.0 371865.0
24237.0 371835.0
25513.0 368958.0
31937.0 368570.0
32934.0 368066.0

21342.0 398013.0
21689.0 380444.0
21708.0 376382.0
22263.0 372840.0
23950.0 371865.0
24237.0 371835.0
25513.0 368958.0
28687.0 368794.0
31937.0 368570.0
32934.0 368066.0
35263.0 367921.0

21342.0 398013.0
21689.0 380444.0
21708.0 376382.0
22263.0 372840.0
23950.0 371865.0
24237.0 371835.0
25513.0 368958.0
28687.0 368359.0
32934.0 368066.0
35263.0 367921.0

21342.0 398013.0
21689.0 380444.0
21708.0 376382.0
22263.0 372840.0
23950.0 371865.0
24237.0 371835.0
25513.0 368958.0
28687.0 368794.0
31937.0 368570.0
32934.0 368066.0
35263.0 367921.0

21342.0 398013.0
21627.0 390300.0
21661.0 387231.0
21689.0 380444.0
21708.0 376382.0
22263.0 372840.0
23950.0 371865.0
24237.0 371835.0
25513.0 368958.0
27842.0 367725.0
33987.0 367701.0
36184.0 365978.0

21342.0 398013.0
21364.0 374928.0
21689.0 366931.0
24801.0 366039.0
25513.0 364090.0
27894.0 363336.0
31025.0 360802.0
34190.0 359929.0
36184.0 358099.0


