19835.0 223655.0
20457.0 219541.0
21266.0 218424.0
21342.0 214073.0
21689.0 213899.0
21708.0 211175.0
23316.0 208879.0
24237.0 208759.0
24592.0 208549.0
24750.0 208414.0
24801.0 207665.0
25513.0 207086.0
26490.0 207009.0
28763.0 206438.0
29684.0 205816.0
35187.0 205797.0
42608.0 205782.0

20766.0 215640.0
21266.0 213132.0
21342.0 212993.0
21708.0 211515.0
22263.0 207812.0
23950.0 207223.0
24617.0 206840.0
24801.0 206708.0
25513.0 205840.0
30155.0 205633.0
30987.0 205354.0
32934.0 205044.0

20766.0 215640.0
21266.0 212960.0
21342.0 212702.0
21708.0 210475.0
22263.0 207812.0
23950.0 207223.0
24617.0 206840.0
24801.0 206708.0
25513.0 205840.0
30155.0 205633.0
30987.0 205354.0
32934.0 205044.0

20766.0 215413.0
21266.0 213132.0
21342.0 212993.0
21638.0 211665.0
21661.0 211232.0
21708.0 209705.0
22263.0 207245.0
22495.0 206329.0
23499.0 206278.0
25513.0 205840.0
28763.0 204771.0

20142.0 219705.0
20766.0 215640.0
21266.0 213132.0
21342.0 211460.0
21638.0 210845.0
21689.0 210255.0
21708.0 209288.0
22263.0 207812.0
23950.0 207223.0
24617.0 206840.0
24801.0 206708.0
25513.0 205501.0
28763.0 205080.0
32934.0 205044.0
36184.0 204345.0

20742.0 217698.0
20766.0 215640.0
21138.0 213664.0
21266.0 212960.0
21342.0 211292.0
21638.0 209686.0
21708.0 209288.0
22263.0 206570.0
24801.0 205777.0
28763.0 204903.0

20766.0 215640.0
21266.0 213132.0
21342.0 212993.0
21708.0 210240.0
22263.0 207812.0
23950.0 207223.0
24617.0 206840.0
24801.0 206708.0
25513.0 205840.0
30155.0 205633.0
30737.0 205567.0
30987.0 205354.0
32934.0 205044.0

20742.0 215947.0
20766.0 213468.0
21089.0 212525.0
21138.0 210630.0
21689.0 209821.0
21708.0 209083.0
22263.0 207812.0
23916.0 207630.0
23950.0 207223.0
24617.0 206840.0
24801.0 206708.0
25513.0 205840.0
28763.0 205346.0
32934.0 204728.0

20766.0 215323.0
20857.0 213748.0
21266.0 213132.0
21342.0 211460.0
21638.0 210845.0
21661.0 210617.0
21689.0 210255.0
21708.0 208926.0
22212.0 208851.0
22263.0 207102.0
23950.0 205993.0
24592.0 205172.0
28763.0 204365.0
32013.0 204001.0

20766.0 215640.0
21266.0 213132.0
21342.0 211460.0
21638.0 210497.0
21689.0 210220.0
21708.0 209067.0
22263.0 207812.0
23499.0 206998.0
24592.0 206783.0
24801.0 206708.0
25513.0 205840.0
28763.0 204784.0
32013.0 204473.0

20766.0 215640.0
21266.0 213132.0
21342.0 209841.0
21689.0 208385.0
21708.0 206833.0
22263.0 205746.0
24731.0 205724.0
24801.0 202898.0
27894.0 202581.0
28687.0 201920.0
30940.0 201814.0
31937.0 201420.0
35111.0 200071.0
41611.0 198122.0


