18615.0 172002.0
18922.0 171088.0
19505.0 170621.0
19980.0 170274.0
20419.0 170170.0
20457.0 169937.0
20742.0 167133.0
21342.0 165099.0
21689.0 164611.0
22263.0 163948.0
24016.0 163909.0
24516.0 163635.0
24782.0 163479.0
24937.0 162868.0
25513.0 162770.0
28187.0 162704.0
28763.0 162622.0
30987.0 162460.0
31437.0 162138.0

18615.0 175729.0
18805.0 168988.0
19313.0 168807.0
19505.0 167325.0
20742.0 167252.0
20838.0 165426.0
21266.0 165360.0
21342.0 163356.0
21708.0 163355.0
24516.0 163341.0
24592.0 163126.0
27766.0 163013.0
27913.0 162752.0
28687.0 162473.0

18545.0 170703.0
18805.0 168988.0
19313.0 168807.0
19505.0 167325.0
20742.0 167252.0
20838.0 165426.0
21266.0 165360.0
21342.0 163356.0
21708.0 163355.0
24516.0 163341.0
24592.0 163126.0
27766.0 163013.0
27913.0 162752.0
28687.0 162473.0

18545.0 169306.0
18805.0 168382.0
19313.0 167536.0
19505.0 167107.0
20345.0 166071.0
20838.0 165426.0
21266.0 165360.0
21342.0 163356.0
21708.0 163355.0
24516.0 163341.0
24592.0 163126.0
25513.0 162796.0
27843.0 162431.0
28763.0 161653.0

18545.0 170703.0
18596.0 169607.0
18615.0 169354.0
18671.0 169099.0
18805.0 168439.0
18856.0 168115.0
19112.0 165084.0
19912.0 164973.0
19946.0 164507.0
20345.0 164335.0
21342.0 163356.0
21708.0 162566.0
24516.0 162017.0
25513.0 161824.0
27766.0 161607.0
28687.0 161239.0

18545.0 169306.0
18805.0 168988.0
19313.0 168383.0
19505.0 166858.0
20742.0 166365.0
20838.0 165426.0
21266.0 165360.0
21342.0 163356.0
21708.0 163355.0
24516.0 163341.0
24592.0 163126.0
25513.0 162577.0
28687.0 162473.0

18615.0 175729.0
18671.0 168693.0
19505.0 167537.0
20742.0 167252.0
20838.0 165426.0
21266.0 165360.0
21342.0 163356.0
21708.0 163355.0
24516.0 163341.0
24592.0 163126.0
27766.0 163013.0
27913.0 162752.0
28687.0 162473.0

18513.0 170670.0
18615.0 169439.0
18623.0 168122.0
19505.0 167266.0
20742.0 167020.0
20838.0 165426.0
21266.0 165360.0
21342.0 163356.0
21708.0 163355.0
24516.0 163341.0
24592.0 163126.0
27766.0 163013.0
27913.0 162752.0
28687.0 162473.0

18545.0 170703.0
18805.0 168988.0
19313.0 168383.0
19505.0 167164.0
20742.0 167058.0
20766.0 166214.0
20838.0 165426.0
21266.0 164679.0
21342.0 163356.0
21689.0 163005.0
21708.0 162455.0
23950.0 162401.0
24516.0 161808.0
27766.0 161607.0
28687.0 161239.0

18545.0 168770.0
18615.0 168707.0
18671.0 168673.0
18805.0 168563.0
19505.0 167131.0
20345.0 165631.0
20838.0 165426.0
21266.0 165360.0
21342.0 163356.0
21708.0 163355.0
24516.0 163341.0
24592.0 162896.0
24820.0 162848.0
25513.0 162577.0
27862.0 162486.0
28687.0 162473.0
28763.0 162187.0

18148.0 170550.0
18545.0 169632.0
18615.0 169497.0
18671.0 168778.0
18922.0 168628.0
19471.0 165573.0
19845.0 164677.0
19912.0 163638.0
21342.0 162574.0
21689.0 162172.0
21708.0 161469.0
24801.0 160802.0
27842.0 160687.0
27913.0 160249.0
34190.0 159684.0


