21657.0 326629.0
21661.0 304805.0
21689.0 299958.0
22263.0 298093.0
23416.0 296491.0
24801.0 295763.0
24937.0 294428.0
25010.0 294306.0
25437.0 293108.0
25513.0 291144.0
25990.0 290997.0
26690.0 290620.0
27487.0 289757.0
29684.0 289511.0
32934.0 288198.0
38858.0 287510.0

21266.0 309879.0
21342.0 309320.0
21661.0 308604.0
21689.0 306814.0
21708.0 302331.0
22461.0 300970.0
22495.0 299636.0
23316.0 299173.0
24201.0 298814.0
24440.0 297974.0
24651.0 297214.0
24801.0 296561.0
25437.0 295437.0
25513.0 293112.0

21266.0 309879.0
21342.0 309320.0
21661.0 308604.0
21689.0 306814.0
21708.0 292690.0
24016.0 292682.0
24592.0 292141.0
25513.0 291227.0
28763.0 290591.0

21266.0 309879.0
21342.0 304831.0
21661.0 304310.0
21708.0 292620.0
25513.0 291706.0
28763.0 291363.0

21266.0 309879.0
21342.0 300396.0
21661.0 299653.0
21708.0 296664.0
21755.0 296346.0
22263.0 295615.0
23316.0 295157.0
23550.0 294501.0
23950.0 292887.0
25513.0 291439.0
27266.0 290378.0
27966.0 290157.0

21089.0 313876.0
21266.0 309879.0
21342.0 300396.0
21657.0 296906.0
21708.0 293660.0
23099.0 293659.0
23950.0 292887.0
25513.0 291663.0

21266.0 309879.0
21342.0 309320.0
21638.0 301446.0
21708.0 301038.0
21795.0 298579.0
22263.0 297941.0
22495.0 296076.0
24016.0 295684.0
24750.0 295597.0
24801.0 295219.0
25437.0 294141.0
25513.0 292906.0

21266.0 309879.0
21342.0 308109.0
21638.0 299237.0
22263.0 297941.0
22495.0 297520.0
23992.0 297054.0
24016.0 295684.0
24750.0 295151.0
24913.0 294824.0
25437.0 294141.0
25513.0 292906.0

21266.0 309879.0
21342.0 298363.0
21661.0 298259.0
21708.0 297927.0
22461.0 295679.0
23916.0 295241.0
24201.0 294563.0
24237.0 292766.0
25513.0 292550.0
28187.0 292420.0
28763.0 291395.0
29684.0 290241.0
32934.0 289887.0
37105.0 289234.0

21266.0 309879.0
21342.0 309320.0
21638.0 299237.0
22263.0 297941.0
22495.0 297520.0
24016.0 295684.0
24592.0 295254.0
24651.0 295083.0
24801.0 294486.0
25437.0 294141.0
25513.0 292906.0
28763.0 292800.0
31006.0 292093.0

21266.0 309879.0
21342.0 299043.0
21638.0 289855.0
21708.0 286558.0
24801.0 283296.0
25513.0 282526.0
27894.0 281976.0
28687.0 281825.0
31937.0 281072.0


