18671.0 90225.0
20766.0 90213.0
20857.0 89289.0
22495.0 88230.0
23992.0 87887.0
28163.0 87478.0

21138.0 92494.0
22620.0 92171.0
23428.0 91719.0
25513.0 89868.0
28687.0 89748.0
32334.0 88186.0

18922.0 95557.0
20766.0 93676.0
20857.0 92212.0
21342.0 90683.0
21821.0 90064.0
25513.0 89868.0
26566.0 89538.0
28763.0 89114.0
32334.0 88186.0

18596.0 94210.0
20766.0 93726.0
21138.0 92494.0
21364.0 92118.0
23316.0 88384.0
25584.0 85549.0
28763.0 85024.0
32934.0 83749.0

18092.0 95898.0
18412.0 93035.0
18596.0 92399.0
21266.0 92279.0
21364.0 92073.0
23428.0 91719.0
25513.0 89444.0
27487.0 88063.0

18922.0 91453.0
20187.0 90833.0
21342.0 90534.0
21638.0 90103.0
22461.0 86364.0
29684.0 85269.0

18092.0 93036.0
18596.0 92727.0
20857.0 92212.0
21266.0 91923.0
21342.0 90683.0
21821.0 90064.0
25513.0 89868.0
26566.0 89818.0
28687.0 89685.0
28763.0 89114.0
32334.0 88186.0

18596.0 92727.0
18922.0 91688.0
19471.0 90349.0
20857.0 88110.0
21342.0 87342.0
21821.0 86784.0
22461.0 86768.0
24592.0 86457.0
26566.0 85834.0
32013.0 85789.0

18092.0 95898.0
18412.0 93035.0
18596.0 92582.0
20766.0 92574.0
21138.0 92494.0
21342.0 91646.0
24516.0 91463.0
24801.0 91280.0
25513.0 89444.0
28763.0 89382.0
32334.0 88186.0

18545.0 90412.0
21266.0 90060.0
21342.0 88333.0
23069.0 86827.0
28163.0 86544.0
29684.0 85269.0

18545.0 82238.0
19471.0 81593.0
21342.0 81065.0
21689.0 80971.0
21708.0 80729.0
22263.0 80720.0
24801.0 80605.0
25513.0 80282.0
34190.0 79397.0


