18092.0 172916.0
18596.0 172722.0
18615.0 166465.0
19471.0 166009.0
20838.0 165054.0
21689.0 163959.0
22263.0 163451.0
25437.0 163423.0
25513.0 162668.0
27766.0 162438.0
28187.0 162381.0
28763.0 162181.0
32013.0 162005.0
35187.0 161693.0
36184.0 161345.0

19471.0 175290.0
19505.0 174597.0
19980.0 168966.0
19990.0 167254.0
20066.0 166966.0
20387.0 166268.0
20787.0 166217.0
20857.0 165874.0
21266.0 165579.0
21342.0 165431.0
22263.0 164072.0
24182.0 163947.0
27894.0 163792.0
28687.0 163577.0
28763.0 163480.0
29684.0 163199.0
34687.0 162715.0
36184.0 162432.0
42108.0 161956.0

19471.0 175290.0
19505.0 174475.0
19587.0 168772.0
19990.0 167254.0
20066.0 166966.0
20387.0 166268.0
20787.0 166217.0
20857.0 165874.0
21266.0 165579.0
21342.0 165431.0
22263.0 163962.0
24182.0 163874.0
27894.0 163792.0
28687.0 163577.0
28763.0 163456.0
29684.0 163175.0
34687.0 162715.0
36184.0 161730.0

19379.0 173651.0
19471.0 166426.0
19990.0 166025.0
20421.0 165534.0
21342.0 165408.0
21708.0 165072.0
22263.0 163962.0
24182.0 163874.0
24237.0 163606.0
24731.0 163398.0
26573.0 163149.0
34687.0 162715.0
36184.0 162432.0
42108.0 161956.0

18615.0 167874.0
19621.0 167243.0
20066.0 166966.0
20387.0 166268.0
20787.0 166217.0
20857.0 165874.0
21266.0 165579.0
21342.0 164905.0
22263.0 164008.0
23440.0 163999.0
24182.0 163874.0
27894.0 163728.0
28687.0 163577.0
28763.0 163456.0
29684.0 163175.0
34687.0 162715.0
36184.0 162432.0
42108.0 161956.0

18805.0 167203.0
18922.0 166185.0
19471.0 165402.0
19946.0 164164.0
20421.0 164102.0
21342.0 163844.0
24016.0 163642.0
24592.0 163553.0
24937.0 163251.0
29684.0 162873.0
34687.0 162715.0
36184.0 162432.0
42108.0 161956.0

19471.0 175290.0
19505.0 174475.0
19980.0 168966.0
19990.0 167254.0
20066.0 166966.0
20387.0 166268.0
20787.0 166217.0
20857.0 165874.0
21266.0 165579.0
21342.0 165431.0
22263.0 164008.0
23440.0 163954.0
24182.0 163874.0
27894.0 163728.0
28687.0 163577.0
28763.0 163223.0
29684.0 163185.0
30955.0 163082.0
34687.0 161700.0
36184.0 161641.0

18596.0 175812.0
18615.0 166376.0
18922.0 166313.0
19505.0 165785.0
19912.0 165051.0
20066.0 164627.0
21266.0 164556.0
21638.0 164423.0
22263.0 163866.0
23880.0 163852.0
24731.0 163803.0
25513.0 163434.0
28187.0 163325.0
29684.0 163199.0
30955.0 162908.0
34687.0 161700.0

19471.0 171907.0
19980.0 168966.0
19990.0 166254.0
20766.0 165296.0
21342.0 165064.0
21708.0 164975.0
22263.0 164008.0
23940.0 164000.0
24182.0 163874.0
27894.0 163728.0
28687.0 163577.0
28763.0 163223.0
29684.0 163185.0
30955.0 163082.0
34687.0 162118.0
36184.0 161641.0

18615.0 167056.0
18922.0 166185.0
19505.0 165939.0
20066.0 165140.0
20766.0 165132.0
21266.0 165008.0
21342.0 164505.0
21708.0 164294.0
22263.0 163506.0
22936.0 163337.0
29684.0 163199.0
30955.0 162908.0
34687.0 161700.0

18596.0 169185.0
18615.0 164406.0
19112.0 164310.0
19845.0 163913.0
19946.0 163898.0
20345.0 163330.0
21266.0 162862.0
21342.0 161736.0
27766.0 160879.0
27913.0 160022.0
30940.0 159934.0
35111.0 158875.0


