18545.0 124209.0
18596.0 123489.0
18615.0 122015.0
19112.0 121979.0
19912.0 121868.0
20345.0 121865.0
21342.0 120594.0
21708.0 120175.0
24820.0 119978.0
27690.0 119905.0
28763.0 119587.0
30955.0 119532.0
31937.0 119515.0
32013.0 119004.0
36184.0 118703.0
39434.0 118518.0
43605.0 118411.0
46855.0 118061.0

18092.0 125800.0
18526.0 122853.0
18545.0 122836.0
18596.0 122072.0
19112.0 122044.0
19912.0 121974.0
20766.0 121931.0
21266.0 121868.0
21342.0 120977.0
24592.0 120701.0
24750.0 120593.0
24801.0 120548.0
28687.0 120323.0
28763.0 120160.0
31937.0 120139.0
32013.0 119862.0

18092.0 125800.0
18526.0 122853.0
18545.0 122836.0
18596.0 122072.0
19112.0 122044.0
19912.0 121974.0
20766.0 121931.0
21266.0 121868.0
21342.0 120977.0
24592.0 120701.0
24750.0 120593.0
24801.0 120548.0
28687.0 120323.0
28763.0 120160.0
31937.0 120139.0
32013.0 119862.0

18092.0 123162.0
18526.0 122853.0
18545.0 122836.0
18596.0 122072.0
19112.0 122044.0
19912.0 121974.0
20766.0 121931.0
21266.0 121868.0
21342.0 120977.0
24592.0 120701.0
24750.0 120593.0
24801.0 120548.0
28687.0 120323.0
28763.0 120107.0
31937.0 120106.0
32013.0 119862.0

18092.0 125800.0
18526.0 122853.0
18545.0 122836.0
18596.0 122072.0
18615.0 121709.0
19471.0 121601.0
20345.0 121552.0
21342.0 120977.0
24592.0 120701.0
24750.0 120593.0
24801.0 120474.0
25513.0 120101.0
27766.0 120098.0
28763.0 119873.0
32013.0 119788.0

18092.0 123162.0
18526.0 122853.0
18545.0 122836.0
18596.0 122072.0
18615.0 122014.0
19912.0 121974.0
20766.0 121931.0
21266.0 121868.0
21342.0 120977.0
24592.0 120701.0
24750.0 120593.0
24801.0 120548.0
28687.0 120323.0
28763.0 119931.0
32013.0 119862.0

18092.0 125800.0
18526.0 122853.0
18545.0 122836.0
18596.0 122072.0
19112.0 122044.0
19912.0 121974.0
20766.0 121931.0
21266.0 121868.0
21342.0 120977.0
24592.0 120701.0
24750.0 120593.0
24801.0 120548.0
28687.0 120323.0
28763.0 120160.0
31937.0 120139.0
32013.0 119862.0

18092.0 124350.0
18526.0 122853.0
18545.0 122836.0
18596.0 122072.0
18615.0 121998.0
19912.0 121974.0
20766.0 121931.0
21266.0 121867.0
21342.0 120977.0
24592.0 120701.0
24750.0 120593.0
24801.0 120548.0
24820.0 120296.0
28763.0 120056.0
32013.0 119862.0

18092.0 125640.0
18526.0 122853.0
18545.0 122836.0
18596.0 121928.0
19471.0 121759.0
19912.0 121735.0
20345.0 121710.0
21342.0 120977.0
24592.0 120701.0
24750.0 120593.0
24801.0 120548.0
25513.0 120313.0
27766.0 120309.0
28763.0 120141.0
31937.0 120139.0
32013.0 119862.0

18092.0 123162.0
18526.0 122853.0
18545.0 122836.0
18596.0 122072.0
19112.0 122044.0
19912.0 121974.0
20766.0 121931.0
21266.0 121867.0
21342.0 120977.0
21638.0 120897.0
21708.0 120809.0
24592.0 120701.0
24750.0 120593.0
24801.0 120548.0
24820.0 120296.0
28763.0 120107.0
31937.0 120106.0
32013.0 119862.0

17996.0 131006.0
18092.0 125764.0
18526.0 122853.0
18545.0 122309.0
18596.0 121960.0
18615.0 121958.0
19247.0 121912.0
19912.0 121888.0
20421.0 121659.0
21342.0 120977.0
21638.0 120955.0
21708.0 120937.0
24516.0 120936.0
24592.0 120637.0
24750.0 120593.0
24801.0 120548.0
25513.0 120099.0
27766.0 120098.0
27913.0 119686.0
28763.0 119082.0
36184.0 119032.0


