21342.0 349644.0
21657.0 348189.0
21661.0 346959.0
21708.0 342116.0
22263.0 336819.0
22461.0 334130.0
23940.0 334095.0
23950.0 334049.0
24016.0 333324.0
24237.0 333113.0
24801.0 332172.0
25513.0 330191.0
27043.0 329370.0
28763.0 326886.0
31937.0 326667.0
32934.0 325237.0
36108.0 324653.0
39358.0 323905.0

20955.0 356573.0
21342.0 349792.0
21657.0 348529.0
21689.0 346281.0
21755.0 343145.0
22263.0 336931.0
22716.0 336781.0
23316.0 335250.0
24016.0 334893.0
24128.0 334890.0
24592.0 333928.0
24913.0 333795.0
25513.0 331024.0
26443.0 330362.0
28687.0 329705.0
36108.0 329465.0

20955.0 356573.0
21342.0 349792.0
21638.0 348166.0
21657.0 340696.0
21708.0 336692.0
22716.0 336488.0
23316.0 335250.0
24016.0 334893.0
24128.0 334890.0
24516.0 334224.0
24592.0 331707.0
25513.0 330666.0
26192.0 330464.0
26443.0 330362.0
28687.0 329705.0
30737.0 329185.0
30837.0 328281.0
37105.0 327995.0

20955.0 356573.0
21342.0 349792.0
21638.0 348166.0
21657.0 340696.0
22263.0 335619.0
22495.0 333734.0
24592.0 331175.0
24680.0 331157.0
24937.0 330978.0
25513.0 329506.0
29684.0 328838.0
32013.0 328823.0
39434.0 328105.0

20955.0 356573.0
21342.0 349792.0
21638.0 348166.0
21657.0 340696.0
22263.0 336931.0
22716.0 336697.0
23316.0 335250.0
24016.0 334893.0
24128.0 334890.0
24592.0 332956.0
25513.0 330622.0
26443.0 330362.0
28687.0 329705.0
32013.0 329275.0
32934.0 329155.0
39434.0 328691.0

20955.0 348576.0
21342.0 348413.0
21661.0 347958.0
21689.0 344876.0
21708.0 340020.0
21755.0 337614.0
22263.0 336172.0
22640.0 335946.0
23316.0 335250.0
23950.0 334419.0
24237.0 332566.0
24801.0 332444.0
25010.0 332003.0
25451.0 331219.0
25513.0 330624.0
26443.0 330362.0
28000.0 330098.0
28687.0 329705.0
32934.0 329308.0
36108.0 329208.0
37105.0 329142.0
39434.0 328691.0

20955.0 356573.0
21342.0 349792.0
21657.0 348529.0
21689.0 346281.0
21755.0 343145.0
22263.0 336931.0
22716.0 336781.0
23316.0 335197.0
24016.0 334893.0
24128.0 334890.0
24592.0 332287.0
24820.0 332223.0
24913.0 332176.0
25513.0 331024.0
26443.0 330362.0
28687.0 329705.0
36108.0 329465.0
36184.0 328970.0

20955.0 356573.0
21342.0 349792.0
21657.0 346645.0
21689.0 338903.0
22263.0 336931.0
22716.0 336781.0
23316.0 335250.0
23788.0 334582.0
24592.0 332417.0
24820.0 332092.0
25513.0 331024.0
26443.0 330362.0
27411.0 330130.0
28687.0 329705.0
28763.0 328749.0
30737.0 328518.0
35187.0 328214.0

20955.0 356573.0
21342.0 349792.0
21657.0 348529.0
21689.0 346281.0
21755.0 343145.0
22263.0 336931.0
22716.0 336781.0
23316.0 335197.0
24016.0 334893.0
24128.0 334890.0
24592.0 332287.0
24820.0 332223.0
24913.0 332176.0
25513.0 331024.0
26443.0 330362.0
28687.0 329705.0
36108.0 329465.0
36184.0 328970.0

20742.0 359446.0
20955.0 356573.0
21342.0 349792.0
21638.0 348166.0
21657.0 341343.0
22263.0 335221.0
23316.0 335195.0
24016.0 334893.0
24128.0 334890.0
24592.0 331865.0
24820.0 331839.0
25513.0 330702.0
26443.0 330362.0
27266.0 330256.0
27411.0 330130.0
27843.0 329851.0
28687.0 329705.0
32358.0 329332.0
32934.0 329174.0
37105.0 328978.0

20955.0 354440.0
21342.0 345944.0
21657.0 341343.0
21689.0 337042.0
21708.0 329993.0
24592.0 329762.0
25010.0 328298.0
25513.0 323011.0
27894.0 321639.0
28763.0 321253.0
30940.0 319875.0
34190.0 318965.0
35111.0 318633.0


