16156.0 43291.0
16515.0 43276.0
16571.0 42581.0
16595.0 41797.0
16956.0 41686.0
16990.0 41614.0
17171.0 41505.0
17516.0 41382.0
18016.0 41319.0
18092.0 40842.0
18545.0 40831.0
18596.0 40544.0
19845.0 40531.0
19912.0 40469.0
21342.0 40356.0
22263.0 40324.0
24016.0 40182.0
24801.0 40171.0
25437.0 40128.0
25513.0 39798.0
27843.0 39776.0
28763.0 39738.0
32934.0 39565.0
36108.0 39564.0
36184.0 39506.0
40355.0 39448.0
42108.0 39402.0

16515.0 42612.0
16990.0 41638.0
17326.0 41450.0
17516.0 41199.0
18016.0 41136.0
18092.0 40606.0
18545.0 40584.0
18596.0 40442.0
21342.0 40250.0
21708.0 40104.0
25513.0 40077.0
28763.0 39906.0
36184.0 39773.0

16515.0 42612.0
16990.0 41638.0
17326.0 41450.0
17516.0 41199.0
18016.0 41136.0
18092.0 40606.0
18545.0 40584.0
18596.0 40442.0
21342.0 40229.0
21708.0 40039.0
28763.0 39884.0
36184.0 39773.0

16515.0 42531.0
16595.0 42275.0
16990.0 41638.0
17326.0 41450.0
17516.0 41199.0
18016.0 41136.0
18092.0 40606.0
18545.0 40584.0
18596.0 40442.0
21342.0 40229.0
21708.0 40039.0
24801.0 40038.0
28763.0 39884.0
36184.0 39773.0

16515.0 42612.0
16990.0 41638.0
17326.0 41450.0
17516.0 41199.0
18016.0 41136.0
18092.0 40606.0
18545.0 40584.0
18596.0 40442.0
21342.0 40229.0
21708.0 40039.0
28763.0 39884.0
36184.0 39773.0

16515.0 42531.0
16990.0 41564.0
17326.0 41450.0
17516.0 41199.0
18016.0 41136.0
18092.0 40606.0
18545.0 40584.0
18596.0 40442.0
21342.0 40250.0
21708.0 40104.0
25513.0 40077.0
28763.0 39906.0
36184.0 39753.0

16515.0 42612.0
16990.0 41638.0
17326.0 41450.0
17516.0 41199.0
18016.0 41136.0
18092.0 40606.0
18545.0 40584.0
18596.0 40442.0
21342.0 40250.0
21708.0 40039.0
28763.0 39906.0
36184.0 39722.0

16515.0 42612.0
16990.0 41638.0
17326.0 41450.0
17516.0 41199.0
18016.0 41136.0
18092.0 40606.0
18545.0 40584.0
18596.0 40442.0
21266.0 40382.0
21342.0 40210.0
21708.0 40039.0
25513.0 40018.0
28763.0 39906.0
36184.0 39722.0

16515.0 42612.0
16990.0 41638.0
17326.0 41450.0
17516.0 41199.0
18016.0 41136.0
18092.0 40606.0
18545.0 40584.0
18596.0 40442.0
21342.0 40250.0
21708.0 40039.0
28763.0 39906.0
36184.0 39722.0

16023.0 46888.0
16290.0 43104.0
16515.0 42531.0
16595.0 42044.0
16956.0 41589.0
16990.0 41564.0
17095.0 41526.0
17326.0 41450.0
17516.0 41199.0
18016.0 41136.0
18092.0 40606.0
18545.0 40584.0
18596.0 40337.0
19912.0 40313.0
21342.0 40210.0
21708.0 40104.0
24801.0 40038.0
25513.0 40019.0
28763.0 39738.0

16515.0 42345.0
16595.0 41035.0
17095.0 40972.0
18092.0 40606.0
18545.0 40584.0
18596.0 40425.0
21266.0 40399.0
21342.0 40186.0
21708.0 40039.0
24801.0 39998.0
27766.0 39912.0
28763.0 39892.0
32013.0 39784.0
35187.0 39628.0


