17492.0 84243.0
17516.0 82842.0
18016.0 82743.0
18092.0 81243.0
18545.0 81226.0
18596.0 81038.0
19912.0 80990.0
21266.0 80987.0
21342.0 80347.0
21708.0 80084.0
24516.0 80081.0
24592.0 79832.0
25513.0 79623.0
27766.0 79622.0
27842.0 79587.0
28763.0 79330.0
31937.0 79327.0
32013.0 79236.0
32934.0 79085.0
35187.0 79084.0
36184.0 78838.0
39434.0 78780.0
40355.0 78605.0
43605.0 78372.0
46855.0 78285.0
50105.0 78278.0
54276.0 78150.0

17736.0 92083.0
17977.0 84834.0
18016.0 83075.0
18092.0 81572.0
18545.0 81550.0
18596.0 81167.0
19112.0 81132.0
19912.0 81038.0
21266.0 81035.0
21342.0 80357.0
24592.0 80269.0
24750.0 80180.0
25513.0 80063.0
27894.0 79982.0
28687.0 79898.0
28763.0 79781.0
32013.0 79764.0
36184.0 79673.0
38437.0 79670.0
39434.0 79620.0

17736.0 92083.0
17977.0 84834.0
18016.0 83075.0
18092.0 81572.0
18545.0 81550.0
18596.0 81086.0
19912.0 81038.0
21266.0 81035.0
21342.0 80357.0
21708.0 80307.0
24516.0 80306.0
24592.0 80158.0
24820.0 80055.0
25513.0 79688.0
28687.0 79687.0
32013.0 79522.0

17736.0 85981.0
17789.0 85904.0
17977.0 84834.0
18016.0 83075.0
18092.0 81167.0
18545.0 81133.0
18596.0 80792.0
19912.0 80744.0
21266.0 80741.0
21342.0 80128.0
21708.0 80038.0
24592.0 79997.0
24750.0 79908.0
25513.0 79779.0
27894.0 79580.0
28763.0 79459.0
32934.0 79320.0
36184.0 79260.0

17736.0 92083.0
17977.0 84834.0
18016.0 83075.0
18092.0 81572.0
18545.0 81550.0
18596.0 80889.0
19912.0 80849.0
21266.0 80847.0
21342.0 80233.0
21708.0 80143.0
24516.0 80141.0
24592.0 80062.0
24750.0 79974.0
25513.0 79858.0
28763.0 79665.0
32013.0 79631.0
36184.0 79445.0
39358.0 79434.0

17736.0 92083.0
17977.0 84834.0
18016.0 83075.0
18092.0 81572.0
18545.0 81550.0
18596.0 81121.0
18615.0 81006.0
19912.0 80982.0
20387.0 80958.0
21266.0 80955.0
21342.0 80246.0
21708.0 80227.0
24516.0 80226.0
24592.0 80082.0
24820.0 80068.0
25513.0 79757.0
28763.0 79601.0
32934.0 79425.0
36184.0 79277.0

17736.0 92083.0
17977.0 84834.0
18016.0 83075.0
18092.0 81572.0
18545.0 81550.0
18596.0 81014.0
18615.0 81006.0
19912.0 80950.0
21266.0 80947.0
21342.0 80357.0
21708.0 80310.0
24592.0 80202.0
24750.0 80180.0
24820.0 80055.0
25513.0 79688.0
28687.0 79687.0
28763.0 79659.0
39434.0 79620.0

17492.0 86943.0
17736.0 85932.0
17977.0 84766.0
18016.0 83075.0
18092.0 81281.0
18596.0 80690.0
19912.0 80626.0
21266.0 80623.0
21342.0 80206.0
21708.0 79990.0
24516.0 79989.0
24592.0 79944.0
25513.0 79688.0
27842.0 79652.0
28687.0 79651.0
28763.0 79431.0
36184.0 79198.0

17736.0 92083.0
17977.0 84834.0
18016.0 83075.0
18092.0 81572.0
18545.0 81550.0
18596.0 80889.0
19912.0 80849.0
21266.0 80847.0
21342.0 80233.0
21657.0 80211.0
21708.0 80144.0
24592.0 80063.0
24750.0 79974.0
25513.0 79688.0
28687.0 79687.0
28763.0 79659.0
36184.0 79618.0

17736.0 92083.0
17977.0 84834.0
18016.0 83075.0
18092.0 81572.0
18545.0 81550.0
18596.0 80998.0
19912.0 80950.0
21266.0 80947.0
21342.0 80286.0
21708.0 80237.0
24516.0 80236.0
24592.0 80158.0
24750.0 80131.0
24801.0 80088.0
24820.0 80030.0
25513.0 79688.0
27894.0 79687.0
28687.0 79686.0
28763.0 79483.0
32934.0 79479.0
36184.0 79277.0
46779.0 79055.0

17736.0 92083.0
17977.0 84834.0
18016.0 82846.0
18092.0 81572.0
18545.0 81550.0
18596.0 81012.0
18615.0 81006.0
19112.0 80977.0
19912.0 80867.0
21266.0 80864.0
21342.0 80206.0
21708.0 80156.0
24516.0 80155.0
24592.0 79890.0
24820.0 79838.0
25513.0 79688.0
27842.0 79652.0
27894.0 79514.0
28763.0 79262.0
32013.0 79233.0
32934.0 79035.0
38361.0 79023.0
39434.0 78813.0
42684.0 78786.0
43605.0 78701.0
46855.0 78580.0


