22020.0 452503.0
22263.0 430686.0
22461.0 428671.0
22495.0 422271.0
22716.0 420825.0
24128.0 419924.0
25513.0 413637.0
27043.0 413460.0
28763.0 413001.0
31437.0 411773.0
32934.0 411769.0

21661.0 442552.0
22263.0 434032.0
22495.0 432152.0
23099.0 423972.0
23940.0 421564.0
23992.0 420589.0
24592.0 418324.0
24750.0 417810.0
24820.0 416738.0
27166.0 415795.0
27641.0 415543.0
28687.0 415478.0
31937.0 414604.0
32934.0 414252.0

21661.0 433369.0
22263.0 428448.0
22740.0 426354.0
23099.0 423972.0
23240.0 422588.0
23595.0 422431.0
23940.0 421564.0
23992.0 420589.0
24592.0 418324.0
24750.0 417810.0
24820.0 416702.0
25513.0 416332.0
27166.0 415795.0
27641.0 415543.0
28687.0 415478.0
28763.0 415122.0
30737.0 414964.0
31437.0 414008.0
38437.0 413228.0

21342.0 441865.0
21708.0 426482.0
22263.0 426105.0
22495.0 423349.0
23316.0 423206.0
23350.0 422929.0
23595.0 419771.0
24592.0 416970.0
24750.0 416749.0
24820.0 416738.0
25513.0 415826.0
27166.0 415795.0
27487.0 415729.0
27641.0 415543.0
28163.0 414901.0
29684.0 413784.0
31016.0 411571.0

21661.0 442552.0
22263.0 429224.0
23099.0 423972.0
23240.0 423634.0
23595.0 421790.0
23940.0 421564.0
23992.0 420581.0
24516.0 417416.0
24820.0 416738.0
25451.0 414463.0
25513.0 414156.0
31937.0 413939.0
32934.0 413859.0

21661.0 441798.0
21708.0 436600.0
22020.0 432583.0
22263.0 428692.0
22461.0 428488.0
22495.0 422445.0
23595.0 419874.0
24016.0 418724.0
24592.0 417385.0
24750.0 416403.0
25513.0 415288.0
27641.0 414957.0
27894.0 414675.0
28763.0 414113.0
31016.0 412715.0

21661.0 442552.0
22263.0 429789.0
22461.0 426862.0
22495.0 424343.0
22995.0 419930.0
23595.0 418867.0
24592.0 417385.0
24750.0 416871.0
24820.0 416738.0
27166.0 415795.0
27641.0 415543.0
28687.0 415478.0
28763.0 415138.0
31937.0 414604.0
32934.0 414252.0
39358.0 414244.0

21661.0 442552.0
22263.0 425652.0
22461.0 420995.0
23595.0 418859.0
24592.0 416863.0
24820.0 416738.0
25513.0 412928.0
37105.0 412666.0

21364.0 442973.0
21579.0 441896.0
22263.0 429789.0
22461.0 426862.0
22495.0 424343.0
22995.0 419930.0
23595.0 418867.0
24592.0 417385.0
24750.0 416871.0
24820.0 416738.0
27166.0 415795.0
27641.0 415543.0
28687.0 415478.0
28763.0 415138.0
31937.0 414604.0
32934.0 414252.0
39358.0 414244.0

21342.0 427415.0
22263.0 426404.0
22461.0 423740.0
22680.0 423582.0
23550.0 423342.0
23595.0 422978.0
23940.0 421564.0
23992.0 420589.0
24592.0 418324.0
24750.0 417810.0
24820.0 416738.0
25513.0 415864.0
27166.0 414651.0
29684.0 414643.0
29736.0 414327.0
31437.0 414278.0
32858.0 414256.0
32934.0 414252.0
36184.0 413571.0

21661.0 442552.0
22263.0 430373.0
22495.0 428255.0
23099.0 423890.0
23940.0 421564.0
23992.0 420589.0
24592.0 418324.0
24750.0 417810.0
24820.0 415370.0
25437.0 408717.0
27690.0 403791.0
28687.0 403683.0
28763.0 403069.0
30940.0 401309.0
31861.0 401083.0
31937.0 400311.0
34190.0 399957.0


