18596.0 163310.0
19912.0 163292.0
19946.0 163203.0
21342.0 162015.0
21638.0 161998.0
21657.0 161540.0
21708.0 161104.0
24516.0 161033.0
24592.0 160811.0
24699.0 160685.0
24750.0 160473.0
27766.0 160359.0
27792.0 160170.0
28763.0 159565.0
31937.0 159557.0
32013.0 159232.0
35187.0 159224.0
36184.0 158891.0
38282.0 158878.0
39434.0 158507.0

18545.0 170904.0
18596.0 164294.0
19112.0 163757.0
19912.0 163541.0
21342.0 162924.0
21708.0 162873.0
22461.0 162741.0
24592.0 161684.0
24750.0 161442.0
27766.0 161179.0
28687.0 160497.0
28763.0 160460.0
35187.0 160295.0
36108.0 160026.0
43529.0 159808.0

18545.0 170904.0
18596.0 164294.0
19112.0 163757.0
19912.0 163541.0
21342.0 162924.0
21708.0 162873.0
22461.0 162462.0
24592.0 161684.0
24750.0 161442.0
25513.0 161358.0
27766.0 161138.0
28687.0 160497.0
28763.0 160460.0
35187.0 160251.0
36108.0 160026.0
43529.0 159808.0

18513.0 174468.0
18545.0 170904.0
18596.0 164098.0
19112.0 163746.0
19505.0 163627.0
19912.0 163541.0
21266.0 163539.0
21342.0 162785.0
21708.0 162653.0
22263.0 162485.0
24516.0 162482.0
24592.0 161667.0
24750.0 161442.0
25513.0 161034.0
28687.0 160497.0
28763.0 160460.0
32013.0 160379.0
35187.0 160251.0
36108.0 160026.0
40355.0 159946.0
43529.0 159808.0

18545.0 170904.0
18596.0 164294.0
19112.0 163757.0
19912.0 163541.0
21342.0 162458.0
21657.0 162242.0
21708.0 162191.0
22263.0 162157.0
24516.0 162061.0
24592.0 161633.0
24750.0 161442.0
24801.0 161288.0
25437.0 160974.0
25513.0 160857.0
27862.0 160806.0
28687.0 160474.0
28763.0 160460.0
32013.0 160285.0
35187.0 160251.0
36108.0 160026.0
40355.0 159884.0
43529.0 159808.0

18545.0 170904.0
18596.0 164294.0
18615.0 163814.0
19112.0 163757.0
19912.0 163483.0
21342.0 162696.0
21587.0 162668.0
21638.0 162617.0
21708.0 162117.0
24592.0 161653.0
24750.0 161442.0
25437.0 161169.0
27062.0 161151.0
27766.0 161135.0
27842.0 161031.0
28687.0 160326.0
32013.0 160241.0
32934.0 160040.0
36108.0 159860.0
40355.0 159520.0
43529.0 159160.0

18545.0 170904.0
18596.0 164294.0
18615.0 164233.0
19112.0 163757.0
19912.0 163541.0
21342.0 162868.0
21587.0 162668.0
21708.0 162660.0
24016.0 162522.0
24592.0 161484.0
24750.0 161442.0
24820.0 161392.0
25437.0 161098.0
27842.0 160869.0
28687.0 160326.0
35187.0 160063.0
36108.0 159979.0
40355.0 159946.0
43529.0 159536.0

18545.0 170904.0
18596.0 164294.0
18615.0 164107.0
19112.0 163757.0
19912.0 163541.0
21342.0 162527.0
21638.0 162306.0
21708.0 161390.0
24516.0 161347.0
24592.0 161225.0
24750.0 161158.0
24801.0 161105.0
25437.0 160965.0
25513.0 160745.0
27766.0 160706.0
28687.0 160210.0
28763.0 159922.0
31937.0 159900.0
32013.0 159821.0
36108.0 159769.0
39434.0 159641.0
43529.0 159536.0

18545.0 170904.0
18596.0 164294.0
18615.0 164171.0
19112.0 163757.0
19912.0 163541.0
21342.0 162535.0
21638.0 162306.0
21708.0 162123.0
24516.0 162120.0
24592.0 161484.0
24750.0 161442.0
24820.0 161392.0
25437.0 161098.0
25513.0 161081.0
27842.0 160869.0
28687.0 160326.0
32013.0 160226.0
35187.0 160063.0
36108.0 159979.0
40355.0 159946.0
43529.0 159536.0

18092.0 171592.0
18513.0 168485.0
18596.0 164209.0
18615.0 163848.0
19112.0 163628.0
19912.0 163439.0
21342.0 161952.0
21708.0 161357.0
22902.0 161355.0
24016.0 161307.0
24592.0 160957.0
24820.0 160584.0
27862.0 160533.0
28687.0 160396.0
28763.0 159893.0
32013.0 159729.0
39434.0 159575.0
40355.0 159301.0
43529.0 159188.0

18545.0 170904.0
18596.0 163891.0
19112.0 163757.0
19471.0 163672.0
19912.0 163334.0
20421.0 163195.0
20838.0 163061.0
21342.0 161690.0
21708.0 161621.0
24592.0 160820.0
24801.0 160779.0
25513.0 160639.0
27766.0 160582.0
27842.0 160450.0
27894.0 159830.0
28763.0 159419.0
32013.0 159045.0


