18615.0 167631.0
18671.0 167357.0
19146.0 166507.0
19505.0 165473.0
19845.0 164000.0
20857.0 163984.0
21342.0 162972.0
21708.0 161502.0
23950.0 161449.0
24516.0 161424.0
24592.0 160645.0
24820.0 160463.0
27266.0 160451.0
27862.0 160327.0
28763.0 159604.0
31361.0 159534.0
32013.0 159494.0
32934.0 159458.0
35608.0 159175.0
36184.0 158940.0
39434.0 158915.0
46279.0 158838.0

18148.0 170529.0
18526.0 170226.0
18545.0 168612.0
18596.0 166663.0
18671.0 164302.0
20838.0 164275.0
20857.0 163830.0
21342.0 162414.0
21689.0 162302.0
24016.0 162153.0
24592.0 162115.0
24750.0 161618.0
25513.0 161321.0
27843.0 161266.0
28187.0 161006.0
28763.0 160415.0

18148.0 170529.0
18526.0 170226.0
18545.0 168612.0
18596.0 166663.0
18615.0 165510.0
18671.0 164302.0
20838.0 164275.0
20857.0 163588.0
21342.0 162414.0
21689.0 162302.0
23099.0 162286.0
24016.0 162096.0
24516.0 161924.0
24592.0 161909.0
24750.0 161618.0
25513.0 161317.0
27266.0 161136.0
27843.0 160783.0
28187.0 160764.0
28763.0 160415.0

18148.0 170529.0
18446.0 168656.0
18545.0 168612.0
18596.0 166663.0
18615.0 165068.0
18671.0 164302.0
20766.0 163978.0
20857.0 163588.0
21342.0 162414.0
21689.0 162302.0
24016.0 162096.0
24516.0 161924.0
24592.0 161909.0
24750.0 161618.0
25513.0 161317.0
27843.0 161266.0
28187.0 160764.0
28763.0 160415.0

18148.0 170529.0
18526.0 170226.0
18545.0 164252.0
18596.0 163469.0
21266.0 163448.0
21342.0 162032.0
24016.0 162024.0
24516.0 161860.0
24750.0 161614.0
25513.0 161028.0
27843.0 160738.0
28763.0 160415.0
32013.0 160400.0

18092.0 166325.0
18494.0 166308.0
18545.0 164793.0
18596.0 163847.0
20857.0 163588.0
21342.0 162156.0
21708.0 161994.0
24016.0 161987.0
24516.0 161822.0
24592.0 161319.0
27843.0 161266.0
27913.0 161101.0
28187.0 160764.0
28763.0 160415.0
32013.0 160317.0
39434.0 160280.0

18148.0 170529.0
18526.0 170226.0
18545.0 168612.0
18596.0 164937.0
18671.0 164302.0
20838.0 164275.0
20857.0 163830.0
21342.0 162103.0
21708.0 162018.0
24750.0 161618.0
25513.0 161048.0
27766.0 161012.0
28187.0 161006.0
28763.0 160415.0
31937.0 160272.0
35187.0 160091.0
36184.0 159981.0

18148.0 170529.0
18526.0 170226.0
18545.0 165166.0
18596.0 164574.0
18615.0 164099.0
19146.0 164094.0
19946.0 163460.0
20421.0 163312.0
20766.0 163053.0
21342.0 162103.0
21708.0 162018.0
24592.0 161909.0
24750.0 161618.0
25513.0 161048.0
27766.0 161012.0
28187.0 160764.0
28763.0 160415.0
31937.0 160272.0
35187.0 160091.0
36184.0 159981.0

18092.0 164093.0
18596.0 163767.0
19946.0 163437.0
21342.0 162103.0
21708.0 162018.0
24592.0 161903.0
24750.0 161614.0
25513.0 161028.0
27766.0 161012.0
28187.0 161006.0
28763.0 160377.0
31937.0 160272.0
35187.0 160091.0
36184.0 159981.0

18148.0 170529.0
18513.0 170225.0
18526.0 170191.0
18545.0 168612.0
18596.0 166663.0
18615.0 164099.0
19146.0 164057.0
19505.0 163875.0
20766.0 163832.0
20838.0 163810.0
20857.0 163641.0
21342.0 162103.0
21708.0 162018.0
24592.0 160982.0
25513.0 160674.0
28763.0 160169.0
32013.0 159978.0

18148.0 170529.0
18526.0 170226.0
18545.0 168328.0
18596.0 166663.0
18615.0 166097.0
18623.0 165411.0
18671.0 164302.0
19471.0 164271.0
19505.0 163957.0
19946.0 163852.0
20857.0 163097.0
21342.0 161742.0
21708.0 161562.0
23950.0 161561.0
24016.0 161548.0
24592.0 161486.0
24750.0 161325.0
25513.0 160356.0
27894.0 159814.0
28763.0 159241.0
38437.0 158684.0


