20766.0 360383.0
21021.0 354123.0
21138.0 342521.0
21342.0 336281.0
21708.0 335919.0
22020.0 335267.0
22263.0 333419.0
23595.0 331839.0
24016.0 330564.0
25513.0 329192.0
26662.0 329055.0
28763.0 328556.0
29684.0 327499.0
31937.0 326804.0
32334.0 326226.0
32934.0 325962.0
35608.0 325487.0
36108.0 325340.0

21266.0 367116.0
21708.0 344996.0
21795.0 342999.0
22020.0 339324.0
22263.0 334647.0
24016.0 332864.0
24801.0 330343.0
25513.0 329321.0
27266.0 328561.0
31437.0 328428.0
34687.0 327506.0

21266.0 367116.0
21708.0 343619.0
21795.0 341182.0
22020.0 339324.0
22263.0 333200.0
23240.0 332410.0
23316.0 332307.0
24016.0 331660.0
24750.0 331207.0
24801.0 329644.0
25513.0 328874.0
27266.0 327540.0
34687.0 327506.0

21266.0 367116.0
21638.0 340000.0
21708.0 338011.0
22263.0 331776.0
23880.0 331183.0
24237.0 330637.0
24750.0 329822.0
24801.0 329644.0
25513.0 328874.0
27266.0 327540.0
34687.0 327506.0

21266.0 367116.0
21708.0 340069.0
22020.0 339324.0
22263.0 333261.0
23240.0 332410.0
23316.0 331801.0
23950.0 331147.0
24801.0 329644.0
25513.0 328086.0
27266.0 327540.0
32858.0 326718.0

21266.0 340876.0
21587.0 337987.0
22263.0 333200.0
23531.0 332750.0
24016.0 332735.0
24440.0 332469.0
24592.0 332437.0
24750.0 331763.0
24801.0 330164.0
25451.0 329856.0
25513.0 328672.0
26490.0 328012.0
27266.0 327540.0
34687.0 327506.0
36108.0 327277.0

21266.0 367116.0
21708.0 338764.0
22020.0 337334.0
22263.0 333261.0
24016.0 332097.0
24201.0 329397.0
24801.0 328502.0
27266.0 327963.0
34687.0 327506.0

21266.0 367116.0
21342.0 344144.0
21587.0 339449.0
21708.0 337484.0
21755.0 335325.0
22263.0 333261.0
22495.0 332838.0
24016.0 332097.0
24201.0 329397.0
24801.0 328502.0
27266.0 327963.0
34687.0 327506.0

21266.0 367116.0
21708.0 338764.0
22020.0 337334.0
22263.0 332131.0
22902.0 331739.0
23950.0 330964.0
24201.0 329397.0
24801.0 328502.0
27266.0 327963.0
34687.0 327506.0

21266.0 367116.0
21342.0 337165.0
21587.0 334480.0
21708.0 334275.0
22263.0 333261.0
23316.0 332171.0
23880.0 331386.0
24016.0 330827.0
24750.0 329956.0
24801.0 329644.0
25513.0 328632.0
27266.0 327477.0

21266.0 367116.0
21342.0 345285.0
21689.0 335672.0
21708.0 328240.0
24592.0 328010.0
24801.0 327663.0
25437.0 327508.0
25513.0 323436.0
27894.0 321744.0
28687.0 321089.0
30940.0 319998.0
32013.0 319790.0


