16566.0 95636.0
16745.0 88985.0
16816.0 86607.0
16990.0 85869.0
17171.0 84919.0
17516.0 84524.0
18016.0 84425.0
18092.0 81477.0
18545.0 81286.0
18596.0 81157.0
19912.0 81133.0
19946.0 81109.0
21266.0 81088.0
21342.0 80280.0
21708.0 80229.0
24516.0 80226.0
24592.0 79831.0
24820.0 79780.0
25513.0 79711.0
27766.0 79708.0
27842.0 79675.0
27894.0 79619.0
27913.0 79618.0
28687.0 79617.0
28763.0 79262.0
31937.0 79259.0
32013.0 79145.0
32934.0 79097.0
36184.0 78783.0
39434.0 78666.0
46279.0 78599.0

17492.0 84033.0
17745.0 83431.0
18092.0 81309.0
18545.0 81158.0
18596.0 80782.0
19912.0 80734.0
21266.0 80731.0
21342.0 80404.0
21708.0 80111.0
24592.0 80052.0
25513.0 79926.0
27894.0 79802.0
28763.0 79573.0
32013.0 79554.0
36184.0 79533.0
39358.0 79337.0

17492.0 84033.0
17745.0 83431.0
18092.0 81309.0
18545.0 81158.0
18596.0 80782.0
19912.0 80734.0
21266.0 80731.0
21342.0 80374.0
21708.0 80111.0
24516.0 80108.0
24592.0 80052.0
25513.0 79789.0
28763.0 79449.0
32934.0 79351.0
36184.0 79294.0

17492.0 84033.0
17745.0 83431.0
18092.0 81309.0
18545.0 81158.0
18596.0 80782.0
19912.0 80734.0
21266.0 80731.0
21342.0 80374.0
21708.0 79950.0
24516.0 79947.0
24592.0 79891.0
25513.0 79861.0
27894.0 79802.0
28763.0 79573.0
31937.0 79534.0
32013.0 79506.0
32934.0 79477.0
39358.0 79337.0

17492.0 84033.0
17745.0 83431.0
18092.0 81309.0
18545.0 81158.0
18596.0 80674.0
19912.0 80626.0
21266.0 80623.0
21342.0 80374.0
21708.0 79950.0
24516.0 79947.0
24592.0 79891.0
25513.0 79789.0
28763.0 79449.0
32934.0 79351.0
36184.0 79294.0

17492.0 83872.0
17745.0 83431.0
18092.0 81309.0
18545.0 81158.0
18596.0 80782.0
19912.0 80734.0
21266.0 80731.0
21342.0 80374.0
21708.0 79950.0
24516.0 79947.0
24592.0 79891.0
25513.0 79789.0
28763.0 79562.0
32013.0 79506.0
32934.0 79487.0
36184.0 79294.0

17492.0 84033.0
17745.0 83431.0
18092.0 81309.0
18545.0 81158.0
18596.0 80782.0
19912.0 80626.0
21266.0 80623.0
21342.0 80374.0
21708.0 79950.0
24516.0 79947.0
24592.0 79891.0
27894.0 79802.0
28763.0 79573.0
32013.0 79554.0
36184.0 79533.0
39358.0 79337.0

17345.0 88239.0
17492.0 84033.0
17745.0 83431.0
18092.0 81072.0
18545.0 81050.0
18596.0 80674.0
19912.0 80626.0
21266.0 80623.0
21342.0 80318.0
21708.0 79950.0
24516.0 79947.0
24592.0 79891.0
27894.0 79802.0
28763.0 79573.0
32013.0 79554.0
32934.0 79477.0
36184.0 79360.0
39358.0 79337.0
43529.0 79099.0

17492.0 84033.0
17745.0 83431.0
18092.0 81309.0
18545.0 81158.0
18596.0 80674.0
19912.0 80626.0
21266.0 80623.0
21342.0 80374.0
21708.0 79950.0
24516.0 79947.0
24592.0 79891.0
27894.0 79802.0
28763.0 79573.0
32013.0 79554.0
36184.0 79533.0
39358.0 79337.0

17377.0 88669.0
17492.0 84033.0
17745.0 83431.0
18092.0 81201.0
18545.0 81050.0
18596.0 80674.0
19912.0 80626.0
21266.0 80623.0
21342.0 80318.0
21708.0 79950.0
24592.0 79891.0
25513.0 79789.0
27913.0 79699.0
28763.0 79562.0
32013.0 79554.0
32934.0 79487.0
36184.0 79293.0

17171.0 82721.0
17745.0 82412.0
18092.0 80962.0
18545.0 80940.0
18596.0 80674.0
19912.0 80650.0
21266.0 80625.0
21342.0 80374.0
21708.0 79950.0
24516.0 79947.0
24592.0 79832.0
25513.0 79540.0
27894.0 79539.0
28687.0 79514.0
28763.0 79262.0
32934.0 79035.0
36184.0 79016.0
40355.0 78802.0


