20666.0 323407.0
20766.0 322615.0
21104.0 322517.0
21266.0 298861.0
21342.0 294239.0
21657.0 292252.0
22263.0 289944.0
22495.0 289568.0
23940.0 289457.0
23950.0 288520.0
24016.0 288423.0
24592.0 287151.0
25513.0 283757.0
28687.0 283432.0
29536.0 283233.0
31937.0 283030.0
32934.0 282974.0
36108.0 282768.0
36184.0 282745.0

20838.0 302688.0
20857.0 300677.0
21342.0 295785.0
21638.0 292693.0
21708.0 291386.0
22263.0 289223.0
23931.0 289134.0
24801.0 288470.0
24913.0 288454.0
25451.0 288145.0
25513.0 286889.0
28187.0 286478.0
28763.0 286010.0
31006.0 285699.0
31937.0 285469.0
32934.0 285028.0

20838.0 302688.0
20857.0 300677.0
21342.0 295785.0
21638.0 292693.0
21708.0 291386.0
22263.0 288560.0
24592.0 288084.0
25513.0 286383.0
27843.0 286361.0
27862.0 286014.0
28763.0 285216.0
31006.0 284561.0
33248.0 283687.0
35608.0 283543.0

20838.0 302688.0
20857.0 300677.0
21342.0 291746.0
21657.0 288830.0
22263.0 287078.0
24016.0 286703.0
25437.0 286097.0
25513.0 284942.0
27862.0 284748.0
28763.0 284018.0
31437.0 283572.0
37105.0 283370.0

20838.0 302688.0
20857.0 300677.0
21342.0 292533.0
21657.0 288830.0
22263.0 287078.0
24016.0 286745.0
25513.0 286441.0
27913.0 286016.0
28763.0 284248.0
31006.0 284135.0
31437.0 283572.0
37105.0 283370.0

20766.0 301002.0
20857.0 300677.0
21342.0 293765.0
21638.0 292693.0
21657.0 288583.0
22263.0 287935.0
24801.0 287884.0
25513.0 286178.0
28187.0 285863.0
28763.0 285215.0
31437.0 284501.0
32358.0 283749.0

20838.0 302688.0
20857.0 300677.0
21342.0 292533.0
21657.0 288830.0
22263.0 287078.0
24016.0 286745.0
25513.0 286441.0
27913.0 286016.0
28763.0 284150.0
31437.0 283572.0
37105.0 283370.0

20387.0 294006.0
21342.0 292533.0
21657.0 288830.0
22263.0 287078.0
23550.0 287034.0
24016.0 286745.0
25513.0 286274.0
27843.0 286267.0
27913.0 286016.0
28763.0 284150.0
31437.0 283572.0
37105.0 283370.0

20838.0 302688.0
20857.0 300677.0
21342.0 292533.0
21657.0 288830.0
22263.0 287078.0
24016.0 286745.0
25513.0 286441.0
27913.0 286016.0
28763.0 284150.0
31437.0 283572.0
37105.0 283370.0

20838.0 302688.0
20857.0 300677.0
21342.0 292493.0
21402.0 291284.0
21627.0 290239.0
21657.0 287971.0
22020.0 287444.0
24592.0 287160.0
24801.0 286614.0
25513.0 285915.0
27062.0 285635.0
27862.0 285329.0
28763.0 284849.0
32013.0 284125.0

20838.0 302688.0
20857.0 300677.0
21342.0 295785.0
21638.0 292693.0
21657.0 291615.0
21689.0 290660.0
21708.0 286988.0
24592.0 286939.0
24750.0 286763.0
24801.0 284627.0
25513.0 283579.0
27690.0 282842.0
31006.0 281291.0
35187.0 279472.0


