18092.0 123511.0
18545.0 123233.0
18596.0 122137.0
19912.0 121815.0
19946.0 121710.0
20766.0 121661.0
21266.0 121590.0
21342.0 121197.0
21708.0 120229.0
24516.0 120115.0
24592.0 120035.0
24750.0 119945.0
25513.0 119625.0
27894.0 119589.0
28687.0 119475.0
28763.0 119189.0
31437.0 119162.0
31937.0 119042.0
32013.0 118915.0
35111.0 118914.0
35187.0 118893.0
36184.0 118681.0
39358.0 118263.0
43605.0 117939.0
46779.0 117795.0
54200.0 117713.0

18092.0 125549.0
18447.0 124812.0
18513.0 124013.0
18596.0 122281.0
18615.0 121779.0
19112.0 121668.0
19912.0 121574.0
21342.0 121026.0
21708.0 120452.0
24516.0 120338.0
27913.0 120163.0
28687.0 120126.0
28763.0 119835.0
31937.0 119795.0
32013.0 119687.0
36108.0 119464.0
49453.0 119314.0

18092.0 125549.0
18447.0 124812.0
18513.0 124013.0
18596.0 122281.0
18615.0 121779.0
19112.0 121668.0
19912.0 121574.0
21342.0 121026.0
21708.0 120452.0
24516.0 120338.0
27913.0 120139.0
28687.0 120000.0
28763.0 119835.0
31937.0 119795.0
32013.0 119687.0
36108.0 119464.0
49453.0 119314.0

18092.0 125549.0
18447.0 124812.0
18513.0 124013.0
18596.0 122163.0
18615.0 121779.0
19112.0 121644.0
19912.0 121574.0
20387.0 121550.0
21342.0 120972.0
21708.0 120428.0
24516.0 120338.0
24801.0 120337.0
27842.0 120264.0
27913.0 120139.0
28687.0 120102.0
28763.0 119770.0
31437.0 119616.0
32013.0 119524.0
35263.0 119297.0
36184.0 119040.0
46279.0 119014.0

18092.0 125549.0
18447.0 124812.0
18513.0 124013.0
18596.0 122281.0
18615.0 121668.0
19912.0 121574.0
21266.0 121549.0
21342.0 121026.0
21708.0 120452.0
24516.0 120338.0
25513.0 120198.0
27913.0 120139.0
28687.0 120000.0
28763.0 119835.0
31937.0 119795.0
32013.0 119499.0
36108.0 119464.0
49453.0 119314.0

18016.0 130871.0
18092.0 124897.0
18312.0 124862.0
18447.0 124812.0
18513.0 124013.0
18596.0 122254.0
18615.0 121779.0
19112.0 121644.0
19912.0 121574.0
20387.0 121550.0
21342.0 120972.0
21708.0 120428.0
24516.0 120338.0
25513.0 120136.0
27842.0 120045.0
28687.0 119929.0
28763.0 119835.0
31937.0 119795.0
32013.0 119499.0
35263.0 119491.0
36108.0 119437.0
36184.0 119220.0
39358.0 119177.0

18092.0 125549.0
18447.0 124812.0
18513.0 124013.0
18596.0 122254.0
18615.0 121779.0
19112.0 121668.0
19912.0 121574.0
21342.0 121026.0
21708.0 120452.0
24516.0 120338.0
25513.0 120219.0
27766.0 120218.0
27913.0 120109.0
28687.0 120053.0
28763.0 119835.0
31937.0 119795.0
32013.0 119482.0
35608.0 119386.0
36184.0 119230.0
39434.0 119039.0
43029.0 118886.0

18092.0 125549.0
18447.0 124812.0
18513.0 124013.0
18596.0 122254.0
18615.0 121668.0
19912.0 121574.0
21266.0 121549.0
21342.0 121026.0
21708.0 120452.0
24516.0 120338.0
25513.0 120116.0
27913.0 120109.0
28687.0 120053.0
28763.0 119835.0
31937.0 119795.0
32013.0 119482.0
35608.0 119386.0
36184.0 119230.0
39434.0 119039.0
43029.0 118886.0

18092.0 125549.0
18447.0 124812.0
18513.0 124013.0
18596.0 122254.0
18615.0 121668.0
19912.0 121574.0
21266.0 121549.0
21342.0 121026.0
21708.0 120452.0
24516.0 120338.0
25513.0 120032.0
27913.0 119930.0
28687.0 119929.0
28763.0 119835.0
29684.0 119740.0
32013.0 119482.0
32934.0 119135.0
36108.0 119092.0
36184.0 119048.0
38782.0 119047.0
43029.0 118886.0
46203.0 118885.0

18092.0 125549.0
18447.0 124812.0
18513.0 124013.0
18596.0 122254.0
18615.0 121779.0
19112.0 121668.0
19912.0 121574.0
20387.0 121550.0
21342.0 120972.0
21708.0 120428.0
24516.0 120338.0
25513.0 120299.0
27842.0 120161.0
28687.0 119819.0
28763.0 119621.0
32013.0 119482.0
35263.0 119370.0
35608.0 119340.0
38782.0 119047.0
46203.0 118885.0

18092.0 122436.0
18475.0 122414.0
18596.0 121873.0
18615.0 121779.0
19112.0 121644.0
19912.0 121574.0
20387.0 121550.0
21342.0 120767.0
21708.0 120296.0
24516.0 120253.0
24592.0 120170.0
24750.0 120004.0
27842.0 119806.0
28687.0 119718.0
28763.0 119668.0
31937.0 119512.0
32013.0 119117.0
32934.0 118704.0
40355.0 118053.0


