18671.0 211161.0
19146.0 209643.0
19269.0 208768.0
19471.0 208065.0
20742.0 206152.0
20766.0 205353.0
21342.0 204551.0
21708.0 203702.0
24440.0 203646.0
24516.0 203368.0
24592.0 203048.0
25513.0 201911.0
27894.0 201608.0
28763.0 201290.0
29684.0 201057.0
36184.0 200955.0

20112.0 223908.0
20166.0 220708.0
20666.0 219158.0
20690.0 216555.0
20766.0 210567.0
20857.0 209612.0
21342.0 207648.0
21657.0 207440.0
21689.0 206553.0
21708.0 204256.0
22263.0 203546.0
24592.0 203123.0
25010.0 202911.0
25513.0 202792.0
27843.0 202178.0
28763.0 201867.0
31006.0 201675.0
31937.0 201278.0
32934.0 200993.0

18671.0 214789.0
18805.0 214298.0
19471.0 211311.0
20066.0 209666.0
20766.0 208679.0
20768.0 206174.0
21342.0 204620.0
21708.0 203946.0
22263.0 203536.0
23950.0 203523.0
24016.0 203463.0
24592.0 202859.0
25513.0 201661.0
28763.0 201506.0
31937.0 201110.0
32934.0 200656.0
39358.0 200594.0

19505.0 221788.0
20112.0 214662.0
20166.0 209951.0
20766.0 206806.0
20955.0 205546.0
21342.0 204924.0
21708.0 203911.0
22263.0 203546.0
24016.0 203473.0
24592.0 202862.0
25513.0 202395.0
26992.0 202005.0
27792.0 201936.0
28763.0 201626.0
31006.0 201531.0
31937.0 201278.0
32934.0 200993.0

18092.0 209024.0
19587.0 208939.0
20066.0 207713.0
20768.0 206174.0
21342.0 204620.0
21708.0 203946.0
22263.0 203546.0
24016.0 203473.0
24592.0 202877.0
24820.0 202855.0
25513.0 202308.0
26992.0 202005.0
27792.0 201679.0
28763.0 201514.0
31437.0 201340.0
31937.0 201048.0
32934.0 200531.0
39358.0 200388.0

18596.0 208857.0
19987.0 207050.0
20766.0 206767.0
20955.0 205546.0
21342.0 204462.0
21708.0 203889.0
22263.0 203444.0
24592.0 203078.0
24680.0 202992.0
25010.0 202911.0
25513.0 202395.0
26992.0 202005.0
27792.0 201929.0
28687.0 201902.0
28763.0 201267.0
32934.0 200662.0
34611.0 200654.0
35187.0 200445.0
42608.0 200285.0

20112.0 223908.0
20166.0 220708.0
20666.0 219158.0
20690.0 216555.0
20766.0 208679.0
20768.0 206174.0
21342.0 204620.0
21708.0 203946.0
22263.0 203546.0
24016.0 203473.0
24592.0 203123.0
24801.0 202981.0
25010.0 202911.0
25513.0 202308.0
26992.0 202005.0
28763.0 201694.0
31006.0 201675.0
31937.0 201278.0
32934.0 200993.0

18615.0 206568.0
19313.0 204446.0
21342.0 204159.0
21708.0 203714.0
22263.0 203024.0
24016.0 202951.0
24801.0 202782.0
25513.0 201661.0
28763.0 201301.0
31937.0 201048.0
32934.0 200593.0
39358.0 200531.0

20112.0 223908.0
20166.0 220708.0
20666.0 219158.0
20690.0 216555.0
20766.0 208679.0
20768.0 206174.0
21342.0 204620.0
21708.0 203946.0
22263.0 203546.0
24016.0 203473.0
24592.0 203123.0
24801.0 202981.0
25010.0 202911.0
25513.0 202308.0
26992.0 202005.0
28763.0 201694.0
31006.0 201675.0
31937.0 201278.0
32934.0 200993.0

18671.0 210906.0
18856.0 208729.0
18922.0 207238.0
20766.0 205865.0
21342.0 204664.0
21708.0 203661.0
22263.0 203180.0
24016.0 203011.0
24592.0 202775.0
24680.0 202713.0
24750.0 202690.0
24801.0 202324.0
25513.0 201977.0
27843.0 201809.0
28763.0 201319.0
31937.0 201066.0
32934.0 200381.0

18805.0 212498.0
19247.0 210985.0
19313.0 210672.0
19471.0 210465.0
19505.0 206331.0
20766.0 204796.0
21342.0 204428.0
21638.0 204052.0
21689.0 203192.0
21708.0 202520.0
22263.0 202324.0
24592.0 201916.0
24801.0 201207.0
27913.0 200551.0
28763.0 199458.0
29684.0 199200.0
32934.0 199038.0
34190.0 198505.0
36184.0 198459.0


