18513.0 174193.0
18545.0 170541.0
18596.0 167984.0
18615.0 163246.0
19845.0 163244.0
19946.0 163011.0
20857.0 163010.0
21266.0 162653.0
21342.0 162371.0
21657.0 162359.0
22102.0 162295.0
22263.0 161920.0
23316.0 161682.0
23950.0 161253.0
24592.0 160943.0
25513.0 160637.0
27766.0 160556.0
28763.0 160212.0
31437.0 160096.0
32013.0 159961.0
38858.0 159939.0
39434.0 159930.0

18513.0 170296.0
18545.0 168020.0
18596.0 165434.0
18615.0 163936.0
20766.0 163162.0
21342.0 162961.0
21638.0 162660.0
21689.0 162446.0
21708.0 162062.0
24750.0 161984.0
25513.0 161514.0
28687.0 161304.0
28763.0 160774.0
36184.0 160506.0
40355.0 160440.0

18513.0 170296.0
18545.0 166583.0
18596.0 164766.0
18615.0 163936.0
20766.0 163162.0
21342.0 162567.0
21638.0 162505.0
21657.0 162317.0
21708.0 162062.0
23950.0 161937.0
24750.0 161639.0
25513.0 161277.0
27843.0 161246.0
28763.0 160774.0
32013.0 160629.0
32934.0 160588.0
36184.0 160490.0
39434.0 160235.0
40355.0 160002.0

18513.0 170296.0
18545.0 168020.0
18596.0 164766.0
18615.0 163241.0
20766.0 163143.0
21342.0 162439.0
21657.0 162130.0
21708.0 161971.0
23950.0 161937.0
24592.0 161864.0
24750.0 161639.0
25513.0 161171.0
28763.0 160774.0
32934.0 160588.0
36184.0 160506.0
39434.0 160427.0
40355.0 160002.0

18513.0 170296.0
18545.0 168020.0
18596.0 165434.0
18615.0 162551.0
19471.0 162527.0
20345.0 162526.0
20857.0 162290.0
21342.0 161788.0
21708.0 161576.0
24516.0 161573.0
24592.0 161517.0
25513.0 160914.0
28687.0 160862.0
28763.0 160738.0
31937.0 160720.0
32013.0 160520.0
32934.0 160383.0
36184.0 160234.0
40355.0 159746.0

18092.0 167731.0
18596.0 164766.0
18615.0 163834.0
19946.0 162957.0
20421.0 162517.0
21342.0 162140.0
21689.0 162126.0
21708.0 161820.0
24516.0 161819.0
24750.0 161639.0
25513.0 161260.0
26992.0 161041.0
27842.0 161005.0
28763.0 160736.0
32013.0 160629.0
35263.0 160353.0
40355.0 160026.0

18513.0 170296.0
18545.0 168020.0
18596.0 164819.0
18615.0 163936.0
18671.0 163821.0
19146.0 163680.0
20438.0 163557.0
20766.0 163143.0
21342.0 162567.0
21638.0 162465.0
21657.0 162317.0
21708.0 161996.0
22263.0 161802.0
24592.0 161750.0
24731.0 161460.0
25513.0 160917.0
28763.0 160774.0
31937.0 160664.0
32013.0 160505.0
32934.0 160199.0
36184.0 159952.0
40355.0 159579.0

18513.0 170296.0
18545.0 168020.0
18596.0 164766.0
18615.0 163008.0
21266.0 162894.0
21342.0 162177.0
21708.0 161462.0
22263.0 161355.0
24731.0 161119.0
25513.0 160910.0
28763.0 160774.0
29684.0 160397.0
32013.0 160150.0
36184.0 159953.0
40355.0 159522.0

18513.0 170296.0
18545.0 168020.0
18596.0 165177.0
18615.0 162910.0
19912.0 162903.0
20421.0 162850.0
20857.0 162571.0
21342.0 162402.0
21638.0 162232.0
21708.0 161996.0
22263.0 161802.0
24516.0 161757.0
24592.0 161507.0
24731.0 161460.0
24801.0 161437.0
25513.0 161260.0
26992.0 161041.0
28763.0 160774.0
31937.0 160664.0
32013.0 160629.0
32934.0 160199.0
36184.0 159952.0
40355.0 159579.0

18092.0 169934.0
18148.0 168742.0
18513.0 166593.0
18596.0 164221.0
18615.0 163936.0
20766.0 163162.0
20838.0 162859.0
21342.0 162475.0
21638.0 162465.0
21657.0 162293.0
21708.0 161820.0
24516.0 161819.0
24592.0 161760.0
24750.0 161639.0
25513.0 161210.0
26992.0 161083.0
28763.0 160679.0
31937.0 160664.0
32013.0 160411.0
32934.0 160272.0
36184.0 159896.0
40355.0 159523.0

18092.0 166796.0
18312.0 166555.0
18596.0 164082.0
18615.0 163936.0
19146.0 163566.0
19912.0 162786.0
21342.0 162046.0
24516.0 161843.0
24592.0 161454.0
25513.0 160319.0
28763.0 159177.0
32013.0 159038.0
36184.0 158609.0
43605.0 158274.0


