18092.0 123755.0
18596.0 122109.0
19112.0 121932.0
19912.0 121797.0
21266.0 121794.0
21342.0 121478.0
21638.0 121406.0
21708.0 121341.0
24516.0 121127.0
24592.0 120408.0
24731.0 120391.0
24782.0 120295.0
25513.0 120003.0
27894.0 119674.0
28763.0 119304.0
32013.0 119178.0
32934.0 118779.0
36108.0 118778.0
36184.0 118450.0
43605.0 117985.0

18092.0 124740.0
18447.0 124038.0
18596.0 121398.0
21266.0 121355.0
21342.0 120841.0
21708.0 120434.0
24592.0 120104.0
28763.0 119761.0
32013.0 119515.0
39434.0 119454.0
40355.0 119224.0

18092.0 124740.0
18447.0 124038.0
18596.0 121398.0
19912.0 121374.0
21266.0 121331.0
21342.0 120834.0
21708.0 120410.0
24516.0 120385.0
24592.0 120080.0
28763.0 119737.0
32013.0 119491.0
36184.0 119353.0
39434.0 119190.0
43605.0 119108.0

18092.0 124291.0
18447.0 124038.0
18596.0 121320.0
19912.0 121256.0
21266.0 121228.0
21342.0 120841.0
21708.0 120410.0
24592.0 120080.0
25513.0 119801.0
28687.0 119775.0
28763.0 119649.0
31937.0 119624.0
32013.0 119491.0
32934.0 119193.0
36184.0 119135.0

18092.0 124740.0
18447.0 124038.0
18596.0 121385.0
19912.0 121361.0
21266.0 121318.0
21342.0 120834.0
21708.0 120410.0
24516.0 120385.0
24592.0 120080.0
25513.0 119923.0
28687.0 119898.0
28763.0 119457.0
32934.0 119221.0
36184.0 119190.0
40355.0 119151.0

18092.0 124291.0
18447.0 124038.0
18596.0 121320.0
19912.0 121296.0
21342.0 120662.0
21708.0 120398.0
24516.0 120376.0
24592.0 120104.0
24820.0 120088.0
25513.0 119978.0
28687.0 119944.0
28763.0 119429.0
32013.0 119232.0
35187.0 119116.0
35263.0 118956.0
39434.0 118894.0

18092.0 124740.0
18447.0 124038.0
18596.0 121398.0
19912.0 121374.0
21266.0 121331.0
21342.0 120834.0
21708.0 120410.0
24516.0 120385.0
24592.0 120080.0
28763.0 119737.0
32013.0 119491.0
36184.0 119419.0
40355.0 119224.0

18092.0 124291.0
18447.0 124038.0
18596.0 121320.0
19912.0 121272.0
21266.0 121228.0
21342.0 120791.0
21708.0 120410.0
24516.0 120385.0
24592.0 120080.0
25513.0 119891.0
27894.0 119840.0
28687.0 119815.0
28763.0 119495.0
31937.0 119310.0
32013.0 119295.0
32934.0 119293.0
35187.0 119183.0

18092.0 124740.0
18447.0 124038.0
18596.0 121398.0
19912.0 121350.0
21266.0 121318.0
21342.0 120834.0
21708.0 120410.0
24516.0 120385.0
24592.0 120080.0
27894.0 119987.0
28687.0 119880.0
28763.0 119573.0
32013.0 119372.0
35187.0 119262.0
36184.0 119163.0

18092.0 124291.0
18447.0 124038.0
18596.0 121320.0
19912.0 121296.0
21266.0 121252.0
21342.0 120841.0
21708.0 120410.0
24592.0 120080.0
25513.0 119919.0
28687.0 119866.0
28763.0 119613.0
32013.0 119424.0
32934.0 119342.0
40355.0 119200.0

18092.0 124067.0
18447.0 124038.0
18596.0 121398.0
19912.0 121374.0
21266.0 121331.0
21342.0 120834.0
21708.0 120410.0
22263.0 120387.0
24516.0 120385.0
24592.0 120014.0
25513.0 119544.0
28763.0 119082.0
39434.0 118947.0
42532.0 118944.0


