19466.0 226973.0
19505.0 217887.0
20838.0 215163.0
20857.0 214245.0
21266.0 212620.0
21342.0 209833.0
22461.0 209764.0
23916.0 209263.0
23950.0 208989.0
24592.0 207858.0
24820.0 207684.0
25513.0 206352.0
27894.0 205962.0
28187.0 205555.0
28687.0 205412.0
28763.0 205369.0
29684.0 204720.0
31937.0 204169.0

20066.0 218817.0
20857.0 216117.0
21342.0 213155.0
21568.0 212416.0
21689.0 211604.0
21708.0 211392.0
22263.0 209635.0
22495.0 209144.0
23992.0 208898.0
24820.0 208660.0
28187.0 208120.0
31437.0 208017.0

20066.0 218817.0
20690.0 213791.0
21342.0 209970.0
22263.0 209428.0
22495.0 209144.0
23940.0 209056.0
23992.0 208898.0
24750.0 207590.0
25513.0 207560.0
28763.0 207279.0
35187.0 207086.0

20066.0 218817.0
20766.0 215824.0
20889.0 211907.0
21342.0 209719.0
21638.0 209044.0
23950.0 208274.0
25451.0 208130.0
27487.0 208092.0
28187.0 207331.0
28763.0 207247.0
30155.0 206251.0

20066.0 218817.0
20766.0 214355.0
21342.0 209325.0
21708.0 208265.0
22263.0 207938.0
23316.0 207866.0
23940.0 207592.0
24237.0 207506.0
24592.0 206416.0
24750.0 206054.0
25513.0 205049.0
32013.0 203908.0

20066.0 218817.0
20742.0 213099.0
21266.0 211945.0
21342.0 209538.0
22495.0 207993.0
23931.0 207904.0
23992.0 207747.0
24913.0 207260.0
24937.0 207253.0
25513.0 205715.0
39434.0 205392.0

20066.0 218817.0
20766.0 215002.0
21342.0 209970.0
22263.0 209635.0
22495.0 209144.0
23992.0 208414.0
24237.0 207693.0
28763.0 207431.0

20066.0 218533.0
20766.0 215002.0
21021.0 214886.0
21266.0 212517.0
21342.0 209970.0
22263.0 208694.0
23992.0 207964.0
24237.0 207902.0
25513.0 207818.0
28187.0 207670.0
28763.0 207208.0

20066.0 218817.0
20766.0 215002.0
21342.0 209970.0
22263.0 209373.0
22495.0 209144.0
23940.0 208406.0
24237.0 207693.0
24801.0 207317.0
24937.0 207237.0
25513.0 206705.0
31437.0 206152.0
32013.0 204988.0

19505.0 217862.0
20066.0 216316.0
20857.0 216117.0
21342.0 210878.0
21587.0 210711.0
21638.0 210483.0
21708.0 210081.0
22263.0 208694.0
23950.0 208529.0
23992.0 207964.0
24750.0 207314.0
25513.0 205173.0
32934.0 204715.0

19505.0 214480.0
19912.0 210001.0
20066.0 209486.0
20345.0 207394.0
21266.0 205821.0
21689.0 205130.0
21708.0 204350.0
24801.0 201738.0
27913.0 200746.0
30940.0 199944.0
31025.0 199943.0
34190.0 199828.0


