16515.0 42501.0
16816.0 42482.0
16875.0 42257.0
16956.0 42102.0
17516.0 41870.0
18016.0 41807.0
18092.0 40789.0
18545.0 40772.0
18596.0 40536.0
19912.0 40313.0
21342.0 40064.0
21708.0 40063.0
24516.0 40060.0
24592.0 39915.0
25513.0 39758.0
27894.0 39757.0
28687.0 39755.0
28763.0 39631.0
32934.0 39511.0
36108.0 39508.0
36184.0 39385.0
40355.0 39278.0
43529.0 39275.0
43605.0 39152.0

16290.0 49741.0
16515.0 41328.0
16595.0 41096.0
17095.0 41033.0
18092.0 41011.0
18545.0 40998.0
18596.0 40702.0
19587.0 40669.0
21342.0 40418.0
21708.0 40176.0
24592.0 40095.0
27842.0 40059.0
28763.0 39927.0
32013.0 39801.0
32934.0 39753.0
36184.0 39649.0

16290.0 49741.0
16515.0 41328.0
16595.0 41096.0
17095.0 41033.0
18092.0 40704.0
18596.0 40702.0
19146.0 40677.0
19587.0 40669.0
19946.0 40566.0
21342.0 40322.0
21708.0 40176.0
24592.0 40095.0
27842.0 40059.0
27843.0 39986.0
28763.0 39882.0
32013.0 39801.0
32934.0 39753.0
36184.0 39649.0

16156.0 43796.0
16515.0 41267.0
16595.0 41035.0
17095.0 40972.0
18092.0 40782.0
18545.0 40766.0
18596.0 40415.0
21266.0 40390.0
21342.0 40289.0
21657.0 40176.0
24516.0 40133.0
24592.0 40095.0
25513.0 39957.0
28763.0 39927.0
32013.0 39801.0
32934.0 39753.0
36184.0 39649.0

16290.0 49741.0
16515.0 41328.0
16595.0 41053.0
17095.0 40954.0
18092.0 40853.0
18596.0 40544.0
21342.0 40328.0
21708.0 40176.0
24592.0 40095.0
25513.0 40047.0
28763.0 39927.0
32013.0 39801.0
32934.0 39753.0
36184.0 39649.0

16290.0 49741.0
16515.0 41328.0
16595.0 41096.0
17095.0 41033.0
18092.0 40752.0
18596.0 40544.0
21342.0 40357.0
21657.0 40176.0
24516.0 40168.0
24592.0 40095.0
25513.0 40047.0
28763.0 39927.0
32013.0 39801.0
32934.0 39753.0
36184.0 39649.0

16290.0 49741.0
16515.0 41328.0
16595.0 41096.0
17095.0 41033.0
18092.0 40782.0
18596.0 40702.0
18615.0 40623.0
21342.0 40289.0
21708.0 40176.0
24592.0 40095.0
27842.0 40059.0
27843.0 39986.0
28763.0 39882.0
32013.0 39801.0
32934.0 39753.0
36184.0 39649.0

16290.0 43376.0
16515.0 41328.0
16595.0 41096.0
17095.0 41033.0
18092.0 40637.0
18545.0 40539.0
19946.0 40521.0
21266.0 40518.0
21342.0 40166.0
24516.0 40079.0
25513.0 39995.0
27843.0 39986.0
28763.0 39882.0
32013.0 39801.0
32934.0 39753.0
36184.0 39649.0

16156.0 44028.0
16515.0 41328.0
16595.0 41053.0
17095.0 40954.0
18092.0 40711.0
18596.0 40402.0
21266.0 40390.0
21342.0 40272.0
21708.0 40176.0
24592.0 40095.0
27842.0 40059.0
27843.0 39986.0
28763.0 39882.0
32013.0 39801.0
32934.0 39753.0
36184.0 39649.0

16290.0 49741.0
16494.0 49626.0
16515.0 41328.0
16595.0 41096.0
17095.0 41033.0
18092.0 40769.0
18545.0 40649.0
19946.0 40631.0
21342.0 40276.0
21708.0 40176.0
24592.0 40095.0
27842.0 40059.0
27843.0 39986.0
28763.0 39882.0
32013.0 39801.0
32934.0 39753.0
36184.0 39649.0

16290.0 49055.0
16515.0 41328.0
16595.0 41096.0
17095.0 41033.0
18092.0 40724.0
18596.0 40415.0
21266.0 40390.0
21342.0 40187.0
21657.0 40176.0
21708.0 40053.0
24592.0 40045.0
25513.0 39957.0
28763.0 39882.0
32013.0 39801.0
32934.0 39716.0
36184.0 39649.0
39434.0 39509.0
40355.0 39483.0
43529.0 39460.0
46855.0 39263.0


