20742.0 298052.0
20955.0 296406.0
21266.0 291015.0
21342.0 289984.0
21587.0 289537.0
22263.0 288783.0
24516.0 288654.0
24801.0 288409.0
25437.0 288070.0
25513.0 286762.0
27024.0 286495.0
28687.0 286229.0
28763.0 285498.0
32934.0 285089.0

20742.0 305049.0
21266.0 298368.0
21342.0 295671.0
21364.0 294558.0
21689.0 294222.0
21708.0 290091.0
22263.0 288153.0
23950.0 287061.0
25513.0 286762.0
27843.0 286485.0
28187.0 286027.0
28763.0 285593.0
32858.0 285126.0

20066.0 308468.0
20742.0 305049.0
21266.0 298368.0
21342.0 292872.0
21661.0 292817.0
21689.0 291306.0
21708.0 289217.0
22263.0 287962.0
23950.0 286870.0
24801.0 286818.0
25513.0 286151.0
28187.0 286027.0
28763.0 285240.0
31437.0 285049.0
32358.0 284042.0

20066.0 308468.0
20742.0 305049.0
21266.0 298368.0
21342.0 295671.0
21364.0 294558.0
21657.0 293708.0
21708.0 288713.0
22263.0 287962.0
23950.0 286870.0
24801.0 286818.0
25513.0 286151.0
27843.0 286077.0
27913.0 285592.0
28763.0 285240.0
31437.0 285049.0
39434.0 284809.0
42108.0 284418.0

20066.0 308468.0
20742.0 305049.0
21266.0 298368.0
21342.0 293152.0
21689.0 291306.0
21708.0 289217.0
22263.0 287962.0
23950.0 286870.0
24801.0 286818.0
24937.0 286021.0
25513.0 285633.0
28763.0 285240.0
31437.0 285049.0
32934.0 283921.0
36184.0 282597.0
40355.0 282548.0

20742.0 305049.0
21266.0 298368.0
21342.0 295495.0
21364.0 294558.0
21661.0 294259.0
21689.0 294222.0
21708.0 289859.0
22263.0 287674.0
23950.0 286870.0
24801.0 286818.0
25513.0 286762.0
26992.0 286720.0
27843.0 286485.0
27913.0 285960.0
28763.0 284955.0
31937.0 284884.0
38858.0 284702.0

20742.0 305049.0
21266.0 298368.0
21342.0 295671.0
21364.0 294558.0
21689.0 293875.0
21708.0 289217.0
22263.0 287962.0
23950.0 286870.0
24801.0 286818.0
25513.0 286151.0
28187.0 286027.0
28763.0 285240.0
31437.0 285049.0
42108.0 284418.0

20742.0 305049.0
21266.0 298368.0
21342.0 294504.0
21689.0 291306.0
21708.0 289447.0
22263.0 287962.0
23950.0 286870.0
24516.0 286587.0
24592.0 286038.0
24820.0 285718.0
25513.0 285013.0
27766.0 284532.0
36184.0 284389.0

20742.0 305049.0
21266.0 298368.0
21342.0 295671.0
21364.0 294558.0
21689.0 293875.0
21708.0 289217.0
22263.0 287962.0
23950.0 286870.0
24801.0 286818.0
25513.0 286151.0
28187.0 286027.0
28763.0 285240.0
31437.0 285049.0
36184.0 284581.0
42108.0 284418.0

20742.0 305049.0
21266.0 298368.0
21342.0 295671.0
21364.0 294558.0
21689.0 291877.0
21708.0 289867.0
22263.0 287962.0
23950.0 286870.0
24801.0 286869.0
25045.0 286373.0
25437.0 285669.0
28187.0 285451.0
28763.0 285240.0
31937.0 285098.0
36184.0 284938.0

20742.0 305049.0
21266.0 298368.0
21342.0 295671.0
21364.0 293243.0
21689.0 284486.0
22263.0 284416.0
24592.0 283449.0
25513.0 282083.0
30136.0 281967.0
30940.0 280106.0
34190.0 278973.0


