20457.0 398440.0
20961.0 392177.0
21657.0 392140.0
21661.0 388414.0
21708.0 384705.0
21755.0 380806.0
22263.0 377477.0
23316.0 377336.0
24237.0 375751.0
24592.0 375563.0
24651.0 373897.0
24801.0 373634.0
25513.0 369674.0
27913.0 368445.0
28687.0 368105.0
28763.0 367496.0
30737.0 367471.0
32013.0 367148.0
32934.0 366945.0
36184.0 366201.0
39358.0 365627.0
43529.0 364939.0

21708.0 386019.0
22263.0 383123.0
22495.0 382359.0
23080.0 378645.0
23854.0 378422.0
24801.0 375872.0
24937.0 375464.0
25437.0 373614.0
25513.0 371167.0
28187.0 369603.0
28763.0 369035.0
31437.0 368136.0
33411.0 367412.0

21708.0 386019.0
22263.0 379430.0
22495.0 376305.0
22902.0 376037.0
23931.0 375276.0
24237.0 373462.0
24731.0 373364.0
25513.0 369330.0
28763.0 368939.0
31361.0 368922.0
31437.0 368136.0
33411.0 367412.0

21708.0 384273.0
22263.0 383123.0
22461.0 382147.0
22495.0 379888.0
23019.0 378591.0
23854.0 377750.0
23950.0 376396.0
24750.0 375910.0
24801.0 375425.0
24913.0 375212.0
25437.0 373614.0
25513.0 370756.0
26643.0 369879.0
28187.0 369386.0
28763.0 368879.0
31437.0 368136.0
33411.0 367412.0

21708.0 386019.0
22263.0 378793.0
22495.0 376385.0
23316.0 375447.0
24750.0 373584.0
24820.0 373215.0
25513.0 370494.0
27024.0 369485.0
28187.0 368572.0
31361.0 367997.0
33411.0 367412.0

21661.0 396698.0
21708.0 386019.0
21761.0 384970.0
22136.0 382275.0
22263.0 378976.0
23080.0 378645.0
23854.0 378422.0
23950.0 375697.0
24237.0 375099.0
24592.0 375006.0
24651.0 373758.0
24801.0 373296.0
24820.0 372645.0
25513.0 370133.0
28187.0 369603.0
28763.0 369035.0
31437.0 368136.0
33411.0 367412.0

21708.0 386019.0
22263.0 383123.0
22495.0 382359.0
23080.0 378645.0
23854.0 378422.0
24801.0 375872.0
24937.0 375464.0
25437.0 373614.0
25513.0 371167.0
28187.0 369603.0
28763.0 369035.0
31437.0 368136.0
33411.0 367412.0

21708.0 386019.0
22263.0 380514.0
22495.0 379000.0
23080.0 378645.0
23316.0 375311.0
24592.0 375228.0
24750.0 373114.0
24820.0 372337.0
25513.0 371167.0
28187.0 369603.0
28763.0 369035.0
31437.0 368136.0
33411.0 367412.0

21708.0 386019.0
22263.0 383123.0
22495.0 382359.0
23080.0 378645.0
23316.0 375303.0
24592.0 374885.0
24750.0 374666.0
24820.0 374417.0
25437.0 373614.0
25513.0 371167.0
28187.0 369603.0
28763.0 369035.0
31437.0 368136.0
33411.0 367412.0

21708.0 386019.0
21761.0 384970.0
22136.0 382275.0
23080.0 378374.0
24237.0 377120.0
24801.0 375872.0
24937.0 375464.0
25437.0 373614.0
25513.0 371167.0
28187.0 369603.0
28763.0 369035.0
31437.0 368136.0
33411.0 367412.0

21412.0 386114.0
21708.0 384212.0
22263.0 367595.0
24820.0 364876.0
27894.0 361290.0
28763.0 360345.0
34190.0 359445.0


