18615.0 205493.0
19912.0 205453.0
19946.0 204854.0
21342.0 203720.0
21708.0 203509.0
24516.0 203319.0
24937.0 203208.0
25513.0 201336.0
27043.0 201278.0
27913.0 201086.0
28763.0 200894.0
32934.0 200847.0
34611.0 200834.0
36108.0 200734.0

19505.0 210599.0
19746.0 210390.0
19912.0 209974.0
20546.0 209786.0
21342.0 207620.0
21638.0 207229.0
21661.0 206387.0
21708.0 204802.0
22263.0 204002.0
23316.0 203663.0
24592.0 203548.0
24731.0 203498.0
25513.0 202823.0
27894.0 202732.0
28187.0 202695.0
28763.0 202146.0
32013.0 202142.0
32934.0 201280.0
34611.0 200705.0

18922.0 221799.0
19471.0 215664.0
19505.0 210599.0
19746.0 210036.0
19912.0 209974.0
20546.0 209786.0
21342.0 204780.0
21708.0 204509.0
22263.0 203784.0
23316.0 203663.0
24592.0 203486.0
24820.0 202826.0
25513.0 202517.0
28763.0 202146.0
31937.0 202001.0
32013.0 201577.0
32934.0 201144.0
34611.0 200705.0
39434.0 200535.0

18922.0 208866.0
20766.0 208734.0
21108.0 208176.0
21342.0 204755.0
21708.0 204324.0
22263.0 203694.0
22461.0 203611.0
23316.0 203505.0
24731.0 203498.0
24801.0 203369.0
24820.0 203123.0
25513.0 202626.0
27894.0 202550.0
28763.0 202146.0
31937.0 201850.0
32934.0 201258.0
34611.0 200705.0
39434.0 200530.0

18671.0 222095.0
18922.0 215301.0
19505.0 210599.0
19746.0 210036.0
19912.0 209765.0
21089.0 209095.0
21342.0 204727.0
21638.0 204705.0
21689.0 204670.0
21708.0 203759.0
22263.0 203146.0
24750.0 202624.0
25513.0 202560.0
27843.0 201993.0
30136.0 201523.0
32934.0 200779.0
34611.0 200705.0
36184.0 200546.0
39434.0 200530.0

18615.0 214364.0
18922.0 208711.0
19946.0 208411.0
20742.0 208247.0
20838.0 206339.0
20857.0 206011.0
21689.0 205737.0
21708.0 204370.0
22263.0 203872.0
23316.0 203663.0
24592.0 203371.0
24820.0 203147.0
25513.0 202406.0
27843.0 202386.0
28187.0 202329.0
28763.0 201810.0
32013.0 201755.0
32934.0 201102.0
34611.0 200705.0

19505.0 210599.0
19746.0 210390.0
19912.0 209974.0
20546.0 209786.0
21342.0 207620.0
21638.0 207229.0
21661.0 206387.0
21708.0 204802.0
22263.0 204002.0
23316.0 203663.0
24592.0 203348.0
24820.0 203106.0
25513.0 202672.0
27190.0 202619.0
28763.0 202146.0
31937.0 202038.0
32013.0 201974.0
32934.0 201183.0
34611.0 200705.0

18922.0 217176.0
19505.0 210599.0
19746.0 210390.0
19912.0 209765.0
20546.0 209636.0
20838.0 208158.0
21342.0 205817.0
21708.0 204600.0
22263.0 203681.0
23316.0 203437.0
24516.0 203245.0
25513.0 202572.0
27190.0 202552.0
28763.0 202146.0
31937.0 202068.0
32013.0 200939.0
32934.0 200626.0
39434.0 200393.0

19505.0 210599.0
19746.0 210390.0
19912.0 209974.0
20546.0 209786.0
21342.0 207620.0
21638.0 207229.0
21661.0 206387.0
21708.0 204802.0
22263.0 204002.0
23316.0 203663.0
24592.0 203348.0
24820.0 203106.0
25513.0 202672.0
27190.0 202619.0
28763.0 202146.0
31937.0 202038.0
32013.0 201974.0
32934.0 201183.0
34611.0 200705.0

19112.0 210617.0
19505.0 207952.0
19912.0 207443.0
21342.0 205900.0
21689.0 205494.0
21708.0 204181.0
22263.0 203590.0
24516.0 203505.0
24592.0 203390.0
24820.0 203143.0
25513.0 202715.0
27843.0 202567.0
28763.0 201810.0
32934.0 201280.0
34611.0 200705.0
36184.0 200472.0

19146.0 216680.0
19313.0 215977.0
19471.0 215257.0
19505.0 209810.0
19912.0 209786.0
20546.0 209577.0
21342.0 205867.0
21661.0 204690.0
21689.0 204534.0
21708.0 203156.0
24731.0 203060.0
24801.0 202412.0
24820.0 202366.0
25513.0 200664.0
31937.0 200048.0
34190.0 199392.0
41611.0 199081.0


