18805.0 91522.0
20612.0 90651.0
21095.0 90484.0
21108.0 90123.0
21708.0 89894.0
25513.0 89075.0
28687.0 88460.0

18922.0 92268.0
21108.0 91137.0
22263.0 90318.0
25437.0 89522.0
27313.0 89258.0

18922.0 91349.0
21108.0 91137.0
21266.0 90249.0
22263.0 88403.0
25010.0 87677.0

16816.0 91787.0
16913.0 91465.0
17726.0 91376.0
18092.0 88822.0
18596.0 88720.0
20438.0 88410.0
20961.0 88276.0
21266.0 88205.0
22263.0 87396.0
24516.0 87082.0
24592.0 87046.0
26911.0 86002.0
27411.0 85600.0
34332.0 85527.0
34832.0 85125.0

18446.0 92852.0
18922.0 91793.0
19387.0 90888.0
19505.0 90862.0
20066.0 87334.0
21342.0 87094.0
23350.0 86869.0
27487.0 86657.0

17779.0 90569.0
19112.0 88370.0
22461.0 88264.0
24237.0 87052.0
24937.0 86964.0
26911.0 85975.0

18671.0 98781.0
18922.0 91349.0
21108.0 91137.0
21266.0 90249.0
22020.0 87587.0
25010.0 87528.0

18922.0 91349.0
19505.0 90431.0
19990.0 89874.0
20066.0 87734.0
20838.0 87645.0
21342.0 85197.0
24801.0 84658.0
26887.0 83852.0

18922.0 91349.0
20066.0 90844.0
20961.0 90455.0
21108.0 90186.0
22263.0 88794.0
23931.0 88555.0
24176.0 85627.0

18922.0 91349.0
19466.0 91096.0
19946.0 90528.0
21108.0 89038.0
23931.0 88772.0
24750.0 88675.0
25513.0 88563.0
27894.0 87190.0
32934.0 86840.0

18615.0 81607.0
21342.0 81320.0
21708.0 80817.0
24820.0 80165.0


