16023.0 42369.0
16595.0 41974.0
16956.0 41623.0
17095.0 41524.0
17516.0 41293.0
17745.0 41193.0
18016.0 41168.0
18092.0 40700.0
18545.0 40602.0
19946.0 40578.0
21266.0 40557.0
21342.0 40318.0
21708.0 40311.0
24016.0 40296.0
24516.0 40197.0
24592.0 40091.0
28763.0 39968.0
31437.0 39952.0
31937.0 39853.0
36184.0 39823.0

16515.0 42214.0
16816.0 41662.0
16990.0 41639.0
17516.0 41332.0
17726.0 41287.0
18016.0 41168.0
18092.0 40763.0
18596.0 40600.0
21342.0 40288.0
24592.0 40253.0
25513.0 40214.0
28763.0 39956.0

16515.0 42214.0
16816.0 41662.0
16990.0 41639.0
17345.0 41597.0
17516.0 41332.0
17726.0 41287.0
18016.0 41168.0
18092.0 40702.0
18596.0 40600.0
21342.0 40288.0
24592.0 40253.0
25513.0 40214.0
28763.0 39956.0

16515.0 42214.0
16816.0 41662.0
16990.0 41578.0
17516.0 41332.0
17726.0 41287.0
18016.0 41168.0
18092.0 40702.0
18596.0 40565.0
21342.0 40210.0
21708.0 40160.0
24801.0 40076.0
25513.0 40015.0
28763.0 39956.0

16515.0 42214.0
16816.0 41662.0
16990.0 41639.0
17345.0 41597.0
17516.0 41267.0
18016.0 41168.0
18092.0 40702.0
18596.0 40600.0
21342.0 40288.0
21708.0 40278.0
24592.0 40253.0
24801.0 40237.0
25513.0 40214.0
28763.0 39956.0
36184.0 39927.0

16023.0 45512.0
16156.0 43460.0
16515.0 41770.0
16816.0 41542.0
17516.0 41267.0
18016.0 41168.0
18092.0 40702.0
18596.0 40565.0
21342.0 40210.0
21708.0 39999.0
24801.0 39998.0
28763.0 39956.0
32934.0 39888.0

16515.0 42214.0
16816.0 41662.0
16990.0 41546.0
17516.0 41332.0
17726.0 41287.0
18016.0 41168.0
18092.0 40702.0
18596.0 40600.0
21342.0 40288.0
24592.0 40253.0
25513.0 40214.0
28763.0 39956.0

16515.0 42214.0
16816.0 41662.0
16990.0 41578.0
17516.0 41332.0
17726.0 41287.0
18016.0 41168.0
18092.0 40702.0
18596.0 40600.0
21342.0 40288.0
21708.0 40077.0
24801.0 40076.0
25513.0 40015.0
28763.0 39956.0

16515.0 42214.0
16816.0 41662.0
16990.0 41639.0
17345.0 41597.0
17516.0 41267.0
18016.0 41168.0
18092.0 40689.0
18596.0 40565.0
21342.0 40210.0
24592.0 40175.0
28763.0 39956.0
36184.0 39927.0

16023.0 45512.0
16156.0 44178.0
16515.0 41770.0
16816.0 41662.0
16990.0 41578.0
17516.0 41267.0
18016.0 41168.0
18092.0 40689.0
18596.0 40600.0
21342.0 40288.0
21708.0 40077.0
24801.0 40076.0
25513.0 40002.0
28763.0 39952.0
36184.0 39927.0

16515.0 42214.0
16816.0 41662.0
16990.0 41478.0
17171.0 40768.0
18092.0 40618.0
18526.0 40601.0
18596.0 40506.0
21342.0 40210.0
21708.0 39975.0
24820.0 39930.0
28763.0 39876.0
32934.0 39834.0
36184.0 39632.0


