16566.0 43272.0
16816.0 42160.0
16990.0 41453.0
17516.0 41221.0
18016.0 41140.0
18092.0 40496.0
18545.0 40474.0
18596.0 40367.0
19912.0 40343.0
21266.0 40340.0
21342.0 40187.0
21708.0 39975.0
24592.0 39916.0
25513.0 39817.0
28687.0 39754.0
28763.0 39632.0
32934.0 39524.0
36108.0 39521.0
36184.0 39386.0
40355.0 39285.0

15590.0 51613.0
16023.0 46243.0
17145.0 45520.0
17492.0 44111.0
17923.0 44036.0
18092.0 43289.0
18615.0 42861.0
19505.0 41993.0
22040.0 41697.0
22263.0 41532.0
24592.0 41487.0
28763.0 41233.0
29684.0 41072.0
43605.0 40870.0
63874.0 38972.0

17996.0 50402.0
18056.0 46292.0
20489.0 46133.0
21708.0 43977.0
29684.0 43770.0

17996.0 50402.0
18056.0 46292.0
20489.0 46133.0
21708.0 43977.0
22020.0 43266.0
25513.0 42139.0

16515.0 44531.0
16816.0 41745.0
16956.0 41634.0
16990.0 41481.0
17516.0 41249.0
18016.0 41168.0
18092.0 40466.0
18545.0 40444.0
18596.0 40337.0
19912.0 40313.0
21266.0 40310.0
21342.0 40064.0
21708.0 39975.0
24516.0 39972.0
24592.0 39915.0
24820.0 39865.0
25513.0 39758.0
27894.0 39757.0
28763.0 39631.0
31937.0 39628.0
32013.0 39572.0
32934.0 39511.0
36108.0 39509.0
36184.0 39385.0
39434.0 39327.0
40355.0 39278.0
43605.0 39152.0
46855.0 39094.0

16023.0 44822.0
16156.0 44379.0
16515.0 42485.0
16571.0 41792.0
16816.0 41612.0
16990.0 41426.0
17171.0 40744.0
18092.0 40496.0
18545.0 40474.0
18596.0 40367.0
19912.0 40343.0
21266.0 40342.0
21342.0 40064.0
21708.0 39975.0
24801.0 39974.0
25513.0 39758.0
27894.0 39757.0
28763.0 39631.0
32934.0 39536.0
36184.0 39385.0
43605.0 39322.0

16023.0 44822.0
16156.0 44379.0
16515.0 42485.0
16571.0 41792.0
16816.0 41612.0
16990.0 41426.0
17171.0 40744.0
18092.0 40496.0
18545.0 40474.0
18596.0 40367.0
19912.0 40343.0
21266.0 40342.0
21342.0 40064.0
21708.0 39975.0
24801.0 39974.0
25513.0 39758.0
27894.0 39757.0
28763.0 39631.0
32934.0 39536.0
36184.0 39385.0
43605.0 39322.0

16023.0 44642.0
16156.0 44379.0
16515.0 42485.0
16571.0 41792.0
16816.0 41612.0
16990.0 41426.0
17171.0 40744.0
18092.0 40496.0
18545.0 40474.0
18596.0 40367.0
19912.0 40343.0
21266.0 40342.0
21342.0 40064.0
21708.0 39975.0
24592.0 39915.0
25513.0 39758.0
27894.0 39757.0
28763.0 39631.0
32934.0 39536.0
36184.0 39385.0
43605.0 39322.0

16023.0 44822.0
16156.0 44379.0
16515.0 41382.0
16595.0 41150.0
17095.0 41087.0
17171.0 40744.0
18092.0 40496.0
18545.0 40474.0
18596.0 40367.0
19912.0 40343.0
21266.0 40342.0
21342.0 40064.0
21708.0 39975.0
24801.0 39974.0
25513.0 39758.0
27894.0 39757.0
28763.0 39631.0
32934.0 39536.0
36184.0 39385.0
43605.0 39322.0

16023.0 43387.0
16156.0 43331.0
16515.0 42485.0
16571.0 41792.0
16816.0 41612.0
16990.0 41426.0
17171.0 40744.0
18092.0 40496.0
18545.0 40474.0
18596.0 40367.0
19912.0 40343.0
21266.0 40342.0
21342.0 40064.0
21708.0 39975.0
24592.0 39915.0
24820.0 39884.0
25513.0 39758.0
27894.0 39757.0
28687.0 39755.0
28763.0 39631.0
32013.0 39572.0
32934.0 39525.0
36108.0 39522.0
36184.0 39385.0
43605.0 39322.0

16023.0 44822.0
16156.0 44379.0
16515.0 42485.0
16571.0 41792.0
16816.0 41612.0
16990.0 41426.0
17171.0 40744.0
18092.0 40496.0
18545.0 40474.0
18596.0 40367.0
19912.0 40343.0
21266.0 40342.0
21342.0 40064.0
21708.0 39975.0
24801.0 39974.0
25513.0 39758.0
27894.0 39757.0
28763.0 39631.0
32934.0 39512.0
36184.0 39385.0
43605.0 39322.0

16023.0 44822.0
16156.0 44379.0
16495.0 44084.0
16515.0 41382.0
16595.0 41168.0
17095.0 41069.0
17171.0 40744.0
18092.0 40496.0
18545.0 40474.0
18596.0 40337.0
19912.0 40313.0
21342.0 40064.0
21708.0 39975.0
24516.0 39974.0
24592.0 39963.0
25513.0 39758.0
27894.0 39757.0
28763.0 39631.0
32934.0 39512.0
36184.0 39385.0
43605.0 39322.0

16023.0 44822.0
16156.0 44379.0
16515.0 41382.0
16595.0 41150.0
17095.0 41069.0
17171.0 40744.0
18092.0 40496.0
18545.0 40474.0
18596.0 40367.0
19912.0 40343.0
21266.0 40342.0
21342.0 40064.0
21708.0 39975.0
24801.0 39974.0
25513.0 39758.0
27894.0 39757.0
28763.0 39631.0
32934.0 39512.0
36184.0 39385.0
43605.0 39322.0

16023.0 43774.0
16156.0 43331.0
16515.0 42327.0
16571.0 41792.0
16816.0 41612.0
16990.0 41426.0
17171.0 40744.0
18092.0 40496.0
18545.0 40474.0
18596.0 40367.0
19912.0 40343.0
21266.0 40342.0
21342.0 40064.0
21708.0 39975.0
24516.0 39972.0
24592.0 39955.0
24820.0 39908.0
25513.0 39758.0
27894.0 39757.0
28687.0 39755.0
28763.0 39631.0
31937.0 39629.0
32013.0 39612.0
32934.0 39512.0
36184.0 39385.0
43605.0 39262.0

16023.0 42670.0
16156.0 42227.0
16571.0 41792.0
16816.0 41612.0
16990.0 41423.0
17171.0 40744.0
18092.0 40466.0
18545.0 40444.0
18596.0 40337.0
19912.0 40313.0
21266.0 40310.0
21342.0 40064.0
21708.0 39975.0
24516.0 39974.0
24592.0 39916.0
24820.0 39908.0
25513.0 39758.0
27894.0 39757.0
28763.0 39631.0
31937.0 39630.0
32013.0 39612.0
32934.0 39512.0
36184.0 39385.0
40355.0 39367.0
43605.0 39322.0
46855.0 39263.0


