16745.0 46288.0
16816.0 42529.0
16990.0 41465.0
17516.0 41233.0
18016.0 41152.0
18092.0 40702.0
18545.0 40680.0
18596.0 40573.0
19912.0 40549.0
21266.0 40548.0
21342.0 40244.0
21657.0 40184.0
21708.0 39975.0
24516.0 39972.0
25513.0 39758.0
27894.0 39757.0
28763.0 39632.0
32013.0 39596.0
32934.0 39512.0
36184.0 39386.0
39434.0 39327.0
40355.0 39279.0
43605.0 39153.0
46855.0 39117.0

16023.0 47361.0
16515.0 46276.0
17492.0 45751.0
17516.0 43535.0
18671.0 43514.0
19466.0 42335.0
21708.0 42194.0
24516.0 42149.0
24588.0 42103.0
26643.0 41876.0
28187.0 41697.0
28763.0 41676.0
31006.0 41407.0
54276.0 40681.0
63874.0 38972.0

16745.0 46288.0
17745.0 45187.0
22263.0 44372.0
23951.0 44324.0
31937.0 43832.0
38858.0 42227.0

16745.0 46288.0
17745.0 45187.0
18615.0 45109.0
18856.0 43962.0
19246.0 43835.0
21364.0 43298.0
28763.0 41974.0

16094.0 47746.0
16290.0 44825.0
16480.0 43373.0
16494.0 42979.0
16515.0 42901.0
16816.0 41890.0
16990.0 41658.0
17345.0 41623.0
17516.0 41444.0
17745.0 41229.0
18092.0 40466.0
18545.0 40444.0
18596.0 40337.0
19912.0 40313.0
21266.0 40310.0
21342.0 40064.0
21708.0 39975.0
24516.0 39972.0
24592.0 39915.0
24820.0 39865.0
25513.0 39758.0
27894.0 39757.0
28763.0 39631.0
32013.0 39572.0
32934.0 39511.0
36108.0 39508.0
36184.0 39386.0
39434.0 39326.0
42608.0 39323.0
42684.0 39291.0

16023.0 43162.0
16156.0 42719.0
16816.0 42241.0
16990.0 41442.0
17516.0 41240.0
18016.0 41159.0
18092.0 40466.0
18545.0 40444.0
18596.0 40337.0
19912.0 40313.0
21342.0 40142.0
21708.0 40053.0
24516.0 40050.0
24592.0 39994.0
25513.0 39798.0
27894.0 39797.0
28687.0 39755.0
28763.0 39671.0
32013.0 39651.0
32934.0 39565.0
36184.0 39439.0
39434.0 39340.0

16023.0 43162.0
16156.0 42719.0
16816.0 42241.0
16990.0 41442.0
17345.0 41406.0
17516.0 41240.0
18016.0 41159.0
18092.0 40466.0
18545.0 40444.0
18596.0 40337.0
19912.0 40313.0
21266.0 40312.0
21342.0 40088.0
21657.0 40071.0
21708.0 40042.0
24592.0 39994.0
25513.0 39758.0
28687.0 39755.0
28763.0 39671.0
32013.0 39651.0
32934.0 39565.0
36184.0 39439.0
39434.0 39340.0

16023.0 43162.0
16156.0 42719.0
16595.0 42487.0
16816.0 41733.0
16956.0 41652.0
16990.0 41442.0
17516.0 41210.0
18016.0 41129.0
18092.0 40466.0
18545.0 40444.0
18596.0 40337.0
19912.0 40313.0
21266.0 40312.0
21342.0 40104.0
21708.0 39975.0
25513.0 39798.0
27894.0 39797.0
28687.0 39755.0
28763.0 39671.0
32013.0 39636.0
32934.0 39565.0
36184.0 39439.0
39434.0 39340.0

16023.0 43162.0
16156.0 42719.0
16816.0 42241.0
16990.0 41442.0
17345.0 41406.0
17516.0 41240.0
18016.0 41159.0
18092.0 40466.0
18545.0 40444.0
18596.0 40337.0
19912.0 40313.0
21266.0 40312.0
21342.0 40088.0
21657.0 40071.0
21708.0 40042.0
24592.0 39994.0
25513.0 39758.0
28687.0 39755.0
28763.0 39671.0
32013.0 39651.0
32934.0 39565.0
36184.0 39439.0
39434.0 39340.0

16023.0 43162.0
16156.0 42719.0
16515.0 42003.0
16816.0 41733.0
16990.0 41387.0
17516.0 41155.0
18016.0 41074.0
18092.0 40466.0
18545.0 40444.0
18596.0 40337.0
19912.0 40313.0
21266.0 40310.0
21342.0 40064.0
21708.0 39975.0
24516.0 39972.0
24801.0 39971.0
25513.0 39758.0
28687.0 39755.0
28763.0 39632.0
31937.0 39629.0
32934.0 39536.0
36184.0 39439.0
39434.0 39340.0

16023.0 43162.0
16156.0 42719.0
16816.0 41733.0
16990.0 41442.0
17345.0 41406.0
17516.0 41210.0
18016.0 41129.0
18092.0 40466.0
18545.0 40444.0
18596.0 40337.0
19912.0 40313.0
21266.0 40310.0
21342.0 40088.0
21657.0 40071.0
21708.0 39999.0
24592.0 39963.0
24750.0 39946.0
25513.0 39758.0
28687.0 39755.0
28763.0 39656.0
32013.0 39620.0
32934.0 39565.0
36184.0 39439.0
39434.0 39340.0

16023.0 43162.0
16156.0 42719.0
16595.0 42487.0
16816.0 42176.0
16956.0 41896.0
16990.0 41442.0
17345.0 41406.0
17516.0 41228.0
17745.0 41217.0
18016.0 41129.0
18092.0 40466.0
18545.0 40444.0
18596.0 40337.0
19912.0 40313.0
21266.0 40310.0
21342.0 40064.0
21708.0 39975.0
24516.0 39974.0
24592.0 39963.0
24750.0 39946.0
25513.0 39758.0
28687.0 39755.0
28763.0 39632.0
32013.0 39620.0
32934.0 39565.0
36184.0 39423.0
39434.0 39340.0

16023.0 43162.0
16156.0 42719.0
16816.0 42241.0
16956.0 41896.0
16990.0 41442.0
17345.0 41406.0
17516.0 41228.0
17745.0 41217.0
18016.0 41129.0
18092.0 40466.0
18545.0 40444.0
18596.0 40337.0
19912.0 40313.0
21266.0 40310.0
21342.0 40088.0
21657.0 40071.0
21708.0 39999.0
24592.0 39963.0
24750.0 39946.0
25513.0 39758.0
28687.0 39755.0
28763.0 39656.0
32013.0 39620.0
32934.0 39565.0
36184.0 39439.0
39434.0 39340.0

16023.0 43162.0
16156.0 42719.0
16816.0 42176.0
16990.0 41387.0
17516.0 41155.0
18016.0 41074.0
18092.0 40466.0
18545.0 40444.0
18596.0 40337.0
19912.0 40313.0
21266.0 40310.0
21342.0 40064.0
21708.0 39975.0
24516.0 39972.0
24592.0 39934.0
25513.0 39758.0
28687.0 39755.0
28763.0 39632.0
31937.0 39631.0
32013.0 39597.0
32934.0 39512.0
36184.0 39423.0
39434.0 39340.0

16023.0 43162.0
16156.0 42719.0
16816.0 42176.0
16956.0 41896.0
16990.0 41387.0
17516.0 41173.0
17745.0 41162.0
18016.0 41074.0
18092.0 40466.0
18545.0 40444.0
18596.0 40337.0
19912.0 40313.0
21266.0 40310.0
21342.0 40064.0
21708.0 39975.0
24516.0 39974.0
24592.0 39939.0
25513.0 39758.0
28687.0 39755.0
28763.0 39632.0
31937.0 39631.0
32013.0 39620.0
32934.0 39532.0
36108.0 39511.0
36184.0 39399.0
39434.0 39340.0
42684.0 39304.0


