16023.0 43272.0
16156.0 42111.0
16595.0 41879.0
16956.0 41768.0
17095.0 41705.0
18016.0 41638.0
18092.0 40694.0
18545.0 40590.0
18596.0 40465.0
18615.0 40443.0
20387.0 40419.0
21342.0 40088.0
21708.0 39975.0
24592.0 39916.0
24820.0 39865.0
25513.0 39862.0
28763.0 39656.0
32013.0 39596.0
35263.0 39590.0
36184.0 39393.0

15590.0 48677.0
16290.0 48490.0
17279.0 45135.0
17516.0 44618.0
18092.0 44538.0
18545.0 44231.0
18615.0 43283.0
18922.0 42045.0
20766.0 41868.0
21342.0 41159.0
32934.0 41049.0
63874.0 38972.0

17279.0 53276.0
18092.0 51047.0
18545.0 46880.0
20838.0 45814.0
22263.0 45529.0
23416.0 44023.0
25513.0 44020.0

17279.0 53276.0
18092.0 51047.0
18545.0 46880.0
20178.0 45326.0
22263.0 43232.0
24392.0 43100.0
29684.0 42238.0

16023.0 43684.0
16122.0 43614.0
16256.0 43076.0
16515.0 41688.0
17095.0 41194.0
17171.0 40744.0
18092.0 40646.0
18545.0 40629.0
18596.0 40367.0
19912.0 40343.0
21266.0 40340.0
21342.0 40064.0
21708.0 39975.0
24516.0 39972.0
24592.0 39915.0
24820.0 39865.0
25513.0 39758.0
28763.0 39631.0
31937.0 39629.0
32013.0 39572.0
35263.0 39537.0
36184.0 39385.0
39434.0 39326.0
43605.0 39316.0

16023.0 43063.0
16156.0 41999.0
16515.0 41539.0
16595.0 41144.0
17095.0 41045.0
17171.0 40744.0
18092.0 40466.0
18545.0 40444.0
18596.0 40337.0
19912.0 40313.0
21266.0 40310.0
21342.0 40186.0
21708.0 39975.0
24516.0 39972.0
24592.0 39939.0
24820.0 39884.0
25513.0 39758.0
28763.0 39631.0
32013.0 39572.0
32934.0 39532.0
36184.0 39399.0
39434.0 39367.0
46855.0 39362.0
50105.0 39319.0

16023.0 43063.0
16156.0 41999.0
16515.0 41539.0
16595.0 41144.0
17095.0 41045.0
17171.0 40744.0
18092.0 40466.0
18545.0 40444.0
18596.0 40337.0
19912.0 40313.0
21266.0 40310.0
21342.0 40064.0
21708.0 39975.0
24516.0 39972.0
24592.0 39915.0
24820.0 39865.0
25513.0 39758.0
28763.0 39631.0
32013.0 39572.0
32934.0 39532.0
36184.0 39399.0
39434.0 39367.0
46855.0 39244.0

16023.0 43063.0
16156.0 41999.0
16515.0 41358.0
16595.0 41126.0
17095.0 41045.0
17171.0 40744.0
18092.0 40466.0
18545.0 40444.0
18596.0 40337.0
19912.0 40313.0
21266.0 40310.0
21342.0 40064.0
21708.0 39975.0
24516.0 39972.0
24592.0 39915.0
24820.0 39865.0
25513.0 39758.0
28763.0 39631.0
32013.0 39572.0
32934.0 39532.0
36184.0 39399.0
39434.0 39327.0
50105.0 39319.0
53279.0 39318.0

16023.0 42442.0
16156.0 41932.0
16515.0 41509.0
16595.0 41114.0
17095.0 41015.0
17171.0 40744.0
18092.0 40466.0
18545.0 40444.0
18596.0 40337.0
19912.0 40313.0
21266.0 40310.0
21342.0 40064.0
21708.0 39975.0
24516.0 39972.0
24592.0 39939.0
24820.0 39884.0
25513.0 39758.0
28763.0 39631.0
32013.0 39572.0
32934.0 39532.0
36184.0 39399.0
39434.0 39367.0
46855.0 39362.0
50105.0 39319.0

16023.0 42442.0
16156.0 41999.0
16515.0 41539.0
16595.0 41144.0
17095.0 41045.0
17171.0 40744.0
18092.0 40466.0
18545.0 40444.0
18596.0 40337.0
19912.0 40313.0
21266.0 40310.0
21342.0 40088.0
21708.0 39975.0
24516.0 39972.0
24592.0 39915.0
24820.0 39865.0
25513.0 39758.0
28763.0 39631.0
32013.0 39572.0
32934.0 39532.0
36184.0 39399.0
39434.0 39327.0
50105.0 39319.0

16023.0 42996.0
16156.0 41932.0
16515.0 41539.0
16595.0 41144.0
17095.0 41045.0
17171.0 40744.0
18092.0 40466.0
18545.0 40444.0
18596.0 40337.0
19912.0 40313.0
21266.0 40310.0
21342.0 40064.0
21708.0 39975.0
24516.0 39972.0
24592.0 39915.0
24820.0 39865.0
25513.0 39758.0
27894.0 39757.0
28763.0 39631.0
32013.0 39572.0
32934.0 39532.0
36184.0 39385.0
39434.0 39326.0
46855.0 39244.0

16023.0 42996.0
16156.0 41932.0
16515.0 41448.0
16595.0 41053.0
17095.0 40954.0
17171.0 40744.0
18092.0 40466.0
18545.0 40444.0
18596.0 40337.0
19912.0 40313.0
21266.0 40310.0
21342.0 40064.0
21708.0 39975.0
24516.0 39972.0
24592.0 39915.0
24820.0 39865.0
25513.0 39758.0
27894.0 39757.0
28763.0 39631.0
32013.0 39572.0
32934.0 39532.0
36184.0 39385.0
39434.0 39326.0
40355.0 39303.0
46855.0 39244.0

16023.0 42996.0
16156.0 41932.0
16515.0 41539.0
16595.0 41144.0
17095.0 41045.0
17171.0 40744.0
18092.0 40466.0
18545.0 40444.0
18596.0 40337.0
19912.0 40313.0
21266.0 40310.0
21342.0 40064.0
21708.0 39975.0
24516.0 39972.0
24592.0 39915.0
24820.0 39865.0
25513.0 39758.0
27894.0 39757.0
28763.0 39631.0
32013.0 39572.0
32934.0 39532.0
36184.0 39385.0
39434.0 39326.0
42684.0 39304.0
46855.0 39244.0

16023.0 42442.0
16156.0 41932.0
16515.0 41539.0
16595.0 41144.0
17095.0 41045.0
17171.0 40744.0
18092.0 40466.0
18545.0 40444.0
18596.0 40337.0
19912.0 40313.0
21266.0 40310.0
21342.0 40064.0
21708.0 39975.0
24516.0 39972.0
24592.0 39915.0
24820.0 39884.0
25513.0 39758.0
27894.0 39757.0
28763.0 39631.0
32013.0 39572.0
32934.0 39532.0
36184.0 39385.0
39434.0 39326.0
40355.0 39303.0
46855.0 39244.0

16023.0 42996.0
16156.0 41932.0
16515.0 41448.0
16595.0 41053.0
17095.0 40954.0
17171.0 40744.0
18092.0 40466.0
18545.0 40444.0
18596.0 40337.0
19912.0 40313.0
21266.0 40310.0
21342.0 40064.0
21708.0 39975.0
24516.0 39972.0
24592.0 39915.0
24820.0 39865.0
25513.0 39758.0
27894.0 39757.0
28763.0 39631.0
32013.0 39572.0
32934.0 39512.0
36184.0 39385.0
39434.0 39326.0
40355.0 39286.0
43605.0 39160.0
46855.0 39093.0
54276.0 39011.0


