

----------------- Avg --------------

QI: GD    DIR    DCI    IGD    HV    
7.25 6.825 6.775 5.975 5.525 5.925 4.625 5.85 5.025 1.75 
7.45 8.725 8.55 8.5 9.325 8.925 9.3 9.125 9.475 9.625 
1.825 3.675 5.075 3.975 6.2 5.1 7.6 6.575 8.15 10.0 
2.025 3.275 5.15 3.95 5.325 5.4 7.475 5.9 7.125 9.9 
1.925 3.675 6.275 4.7 6.7 5.2 7.75 6.55 8.175 9.975 


----------------- Med ---------------

QI: GD    DIR    DCI    IGD    HV    
8.0 7.0 7.5 6.0 5.0 6.0 4.0 6.0 4.0 1.0 
9.0 10.0 10.0 10.0 10.0 10.0 10.0 10.0 10.0 10.0 
1.0 3.0 5.0 4.0 6.0 5.0 8.0 6.5 9.0 10.0 
1.0 3.0 4.5 4.0 5.0 5.0 8.0 6.0 8.0 10.0 
1.0 3.0 6.0 4.5 7.0 5.0 8.0 6.0 9.0 10.0 

