

----------------- Avg --------------

QI: GD    DIR    DCI    IGD    HV    
8.75 7.6 8.175 7.75 8.0 7.825 7.75 7.775 8.2 7.8 9.5 
8.75 8.425 8.8 8.85 9.15 8.875 8.95 8.75 9.05 8.8 10.2 
9.575 9.125 9.275 9.125 9.325 9.2 9.175 9.175 9.325 9.225 10.125 
10.45 7.675 8.475 8.45 8.775 8.3 8.35 8.3 8.7 8.1 7.2 
9.775 7.125 7.975 7.825 8.475 7.875 7.875 7.925 8.325 7.875 9.8 


----------------- Med ---------------

QI: GD    DIR    DCI    IGD    HV    
10.5 8.0 9.0 8.0 9.0 8.5 9.0 9.0 9.0 9.0 10.0 
10.0 9.0 9.0 9.0 9.0 9.0 9.0 9.0 9.0 9.0 10.5 
11.0 9.0 9.0 9.0 9.0 9.0 9.0 9.0 9.0 9.0 10.0 
11.0 8.5 9.0 9.0 9.0 9.0 9.0 9.0 9.0 9.0 9.5 
11.0 8.0 9.0 8.5 9.0 8.5 9.0 9.0 9.0 9.0 10.0 

