----------------- All ---------------

GD
2 11 11 11 11 11 11 1 11 11 11
11 8 9 8 10 8 8 8 8 8 8
11 10 10 10 10 10 10 10 10 10 10
11 10 10 10 10 10 10 10 10 10 10
11 10 2 10 10 10 10 10 2 10 10
11 10 10 10 10 10 10 10 10 1 2
11 8 8 9 3 3 8 1 10 8 8
11 10 10 10 10 10 10 10 10 10 10
11 8 8 8 8 9 8 1 8 8 10
11 10 10 10 10 10 10 10 10 10 10
11 10 10 10 10 10 10 10 10 10 10
11 9 9 9 9 9 9 10 9 1 9
11 10 10 10 10 10 10 10 10 10 10
11 9 9 10 9 9 9 9 9 9 9
11 9 9 9 9 10 9 9 9 9 9
1 11 11 11 11 11 11 4 11 4 2
11 7 7 7 7 7 10 10 1 7 10
11 10 10 10 10 10 1 10 10 10 10
11 10 10 10 10 10 10 10 1 10 10
1 10 10 10 10 10 10 10 10 10 11
11 10 10 10 10 10 10 10 10 10 10
11 7 7 8 7 7 7 10 7 10 7
10 9 9 11 9 9 9 9 9 1 9
11 7 7 1 10 7 7 9 7 9 7
11 10 10 10 10 10 10 10 10 10 10
1 10 10 10 10 10 10 10 11 10 10
11 10 10 10 10 10 10 10 10 10 10
11 10 10 10 10 10 10 10 10 10 10
11 10 10 10 10 10 10 10 10 10 10
11 10 10 10 10 10 10 10 10 10 10
11 10 10 10 10 10 10 10 10 10 10
1 11 11 11 11 4 11 11 4 4 11
11 10 10 10 10 10 10 10 10 10 10
11 8 8 8 10 8 8 9 8 8 8
1 11 11 11 11 11 11 11 11 11 11
11 7 10 7 7 9 7 7 7 9 7
11 6 7 6 6 6 6 10 10 10 1
1 10 10 10 10 10 10 10 11 10 10
11 10 10 10 10 10 10 10 10 1 10
10 9 9 9 9 9 1 9 9 11 2

DIR
11 10 10 10 10 10 10 10 10 10 10
1 10 10 10 11 10 10 10 10 10 10
1 11 11 11 11 11 11 11 11 11 11
11 10 10 10 10 10 10 10 10 10 10
11 10 10 10 10 10 10 10 10 10 10
11 10 10 10 10 10 10 10 10 10 10
11 9 9 9 9 9 9 9 10 9 9
1 11 11 11 11 11 11 11 11 11 11
11 9 9 9 9 9 9 10 9 9 9
1 11 11 11 11 11 11 11 11 11 11
11 10 10 10 10 10 10 10 10 10 10
11 10 10 10 10 10 10 10 10 10 10
11 10 10 10 10 10 10 10 10 10 10
10 9 9 11 9 9 9 9 9 9 9
11 10 10 10 10 10 10 10 10 10 10
1 11 11 11 11 11 11 11 11 11 11
11 10 10 10 10 10 10 10 10 10 10
11 10 10 10 10 10 10 10 10 10 10
11 10 10 10 10 10 10 10 10 10 10
11 10 10 10 10 10 10 10 10 10 10
11 10 10 10 10 10 10 10 10 10 10
11 7 7 10 7 7 7 9 7 9 7
10 9 9 11 9 9 9 9 9 9 9
11 10 10 10 10 10 10 10 10 10 10
11 10 10 10 10 10 10 10 10 10 10
11 10 10 10 10 10 10 10 10 10 10
11 10 10 10 10 10 10 10 10 10 10
11 10 10 10 10 10 10 10 10 10 10
11 10 10 10 10 10 10 10 10 10 10
11 10 10 10 10 10 10 10 10 10 10
11 10 10 10 10 10 10 10 10 10 10
1 8 8 8 8 11 8 8 11 11 8
11 10 10 10 10 10 10 10 10 10 10
11 9 9 9 10 9 9 9 9 9 9
1 11 11 11 11 11 11 11 11 11 11
11 10 10 10 10 10 10 10 10 10 10
11 10 10 10 10 10 10 10 10 10 10
11 9 9 9 9 9 9 9 10 9 9
11 10 10 10 10 10 10 10 10 10 10
11 10 10 10 10 10 10 10 10 10 10

DCI
11 10 10 10 10 10 10 10 10 10 10
11 9 9 9 10 9 9 9 9 9 9
11 10 10 10 10 10 10 10 10 10 10
11 10 10 10 10 10 10 10 10 10 10
11 10 10 10 10 10 10 10 10 10 10
11 10 10 10 10 10 10 10 10 10 10
11 8 8 8 8 8 8 10 10 8 8
11 10 10 10 10 10 10 10 10 10 10
11 10 10 10 10 10 10 10 10 10 10
11 10 10 10 10 10 10 10 10 10 10
11 10 10 10 10 10 10 10 10 10 10
11 10 10 10 10 10 10 10 10 10 10
11 10 10 10 10 10 10 10 10 10 10
11 9 9 11 9 9 9 9 9 9 9
11 10 10 10 10 10 10 10 10 10 10
1 10 10 10 10 10 10 10 10 10 11
11 10 10 10 10 10 10 10 10 10 10
11 10 10 10 10 10 10 10 10 10 10
11 10 10 10 10 10 10 10 10 10 10
11 9 9 9 9 9 9 9 9 9 10
11 10 10 10 10 10 10 10 10 10 10
11 10 10 10 10 10 10 10 10 10 10
11 9 9 10 9 9 9 9 9 9 9
11 10 10 10 10 10 10 10 10 10 10
11 10 10 10 10 10 10 10 10 10 10
11 9 9 9 9 9 9 9 10 9 9
11 10 10 10 10 10 10 10 10 10 10
11 10 10 10 10 10 10 10 10 10 10
11 10 10 10 10 10 10 10 10 10 10
11 10 10 10 10 10 10 10 10 10 10
11 10 10 10 10 10 10 10 10 10 10
11 7 7 7 7 10 7 7 10 10 7
11 10 10 10 10 10 10 10 10 10 10
11 10 10 10 10 10 10 10 10 10 10
1 11 11 11 11 11 11 11 11 11 11
11 10 10 10 10 10 10 10 10 10 10
11 10 10 10 10 10 10 10 10 10 10
11 10 10 10 10 10 10 10 10 10 10
11 10 10 10 10 10 10 10 10 10 10
11 10 10 10 10 10 10 10 10 10 10

IGD
10 9 9 9 9 9 9 11 9 9 9
10 8 9 8 11 8 8 8 8 8 8
11 10 10 10 10 10 10 10 10 10 10
11 10 10 10 10 10 10 10 10 10 10
11 8 10 8 8 8 8 8 10 8 8
11 9 9 9 9 9 9 9 9 9 10
11 6 6 10 8 8 6 9 1 6 6
11 10 10 10 10 10 10 10 10 10 10
11 8 8 8 8 9 8 10 8 8 8
11 10 10 10 10 10 10 10 10 10 10
11 10 10 10 10 10 10 10 10 10 10
11 10 10 10 10 10 10 10 10 10 10
11 10 10 10 10 10 10 10 10 10 10
10 9 9 11 9 9 9 9 9 9 9
11 9 9 9 9 10 9 9 9 9 9
11 10 10 10 10 10 10 10 10 10 10
11 9 9 9 9 9 9 9 10 9 9
11 9 9 9 9 9 10 9 9 9 9
11 10 10 10 10 10 10 10 10 10 10
1 11 11 11 11 11 11 11 11 11 11
11 10 10 10 10 10 10 10 10 10 10
11 7 7 10 7 7 7 9 7 9 7
11 10 10 1 10 10 10 10 10 10 10
11 7 7 8 7 7 7 10 7 10 7
11 10 10 10 10 10 10 10 10 10 10
11 9 9 9 9 9 9 9 10 9 9
11 10 10 10 10 10 10 10 10 10 10
11 10 10 10 10 10 10 10 10 10 10
11 10 10 10 10 10 10 10 10 10 10
11 10 10 10 10 10 10 10 10 10 10
11 10 10 10 10 10 10 10 10 10 10
8 7 7 7 7 11 7 7 11 11 7
11 10 10 10 10 10 10 10 10 10 10
11 8 8 8 10 8 8 9 8 8 8
1 11 11 11 11 11 11 11 11 11 11
11 7 10 7 7 9 7 7 7 9 7
11 9 9 9 9 9 9 9 9 9 10
11 9 9 9 9 9 9 9 10 9 9
11 9 9 9 9 9 9 9 9 10 9
11 8 8 8 8 8 10 8 8 9 8

HV
11 9 9 9 9 9 9 10 9 9 9
11 8 10 8 9 8 8 8 8 8 8
11 10 10 10 10 10 10 10 10 10 10
11 10 10 10 10 10 10 10 10 10 10
11 8 10 8 8 8 8 8 10 8 8
11 9 9 9 9 9 9 9 9 9 10
11 5 5 9 7 7 5 10 8 5 5
11 10 10 10 10 10 10 10 10 10 10
11 7 7 7 7 8 7 9 7 7 10
11 10 10 10 10 10 10 10 10 10 10
11 10 10 10 10 10 10 10 10 10 10
11 8 8 8 8 8 8 9 8 10 8
11 10 10 10 10 10 10 10 10 10 10
10 9 9 11 9 9 9 9 9 9 9
11 9 9 9 9 10 9 9 9 9 9
1 8 8 8 8 8 8 11 8 11 11
11 9 9 9 9 9 9 9 10 9 9
11 10 10 10 10 10 10 10 10 10 10
11 9 9 9 9 9 9 9 10 9 9
1 11 11 11 11 11 11 11 11 11 11
11 10 10 10 10 10 10 10 10 10 10
11 7 7 10 7 7 7 9 7 9 7
11 9 9 10 9 9 9 9 9 9 9
11 6 6 10 7 6 6 9 6 9 6
11 10 10 10 10 10 10 10 10 10 10
11 9 9 9 9 9 9 9 10 9 9
11 10 10 10 10 10 10 10 10 10 10
11 10 10 10 10 10 10 10 10 10 10
11 10 10 10 10 10 10 10 10 10 10
11 10 10 10 10 10 10 10 10 10 10
11 10 10 10 10 10 10 10 10 10 10
11 7 7 7 7 10 7 7 10 10 7
11 10 10 10 10 10 10 10 10 10 10
11 8 8 8 10 8 8 9 8 8 8
1 11 11 11 11 11 11 11 11 11 11
11 7 10 7 7 9 7 7 7 9 7
11 6 7 6 6 6 6 10 10 10 6
11 9 9 9 9 9 9 9 10 9 9
11 9 9 9 9 9 9 9 9 10 9
11 7 7 7 7 7 9 7 7 10 8



----------------- Avg --------------

QI: GD    DIR    DCI    IGD    HV    
9.225 9.375 9.3 9.35 9.425 9.175 9.025 8.95 8.825 8.5 8.8 
9.2 9.85 9.85 10.025 9.9 9.925 9.85 9.925 9.975 9.975 9.85 
10.5 9.775 9.775 9.85 9.8 9.85 9.775 9.825 9.925 9.85 9.825 
10.35 9.15 9.3 9.175 9.325 9.4 9.225 9.475 9.25 9.475 9.2 
10.225 8.85 9.05 9.2 9.0 9.075 8.9 9.4 9.25 9.425 9.05 


----------------- Med ---------------

QI: GD    DIR    DCI    IGD    HV    
11.0 10.0 10.0 10.0 10.0 10.0 10.0 10.0 10.0 10.0 10.0 
11.0 10.0 10.0 10.0 10.0 10.0 10.0 10.0 10.0 10.0 10.0 
11.0 10.0 10.0 10.0 10.0 10.0 10.0 10.0 10.0 10.0 10.0 
11.0 9.5 10.0 10.0 10.0 10.0 10.0 10.0 10.0 10.0 10.0 
11.0 9.0 9.5 10.0 9.0 9.0 9.0 10.0 10.0 10.0 9.5 

