----------------- All ---------------

GD
3 11 11 11 2 11 11 11 11 2 11
11 4 5 9 9 9 4 4 9 10 4
11 10 10 10 10 10 10 10 10 10 10
11 7 8 7 9 7 7 7 7 7 10
11 10 10 10 10 10 3 10 3 4 3
11 10 10 10 10 10 10 10 10 2 1
11 10 10 1 10 10 10 10 10 10 10
11 10 10 10 10 10 10 10 10 10 1
11 9 9 9 1 2 9 10 9 9 9
11 10 10 10 10 10 10 10 10 10 10
11 10 10 10 10 10 10 10 10 10 10
11 9 9 9 9 9 9 9 10 9 9
11 10 10 10 10 10 10 10 10 10 10
11 9 9 10 9 9 9 9 9 9 9
11 10 10 10 10 10 10 10 10 10 10
1 11 11 11 5 11 5 11 5 6 2
11 9 9 9 9 10 9 9 9 9 9
11 10 10 10 10 10 10 10 10 10 10
11 9 10 9 1 9 9 9 9 9 9
1 11 11 11 11 11 11 11 11 11 11
11 10 10 10 10 10 10 10 10 10 10
11 7 7 7 7 1 8 10 7 9 2
9 8 8 11 11 8 3 8 3 3 8
11 8 8 8 8 8 9 2 10 2 8
11 9 9 9 9 9 9 9 10 9 9
1 10 10 10 10 10 10 10 11 10 10
11 10 10 10 10 10 10 10 10 10 10
11 10 10 10 10 10 10 10 10 10 10
11 10 10 10 10 10 10 10 10 10 10
11 10 10 10 10 10 10 10 10 10 10
11 10 10 10 10 10 10 10 10 10 10
1 11 11 11 11 11 11 11 11 11 11
9 8 1 8 11 8 8 10 8 8 8
11 9 9 9 9 9 9 9 9 9 10
1 10 10 10 11 10 10 10 10 10 10
11 7 7 7 9 7 7 7 10 8 7
11 9 10 9 9 9 9 9 9 9 9
1 9 9 9 9 9 9 11 11 9 9
11 10 10 10 10 10 10 10 10 10 10
10 9 9 9 9 9 9 9 9 9 11

DIR
11 10 10 10 10 10 10 10 10 10 10
1 11 11 11 11 11 11 11 11 11 11
1 11 11 11 11 11 11 11 11 11 11
11 9 9 9 9 9 9 9 9 9 10
11 10 10 10 10 10 10 10 10 10 10
11 10 10 10 10 10 10 10 10 10 10
11 10 10 10 10 10 10 10 10 10 10
1 11 11 11 11 11 11 11 11 11 11
11 9 9 9 10 9 9 9 9 9 9
1 11 11 11 11 11 11 11 11 11 11
11 10 10 10 10 10 10 10 10 10 10
11 10 10 10 10 10 10 10 10 10 10
11 10 10 10 10 10 10 10 10 10 10
10 9 9 11 9 9 9 9 9 9 9
11 10 10 10 10 10 10 10 10 10 10
1 11 11 11 11 11 11 11 11 11 11
11 10 10 10 10 10 10 10 10 10 10
11 10 10 10 10 10 10 10 10 10 10
10 9 11 9 9 9 9 9 9 9 9
11 10 10 10 10 10 10 10 10 10 10
11 10 10 10 10 10 10 10 10 10 10
11 8 8 8 8 8 8 10 8 10 8
9 8 8 11 11 8 8 8 8 8 8
11 9 9 9 9 9 10 9 9 9 9
11 9 9 9 9 9 9 9 10 9 9
11 10 10 10 10 10 10 10 10 10 10
11 10 10 10 10 10 10 10 10 10 10
11 10 10 10 10 10 10 10 10 10 10
11 10 10 10 10 10 10 10 10 10 10
11 10 10 10 10 10 10 10 10 10 10
11 10 10 10 10 10 10 10 10 10 10
1 11 11 11 11 11 11 11 11 11 11
11 10 10 10 10 10 10 10 10 10 10
11 10 10 10 10 10 10 10 10 10 10
1 11 11 11 11 11 11 11 11 11 11
11 10 10 10 10 10 10 10 10 10 10
11 10 10 10 10 10 10 10 10 10 10
11 8 8 8 8 8 8 10 10 8 8
11 10 10 10 10 10 10 10 10 10 10
11 9 9 9 9 9 9 9 9 9 10

DCI
11 10 10 10 10 10 10 10 10 10 10
11 10 10 10 10 10 10 10 10 10 10
11 10 10 10 10 10 10 10 10 10 10
11 10 10 10 10 10 10 10 10 10 10
11 10 10 10 10 10 10 10 10 10 10
11 10 10 10 10 10 10 10 10 10 10
11 10 10 10 10 10 10 10 10 10 10
11 10 10 10 10 10 10 10 10 10 10
11 10 10 10 10 10 10 10 10 10 10
11 10 10 10 10 10 10 10 10 10 10
11 10 10 10 10 10 10 10 10 10 10
11 10 10 10 10 10 10 10 10 10 10
11 10 10 10 10 10 10 10 10 10 10
11 9 9 11 9 9 9 9 9 9 9
11 10 10 10 10 10 10 10 10 10 10
1 9 9 9 9 9 9 9 9 11 11
11 10 10 10 10 10 10 10 10 10 10
11 10 10 10 10 10 10 10 10 10 10
10 9 11 9 9 9 9 9 9 9 9
11 10 10 10 10 10 10 10 10 10 10
11 10 10 10 10 10 10 10 10 10 10
11 9 9 9 9 10 9 9 9 9 9
11 8 8 10 10 8 8 8 8 8 8
11 10 10 10 10 10 10 10 10 10 10
11 10 10 10 10 10 10 10 10 10 10
11 9 9 9 9 9 9 9 10 9 9
11 10 10 10 10 10 10 10 10 10 10
11 10 10 10 10 10 10 10 10 10 10
11 10 10 10 10 10 10 10 10 10 10
11 10 10 10 10 10 10 10 10 10 10
11 10 10 10 10 10 10 10 10 10 10
11 10 10 10 10 10 10 10 10 10 10
11 9 10 9 9 9 9 9 9 9 9
11 10 10 10 10 10 10 10 10 10 10
1 10 10 10 11 10 10 10 10 10 10
11 9 9 9 9 9 9 9 10 9 9
11 10 10 10 10 10 10 10 10 10 10
11 8 8 8 8 8 8 10 10 8 8
11 10 10 10 10 10 10 10 10 10 10
11 10 10 10 10 10 10 10 10 10 10

IGD
11 8 8 8 10 8 8 8 8 10 8
6 4 5 11 11 11 4 4 11 7 4
11 10 10 10 10 10 10 10 10 10 10
11 9 9 9 9 9 9 9 9 9 10
11 9 9 9 9 9 9 9 9 10 9
11 10 10 10 10 10 10 10 10 10 10
11 9 9 10 9 9 9 9 9 9 9
11 10 10 10 10 10 10 10 10 10 10
11 8 8 8 10 8 8 9 8 8 8
11 10 10 10 10 10 10 10 10 10 10
11 10 10 10 10 10 10 10 10 10 10
11 9 9 9 9 9 9 9 10 9 9
11 10 10 10 10 10 10 10 10 10 10
10 9 9 11 9 9 9 9 9 9 9
11 10 10 10 10 10 10 10 10 10 10
11 9 9 9 9 9 9 9 9 10 9
11 10 10 10 10 10 10 10 10 10 10
11 10 10 10 10 10 10 10 10 10 10
11 9 10 9 9 9 9 9 9 9 9
1 11 11 11 11 11 11 11 11 11 11
11 10 10 10 10 10 10 10 10 10 10
11 6 6 6 6 6 7 10 6 10 8
11 10 10 2 2 10 10 10 10 10 10
11 7 7 7 7 7 10 9 7 9 7
11 10 10 10 10 10 10 10 1 10 10
11 9 9 9 9 9 9 9 10 9 9
11 10 10 10 10 10 10 10 10 10 10
11 10 10 10 10 10 10 10 10 10 10
11 10 10 10 10 10 10 10 10 10 10
11 10 10 10 10 10 10 10 10 10 10
11 10 10 10 10 10 10 10 10 10 10
11 10 10 10 10 10 10 10 10 10 10
11 8 8 8 10 8 8 9 8 8 8
11 10 10 10 10 10 10 10 10 10 1
1 10 10 10 11 10 10 10 10 10 10
11 8 8 8 8 8 8 8 9 10 8
11 10 10 10 10 10 10 10 10 10 10
11 8 8 8 8 8 8 10 10 8 8
11 10 10 10 10 10 10 10 10 10 10
11 9 9 9 9 9 9 9 9 9 10

HV
11 8 8 8 10 8 8 8 8 10 8
11 4 5 9 9 9 4 4 9 10 4
11 10 10 10 10 10 10 10 10 10 10
11 7 9 7 8 7 7 7 7 7 10
11 9 9 9 9 9 9 9 9 10 9
11 9 9 9 9 9 9 9 9 10 9
11 9 9 10 9 9 9 9 9 9 9
11 9 9 9 9 9 9 9 9 9 10
11 7 7 7 10 8 7 9 7 7 7
11 10 10 10 10 10 10 10 10 10 10
11 10 10 10 10 10 10 10 10 10 10
11 9 9 9 9 9 9 9 10 9 9
11 10 10 10 10 10 10 10 10 10 10
10 9 9 11 9 9 9 9 9 9 9
11 10 10 10 10 10 10 10 10 10 10
1 10 10 10 10 10 10 10 10 11 10
11 10 10 10 10 10 10 10 10 10 10
11 10 10 10 10 10 10 10 10 10 10
10 8 11 8 9 8 8 8 8 8 8
1 11 11 11 11 11 11 11 11 11 11
11 10 10 10 10 10 10 10 10 10 10
11 6 6 6 6 6 8 10 6 9 7
9 5 5 11 11 5 8 5 8 8 5
11 8 8 8 8 8 10 2 9 2 8
11 9 9 9 9 9 9 9 10 9 9
11 9 9 9 9 9 9 9 10 9 9
11 10 10 10 10 10 10 10 10 10 10
11 10 10 10 10 10 10 10 10 10 10
11 10 10 10 10 10 10 10 10 10 10
11 10 10 10 10 10 10 10 10 10 10
11 10 10 10 10 10 10 10 10 10 10
11 10 10 10 10 10 10 10 10 10 10
11 7 8 7 10 7 7 9 7 7 7
11 9 9 9 9 9 9 9 9 9 10
1 10 10 10 11 10 10 10 10 10 10
11 7 7 7 8 7 7 7 10 9 7
11 9 10 9 9 9 9 9 9 9 9
11 8 8 8 8 8 8 10 10 8 8
11 10 10 10 10 10 10 10 10 10 10
11 9 9 9 9 9 9 9 9 9 10



----------------- Avg --------------

QI: GD    DIR    DCI    IGD    HV    
9.175 9.325 9.25 9.325 8.95 9.15 8.925 9.375 9.25 8.575 8.5 
9.15 9.85 9.9 9.975 9.95 9.85 9.875 9.95 9.925 9.9 9.9 
10.475 9.725 9.8 9.825 9.8 9.75 9.725 9.775 9.825 9.775 9.775 
10.35 9.225 9.275 9.275 9.375 9.4 9.325 9.475 9.3 9.6 9.1 
10.15 8.875 9.075 9.225 9.45 9.025 9.05 8.975 9.3 9.2 9.05 


----------------- Med ---------------

QI: GD    DIR    DCI    IGD    HV    
11.0 10.0 10.0 10.0 10.0 10.0 10.0 10.0 10.0 9.5 10.0 
11.0 10.0 10.0 10.0 10.0 10.0 10.0 10.0 10.0 10.0 10.0 
11.0 10.0 10.0 10.0 10.0 10.0 10.0 10.0 10.0 10.0 10.0 
11.0 10.0 10.0 10.0 10.0 10.0 10.0 10.0 10.0 10.0 10.0 
11.0 9.0 9.5 10.0 10.0 9.0 9.0 9.5 10.0 10.0 10.0 

