----------------- All ---------------

GD
2 11 11 1 11 11 11 11 11 11 11
11 7 7 10 7 10 7 7 8 7 7
11 10 10 10 10 10 10 10 10 10 10
11 8 8 8 8 8 9 8 8 8 10
11 10 10 10 10 10 10 3 3 3 10
11 8 8 8 8 8 8 10 8 8 9
11 9 9 9 10 9 9 9 9 9 9
11 10 10 10 10 10 10 10 10 10 10
11 8 8 8 10 8 9 1 8 8 8
11 10 10 10 10 10 10 10 10 1 10
11 10 10 10 10 10 10 10 10 10 10
11 9 9 9 10 9 9 9 9 1 9
11 10 10 10 10 10 10 10 10 10 10
11 9 1 9 10 9 9 9 9 9 9
11 9 9 10 9 9 9 9 9 9 9
1 11 4 11 4 4 11 6 11 5 11
11 8 8 10 8 8 8 1 8 10 8
11 10 10 10 10 10 1 10 10 10 10
11 9 9 9 9 9 9 10 1 9 9
1 10 10 10 10 10 10 10 10 10 11
11 10 10 10 10 10 10 10 10 10 10
11 8 8 8 8 10 9 8 8 1 8
10 9 9 11 9 1 9 9 9 2 9
11 9 9 3 10 1 9 5 2 5 9
11 7 7 7 10 8 7 7 7 7 9
1 11 11 11 11 11 11 11 11 11 11
11 8 9 8 8 10 8 8 8 8 8
11 10 10 10 10 10 10 10 10 10 10
11 9 9 9 9 9 9 9 10 9 9
11 10 10 10 10 10 10 10 10 10 10
11 10 10 10 10 10 10 10 10 10 10
1 11 11 11 3 11 11 11 11 3 11
11 10 10 10 10 10 10 10 10 10 10
11 10 10 10 10 10 10 10 10 10 10
1 11 11 11 11 11 11 11 11 11 11
11 6 6 6 6 8 6 10 9 7 6
11 8 9 8 1 8 10 8 8 8 8
1 9 9 10 9 9 2 9 9 11 9
11 10 10 10 10 10 10 10 10 10 10
9 8 8 8 8 8 8 8 10 11 1

DIR
11 10 10 10 10 10 10 10 10 10 10
1 11 11 11 11 11 11 11 11 11 11
1 11 11 11 11 11 11 11 11 11 11
11 9 9 9 9 9 9 9 9 9 10
11 10 10 10 10 10 10 10 10 10 10
11 9 9 9 9 9 9 10 9 9 9
11 9 9 9 10 9 9 9 9 9 9
1 11 11 11 11 11 11 11 11 11 11
11 9 9 9 9 9 9 10 9 9 9
1 11 11 11 11 11 11 11 11 11 11
11 10 10 10 10 10 10 10 10 10 10
11 9 9 9 10 9 9 9 9 9 9
11 10 10 10 10 10 10 10 10 10 10
10 9 9 9 11 9 9 9 9 9 9
11 10 10 10 10 10 10 10 10 10 10
1 11 11 11 11 11 11 11 11 11 11
11 10 10 10 10 10 10 10 10 10 10
11 10 10 10 10 10 10 10 10 10 10
11 10 10 10 10 10 10 10 10 10 10
11 10 10 10 10 10 10 10 10 10 10
11 10 10 10 10 10 10 10 10 10 10
11 9 9 9 9 10 9 9 9 9 9
10 9 9 11 9 9 9 9 9 9 9
11 10 10 10 10 10 10 10 10 10 10
11 10 10 10 10 10 10 10 10 10 10
11 10 10 10 10 10 10 10 10 10 10
11 10 10 10 10 10 10 10 10 10 10
11 10 10 10 10 10 10 10 10 10 10
11 9 9 9 9 9 9 9 10 9 9
11 10 10 10 10 10 10 10 10 10 10
11 10 10 10 10 10 10 10 10 10 10
1 9 9 9 11 9 9 9 9 11 9
11 10 10 10 10 10 10 10 10 10 10
11 10 10 10 10 10 10 10 10 10 10
1 11 11 11 11 11 11 11 11 11 11
11 8 8 8 8 8 8 9 10 8 8
11 10 10 10 10 10 10 10 10 10 10
11 7 7 8 7 7 10 7 7 9 7
11 10 10 10 10 10 10 10 10 10 10
11 9 9 9 9 9 9 9 10 9 9

DCI
11 10 10 10 10 10 10 10 10 10 10
11 10 10 10 10 10 10 10 10 10 10
11 10 10 10 10 10 10 10 10 10 10
11 10 10 10 10 10 10 10 10 10 10
11 10 10 10 10 10 10 10 10 10 10
11 9 9 9 9 9 9 10 9 9 9
11 9 9 9 10 9 9 9 9 9 9
11 10 10 10 10 10 10 10 10 10 10
11 10 10 10 10 10 10 10 10 10 10
11 9 9 9 9 9 9 9 9 10 9
11 10 10 10 10 10 10 10 10 10 10
11 10 10 10 10 10 10 10 10 10 10
11 10 10 10 10 10 10 10 10 10 10
11 9 9 9 11 9 9 9 9 9 9
11 10 10 10 10 10 10 10 10 10 10
1 9 9 9 9 9 9 11 9 11 9
11 10 10 10 10 10 10 10 10 10 10
11 10 10 10 10 10 10 10 10 10 10
11 9 9 9 9 9 9 10 9 9 9
11 9 9 9 9 9 9 9 9 9 10
11 10 10 10 10 10 10 10 10 10 10
11 9 9 9 9 9 9 9 9 10 9
11 9 9 10 9 9 9 9 9 9 9
11 10 10 10 10 10 10 10 10 10 10
11 10 10 10 10 10 10 10 10 10 10
11 10 10 10 10 10 10 10 10 10 10
11 10 10 10 10 10 10 10 10 10 10
11 10 10 10 10 10 10 10 10 10 10
11 10 10 10 10 10 10 10 10 10 10
11 10 10 10 10 10 10 10 10 10 10
11 10 10 10 10 10 10 10 10 10 10
11 8 8 8 10 8 8 8 8 10 8
11 10 10 10 10 10 10 10 10 10 10
11 10 10 10 10 10 10 10 10 10 10
1 11 11 11 11 11 11 11 11 11 11
11 10 10 10 10 10 10 10 10 10 10
11 10 10 10 10 10 10 10 10 10 10
11 9 9 10 9 9 9 9 9 9 9
11 10 10 10 10 10 10 10 10 10 10
11 10 10 10 10 10 10 10 10 10 10

IGD
10 9 9 11 9 9 9 9 9 9 9
8 7 7 11 7 11 7 7 9 7 7
11 10 10 10 10 10 10 10 10 10 10
11 8 8 8 8 8 9 8 8 8 10
11 7 7 7 7 7 7 10 10 10 7
11 8 8 8 8 8 8 10 8 8 9
11 9 9 9 10 9 9 9 9 9 9
11 10 10 10 10 10 10 10 10 10 10
11 7 7 7 9 7 8 10 7 7 7
11 9 9 9 9 9 9 9 9 10 9
11 10 10 10 10 10 10 10 10 10 10
11 8 8 8 10 8 8 8 8 9 8
11 10 10 10 10 10 10 10 10 10 10
10 8 9 8 11 8 8 8 8 8 8
11 9 9 10 9 9 9 9 9 9 9
10 9 9 9 9 9 9 11 9 9 9
11 10 10 10 10 10 10 10 10 10 10
11 9 9 9 9 9 10 9 9 9 9
11 9 9 9 9 9 9 10 9 9 9
1 11 11 11 11 11 11 11 11 11 11
11 10 10 10 10 10 10 10 10 10 10
11 8 8 8 8 10 9 8 8 8 8
11 10 10 1 10 10 10 10 10 10 10
11 6 6 8 6 1 6 10 8 10 6
11 8 8 8 9 10 8 8 8 8 8
11 10 10 10 10 10 10 10 10 10 10
11 9 9 9 9 10 9 9 9 9 9
11 10 10 10 10 10 10 10 10 10 10
11 9 9 9 9 9 9 9 10 9 9
11 10 10 10 10 10 10 10 10 10 10
11 10 10 10 10 10 10 10 10 10 10
9 8 8 8 11 8 8 8 8 11 8
11 10 10 10 10 10 10 10 10 10 10
11 10 10 10 10 10 10 10 10 10 10
1 11 11 11 11 11 11 11 11 11 11
11 7 7 7 7 7 7 9 10 8 7
11 9 9 9 9 9 10 9 9 9 9
11 7 7 9 7 7 10 7 7 8 7
11 10 10 10 10 10 10 10 10 10 10
11 8 8 8 8 8 8 8 9 10 8

HV
11 9 9 10 9 9 9 9 9 9 9
11 7 7 10 7 10 7 7 8 7 7
11 10 10 10 10 10 10 10 10 10 10
11 8 8 8 8 8 9 8 8 8 10
11 7 7 7 7 7 7 10 10 10 7
11 8 8 8 8 8 8 10 8 8 9
11 9 9 9 10 9 9 9 9 9 9
11 10 10 10 10 10 10 10 10 10 10
11 7 7 7 8 7 9 10 7 7 7
11 10 10 10 10 10 10 10 10 10 10
11 10 10 10 10 10 10 10 10 10 10
11 8 8 8 10 8 8 8 8 9 8
11 10 10 10 10 10 10 10 10 10 10
10 8 9 8 11 8 8 8 8 8 8
11 9 9 10 9 9 9 9 9 9 9
1 10 10 10 10 10 10 10 10 11 10
11 10 10 10 10 10 10 10 10 10 10
11 10 10 10 10 10 10 10 10 10 10
11 9 9 9 9 9 9 9 10 9 9
1 11 11 11 11 11 11 11 11 11 11
11 10 10 10 10 10 10 10 10 10 10
11 8 8 8 8 10 9 8 8 8 8
11 8 8 10 8 8 8 8 8 9 8
11 10 10 1 10 5 10 4 2 4 10
11 7 7 7 10 9 7 7 7 7 8
11 10 10 10 10 10 10 10 10 10 10
11 8 9 8 8 10 8 8 8 8 8
11 10 10 10 10 10 10 10 10 10 10
11 9 9 9 9 9 9 9 10 9 9
11 10 10 10 10 10 10 10 10 10 10
11 10 10 10 10 10 10 10 10 10 10
11 8 8 8 10 8 8 8 8 10 8
11 10 10 10 10 10 10 10 10 10 10
11 10 10 10 10 10 10 10 10 10 10
1 11 11 11 11 11 11 11 11 11 11
11 6 6 6 6 7 6 10 9 8 6
11 9 9 9 9 9 10 9 9 9 9
11 7 7 8 7 7 10 7 7 9 7
11 10 10 10 10 10 10 10 10 10 10
11 7 7 7 7 7 7 7 9 10 8



----------------- Avg --------------

QI: GD    DIR    DCI    IGD    HV    
9.2 9.25 8.925 9.075 8.925 8.925 8.975 8.675 8.875 8.05 9.225 
9.2 9.75 9.75 9.825 9.9 9.775 9.825 9.825 9.85 9.85 9.775 
10.5 9.725 9.725 9.775 9.85 9.725 9.725 9.825 9.725 9.875 9.75 
10.3 8.925 8.95 8.975 9.225 9.025 9.125 9.35 9.225 9.325 9.0 
10.225 8.95 9.0 8.925 9.25 9.075 9.15 9.1 9.025 9.175 9.075 


----------------- Med ---------------

QI: GD    DIR    DCI    IGD    HV    
11.0 9.5 9.0 10.0 10.0 10.0 9.5 10.0 10.0 9.0 10.0 
11.0 10.0 10.0 10.0 10.0 10.0 10.0 10.0 10.0 10.0 10.0 
11.0 10.0 10.0 10.0 10.0 10.0 10.0 10.0 10.0 10.0 10.0 
11.0 9.0 9.0 9.0 9.5 9.5 9.0 10.0 9.0 10.0 9.0 
11.0 9.0 9.0 10.0 10.0 10.0 10.0 10.0 10.0 10.0 9.5 

