----------------- All ---------------

GD
7 11 11 4 4 6 11 6 4 4 11
11 8 8 8 9 8 8 8 8 10 8
11 10 10 10 10 10 10 10 10 10 10
11 7 10 7 7 7 8 7 7 7 9
11 10 10 10 10 10 5 5 1 5 5
11 9 9 9 9 1 9 10 9 9 2
11 6 7 8 9 6 6 6 6 10 6
11 10 10 10 10 10 10 10 10 10 1
11 5 7 5 5 10 8 6 5 10 5
11 10 10 10 2 10 2 10 10 10 10
11 10 10 10 10 10 10 10 10 10 10
11 9 9 9 9 9 9 9 10 9 9
11 10 10 10 10 10 10 10 10 10 10
11 8 8 9 8 8 8 8 8 10 8
11 10 10 10 10 10 10 10 10 10 10
1 11 11 11 11 3 11 11 11 3 11
11 9 9 9 9 10 9 9 9 9 1
11 10 10 10 10 10 1 10 10 10 10
11 10 10 10 10 10 10 1 10 10 10
1 10 10 10 10 10 10 10 10 10 11
11 10 10 10 10 10 10 10 10 10 10
11 9 9 10 9 9 9 9 9 9 9
9 8 8 11 8 8 8 10 8 8 8
11 8 8 8 8 8 8 1 10 8 9
11 8 8 8 8 9 8 8 8 8 10
1 9 9 11 9 11 2 9 9 9 9
11 10 10 10 10 10 10 10 10 10 10
11 9 9 9 9 9 9 9 9 9 10
11 9 9 9 9 9 10 9 9 9 9
11 10 10 10 10 10 10 10 10 10 10
11 8 10 8 8 8 8 8 8 8 9
1 11 11 11 2 11 11 11 11 11 11
9 8 8 8 11 8 8 8 8 8 10
11 8 8 8 9 8 8 8 8 10 8
1 11 11 11 11 11 11 11 11 11 11
11 8 9 8 8 8 8 8 10 8 8
11 7 7 7 7 7 10 10 7 10 7
2 9 9 9 11 9 1 9 11 9 9
11 9 9 9 9 9 10 9 9 9 9
10 9 9 9 9 9 1 9 2 11 9

DIR
11 10 10 10 10 10 10 10 10 10 10
1 11 11 11 11 11 11 11 11 11 11
1 11 11 11 11 11 11 11 11 11 11
11 10 10 10 10 10 10 10 10 10 10
11 10 10 10 10 10 10 10 10 10 10
10 9 9 9 9 9 9 11 9 9 9
11 7 7 9 10 7 7 7 7 9 7
1 11 11 11 11 11 11 11 11 11 11
11 9 9 9 9 9 10 9 9 9 9
1 11 11 11 11 11 11 11 11 11 11
11 10 10 10 10 10 10 10 10 10 10
11 10 10 10 10 10 10 10 10 10 10
11 10 10 10 10 10 10 10 10 10 10
10 9 9 9 9 9 9 9 9 11 9
11 10 10 10 10 10 10 10 10 10 10
1 11 11 11 11 11 11 11 11 11 11
11 10 10 10 10 10 10 10 10 10 10
11 10 10 10 10 10 10 10 10 10 10
11 10 10 10 10 10 10 10 10 10 10
11 10 10 10 10 10 10 10 10 10 10
11 10 10 10 10 10 10 10 10 10 10
11 9 9 10 9 9 9 9 9 9 9
10 9 9 11 9 9 9 9 9 9 9
11 9 9 9 9 9 9 9 9 9 10
11 10 10 10 10 10 10 10 10 10 10
11 10 10 10 10 10 10 10 10 10 10
11 10 10 10 10 10 10 10 10 10 10
11 10 10 10 10 10 10 10 10 10 10
11 9 9 9 9 9 10 9 9 9 9
11 10 10 10 10 10 10 10 10 10 10
11 9 10 9 9 9 9 9 9 9 9
1 10 10 10 11 10 10 10 10 10 10
11 10 10 10 10 10 10 10 10 10 10
11 9 9 9 9 9 9 9 9 10 9
1 11 11 11 11 11 11 11 11 11 11
11 10 10 10 10 10 10 10 10 10 10
11 10 10 10 10 10 10 10 10 10 10
11 8 8 8 10 8 8 8 10 8 8
10 9 9 9 9 9 11 9 9 9 9
11 8 8 8 8 8 8 8 10 9 8

DCI
11 10 10 10 10 10 10 10 10 10 10
11 10 10 10 10 10 10 10 10 10 10
11 10 10 10 10 10 10 10 10 10 10
11 10 10 10 10 10 10 10 10 10 10
11 10 10 10 10 10 10 10 10 10 10
11 9 9 9 9 9 9 10 9 9 9
11 9 9 9 10 9 9 9 9 9 9
11 10 10 10 10 10 10 10 10 10 10
11 10 10 10 10 10 10 10 10 10 10
11 8 8 8 10 8 10 8 8 8 8
11 10 10 10 10 10 10 10 10 10 10
11 10 10 10 10 10 10 10 10 10 10
11 10 10 10 10 10 10 10 10 10 10
11 9 9 9 9 9 9 9 9 11 9
11 10 10 10 10 10 10 10 10 10 10
1 11 11 11 11 11 11 11 11 11 11
11 10 10 10 10 10 10 10 10 10 10
11 10 10 10 10 10 10 10 10 10 10
11 9 9 9 9 9 9 10 9 9 9
11 9 9 9 9 9 9 9 9 9 10
11 10 10 10 10 10 10 10 10 10 10
11 10 10 10 10 10 10 10 10 10 10
11 9 9 10 9 9 9 9 9 9 9
11 10 10 10 10 10 10 10 10 10 10
11 10 10 10 10 10 10 10 10 10 10
11 9 9 9 9 9 10 9 9 9 9
11 10 10 10 10 10 10 10 10 10 10
11 10 10 10 10 10 10 10 10 10 10
11 10 10 10 10 10 10 10 10 10 10
11 10 10 10 10 10 10 10 10 10 10
11 9 9 9 9 9 9 9 9 9 10
11 9 9 9 10 9 9 9 9 9 9
11 10 10 10 10 10 10 10 10 10 10
11 10 10 10 10 10 10 10 10 10 10
1 11 11 11 11 11 11 11 11 11 11
11 9 9 9 9 9 9 9 10 9 9
11 10 10 10 10 10 10 10 10 10 10
11 7 7 7 10 7 10 7 10 7 7
11 9 9 9 9 9 10 9 9 9 9
11 9 9 9 9 9 9 9 10 9 9

IGD
5 4 4 9 9 11 4 11 9 9 4
9 8 8 8 11 8 8 8 8 10 8
11 10 10 10 10 10 10 10 10 10 10
11 9 9 9 9 9 10 9 9 9 9
11 9 9 9 9 9 9 9 10 9 9
11 8 8 8 8 8 8 10 8 8 9
11 7 1 9 10 7 7 7 7 8 7
11 10 10 10 10 10 10 10 10 10 10
11 5 7 5 5 9 10 6 5 9 5
11 8 8 8 10 8 10 8 8 8 8
11 10 10 10 10 10 10 10 10 10 10
11 9 9 9 9 9 9 9 10 9 9
11 10 10 10 10 10 10 10 10 10 10
10 8 8 9 8 8 8 8 8 11 8
11 10 10 10 10 10 10 10 10 10 10
11 10 10 10 10 10 10 10 10 10 10
11 9 9 9 9 10 9 9 9 9 9
11 9 9 9 9 9 10 9 9 9 9
11 9 9 9 9 9 9 10 9 9 9
1 11 11 11 11 11 11 11 11 11 11
11 10 10 10 10 10 10 10 10 10 10
11 9 9 10 9 9 9 9 9 9 9
11 10 10 1 10 10 10 2 10 10 10
11 8 8 8 8 8 8 10 8 8 9
11 8 8 8 8 10 8 8 8 8 9
11 7 7 9 7 9 10 7 7 7 7
11 10 10 10 10 10 10 10 10 10 10
11 9 9 9 9 9 9 9 9 9 10
11 9 9 9 9 9 10 9 9 9 9
11 10 10 10 10 10 10 10 10 10 10
11 9 10 9 9 9 9 9 9 9 9
10 9 9 9 11 9 9 9 9 9 9
11 8 8 8 10 8 8 8 8 8 9
11 8 8 8 9 8 8 8 8 10 8
1 11 11 11 11 11 11 11 11 11 11
11 8 9 8 8 8 8 8 10 8 8
11 10 10 10 10 10 10 10 10 10 10
11 7 7 7 9 7 10 7 9 7 7
11 9 9 9 9 9 10 9 9 9 9
11 8 8 8 8 8 10 8 1 9 8

HV
11 4 4 8 8 10 4 10 8 8 4
11 8 8 8 9 8 8 8 8 10 8
11 10 10 10 10 10 10 10 10 10 10
11 7 10 7 7 7 9 7 7 7 8
11 9 9 9 9 9 9 9 10 9 9
10 7 7 7 7 8 7 11 7 7 9
11 6 10 9 9 6 6 6 6 7 6
11 9 9 9 9 9 9 9 9 9 10
11 5 7 5 5 10 8 6 5 10 5
11 10 10 10 10 10 10 10 10 10 10
11 10 10 10 10 10 10 10 10 10 10
11 9 9 9 9 9 9 9 10 9 9
11 10 10 10 10 10 10 10 10 10 10
10 8 8 9 8 8 8 8 8 11 8
11 10 10 10 10 10 10 10 10 10 10
1 11 11 11 11 11 11 11 11 11 11
11 8 8 8 8 10 8 8 8 8 9
11 10 10 10 10 10 10 10 10 10 10
11 9 9 9 9 9 9 10 9 9 9
1 11 11 11 11 11 11 11 11 11 11
11 10 10 10 10 10 10 10 10 10 10
11 9 9 10 9 9 9 9 9 9 9
10 8 8 11 8 8 8 9 8 8 8
11 8 8 8 8 8 8 1 10 8 10
11 8 8 8 8 10 8 8 8 8 10
11 7 7 9 7 9 10 7 7 7 7
11 10 10 10 10 10 10 10 10 10 10
11 9 9 9 9 9 9 9 9 9 10
11 9 9 9 9 9 10 9 9 9 9
11 10 10 10 10 10 10 10 10 10 10
11 8 10 8 8 8 8 8 8 8 9
11 9 9 9 10 9 9 9 9 9 9
11 8 8 8 10 8 8 8 8 8 9
11 8 8 8 9 8 8 8 8 10 8
1 11 11 11 11 11 11 11 11 11 11
11 8 9 8 8 8 8 8 10 8 8
11 7 7 7 7 7 10 10 7 10 7
11 7 7 7 9 7 10 7 9 7 7
11 9 9 9 9 9 10 9 9 9 9
11 7 7 7 7 7 9 7 10 8 7



----------------- Avg --------------

QI: GD    DIR    DCI    IGD    HV    
9.3 9.025 9.25 9.075 8.675 8.725 8.125 8.55 8.625 9.025 8.55 
9.15 9.725 9.75 9.85 9.875 9.725 9.825 9.775 9.825 9.875 9.75 
10.5 9.625 9.625 9.65 9.8 9.625 9.8 9.675 9.75 9.675 9.675 
10.25 8.75 8.7 8.8 9.25 9.15 9.225 8.875 8.85 9.2 8.875 
10.175 8.525 8.825 8.875 8.875 8.975 8.975 8.75 8.9 9.05 8.825 


----------------- Med ---------------

QI: GD    DIR    DCI    IGD    HV    
11.0 9.0 9.0 9.0 9.0 9.0 9.0 9.0 9.0 10.0 9.0 
11.0 10.0 10.0 10.0 10.0 10.0 10.0 10.0 10.0 10.0 10.0 
11.0 10.0 10.0 10.0 10.0 10.0 10.0 10.0 10.0 10.0 10.0 
11.0 9.0 9.0 9.0 9.0 9.0 10.0 9.0 9.0 9.0 9.0 
11.0 9.0 9.0 9.0 9.0 9.0 9.0 9.0 9.0 9.0 9.0 

