----------------- All ---------------

GD
4 10 10 10 3 11 10 3 10 3 10
11 8 9 8 10 8 8 8 8 8 8
11 10 10 10 10 10 10 10 10 10 10
11 7 7 7 7 7 8 7 7 9 10
11 10 10 10 10 10 4 4 4 10 4
11 8 8 8 8 8 8 10 8 8 9
11 8 8 8 9 8 8 8 8 10 8
11 10 10 10 10 10 10 10 10 10 1
11 6 6 2 6 10 8 1 9 6 7
11 10 10 2 10 10 2 10 10 10 10
11 10 10 10 10 10 10 10 10 10 10
11 8 8 8 10 1 8 8 9 2 8
11 10 10 10 10 10 10 10 10 10 10
11 8 8 8 8 8 9 8 10 8 8
11 9 1 10 9 2 9 9 9 9 9
1 11 11 11 11 2 11 11 11 11 11
11 7 7 10 7 7 7 10 7 10 1
11 10 10 10 10 10 10 10 10 10 10
11 10 10 10 10 1 10 10 10 10 10
1 10 10 10 10 10 10 10 10 10 11
11 10 10 10 10 10 10 10 10 10 10
11 9 9 2 10 9 9 1 9 9 9
11 10 10 10 10 1 3 3 10 10 10
11 6 6 2 4 10 1 3 7 10 8
11 6 6 8 6 8 6 6 10 6 9
2 10 10 10 10 11 10 10 1 10 10
11 7 7 7 9 7 7 10 9 7 7
11 9 9 9 9 9 9 9 9 9 10
11 9 9 9 9 9 10 9 9 9 9
11 10 10 10 10 10 10 10 10 10 10
11 8 8 9 8 10 8 8 8 8 8
1 11 11 11 11 11 11 11 11 2 11
10 9 1 9 9 9 9 9 9 11 9
11 8 8 8 8 8 8 10 8 10 8
1 10 10 10 11 10 10 10 10 10 10
11 7 7 7 7 7 9 8 10 7 7
11 10 10 10 10 10 10 10 10 10 10
1 9 9 11 9 10 9 9 9 9 9
11 10 10 10 10 10 10 10 10 10 10
10 9 9 9 9 9 9 9 9 11 9

DIR
11 10 10 10 10 10 10 10 10 10 10
1 11 11 11 11 11 11 11 11 11 11
1 11 11 11 11 11 11 11 11 11 11
11 9 9 9 9 9 9 9 9 9 10
11 10 10 10 10 10 10 10 10 10 10
10 9 9 9 9 9 9 11 9 9 9
11 8 8 8 10 8 8 8 8 10 8
1 11 11 11 11 11 11 11 11 11 11
11 8 8 8 8 8 9 10 8 8 8
1 11 11 11 11 11 11 11 11 11 11
11 10 10 10 10 10 10 10 10 10 10
11 9 9 9 10 9 9 9 9 9 9
11 10 10 10 10 10 10 10 10 10 10
9 8 8 8 8 8 10 8 11 8 8
11 10 10 10 10 10 10 10 10 10 10
1 11 11 11 11 11 11 11 11 11 11
11 10 10 10 10 10 10 10 10 10 10
11 10 10 10 10 10 10 10 10 10 10
11 10 10 10 10 10 10 10 10 10 10
11 10 10 10 10 10 10 10 10 10 10
11 10 10 10 10 10 10 10 10 10 10
11 10 10 10 10 10 10 10 10 10 10
10 9 9 9 9 11 9 9 9 9 9
11 9 9 9 9 9 9 9 9 9 10
11 9 9 9 9 9 9 9 10 9 9
11 10 10 10 10 10 10 10 10 10 10
11 9 9 9 9 9 9 10 9 9 9
11 10 10 10 10 10 10 10 10 10 10
11 9 9 9 9 9 10 9 9 9 9
11 10 10 10 10 10 10 10 10 10 10
11 10 10 10 10 10 10 10 10 10 10
1 10 10 10 10 10 10 10 10 11 10
11 9 9 9 9 9 9 9 9 10 9
11 8 8 8 8 8 8 10 8 10 8
1 11 11 11 11 11 11 11 11 11 11
11 7 7 7 7 7 9 9 10 7 7
11 10 10 10 10 10 10 10 10 10 10
11 8 8 10 8 9 8 8 8 8 8
11 10 10 10 10 10 10 10 10 10 10
11 10 10 10 10 10 10 10 10 10 10

DCI
11 10 10 10 10 10 10 10 10 10 10
11 10 10 10 10 10 10 10 10 10 10
11 10 10 10 10 10 10 10 10 10 10
11 10 10 10 10 10 10 10 10 10 10
11 10 10 10 10 10 10 10 10 10 10
11 9 9 9 9 9 9 10 9 9 9
11 8 8 8 10 8 8 8 8 10 8
11 10 10 10 10 10 10 10 10 10 10
11 10 10 10 10 10 10 10 10 10 10
11 8 8 10 8 8 10 8 8 8 8
11 10 10 10 10 10 10 10 10 10 10
11 10 10 10 10 10 10 10 10 10 10
11 10 10 10 10 10 10 10 10 10 10
11 9 9 9 9 9 9 9 11 9 9
11 10 10 10 10 10 10 10 10 10 10
1 11 11 11 11 11 11 11 11 11 11
11 10 10 10 10 10 10 10 10 10 10
11 10 10 10 10 10 10 10 10 10 10
11 10 10 10 10 10 10 10 10 10 10
11 9 9 9 9 9 9 9 9 9 10
11 10 10 10 10 10 10 10 10 10 10
11 9 9 9 9 9 9 10 9 9 9
11 9 9 9 9 10 9 9 9 9 9
11 10 10 10 10 10 10 10 10 10 10
11 10 10 10 10 10 10 10 10 10 10
11 8 8 8 8 10 8 8 10 8 8
11 10 10 10 10 10 10 10 10 10 10
11 10 10 10 10 10 10 10 10 10 10
11 10 10 10 10 10 10 10 10 10 10
11 10 10 10 10 10 10 10 10 10 10
11 9 9 10 9 9 9 9 9 9 9
11 9 9 9 9 9 9 9 9 10 9
11 9 9 9 9 9 9 9 9 10 9
11 10 10 10 10 10 10 10 10 10 10
1 10 10 10 11 10 10 10 10 10 10
11 10 10 10 10 10 10 10 10 10 10
11 10 10 10 10 10 10 10 10 10 10
11 10 10 10 10 10 10 10 10 10 10
11 10 10 10 10 10 10 10 10 10 10
11 10 10 10 10 10 10 10 10 10 10

IGD
8 6 6 6 11 7 6 11 6 11 6
10 8 9 8 11 8 8 8 8 8 8
11 10 10 10 10 10 10 10 10 10 10
11 8 8 8 8 8 9 8 8 8 10
11 10 10 10 10 10 10 10 10 10 10
11 8 8 8 8 8 8 10 8 8 9
11 8 8 8 10 8 8 8 8 9 8
11 10 10 10 10 10 10 10 10 10 10
11 5 5 7 5 8 9 10 6 5 5
11 8 8 10 8 8 10 8 8 8 8
11 10 10 10 10 10 10 10 10 10 10
11 7 7 7 10 9 7 7 8 7 7
11 10 10 10 10 10 10 10 10 10 10
10 9 9 9 9 9 1 9 11 9 9
11 7 10 8 7 9 7 7 7 7 7
11 10 10 10 10 10 10 10 10 10 10
11 10 10 10 10 10 10 10 10 10 10
11 10 10 10 10 10 10 10 10 10 10
11 10 10 10 10 10 10 10 10 10 10
1 11 11 11 11 11 11 11 11 11 11
11 10 10 10 10 10 10 10 10 10 10
11 9 9 9 10 9 9 9 9 9 9
11 10 10 10 10 1 10 10 10 10 10
11 4 4 7 9 4 7 8 10 4 5
11 8 8 10 8 10 8 8 1 8 8
11 9 9 9 9 10 9 9 9 9 9
11 7 7 7 9 7 7 10 9 7 7
11 9 9 9 9 9 9 9 9 9 10
11 9 9 9 9 9 10 9 9 9 9
11 10 10 10 10 10 10 10 10 10 10
11 9 9 9 9 10 9 9 9 9 9
10 9 9 9 9 9 9 9 9 11 9
11 8 9 8 8 8 8 8 8 10 8
11 8 8 8 8 8 8 10 8 10 8
1 10 10 10 11 10 10 10 10 10 10
11 7 7 7 7 7 9 8 10 7 7
11 10 10 10 10 10 10 10 10 10 10
11 9 9 1 9 10 9 9 9 9 9
11 10 10 10 10 10 10 10 10 10 10
11 9 9 9 9 9 9 9 9 10 9

HV
11 6 6 6 10 7 6 10 6 10 6
11 8 9 8 10 8 8 8 8 8 8
11 10 10 10 10 10 10 10 10 10 10
11 7 7 7 7 7 9 7 7 9 10
11 10 10 10 10 10 10 10 10 10 10
10 8 8 8 8 8 8 11 8 8 9
11 8 8 8 10 8 8 8 8 9 8
11 9 9 9 9 9 9 9 9 9 10
11 4 4 8 4 9 6 10 7 4 5
11 10 10 10 10 10 10 10 10 10 10
11 10 10 10 10 10 10 10 10 10 10
11 6 6 6 10 9 6 6 8 7 6
11 10 10 10 10 10 10 10 10 10 10
10 8 8 8 8 8 9 8 11 8 8
11 7 10 8 7 9 7 7 7 7 7
1 11 11 11 11 11 11 11 11 11 11
11 9 9 9 9 9 9 9 9 9 10
11 10 10 10 10 10 10 10 10 10 10
11 9 9 9 9 10 9 9 9 9 9
1 11 11 11 11 11 11 11 11 11 11
11 10 10 10 10 10 10 10 10 10 10
11 8 8 9 10 8 8 8 8 8 8
11 7 7 7 7 10 9 9 7 7 7
11 6 6 1 4 9 2 3 10 9 9
11 6 6 9 6 9 6 6 10 6 7
11 8 8 8 8 9 8 8 10 8 8
11 7 7 7 9 7 7 10 9 7 7
11 9 9 9 9 9 9 9 9 9 10
11 9 9 9 9 9 10 9 9 9 9
11 10 10 10 10 10 10 10 10 10 10
11 8 8 9 8 10 8 8 8 8 8
11 9 9 9 9 9 9 9 9 10 9
11 8 9 8 8 8 8 8 8 10 8
11 8 8 8 8 8 8 10 8 10 8
1 10 10 10 11 10 10 10 10 10 10
11 7 7 7 7 7 9 8 10 7 7
11 10 10 10 10 10 10 10 10 10 10
11 8 8 10 8 9 8 8 8 8 8
11 10 10 10 10 10 10 10 10 10 10
11 9 9 9 9 9 9 9 9 10 9



----------------- Avg --------------

QI: GD    DIR    DCI    IGD    HV    
9.3 8.925 8.55 8.575 8.925 8.275 8.45 8.3 8.95 8.8 8.7 
9.15 9.6 9.6 9.65 9.675 9.675 9.75 9.825 9.775 9.75 9.65 
10.5 9.675 9.675 9.75 9.75 9.75 9.725 9.725 9.775 9.775 9.7 
10.35 8.725 8.85 8.775 9.275 8.825 8.85 9.275 8.925 9.05 8.85 
10.2 8.45 8.575 8.625 8.825 9.075 8.6 8.9 9.025 8.875 8.75 


----------------- Med ---------------

QI: GD    DIR    DCI    IGD    HV    
11.0 9.0 9.0 10.0 10.0 9.5 9.0 9.5 9.5 10.0 9.0 
11.0 10.0 10.0 10.0 10.0 10.0 10.0 10.0 10.0 10.0 10.0 
11.0 10.0 10.0 10.0 10.0 10.0 10.0 10.0 10.0 10.0 10.0 
11.0 9.0 9.0 9.0 10.0 9.0 9.0 10.0 9.0 10.0 9.0 
11.0 8.5 9.0 9.0 9.0 9.0 9.0 9.0 9.0 9.0 9.0 

