16023.0 49411.0
16122.0 48556.0
16515.0 42635.0
16595.0 42197.0
17171.0 42129.0
17647.0 41523.0
18016.0 41333.0
18092.0 40911.0
18526.0 40601.0
21342.0 40489.0
21689.0 40333.0
24516.0 40140.0
25513.0 40003.0
27766.0 39929.0
29684.0 39924.0
32934.0 39865.0
36184.0 39686.0
39434.0 39547.0
43605.0 39490.0
46855.0 39291.0
51026.0 39179.0

15590.0 51594.0
16023.0 47407.0
16156.0 46466.0
16515.0 44673.0
16571.0 43996.0
16816.0 42961.0
16990.0 42604.0
17095.0 42593.0
17171.0 42488.0
17326.0 42323.0
18016.0 42320.0
18056.0 41985.0
18092.0 40738.0
18596.0 40675.0
18615.0 40561.0
19946.0 40518.0
21342.0 40166.0
24699.0 40118.0
25513.0 39836.0
31437.0 39830.0
31937.0 39790.0
32013.0 39787.0
32934.0 39645.0
36184.0 39453.0
47776.0 39310.0
63874.0 38972.0

16726.0 56143.0
17996.0 46665.0
18922.0 45437.0
20766.0 45360.0
21266.0 43519.0
36108.0 43153.0

16726.0 56143.0
16816.0 41901.0
16956.0 41831.0
16990.0 41481.0
17516.0 41134.0
18092.0 40466.0
18545.0 40444.0
18596.0 40337.0
19912.0 40313.0
21266.0 40310.0
21342.0 40064.0
21708.0 39975.0
24516.0 39972.0
24592.0 39916.0
24820.0 39865.0
25513.0 39758.0
27894.0 39757.0
28687.0 39755.0
28763.0 39631.0
31937.0 39628.0
32013.0 39572.0
32934.0 39511.0
36184.0 39386.0
39434.0 39327.0
40355.0 39278.0

16515.0 41448.0
16595.0 41053.0
17095.0 40954.0
18092.0 40466.0
18545.0 40444.0
18596.0 40337.0
19912.0 40313.0
21266.0 40312.0
21342.0 40064.0
21708.0 39975.0
24516.0 39972.0
24592.0 39916.0
25513.0 39758.0
28763.0 39631.0
31937.0 39630.0
32013.0 39572.0
32934.0 39512.0
36184.0 39422.0
39434.0 39339.0
47776.0 39221.0

16515.0 41448.0
16595.0 41053.0
17095.0 40954.0
18092.0 40466.0
18545.0 40444.0
18596.0 40337.0
19912.0 40313.0
21266.0 40312.0
21342.0 40064.0
21708.0 39975.0
24516.0 39972.0
24592.0 39915.0
25513.0 39758.0
27894.0 39757.0
28763.0 39631.0
31937.0 39630.0
32013.0 39572.0
32934.0 39512.0
36184.0 39385.0
39434.0 39339.0
47776.0 39221.0

16515.0 41267.0
16595.0 41035.0
17095.0 40954.0
17171.0 40744.0
18092.0 40466.0
18545.0 40444.0
18596.0 40337.0
19912.0 40313.0
21266.0 40312.0
21342.0 40064.0
21708.0 39975.0
24516.0 39972.0
24592.0 39915.0
24820.0 39865.0
25513.0 39758.0
27894.0 39757.0
28763.0 39631.0
31937.0 39630.0
32013.0 39572.0
32934.0 39512.0
36184.0 39385.0
39434.0 39339.0
40355.0 39279.0
47776.0 39221.0

16515.0 41267.0
16595.0 41035.0
17095.0 40954.0
17171.0 40744.0
18092.0 40466.0
18545.0 40444.0
18596.0 40337.0
19912.0 40313.0
21266.0 40312.0
21342.0 40064.0
21708.0 39975.0
24516.0 39972.0
24592.0 39915.0
24820.0 39865.0
25513.0 39758.0
27894.0 39757.0
28763.0 39631.0
31937.0 39630.0
32013.0 39572.0
32934.0 39512.0
36184.0 39386.0
39434.0 39339.0
43605.0 39328.0
47776.0 39221.0

16515.0 41267.0
16595.0 41035.0
17095.0 40954.0
17171.0 40744.0
18092.0 40466.0
18545.0 40444.0
18596.0 40337.0
19912.0 40313.0
21266.0 40312.0
21342.0 40064.0
21708.0 39975.0
24516.0 39972.0
24592.0 39915.0
25513.0 39758.0
27894.0 39757.0
28687.0 39756.0
28763.0 39631.0
31937.0 39630.0
32013.0 39572.0
32934.0 39512.0
36184.0 39385.0
39434.0 39339.0
40355.0 39279.0
47776.0 39221.0

16515.0 41448.0
16595.0 41053.0
17095.0 40954.0
18092.0 40466.0
18545.0 40444.0
18596.0 40337.0
19912.0 40313.0
21266.0 40312.0
21342.0 40064.0
21708.0 39975.0
24516.0 39972.0
24592.0 39915.0
25513.0 39758.0
27894.0 39757.0
28763.0 39631.0
31937.0 39630.0
32013.0 39572.0
32934.0 39512.0
36184.0 39399.0
39434.0 39339.0
43605.0 39328.0
47776.0 39221.0

16515.0 41267.0
16595.0 41035.0
17095.0 40954.0
17171.0 40744.0
18092.0 40466.0
18545.0 40444.0
18596.0 40337.0
19912.0 40313.0
21266.0 40312.0
21342.0 40064.0
21708.0 39975.0
24516.0 39972.0
24592.0 39915.0
24820.0 39865.0
25513.0 39758.0
27894.0 39757.0
28763.0 39631.0
31937.0 39630.0
32013.0 39572.0
32934.0 39512.0
36184.0 39386.0
39434.0 39339.0
40355.0 39279.0
47776.0 39221.0

16515.0 41267.0
16595.0 41035.0
17095.0 40954.0
17171.0 40744.0
18092.0 40466.0
18545.0 40444.0
18596.0 40337.0
19912.0 40313.0
21266.0 40312.0
21342.0 40064.0
21708.0 39975.0
24516.0 39972.0
24592.0 39915.0
25513.0 39758.0
27894.0 39757.0
28763.0 39631.0
31937.0 39630.0
32013.0 39572.0
32934.0 39512.0
36184.0 39386.0
39434.0 39339.0
43605.0 39328.0
47776.0 39221.0

16515.0 41267.0
16595.0 41035.0
17095.0 40954.0
17171.0 40744.0
18092.0 40466.0
18545.0 40444.0
18596.0 40337.0
19912.0 40313.0
21266.0 40312.0
21342.0 40064.0
21708.0 39975.0
24516.0 39972.0
24592.0 39915.0
24820.0 39865.0
25513.0 39758.0
27894.0 39757.0
28763.0 39631.0
31937.0 39630.0
32013.0 39572.0
32934.0 39512.0
36184.0 39386.0
39434.0 39339.0
40355.0 39279.0
47776.0 39221.0

16515.0 41267.0
16595.0 41035.0
17095.0 40954.0
17171.0 40744.0
18092.0 40466.0
18545.0 40444.0
18596.0 40337.0
19912.0 40313.0
21266.0 40310.0
21342.0 40064.0
21708.0 39975.0
24516.0 39972.0
24592.0 39915.0
24820.0 39865.0
25513.0 39758.0
27894.0 39757.0
28763.0 39631.0
31937.0 39630.0
32013.0 39572.0
32934.0 39512.0
36184.0 39385.0
39434.0 39326.0
40355.0 39278.0
43605.0 39152.0
46855.0 39093.0
51026.0 39071.0


