16023.0 45364.0
16495.0 45109.0
16515.0 43291.0
16956.0 43266.0
16990.0 43002.0
17171.0 41183.0
18092.0 41006.0
18545.0 40989.0
18596.0 40876.0
18615.0 40781.0
19112.0 40712.0
21342.0 40537.0
23950.0 40531.0
24016.0 40457.0
24516.0 40358.0
24592.0 40305.0
25513.0 39844.0
28687.0 39843.0
28763.0 39708.0
32934.0 39662.0
39434.0 39597.0
45782.0 39472.0
46855.0 39304.0
51026.0 39156.0
54276.0 39012.0

16023.0 44541.0
16515.0 43748.0
16595.0 43692.0
16894.0 42725.0
17095.0 42553.0
17516.0 42242.0
18092.0 41514.0
18545.0 41401.0
18615.0 41345.0
19247.0 41228.0
20857.0 41197.0
21266.0 40637.0
21342.0 40536.0
21708.0 40372.0
24516.0 40037.0
24801.0 40036.0
27043.0 39991.0
27913.0 39953.0
28763.0 39888.0
31437.0 39790.0
32013.0 39642.0
42608.0 39611.0
46779.0 39584.0
46855.0 39292.0
63874.0 38972.0

17145.0 49617.0
18016.0 48143.0
18092.0 45653.0
18545.0 44167.0
18922.0 43658.0
19980.0 43383.0
21342.0 43322.0
22263.0 43189.0
22495.0 42384.0
25485.0 41355.0
32934.0 40535.0

16816.0 41843.0
16956.0 41576.0
17516.0 41182.0
18016.0 41083.0
18092.0 40466.0
18545.0 40444.0
18596.0 40337.0
19912.0 40313.0
21266.0 40310.0
21342.0 40064.0
21708.0 39975.0
24516.0 39972.0
24592.0 39916.0
25513.0 39758.0
27894.0 39757.0
28687.0 39754.0
28763.0 39631.0
31937.0 39628.0
32013.0 39596.0
32934.0 39511.0
36184.0 39385.0
39434.0 39350.0
40355.0 39278.0
43605.0 39152.0
46855.0 39117.0

16515.0 42963.0
16595.0 42014.0
16990.0 41387.0
17516.0 41155.0
18016.0 41074.0
18092.0 40466.0
18545.0 40444.0
18596.0 40337.0
19912.0 40313.0
21266.0 40310.0
21342.0 40064.0
21708.0 39975.0
24516.0 39972.0
24592.0 39940.0
25513.0 39758.0
28687.0 39757.0
28763.0 39632.0
31937.0 39629.0
32934.0 39512.0
39358.0 39474.0
39434.0 39460.0
40355.0 39278.0

16515.0 42963.0
16595.0 42014.0
16956.0 41896.0
16990.0 41387.0
17516.0 41155.0
18016.0 41074.0
18092.0 40466.0
18545.0 40444.0
18596.0 40337.0
19912.0 40313.0
21266.0 40310.0
21342.0 40064.0
21708.0 39975.0
24516.0 39972.0
24592.0 39940.0
25513.0 39758.0
28687.0 39757.0
28763.0 39632.0
31937.0 39629.0
32934.0 39512.0
36184.0 39466.0
39434.0 39460.0
40355.0 39278.0

16515.0 41267.0
16595.0 41035.0
17095.0 40954.0
17171.0 40744.0
18092.0 40466.0
18545.0 40444.0
18596.0 40337.0
19912.0 40313.0
21266.0 40310.0
21342.0 40064.0
21708.0 39975.0
24516.0 39972.0
24592.0 39916.0
25513.0 39758.0
27894.0 39757.0
28763.0 39632.0
31937.0 39629.0
32013.0 39620.0
32934.0 39511.0
36184.0 39393.0
40355.0 39278.0

16515.0 42963.0
16595.0 42014.0
16956.0 41896.0
16990.0 41387.0
17516.0 41155.0
18016.0 41074.0
18092.0 40466.0
18545.0 40444.0
18596.0 40337.0
19912.0 40313.0
21266.0 40310.0
21342.0 40064.0
21708.0 39975.0
24516.0 39972.0
24592.0 39939.0
25513.0 39758.0
28687.0 39757.0
28763.0 39632.0
31937.0 39629.0
32013.0 39596.0
32934.0 39512.0
36184.0 39399.0
40355.0 39278.0

16515.0 42069.0
16595.0 42014.0
16990.0 41387.0
17516.0 41155.0
18016.0 41074.0
18092.0 40466.0
18545.0 40444.0
18596.0 40337.0
19912.0 40313.0
21266.0 40310.0
21342.0 40064.0
21708.0 39975.0
24516.0 39972.0
24592.0 39916.0
25513.0 39758.0
27894.0 39757.0
28763.0 39632.0
31937.0 39629.0
32934.0 39511.0
36184.0 39466.0
39358.0 39450.0
40355.0 39278.0

16515.0 42963.0
16595.0 42014.0
16816.0 41952.0
16956.0 41841.0
16990.0 41387.0
17516.0 41155.0
18016.0 41074.0
18092.0 40466.0
18545.0 40444.0
18596.0 40337.0
19912.0 40313.0
21266.0 40310.0
21342.0 40064.0
21708.0 39975.0
24516.0 39972.0
24592.0 39940.0
25513.0 39758.0
28687.0 39757.0
28763.0 39632.0
31937.0 39629.0
32934.0 39512.0
36184.0 39466.0
39434.0 39460.0
40355.0 39278.0

16515.0 42427.0
16519.0 42364.0
16595.0 41963.0
16956.0 41896.0
16990.0 41387.0
17516.0 41155.0
18016.0 41074.0
18092.0 40466.0
18545.0 40444.0
18596.0 40337.0
19912.0 40313.0
21266.0 40310.0
21342.0 40064.0
21708.0 39975.0
24516.0 39972.0
24592.0 39915.0
25513.0 39758.0
28687.0 39755.0
28763.0 39631.0
31937.0 39629.0
32013.0 39572.0
32934.0 39512.0
36108.0 39511.0
36184.0 39399.0
39358.0 39383.0
39434.0 39339.0
40355.0 39278.0
43605.0 39177.0
46855.0 39117.0

16515.0 42963.0
16595.0 42014.0
16956.0 41896.0
16990.0 41387.0
17516.0 41155.0
18016.0 41074.0
18092.0 40466.0
18545.0 40444.0
18596.0 40337.0
19912.0 40313.0
21266.0 40310.0
21342.0 40064.0
21708.0 39975.0
24516.0 39972.0
24592.0 39940.0
25513.0 39758.0
28687.0 39757.0
28763.0 39632.0
31937.0 39629.0
32934.0 39512.0
36184.0 39466.0
39434.0 39460.0
40355.0 39278.0

16515.0 42069.0
16595.0 42014.0
16956.0 41896.0
16990.0 41387.0
17516.0 41155.0
18016.0 41074.0
18092.0 40466.0
18545.0 40444.0
18596.0 40337.0
19912.0 40313.0
21266.0 40310.0
21342.0 40064.0
21708.0 39975.0
24516.0 39972.0
24592.0 39940.0
25513.0 39758.0
28687.0 39757.0
28763.0 39632.0
31937.0 39629.0
32934.0 39512.0
36184.0 39466.0
39358.0 39463.0
39434.0 39460.0
40355.0 39278.0

16515.0 42069.0
16595.0 42014.0
16816.0 41952.0
16956.0 41841.0
16990.0 41387.0
17516.0 41155.0
18016.0 41074.0
18092.0 40466.0
18545.0 40444.0
18596.0 40337.0
19912.0 40313.0
21266.0 40310.0
21342.0 40064.0
21708.0 39975.0
24516.0 39972.0
24592.0 39916.0
24820.0 39889.0
25513.0 39758.0
27894.0 39757.0
28687.0 39755.0
28763.0 39631.0
31937.0 39629.0
32013.0 39572.0
32934.0 39511.0
36184.0 39385.0
39434.0 39364.0
40355.0 39278.0
43605.0 39152.0
51026.0 39070.0


