16023.0 46291.0
16156.0 44870.0
16495.0 43374.0
16595.0 42526.0
16956.0 42394.0
17516.0 41538.0
17745.0 41381.0
18092.0 40740.0
18615.0 40652.0
21342.0 40293.0
24592.0 40131.0
25513.0 39951.0
28763.0 39843.0
32934.0 39570.0
36184.0 39489.0
40355.0 39278.0

16023.0 47987.0
16256.0 47353.0
16515.0 42717.0
16816.0 41948.0
16990.0 41938.0
17171.0 40805.0
18596.0 40635.0
19912.0 40378.0
21708.0 40318.0
22263.0 40313.0
24516.0 40063.0
24592.0 39916.0
28763.0 39724.0
32013.0 39659.0
36184.0 39491.0
39434.0 39327.0
53203.0 39299.0
56453.0 39283.0
60624.0 39007.0
63874.0 38972.0

16515.0 48714.0
17745.0 48240.0
17996.0 47214.0
18092.0 44108.0
25513.0 42991.0
34908.0 42977.0
48253.0 41661.0

16515.0 48714.0
16595.0 42084.0
16990.0 41396.0
17516.0 41164.0
18016.0 41083.0
18092.0 40646.0
18545.0 40629.0
18596.0 40337.0
19912.0 40313.0
21266.0 40310.0
21342.0 40064.0
21708.0 39975.0
24516.0 39974.0
24592.0 39915.0
25513.0 39758.0
27894.0 39757.0
28687.0 39756.0
28763.0 39631.0
31937.0 39630.0
32013.0 39572.0
32934.0 39511.0
36108.0 39509.0
36184.0 39385.0
39358.0 39383.0
39434.0 39363.0
40355.0 39279.0
43605.0 39152.0

16495.0 45717.0
16515.0 44854.0
16726.0 43707.0
16816.0 41834.0
16956.0 41567.0
16990.0 41478.0
17345.0 41442.0
17516.0 41191.0
18016.0 41128.0
18092.0 40466.0
18545.0 40444.0
18596.0 40337.0
19912.0 40313.0
21266.0 40312.0
21342.0 40088.0
21708.0 39975.0
24516.0 39974.0
24592.0 39939.0
25513.0 39782.0
27894.0 39781.0
28763.0 39632.0
32013.0 39612.0
32934.0 39536.0
36184.0 39410.0
39358.0 39407.0
39434.0 39369.0
43605.0 39346.0
46779.0 39325.0

16495.0 45717.0
16515.0 44854.0
16726.0 43707.0
16816.0 41834.0
16956.0 41567.0
16990.0 41478.0
17345.0 41442.0
17516.0 41191.0
18016.0 41110.0
18092.0 40466.0
18545.0 40444.0
18596.0 40337.0
19912.0 40313.0
21266.0 40312.0
21342.0 40064.0
21708.0 39975.0
24516.0 39974.0
24592.0 39939.0
24820.0 39889.0
25513.0 39758.0
28687.0 39757.0
28763.0 39632.0
32013.0 39597.0
32934.0 39512.0
36184.0 39410.0
39358.0 39407.0
39434.0 39369.0
43605.0 39346.0
46779.0 39325.0

16023.0 44526.0
16156.0 44245.0
16515.0 42142.0
16595.0 41910.0
16816.0 41678.0
16956.0 41567.0
16990.0 41423.0
17516.0 41191.0
18016.0 41110.0
18092.0 40466.0
18545.0 40444.0
18596.0 40337.0
19912.0 40313.0
21266.0 40310.0
21342.0 40064.0
21708.0 39975.0
24516.0 39972.0
24592.0 39915.0
24820.0 39889.0
25513.0 39758.0
27894.0 39757.0
28763.0 39631.0
31937.0 39629.0
32013.0 39572.0
32934.0 39511.0
36184.0 39385.0
39434.0 39326.0
42684.0 39304.0
43605.0 39289.0
46855.0 39093.0

16495.0 45717.0
16515.0 44854.0
16726.0 43707.0
16816.0 41834.0
16956.0 41567.0
16990.0 41478.0
17345.0 41442.0
17516.0 41191.0
18016.0 41110.0
18092.0 40466.0
18545.0 40444.0
18596.0 40337.0
19912.0 40313.0
21266.0 40312.0
21342.0 40064.0
21708.0 39975.0
24516.0 39974.0
24592.0 39939.0
25513.0 39758.0
28687.0 39757.0
28763.0 39632.0
32013.0 39597.0
32934.0 39512.0
36184.0 39410.0
39358.0 39407.0
39434.0 39369.0
43605.0 39346.0
46779.0 39325.0

16023.0 45962.0
16156.0 44781.0
16515.0 42425.0
16595.0 42193.0
16816.0 41678.0
16956.0 41567.0
16990.0 41423.0
17516.0 41191.0
18016.0 41110.0
18092.0 40466.0
18545.0 40444.0
18596.0 40337.0
19912.0 40313.0
21266.0 40310.0
21342.0 40064.0
21708.0 39975.0
24516.0 39972.0
24592.0 39915.0
24820.0 39889.0
25513.0 39758.0
27894.0 39757.0
28763.0 39631.0
31937.0 39629.0
32013.0 39572.0
32934.0 39511.0
36184.0 39385.0
39434.0 39326.0
42684.0 39304.0
46855.0 39094.0

16495.0 45717.0
16515.0 44854.0
16726.0 43707.0
16816.0 41834.0
16956.0 41567.0
16990.0 41478.0
17345.0 41442.0
17516.0 41191.0
18016.0 41110.0
18092.0 40466.0
18545.0 40444.0
18596.0 40337.0
19912.0 40313.0
21266.0 40312.0
21342.0 40064.0
21708.0 39975.0
24516.0 39974.0
24592.0 39923.0
24820.0 39889.0
25513.0 39782.0
27894.0 39781.0
28687.0 39757.0
28763.0 39632.0
32013.0 39597.0
32934.0 39536.0
36184.0 39410.0
39358.0 39407.0
39434.0 39369.0
43605.0 39346.0
46779.0 39325.0

16023.0 45426.0
16156.0 44406.0
16290.0 43818.0
16515.0 41534.0
16595.0 41302.0
17095.0 41239.0
17516.0 41155.0
18016.0 41074.0
18092.0 40466.0
18545.0 40444.0
18596.0 40337.0
19912.0 40313.0
21266.0 40310.0
21342.0 40064.0
21708.0 39975.0
24516.0 39972.0
24592.0 39915.0
24820.0 39865.0
25513.0 39758.0
27894.0 39757.0
28687.0 39755.0
28763.0 39631.0
31937.0 39629.0
32013.0 39572.0
32934.0 39511.0
36184.0 39385.0
39434.0 39327.0
40355.0 39297.0
43605.0 39220.0
46855.0 39094.0

16495.0 45717.0
16515.0 44854.0
16726.0 43707.0
16816.0 41834.0
16956.0 41567.0
16990.0 41478.0
17345.0 41442.0
17516.0 41191.0
18016.0 41110.0
18092.0 40466.0
18545.0 40444.0
18596.0 40337.0
19912.0 40313.0
21266.0 40312.0
21342.0 40064.0
21708.0 39975.0
24516.0 39974.0
24592.0 39939.0
25513.0 39782.0
27894.0 39781.0
28687.0 39757.0
28763.0 39632.0
32013.0 39597.0
32934.0 39536.0
36184.0 39410.0
39358.0 39407.0
39434.0 39369.0
43605.0 39346.0
46779.0 39325.0

16023.0 45962.0
16156.0 44781.0
16515.0 42318.0
16595.0 42193.0
16816.0 41678.0
16956.0 41567.0
16990.0 41423.0
17516.0 41191.0
18016.0 41110.0
18092.0 40466.0
18545.0 40444.0
18596.0 40337.0
19912.0 40313.0
21266.0 40310.0
21342.0 40064.0
21708.0 39975.0
24516.0 39972.0
24592.0 39915.0
24820.0 39889.0
25513.0 39758.0
27894.0 39757.0
28763.0 39631.0
31937.0 39629.0
32013.0 39572.0
32934.0 39511.0
36184.0 39385.0
39434.0 39339.0
42684.0 39304.0
46855.0 39093.0

16023.0 43429.0
16156.0 43148.0
16495.0 43049.0
16515.0 41448.0
16595.0 41053.0
17095.0 40954.0
17171.0 40768.0
18092.0 40466.0
18545.0 40444.0
18596.0 40337.0
19912.0 40313.0
21266.0 40310.0
21342.0 40064.0
21708.0 39975.0
24516.0 39972.0
24592.0 39915.0
24820.0 39865.0
25513.0 39758.0
27894.0 39757.0
28687.0 39755.0
28763.0 39631.0
31937.0 39629.0
32013.0 39572.0
32934.0 39511.0
36184.0 39385.0
39434.0 39326.0
40355.0 39303.0
42684.0 39291.0
43605.0 39176.0
46779.0 39174.0
46855.0 39093.0


