16023.0 45879.0
16156.0 44094.0
16519.0 42596.0
16990.0 42296.0
17694.0 41921.0
18092.0 40933.0
19471.0 40817.0
19946.0 40691.0
21342.0 40590.0
21657.0 40589.0
22263.0 40495.0
24516.0 40445.0
24592.0 40264.0
25513.0 40047.0
28763.0 39915.0
32013.0 39657.0
39434.0 39647.0
42532.0 39610.0
43605.0 39401.0
57450.0 39350.0
60700.0 39202.0

16023.0 46820.0
16156.0 44399.0
16515.0 43368.0
17171.0 41278.0
18092.0 40637.0
18615.0 40524.0
21342.0 40475.0
21657.0 40160.0
25513.0 39924.0
29684.0 39897.0
30904.0 39873.0
32934.0 39836.0
36184.0 39664.0
39434.0 39657.0
49032.0 39529.0
56453.0 39218.0
60700.0 38973.0
63874.0 38972.0

18056.0 45047.0
21138.0 44578.0
21342.0 40930.0

16816.0 42355.0
16871.0 42274.0
16990.0 41387.0
17516.0 41155.0
18016.0 41074.0
18092.0 40466.0
18545.0 40444.0
18596.0 40337.0
19912.0 40313.0
21266.0 40310.0
21342.0 40064.0
21708.0 39975.0
24516.0 39972.0
24592.0 39915.0
24820.0 39865.0
25513.0 39758.0
27894.0 39757.0
28687.0 39755.0
28763.0 39631.0
32013.0 39572.0
32934.0 39512.0
36184.0 39385.0
39434.0 39327.0
40355.0 39279.0
43605.0 39152.0
46855.0 39094.0

16156.0 44892.0
16515.0 41803.0
16571.0 41718.0
16595.0 41390.0
17095.0 41327.0
17171.0 40768.0
18092.0 40466.0
18545.0 40444.0
18596.0 40337.0
19912.0 40313.0
21266.0 40310.0
21342.0 40064.0
21708.0 39975.0
24516.0 39972.0
24592.0 39915.0
25513.0 39758.0
28763.0 39699.0
32013.0 39645.0
32934.0 39524.0
36184.0 39466.0

16156.0 44892.0
16515.0 41773.0
16571.0 41718.0
16595.0 41360.0
17095.0 41218.0
17171.0 40768.0
18092.0 40466.0
18545.0 40444.0
18596.0 40337.0
19912.0 40313.0
21266.0 40310.0
21342.0 40064.0
21708.0 39975.0
24516.0 39972.0
24592.0 39915.0
25513.0 39758.0
28687.0 39757.0
28763.0 39632.0
32013.0 39573.0
32934.0 39512.0
36184.0 39386.0
40355.0 39319.0

16023.0 42983.0
16156.0 42540.0
16515.0 41267.0
16595.0 41035.0
17095.0 40954.0
17171.0 40768.0
18092.0 40466.0
18545.0 40444.0
18596.0 40337.0
19912.0 40313.0
21266.0 40310.0
21342.0 40064.0
21708.0 39975.0
24516.0 39972.0
24592.0 39915.0
24820.0 39889.0
25513.0 39758.0
28687.0 39757.0
28763.0 39632.0
31937.0 39631.0
32013.0 39573.0
32934.0 39512.0
36184.0 39386.0
40355.0 39279.0

16156.0 44892.0
16515.0 41448.0
16595.0 41053.0
17095.0 40954.0
17171.0 40768.0
18092.0 40466.0
18545.0 40444.0
18596.0 40337.0
19912.0 40313.0
21266.0 40310.0
21342.0 40064.0
21708.0 39975.0
24516.0 39972.0
24592.0 39915.0
24820.0 39889.0
25513.0 39758.0
28687.0 39757.0
28763.0 39632.0
32013.0 39573.0
32934.0 39512.0
36184.0 39386.0

16023.0 43050.0
16156.0 42607.0
16515.0 41358.0
16595.0 41126.0
17095.0 41045.0
17171.0 40768.0
18092.0 40466.0
18545.0 40444.0
18596.0 40337.0
19912.0 40313.0
21266.0 40310.0
21342.0 40064.0
21708.0 39975.0
24516.0 39972.0
24592.0 39915.0
24820.0 39865.0
25513.0 39758.0
28687.0 39757.0
28763.0 39632.0
32013.0 39573.0
32934.0 39512.0
36184.0 39386.0
39434.0 39340.0
40355.0 39279.0

16156.0 44892.0
16515.0 41773.0
16571.0 41718.0
16595.0 41360.0
17095.0 41218.0
17171.0 40768.0
18092.0 40466.0
18545.0 40444.0
18596.0 40337.0
19912.0 40313.0
21266.0 40310.0
21342.0 40064.0
21708.0 39975.0
24516.0 39972.0
24592.0 39915.0
25513.0 39758.0
28687.0 39757.0
28763.0 39632.0
32013.0 39572.0
32934.0 39512.0
36184.0 39386.0
40355.0 39385.0

16023.0 42547.0
16156.0 42104.0
16515.0 41267.0
16595.0 41035.0
17095.0 40954.0
17171.0 40768.0
18092.0 40466.0
18545.0 40444.0
18596.0 40337.0
19912.0 40313.0
21266.0 40310.0
21342.0 40064.0
21708.0 39975.0
24516.0 39972.0
24592.0 39915.0
24820.0 39889.0
25513.0 39758.0
28687.0 39757.0
28763.0 39632.0
31937.0 39631.0
32013.0 39572.0
32934.0 39512.0
36108.0 39509.0
36184.0 39386.0
39434.0 39351.0
40355.0 39279.0
47776.0 39221.0

16156.0 44892.0
16515.0 41448.0
16595.0 41053.0
17095.0 40954.0
17171.0 40768.0
18092.0 40466.0
18545.0 40444.0
18596.0 40337.0
19912.0 40313.0
21266.0 40310.0
21342.0 40064.0
21708.0 39975.0
24516.0 39972.0
24592.0 39915.0
25513.0 39758.0
28687.0 39757.0
28763.0 39632.0
32013.0 39572.0
32934.0 39512.0
36184.0 39386.0
40355.0 39385.0

16023.0 43671.0
16156.0 42607.0
16515.0 41267.0
16595.0 41035.0
17095.0 40954.0
17171.0 40768.0
18092.0 40466.0
18545.0 40444.0
18596.0 40337.0
19912.0 40313.0
21266.0 40310.0
21342.0 40064.0
21708.0 39975.0
24516.0 39972.0
24592.0 39915.0
24820.0 39865.0
25513.0 39758.0
28687.0 39757.0
28763.0 39632.0
31937.0 39631.0
32013.0 39597.0
32934.0 39512.0
36108.0 39511.0
36184.0 39386.0
40355.0 39279.0
47776.0 39221.0

16023.0 44890.0
16156.0 43826.0
16515.0 41267.0
16595.0 41035.0
17095.0 40954.0
17171.0 40768.0
18092.0 40466.0
18545.0 40444.0
18596.0 40337.0
19912.0 40313.0
21266.0 40310.0
21342.0 40064.0
21708.0 39975.0
24516.0 39972.0
24592.0 39915.0
24820.0 39865.0
25513.0 39758.0
27894.0 39757.0
28763.0 39631.0
32013.0 39573.0
32934.0 39511.0
36184.0 39385.0
39434.0 39334.0
40355.0 39278.0
43605.0 39152.0
46855.0 39093.0
50105.0 39065.0


