16023.0 45830.0
16290.0 45276.0
16515.0 43395.0
16519.0 43195.0
16956.0 42838.0
17095.0 41881.0
17171.0 41700.0
17345.0 41641.0
17516.0 41515.0
18092.0 40808.0
18596.0 40805.0
20838.0 40759.0
21342.0 40315.0
21708.0 40103.0
24592.0 40082.0
27843.0 40012.0
27894.0 39856.0
28763.0 39677.0
36184.0 39570.0
40355.0 39462.0
43605.0 39353.0
57450.0 39328.0

16023.0 46751.0
16515.0 43779.0
16571.0 43730.0
16595.0 43315.0
17095.0 42439.0
17345.0 42174.0
17745.0 41610.0
18016.0 41538.0
18092.0 41081.0
18596.0 41072.0
18615.0 41012.0
21266.0 40689.0
21342.0 40493.0
21708.0 40413.0
22263.0 40343.0
23950.0 40271.0
24592.0 40103.0
24820.0 39884.0
28763.0 39746.0
32013.0 39704.0
36184.0 39513.0
39434.0 39404.0
56453.0 39218.0
63874.0 38972.0

16023.0 49764.0
16515.0 46498.0
17977.0 44133.0
18596.0 42530.0
19212.0 42314.0
24801.0 42240.0
28407.0 41300.0

16023.0 42495.0
16156.0 42214.0
16515.0 41712.0
16595.0 41317.0
17095.0 41218.0
17516.0 41182.0
18016.0 41083.0
18092.0 40466.0
18545.0 40444.0
18596.0 40337.0
19912.0 40313.0
21266.0 40312.0
21342.0 40064.0
21708.0 39975.0
24516.0 39972.0
24592.0 39915.0
24820.0 39865.0
25513.0 39758.0
27894.0 39757.0
28687.0 39755.0
28763.0 39631.0
32013.0 39572.0
32934.0 39511.0
36184.0 39385.0
39434.0 39327.0
40355.0 39278.0
43605.0 39152.0
46855.0 39093.0
51026.0 39070.0

16070.0 46573.0
16290.0 44489.0
16515.0 42631.0
16519.0 42399.0
16595.0 42014.0
16990.0 41423.0
17516.0 41191.0
18016.0 41110.0
18092.0 40466.0
18545.0 40444.0
18596.0 40337.0
19912.0 40313.0
21266.0 40312.0
21342.0 40088.0
21708.0 39975.0
24592.0 39916.0
24820.0 39884.0
25513.0 39758.0
28763.0 39632.0
32013.0 39573.0
36184.0 39399.0
39434.0 39340.0

16070.0 46573.0
16290.0 44489.0
16515.0 42631.0
16519.0 42399.0
16595.0 42014.0
16990.0 41423.0
17516.0 41191.0
18016.0 41110.0
18092.0 40466.0
18545.0 40444.0
18596.0 40337.0
19912.0 40313.0
21266.0 40310.0
21342.0 40064.0
21708.0 39975.0
24592.0 39916.0
24820.0 39865.0
25513.0 39758.0
28687.0 39757.0
28763.0 39632.0
31937.0 39631.0
32013.0 39573.0
32934.0 39525.0
36184.0 39399.0
39434.0 39340.0
46855.0 39276.0

16070.0 46573.0
16290.0 44427.0
16515.0 42177.0
16595.0 41945.0
16990.0 41387.0
17516.0 41155.0
18016.0 41074.0
18092.0 40466.0
18545.0 40444.0
18596.0 40337.0
19912.0 40313.0
21266.0 40310.0
21342.0 40064.0
21708.0 39975.0
24516.0 39974.0
24592.0 39916.0
24820.0 39865.0
25513.0 39758.0
27894.0 39757.0
28763.0 39632.0
32013.0 39573.0
32934.0 39525.0
36184.0 39386.0
39434.0 39340.0
46855.0 39276.0

16070.0 46573.0
16290.0 44489.0
16515.0 42631.0
16519.0 42399.0
16595.0 42014.0
16990.0 41423.0
17516.0 41191.0
18016.0 41110.0
18092.0 40466.0
18545.0 40444.0
18596.0 40337.0
19912.0 40313.0
21266.0 40310.0
21342.0 40064.0
21708.0 39975.0
24516.0 39974.0
24592.0 39916.0
24820.0 39865.0
25513.0 39758.0
28687.0 39757.0
28763.0 39632.0
32013.0 39573.0
32934.0 39512.0
36184.0 39399.0
39434.0 39340.0
46855.0 39276.0

16070.0 46573.0
16290.0 44489.0
16515.0 42177.0
16595.0 41945.0
16990.0 41423.0
17516.0 41191.0
18016.0 41110.0
18092.0 40466.0
18545.0 40444.0
18596.0 40337.0
19912.0 40313.0
21266.0 40310.0
21342.0 40064.0
21708.0 39975.0
24516.0 39974.0
24592.0 39916.0
24820.0 39865.0
25513.0 39758.0
28763.0 39632.0
32013.0 39573.0
32934.0 39525.0
36184.0 39399.0
39434.0 39340.0
46855.0 39276.0

16070.0 46573.0
16290.0 44489.0
16515.0 42631.0
16519.0 42399.0
16595.0 42014.0
16990.0 41396.0
17516.0 41164.0
18016.0 41101.0
18092.0 40466.0
18545.0 40444.0
18596.0 40337.0
19912.0 40313.0
21266.0 40310.0
21342.0 40064.0
21708.0 39975.0
24592.0 39916.0
24820.0 39865.0
25513.0 39758.0
28687.0 39757.0
28763.0 39632.0
32013.0 39573.0
32934.0 39525.0
36184.0 39399.0
39434.0 39340.0
46855.0 39276.0

16070.0 46573.0
16290.0 44427.0
16515.0 42123.0
16595.0 41728.0
16990.0 41396.0
17516.0 41164.0
18016.0 41083.0
18092.0 40466.0
18545.0 40444.0
18596.0 40337.0
19912.0 40313.0
21266.0 40310.0
21342.0 40064.0
21708.0 39975.0
24516.0 39974.0
24592.0 39916.0
24820.0 39865.0
25513.0 39758.0
28687.0 39757.0
28763.0 39632.0
32013.0 39573.0
32934.0 39525.0
36108.0 39524.0
36184.0 39386.0
39434.0 39340.0

16070.0 46573.0
16290.0 44489.0
16515.0 42631.0
16519.0 42399.0
16595.0 42014.0
16990.0 41396.0
17516.0 41164.0
18016.0 41083.0
18092.0 40466.0
18545.0 40444.0
18596.0 40337.0
19912.0 40313.0
21266.0 40310.0
21342.0 40064.0
21708.0 39975.0
24516.0 39974.0
24592.0 39916.0
24820.0 39865.0
25513.0 39758.0
28687.0 39757.0
28763.0 39632.0
32013.0 39573.0
32934.0 39525.0
36184.0 39399.0
39434.0 39340.0
46855.0 39276.0

16070.0 46573.0
16290.0 44489.0
16515.0 42553.0
16519.0 42399.0
16595.0 42014.0
16990.0 41423.0
17516.0 41191.0
18016.0 41110.0
18092.0 40466.0
18545.0 40444.0
18596.0 40337.0
19912.0 40313.0
21266.0 40312.0
21342.0 40064.0
21708.0 39975.0
24516.0 39974.0
24592.0 39916.0
24820.0 39865.0
25513.0 39758.0
28687.0 39756.0
28763.0 39632.0
32013.0 39573.0
32934.0 39525.0
36108.0 39524.0
36184.0 39399.0
39434.0 39340.0

16023.0 43059.0
16156.0 41995.0
16515.0 41267.0
16595.0 41035.0
17095.0 40972.0
17171.0 40744.0
18092.0 40466.0
18545.0 40444.0
18596.0 40337.0
19912.0 40313.0
21266.0 40310.0
21342.0 40064.0
21708.0 39975.0
24516.0 39974.0
24592.0 39916.0
24820.0 39865.0
25513.0 39758.0
28687.0 39757.0
28763.0 39632.0
31937.0 39631.0
32013.0 39573.0
32934.0 39525.0
36108.0 39524.0
36184.0 39386.0
39434.0 39327.0
43605.0 39153.0


