16023.0 47320.0
16156.0 42951.0
16515.0 42881.0
16990.0 42549.0
17171.0 42206.0
17516.0 41727.0
18092.0 40871.0
18545.0 40854.0
18596.0 40611.0
19946.0 40578.0
21342.0 40318.0
24820.0 40275.0
25513.0 40122.0
28763.0 39987.0
32013.0 39963.0
35187.0 39753.0
36108.0 39637.0
40355.0 39600.0
43605.0 39541.0
49953.0 39148.0

16023.0 44485.0
16495.0 43534.0
16515.0 43341.0
16571.0 42454.0
17095.0 42337.0
17171.0 40835.0
18092.0 40737.0
20766.0 40579.0
21266.0 40466.0
21342.0 40454.0
21708.0 40296.0
24801.0 40142.0
25513.0 40001.0
28763.0 39802.0
30085.0 39718.0
32934.0 39548.0
36184.0 39410.0
43605.0 39177.0
51026.0 39157.0
56453.0 39054.0
63874.0 38972.0

17396.0 47780.0
18122.0 47534.0
19471.0 46419.0
21021.0 46389.0
21342.0 45687.0
22263.0 45087.0
23595.0 42934.0
27766.0 41317.0

16515.0 41448.0
16595.0 41053.0
17095.0 40954.0
17171.0 40744.0
18092.0 40466.0
18545.0 40444.0
18596.0 40337.0
19912.0 40313.0
21266.0 40310.0
21342.0 40064.0
21708.0 39975.0
24516.0 39972.0
24592.0 39915.0
24820.0 39865.0
25513.0 39758.0
27894.0 39757.0
28763.0 39631.0
31937.0 39630.0
32013.0 39572.0
32934.0 39511.0
36184.0 39385.0
39358.0 39383.0
39434.0 39326.0
43605.0 39152.0
46779.0 39149.0
46855.0 39093.0
50029.0 39092.0

16023.0 45929.0
16515.0 41382.0
16595.0 41150.0
17171.0 40744.0
18092.0 40466.0
18545.0 40449.0
18596.0 40337.0
21266.0 40312.0
21342.0 40064.0
21708.0 39975.0
24516.0 39974.0
24592.0 39915.0
24820.0 39865.0
25513.0 39798.0
28763.0 39632.0
32013.0 39572.0
32934.0 39525.0
36108.0 39524.0
36184.0 39499.0
39434.0 39363.0
43605.0 39340.0
50105.0 39246.0

16023.0 43402.0
16156.0 42959.0
16515.0 41382.0
16595.0 41150.0
17095.0 41130.0
17171.0 40744.0
18092.0 40466.0
18545.0 40449.0
18596.0 40337.0
21266.0 40312.0
21342.0 40064.0
21708.0 39975.0
24516.0 39974.0
24592.0 39915.0
24820.0 39865.0
25513.0 39758.0
28763.0 39632.0
32013.0 39572.0
32934.0 39525.0
36108.0 39524.0
36184.0 39423.0
39434.0 39363.0
43605.0 39340.0
46855.0 39327.0
50105.0 39246.0

16023.0 42410.0
16156.0 41967.0
16515.0 41382.0
16595.0 41150.0
17095.0 41069.0
17171.0 40744.0
18092.0 40466.0
18545.0 40444.0
18596.0 40337.0
19912.0 40313.0
21266.0 40312.0
21342.0 40064.0
21708.0 39975.0
24516.0 39974.0
24592.0 39915.0
24820.0 39865.0
25513.0 39758.0
28687.0 39757.0
28763.0 39631.0
32013.0 39572.0
32934.0 39512.0
36108.0 39511.0
36184.0 39386.0
39358.0 39385.0
39434.0 39363.0
42608.0 39362.0
43605.0 39340.0
46855.0 39305.0
50105.0 39246.0

16023.0 43402.0
16156.0 42959.0
16515.0 41382.0
16595.0 41150.0
17095.0 41087.0
17171.0 40744.0
18092.0 40466.0
18545.0 40449.0
18596.0 40337.0
19912.0 40313.0
21266.0 40310.0
21342.0 40064.0
21708.0 39975.0
24516.0 39974.0
24592.0 39915.0
24820.0 39865.0
25513.0 39758.0
28687.0 39757.0
28763.0 39632.0
31937.0 39631.0
32013.0 39572.0
32934.0 39525.0
36108.0 39524.0
36184.0 39386.0
39358.0 39385.0
39434.0 39363.0
43605.0 39340.0
46855.0 39327.0
50105.0 39246.0

16023.0 42410.0
16156.0 41967.0
16515.0 41382.0
16595.0 41150.0
17095.0 41069.0
17171.0 40744.0
18092.0 40466.0
18545.0 40444.0
18596.0 40337.0
19912.0 40313.0
21266.0 40312.0
21342.0 40064.0
21708.0 39975.0
24516.0 39974.0
24592.0 39915.0
24820.0 39865.0
25513.0 39758.0
28763.0 39631.0
32013.0 39572.0
32934.0 39525.0
36108.0 39511.0
36184.0 39399.0
39434.0 39363.0
43605.0 39340.0
46855.0 39305.0
50105.0 39246.0

16023.0 43402.0
16156.0 42959.0
16515.0 41382.0
16595.0 41150.0
17095.0 41130.0
17171.0 40744.0
18092.0 40466.0
18545.0 40449.0
18596.0 40337.0
21266.0 40312.0
21342.0 40064.0
21708.0 39975.0
24516.0 39974.0
24592.0 39915.0
24820.0 39865.0
25513.0 39758.0
28763.0 39632.0
32013.0 39572.0
32934.0 39525.0
36108.0 39524.0
36184.0 39468.0
39434.0 39363.0
43605.0 39340.0
46855.0 39327.0
50105.0 39246.0

16023.0 42410.0
16156.0 41967.0
16515.0 41267.0
16595.0 41035.0
17095.0 40972.0
17171.0 40744.0
18092.0 40466.0
18545.0 40444.0
18596.0 40337.0
19912.0 40313.0
21266.0 40312.0
21342.0 40064.0
21708.0 39975.0
24516.0 39974.0
24592.0 39915.0
24820.0 39865.0
25513.0 39758.0
28687.0 39757.0
28763.0 39631.0
32013.0 39572.0
32934.0 39512.0
36184.0 39386.0
39434.0 39351.0
43605.0 39340.0
46855.0 39282.0
50105.0 39246.0

16023.0 43402.0
16156.0 42959.0
16515.0 41382.0
16595.0 41150.0
17095.0 41069.0
17171.0 40744.0
18092.0 40466.0
18545.0 40449.0
18596.0 40337.0
19912.0 40313.0
21266.0 40310.0
21342.0 40064.0
21708.0 39975.0
24516.0 39974.0
24592.0 39915.0
24820.0 39865.0
25513.0 39758.0
28687.0 39757.0
28763.0 39632.0
31937.0 39631.0
32013.0 39572.0
32934.0 39525.0
36108.0 39524.0
36184.0 39386.0
39358.0 39385.0
39434.0 39363.0
43605.0 39340.0
46855.0 39327.0
50105.0 39246.0

16023.0 42410.0
16156.0 41967.0
16515.0 41382.0
16595.0 41150.0
17095.0 41069.0
17171.0 40744.0
18092.0 40466.0
18545.0 40444.0
18596.0 40337.0
19912.0 40313.0
21266.0 40312.0
21342.0 40064.0
21708.0 39975.0
24516.0 39974.0
24592.0 39915.0
24820.0 39865.0
25513.0 39758.0
28763.0 39632.0
32013.0 39572.0
32934.0 39525.0
36108.0 39524.0
36184.0 39386.0
39434.0 39327.0
46855.0 39305.0
50105.0 39246.0

16023.0 43253.0
16515.0 41382.0
16595.0 41150.0
17095.0 40972.0
17171.0 40744.0
18092.0 40466.0
18545.0 40444.0
18596.0 40337.0
19912.0 40313.0
21266.0 40310.0
21342.0 40064.0
21708.0 39975.0
24516.0 39972.0
24592.0 39915.0
24820.0 39865.0
25513.0 39758.0
28687.0 39757.0
28763.0 39631.0
31937.0 39629.0
32013.0 39572.0
32934.0 39512.0
36108.0 39511.0
36184.0 39386.0
39434.0 39326.0
40355.0 39297.0
43605.0 39153.0
46855.0 39093.0
51026.0 39071.0
54276.0 39011.0
57526.0 38976.0


