16023.0 43356.0
16515.0 42762.0
16595.0 42580.0
16990.0 42232.0
17171.0 41741.0
17745.0 41375.0
18092.0 40861.0
18596.0 40860.0
18615.0 40744.0
20766.0 40586.0
21342.0 40532.0
21587.0 40437.0
22263.0 40404.0
24516.0 40157.0
24801.0 40156.0
27843.0 39986.0
28687.0 39832.0
31937.0 39797.0
36108.0 39586.0
36184.0 39494.0
49953.0 39238.0
50029.0 39134.0

16023.0 45262.0
16515.0 44640.0
16571.0 44345.0
16595.0 43542.0
16956.0 43019.0
17095.0 42460.0
17171.0 41793.0
17345.0 41520.0
17516.0 41269.0
18092.0 40840.0
18596.0 40667.0
19946.0 40651.0
21342.0 40277.0
21657.0 40111.0
24592.0 40100.0
24801.0 40065.0
25513.0 39758.0
27894.0 39757.0
32934.0 39525.0
46855.0 39345.0
63874.0 38972.0

16870.0 44143.0
17923.0 44013.0
18016.0 43907.0
18092.0 43399.0
21108.0 42403.0
21342.0 42304.0
24937.0 41034.0
29684.0 40866.0

16816.0 42577.0
16990.0 41396.0
17516.0 41164.0
18016.0 41101.0
18092.0 40466.0
18545.0 40444.0
18596.0 40337.0
19912.0 40313.0
21266.0 40310.0
21342.0 40064.0
21708.0 39975.0
24516.0 39972.0
24592.0 39915.0
24820.0 39865.0
25513.0 39758.0
27894.0 39757.0
28687.0 39755.0
28763.0 39631.0
31937.0 39629.0
32013.0 39572.0
32934.0 39512.0
36184.0 39385.0
39434.0 39327.0
40355.0 39278.0
43605.0 39152.0
46855.0 39094.0
51026.0 39071.0

16023.0 45623.0
16290.0 43116.0
16515.0 41645.0
16595.0 41259.0
17095.0 41160.0
17171.0 41146.0
18016.0 41083.0
18092.0 40466.0
18545.0 40444.0
18596.0 40337.0
19912.0 40313.0
21266.0 40312.0
21342.0 40064.0
21708.0 39975.0
24592.0 39963.0
24820.0 39924.0
25513.0 39758.0
27894.0 39757.0
28763.0 39632.0
31937.0 39631.0
32934.0 39525.0
36184.0 39515.0
39358.0 39396.0

16023.0 45623.0
16290.0 43116.0
16515.0 41645.0
16595.0 41259.0
17095.0 41160.0
17171.0 41146.0
18016.0 41083.0
18092.0 40466.0
18545.0 40444.0
18596.0 40337.0
19912.0 40313.0
21266.0 40310.0
21342.0 40064.0
21708.0 39975.0
24516.0 39974.0
24592.0 39934.0
24820.0 39905.0
25513.0 39758.0
27894.0 39757.0
28763.0 39632.0
31937.0 39631.0
32013.0 39591.0
32934.0 39525.0
36184.0 39515.0
39358.0 39396.0

16023.0 45562.0
16290.0 42992.0
16515.0 41515.0
16595.0 41120.0
17095.0 41021.0
17171.0 40859.0
18092.0 40466.0
18545.0 40444.0
18596.0 40337.0
19912.0 40313.0
21266.0 40310.0
21342.0 40064.0
21708.0 39975.0
24516.0 39974.0
24592.0 39934.0
24820.0 39905.0
25513.0 39758.0
27894.0 39757.0
28763.0 39632.0
31937.0 39631.0
32013.0 39591.0
32934.0 39511.0
36184.0 39452.0
39358.0 39396.0
39434.0 39380.0
43605.0 39371.0

16023.0 45623.0
16290.0 43116.0
16515.0 41645.0
16595.0 41259.0
17095.0 41160.0
17171.0 41007.0
18092.0 40466.0
18545.0 40444.0
18596.0 40337.0
19912.0 40313.0
21266.0 40310.0
21342.0 40064.0
21708.0 39975.0
24516.0 39974.0
24592.0 39916.0
24820.0 39905.0
25513.0 39758.0
27894.0 39757.0
28763.0 39632.0
31937.0 39631.0
32013.0 39591.0
32934.0 39525.0
36108.0 39522.0
36184.0 39515.0
39358.0 39396.0

16023.0 44181.0
16290.0 43000.0
16515.0 41334.0
16595.0 41102.0
17095.0 41021.0
17171.0 40835.0
18092.0 40466.0
18545.0 40444.0
18596.0 40337.0
19912.0 40313.0
21266.0 40310.0
21342.0 40064.0
21708.0 39975.0
24516.0 39974.0
24592.0 39916.0
25513.0 39758.0
27894.0 39757.0
28763.0 39632.0
31937.0 39631.0
32013.0 39591.0
32934.0 39512.0
36184.0 39439.0
39358.0 39396.0

16023.0 45623.0
16290.0 43116.0
16515.0 41645.0
16595.0 41259.0
17095.0 41160.0
17171.0 41146.0
18016.0 41083.0
18092.0 40466.0
18545.0 40444.0
18596.0 40337.0
19912.0 40313.0
21266.0 40312.0
21342.0 40064.0
21708.0 39975.0
24516.0 39974.0
24592.0 39934.0
24820.0 39905.0
25513.0 39758.0
27894.0 39757.0
28763.0 39632.0
31937.0 39631.0
32013.0 39591.0
32934.0 39525.0
36184.0 39515.0
39358.0 39396.0

16023.0 45562.0
16290.0 43000.0
16515.0 41448.0
16595.0 41053.0
17095.0 40954.0
18092.0 40466.0
18545.0 40444.0
18596.0 40337.0
19912.0 40313.0
21266.0 40310.0
21342.0 40064.0
21708.0 39975.0
24516.0 39974.0
24592.0 39916.0
24820.0 39905.0
25513.0 39758.0
27894.0 39757.0
28763.0 39632.0
31937.0 39631.0
32013.0 39573.0
32934.0 39512.0
36184.0 39386.0
39434.0 39327.0

16023.0 45623.0
16290.0 43116.0
16515.0 41645.0
16595.0 41259.0
17095.0 41160.0
17171.0 41007.0
18092.0 40466.0
18545.0 40444.0
18596.0 40337.0
19912.0 40313.0
21266.0 40312.0
21342.0 40064.0
21708.0 39975.0
24516.0 39974.0
24592.0 39916.0
24820.0 39905.0
25513.0 39758.0
27894.0 39757.0
28763.0 39632.0
31937.0 39631.0
32013.0 39591.0
32934.0 39525.0
36184.0 39515.0
39358.0 39396.0

16023.0 44297.0
16290.0 43000.0
16515.0 41448.0
16595.0 41053.0
17095.0 40954.0
17171.0 40859.0
18092.0 40466.0
18545.0 40444.0
18596.0 40337.0
19912.0 40313.0
21266.0 40310.0
21342.0 40064.0
21708.0 39975.0
24592.0 39934.0
24820.0 39905.0
25513.0 39758.0
27894.0 39757.0
28763.0 39632.0
31937.0 39631.0
32013.0 39591.0
32934.0 39512.0
36184.0 39453.0
39358.0 39396.0

16023.0 43983.0
16156.0 43350.0
16290.0 43000.0
16515.0 41448.0
16595.0 41053.0
17095.0 40954.0
17171.0 40859.0
18092.0 40466.0
18545.0 40444.0
18596.0 40337.0
19912.0 40313.0
21266.0 40310.0
21342.0 40064.0
21708.0 39975.0
24516.0 39972.0
24592.0 39915.0
24820.0 39865.0
25513.0 39758.0
27894.0 39757.0
28687.0 39755.0
28763.0 39631.0
31937.0 39629.0
32013.0 39572.0
32934.0 39511.0
36184.0 39385.0
39434.0 39326.0
40355.0 39279.0
43605.0 39177.0
46779.0 39174.0
46855.0 39117.0
51026.0 39095.0


