15590.0 54720.0
16023.0 46078.0
16256.0 45570.0
16290.0 43855.0
16515.0 43521.0
16595.0 43254.0
17095.0 42988.0
17145.0 42874.0
17171.0 42013.0
17294.0 41923.0
17516.0 41739.0
18092.0 41003.0
18545.0 40871.0
18596.0 40807.0
19946.0 40791.0
20766.0 40734.0
21342.0 40283.0
21708.0 40273.0
24592.0 40051.0
27842.0 40000.0
27862.0 39949.0
28763.0 39853.0
32013.0 39851.0
32934.0 39745.0
36184.0 39609.0
40355.0 39532.0
42608.0 39434.0
46855.0 39327.0
60624.0 39216.0

15590.0 52211.0
16023.0 47303.0
16093.0 45759.0
16290.0 44947.0
16515.0 44934.0
16870.0 43057.0
17095.0 42307.0
17745.0 41392.0
18092.0 41369.0
18545.0 41280.0
18596.0 41018.0
19247.0 40919.0
21266.0 40484.0
21342.0 40314.0
21708.0 40313.0
24782.0 40240.0
25513.0 39758.0
32934.0 39511.0
40355.0 39489.0
43605.0 39475.0
46779.0 39301.0
63874.0 38972.0

16816.0 47580.0
18922.0 44519.0
24516.0 43894.0
25437.0 42573.0
31437.0 41901.0

16816.0 41651.0
16956.0 41540.0
16990.0 41442.0
17171.0 41433.0
17516.0 41210.0
18016.0 41129.0
18092.0 40466.0
18596.0 40367.0
19912.0 40313.0
21342.0 40064.0
21708.0 39975.0
24516.0 39972.0
24592.0 39915.0
24820.0 39865.0
25513.0 39758.0
27894.0 39757.0
28687.0 39754.0
28763.0 39631.0
31937.0 39628.0
32013.0 39572.0
32934.0 39511.0
36108.0 39508.0
36184.0 39385.0
39434.0 39326.0
42684.0 39309.0

16515.0 43506.0
16571.0 42556.0
16816.0 41612.0
16990.0 41568.0
17516.0 41173.0
18016.0 41074.0
18092.0 40466.0
18545.0 40444.0
18596.0 40337.0
19912.0 40313.0
21266.0 40310.0
21342.0 40064.0
21708.0 39975.0
24516.0 39972.0
24592.0 39916.0
24820.0 39905.0
25513.0 39758.0
28687.0 39757.0
28763.0 39632.0
31937.0 39629.0
32013.0 39573.0
32934.0 39525.0
36108.0 39508.0
36184.0 39399.0
42608.0 39347.0

16515.0 43506.0
16571.0 42556.0
16816.0 41612.0
16990.0 41568.0
17516.0 41173.0
18016.0 41074.0
18092.0 40466.0
18545.0 40444.0
18596.0 40337.0
19912.0 40313.0
21266.0 40310.0
21342.0 40064.0
21708.0 39975.0
24516.0 39972.0
24592.0 39916.0
24820.0 39865.0
25513.0 39758.0
28687.0 39757.0
28763.0 39632.0
31937.0 39629.0
32013.0 39573.0
32934.0 39511.0
36108.0 39508.0
36184.0 39386.0
39434.0 39340.0
40355.0 39303.0
43605.0 39244.0

16515.0 41875.0
16595.0 41643.0
16816.0 41547.0
17171.0 41376.0
17516.0 41152.0
18016.0 41053.0
18092.0 40466.0
18545.0 40444.0
18596.0 40337.0
19912.0 40313.0
21266.0 40310.0
21342.0 40064.0
21708.0 39975.0
24516.0 39972.0
24592.0 39916.0
24820.0 39905.0
25513.0 39758.0
27894.0 39757.0
28687.0 39754.0
28763.0 39632.0
31937.0 39629.0
32013.0 39573.0
32934.0 39511.0
36108.0 39508.0
36184.0 39399.0
39358.0 39398.0
40355.0 39302.0

16515.0 43506.0
16571.0 42556.0
16816.0 41366.0
17516.0 41134.0
18016.0 41071.0
18092.0 40466.0
18545.0 40444.0
18596.0 40337.0
19912.0 40313.0
21266.0 40310.0
21342.0 40064.0
21708.0 39975.0
24516.0 39972.0
24592.0 39916.0
24820.0 39865.0
25513.0 39758.0
28687.0 39757.0
28763.0 39632.0
31937.0 39629.0
32013.0 39573.0
32934.0 39511.0
36108.0 39508.0
36184.0 39386.0
39434.0 39340.0
40355.0 39303.0
43605.0 39244.0

16515.0 42357.0
16595.0 41962.0
16816.0 41608.0
16990.0 41568.0
17171.0 41508.0
17516.0 41155.0
18016.0 41074.0
18092.0 40466.0
18545.0 40444.0
18596.0 40337.0
19912.0 40313.0
21266.0 40310.0
21342.0 40064.0
21708.0 39975.0
24516.0 39972.0
24592.0 39916.0
24820.0 39905.0
25513.0 39758.0
28687.0 39757.0
28763.0 39632.0
31937.0 39629.0
32013.0 39573.0
32934.0 39511.0
36108.0 39508.0
36184.0 39386.0
39434.0 39350.0
40355.0 39303.0

16515.0 43506.0
16571.0 42556.0
16816.0 41612.0
16990.0 41387.0
17516.0 41155.0
18016.0 41074.0
18092.0 40466.0
18545.0 40444.0
18596.0 40337.0
19912.0 40313.0
21266.0 40310.0
21342.0 40064.0
21708.0 39975.0
24516.0 39972.0
24592.0 39916.0
24820.0 39865.0
25513.0 39758.0
28687.0 39757.0
28763.0 39632.0
31937.0 39629.0
32013.0 39573.0
32934.0 39511.0
36108.0 39508.0
36184.0 39399.0
39434.0 39340.0
40355.0 39303.0
42684.0 39291.0
43605.0 39244.0

16515.0 41267.0
16595.0 41035.0
17095.0 40954.0
17171.0 40744.0
18092.0 40466.0
18545.0 40444.0
18596.0 40337.0
19912.0 40313.0
21266.0 40310.0
21342.0 40064.0
21708.0 39975.0
24516.0 39972.0
24592.0 39915.0
24820.0 39865.0
25513.0 39758.0
27894.0 39757.0
28763.0 39632.0
31937.0 39629.0
32013.0 39573.0
32934.0 39511.0
36108.0 39508.0
36184.0 39386.0
39434.0 39327.0
40355.0 39302.0
42684.0 39291.0
43605.0 39177.0
46855.0 39118.0

16515.0 43506.0
16571.0 42556.0
16816.0 41366.0
17516.0 41134.0
18016.0 41053.0
18092.0 40466.0
18545.0 40444.0
18596.0 40337.0
19912.0 40313.0
21266.0 40310.0
21342.0 40064.0
21708.0 39975.0
24516.0 39972.0
24592.0 39916.0
24820.0 39865.0
25513.0 39758.0
28687.0 39757.0
28763.0 39632.0
31937.0 39629.0
32013.0 39573.0
32934.0 39511.0
36108.0 39508.0
36184.0 39399.0
39358.0 39398.0
39434.0 39340.0
40355.0 39303.0
42684.0 39291.0
43605.0 39244.0

16515.0 41515.0
16595.0 41120.0
17095.0 41021.0
18092.0 40466.0
18545.0 40444.0
18596.0 40337.0
19912.0 40313.0
21266.0 40310.0
21342.0 40064.0
21708.0 39975.0
24516.0 39972.0
24592.0 39916.0
24820.0 39865.0
25513.0 39758.0
27894.0 39757.0
28687.0 39754.0
28763.0 39632.0
31937.0 39629.0
32013.0 39573.0
32934.0 39511.0
36108.0 39508.0
36184.0 39386.0
39434.0 39340.0
40355.0 39302.0
42684.0 39291.0
43605.0 39177.0
46855.0 39118.0

16023.0 43983.0
16156.0 42856.0
16515.0 41334.0
16595.0 41053.0
17095.0 40954.0
17171.0 40744.0
18092.0 40466.0
18545.0 40444.0
18596.0 40337.0
19912.0 40313.0
21266.0 40310.0
21342.0 40064.0
21708.0 39975.0
24516.0 39972.0
24592.0 39915.0
24820.0 39865.0
25513.0 39758.0
27894.0 39757.0
28687.0 39754.0
28763.0 39632.0
31937.0 39629.0
32013.0 39573.0
32934.0 39512.0
36108.0 39508.0
36184.0 39386.0
39358.0 39383.0
39434.0 39327.0
40355.0 39279.0
43529.0 39275.0
43605.0 39153.0
46855.0 39094.0
51026.0 39070.0


