16816.0 41763.0
16956.0 41652.0
16990.0 41469.0
17516.0 41237.0
18016.0 41174.0
18092.0 40665.0
18545.0 40659.0
18596.0 40367.0
19912.0 40313.0
21266.0 40312.0
21342.0 40187.0
21708.0 39975.0
24516.0 39972.0
24592.0 39915.0
25513.0 39892.0
28763.0 39632.0
32013.0 39572.0
36184.0 39399.0

16023.0 53198.0
16515.0 45837.0
16571.0 45811.0
16956.0 44029.0
17736.0 43790.0
18092.0 43317.0
18579.0 42872.0
18596.0 42484.0
20178.0 42275.0
21266.0 41860.0
22020.0 41389.0
28763.0 41310.0
29684.0 41031.0
38858.0 40743.0
63874.0 38972.0

17745.0 47182.0
18092.0 45267.0
19505.0 44621.0
20457.0 44565.0
31025.0 44295.0
31658.0 43040.0
32934.0 42826.0
37582.0 42010.0

17745.0 47182.0
18092.0 45267.0
19505.0 44621.0
20457.0 44565.0
25513.0 43442.0
28763.0 41107.0

16515.0 43273.0
16519.0 43174.0
16816.0 42450.0
16871.0 42338.0
16990.0 41481.0
17516.0 41249.0
18016.0 41186.0
18092.0 40466.0
18545.0 40444.0
18596.0 40337.0
19912.0 40313.0
21266.0 40310.0
21342.0 40064.0
21708.0 39975.0
24516.0 39972.0
24592.0 39915.0
24820.0 39884.0
25513.0 39758.0
27894.0 39757.0
28687.0 39755.0
28763.0 39631.0
31937.0 39629.0
32013.0 39572.0
32934.0 39511.0
36184.0 39385.0
39434.0 39327.0
40355.0 39278.0
43605.0 39152.0
46855.0 39093.0

16515.0 41448.0
16595.0 41053.0
17095.0 40954.0
17171.0 40744.0
18092.0 40466.0
18545.0 40444.0
18596.0 40337.0
19912.0 40313.0
21266.0 40310.0
21342.0 40064.0
21708.0 39975.0
24592.0 39956.0
24820.0 39905.0
25513.0 39758.0
28687.0 39755.0
28763.0 39631.0
32013.0 39573.0
32934.0 39511.0
36108.0 39510.0
36184.0 39385.0

16515.0 41448.0
16595.0 41053.0
17095.0 40954.0
17171.0 40744.0
18092.0 40466.0
18545.0 40444.0
18596.0 40337.0
19912.0 40313.0
21266.0 40310.0
21342.0 40064.0
21708.0 39975.0
24592.0 39956.0
24820.0 39884.0
25513.0 39758.0
28687.0 39755.0
28763.0 39631.0
31937.0 39629.0
32013.0 39573.0
32934.0 39511.0
36108.0 39510.0
36184.0 39385.0

16515.0 41448.0
16595.0 41053.0
17095.0 40954.0
17171.0 40744.0
18092.0 40466.0
18545.0 40444.0
18596.0 40337.0
19912.0 40313.0
21266.0 40310.0
21342.0 40064.0
21708.0 39975.0
24516.0 39974.0
24592.0 39915.0
24820.0 39865.0
25513.0 39758.0
27894.0 39757.0
28687.0 39755.0
28763.0 39631.0
31937.0 39629.0
32013.0 39573.0
32934.0 39511.0
36108.0 39510.0
36184.0 39385.0

16515.0 41328.0
16595.0 41053.0
17095.0 40954.0
17171.0 40744.0
18092.0 40466.0
18545.0 40444.0
18596.0 40337.0
19912.0 40313.0
21266.0 40310.0
21342.0 40064.0
21708.0 39975.0
24592.0 39955.0
24820.0 39884.0
25513.0 39758.0
28687.0 39755.0
28763.0 39631.0
31937.0 39629.0
32013.0 39573.0
32934.0 39511.0
36108.0 39510.0
36184.0 39385.0

16515.0 41448.0
16595.0 41053.0
17095.0 40954.0
17171.0 40744.0
18092.0 40466.0
18545.0 40444.0
18596.0 40337.0
19912.0 40313.0
21266.0 40310.0
21342.0 40064.0
21708.0 39975.0
24592.0 39955.0
24820.0 39884.0
25513.0 39758.0
28687.0 39755.0
28763.0 39631.0
31937.0 39629.0
32013.0 39573.0
32934.0 39511.0
36108.0 39510.0
36184.0 39385.0

16515.0 41448.0
16595.0 41053.0
17095.0 40954.0
17171.0 40744.0
18092.0 40466.0
18545.0 40444.0
18596.0 40337.0
19912.0 40313.0
21266.0 40310.0
21342.0 40064.0
21708.0 39975.0
24592.0 39956.0
24820.0 39884.0
25513.0 39758.0
28687.0 39755.0
28763.0 39631.0
32013.0 39573.0
32934.0 39511.0
36108.0 39510.0
36184.0 39385.0

16515.0 41443.0
16595.0 41053.0
17095.0 40954.0
17171.0 40744.0
18092.0 40466.0
18545.0 40444.0
18596.0 40337.0
19912.0 40313.0
21266.0 40310.0
21342.0 40064.0
21708.0 39975.0
24516.0 39972.0
24592.0 39916.0
24820.0 39884.0
25513.0 39758.0
28687.0 39755.0
28763.0 39631.0
32013.0 39573.0
32934.0 39511.0
36108.0 39510.0
36184.0 39385.0
39434.0 39367.0

16515.0 41328.0
16595.0 41053.0
17095.0 40954.0
17171.0 40744.0
18092.0 40466.0
18545.0 40444.0
18596.0 40337.0
19912.0 40313.0
21266.0 40310.0
21342.0 40064.0
21708.0 39975.0
24516.0 39974.0
24592.0 39916.0
24820.0 39884.0
25513.0 39758.0
28687.0 39755.0
28763.0 39631.0
32013.0 39573.0
32934.0 39511.0
36108.0 39510.0
36184.0 39385.0

16515.0 41448.0
16595.0 41053.0
17095.0 40954.0
17171.0 40744.0
18092.0 40466.0
18545.0 40444.0
18596.0 40337.0
19912.0 40313.0
21266.0 40310.0
21342.0 40064.0
21708.0 39975.0
24516.0 39972.0
24592.0 39916.0
24820.0 39884.0
25513.0 39758.0
27894.0 39757.0
28687.0 39755.0
28763.0 39631.0
31937.0 39629.0
32013.0 39573.0
32934.0 39511.0
36108.0 39510.0
36184.0 39385.0
39358.0 39384.0
43605.0 39177.0

16515.0 41448.0
16595.0 41053.0
17095.0 40954.0
17171.0 40744.0
18092.0 40466.0
18545.0 40444.0
18596.0 40337.0
19912.0 40313.0
21266.0 40310.0
21342.0 40064.0
21708.0 39975.0
24516.0 39974.0
24592.0 39915.0
24820.0 39884.0
25513.0 39758.0
27894.0 39757.0
28687.0 39755.0
28763.0 39631.0
31937.0 39628.0
32013.0 39573.0
32934.0 39511.0
36108.0 39510.0
36184.0 39385.0
39358.0 39384.0
39434.0 39327.0
43605.0 39177.0
46855.0 39118.0


