16816.0 43895.0
16871.0 43491.0
17294.0 42104.0
17345.0 41596.0
17516.0 41182.0
18092.0 40635.0
18545.0 40525.0
18596.0 40441.0
19946.0 40420.0
21342.0 40272.0
21708.0 40153.0
24016.0 40138.0
24750.0 40024.0
28763.0 39929.0
32934.0 39783.0
36184.0 39747.0
39434.0 39643.0

16023.0 47910.0
16094.0 46437.0
18122.0 46245.0
18615.0 44839.0
19505.0 44044.0
21342.0 43705.0
21708.0 43541.0
22263.0 43416.0
23899.0 42720.0
24750.0 42709.0
25966.0 42683.0
27913.0 42461.0
30737.0 40808.0
63874.0 38972.0

17396.0 50587.0
17516.0 47941.0
18122.0 47534.0
19471.0 46419.0
21021.0 46389.0
22263.0 45087.0
24201.0 44984.0
24750.0 44486.0
25966.0 43910.0
27842.0 43761.0
30737.0 43600.0
31658.0 43290.0

17713.0 45112.0
18805.0 44295.0
22263.0 42741.0

16023.0 42375.0
16156.0 42363.0
16515.0 41267.0
16595.0 41035.0
17095.0 40972.0
17171.0 40768.0
18092.0 40646.0
18596.0 40337.0
19912.0 40313.0
21266.0 40310.0
21342.0 40064.0
21708.0 39975.0
24516.0 39974.0
24592.0 39915.0
25513.0 39758.0
27894.0 39757.0
28763.0 39631.0
32013.0 39572.0
32934.0 39512.0
36184.0 39386.0
39434.0 39327.0
46855.0 39118.0

16023.0 46649.0
16495.0 46586.0
16515.0 41382.0
16595.0 41150.0
17171.0 40744.0
18092.0 40466.0
18545.0 40449.0
18596.0 40337.0
21266.0 40312.0
21342.0 40064.0
21708.0 39975.0
24516.0 39974.0
24592.0 39915.0
24820.0 39865.0
27842.0 39848.0
28763.0 39632.0
32013.0 39572.0
35263.0 39561.0
39434.0 39363.0
43605.0 39340.0
50105.0 39246.0

16023.0 46649.0
16495.0 46586.0
16515.0 41382.0
16595.0 41150.0
17171.0 40744.0
18092.0 40466.0
18545.0 40449.0
18596.0 40337.0
21266.0 40312.0
21342.0 40064.0
21708.0 39975.0
24516.0 39974.0
24592.0 39915.0
24820.0 39865.0
27842.0 39848.0
28763.0 39632.0
32013.0 39572.0
35263.0 39561.0
36184.0 39468.0
39434.0 39363.0
43605.0 39340.0
46855.0 39327.0
50105.0 39246.0

16023.0 46649.0
16495.0 46586.0
16515.0 41382.0
16595.0 41150.0
17095.0 41069.0
17171.0 40744.0
18092.0 40466.0
18545.0 40449.0
18596.0 40337.0
21266.0 40312.0
21342.0 40064.0
21708.0 39975.0
24516.0 39974.0
24592.0 39915.0
24820.0 39865.0
27842.0 39848.0
28763.0 39632.0
32013.0 39572.0
35263.0 39561.0
36184.0 39468.0
39434.0 39363.0
43605.0 39340.0
46855.0 39327.0
50105.0 39246.0

16023.0 46649.0
16495.0 46586.0
16515.0 41382.0
16595.0 41150.0
17171.0 40744.0
18092.0 40466.0
18545.0 40449.0
18596.0 40337.0
21266.0 40312.0
21342.0 40064.0
21708.0 39975.0
24516.0 39974.0
24592.0 39915.0
24820.0 39865.0
27842.0 39848.0
28763.0 39632.0
32013.0 39572.0
35263.0 39561.0
36184.0 39468.0
39434.0 39363.0
43605.0 39340.0
46855.0 39327.0
50105.0 39246.0

16023.0 46649.0
16495.0 46586.0
16515.0 41382.0
16595.0 41150.0
17171.0 40744.0
18092.0 40466.0
18545.0 40449.0
18596.0 40337.0
21266.0 40312.0
21342.0 40064.0
21708.0 39975.0
24516.0 39974.0
24592.0 39915.0
24820.0 39865.0
27842.0 39848.0
28763.0 39632.0
32013.0 39572.0
35263.0 39561.0
39434.0 39363.0
43605.0 39340.0
50105.0 39246.0

16023.0 46649.0
16495.0 46586.0
16515.0 41382.0
16595.0 41150.0
17171.0 40744.0
18092.0 40466.0
18545.0 40449.0
18596.0 40337.0
21266.0 40312.0
21342.0 40064.0
21708.0 39975.0
24516.0 39974.0
24592.0 39915.0
24820.0 39865.0
27842.0 39848.0
28763.0 39632.0
32013.0 39572.0
35263.0 39561.0
36184.0 39468.0
39434.0 39363.0
43605.0 39340.0
46855.0 39327.0
50105.0 39246.0

16023.0 46649.0
16495.0 46586.0
16515.0 41382.0
16595.0 41150.0
17171.0 40744.0
18092.0 40466.0
18545.0 40449.0
18596.0 40337.0
21266.0 40312.0
21342.0 40064.0
21708.0 39975.0
24516.0 39974.0
24592.0 39915.0
24820.0 39865.0
27842.0 39848.0
28763.0 39632.0
32013.0 39572.0
35263.0 39561.0
36184.0 39468.0
39434.0 39363.0
43605.0 39340.0
46855.0 39327.0
50105.0 39246.0

16023.0 46649.0
16495.0 46586.0
16515.0 41382.0
16595.0 41150.0
17171.0 40744.0
18092.0 40466.0
18545.0 40449.0
18596.0 40337.0
21266.0 40312.0
21342.0 40064.0
21708.0 39975.0
24516.0 39974.0
24592.0 39915.0
24820.0 39865.0
27842.0 39848.0
28763.0 39632.0
32013.0 39572.0
35263.0 39561.0
36184.0 39468.0
39434.0 39363.0
43605.0 39340.0
46855.0 39327.0
50105.0 39246.0

16023.0 46649.0
16495.0 46586.0
16515.0 41382.0
16595.0 41150.0
17171.0 40744.0
18092.0 40466.0
18545.0 40449.0
18596.0 40337.0
21266.0 40312.0
21342.0 40064.0
21708.0 39975.0
24516.0 39974.0
24592.0 39915.0
24820.0 39865.0
27842.0 39848.0
28763.0 39632.0
32013.0 39572.0
35263.0 39561.0
39434.0 39363.0
43605.0 39340.0
50105.0 39246.0

16023.0 46649.0
16495.0 46586.0
16515.0 41382.0
16595.0 41150.0
17171.0 40744.0
18092.0 40466.0
18545.0 40449.0
18596.0 40337.0
21266.0 40312.0
21342.0 40064.0
21708.0 39975.0
24516.0 39974.0
24592.0 39915.0
24820.0 39865.0
25513.0 39854.0
27842.0 39848.0
28763.0 39631.0
32013.0 39572.0
35263.0 39561.0
36184.0 39423.0
39434.0 39347.0
43605.0 39340.0
46855.0 39245.0
50105.0 39229.0
51026.0 39095.0
54276.0 39036.0


