16816.0 42632.0
16990.0 41568.0
17516.0 41173.0
18016.0 41074.0
18092.0 40700.0
18596.0 40583.0
18615.0 40443.0
20387.0 40419.0
21266.0 40418.0
21342.0 40064.0
21708.0 39975.0
24592.0 39916.0
24820.0 39865.0
25513.0 39758.0
28687.0 39755.0
28763.0 39632.0
32013.0 39573.0
36184.0 39549.0
39358.0 39383.0
39434.0 39327.0
46779.0 39301.0

16023.0 50535.0
16494.0 49981.0
16515.0 46492.0
16595.0 46374.0
17279.0 45465.0
17492.0 43687.0
18092.0 43497.0
18589.0 42389.0
20766.0 42293.0
21708.0 40861.0
63874.0 38972.0

18092.0 49147.0
18671.0 46730.0
19505.0 42881.0
25010.0 42332.0

18092.0 49147.0
18671.0 46730.0
19505.0 42881.0
25010.0 42332.0

16816.0 41687.0
16956.0 41576.0
16990.0 41423.0
17516.0 41191.0
18016.0 41110.0
18092.0 40466.0
18545.0 40444.0
18596.0 40337.0
19912.0 40313.0
21266.0 40310.0
21342.0 40064.0
21708.0 39975.0
24516.0 39972.0
24592.0 39915.0
24820.0 39865.0
25513.0 39758.0
28763.0 39632.0
31937.0 39629.0
32013.0 39572.0
32934.0 39512.0
36184.0 39386.0
39434.0 39326.0

16256.0 46232.0
16515.0 42228.0
16595.0 41996.0
16816.0 41651.0
16956.0 41540.0
16990.0 41423.0
17516.0 41191.0
18016.0 41168.0
18092.0 40466.0
18545.0 40444.0
18596.0 40337.0
19912.0 40313.0
21266.0 40310.0
21342.0 40064.0
21708.0 39975.0
24516.0 39974.0
24592.0 39916.0
24820.0 39884.0
25513.0 39758.0
28763.0 39632.0
32013.0 39573.0
32934.0 39525.0
36184.0 39386.0
39434.0 39339.0
43605.0 39177.0
46855.0 39117.0

16256.0 46232.0
16515.0 42228.0
16595.0 41996.0
16816.0 41651.0
16956.0 41540.0
16990.0 41423.0
17516.0 41191.0
18016.0 41168.0
18092.0 40466.0
18545.0 40444.0
18596.0 40337.0
19912.0 40313.0
21266.0 40310.0
21342.0 40064.0
21708.0 39975.0
24516.0 39974.0
24592.0 39916.0
24820.0 39884.0
25513.0 39758.0
28763.0 39632.0
32013.0 39573.0
32934.0 39512.0
36184.0 39386.0
39434.0 39339.0
43605.0 39153.0
46855.0 39117.0

16256.0 46232.0
16515.0 42228.0
16595.0 41163.0
17095.0 41100.0
17171.0 40982.0
18092.0 40466.0
18545.0 40444.0
18596.0 40337.0
19912.0 40313.0
21266.0 40310.0
21342.0 40064.0
21708.0 39975.0
24516.0 39974.0
24592.0 39916.0
24820.0 39884.0
25513.0 39758.0
28763.0 39632.0
31937.0 39631.0
32013.0 39573.0
32934.0 39512.0
36184.0 39386.0
39434.0 39339.0
43605.0 39177.0
46855.0 39117.0

16256.0 46232.0
16515.0 42228.0
16595.0 41996.0
16816.0 41651.0
16956.0 41540.0
16990.0 41423.0
17516.0 41191.0
18016.0 41168.0
18092.0 40466.0
18545.0 40444.0
18596.0 40337.0
19912.0 40313.0
21266.0 40310.0
21342.0 40064.0
21708.0 39975.0
24516.0 39974.0
24592.0 39916.0
24820.0 39884.0
25513.0 39758.0
28763.0 39632.0
32013.0 39573.0
32934.0 39512.0
36184.0 39386.0
39434.0 39339.0
43605.0 39177.0
46855.0 39117.0

16256.0 46232.0
16290.0 43500.0
16515.0 42228.0
16595.0 41796.0
16816.0 41651.0
16956.0 41540.0
16990.0 41387.0
17516.0 41155.0
18016.0 41074.0
18092.0 40466.0
18545.0 40444.0
18596.0 40337.0
19912.0 40313.0
21266.0 40310.0
21342.0 40064.0
21708.0 39975.0
24516.0 39974.0
24592.0 39916.0
24820.0 39884.0
25513.0 39758.0
28687.0 39757.0
28763.0 39632.0
31937.0 39631.0
32013.0 39573.0
32934.0 39512.0
36184.0 39386.0
39434.0 39326.0
43605.0 39153.0
46855.0 39093.0

16256.0 46232.0
16515.0 42228.0
16595.0 41996.0
16816.0 41651.0
16956.0 41540.0
16990.0 41387.0
17516.0 41155.0
18016.0 41092.0
18092.0 40466.0
18545.0 40444.0
18596.0 40337.0
19912.0 40313.0
21266.0 40310.0
21342.0 40064.0
21708.0 39975.0
24516.0 39974.0
24592.0 39916.0
24820.0 39884.0
25513.0 39758.0
28763.0 39632.0
31937.0 39631.0
32013.0 39573.0
32934.0 39512.0
36184.0 39386.0
39434.0 39339.0
40355.0 39279.0
43605.0 39153.0
46855.0 39117.0

16256.0 46232.0
16515.0 42148.0
16571.0 41846.0
16595.0 41163.0
17095.0 41100.0
17171.0 40805.0
18092.0 40466.0
18545.0 40444.0
18596.0 40337.0
19912.0 40313.0
21266.0 40310.0
21342.0 40064.0
21708.0 39975.0
24516.0 39972.0
24592.0 39916.0
24820.0 39884.0
25513.0 39758.0
28687.0 39757.0
28763.0 39632.0
31937.0 39631.0
32013.0 39573.0
32934.0 39512.0
36184.0 39386.0
39434.0 39339.0
40355.0 39279.0
43605.0 39153.0
46855.0 39117.0

16256.0 46232.0
16515.0 42228.0
16595.0 41996.0
16816.0 41651.0
16956.0 41540.0
16990.0 41387.0
17516.0 41155.0
18016.0 41092.0
18092.0 40466.0
18545.0 40444.0
18596.0 40337.0
19912.0 40313.0
21266.0 40310.0
21342.0 40064.0
21708.0 39975.0
24516.0 39974.0
24592.0 39916.0
24820.0 39884.0
25513.0 39758.0
28763.0 39632.0
31937.0 39631.0
32013.0 39573.0
32934.0 39512.0
36184.0 39386.0
39434.0 39339.0
40355.0 39279.0
43605.0 39153.0
46855.0 39117.0

16156.0 42829.0
16495.0 42766.0
16515.0 42228.0
16595.0 41700.0
16816.0 41651.0
16956.0 41540.0
16990.0 41387.0
17516.0 41155.0
18016.0 41074.0
18092.0 40466.0
18545.0 40444.0
18596.0 40337.0
19912.0 40313.0
21266.0 40310.0
21342.0 40064.0
21708.0 39975.0
24516.0 39972.0
24592.0 39916.0
24820.0 39884.0
25513.0 39758.0
28687.0 39757.0
28763.0 39632.0
31937.0 39631.0
32013.0 39573.0
32934.0 39512.0
36108.0 39511.0
36184.0 39386.0
39434.0 39339.0
40355.0 39279.0
43605.0 39153.0
46855.0 39117.0

16023.0 42410.0
16156.0 41967.0
16595.0 41735.0
16816.0 41651.0
16956.0 41540.0
16990.0 41387.0
17516.0 41155.0
18016.0 41074.0
18092.0 40466.0
18545.0 40444.0
18596.0 40337.0
19912.0 40313.0
21266.0 40310.0
21342.0 40064.0
21708.0 39975.0
24516.0 39974.0
24592.0 39916.0
24820.0 39884.0
25513.0 39758.0
28763.0 39632.0
31937.0 39631.0
32013.0 39573.0
32934.0 39512.0
36108.0 39511.0
36184.0 39386.0
39434.0 39339.0
40355.0 39279.0
43605.0 39153.0
46855.0 39117.0


