16515.0 42317.0
16816.0 41539.0
17516.0 41307.0
18016.0 41226.0
18092.0 40511.0
18596.0 40353.0
21342.0 40064.0
21708.0 40063.0
24516.0 40060.0
24592.0 39915.0
25513.0 39854.0
27894.0 39757.0
28687.0 39756.0
28763.0 39631.0
31937.0 39630.0
32013.0 39572.0
32934.0 39511.0
36108.0 39508.0
36184.0 39385.0
40355.0 39278.0
43605.0 39152.0
46855.0 39094.0

15590.0 49513.0
16023.0 46706.0
16956.0 43732.0
18056.0 43478.0
18092.0 42940.0
18577.0 41607.0
23950.0 41311.0
28687.0 41278.0
28763.0 40425.0
63874.0 38972.0

17145.0 49137.0
17670.0 48974.0
17996.0 48714.0
18545.0 47545.0
19471.0 45615.0
22020.0 45207.0
22461.0 44941.0
26643.0 43944.0
38158.0 43113.0

17145.0 49137.0
17171.0 41884.0
23950.0 41106.0

16515.0 42491.0
16816.0 42395.0
16990.0 41426.0
17516.0 41191.0
18016.0 41113.0
18092.0 40466.0
18545.0 40444.0
18596.0 40337.0
19912.0 40313.0
21266.0 40310.0
21342.0 40064.0
21708.0 39975.0
24516.0 39972.0
24592.0 39916.0
24820.0 39865.0
25513.0 39758.0
27894.0 39757.0
28687.0 39755.0
28763.0 39632.0
31937.0 39629.0
32013.0 39573.0
32934.0 39512.0
36184.0 39385.0
39358.0 39383.0
39434.0 39327.0
40355.0 39278.0
43605.0 39153.0
46779.0 39150.0
46855.0 39094.0
50105.0 39058.0

16023.0 43412.0
16156.0 42878.0
16495.0 42815.0
16515.0 42081.0
16571.0 41792.0
16595.0 41317.0
17095.0 41218.0
17171.0 40744.0
18092.0 40466.0
18545.0 40444.0
18596.0 40337.0
19912.0 40313.0
21266.0 40310.0
21342.0 40064.0
21708.0 39975.0
24592.0 39916.0
24820.0 39865.0
25513.0 39798.0
28687.0 39797.0
28763.0 39729.0
32013.0 39597.0
36184.0 39475.0
39434.0 39437.0
42608.0 39324.0
45858.0 39288.0

16023.0 43321.0
16156.0 42878.0
16495.0 42815.0
16515.0 42081.0
16571.0 41792.0
16595.0 41317.0
17095.0 41218.0
17171.0 40744.0
18092.0 40466.0
18545.0 40444.0
18596.0 40337.0
19912.0 40313.0
21266.0 40310.0
21342.0 40064.0
21708.0 39975.0
24516.0 39974.0
24592.0 39916.0
24820.0 39865.0
25513.0 39798.0
28687.0 39797.0
28763.0 39656.0
32013.0 39573.0
32934.0 39524.0
36184.0 39475.0
39434.0 39437.0
42608.0 39324.0
45858.0 39288.0

16023.0 43321.0
16156.0 42878.0
16495.0 42815.0
16515.0 41382.0
16595.0 41150.0
17171.0 40744.0
18092.0 40466.0
18545.0 40444.0
18596.0 40337.0
19912.0 40313.0
21266.0 40310.0
21342.0 40064.0
21708.0 39975.0
24516.0 39974.0
24592.0 39916.0
24820.0 39865.0
25513.0 39758.0
28763.0 39656.0
32013.0 39573.0
32934.0 39512.0
36184.0 39475.0
39434.0 39437.0
42608.0 39324.0
45858.0 39288.0

16023.0 43321.0
16156.0 42086.0
16515.0 41382.0
16595.0 41150.0
17171.0 40744.0
18092.0 40466.0
18545.0 40444.0
18596.0 40337.0
19912.0 40313.0
21266.0 40310.0
21342.0 40064.0
21708.0 39975.0
24516.0 39974.0
24592.0 39916.0
24820.0 39865.0
25513.0 39798.0
28687.0 39797.0
28763.0 39656.0
32013.0 39573.0
36184.0 39475.0
39434.0 39437.0
42608.0 39324.0
45858.0 39288.0

16023.0 43321.0
16156.0 42878.0
16495.0 42815.0
16515.0 41382.0
16595.0 41150.0
17095.0 41069.0
17171.0 40744.0
18092.0 40466.0
18545.0 40444.0
18596.0 40337.0
19912.0 40313.0
21266.0 40310.0
21342.0 40064.0
21708.0 39975.0
24516.0 39974.0
24592.0 39916.0
24820.0 39865.0
25513.0 39758.0
28763.0 39632.0
32013.0 39573.0
32934.0 39536.0
36184.0 39475.0
39434.0 39423.0
42608.0 39324.0
45858.0 39288.0

16023.0 43321.0
16156.0 42878.0
16495.0 42815.0
16515.0 42081.0
16571.0 41792.0
16595.0 41317.0
17095.0 41218.0
17171.0 40744.0
18092.0 40466.0
18545.0 40444.0
18596.0 40337.0
19912.0 40313.0
21266.0 40310.0
21342.0 40064.0
21708.0 39975.0
24516.0 39974.0
24592.0 39916.0
24820.0 39865.0
25513.0 39758.0
28763.0 39715.0
32013.0 39573.0
32934.0 39524.0
36184.0 39475.0
39434.0 39437.0
42608.0 39324.0
45858.0 39288.0

16023.0 43321.0
16156.0 42878.0
16495.0 42815.0
16515.0 42081.0
16571.0 41785.0
16595.0 41317.0
17095.0 41218.0
17171.0 40744.0
18092.0 40466.0
18545.0 40444.0
18596.0 40337.0
19912.0 40313.0
21266.0 40310.0
21342.0 40064.0
21708.0 39975.0
24516.0 39974.0
24592.0 39916.0
24820.0 39865.0
25513.0 39758.0
28763.0 39632.0
31937.0 39629.0
32013.0 39573.0
32934.0 39512.0
36184.0 39386.0
39434.0 39339.0
42608.0 39324.0
43605.0 39304.0
45858.0 39288.0

16023.0 42322.0
16156.0 41879.0
16515.0 41382.0
16595.0 41150.0
17171.0 40744.0
18092.0 40466.0
18545.0 40444.0
18596.0 40337.0
19912.0 40313.0
21266.0 40310.0
21342.0 40064.0
21708.0 39975.0
24592.0 39916.0
24820.0 39865.0
25513.0 39758.0
28763.0 39632.0
32013.0 39573.0
32934.0 39512.0
36184.0 39386.0
42608.0 39324.0
43605.0 39304.0
45858.0 39288.0

16023.0 42505.0
16156.0 41962.0
16515.0 41382.0
16595.0 41150.0
17095.0 41069.0
17171.0 40744.0
18092.0 40466.0
18545.0 40444.0
18596.0 40337.0
19912.0 40313.0
21266.0 40310.0
21342.0 40064.0
21708.0 39975.0
24516.0 39974.0
24592.0 39916.0
24820.0 39865.0
25513.0 39758.0
28763.0 39632.0
31937.0 39631.0
32013.0 39573.0
32934.0 39512.0
36184.0 39386.0
39358.0 39385.0
42608.0 39324.0
43605.0 39304.0
45858.0 39288.0

16023.0 43321.0
16156.0 41962.0
16571.0 41792.0
16595.0 41317.0
17095.0 41218.0
17171.0 40744.0
18092.0 40466.0
18545.0 40444.0
18596.0 40337.0
19912.0 40313.0
21266.0 40310.0
21342.0 40064.0
21708.0 39975.0
24516.0 39972.0
24592.0 39915.0
24820.0 39865.0
25513.0 39758.0
28763.0 39632.0
31937.0 39631.0
32013.0 39572.0
32934.0 39512.0
36184.0 39399.0
39434.0 39339.0
42608.0 39323.0
43605.0 39260.0
47776.0 39197.0
51026.0 39071.0


