16816.0 56214.0
16990.0 42824.0
17345.0 42709.0
17516.0 42458.0
17736.0 42185.0
18092.0 41609.0
18596.0 41242.0
19912.0 41049.0
21342.0 40706.0
21708.0 40655.0
24016.0 40570.0
25513.0 40271.0
32013.0 40227.0
35187.0 40224.0
36184.0 40149.0

16023.0 53501.0
16515.0 48449.0
17145.0 46747.0
18856.0 46049.0
20066.0 44269.0
20421.0 43336.0
22263.0 42134.0
24237.0 41887.0
63874.0 38972.0

16290.0 49607.0
18092.0 48831.0
21661.0 45518.0
22263.0 44859.0
27411.0 43440.0

16816.0 56214.0
18092.0 53924.0
18446.0 51333.0
18805.0 50616.0
19378.0 49851.0
21661.0 45518.0
23992.0 45373.0

16290.0 49519.0
16494.0 47284.0
16515.0 43269.0
16571.0 42634.0
16956.0 42523.0
16990.0 41577.0
17171.0 41475.0
17345.0 41442.0
17516.0 41182.0
18092.0 40466.0
18545.0 40444.0
18596.0 40337.0
19912.0 40313.0
21266.0 40312.0
21342.0 40128.0
21708.0 39975.0
24516.0 39974.0
24592.0 39916.0
24820.0 39865.0
25513.0 39758.0
28763.0 39632.0
32934.0 39525.0
36184.0 39399.0
43605.0 39153.0

16290.0 49519.0
16494.0 47284.0
16515.0 43269.0
16571.0 42634.0
16956.0 42523.0
16990.0 41577.0
17171.0 41475.0
17345.0 41442.0
17516.0 41182.0
18092.0 40466.0
18545.0 40444.0
18596.0 40337.0
19912.0 40313.0
21266.0 40312.0
21342.0 40128.0
21708.0 39975.0
24516.0 39974.0
24592.0 39916.0
24820.0 39865.0
25513.0 39758.0
28763.0 39632.0
32934.0 39525.0
36184.0 39399.0
43605.0 39153.0

16290.0 49519.0
16494.0 47284.0
16515.0 43269.0
16571.0 42634.0
16956.0 42523.0
16990.0 41577.0
17171.0 41475.0
17345.0 41442.0
17516.0 41182.0
18092.0 40466.0
18545.0 40444.0
18596.0 40337.0
19912.0 40313.0
21266.0 40312.0
21342.0 40128.0
21708.0 39975.0
24516.0 39974.0
24592.0 39916.0
24820.0 39865.0
25513.0 39758.0
28763.0 39632.0
32934.0 39525.0
36184.0 39399.0
43605.0 39153.0

16290.0 49519.0
16494.0 47284.0
16515.0 43269.0
16571.0 42634.0
16956.0 42523.0
16990.0 41577.0
17171.0 41475.0
17345.0 41442.0
17516.0 41182.0
18092.0 40466.0
18545.0 40444.0
18596.0 40337.0
19912.0 40313.0
21266.0 40312.0
21342.0 40128.0
21708.0 39975.0
24516.0 39974.0
24592.0 39916.0
24820.0 39865.0
25513.0 39758.0
28763.0 39632.0
32934.0 39525.0
36184.0 39399.0
43605.0 39153.0

16290.0 49519.0
16494.0 47284.0
16515.0 43269.0
16571.0 42634.0
16956.0 42523.0
16990.0 41577.0
17171.0 41475.0
17345.0 41442.0
17516.0 41182.0
18092.0 40466.0
18545.0 40444.0
18596.0 40337.0
19912.0 40313.0
21266.0 40312.0
21342.0 40128.0
21708.0 39975.0
24516.0 39974.0
24592.0 39916.0
24820.0 39865.0
25513.0 39758.0
28763.0 39632.0
32934.0 39525.0
36184.0 39399.0
43605.0 39153.0

16290.0 49519.0
16494.0 47284.0
16515.0 43269.0
16571.0 42634.0
16956.0 42523.0
16990.0 41577.0
17171.0 41475.0
17345.0 41442.0
17516.0 41182.0
18092.0 40466.0
18545.0 40444.0
18596.0 40337.0
19912.0 40313.0
21266.0 40312.0
21342.0 40128.0
21708.0 39975.0
24516.0 39974.0
24592.0 39916.0
24820.0 39865.0
25513.0 39758.0
28763.0 39632.0
32934.0 39525.0
36184.0 39399.0
43605.0 39153.0

16290.0 49519.0
16494.0 47284.0
16515.0 43269.0
16571.0 42634.0
16956.0 42523.0
16990.0 41577.0
17171.0 41475.0
17345.0 41442.0
17516.0 41182.0
18092.0 40466.0
18545.0 40444.0
18596.0 40337.0
19912.0 40313.0
21266.0 40312.0
21342.0 40128.0
21708.0 39975.0
24516.0 39974.0
24592.0 39916.0
24820.0 39865.0
25513.0 39758.0
28763.0 39632.0
32934.0 39525.0
36184.0 39399.0
43605.0 39153.0

16290.0 49519.0
16494.0 47284.0
16515.0 43269.0
16571.0 42634.0
16956.0 42523.0
16990.0 41577.0
17171.0 41475.0
17345.0 41442.0
17516.0 41182.0
18092.0 40466.0
18545.0 40444.0
18596.0 40337.0
19912.0 40313.0
21266.0 40312.0
21342.0 40128.0
21708.0 39975.0
24516.0 39974.0
24592.0 39916.0
24820.0 39865.0
25513.0 39758.0
28763.0 39632.0
32934.0 39525.0
36184.0 39399.0
43605.0 39153.0

16290.0 49519.0
16494.0 47284.0
16515.0 43269.0
16571.0 42634.0
16956.0 42523.0
16990.0 41577.0
17171.0 41475.0
17345.0 41442.0
17516.0 41182.0
18092.0 40466.0
18545.0 40444.0
18596.0 40337.0
19912.0 40313.0
21266.0 40312.0
21342.0 40128.0
21708.0 39975.0
24516.0 39974.0
24592.0 39916.0
24820.0 39865.0
25513.0 39758.0
28763.0 39632.0
32934.0 39525.0
36184.0 39399.0
43605.0 39153.0

16290.0 49519.0
16494.0 47284.0
16515.0 43269.0
16571.0 42634.0
16956.0 42523.0
16990.0 41577.0
17171.0 41475.0
17345.0 41442.0
17516.0 41182.0
18092.0 40466.0
18545.0 40444.0
18596.0 40337.0
19912.0 40313.0
21266.0 40312.0
21342.0 40128.0
21708.0 39975.0
24516.0 39974.0
24592.0 39916.0
24820.0 39865.0
25513.0 39758.0
28763.0 39632.0
32934.0 39525.0
36184.0 39399.0
43605.0 39153.0

16290.0 49519.0
16494.0 47284.0
16515.0 43269.0
16571.0 42634.0
16956.0 42523.0
16990.0 41577.0
17171.0 41475.0
17345.0 41442.0
17516.0 41182.0
18092.0 40466.0
18545.0 40444.0
18596.0 40337.0
19912.0 40313.0
21266.0 40312.0
21342.0 40128.0
21708.0 39975.0
24516.0 39974.0
24592.0 39916.0
24820.0 39865.0
25513.0 39758.0
28763.0 39632.0
32934.0 39525.0
36184.0 39399.0
43605.0 39153.0


