16515.0 44242.0
16816.0 42054.0
16990.0 41469.0
17516.0 41237.0
18016.0 41174.0
18092.0 40466.0
18545.0 40444.0
18596.0 40353.0
19912.0 40313.0
21266.0 40310.0
21342.0 40064.0
21708.0 39975.0
24516.0 39974.0
24592.0 39915.0
24820.0 39865.0
25513.0 39798.0
28763.0 39631.0
31937.0 39628.0
32013.0 39572.0
32934.0 39565.0
35263.0 39537.0
36184.0 39385.0
39358.0 39382.0
39434.0 39326.0
42684.0 39291.0
43605.0 39152.0
46855.0 39093.0

16023.0 48014.0
16290.0 46167.0
16515.0 45964.0
16816.0 44271.0
17279.0 43655.0
17996.0 43504.0
18056.0 42873.0
18092.0 42827.0
18596.0 42285.0
20766.0 42152.0
21266.0 41850.0
21342.0 41377.0
21587.0 41089.0
22263.0 41018.0
28687.0 40729.0
31361.0 40664.0
32358.0 40612.0
32934.0 40600.0
38858.0 39958.0
63874.0 38972.0

17869.0 49695.0
18446.0 47985.0
19466.0 47641.0
19838.0 46741.0
20178.0 46115.0
20766.0 43878.0
24913.0 43653.0
28187.0 43275.0

16990.0 50725.0
17516.0 49716.0
17745.0 44579.0
18092.0 43604.0
18596.0 42925.0
20766.0 42660.0
24801.0 41544.0
27043.0 40716.0

16023.0 42375.0
16156.0 41932.0
16595.0 41700.0
16956.0 41589.0
16990.0 41423.0
17516.0 41191.0
18016.0 41128.0
18092.0 40466.0
18545.0 40444.0
18596.0 40337.0
19912.0 40313.0
21266.0 40310.0
21342.0 40064.0
21708.0 39975.0
24516.0 39972.0
24592.0 39915.0
24820.0 39865.0
25513.0 39758.0
27894.0 39757.0
28687.0 39754.0
28763.0 39631.0
31937.0 39629.0
32013.0 39572.0
32934.0 39511.0
36108.0 39508.0
36184.0 39385.0
39358.0 39382.0
39434.0 39326.0
40355.0 39278.0
43605.0 39152.0
46855.0 39093.0
50029.0 39090.0
54276.0 39011.0

16023.0 42757.0
16515.0 41267.0
16595.0 41035.0
17095.0 40972.0
17171.0 40768.0
18092.0 40466.0
18545.0 40444.0
18596.0 40337.0
19912.0 40313.0
21266.0 40312.0
21342.0 40128.0
21657.0 40106.0
21708.0 40039.0
24516.0 39996.0
24592.0 39916.0
24820.0 39865.0
25513.0 39847.0
28763.0 39678.0
32013.0 39619.0
32934.0 39565.0
36184.0 39410.0
39434.0 39364.0

16023.0 42757.0
16515.0 41267.0
16595.0 41035.0
17095.0 40954.0
17171.0 40768.0
18092.0 40466.0
18545.0 40444.0
18596.0 40337.0
19912.0 40313.0
21266.0 40310.0
21342.0 40128.0
21657.0 40106.0
21708.0 40015.0
24516.0 39972.0
24592.0 39916.0
24820.0 39865.0
25513.0 39782.0
28763.0 39678.0
32013.0 39619.0
32934.0 39525.0
36184.0 39410.0
39434.0 39364.0

16023.0 42757.0
16515.0 41267.0
16595.0 41035.0
17095.0 40972.0
17171.0 40744.0
18092.0 40466.0
18545.0 40444.0
18596.0 40337.0
19912.0 40313.0
21266.0 40312.0
21342.0 40064.0
21708.0 39975.0
24516.0 39972.0
24592.0 39916.0
24820.0 39865.0
25513.0 39804.0
28763.0 39672.0
32013.0 39619.0
32934.0 39536.0
36184.0 39410.0
39434.0 39364.0
42684.0 39331.0
43605.0 39281.0

16023.0 42757.0
16515.0 41267.0
16595.0 41035.0
17095.0 40972.0
17171.0 40744.0
18092.0 40466.0
18545.0 40444.0
18596.0 40337.0
19912.0 40313.0
21266.0 40310.0
21342.0 40088.0
21708.0 39999.0
24516.0 39972.0
24592.0 39916.0
24820.0 39865.0
25513.0 39782.0
27894.0 39781.0
28763.0 39656.0
32013.0 39597.0
32934.0 39536.0
36108.0 39533.0
36184.0 39410.0
39434.0 39364.0

16023.0 42757.0
16515.0 41267.0
16595.0 41035.0
17095.0 40954.0
17171.0 40744.0
18092.0 40466.0
18545.0 40444.0
18596.0 40337.0
19912.0 40313.0
21266.0 40310.0
21342.0 40064.0
21708.0 39975.0
24516.0 39972.0
24592.0 39916.0
24820.0 39865.0
25513.0 39798.0
28763.0 39632.0
32013.0 39573.0
32934.0 39525.0
36108.0 39522.0
36184.0 39386.0
39434.0 39351.0
43605.0 39262.0

16023.0 42757.0
16515.0 41267.0
16595.0 41035.0
17095.0 40954.0
17171.0 40744.0
18092.0 40466.0
18545.0 40444.0
18596.0 40337.0
19912.0 40313.0
21266.0 40310.0
21342.0 40064.0
21708.0 39975.0
24516.0 39972.0
24592.0 39916.0
24820.0 39865.0
25513.0 39782.0
28763.0 39656.0
32013.0 39573.0
32934.0 39535.0
36108.0 39533.0
36184.0 39410.0
39434.0 39364.0

16023.0 42757.0
16156.0 42176.0
16515.0 41267.0
16595.0 41035.0
17095.0 40954.0
17171.0 40744.0
18092.0 40466.0
18545.0 40444.0
18596.0 40337.0
19912.0 40313.0
21266.0 40310.0
21342.0 40064.0
21708.0 39975.0
24516.0 39972.0
24592.0 39916.0
24820.0 39865.0
25513.0 39758.0
27894.0 39757.0
28763.0 39632.0
32013.0 39573.0
32934.0 39518.0
36184.0 39399.0
39434.0 39364.0

16023.0 42757.0
16515.0 41267.0
16595.0 41035.0
17095.0 40954.0
17171.0 40744.0
18092.0 40466.0
18545.0 40444.0
18596.0 40337.0
19912.0 40313.0
21266.0 40310.0
21342.0 40064.0
21708.0 39975.0
24516.0 39972.0
24592.0 39916.0
24820.0 39865.0
25513.0 39782.0
27894.0 39781.0
28763.0 39656.0
32013.0 39573.0
32934.0 39512.0
36184.0 39410.0
39434.0 39364.0

16023.0 42487.0
16156.0 42206.0
16515.0 41267.0
16595.0 41035.0
17095.0 40954.0
17171.0 40744.0
18092.0 40466.0
18545.0 40444.0
18596.0 40337.0
19912.0 40313.0
21266.0 40310.0
21342.0 40064.0
21708.0 39975.0
24516.0 39972.0
24592.0 39916.0
24820.0 39865.0
25513.0 39758.0
28763.0 39632.0
32013.0 39597.0
32934.0 39512.0
36184.0 39410.0
39434.0 39358.0
43605.0 39262.0

16023.0 42757.0
16515.0 41267.0
16595.0 41035.0
17095.0 40954.0
17171.0 40744.0
18092.0 40466.0
18545.0 40444.0
18596.0 40337.0
19912.0 40313.0
21266.0 40310.0
21342.0 40064.0
21708.0 39975.0
24516.0 39972.0
24592.0 39915.0
24820.0 39865.0
25513.0 39758.0
27894.0 39757.0
28687.0 39756.0
28763.0 39632.0
31937.0 39630.0
32013.0 39572.0
32934.0 39511.0
36108.0 39510.0
36184.0 39386.0
39434.0 39339.0
40355.0 39278.0
43605.0 39152.0
46855.0 39133.0
54276.0 39051.0


