16093.0 45407.0
16290.0 43323.0
16816.0 42545.0
16956.0 41896.0
16990.0 41481.0
17516.0 41249.0
18016.0 41156.0
18092.0 40496.0
18596.0 40337.0
19912.0 40313.0
21266.0 40310.0
21342.0 40064.0
21708.0 39975.0
24516.0 39972.0
24592.0 39916.0
24820.0 39865.0
25513.0 39804.0
27894.0 39803.0
28687.0 39801.0
28763.0 39631.0
32013.0 39596.0
32934.0 39511.0
36108.0 39508.0
36184.0 39385.0
39358.0 39382.0
39434.0 39327.0
40355.0 39279.0
43605.0 39153.0

15590.0 58349.0
16023.0 52805.0
16094.0 49651.0
16156.0 45676.0
16475.0 44608.0
16956.0 42449.0
18545.0 41871.0
19912.0 41533.0
21708.0 40937.0
24592.0 40645.0
29684.0 40633.0
32934.0 40468.0
36108.0 40093.0
39358.0 39962.0
63874.0 38972.0

17279.0 49496.0
17746.0 49244.0
18446.0 45524.0
21108.0 45257.0
22146.0 44531.0
30940.0 44294.0
35032.0 42524.0

17279.0 49496.0
17746.0 49244.0
17945.0 48958.0
18092.0 44125.0
22950.0 43967.0
24150.0 42877.0
28687.0 42291.0

16675.0 49504.0
16745.0 44224.0
16816.0 42758.0
16990.0 41536.0
17516.0 41182.0
17745.0 41162.0
18016.0 41083.0
18092.0 40466.0
18545.0 40444.0
18596.0 40337.0
19912.0 40313.0
21266.0 40310.0
21342.0 40064.0
21708.0 39975.0
24516.0 39972.0
24592.0 39915.0
25513.0 39758.0
27894.0 39757.0
28687.0 39754.0
28763.0 39631.0
31937.0 39628.0
32013.0 39572.0
32934.0 39511.0
36108.0 39508.0
36184.0 39385.0
39358.0 39382.0
39434.0 39326.0
40355.0 39278.0
43605.0 39152.0
46779.0 39149.0
46855.0 39093.0

16023.0 42383.0
16156.0 42102.0
16515.0 41382.0
16595.0 41144.0
17095.0 41087.0
17171.0 40744.0
18092.0 40466.0
18545.0 40444.0
18596.0 40337.0
19912.0 40313.0
21266.0 40310.0
21342.0 40104.0
21657.0 40082.0
21708.0 39975.0
24592.0 39916.0
24820.0 39865.0
25513.0 39758.0
28687.0 39755.0
28763.0 39632.0
32013.0 39573.0
32934.0 39535.0
36184.0 39410.0
46855.0 39359.0

16023.0 42383.0
16156.0 42102.0
16515.0 41382.0
16595.0 41144.0
17095.0 41087.0
17171.0 40744.0
18092.0 40466.0
18545.0 40444.0
18596.0 40337.0
19912.0 40313.0
21266.0 40310.0
21342.0 40104.0
21657.0 40082.0
21708.0 39975.0
24516.0 39972.0
24592.0 39916.0
24820.0 39865.0
25513.0 39758.0
28687.0 39755.0
28763.0 39632.0
32013.0 39573.0
32934.0 39535.0
36184.0 39410.0
46855.0 39359.0

16023.0 42383.0
16156.0 42102.0
16515.0 41382.0
16595.0 41053.0
17095.0 40954.0
17171.0 40744.0
18092.0 40466.0
18545.0 40444.0
18596.0 40337.0
19912.0 40313.0
21266.0 40310.0
21342.0 40104.0
21657.0 40082.0
21708.0 39975.0
24516.0 39972.0
24592.0 39916.0
24820.0 39865.0
25513.0 39758.0
27894.0 39757.0
28687.0 39754.0
28763.0 39632.0
31937.0 39631.0
32013.0 39573.0
32934.0 39535.0
36184.0 39399.0
39358.0 39396.0
39434.0 39390.0
43605.0 39328.0
46855.0 39308.0

16023.0 42383.0
16156.0 42102.0
16515.0 41382.0
16595.0 41144.0
17095.0 41045.0
17171.0 40744.0
18092.0 40466.0
18545.0 40444.0
18596.0 40337.0
19912.0 40313.0
21266.0 40310.0
21342.0 40104.0
21657.0 40082.0
21708.0 39975.0
24516.0 39972.0
24592.0 39916.0
24820.0 39865.0
25513.0 39758.0
27894.0 39757.0
28687.0 39754.0
28763.0 39631.0
31937.0 39629.0
32013.0 39573.0
32934.0 39535.0
36108.0 39511.0
36184.0 39399.0
39358.0 39396.0
39434.0 39350.0
42608.0 39349.0
43605.0 39328.0
46855.0 39268.0
50029.0 39244.0

16023.0 42383.0
16156.0 42102.0
16515.0 41382.0
16595.0 41144.0
17095.0 41069.0
17171.0 40744.0
18092.0 40466.0
18545.0 40444.0
18596.0 40337.0
19912.0 40313.0
21266.0 40310.0
21342.0 40104.0
21657.0 40082.0
21708.0 39975.0
24516.0 39972.0
24592.0 39916.0
24820.0 39865.0
25513.0 39758.0
28687.0 39755.0
28763.0 39631.0
31937.0 39629.0
32013.0 39573.0
32934.0 39525.0
36184.0 39410.0
40355.0 39319.0

16023.0 42383.0
16156.0 42102.0
16515.0 41382.0
16595.0 41144.0
17095.0 41087.0
17171.0 40744.0
18092.0 40466.0
18545.0 40444.0
18596.0 40337.0
19912.0 40313.0
21266.0 40310.0
21342.0 40104.0
21657.0 40082.0
21708.0 39975.0
24516.0 39972.0
24592.0 39916.0
24820.0 39865.0
25513.0 39758.0
28687.0 39755.0
28763.0 39632.0
31937.0 39629.0
32013.0 39573.0
32934.0 39535.0
36184.0 39410.0
43605.0 39328.0

16023.0 42383.0
16156.0 42102.0
16515.0 41267.0
16595.0 41035.0
17095.0 40954.0
17171.0 40744.0
18092.0 40466.0
18545.0 40444.0
18596.0 40337.0
19912.0 40313.0
21266.0 40310.0
21342.0 40064.0
21708.0 39975.0
24516.0 39972.0
24592.0 39915.0
24820.0 39865.0
25513.0 39758.0
27894.0 39757.0
28687.0 39754.0
28763.0 39632.0
31937.0 39628.0
32013.0 39572.0
32934.0 39525.0
36184.0 39399.0
39358.0 39396.0
39434.0 39340.0
43605.0 39328.0
46855.0 39284.0

16023.0 42383.0
16156.0 41946.0
16515.0 41382.0
16595.0 41144.0
17095.0 41087.0
17171.0 40744.0
18092.0 40466.0
18545.0 40444.0
18596.0 40337.0
19912.0 40313.0
21266.0 40310.0
21342.0 40104.0
21657.0 40082.0
21708.0 39975.0
24516.0 39972.0
24592.0 39916.0
24820.0 39865.0
25513.0 39758.0
28687.0 39755.0
28763.0 39632.0
31937.0 39629.0
32013.0 39573.0
32934.0 39535.0
36184.0 39410.0
43605.0 39328.0

16023.0 42383.0
16156.0 42102.0
16515.0 41382.0
16595.0 41053.0
17095.0 40954.0
17171.0 40744.0
18092.0 40466.0
18545.0 40444.0
18596.0 40337.0
19912.0 40313.0
21266.0 40310.0
21342.0 40064.0
21708.0 39975.0
24516.0 39972.0
24592.0 39915.0
24820.0 39865.0
25513.0 39758.0
27894.0 39757.0
28687.0 39755.0
28763.0 39632.0
31937.0 39629.0
32013.0 39572.0
32934.0 39525.0
36108.0 39524.0
36184.0 39399.0
39434.0 39340.0
43605.0 39328.0
46855.0 39284.0

16023.0 42383.0
16156.0 42102.0
16515.0 41267.0
16595.0 41035.0
17095.0 40954.0
17171.0 40744.0
18092.0 40466.0
18545.0 40444.0
18596.0 40337.0
19912.0 40313.0
21266.0 40310.0
21342.0 40064.0
21708.0 39975.0
24516.0 39972.0
24592.0 39916.0
24820.0 39865.0
25513.0 39758.0
27894.0 39757.0
28687.0 39754.0
28763.0 39632.0
31937.0 39628.0
32013.0 39573.0
32934.0 39512.0
36184.0 39386.0
39358.0 39383.0
39434.0 39327.0
42608.0 39324.0
42684.0 39322.0
43605.0 39177.0
51026.0 39111.0
54276.0 39053.0
57526.0 38994.0


