16816.0 42897.0
16990.0 41716.0
17516.0 41484.0
18016.0 41421.0
18092.0 40786.0
18545.0 40769.0
18596.0 40673.0
20766.0 40569.0
21342.0 40446.0
21708.0 40259.0
24801.0 40170.0
25513.0 40124.0
28687.0 40088.0

15590.0 54053.0
16023.0 48998.0
16515.0 45358.0
18446.0 44385.0
18615.0 43291.0
20766.0 42594.0
22263.0 42301.0
27266.0 40996.0
37105.0 40752.0
63874.0 38972.0

17145.0 51719.0
18092.0 49485.0
18615.0 49006.0
18623.0 48671.0
20387.0 47064.0
21657.0 46521.0
22263.0 44287.0
32358.0 44048.0
32934.0 42094.0

17145.0 51719.0
18148.0 49688.0
18922.0 48841.0
20742.0 46210.0
22263.0 44287.0
24937.0 43431.0

16571.0 42777.0
16816.0 42722.0
16990.0 41658.0
17516.0 41426.0
18016.0 41345.0
18092.0 40466.0
18545.0 40444.0
18596.0 40337.0
19912.0 40313.0
21266.0 40312.0
21342.0 40187.0
21708.0 40136.0
24516.0 40133.0
24592.0 40100.0
25513.0 39844.0
28763.0 39718.0
32934.0 39611.0

16023.0 46604.0
16156.0 45423.0
16419.0 44995.0
16495.0 44759.0
16515.0 41745.0
16595.0 41350.0
17095.0 41251.0
17516.0 41134.0
18016.0 41053.0
18092.0 40496.0
18545.0 40479.0
18596.0 40337.0
21266.0 40312.0
21342.0 40211.0
21708.0 40187.0
24516.0 39972.0
24801.0 39971.0
25513.0 39804.0
28763.0 39742.0
32934.0 39571.0
36184.0 39469.0
40355.0 39279.0

16023.0 46604.0
16156.0 45423.0
16419.0 44995.0
16495.0 44759.0
16515.0 41745.0
16595.0 41350.0
17095.0 41251.0
17516.0 41134.0
18016.0 41053.0
18092.0 40496.0
18545.0 40479.0
18596.0 40337.0
21266.0 40312.0
21342.0 40211.0
21708.0 40187.0
24440.0 40186.0
24516.0 39972.0
24801.0 39971.0
25513.0 39758.0
28763.0 39729.0
32934.0 39536.0
36184.0 39469.0
40355.0 39279.0

16023.0 46604.0
16156.0 45423.0
16419.0 44995.0
16495.0 44759.0
16515.0 41745.0
16595.0 41350.0
17095.0 41251.0
17516.0 41134.0
18016.0 41053.0
18092.0 40496.0
18545.0 40479.0
18596.0 40337.0
21266.0 40312.0
21342.0 40211.0
21708.0 39975.0
24516.0 39972.0
24592.0 39940.0
25513.0 39758.0
28763.0 39632.0
32934.0 39536.0
36184.0 39469.0
40355.0 39279.0

16023.0 46604.0
16156.0 45423.0
16419.0 44995.0
16495.0 44759.0
16515.0 41745.0
16595.0 41350.0
17095.0 41251.0
17516.0 41134.0
18016.0 41053.0
18092.0 40496.0
18545.0 40479.0
18596.0 40337.0
21266.0 40312.0
21342.0 40211.0
21708.0 39975.0
24516.0 39972.0
24801.0 39971.0
25513.0 39758.0
28763.0 39632.0
32934.0 39536.0
36184.0 39469.0
40355.0 39279.0

16023.0 46604.0
16156.0 43165.0
16515.0 41745.0
16595.0 41350.0
17095.0 41251.0
17516.0 41134.0
18016.0 41053.0
18092.0 40496.0
18545.0 40479.0
18596.0 40337.0
21266.0 40312.0
21342.0 40211.0
21708.0 39999.0
24516.0 39972.0
24801.0 39971.0
25513.0 39782.0
28763.0 39656.0
32934.0 39536.0
36184.0 39469.0
40355.0 39279.0

16023.0 46604.0
16156.0 45423.0
16419.0 44995.0
16495.0 44759.0
16515.0 41745.0
16595.0 41350.0
17095.0 41251.0
17516.0 41134.0
18016.0 41053.0
18092.0 40496.0
18545.0 40479.0
18596.0 40337.0
21266.0 40312.0
21342.0 40211.0
21708.0 39975.0
24516.0 39972.0
24801.0 39971.0
25513.0 39758.0
28763.0 39632.0
32934.0 39525.0
36184.0 39469.0
40355.0 39279.0

16023.0 46604.0
16156.0 45423.0
16419.0 44995.0
16495.0 44759.0
16515.0 41654.0
16595.0 41259.0
17095.0 41160.0
17516.0 41134.0
18016.0 41053.0
18092.0 40466.0
18545.0 40449.0
18596.0 40337.0
19912.0 40313.0
21266.0 40312.0
21342.0 40064.0
21708.0 39975.0
24516.0 39972.0
24750.0 39946.0
25513.0 39758.0
28763.0 39721.0
32013.0 39679.0
32934.0 39525.0
36184.0 39469.0
40355.0 39279.0

16023.0 46604.0
16156.0 45423.0
16419.0 44995.0
16495.0 44759.0
16515.0 41745.0
16595.0 41350.0
17095.0 41251.0
17516.0 41134.0
18016.0 41053.0
18092.0 40496.0
18545.0 40479.0
18596.0 40337.0
21266.0 40312.0
21342.0 40211.0
21708.0 39975.0
24516.0 39972.0
24801.0 39971.0
25513.0 39758.0
28763.0 39632.0
32934.0 39525.0
36184.0 39469.0
40355.0 39279.0

16023.0 46604.0
16156.0 43165.0
16515.0 41745.0
16595.0 41350.0
17095.0 41251.0
17516.0 41134.0
18016.0 41053.0
18092.0 40496.0
18545.0 40479.0
18596.0 40337.0
21266.0 40312.0
21342.0 40088.0
21657.0 40071.0
21708.0 39999.0
24516.0 39972.0
24592.0 39923.0
25513.0 39782.0
28763.0 39639.0
32013.0 39597.0
32934.0 39532.0
36184.0 39469.0
40355.0 39279.0

16023.0 46604.0
16156.0 43165.0
16515.0 41745.0
16595.0 41350.0
17095.0 41251.0
17516.0 41134.0
18016.0 41053.0
18092.0 40496.0
18545.0 40479.0
18596.0 40337.0
21266.0 40312.0
21342.0 40194.0
21708.0 39975.0
24516.0 39972.0
24801.0 39971.0
25513.0 39782.0
27843.0 39765.0
28763.0 39639.0
32934.0 39532.0
36184.0 39393.0
40355.0 39279.0
43605.0 39177.0


