16023.0 49764.0
16093.0 46985.0
16290.0 44901.0
16745.0 44142.0
16816.0 42620.0
16990.0 41488.0
17516.0 41484.0
17745.0 41375.0
18016.0 41350.0
18092.0 40619.0
18596.0 40425.0
19912.0 40313.0
21342.0 40186.0
21708.0 39975.0
24516.0 39974.0
24592.0 39915.0
25513.0 39758.0
27894.0 39757.0
28763.0 39631.0
32013.0 39572.0
32934.0 39511.0
36108.0 39508.0
36184.0 39385.0
39434.0 39326.0
40355.0 39278.0
43605.0 39152.0
46779.0 39151.0
46855.0 39093.0

16023.0 49764.0
16094.0 48261.0
16515.0 44174.0
17923.0 43291.0
18092.0 42874.0
18104.0 42870.0
18615.0 41132.0
21638.0 40908.0
21708.0 40792.0
24750.0 40364.0
32934.0 39871.0
63874.0 38972.0

16023.0 49764.0
16515.0 46498.0
18148.0 44805.0
20857.0 44617.0
25010.0 43835.0

16023.0 49764.0
16515.0 46498.0
16956.0 44932.0
17977.0 44133.0
19112.0 42946.0
21689.0 40961.0
25513.0 40718.0

16023.0 46282.0
16075.0 45135.0
16290.0 43549.0
16475.0 43155.0
16816.0 41678.0
16956.0 41567.0
16990.0 41387.0
17516.0 41155.0
18016.0 41074.0
18092.0 40466.0
18545.0 40444.0
18596.0 40337.0
19912.0 40313.0
21266.0 40310.0
21342.0 40064.0
21708.0 39975.0
24516.0 39972.0
24592.0 39915.0
24820.0 39865.0
25513.0 39758.0
27894.0 39757.0
28687.0 39755.0
28763.0 39631.0
31937.0 39628.0
32013.0 39572.0
32934.0 39511.0
36184.0 39385.0
39358.0 39382.0
39434.0 39326.0
40355.0 39278.0
43605.0 39152.0
46855.0 39093.0

16023.0 42322.0
16156.0 41879.0
16595.0 41647.0
16956.0 41536.0
16990.0 41423.0
17516.0 41191.0
18016.0 41110.0
18092.0 40466.0
18545.0 40444.0
18596.0 40337.0
19912.0 40313.0
21266.0 40310.0
21342.0 40088.0
21708.0 39975.0
24516.0 39974.0
24592.0 39916.0
24820.0 39884.0
25513.0 39758.0
28763.0 39632.0
31937.0 39631.0
32013.0 39573.0
36184.0 39399.0
39434.0 39340.0

16023.0 42322.0
16156.0 41879.0
16595.0 41647.0
16956.0 41536.0
16990.0 41423.0
17516.0 41191.0
18016.0 41110.0
18092.0 40466.0
18545.0 40444.0
18596.0 40337.0
19912.0 40313.0
21266.0 40310.0
21342.0 40088.0
21708.0 39975.0
24516.0 39974.0
24592.0 39916.0
24820.0 39884.0
25513.0 39758.0
28687.0 39757.0
28763.0 39632.0
31937.0 39631.0
32013.0 39573.0
32934.0 39536.0
36184.0 39399.0
39434.0 39340.0

16023.0 42322.0
16156.0 41879.0
16515.0 41576.0
16519.0 41427.0
16595.0 41163.0
17171.0 40896.0
18092.0 40466.0
18545.0 40444.0
18596.0 40337.0
19912.0 40313.0
21266.0 40310.0
21342.0 40064.0
21708.0 39975.0
24516.0 39974.0
24592.0 39916.0
24820.0 39884.0
25513.0 39758.0
28687.0 39757.0
28763.0 39632.0
31937.0 39631.0
32013.0 39573.0
32934.0 39525.0
36184.0 39399.0
39434.0 39340.0

16023.0 42322.0
16156.0 41879.0
16595.0 41647.0
16956.0 41536.0
16990.0 41387.0
17516.0 41155.0
18016.0 41074.0
18092.0 40466.0
18545.0 40444.0
18596.0 40337.0
19912.0 40313.0
21266.0 40310.0
21342.0 40088.0
21657.0 40071.0
21708.0 39975.0
24516.0 39974.0
24592.0 39916.0
24820.0 39884.0
25513.0 39758.0
28763.0 39632.0
31937.0 39631.0
32013.0 39573.0
36184.0 39399.0
39434.0 39340.0

16023.0 42322.0
16156.0 41879.0
16595.0 41647.0
16956.0 41536.0
16990.0 41423.0
17516.0 41182.0
18016.0 41083.0
18092.0 40466.0
18545.0 40444.0
18596.0 40337.0
19912.0 40313.0
21266.0 40310.0
21342.0 40064.0
21708.0 39975.0
24516.0 39972.0
24592.0 39916.0
24820.0 39884.0
25513.0 39758.0
28687.0 39757.0
28763.0 39632.0
31937.0 39631.0
32013.0 39573.0
35187.0 39572.0
36184.0 39399.0
39434.0 39340.0

16023.0 42322.0
16156.0 41879.0
16595.0 41647.0
16956.0 41536.0
16990.0 41396.0
17516.0 41164.0
18016.0 41101.0
18092.0 40466.0
18545.0 40444.0
18596.0 40337.0
19912.0 40313.0
21266.0 40310.0
21342.0 40064.0
21708.0 39975.0
24516.0 39974.0
24592.0 39916.0
24820.0 39865.0
25513.0 39758.0
28687.0 39757.0
28763.0 39632.0
31937.0 39631.0
32013.0 39573.0
32934.0 39525.0
36184.0 39399.0
39434.0 39340.0
46855.0 39276.0

16023.0 42322.0
16156.0 41879.0
16515.0 41334.0
16595.0 41102.0
17095.0 41021.0
17171.0 40835.0
18092.0 40466.0
18545.0 40444.0
18596.0 40337.0
19912.0 40313.0
21266.0 40310.0
21342.0 40064.0
21708.0 39975.0
24516.0 39974.0
24592.0 39916.0
24820.0 39865.0
25513.0 39758.0
28687.0 39755.0
28763.0 39632.0
31937.0 39630.0
32013.0 39573.0
32934.0 39525.0
36108.0 39522.0
36184.0 39386.0
39434.0 39340.0
46855.0 39276.0

16023.0 42322.0
16156.0 41879.0
16595.0 41647.0
16956.0 41536.0
16990.0 41387.0
17516.0 41155.0
18016.0 41074.0
18092.0 40466.0
18545.0 40444.0
18596.0 40337.0
19912.0 40313.0
21266.0 40310.0
21342.0 40064.0
21708.0 39975.0
24516.0 39974.0
24592.0 39916.0
24820.0 39865.0
25513.0 39758.0
28687.0 39757.0
28763.0 39632.0
31937.0 39631.0
32013.0 39573.0
32934.0 39525.0
36184.0 39386.0
39434.0 39340.0
46855.0 39276.0

16023.0 42322.0
16156.0 41879.0
16595.0 41647.0
16956.0 41536.0
16990.0 41387.0
17516.0 41155.0
18016.0 41074.0
18092.0 40466.0
18545.0 40444.0
18596.0 40337.0
19912.0 40313.0
21266.0 40310.0
21342.0 40064.0
21708.0 39975.0
24516.0 39972.0
24592.0 39916.0
24820.0 39865.0
25513.0 39758.0
28687.0 39755.0
28763.0 39632.0
31937.0 39630.0
32013.0 39573.0
32934.0 39525.0
36108.0 39522.0
36184.0 39386.0
39434.0 39340.0
46855.0 39282.0

16023.0 42322.0
16156.0 41879.0
16515.0 41334.0
16595.0 41102.0
17095.0 41069.0
17171.0 40744.0
18092.0 40466.0
18545.0 40444.0
18596.0 40337.0
19912.0 40313.0
21266.0 40310.0
21342.0 40064.0
21708.0 39975.0
24516.0 39972.0
24592.0 39916.0
24820.0 39865.0
25513.0 39758.0
27894.0 39757.0
28687.0 39755.0
28763.0 39632.0
31937.0 39631.0
32013.0 39573.0
32934.0 39525.0
36184.0 39386.0
39434.0 39340.0
40355.0 39303.0
43605.0 39153.0
46855.0 39118.0


