15590.0 46739.0
16070.0 46416.0
16093.0 45349.0
16290.0 43265.0
16816.0 41765.0
16990.0 41474.0
17516.0 41182.0
18016.0 41083.0
18092.0 40619.0
18545.0 40602.0
18596.0 40425.0
19912.0 40401.0
21266.0 40398.0
21342.0 40064.0
21708.0 40063.0
24516.0 40060.0
24592.0 39915.0
25513.0 39846.0
28763.0 39631.0
32013.0 39572.0
35263.0 39537.0
36184.0 39474.0
39434.0 39326.0
46855.0 39093.0

15590.0 48172.0
16023.0 44807.0
17694.0 43757.0
18092.0 42113.0
20438.0 41539.0
21708.0 41339.0
25513.0 41147.0
31658.0 41027.0
63874.0 38972.0

17923.0 46998.0
20457.0 46853.0
20766.0 46565.0
21089.0 45848.0
22495.0 43768.0
23316.0 43704.0
45579.0 42978.0

17923.0 46998.0
17996.0 46182.0
18148.0 43464.0
19505.0 43151.0
21342.0 41750.0
24516.0 41455.0
31597.0 41264.0

16023.0 42436.0
16156.0 41946.0
16595.0 41707.0
16956.0 41540.0
16990.0 41387.0
17516.0 41155.0
18016.0 41092.0
18092.0 40624.0
18545.0 40602.0
18596.0 40495.0
18615.0 40463.0
19912.0 40439.0
20345.0 40436.0
20421.0 40403.0
21266.0 40340.0
21342.0 40064.0
21708.0 39975.0
24516.0 39972.0
24592.0 39915.0
24820.0 39865.0
25513.0 39758.0
27894.0 39757.0
28763.0 39632.0
31937.0 39631.0
32013.0 39572.0
32934.0 39512.0
36184.0 39386.0
39434.0 39326.0

16515.0 42178.0
16571.0 41718.0
16956.0 41634.0
17095.0 41015.0
17171.0 40768.0
18092.0 40466.0
18545.0 40444.0
18596.0 40337.0
19912.0 40313.0
21266.0 40312.0
21342.0 40064.0
21708.0 39975.0
24516.0 39974.0
24592.0 39916.0
24820.0 39865.0
25513.0 39758.0
28687.0 39757.0
28763.0 39632.0
31937.0 39629.0
32013.0 39573.0
32934.0 39536.0
36184.0 39393.0
39434.0 39380.0
43605.0 39153.0
46779.0 39150.0

16515.0 42178.0
16571.0 41718.0
16595.0 41035.0
17095.0 40954.0
17171.0 40768.0
18092.0 40466.0
18545.0 40444.0
18596.0 40337.0
19912.0 40313.0
21266.0 40310.0
21342.0 40064.0
21708.0 39975.0
24516.0 39974.0
24592.0 39916.0
24820.0 39865.0
25513.0 39758.0
28687.0 39757.0
28763.0 39632.0
31937.0 39629.0
32013.0 39573.0
32934.0 39536.0
36184.0 39393.0
39434.0 39380.0
43605.0 39153.0
46779.0 39150.0

16515.0 41473.0
16595.0 41035.0
17095.0 40954.0
17171.0 40768.0
18092.0 40466.0
18545.0 40444.0
18596.0 40337.0
19912.0 40313.0
21266.0 40310.0
21342.0 40064.0
21708.0 39975.0
24516.0 39972.0
24592.0 39916.0
24820.0 39865.0
25513.0 39758.0
28687.0 39757.0
28763.0 39632.0
31937.0 39629.0
32013.0 39573.0
32934.0 39536.0
36184.0 39386.0
39434.0 39380.0
43605.0 39153.0
46779.0 39150.0

16023.0 47632.0
16156.0 46568.0
16495.0 46273.0
16515.0 41267.0
16595.0 41035.0
17095.0 40954.0
17171.0 40768.0
18092.0 40466.0
18545.0 40444.0
18596.0 40337.0
19912.0 40313.0
21266.0 40310.0
21342.0 40064.0
21708.0 39975.0
24516.0 39972.0
24592.0 39916.0
24820.0 39865.0
25513.0 39758.0
28687.0 39755.0
28763.0 39632.0
31937.0 39629.0
32013.0 39573.0
32934.0 39525.0
36184.0 39393.0
39434.0 39380.0
43605.0 39153.0
46779.0 39150.0

16023.0 47632.0
16156.0 46568.0
16495.0 46273.0
16515.0 41267.0
16595.0 41035.0
17095.0 40954.0
17171.0 40768.0
18092.0 40466.0
18545.0 40444.0
18596.0 40337.0
19912.0 40313.0
21266.0 40310.0
21342.0 40064.0
21708.0 39975.0
24516.0 39972.0
24592.0 39916.0
24820.0 39865.0
25513.0 39758.0
28687.0 39755.0
28763.0 39632.0
31937.0 39629.0
32013.0 39573.0
32934.0 39512.0
36184.0 39393.0
39434.0 39327.0
40355.0 39279.0
43605.0 39153.0
46779.0 39150.0

16515.0 42178.0
16571.0 41718.0
16956.0 41634.0
16990.0 41481.0
17095.0 41015.0
17171.0 40768.0
18092.0 40466.0
18545.0 40444.0
18596.0 40337.0
19912.0 40313.0
21266.0 40310.0
21342.0 40064.0
21708.0 39975.0
24516.0 39972.0
24592.0 39916.0
24820.0 39865.0
25513.0 39758.0
28687.0 39755.0
28763.0 39632.0
31937.0 39629.0
32013.0 39573.0
32934.0 39525.0
36184.0 39386.0
39434.0 39380.0
42684.0 39291.0
43605.0 39153.0
46779.0 39150.0

16023.0 45666.0
16156.0 44602.0
16515.0 41267.0
16595.0 41035.0
17095.0 40954.0
17171.0 40768.0
18092.0 40466.0
18545.0 40444.0
18596.0 40337.0
19912.0 40313.0
21266.0 40310.0
21342.0 40064.0
21708.0 39975.0
24516.0 39972.0
24592.0 39916.0
24820.0 39865.0
25513.0 39758.0
28687.0 39755.0
28763.0 39632.0
31937.0 39629.0
32013.0 39573.0
32934.0 39519.0
36184.0 39386.0
39358.0 39383.0
39434.0 39327.0
42684.0 39291.0
43605.0 39153.0
46779.0 39150.0

16023.0 45666.0
16156.0 44602.0
16515.0 42178.0
16571.0 41718.0
16956.0 41540.0
16990.0 41387.0
17095.0 41015.0
17171.0 40768.0
18092.0 40466.0
18545.0 40444.0
18596.0 40337.0
19912.0 40313.0
21266.0 40310.0
21342.0 40064.0
21708.0 39975.0
24516.0 39972.0
24592.0 39916.0
24820.0 39865.0
25513.0 39758.0
28687.0 39755.0
28763.0 39632.0
31937.0 39629.0
32013.0 39573.0
32934.0 39525.0
36184.0 39386.0
39358.0 39383.0
39434.0 39380.0
42684.0 39291.0
43605.0 39153.0
46779.0 39150.0

16023.0 47400.0
16156.0 46336.0
16495.0 46273.0
16515.0 41267.0
16595.0 41035.0
17095.0 40954.0
17171.0 40768.0
18092.0 40466.0
18545.0 40444.0
18596.0 40337.0
19912.0 40313.0
21266.0 40310.0
21342.0 40064.0
21708.0 39975.0
24516.0 39972.0
24592.0 39916.0
24820.0 39865.0
25513.0 39758.0
28687.0 39755.0
28763.0 39632.0
31937.0 39629.0
32013.0 39573.0
32934.0 39519.0
36184.0 39386.0
39434.0 39327.0
42684.0 39291.0
43605.0 39153.0
46779.0 39150.0

16515.0 41267.0
16595.0 41035.0
17095.0 40954.0
17171.0 40768.0
18092.0 40466.0
18545.0 40444.0
18596.0 40337.0
19912.0 40313.0
21266.0 40310.0
21342.0 40064.0
21708.0 39975.0
24516.0 39972.0
24592.0 39916.0
24820.0 39865.0
25513.0 39758.0
27894.0 39757.0
28687.0 39755.0
28763.0 39632.0
31937.0 39629.0
32013.0 39573.0
32934.0 39519.0
36184.0 39386.0
39434.0 39327.0
40355.0 39279.0
43605.0 39153.0
46779.0 39149.0
46855.0 39094.0
50105.0 39058.0


