16093.0 45293.0
16290.0 43388.0
16816.0 42697.0
16990.0 41452.0
17516.0 41220.0
18016.0 41139.0
18092.0 40676.0
18545.0 40659.0
18596.0 40337.0
21266.0 40312.0
21342.0 40064.0
21708.0 39975.0
24592.0 39916.0
24820.0 39865.0
25513.0 39758.0
27894.0 39757.0
28763.0 39632.0
32013.0 39572.0
32934.0 39511.0
36108.0 39508.0
36184.0 39386.0
39358.0 39383.0
39434.0 39326.0
42684.0 39309.0
43605.0 39222.0
46855.0 39180.0

16023.0 45303.0
16990.0 42965.0
18016.0 42905.0
18092.0 42726.0
19466.0 42273.0
20066.0 41936.0
21342.0 41307.0
22263.0 40796.0
24820.0 40239.0
31937.0 39928.0
63874.0 38972.0

16816.0 47580.0
18922.0 44519.0
24516.0 43894.0
26466.0 43893.0
30136.0 43314.0
31437.0 41901.0

16816.0 47580.0
17492.0 47442.0
18615.0 43085.0
24913.0 42652.0
25513.0 42575.0
31437.0 41901.0
36184.0 41245.0

16745.0 44407.0
16816.0 42481.0
16871.0 42009.0
16990.0 41396.0
17516.0 41164.0
18016.0 41101.0
18092.0 40466.0
18596.0 40337.0
19912.0 40313.0
21266.0 40310.0
21342.0 40064.0
21708.0 39975.0
24516.0 39972.0
24592.0 39915.0
24820.0 39905.0
25513.0 39758.0
27894.0 39757.0
28687.0 39754.0
28763.0 39631.0
31937.0 39628.0
32013.0 39572.0
32934.0 39511.0
36108.0 39510.0
36184.0 39385.0
39358.0 39384.0
39434.0 39326.0
40355.0 39278.0
43605.0 39152.0
46779.0 39149.0
46855.0 39093.0
51026.0 39070.0
54200.0 39067.0

16023.0 47025.0
16515.0 42302.0
16571.0 42117.0
16595.0 41722.0
16816.0 41612.0
16990.0 41568.0
17171.0 40744.0
18092.0 40466.0
18545.0 40444.0
18596.0 40337.0
19912.0 40313.0
21266.0 40310.0
21342.0 40064.0
21708.0 39975.0
24516.0 39972.0
24592.0 39916.0
24820.0 39905.0
25513.0 39758.0
28687.0 39757.0
28763.0 39632.0
31937.0 39629.0
32013.0 39573.0
32934.0 39525.0
36108.0 39508.0
36184.0 39399.0
42608.0 39347.0

16023.0 47025.0
16515.0 42302.0
16571.0 42117.0
16595.0 41722.0
16816.0 41612.0
16990.0 41568.0
17171.0 40744.0
18092.0 40466.0
18545.0 40444.0
18596.0 40337.0
19912.0 40313.0
21266.0 40310.0
21342.0 40064.0
21708.0 39975.0
24516.0 39972.0
24592.0 39916.0
24820.0 39865.0
25513.0 39758.0
28687.0 39757.0
28763.0 39632.0
31937.0 39629.0
32013.0 39573.0
32934.0 39525.0
36108.0 39508.0
36184.0 39386.0
42608.0 39347.0
43605.0 39244.0

16023.0 45428.0
16156.0 44364.0
16515.0 41448.0
16595.0 41053.0
17095.0 40954.0
17171.0 40744.0
18092.0 40466.0
18545.0 40444.0
18596.0 40337.0
19912.0 40313.0
21266.0 40310.0
21342.0 40064.0
21708.0 39975.0
24516.0 39972.0
24592.0 39916.0
24820.0 39865.0
25513.0 39758.0
27894.0 39757.0
28763.0 39632.0
31937.0 39629.0
32013.0 39573.0
32934.0 39511.0
36108.0 39508.0
36184.0 39399.0
39358.0 39398.0
42608.0 39347.0
43605.0 39317.0

16023.0 47025.0
16515.0 42249.0
16571.0 42117.0
16595.0 41722.0
16816.0 41366.0
17171.0 40744.0
18092.0 40466.0
18545.0 40444.0
18596.0 40337.0
19912.0 40313.0
21266.0 40310.0
21342.0 40064.0
21708.0 39975.0
24516.0 39972.0
24592.0 39916.0
24820.0 39889.0
25513.0 39758.0
28687.0 39757.0
28763.0 39632.0
31937.0 39629.0
32013.0 39573.0
32934.0 39525.0
36108.0 39508.0
36184.0 39399.0
42608.0 39347.0

16023.0 47025.0
16156.0 46407.0
16256.0 44026.0
16495.0 43963.0
16515.0 42270.0
16519.0 42208.0
16571.0 41792.0
16595.0 41722.0
16816.0 41547.0
16956.0 41540.0
16990.0 41387.0
17171.0 40744.0
18092.0 40466.0
18545.0 40444.0
18596.0 40337.0
19912.0 40313.0
21266.0 40310.0
21342.0 40064.0
21708.0 39975.0
24516.0 39972.0
24592.0 39915.0
24820.0 39905.0
25513.0 39758.0
27894.0 39757.0
28687.0 39754.0
28763.0 39632.0
31937.0 39629.0
32013.0 39573.0
32934.0 39511.0
36108.0 39508.0
36184.0 39386.0
39434.0 39350.0
42608.0 39347.0

16023.0 47025.0
16515.0 42302.0
16571.0 42117.0
16595.0 41722.0
16816.0 41612.0
16990.0 41568.0
17171.0 40744.0
18092.0 40466.0
18545.0 40444.0
18596.0 40337.0
19912.0 40313.0
21266.0 40310.0
21342.0 40064.0
21708.0 39975.0
24516.0 39972.0
24592.0 39916.0
24820.0 39865.0
25513.0 39758.0
28687.0 39757.0
28763.0 39632.0
31937.0 39629.0
32013.0 39573.0
32934.0 39511.0
36108.0 39508.0
36184.0 39399.0
39434.0 39340.0
40355.0 39303.0
42684.0 39291.0
43605.0 39244.0

16023.0 47025.0
16156.0 46744.0
16515.0 41515.0
16595.0 41120.0
17095.0 41021.0
17171.0 40744.0
18092.0 40466.0
18545.0 40444.0
18596.0 40337.0
19912.0 40313.0
21266.0 40310.0
21342.0 40064.0
21708.0 39975.0
24516.0 39972.0
24592.0 39915.0
24820.0 39865.0
25513.0 39758.0
27894.0 39757.0
28763.0 39631.0
31937.0 39629.0
32013.0 39572.0
32934.0 39511.0
36108.0 39508.0
36184.0 39386.0
39434.0 39340.0
40355.0 39303.0
43605.0 39244.0

16023.0 47025.0
16515.0 42249.0
16571.0 42117.0
16595.0 41722.0
16816.0 41366.0
17171.0 40744.0
18092.0 40466.0
18545.0 40444.0
18596.0 40337.0
19912.0 40313.0
21266.0 40310.0
21342.0 40064.0
21708.0 39975.0
24516.0 39972.0
24592.0 39916.0
24820.0 39865.0
25513.0 39758.0
27894.0 39757.0
28763.0 39632.0
31937.0 39629.0
32013.0 39573.0
32934.0 39511.0
36108.0 39508.0
36184.0 39386.0
39434.0 39340.0
40355.0 39303.0
43605.0 39244.0

16023.0 47025.0
16156.0 46407.0
16495.0 44968.0
16515.0 41267.0
16595.0 41035.0
17095.0 40954.0
17171.0 40744.0
18092.0 40466.0
18545.0 40444.0
18596.0 40337.0
19912.0 40313.0
21266.0 40310.0
21342.0 40064.0
21708.0 39975.0
24516.0 39972.0
24592.0 39915.0
24820.0 39865.0
25513.0 39758.0
27894.0 39757.0
28687.0 39756.0
28763.0 39631.0
31937.0 39629.0
32013.0 39572.0
32934.0 39511.0
36108.0 39508.0
36184.0 39386.0
39434.0 39340.0
40355.0 39302.0
42684.0 39291.0
43605.0 39243.0

16023.0 42405.0
16156.0 41962.0
16515.0 41448.0
16595.0 41053.0
17095.0 40954.0
17171.0 40744.0
18092.0 40466.0
18545.0 40444.0
18596.0 40337.0
19912.0 40313.0
21266.0 40310.0
21342.0 40064.0
21708.0 39975.0
24516.0 39972.0
24592.0 39915.0
24820.0 39884.0
25513.0 39758.0
28687.0 39755.0
28763.0 39632.0
31937.0 39629.0
32013.0 39573.0
32934.0 39511.0
36108.0 39508.0
36184.0 39385.0
39434.0 39340.0
40355.0 39279.0
43605.0 39153.0
46779.0 39150.0
46855.0 39094.0
51026.0 39071.0


