16816.0 42756.0
16956.0 42495.0
16990.0 41568.0
17516.0 41173.0
18016.0 41074.0
18092.0 40646.0
18545.0 40629.0
18596.0 40337.0
19912.0 40313.0
21266.0 40310.0
21342.0 40064.0
21708.0 39975.0
24516.0 39972.0
24592.0 39915.0
24820.0 39865.0
25513.0 39758.0
27894.0 39757.0
28687.0 39755.0
28763.0 39631.0
32013.0 39572.0
32934.0 39512.0
36184.0 39385.0
39434.0 39326.0
43605.0 39152.0
46855.0 39093.0
54276.0 39011.0

16023.0 56104.0
16136.0 50983.0
16290.0 49640.0
16515.0 46493.0
16816.0 45963.0
16956.0 45281.0
17969.0 44757.0
18092.0 44357.0
18569.0 44131.0
18596.0 43666.0
18615.0 41334.0
24820.0 41278.0
27043.0 41233.0
28687.0 40939.0
36108.0 40780.0
63874.0 38972.0

17279.0 53276.0
18092.0 51047.0
18545.0 46880.0
20838.0 45814.0
22263.0 45529.0
23416.0 44023.0
25513.0 44020.0

17279.0 53276.0
18056.0 52033.0
18092.0 51047.0
18148.0 48782.0
18545.0 46880.0
18922.0 45707.0
21638.0 43455.0
29684.0 43438.0
32934.0 41917.0

16816.0 41678.0
16956.0 41567.0
16990.0 41387.0
17516.0 41155.0
18016.0 41092.0
18092.0 40646.0
18545.0 40629.0
18596.0 40337.0
19912.0 40313.0
21266.0 40310.0
21342.0 40064.0
21708.0 39975.0
24516.0 39972.0
24592.0 39915.0
24820.0 39865.0
25513.0 39758.0
27894.0 39757.0
28687.0 39755.0
28763.0 39631.0
31937.0 39628.0
32013.0 39572.0
32934.0 39511.0
36108.0 39508.0
36184.0 39385.0
39434.0 39326.0
40355.0 39278.0
43605.0 39152.0
46855.0 39093.0

16023.0 43063.0
16156.0 41999.0
16515.0 41539.0
16595.0 41144.0
17095.0 41045.0
17171.0 40744.0
18092.0 40466.0
18545.0 40444.0
18596.0 40337.0
19912.0 40313.0
21266.0 40310.0
21342.0 40064.0
21708.0 39975.0
24516.0 39972.0
24592.0 39939.0
24820.0 39884.0
25513.0 39758.0
27894.0 39757.0
28763.0 39631.0
32013.0 39572.0
32934.0 39532.0
36184.0 39399.0
39434.0 39367.0
46855.0 39362.0
50105.0 39319.0

16023.0 43063.0
16156.0 41999.0
16515.0 41539.0
16595.0 41144.0
17095.0 41045.0
17171.0 40744.0
18092.0 40466.0
18545.0 40444.0
18596.0 40337.0
19912.0 40313.0
21266.0 40310.0
21342.0 40064.0
21708.0 39975.0
24516.0 39972.0
24592.0 39915.0
24820.0 39884.0
25513.0 39758.0
27894.0 39757.0
28763.0 39631.0
32013.0 39572.0
32934.0 39525.0
36108.0 39521.0
36184.0 39398.0
39434.0 39367.0
43605.0 39316.0

16023.0 42442.0
16156.0 41932.0
16515.0 41448.0
16595.0 41144.0
17095.0 41045.0
17171.0 40744.0
18092.0 40466.0
18545.0 40444.0
18596.0 40337.0
19912.0 40313.0
21266.0 40310.0
21342.0 40064.0
21708.0 39975.0
24516.0 39972.0
24592.0 39915.0
24820.0 39865.0
25513.0 39758.0
27894.0 39757.0
28763.0 39631.0
32013.0 39572.0
32934.0 39532.0
36184.0 39399.0
39434.0 39367.0
46855.0 39362.0
50105.0 39319.0

16023.0 42996.0
16156.0 41932.0
16515.0 41509.0
16595.0 41114.0
17095.0 41015.0
17171.0 40744.0
18092.0 40466.0
18545.0 40444.0
18596.0 40337.0
19912.0 40313.0
21266.0 40310.0
21342.0 40064.0
21708.0 39975.0
24516.0 39972.0
24592.0 39916.0
24820.0 39865.0
25513.0 39758.0
27894.0 39757.0
28763.0 39631.0
32013.0 39572.0
32934.0 39532.0
36184.0 39399.0
39434.0 39367.0
46855.0 39355.0
50105.0 39319.0

16023.0 42442.0
16156.0 41999.0
16515.0 41382.0
16595.0 41144.0
17095.0 41045.0
17171.0 40744.0
18092.0 40466.0
18545.0 40444.0
18596.0 40337.0
19912.0 40313.0
21266.0 40310.0
21342.0 40064.0
21708.0 39975.0
24516.0 39972.0
24592.0 39915.0
24820.0 39865.0
25513.0 39758.0
27894.0 39757.0
28763.0 39631.0
32013.0 39572.0
32934.0 39525.0
36184.0 39399.0
39434.0 39327.0
50105.0 39319.0

16023.0 42996.0
16156.0 41932.0
16515.0 41539.0
16595.0 41144.0
17095.0 41045.0
17171.0 40744.0
18092.0 40466.0
18545.0 40444.0
18596.0 40337.0
19912.0 40313.0
21266.0 40310.0
21342.0 40064.0
21708.0 39975.0
24516.0 39972.0
24592.0 39915.0
24820.0 39865.0
25513.0 39758.0
27894.0 39757.0
28763.0 39631.0
32013.0 39572.0
32934.0 39532.0
36184.0 39385.0
39434.0 39326.0
46855.0 39244.0

16023.0 42996.0
16156.0 41932.0
16515.0 41448.0
16595.0 41144.0
17095.0 41045.0
17171.0 40744.0
18092.0 40466.0
18545.0 40444.0
18596.0 40337.0
19912.0 40313.0
21266.0 40310.0
21342.0 40064.0
21708.0 39975.0
24516.0 39972.0
24592.0 39915.0
24820.0 39865.0
25513.0 39758.0
27894.0 39757.0
28763.0 39631.0
32013.0 39572.0
32934.0 39512.0
36184.0 39385.0
39434.0 39326.0
40355.0 39303.0
46855.0 39244.0

16023.0 42996.0
16156.0 41932.0
16515.0 41448.0
16595.0 41053.0
17095.0 40954.0
17171.0 40744.0
18092.0 40466.0
18545.0 40444.0
18596.0 40337.0
19912.0 40313.0
21266.0 40310.0
21342.0 40064.0
21708.0 39975.0
24516.0 39972.0
24592.0 39915.0
24820.0 39865.0
25513.0 39758.0
27894.0 39757.0
28763.0 39631.0
32013.0 39572.0
32934.0 39532.0
36184.0 39385.0
39434.0 39326.0
46855.0 39244.0

16023.0 42375.0
16156.0 41932.0
16515.0 41382.0
16595.0 41144.0
17095.0 41045.0
17171.0 40744.0
18092.0 40466.0
18545.0 40444.0
18596.0 40337.0
19912.0 40313.0
21266.0 40310.0
21342.0 40064.0
21708.0 39975.0
24516.0 39972.0
24592.0 39915.0
24820.0 39865.0
25513.0 39758.0
27894.0 39757.0
28763.0 39631.0
31937.0 39629.0
32013.0 39572.0
32934.0 39532.0
36184.0 39385.0
39434.0 39326.0
40355.0 39303.0
46855.0 39244.0

16023.0 42996.0
16156.0 41932.0
16515.0 41382.0
16595.0 41053.0
17095.0 40954.0
17171.0 40744.0
18092.0 40466.0
18545.0 40444.0
18596.0 40337.0
19912.0 40313.0
21266.0 40310.0
21342.0 40064.0
21708.0 39975.0
24516.0 39972.0
24592.0 39915.0
24820.0 39865.0
25513.0 39758.0
27894.0 39757.0
28763.0 39631.0
32013.0 39572.0
32934.0 39532.0
36108.0 39511.0
36184.0 39385.0
39434.0 39326.0
40355.0 39303.0
43605.0 39153.0
46855.0 39093.0
54276.0 39011.0
57450.0 39010.0
57526.0 38976.0


