16566.0 55329.0
16571.0 42752.0
16816.0 41716.0
16956.0 41540.0
16990.0 41387.0
17516.0 41155.0
18016.0 41092.0
18092.0 40606.0
18545.0 40584.0
18596.0 40353.0
19912.0 40313.0
21266.0 40310.0
21342.0 40064.0
21708.0 39975.0
24516.0 39972.0
24592.0 39916.0
24820.0 39865.0
25513.0 39758.0
27894.0 39757.0
28763.0 39631.0
32013.0 39573.0
32934.0 39525.0
36108.0 39515.0
36184.0 39385.0
39434.0 39340.0
40355.0 39325.0
43529.0 39282.0
43605.0 39152.0

16023.0 50498.0
16156.0 45008.0
16595.0 43276.0
17345.0 43066.0
17745.0 42543.0
18092.0 42087.0
21342.0 41604.0
21708.0 41543.0
25513.0 41399.0
28187.0 41095.0
28763.0 40609.0
29684.0 40356.0
63874.0 38972.0

17647.0 54243.0
17713.0 53682.0
17745.0 48480.0
18122.0 48285.0
18671.0 48124.0
19471.0 47324.0
20438.0 46677.0
20961.0 45328.0
25513.0 43885.0
33248.0 42231.0

16566.0 55329.0
16571.0 49858.0
17745.0 48480.0
18122.0 48285.0
18545.0 45751.0
20742.0 43874.0
23992.0 43176.0
27062.0 42611.0
33248.0 42231.0
38834.0 41769.0

15590.0 46177.0
16070.0 45662.0
16093.0 44440.0
16290.0 43259.0
16816.0 41681.0
16956.0 41570.0
16990.0 41387.0
17516.0 41155.0
18016.0 41092.0
18092.0 40466.0
18545.0 40444.0
18596.0 40377.0
21266.0 40352.0
21342.0 40064.0
21708.0 39975.0
24516.0 39972.0
24592.0 39915.0
24820.0 39865.0
25513.0 39758.0
27894.0 39757.0
28687.0 39754.0
28763.0 39631.0
31937.0 39628.0
32013.0 39572.0
32934.0 39511.0
36108.0 39510.0
36184.0 39385.0
39358.0 39382.0
39434.0 39326.0
40355.0 39278.0
43605.0 39152.0
46779.0 39149.0
46855.0 39093.0
51026.0 39071.0
54276.0 39035.0

16515.0 41267.0
16595.0 41035.0
17095.0 40954.0
17171.0 40744.0
18092.0 40466.0
18545.0 40449.0
18596.0 40337.0
19912.0 40313.0
21266.0 40312.0
21342.0 40088.0
21708.0 39975.0
24592.0 39939.0
25513.0 39758.0
28763.0 39632.0
32934.0 39536.0

16515.0 41267.0
16595.0 41035.0
17095.0 40954.0
17171.0 40744.0
18092.0 40466.0
18545.0 40449.0
18596.0 40337.0
19912.0 40313.0
21266.0 40312.0
21342.0 40064.0
21708.0 39975.0
24516.0 39974.0
24592.0 39939.0
25513.0 39758.0
28763.0 39632.0
31937.0 39631.0
32934.0 39512.0
36108.0 39511.0
36184.0 39488.0

16515.0 41267.0
16595.0 41035.0
17095.0 40954.0
17171.0 40744.0
18092.0 40466.0
18545.0 40444.0
18596.0 40337.0
19912.0 40313.0
21266.0 40310.0
21342.0 40064.0
21708.0 39975.0
24516.0 39974.0
24592.0 39939.0
25513.0 39758.0
28763.0 39632.0
31937.0 39631.0
32013.0 39597.0
32934.0 39512.0
36108.0 39511.0
36184.0 39410.0

16515.0 41267.0
16595.0 41035.0
17095.0 40954.0
17171.0 40744.0
18092.0 40466.0
18545.0 40444.0
18596.0 40337.0
19912.0 40313.0
21266.0 40310.0
21342.0 40064.0
21708.0 39975.0
24516.0 39974.0
24592.0 39939.0
25513.0 39758.0
28763.0 39632.0
31937.0 39631.0
32013.0 39597.0
32934.0 39512.0
36108.0 39511.0
36184.0 39410.0

16515.0 41267.0
16595.0 41035.0
17095.0 40954.0
17171.0 40744.0
18092.0 40466.0
18545.0 40444.0
18596.0 40337.0
19912.0 40313.0
21266.0 40310.0
21342.0 40064.0
21708.0 39975.0
24516.0 39974.0
24592.0 39939.0
25513.0 39758.0
28763.0 39632.0
32013.0 39573.0
32934.0 39525.0
36184.0 39386.0
40355.0 39279.0

16023.0 44757.0
16256.0 44203.0
16515.0 41267.0
16595.0 41035.0
17095.0 40954.0
17171.0 40744.0
18092.0 40466.0
18545.0 40444.0
18596.0 40337.0
19912.0 40313.0
21266.0 40312.0
21342.0 40064.0
21708.0 39975.0
24516.0 39974.0
24592.0 39939.0
25513.0 39758.0
28763.0 39632.0
32934.0 39536.0
36184.0 39488.0

16515.0 41267.0
16595.0 41035.0
17095.0 40954.0
17171.0 40744.0
18092.0 40466.0
18545.0 40444.0
18596.0 40337.0
19912.0 40313.0
21266.0 40312.0
21342.0 40064.0
21708.0 39975.0
24516.0 39974.0
24592.0 39916.0
25513.0 39758.0
28763.0 39632.0
31937.0 39631.0
32934.0 39512.0
36108.0 39511.0
36184.0 39386.0

16515.0 41267.0
16595.0 41035.0
17095.0 40954.0
17171.0 40744.0
18092.0 40466.0
18545.0 40444.0
18596.0 40337.0
19912.0 40313.0
21266.0 40310.0
21342.0 40064.0
21708.0 39975.0
24516.0 39974.0
24592.0 39916.0
25513.0 39758.0
28763.0 39632.0
31937.0 39631.0
32934.0 39512.0
36108.0 39511.0
36184.0 39386.0

16515.0 41267.0
16595.0 41035.0
17095.0 40954.0
17171.0 40744.0
18092.0 40466.0
18545.0 40444.0
18596.0 40337.0
19912.0 40313.0
21266.0 40310.0
21342.0 40064.0
21708.0 39975.0
24516.0 39972.0
24592.0 39916.0
25513.0 39758.0
28687.0 39757.0
28763.0 39632.0
31937.0 39631.0
32013.0 39573.0
32934.0 39512.0
36108.0 39511.0
36184.0 39386.0
39434.0 39363.0

16515.0 41267.0
16595.0 41035.0
17095.0 40954.0
17171.0 40744.0
18092.0 40466.0
18545.0 40444.0
18596.0 40337.0
19912.0 40313.0
21266.0 40310.0
21342.0 40064.0
21708.0 39975.0
24516.0 39972.0
24592.0 39915.0
24820.0 39865.0
25513.0 39758.0
28687.0 39757.0
28763.0 39631.0
32013.0 39573.0
32934.0 39512.0
36108.0 39509.0
36184.0 39386.0
39358.0 39383.0
39434.0 39327.0
43605.0 39177.0


