16515.0 42588.0
16816.0 41630.0
17516.0 41398.0
17745.0 41259.0
18016.0 41140.0
18092.0 40676.0
18545.0 40659.0
18596.0 40337.0
19912.0 40313.0
21342.0 40064.0
21708.0 39975.0
24592.0 39916.0
24820.0 39884.0
25513.0 39758.0
27894.0 39757.0
28763.0 39632.0
32013.0 39573.0
32934.0 39512.0
36108.0 39511.0
36184.0 39399.0
39434.0 39327.0
40355.0 39279.0
43605.0 39153.0
46855.0 39094.0
50029.0 39093.0

15590.0 52244.0
16023.0 47873.0
16515.0 46843.0
16816.0 42686.0
18596.0 42090.0
20742.0 42029.0
23931.0 41761.0
24592.0 41385.0
25437.0 41146.0
28763.0 40994.0
38158.0 40868.0
63874.0 38972.0

17492.0 59667.0
17996.0 49225.0
18922.0 47532.0
19269.0 45922.0
21795.0 45719.0
22263.0 43372.0
25437.0 41932.0

17396.0 50738.0
17996.0 49225.0
18615.0 46002.0
19269.0 45922.0
21795.0 45719.0
22263.0 43143.0
24592.0 41385.0

16515.0 41631.0
16595.0 41399.0
17095.0 41318.0
17171.0 41055.0
17745.0 41038.0
18092.0 40466.0
18545.0 40444.0
18596.0 40337.0
19912.0 40313.0
21266.0 40310.0
21342.0 40064.0
21708.0 39975.0
24516.0 39972.0
24592.0 39915.0
24820.0 39865.0
25513.0 39758.0
27894.0 39757.0
28687.0 39756.0
28763.0 39631.0
31937.0 39630.0
32013.0 39572.0
32934.0 39511.0
36108.0 39510.0
36184.0 39385.0
39434.0 39327.0
40355.0 39278.0
43529.0 39277.0
43605.0 39153.0
46855.0 39094.0

16290.0 48551.0
16480.0 46826.0
16494.0 45882.0
16515.0 41334.0
16595.0 41102.0
17095.0 41039.0
18092.0 40466.0
18545.0 40444.0
18596.0 40337.0
19912.0 40313.0
21266.0 40310.0
21342.0 40064.0
21708.0 39975.0
24516.0 39974.0
24592.0 39915.0
25513.0 39782.0
27894.0 39781.0
28763.0 39632.0
32013.0 39572.0
32934.0 39525.0
36184.0 39399.0
43605.0 39384.0

16290.0 48551.0
16480.0 46826.0
16494.0 45882.0
16515.0 41334.0
16595.0 41102.0
17095.0 41039.0
18092.0 40466.0
18545.0 40444.0
18596.0 40337.0
19912.0 40313.0
21266.0 40310.0
21342.0 40064.0
21708.0 39975.0
24516.0 39972.0
24592.0 39915.0
25513.0 39758.0
28763.0 39632.0
32013.0 39572.0
32934.0 39525.0
36184.0 39399.0
43605.0 39384.0

16290.0 48551.0
16480.0 46826.0
16494.0 45882.0
16515.0 41334.0
16595.0 41102.0
17095.0 41039.0
17171.0 40835.0
18092.0 40466.0
18545.0 40444.0
18596.0 40337.0
19912.0 40313.0
21266.0 40310.0
21342.0 40064.0
21708.0 39975.0
24516.0 39974.0
24592.0 39915.0
24820.0 39865.0
25513.0 39758.0
28687.0 39757.0
28763.0 39632.0
32013.0 39572.0
32934.0 39525.0
36184.0 39399.0
43605.0 39384.0

16290.0 48551.0
16480.0 46826.0
16494.0 45882.0
16515.0 41334.0
16595.0 41102.0
17095.0 41039.0
17171.0 40744.0
18092.0 40466.0
18545.0 40444.0
18596.0 40337.0
19912.0 40313.0
21266.0 40310.0
21342.0 40064.0
21708.0 39975.0
24516.0 39974.0
24592.0 39915.0
25513.0 39782.0
27894.0 39781.0
28763.0 39632.0
31937.0 39631.0
32013.0 39572.0
32934.0 39525.0
36108.0 39524.0
36184.0 39399.0
39358.0 39398.0
43605.0 39384.0

16023.0 49997.0
16290.0 48551.0
16480.0 46826.0
16494.0 45882.0
16515.0 41334.0
16595.0 41102.0
17095.0 41039.0
17171.0 40744.0
18092.0 40466.0
18545.0 40444.0
18596.0 40337.0
19912.0 40313.0
21266.0 40310.0
21342.0 40064.0
21708.0 39975.0
24516.0 39974.0
24592.0 39915.0
24820.0 39865.0
25513.0 39758.0
28763.0 39632.0
31937.0 39631.0
32013.0 39572.0
32934.0 39525.0
36184.0 39399.0
43605.0 39384.0

16290.0 48551.0
16480.0 46826.0
16494.0 45882.0
16515.0 41334.0
16595.0 41102.0
17095.0 41039.0
18092.0 40466.0
18545.0 40444.0
18596.0 40337.0
19912.0 40313.0
21266.0 40310.0
21342.0 40064.0
21708.0 39975.0
24516.0 39972.0
24592.0 39915.0
25513.0 39782.0
27894.0 39781.0
28763.0 39632.0
32013.0 39572.0
32934.0 39525.0
36184.0 39399.0
43605.0 39384.0

16290.0 48551.0
16480.0 46826.0
16494.0 45882.0
16515.0 41334.0
16595.0 41102.0
17095.0 41039.0
17171.0 40744.0
18092.0 40466.0
18545.0 40444.0
18596.0 40337.0
19912.0 40313.0
21266.0 40310.0
21342.0 40064.0
21708.0 39975.0
24516.0 39972.0
24592.0 39915.0
24820.0 39865.0
25513.0 39758.0
28687.0 39757.0
28763.0 39632.0
31937.0 39631.0
32013.0 39572.0
32934.0 39525.0
36184.0 39399.0
43605.0 39384.0

16290.0 48551.0
16480.0 46826.0
16494.0 45882.0
16515.0 41334.0
16595.0 41102.0
17095.0 41039.0
17171.0 40744.0
18092.0 40466.0
18545.0 40444.0
18596.0 40337.0
19912.0 40313.0
21266.0 40310.0
21342.0 40064.0
21708.0 39975.0
24516.0 39972.0
24592.0 39915.0
25513.0 39782.0
27894.0 39781.0
28763.0 39632.0
31937.0 39631.0
32013.0 39572.0
32934.0 39525.0
36184.0 39399.0
43605.0 39384.0

16023.0 49997.0
16290.0 48551.0
16480.0 46826.0
16494.0 45882.0
16515.0 41334.0
16595.0 41102.0
17095.0 41039.0
18092.0 40466.0
18545.0 40444.0
18596.0 40337.0
19912.0 40313.0
21266.0 40310.0
21342.0 40064.0
21708.0 39975.0
24516.0 39974.0
24592.0 39915.0
24820.0 39865.0
25513.0 39758.0
28687.0 39757.0
28763.0 39632.0
31937.0 39631.0
32013.0 39572.0
32934.0 39525.0
36184.0 39399.0
43605.0 39384.0

16290.0 48551.0
16480.0 46826.0
16494.0 45882.0
16515.0 41334.0
16595.0 41102.0
17095.0 41039.0
17171.0 40744.0
18092.0 40466.0
18545.0 40444.0
18596.0 40337.0
19912.0 40313.0
21266.0 40310.0
21342.0 40064.0
21708.0 39975.0
24516.0 39972.0
24592.0 39915.0
24820.0 39865.0
25513.0 39758.0
28687.0 39757.0
28763.0 39632.0
31937.0 39631.0
32013.0 39572.0
32934.0 39525.0
36108.0 39524.0
36184.0 39399.0
39358.0 39385.0
39434.0 39326.0
43605.0 39267.0
46855.0 39244.0


