16290.0 45222.0
16515.0 42142.0
16990.0 41552.0
17745.0 41254.0
18092.0 40662.0
18545.0 40640.0
18596.0 40337.0
19912.0 40313.0
21266.0 40310.0
21342.0 40064.0
21708.0 39975.0
24516.0 39972.0
24592.0 39939.0
25513.0 39758.0
28687.0 39757.0
28763.0 39632.0
31937.0 39628.0
32013.0 39596.0
32934.0 39525.0
36184.0 39386.0
43605.0 39304.0

16023.0 49155.0
16566.0 48204.0
16745.0 47151.0
16922.0 45450.0
17745.0 44478.0
17996.0 44096.0
18545.0 43176.0
18921.0 42953.0
19505.0 42950.0
24937.0 42791.0
30155.0 42763.0
31658.0 42551.0
31937.0 42329.0
36360.0 42254.0
63874.0 38972.0

17396.0 55616.0
17492.0 46179.0
21708.0 45668.0
22640.0 45385.0
22740.0 44993.0
22880.0 43972.0
27166.0 43950.0
30290.0 43103.0

17396.0 55616.0
17492.0 46179.0
22640.0 45385.0
22880.0 43972.0
25485.0 42260.0
29684.0 41510.0

16816.0 42451.0
16990.0 41516.0
17516.0 41337.0
17647.0 41327.0
18016.0 41221.0
18092.0 40466.0
18545.0 40444.0
18596.0 40337.0
19912.0 40313.0
21266.0 40310.0
21342.0 40064.0
21708.0 39975.0
24516.0 39972.0
24592.0 39915.0
25513.0 39855.0
28763.0 39631.0
32013.0 39572.0
36184.0 39385.0
39434.0 39363.0

16515.0 41568.0
17095.0 41255.0
17516.0 41182.0
17745.0 41171.0
18016.0 41083.0
18092.0 40466.0
18545.0 40444.0
18596.0 40337.0
19912.0 40313.0
21266.0 40310.0
21342.0 40088.0
21708.0 39975.0
25513.0 39758.0
27894.0 39757.0
28687.0 39755.0
28763.0 39632.0
32013.0 39620.0
32934.0 39576.0
36184.0 39477.0
43605.0 39391.0

16515.0 41568.0
17095.0 41255.0
17516.0 41182.0
17745.0 41171.0
18016.0 41083.0
18092.0 40466.0
18545.0 40444.0
18596.0 40337.0
19912.0 40313.0
21266.0 40310.0
21342.0 40088.0
21708.0 39975.0
25513.0 39758.0
27894.0 39757.0
28687.0 39754.0
28763.0 39632.0
32013.0 39620.0
32934.0 39576.0
36184.0 39476.0
43605.0 39391.0

16515.0 41568.0
16595.0 41336.0
17095.0 41255.0
17516.0 41164.0
18016.0 41083.0
18092.0 40466.0
18545.0 40444.0
18596.0 40337.0
19912.0 40313.0
21266.0 40310.0
21342.0 40088.0
21708.0 39975.0
24592.0 39963.0
25513.0 39758.0
27894.0 39757.0
28687.0 39755.0
28763.0 39632.0
31937.0 39631.0
32013.0 39620.0
32934.0 39549.0
36184.0 39410.0
43605.0 39341.0

16515.0 41568.0
16595.0 41336.0
17095.0 41255.0
17516.0 41164.0
18016.0 41083.0
18092.0 40466.0
18545.0 40444.0
18596.0 40337.0
19912.0 40313.0
21266.0 40310.0
21342.0 40088.0
21708.0 39975.0
25513.0 39758.0
27894.0 39757.0
28687.0 39755.0
28763.0 39632.0
31937.0 39631.0
32013.0 39620.0
32934.0 39549.0
36184.0 39410.0
43605.0 39341.0

16515.0 41568.0
16595.0 41336.0
17095.0 41255.0
17516.0 41164.0
18016.0 41083.0
18092.0 40466.0
18545.0 40444.0
18596.0 40337.0
19912.0 40313.0
21266.0 40310.0
21342.0 40088.0
21708.0 39975.0
25513.0 39758.0
27894.0 39757.0
28687.0 39755.0
28763.0 39632.0
31937.0 39631.0
32013.0 39620.0
32934.0 39549.0
36184.0 39410.0
43605.0 39341.0

16515.0 41568.0
17095.0 41255.0
17516.0 41182.0
17745.0 41171.0
18016.0 41083.0
18092.0 40466.0
18545.0 40444.0
18596.0 40337.0
19912.0 40313.0
21266.0 40310.0
21342.0 40088.0
21708.0 39975.0
25513.0 39758.0
27894.0 39757.0
28687.0 39754.0
28763.0 39632.0
32013.0 39620.0
32934.0 39536.0
36184.0 39473.0
43605.0 39391.0

16515.0 41568.0
17095.0 41255.0
17516.0 41164.0
18016.0 41083.0
18092.0 40466.0
18545.0 40444.0
18596.0 40337.0
19912.0 40313.0
21266.0 40310.0
21342.0 40088.0
21657.0 40071.0
21708.0 39975.0
24592.0 39940.0
25513.0 39758.0
27894.0 39757.0
28687.0 39754.0
28763.0 39632.0
32013.0 39597.0
32934.0 39536.0
36184.0 39406.0
43605.0 39391.0

16515.0 41568.0
16595.0 41336.0
17095.0 41255.0
17516.0 41164.0
18016.0 41083.0
18092.0 40466.0
18545.0 40444.0
18596.0 40337.0
19912.0 40313.0
21266.0 40310.0
21342.0 40088.0
21708.0 39975.0
25513.0 39758.0
27894.0 39757.0
28687.0 39755.0
28763.0 39632.0
32013.0 39620.0
32934.0 39536.0
36108.0 39511.0
36184.0 39477.0
43605.0 39391.0

16515.0 41568.0
16595.0 41336.0
17095.0 41255.0
17516.0 41164.0
18016.0 41083.0
18092.0 40466.0
18545.0 40444.0
18596.0 40337.0
19912.0 40313.0
21266.0 40310.0
21342.0 40088.0
21708.0 39975.0
24516.0 39974.0
24592.0 39915.0
25513.0 39758.0
27894.0 39757.0
28687.0 39755.0
28763.0 39632.0
31937.0 39629.0
32013.0 39572.0
32934.0 39536.0
36108.0 39511.0
36184.0 39423.0
39434.0 39374.0
43605.0 39317.0

16515.0 41568.0
17095.0 41255.0
17171.0 40805.0
18092.0 40466.0
18545.0 40444.0
18596.0 40337.0
19912.0 40313.0
21266.0 40310.0
21342.0 40088.0
21708.0 39975.0
25513.0 39758.0
27894.0 39757.0
28687.0 39754.0
28763.0 39632.0
32013.0 39620.0
32934.0 39536.0
36184.0 39393.0
39434.0 39350.0
40355.0 39303.0


