16675.0 47062.0
16816.0 41840.0
16956.0 41729.0
17516.0 41439.0
18016.0 41434.0
18092.0 40701.0
18596.0 40432.0
19912.0 40408.0
21266.0 40407.0
21342.0 40282.0
21708.0 40040.0
25513.0 39906.0
28763.0 39807.0
31937.0 39806.0
32013.0 39744.0
39434.0 39409.0

16023.0 49228.0
16256.0 46824.0
18122.0 46431.0
18513.0 43481.0
18615.0 43033.0
19946.0 42579.0
20827.0 42475.0
21638.0 42404.0
24801.0 42189.0
25485.0 41799.0
29274.0 41616.0
31937.0 41558.0
34011.0 41524.0
38158.0 40902.0
63874.0 38972.0

17492.0 59667.0
17996.0 49225.0
18922.0 47532.0
19269.0 45922.0
21795.0 45719.0
22263.0 43372.0
25437.0 41932.0

17223.0 45667.0
20438.0 43394.0
20961.0 42725.0
25513.0 42513.0
28763.0 41211.0

16023.0 43829.0
16156.0 42383.0
16595.0 41988.0
16816.0 41834.0
16956.0 41540.0
16990.0 41387.0
17516.0 41155.0
18016.0 41092.0
18092.0 40466.0
18545.0 40444.0
18596.0 40337.0
19912.0 40313.0
21266.0 40310.0
21342.0 40064.0
21708.0 39975.0
24592.0 39916.0
25513.0 39758.0
27894.0 39757.0
28763.0 39632.0
32013.0 39573.0
32934.0 39511.0
36184.0 39386.0
39434.0 39351.0
40355.0 39303.0
43605.0 39153.0

16515.0 46499.0
17492.0 42313.0
17996.0 42163.0
18016.0 42120.0
18092.0 40466.0
18545.0 40444.0
18596.0 40337.0
19912.0 40313.0
21266.0 40312.0
21342.0 40064.0
21708.0 39975.0
24516.0 39974.0
24592.0 39915.0
25513.0 39847.0
27894.0 39781.0
28763.0 39656.0
32013.0 39572.0
39434.0 39490.0

16515.0 46499.0
17492.0 42313.0
17996.0 42163.0
18016.0 42120.0
18092.0 40466.0
18545.0 40444.0
18596.0 40337.0
19912.0 40313.0
21266.0 40312.0
21342.0 40064.0
21708.0 39975.0
24516.0 39974.0
24592.0 39915.0
25513.0 39847.0
27894.0 39781.0
28763.0 39656.0
32013.0 39572.0
39434.0 39490.0

16515.0 46499.0
16571.0 45535.0
16816.0 42722.0
16990.0 41658.0
17516.0 41426.0
18016.0 41363.0
18092.0 40466.0
18545.0 40444.0
18596.0 40337.0
19912.0 40313.0
21266.0 40312.0
21342.0 40064.0
21708.0 39975.0
24516.0 39974.0
24592.0 39915.0
25513.0 39782.0
27894.0 39781.0
28763.0 39632.0
31937.0 39631.0
32013.0 39572.0
39434.0 39490.0

16515.0 46499.0
17492.0 42313.0
17996.0 42163.0
18016.0 42120.0
18092.0 40466.0
18545.0 40444.0
18596.0 40337.0
19912.0 40313.0
21266.0 40312.0
21342.0 40064.0
21708.0 39975.0
24516.0 39974.0
24592.0 39915.0
25513.0 39847.0
27894.0 39781.0
28763.0 39656.0
32013.0 39572.0
39434.0 39490.0

16515.0 46499.0
17492.0 42313.0
17996.0 42163.0
18016.0 42120.0
18092.0 40466.0
18545.0 40444.0
18596.0 40337.0
19912.0 40313.0
21266.0 40312.0
21342.0 40064.0
21708.0 39975.0
24516.0 39974.0
24592.0 39915.0
25513.0 39823.0
27894.0 39781.0
28763.0 39656.0
32013.0 39572.0
39434.0 39490.0

16515.0 46499.0
16816.0 42632.0
16990.0 41568.0
17516.0 41155.0
18016.0 41074.0
18092.0 40466.0
18545.0 40444.0
18596.0 40337.0
19912.0 40313.0
21266.0 40310.0
21342.0 40064.0
21708.0 39975.0
24516.0 39972.0
24592.0 39915.0
25513.0 39822.0
27894.0 39781.0
28763.0 39632.0
32013.0 39572.0
36184.0 39550.0
39358.0 39547.0
39434.0 39490.0

16515.0 46499.0
16816.0 42451.0
16990.0 41387.0
17516.0 41155.0
18016.0 41074.0
18092.0 40466.0
18545.0 40444.0
18596.0 40337.0
19912.0 40313.0
21266.0 40310.0
21342.0 40064.0
21708.0 39975.0
24516.0 39972.0
24592.0 39915.0
25513.0 39758.0
28687.0 39757.0
28763.0 39632.0
31937.0 39631.0
32013.0 39572.0
36184.0 39550.0
39358.0 39547.0
39434.0 39490.0
42608.0 39488.0

16515.0 46499.0
16816.0 42632.0
16990.0 41568.0
17516.0 41155.0
18016.0 41074.0
18092.0 40466.0
18545.0 40444.0
18596.0 40337.0
19912.0 40313.0
21266.0 40310.0
21342.0 40064.0
21708.0 39975.0
24516.0 39972.0
24592.0 39915.0
25513.0 39822.0
27894.0 39781.0
28763.0 39632.0
32013.0 39572.0
36184.0 39550.0
39358.0 39547.0
39434.0 39490.0

16515.0 46499.0
16816.0 42632.0
16990.0 41568.0
17516.0 41155.0
18016.0 41074.0
18092.0 40466.0
18545.0 40444.0
18596.0 40337.0
19912.0 40313.0
21266.0 40310.0
21342.0 40064.0
21708.0 39975.0
24516.0 39972.0
24592.0 39915.0
25513.0 39798.0
27894.0 39781.0
28687.0 39778.0
28763.0 39656.0
32013.0 39572.0
39358.0 39547.0
39434.0 39490.0

16023.0 43325.0
16156.0 42144.0
16595.0 41912.0
16956.0 41801.0
16990.0 41623.0
17171.0 41591.0
17516.0 41491.0
17745.0 41248.0
18016.0 41129.0
18092.0 40466.0
18545.0 40444.0
18596.0 40337.0
19912.0 40313.0
21266.0 40312.0
21342.0 40064.0
21708.0 39975.0
24516.0 39974.0
24592.0 39915.0
24820.0 39889.0
25513.0 39758.0
28763.0 39656.0
32013.0 39572.0
32934.0 39549.0
36184.0 39528.0
39434.0 39326.0
46855.0 39269.0


