16816.0 42733.0
16990.0 41669.0
17516.0 41437.0
18016.0 41356.0
18092.0 40646.0
18596.0 40337.0
19912.0 40313.0
21266.0 40310.0
21342.0 40064.0
21708.0 39975.0
24516.0 39972.0
24592.0 39916.0
25513.0 39758.0
27894.0 39757.0
28763.0 39632.0
32013.0 39572.0
36184.0 39399.0
39434.0 39340.0
46855.0 39276.0

16023.0 50042.0
16495.0 45252.0
17279.0 45011.0
17516.0 44907.0
17736.0 44848.0
18016.0 44830.0
18092.0 43112.0
18856.0 43006.0
21266.0 41773.0
24592.0 41351.0
27487.0 41294.0
28687.0 40855.0
38782.0 40328.0
63874.0 38972.0

17713.0 51169.0
17996.0 48660.0
18615.0 46379.0
22699.0 43325.0
38782.0 41229.0

17713.0 51068.0
17996.0 48660.0
18148.0 43430.0
22699.0 43325.0
38782.0 41229.0

16816.0 41966.0
16990.0 41577.0
17095.0 41039.0
18092.0 40466.0
18545.0 40444.0
18596.0 40337.0
19912.0 40313.0
21266.0 40310.0
21342.0 40064.0
21708.0 39975.0
24516.0 39972.0
24592.0 39915.0
24820.0 39865.0
25513.0 39758.0
27894.0 39757.0
28687.0 39755.0
28763.0 39631.0
31937.0 39628.0
32013.0 39572.0
32934.0 39511.0
36108.0 39509.0
36184.0 39385.0
39358.0 39382.0
39434.0 39326.0
40355.0 39278.0
43605.0 39153.0

16023.0 45623.0
16290.0 43116.0
16515.0 41645.0
16595.0 41259.0
17095.0 41160.0
17171.0 41146.0
18016.0 41083.0
18092.0 40466.0
18545.0 40444.0
18596.0 40337.0
19912.0 40313.0
21266.0 40312.0
21342.0 40064.0
21708.0 39975.0
24592.0 39963.0
24820.0 39924.0
25513.0 39758.0
27894.0 39757.0
28763.0 39632.0
31937.0 39631.0
32934.0 39525.0
36184.0 39515.0
39358.0 39396.0

16023.0 45623.0
16290.0 43116.0
16515.0 41645.0
16595.0 41259.0
17095.0 41160.0
17171.0 41146.0
18016.0 41083.0
18092.0 40466.0
18545.0 40444.0
18596.0 40337.0
19912.0 40313.0
21266.0 40310.0
21342.0 40064.0
21708.0 39975.0
24592.0 39934.0
24820.0 39924.0
25513.0 39758.0
27894.0 39757.0
28763.0 39632.0
31937.0 39631.0
32013.0 39591.0
32934.0 39525.0
36108.0 39522.0
36184.0 39515.0
39358.0 39396.0

16023.0 45623.0
16290.0 43116.0
16515.0 41515.0
16595.0 41120.0
17095.0 41021.0
17171.0 40859.0
18092.0 40466.0
18545.0 40444.0
18596.0 40337.0
19912.0 40313.0
21266.0 40310.0
21342.0 40064.0
21708.0 39975.0
24516.0 39972.0
24592.0 39916.0
25513.0 39758.0
27894.0 39757.0
28763.0 39632.0
31937.0 39631.0
32013.0 39591.0
32934.0 39525.0
36184.0 39515.0
39358.0 39396.0

16023.0 45623.0
16290.0 43116.0
16515.0 41267.0
16595.0 41035.0
17095.0 40972.0
17171.0 40768.0
18092.0 40466.0
18545.0 40444.0
18596.0 40337.0
19912.0 40313.0
21266.0 40312.0
21342.0 40064.0
21708.0 39975.0
24592.0 39915.0
24820.0 39865.0
25513.0 39758.0
27894.0 39757.0
28763.0 39632.0
31937.0 39631.0
32013.0 39573.0
32934.0 39525.0
36184.0 39399.0
39358.0 39396.0

16023.0 45130.0
16156.0 44497.0
16290.0 43000.0
16515.0 41515.0
16595.0 41120.0
17095.0 41021.0
18092.0 40466.0
18545.0 40444.0
18596.0 40337.0
19912.0 40313.0
21266.0 40310.0
21342.0 40064.0
21708.0 39975.0
24516.0 39974.0
24592.0 39934.0
24820.0 39905.0
25513.0 39758.0
27894.0 39757.0
28763.0 39632.0
31937.0 39631.0
32013.0 39591.0
32934.0 39525.0
36184.0 39386.0
40355.0 39278.0
43605.0 39153.0

16023.0 45623.0
16290.0 43116.0
16515.0 41645.0
16595.0 41259.0
17095.0 41160.0
17171.0 41146.0
18016.0 41083.0
18092.0 40466.0
18545.0 40444.0
18596.0 40337.0
19912.0 40313.0
21266.0 40312.0
21342.0 40064.0
21708.0 39975.0
24516.0 39974.0
24592.0 39934.0
24820.0 39905.0
25513.0 39758.0
27894.0 39757.0
28763.0 39632.0
31937.0 39631.0
32013.0 39591.0
32934.0 39525.0
36184.0 39515.0
39358.0 39396.0

16023.0 45623.0
16290.0 43116.0
16515.0 41448.0
16595.0 41053.0
17095.0 40954.0
17171.0 40859.0
18092.0 40466.0
18545.0 40444.0
18596.0 40337.0
19912.0 40313.0
21266.0 40310.0
21342.0 40064.0
21708.0 39975.0
24516.0 39974.0
24592.0 39916.0
24820.0 39905.0
25513.0 39758.0
27894.0 39757.0
28763.0 39632.0
31937.0 39631.0
32013.0 39591.0
32934.0 39525.0
36184.0 39399.0
39358.0 39396.0

16023.0 45623.0
16290.0 43116.0
16515.0 41267.0
16595.0 41035.0
17095.0 40972.0
17171.0 40768.0
18092.0 40466.0
18545.0 40444.0
18596.0 40337.0
19912.0 40313.0
21266.0 40312.0
21342.0 40064.0
21708.0 39975.0
24592.0 39934.0
24820.0 39905.0
25513.0 39758.0
27894.0 39757.0
28763.0 39631.0
32013.0 39591.0
32934.0 39512.0
36184.0 39423.0
39358.0 39396.0

16023.0 45623.0
16156.0 44497.0
16290.0 43000.0
16515.0 41645.0
16595.0 41259.0
17095.0 41160.0
17171.0 41146.0
18016.0 41083.0
18092.0 40466.0
18545.0 40444.0
18596.0 40337.0
19912.0 40313.0
21266.0 40310.0
21342.0 40064.0
21708.0 39975.0
24516.0 39972.0
24592.0 39916.0
24820.0 39905.0
25513.0 39758.0
27894.0 39757.0
28763.0 39632.0
31937.0 39629.0
32013.0 39591.0
32934.0 39512.0
36184.0 39423.0
39358.0 39396.0

16023.0 45623.0
16290.0 43000.0
16515.0 41267.0
16595.0 41035.0
17095.0 40954.0
17171.0 40768.0
18092.0 40466.0
18545.0 40444.0
18596.0 40337.0
19912.0 40313.0
21266.0 40310.0
21342.0 40064.0
21708.0 39975.0
24516.0 39974.0
24592.0 39915.0
24820.0 39865.0
25513.0 39758.0
27894.0 39757.0
28763.0 39632.0
31937.0 39631.0
32013.0 39572.0
32934.0 39511.0
36184.0 39386.0
39358.0 39385.0
39434.0 39327.0
40355.0 39297.0
46855.0 39094.0


