16816.0 41807.0
16990.0 41568.0
17516.0 41173.0
18016.0 41074.0
18092.0 40624.0
18545.0 40602.0
18596.0 40495.0
18615.0 40443.0
20387.0 40419.0
21266.0 40416.0
21342.0 40064.0
21708.0 39975.0
24516.0 39972.0
24592.0 39915.0
25513.0 39758.0
27894.0 39757.0
28763.0 39632.0
32013.0 39572.0
32934.0 39512.0
36184.0 39453.0
39434.0 39417.0

16023.0 45332.0
16515.0 45070.0
17996.0 43823.0
18016.0 43508.0
18596.0 43345.0
18615.0 42690.0
20066.0 42471.0
20766.0 41472.0
22263.0 41436.0
23899.0 41249.0
28687.0 40628.0
36184.0 40115.0
43529.0 40012.0
63874.0 38972.0

17279.0 50448.0
17745.0 45860.0
20857.0 44856.0
21657.0 43765.0
23316.0 42930.0

17279.0 50448.0
17396.0 48098.0
17713.0 45673.0
18092.0 44952.0
18615.0 44061.0
21657.0 43765.0
23316.0 42930.0
37105.0 42598.0

16816.0 41708.0
16956.0 41652.0
16990.0 41499.0
17516.0 41267.0
18016.0 41186.0
18092.0 40466.0
18545.0 40444.0
18596.0 40337.0
19912.0 40313.0
21266.0 40310.0
21342.0 40064.0
21708.0 39975.0
24516.0 39972.0
24592.0 39915.0
25513.0 39758.0
27894.0 39757.0
28687.0 39754.0
28763.0 39631.0
31937.0 39628.0
32013.0 39572.0
32934.0 39511.0
36108.0 39510.0
36184.0 39385.0
39358.0 39382.0
39434.0 39326.0
40355.0 39278.0
43529.0 39276.0
43605.0 39152.0
46779.0 39150.0
46855.0 39093.0
51026.0 39071.0
54200.0 39068.0

16023.0 43439.0
16156.0 42731.0
16515.0 42498.0
16571.0 42159.0
16956.0 41589.0
16990.0 41461.0
17516.0 41229.0
18016.0 41166.0
18092.0 40531.0
18545.0 40514.0
18596.0 40353.0
19912.0 40343.0
21266.0 40310.0
21342.0 40064.0
21708.0 39975.0
24516.0 39972.0
24592.0 39915.0
24820.0 39865.0
25513.0 39758.0
28763.0 39632.0
31937.0 39629.0
32013.0 39572.0
32934.0 39525.0
36184.0 39399.0
39434.0 39327.0
40355.0 39279.0
43605.0 39241.0
46855.0 39134.0

16023.0 43439.0
16156.0 42731.0
16515.0 42498.0
16571.0 41853.0
16956.0 41589.0
16990.0 41461.0
17171.0 40805.0
18092.0 40466.0
18545.0 40444.0
18596.0 40353.0
19912.0 40343.0
21266.0 40310.0
21342.0 40064.0
21708.0 39975.0
24516.0 39972.0
24592.0 39915.0
24820.0 39865.0
25513.0 39758.0
28763.0 39631.0
31937.0 39628.0
32013.0 39572.0
32934.0 39525.0
36184.0 39386.0
39434.0 39327.0
40355.0 39279.0
43605.0 39153.0
46855.0 39134.0

16023.0 42924.0
16156.0 42643.0
16515.0 42498.0
16571.0 42159.0
16816.0 41745.0
16956.0 41589.0
16990.0 41387.0
17516.0 41229.0
17745.0 41162.0
18016.0 41092.0
18092.0 40531.0
18545.0 40514.0
18596.0 40353.0
19912.0 40343.0
21266.0 40310.0
21342.0 40064.0
21708.0 39975.0
24516.0 39972.0
24592.0 39915.0
24820.0 39865.0
25513.0 39758.0
27894.0 39757.0
28763.0 39631.0
31937.0 39629.0
32013.0 39572.0
32934.0 39525.0
36184.0 39385.0
39434.0 39327.0
40355.0 39279.0
43605.0 39241.0
46855.0 39134.0

16023.0 43439.0
16156.0 42731.0
16515.0 42498.0
16571.0 42159.0
16956.0 41589.0
16990.0 41387.0
17516.0 41155.0
18016.0 41092.0
18092.0 40466.0
18545.0 40449.0
18596.0 40337.0
19912.0 40313.0
21266.0 40310.0
21342.0 40064.0
21708.0 39975.0
24516.0 39972.0
24592.0 39915.0
24820.0 39865.0
25513.0 39758.0
28687.0 39757.0
28763.0 39631.0
31937.0 39628.0
32013.0 39572.0
32934.0 39512.0
36184.0 39399.0
39434.0 39327.0
40355.0 39279.0
43605.0 39241.0
46855.0 39134.0

16023.0 43012.0
16156.0 42731.0
16515.0 42498.0
16571.0 41853.0
16956.0 41589.0
16990.0 41461.0
17171.0 40805.0
18092.0 40531.0
18545.0 40514.0
18596.0 40337.0
19912.0 40313.0
21266.0 40310.0
21342.0 40064.0
21708.0 39975.0
24516.0 39972.0
24592.0 39915.0
24820.0 39865.0
25513.0 39758.0
27894.0 39757.0
28687.0 39755.0
28763.0 39631.0
31937.0 39629.0
32013.0 39572.0
32934.0 39512.0
36184.0 39386.0
39358.0 39383.0
39434.0 39327.0
40355.0 39279.0
43605.0 39153.0
46855.0 39134.0

16023.0 43439.0
16156.0 42731.0
16495.0 42709.0
16515.0 42498.0
16571.0 42159.0
16595.0 41693.0
16956.0 41589.0
16990.0 41461.0
17516.0 41229.0
18016.0 41166.0
18092.0 40466.0
18545.0 40444.0
18596.0 40337.0
19912.0 40313.0
21266.0 40310.0
21342.0 40064.0
21708.0 39975.0
24516.0 39972.0
24592.0 39915.0
24820.0 39865.0
25513.0 39758.0
28763.0 39631.0
31937.0 39628.0
32013.0 39572.0
32934.0 39512.0
36184.0 39386.0
39434.0 39327.0
40355.0 39279.0
43605.0 39153.0
46855.0 39134.0

16023.0 43439.0
16156.0 42731.0
16515.0 42087.0
16571.0 41785.0
16595.0 41693.0
16956.0 41589.0
16990.0 41396.0
17095.0 41039.0
17171.0 40835.0
18092.0 40466.0
18545.0 40444.0
18596.0 40337.0
19912.0 40313.0
21266.0 40310.0
21342.0 40064.0
21708.0 39975.0
24516.0 39972.0
24592.0 39915.0
24820.0 39865.0
25513.0 39758.0
27894.0 39757.0
28763.0 39631.0
31937.0 39629.0
32013.0 39572.0
32934.0 39511.0
36184.0 39385.0
39434.0 39327.0
40355.0 39279.0
43605.0 39153.0
46855.0 39134.0

16023.0 42369.0
16156.0 42088.0
16595.0 41693.0
16956.0 41589.0
16990.0 41387.0
17516.0 41164.0
17745.0 41162.0
18016.0 41083.0
18092.0 40466.0
18545.0 40444.0
18596.0 40337.0
19912.0 40313.0
21266.0 40310.0
21342.0 40064.0
21708.0 39975.0
24516.0 39972.0
24592.0 39915.0
24820.0 39865.0
25513.0 39758.0
28763.0 39631.0
31937.0 39628.0
32013.0 39572.0
32934.0 39512.0
36184.0 39386.0
39358.0 39384.0
39434.0 39327.0
40355.0 39279.0
43605.0 39153.0
46855.0 39134.0

16023.0 43012.0
16156.0 42643.0
16515.0 42435.0
16571.0 42025.0
16816.0 42007.0
16956.0 41589.0
16990.0 41396.0
17516.0 41164.0
18016.0 41083.0
18092.0 40466.0
18545.0 40444.0
18596.0 40337.0
19912.0 40313.0
21266.0 40310.0
21342.0 40064.0
21708.0 39975.0
24516.0 39972.0
24592.0 39915.0
24820.0 39865.0
25513.0 39758.0
28687.0 39755.0
28763.0 39631.0
31937.0 39628.0
32013.0 39572.0
32934.0 39525.0
36184.0 39385.0
39358.0 39382.0
39434.0 39327.0
40355.0 39279.0
43605.0 39152.0
46855.0 39134.0

16023.0 43439.0
16156.0 42731.0
16515.0 42498.0
16571.0 42159.0
16816.0 42007.0
16956.0 41589.0
16990.0 41461.0
17171.0 41054.0
18092.0 40466.0
18545.0 40444.0
18596.0 40337.0
19912.0 40313.0
21266.0 40310.0
21342.0 40064.0
21708.0 39975.0
24516.0 39972.0
24592.0 39915.0
24820.0 39865.0
25513.0 39758.0
27894.0 39757.0
28687.0 39755.0
28763.0 39631.0
31937.0 39628.0
32013.0 39572.0
32934.0 39511.0
36108.0 39509.0
36184.0 39386.0
39358.0 39383.0
39434.0 39327.0
40355.0 39279.0
43605.0 39153.0
46855.0 39094.0
51026.0 39070.0
54276.0 39052.0


