16515.0 41654.0
16519.0 41585.0
16595.0 41417.0
17095.0 41318.0
17171.0 40768.0
18092.0 40496.0
18596.0 40432.0
19912.0 40408.0
21266.0 40405.0
21342.0 40129.0
21708.0 40040.0
24516.0 40037.0
24592.0 39981.0
25513.0 39854.0
28763.0 39697.0
32013.0 39638.0
32934.0 39511.0
36184.0 39386.0
39358.0 39383.0

16023.0 50989.0
16094.0 50600.0
16494.0 49959.0
16515.0 46572.0
17145.0 46478.0
17670.0 46439.0
18092.0 46272.0
18122.0 45237.0
18615.0 44501.0
19146.0 44474.0
19466.0 43773.0
19471.0 43605.0
19505.0 42354.0
21342.0 41811.0
22263.0 40821.0
28611.0 40613.0
32934.0 40549.0
63874.0 38972.0

16745.0 50551.0
18469.0 49753.0
18615.0 48669.0
20438.0 47316.0
21021.0 45782.0
21342.0 43556.0
30136.0 41661.0

16745.0 50551.0
18469.0 49753.0
18615.0 48669.0
20438.0 46124.0
21021.0 45782.0
21342.0 43556.0
30136.0 41661.0

16745.0 50551.0
16816.0 42516.0
16990.0 41452.0
17516.0 41220.0
18016.0 41139.0
18092.0 40624.0
18545.0 40602.0
18596.0 40495.0
18615.0 40443.0
19912.0 40439.0
20345.0 40436.0
20387.0 40419.0
20421.0 40403.0
21342.0 40064.0
21708.0 39975.0
24516.0 39972.0
24592.0 39915.0
24820.0 39884.0
25513.0 39758.0
27894.0 39757.0
28687.0 39755.0
28763.0 39631.0
31937.0 39628.0
32013.0 39572.0
32934.0 39511.0
36184.0 39385.0
39434.0 39326.0
40355.0 39279.0
43605.0 39153.0
46855.0 39093.0

16515.0 42071.0
16571.0 41792.0
16816.0 41620.0
17171.0 40744.0
18092.0 40466.0
18545.0 40444.0
18596.0 40337.0
19912.0 40313.0
21266.0 40312.0
21342.0 40064.0
21708.0 39999.0
24592.0 39915.0
24820.0 39865.0
25513.0 39782.0
27843.0 39765.0
28763.0 39671.0
32013.0 39572.0
32934.0 39536.0
36184.0 39490.0
47776.0 39361.0

16515.0 42071.0
16571.0 41792.0
16816.0 41620.0
17171.0 40744.0
18092.0 40466.0
18545.0 40444.0
18596.0 40337.0
19912.0 40313.0
21266.0 40312.0
21342.0 40064.0
21708.0 39999.0
24592.0 39915.0
24820.0 39865.0
25513.0 39782.0
27843.0 39765.0
28763.0 39671.0
32013.0 39572.0
32934.0 39536.0
36184.0 39490.0
47776.0 39361.0

16515.0 42071.0
16571.0 41792.0
16595.0 41704.0
16816.0 41542.0
17171.0 40744.0
18092.0 40466.0
18545.0 40444.0
18596.0 40337.0
19912.0 40313.0
21266.0 40312.0
21342.0 40064.0
21708.0 39999.0
24516.0 39974.0
24592.0 39915.0
24820.0 39865.0
25513.0 39782.0
27843.0 39765.0
28763.0 39656.0
32013.0 39572.0
32934.0 39525.0
36108.0 39524.0
36184.0 39399.0
39434.0 39340.0

16515.0 41382.0
16595.0 41150.0
17095.0 41087.0
17171.0 40744.0
18092.0 40466.0
18545.0 40444.0
18596.0 40337.0
19912.0 40313.0
21266.0 40312.0
21342.0 40064.0
21708.0 39999.0
24516.0 39974.0
24592.0 39915.0
24820.0 39865.0
25513.0 39782.0
27843.0 39765.0
28763.0 39656.0
32013.0 39572.0
32934.0 39536.0
36184.0 39490.0
46855.0 39310.0

16515.0 41758.0
16595.0 41120.0
17095.0 41021.0
17171.0 40744.0
18092.0 40466.0
18545.0 40444.0
18596.0 40337.0
19912.0 40313.0
21266.0 40312.0
21342.0 40064.0
21708.0 39999.0
24516.0 39974.0
24592.0 39915.0
24820.0 39865.0
25513.0 39782.0
27843.0 39765.0
28763.0 39671.0
32013.0 39572.0
32934.0 39525.0
36184.0 39399.0
39434.0 39340.0
46855.0 39310.0

16515.0 42071.0
16571.0 41792.0
16816.0 41620.0
17171.0 40744.0
18092.0 40466.0
18545.0 40444.0
18596.0 40337.0
19912.0 40313.0
21266.0 40312.0
21342.0 40064.0
21708.0 39999.0
24516.0 39974.0
24592.0 39915.0
24820.0 39865.0
25513.0 39782.0
27843.0 39765.0
28763.0 39656.0
32013.0 39572.0
32934.0 39536.0
36108.0 39524.0
36184.0 39468.0
43605.0 39432.0
47776.0 39361.0

16515.0 42071.0
16571.0 41792.0
16816.0 41620.0
17171.0 40744.0
18092.0 40466.0
18545.0 40444.0
18596.0 40337.0
19912.0 40313.0
21266.0 40312.0
21342.0 40064.0
21708.0 39999.0
24516.0 39974.0
24592.0 39915.0
24820.0 39865.0
25513.0 39782.0
27843.0 39765.0
28763.0 39649.0
31937.0 39630.0
32013.0 39572.0
32934.0 39525.0
36184.0 39399.0
39434.0 39340.0
40355.0 39303.0

16515.0 41931.0
16571.0 41785.0
16595.0 41293.0
17095.0 41087.0
17171.0 40744.0
18092.0 40466.0
18545.0 40444.0
18596.0 40337.0
19912.0 40313.0
21266.0 40312.0
21342.0 40064.0
21708.0 39999.0
24516.0 39974.0
24592.0 39915.0
24820.0 39865.0
25513.0 39782.0
27843.0 39765.0
28763.0 39656.0
32013.0 39572.0
32934.0 39536.0
36108.0 39524.0
36184.0 39490.0
43605.0 39432.0
46855.0 39327.0
50029.0 39302.0

16515.0 41382.0
16595.0 41150.0
17095.0 41087.0
17171.0 40744.0
18092.0 40466.0
18545.0 40444.0
18596.0 40337.0
19912.0 40313.0
21266.0 40310.0
21342.0 40064.0
21708.0 39975.0
24516.0 39974.0
24592.0 39915.0
24820.0 39865.0
25513.0 39758.0
28763.0 39632.0
31937.0 39630.0
32013.0 39572.0
32934.0 39512.0
36184.0 39399.0
39434.0 39340.0
46855.0 39304.0

16156.0 42969.0
16495.0 42906.0
16515.0 41382.0
16595.0 41150.0
17095.0 41087.0
17171.0 40744.0
18092.0 40466.0
18545.0 40444.0
18596.0 40337.0
19912.0 40313.0
21266.0 40312.0
21342.0 40064.0
21708.0 39975.0
24516.0 39974.0
24592.0 39915.0
24820.0 39865.0
25513.0 39758.0
28687.0 39757.0
28763.0 39632.0
31937.0 39630.0
32013.0 39572.0
32934.0 39536.0
36184.0 39399.0
39358.0 39384.0
39434.0 39339.0
43605.0 39177.0


