16023.0 49764.0
16094.0 46526.0
16290.0 44763.0
16480.0 43463.0
16745.0 43157.0
16816.0 41828.0
16990.0 41761.0
17516.0 41366.0
18092.0 40841.0
18494.0 40824.0
18545.0 40474.0
18615.0 40443.0
19912.0 40343.0
21342.0 40064.0
21708.0 39975.0
24516.0 39972.0
24592.0 39916.0
25513.0 39758.0
28687.0 39755.0
28763.0 39632.0
31937.0 39631.0
32013.0 39573.0
32934.0 39512.0
36108.0 39509.0
36184.0 39386.0
39358.0 39383.0
43605.0 39322.0

16023.0 49764.0
16290.0 49063.0
16515.0 46498.0
17492.0 45334.0
17977.0 44133.0
18016.0 43941.0
18092.0 43811.0
18615.0 43633.0
18671.0 42428.0
19505.0 42388.0
22263.0 41977.0
24731.0 41479.0
27913.0 40821.0
32934.0 40755.0
36108.0 40640.0
43529.0 40163.0
63874.0 38972.0

16023.0 49764.0
16515.0 46498.0
18148.0 44805.0
20857.0 44617.0
25010.0 43835.0

16023.0 49764.0
16515.0 46498.0
17977.0 44133.0
18596.0 42530.0
19212.0 42314.0
24801.0 42240.0
28407.0 41300.0

16023.0 49764.0
16515.0 41515.0
16595.0 41120.0
17095.0 41021.0
17171.0 40835.0
18092.0 40466.0
18545.0 40444.0
18596.0 40337.0
19912.0 40313.0
21266.0 40310.0
21342.0 40064.0
21708.0 39975.0
24516.0 39972.0
24592.0 39915.0
24820.0 39865.0
25513.0 39758.0
27894.0 39757.0
28687.0 39755.0
28763.0 39631.0
31937.0 39629.0
32013.0 39572.0
32934.0 39511.0
36184.0 39385.0
39358.0 39384.0
39434.0 39339.0
40355.0 39278.0
43605.0 39152.0
46855.0 39093.0
51026.0 39071.0
54276.0 39011.0

16023.0 44058.0
16122.0 43988.0
16156.0 42878.0
16515.0 42631.0
16519.0 42399.0
16595.0 42014.0
16990.0 41423.0
17516.0 41191.0
18016.0 41110.0
18092.0 40466.0
18545.0 40444.0
18596.0 40337.0
19912.0 40313.0
21266.0 40310.0
21342.0 40088.0
21708.0 39975.0
24592.0 39916.0
24820.0 39884.0
25513.0 39758.0
28763.0 39632.0
32013.0 39573.0
36184.0 39399.0
39434.0 39340.0

16023.0 44058.0
16122.0 43988.0
16156.0 42878.0
16515.0 42631.0
16519.0 42399.0
16595.0 42014.0
16990.0 41423.0
17516.0 41191.0
18016.0 41110.0
18092.0 40466.0
18545.0 40444.0
18596.0 40337.0
19912.0 40313.0
21266.0 40310.0
21342.0 40064.0
21708.0 39975.0
24592.0 39916.0
24820.0 39865.0
25513.0 39758.0
28687.0 39757.0
28763.0 39632.0
32013.0 39573.0
32934.0 39536.0
36184.0 39399.0
39434.0 39340.0
46855.0 39282.0

16023.0 43126.0
16156.0 42062.0
16515.0 41334.0
16595.0 41102.0
17095.0 41039.0
17171.0 40835.0
18092.0 40466.0
18545.0 40444.0
18596.0 40337.0
19912.0 40313.0
21266.0 40310.0
21342.0 40088.0
21657.0 40071.0
21708.0 39975.0
24516.0 39974.0
24592.0 39916.0
24820.0 39884.0
25513.0 39758.0
28763.0 39632.0
32013.0 39573.0
36184.0 39399.0
39434.0 39340.0

16023.0 44058.0
16122.0 43988.0
16156.0 42878.0
16515.0 42631.0
16519.0 42399.0
16595.0 42014.0
16990.0 41423.0
17516.0 41191.0
18016.0 41110.0
18092.0 40466.0
18545.0 40444.0
18596.0 40337.0
19912.0 40313.0
21266.0 40310.0
21342.0 40088.0
21708.0 39975.0
24592.0 39916.0
24820.0 39884.0
25513.0 39758.0
28763.0 39632.0
32013.0 39573.0
32934.0 39512.0
36184.0 39399.0
39434.0 39340.0

16023.0 43800.0
16122.0 43730.0
16156.0 42878.0
16515.0 42267.0
16519.0 42035.0
16595.0 42014.0
16990.0 41423.0
17516.0 41182.0
18016.0 41083.0
18092.0 40466.0
18545.0 40444.0
18596.0 40337.0
19912.0 40313.0
21266.0 40310.0
21342.0 40088.0
21708.0 39975.0
24592.0 39916.0
24820.0 39884.0
25513.0 39758.0
28763.0 39632.0
32013.0 39573.0
32934.0 39532.0
36108.0 39522.0
36184.0 39399.0
39434.0 39340.0

16023.0 44058.0
16122.0 43988.0
16156.0 42878.0
16515.0 42631.0
16519.0 42399.0
16595.0 42014.0
16990.0 41396.0
17516.0 41164.0
18016.0 41101.0
18092.0 40466.0
18545.0 40444.0
18596.0 40337.0
19912.0 40313.0
21266.0 40310.0
21342.0 40064.0
21708.0 39975.0
24592.0 39916.0
24820.0 39865.0
25513.0 39758.0
28687.0 39757.0
28763.0 39632.0
32013.0 39573.0
32934.0 39525.0
36184.0 39399.0
39434.0 39340.0
46855.0 39276.0

16023.0 44058.0
16122.0 43730.0
16156.0 42878.0
16515.0 42332.0
16519.0 42100.0
16595.0 42014.0
16816.0 41843.0
16956.0 41773.0
16990.0 41396.0
17516.0 41164.0
18016.0 41083.0
18092.0 40466.0
18545.0 40444.0
18596.0 40337.0
19912.0 40313.0
21266.0 40310.0
21342.0 40064.0
21708.0 39975.0
24516.0 39974.0
24592.0 39916.0
24820.0 39865.0
25513.0 39758.0
28687.0 39755.0
28763.0 39632.0
31937.0 39631.0
32013.0 39573.0
32934.0 39525.0
36184.0 39399.0
39434.0 39340.0
46855.0 39276.0

16023.0 44058.0
16122.0 43988.0
16156.0 42878.0
16515.0 42631.0
16519.0 42399.0
16595.0 42014.0
16990.0 41396.0
17516.0 41164.0
18016.0 41083.0
18092.0 40466.0
18545.0 40444.0
18596.0 40337.0
19912.0 40313.0
21266.0 40310.0
21342.0 40064.0
21708.0 39975.0
24516.0 39974.0
24592.0 39916.0
24820.0 39865.0
25513.0 39758.0
28687.0 39757.0
28763.0 39632.0
32013.0 39573.0
32934.0 39525.0
36184.0 39399.0
39434.0 39340.0
46855.0 39276.0

16023.0 43800.0
16122.0 43730.0
16156.0 42878.0
16515.0 42332.0
16519.0 42100.0
16595.0 42014.0
16990.0 41423.0
17516.0 41182.0
18016.0 41083.0
18092.0 40466.0
18545.0 40444.0
18596.0 40337.0
19912.0 40313.0
21266.0 40310.0
21342.0 40064.0
21708.0 39975.0
24516.0 39974.0
24592.0 39916.0
24820.0 39865.0
25513.0 39758.0
28687.0 39755.0
28763.0 39632.0
31937.0 39631.0
32013.0 39573.0
32934.0 39525.0
36108.0 39522.0
36184.0 39386.0
39434.0 39340.0
46855.0 39282.0

16023.0 42438.0
16156.0 41995.0
16515.0 41526.0
16519.0 41427.0
16595.0 41259.0
17095.0 41160.0
17171.0 40744.0
18092.0 40466.0
18545.0 40444.0
18596.0 40337.0
19912.0 40313.0
21266.0 40310.0
21342.0 40064.0
21708.0 39975.0
24516.0 39974.0
24592.0 39915.0
24820.0 39884.0
25513.0 39758.0
27894.0 39757.0
28687.0 39755.0
28763.0 39631.0
32013.0 39573.0
32934.0 39512.0
36184.0 39386.0
39434.0 39340.0
43605.0 39153.0
51026.0 39095.0


