16816.0 41547.0
17516.0 41212.0
18016.0 41053.0
18092.0 40466.0
18545.0 40449.0
21342.0 40436.0
21708.0 40254.0
25513.0 40172.0
28763.0 40100.0
31937.0 39850.0

16023.0 53182.0
16290.0 51350.0
16515.0 47773.0
16816.0 47580.0
16990.0 47437.0
18805.0 46563.0
20066.0 45933.0
20166.0 44987.0
25513.0 44904.0
28163.0 43016.0
31437.0 41817.0
63874.0 38972.0

16816.0 47580.0
18922.0 44519.0
24516.0 43894.0
26466.0 43893.0
30136.0 43314.0
31437.0 41901.0

16816.0 47580.0
17492.0 44980.0
22020.0 42645.0
31437.0 41901.0

16745.0 46232.0
16816.0 41807.0
16956.0 41737.0
16990.0 41568.0
17516.0 41173.0
18016.0 41074.0
18092.0 40624.0
18545.0 40602.0
18596.0 40495.0
18615.0 40443.0
20387.0 40419.0
21266.0 40416.0
21342.0 40064.0
21708.0 39975.0
24516.0 39972.0
24592.0 39940.0
24820.0 39905.0
28763.0 39632.0
31937.0 39629.0
35187.0 39593.0
36184.0 39515.0
42608.0 39347.0

16745.0 46232.0
16816.0 41807.0
16956.0 41737.0
16990.0 41568.0
17516.0 41173.0
18016.0 41074.0
18092.0 40624.0
18545.0 40602.0
18596.0 40495.0
18615.0 40443.0
20387.0 40419.0
21266.0 40416.0
21342.0 40064.0
21708.0 39975.0
24516.0 39972.0
24592.0 39940.0
24820.0 39905.0
28763.0 39632.0
31937.0 39629.0
35187.0 39593.0
36184.0 39515.0
42608.0 39347.0

16745.0 46232.0
16816.0 41807.0
16956.0 41737.0
16990.0 41568.0
17516.0 41173.0
18016.0 41074.0
18092.0 40624.0
18545.0 40602.0
18596.0 40495.0
18615.0 40443.0
20387.0 40419.0
21266.0 40416.0
21342.0 40064.0
21708.0 39975.0
24516.0 39972.0
24592.0 39940.0
24820.0 39905.0
28763.0 39632.0
31937.0 39629.0
35187.0 39593.0
36184.0 39515.0
42608.0 39347.0

16745.0 46232.0
16816.0 41807.0
16956.0 41737.0
16990.0 41568.0
17516.0 41173.0
18016.0 41074.0
18092.0 40624.0
18545.0 40602.0
18596.0 40495.0
18615.0 40443.0
20387.0 40419.0
21266.0 40416.0
21342.0 40064.0
21708.0 39975.0
24516.0 39972.0
24592.0 39940.0
24820.0 39905.0
28763.0 39632.0
31937.0 39629.0
35187.0 39593.0
36184.0 39515.0
42608.0 39347.0

16745.0 46232.0
16816.0 41807.0
16956.0 41737.0
16990.0 41568.0
17516.0 41173.0
18016.0 41074.0
18092.0 40624.0
18545.0 40602.0
18596.0 40495.0
18615.0 40443.0
20387.0 40419.0
21266.0 40416.0
21342.0 40064.0
21708.0 39975.0
24516.0 39972.0
24592.0 39940.0
24820.0 39905.0
28763.0 39632.0
31937.0 39629.0
35187.0 39593.0
36184.0 39515.0
42608.0 39347.0

16745.0 46232.0
16816.0 41807.0
16956.0 41737.0
16990.0 41568.0
17516.0 41173.0
18016.0 41074.0
18092.0 40624.0
18545.0 40602.0
18596.0 40495.0
18615.0 40443.0
20387.0 40419.0
21266.0 40416.0
21342.0 40064.0
21708.0 39975.0
24516.0 39972.0
24592.0 39940.0
24820.0 39905.0
28763.0 39632.0
31937.0 39629.0
35187.0 39593.0
36184.0 39515.0
42608.0 39347.0

16745.0 46232.0
16816.0 41807.0
16956.0 41737.0
16990.0 41568.0
17516.0 41173.0
18016.0 41074.0
18092.0 40624.0
18545.0 40602.0
18596.0 40495.0
18615.0 40443.0
20387.0 40419.0
21266.0 40416.0
21342.0 40064.0
21708.0 39975.0
24516.0 39972.0
24592.0 39940.0
24820.0 39905.0
28763.0 39632.0
31937.0 39629.0
35187.0 39593.0
36184.0 39515.0
42608.0 39347.0

16745.0 46232.0
16816.0 41807.0
16956.0 41737.0
16990.0 41568.0
17516.0 41173.0
18016.0 41074.0
18092.0 40624.0
18545.0 40602.0
18596.0 40495.0
18615.0 40443.0
20387.0 40419.0
21266.0 40416.0
21342.0 40064.0
21708.0 39975.0
24516.0 39972.0
24592.0 39940.0
24820.0 39905.0
28763.0 39632.0
31937.0 39629.0
35187.0 39593.0
36184.0 39515.0
42608.0 39347.0

16745.0 46232.0
16816.0 41807.0
16956.0 41737.0
16990.0 41568.0
17516.0 41173.0
18016.0 41074.0
18092.0 40624.0
18545.0 40602.0
18596.0 40495.0
18615.0 40443.0
20387.0 40419.0
21266.0 40416.0
21342.0 40064.0
21708.0 39975.0
24516.0 39972.0
24592.0 39940.0
24820.0 39905.0
28763.0 39632.0
31937.0 39629.0
35187.0 39593.0
36184.0 39515.0
42608.0 39347.0

16745.0 46232.0
16816.0 41807.0
16956.0 41737.0
16990.0 41568.0
17516.0 41173.0
18016.0 41074.0
18092.0 40624.0
18545.0 40602.0
18596.0 40495.0
18615.0 40443.0
20387.0 40419.0
21266.0 40416.0
21342.0 40064.0
21708.0 39975.0
24516.0 39972.0
24592.0 39940.0
24820.0 39905.0
28763.0 39632.0
31937.0 39629.0
35187.0 39593.0
36184.0 39515.0
42608.0 39347.0

16745.0 46232.0
16816.0 41807.0
16956.0 41737.0
16990.0 41568.0
17516.0 41173.0
18016.0 41074.0
18092.0 40624.0
18545.0 40602.0
18596.0 40495.0
18615.0 40443.0
20387.0 40419.0
21266.0 40416.0
21342.0 40064.0
21708.0 39975.0
24516.0 39972.0
24592.0 39940.0
24820.0 39905.0
28763.0 39632.0
31937.0 39629.0
35187.0 39593.0
36184.0 39515.0
42608.0 39347.0


