16023.0 49260.0
16515.0 44004.0
16595.0 43019.0
16816.0 42911.0
16956.0 42555.0
16990.0 41701.0
17516.0 41309.0
18016.0 41252.0
18092.0 40606.0
18545.0 40584.0
18596.0 40337.0
19912.0 40313.0
21266.0 40310.0
21342.0 40064.0
21708.0 39975.0
24592.0 39916.0
24820.0 39865.0
25513.0 39857.0
28763.0 39631.0
31937.0 39629.0
32013.0 39573.0
36184.0 39385.0
43605.0 39152.0

16023.0 46648.0
16515.0 44712.0
17694.0 44284.0
17745.0 44248.0
18092.0 43041.0
18922.0 42714.0
19471.0 42385.0
21342.0 42292.0
21661.0 42195.0
21708.0 41517.0
22263.0 41235.0
25513.0 41088.0
27525.0 41070.0
27843.0 41034.0
28763.0 40889.0
32013.0 40282.0
63874.0 38972.0

17713.0 51169.0
17996.0 48660.0
18615.0 46379.0
22699.0 43325.0
38782.0 41229.0

16023.0 49260.0
17345.0 43015.0
19471.0 42548.0
28187.0 41917.0
31937.0 40507.0

16023.0 49260.0
16515.0 41893.0
16816.0 41651.0
16875.0 41649.0
16956.0 41540.0
16990.0 41387.0
17516.0 41155.0
18016.0 41074.0
18092.0 40531.0
18596.0 40337.0
19912.0 40313.0
21266.0 40310.0
21342.0 40064.0
21708.0 39975.0
24516.0 39972.0
24592.0 39916.0
24820.0 39865.0
25513.0 39758.0
27894.0 39757.0
28687.0 39754.0
28763.0 39631.0
31937.0 39628.0
32013.0 39572.0
32934.0 39511.0
36108.0 39509.0
36184.0 39385.0
39358.0 39384.0
39434.0 39326.0
40355.0 39278.0
43605.0 39152.0
46855.0 39093.0

16023.0 45623.0
16290.0 43116.0
16515.0 41645.0
16595.0 41259.0
17095.0 41160.0
17171.0 41146.0
18016.0 41083.0
18092.0 40466.0
18545.0 40444.0
18596.0 40337.0
19912.0 40313.0
21266.0 40312.0
21342.0 40064.0
21708.0 39975.0
24592.0 39939.0
24820.0 39924.0
25513.0 39758.0
27894.0 39757.0
28687.0 39755.0
28763.0 39631.0
31937.0 39630.0
32934.0 39524.0
36184.0 39445.0
39358.0 39396.0
40355.0 39303.0
43605.0 39176.0

16023.0 45623.0
16290.0 43116.0
16515.0 41645.0
16595.0 41259.0
17095.0 41160.0
17171.0 41146.0
18016.0 41083.0
18092.0 40466.0
18545.0 40444.0
18596.0 40337.0
19912.0 40313.0
21266.0 40310.0
21342.0 40064.0
21708.0 39975.0
24516.0 39974.0
24592.0 39934.0
24820.0 39924.0
25513.0 39758.0
27894.0 39757.0
28687.0 39755.0
28763.0 39631.0
31937.0 39630.0
32013.0 39591.0
32934.0 39524.0
36108.0 39522.0
36184.0 39445.0
39358.0 39396.0
40355.0 39303.0
43605.0 39176.0

16023.0 45623.0
16290.0 43116.0
16515.0 41515.0
16595.0 41120.0
17095.0 41021.0
17171.0 40859.0
18092.0 40466.0
18545.0 40444.0
18596.0 40337.0
19912.0 40313.0
21266.0 40310.0
21342.0 40064.0
21708.0 39975.0
24516.0 39974.0
24592.0 39916.0
25513.0 39758.0
27894.0 39757.0
28687.0 39755.0
28763.0 39631.0
31937.0 39630.0
32013.0 39598.0
32934.0 39524.0
36184.0 39399.0
39358.0 39396.0
40355.0 39302.0
43605.0 39176.0

16023.0 45623.0
16290.0 43116.0
16515.0 41334.0
16595.0 41102.0
17095.0 41021.0
17171.0 40835.0
18092.0 40466.0
18545.0 40444.0
18596.0 40337.0
19912.0 40313.0
21266.0 40310.0
21342.0 40064.0
21708.0 39975.0
24516.0 39972.0
24592.0 39939.0
24820.0 39924.0
25513.0 39758.0
27894.0 39757.0
28687.0 39755.0
28763.0 39631.0
31937.0 39630.0
32013.0 39598.0
32934.0 39524.0
36184.0 39445.0
39358.0 39396.0
40355.0 39303.0
43605.0 39176.0

16023.0 45130.0
16156.0 43350.0
16290.0 42939.0
16515.0 41515.0
16595.0 41120.0
17095.0 41021.0
17171.0 40958.0
17745.0 40905.0
18092.0 40466.0
18545.0 40444.0
18596.0 40337.0
19912.0 40313.0
21266.0 40310.0
21342.0 40064.0
21708.0 39975.0
24516.0 39974.0
24592.0 39916.0
24820.0 39865.0
25513.0 39758.0
27894.0 39757.0
28687.0 39755.0
28763.0 39631.0
31937.0 39630.0
32013.0 39573.0
32934.0 39511.0
36184.0 39398.0
39358.0 39396.0
40355.0 39303.0
43605.0 39176.0

16023.0 45623.0
16290.0 43116.0
16515.0 41645.0
16595.0 41259.0
17095.0 41160.0
17171.0 41146.0
18016.0 41083.0
18092.0 40466.0
18545.0 40444.0
18596.0 40337.0
19912.0 40313.0
21266.0 40312.0
21342.0 40064.0
21708.0 39975.0
24516.0 39972.0
24592.0 39934.0
24820.0 39905.0
25513.0 39758.0
27894.0 39757.0
28687.0 39755.0
28763.0 39631.0
31937.0 39630.0
32013.0 39591.0
32934.0 39524.0
36184.0 39445.0
39358.0 39396.0
40355.0 39303.0
43605.0 39176.0

16023.0 45623.0
16290.0 43000.0
16515.0 41448.0
16595.0 41053.0
17095.0 40954.0
18092.0 40466.0
18545.0 40444.0
18596.0 40337.0
19912.0 40313.0
21266.0 40310.0
21342.0 40064.0
21708.0 39975.0
24516.0 39972.0
24592.0 39916.0
24820.0 39889.0
25513.0 39758.0
27894.0 39757.0
28687.0 39755.0
28763.0 39631.0
31937.0 39630.0
32013.0 39573.0
32934.0 39512.0
36184.0 39423.0
39358.0 39396.0
40355.0 39303.0
43605.0 39176.0

16023.0 45623.0
16290.0 43116.0
16515.0 41267.0
16595.0 41035.0
17095.0 40954.0
17171.0 40768.0
18092.0 40466.0
18545.0 40444.0
18596.0 40337.0
19912.0 40313.0
21266.0 40310.0
21342.0 40064.0
21708.0 39975.0
24516.0 39972.0
24592.0 39916.0
24820.0 39905.0
25513.0 39758.0
27894.0 39757.0
28687.0 39755.0
28763.0 39631.0
31937.0 39630.0
32013.0 39591.0
32934.0 39524.0
36184.0 39445.0
39358.0 39396.0
40355.0 39303.0
43605.0 39176.0

16023.0 45130.0
16156.0 44497.0
16290.0 43000.0
16515.0 41267.0
16595.0 41035.0
17095.0 40954.0
17171.0 40768.0
18092.0 40466.0
18545.0 40444.0
18596.0 40337.0
19912.0 40313.0
21266.0 40310.0
21342.0 40064.0
21708.0 39975.0
24516.0 39972.0
24592.0 39916.0
24820.0 39905.0
25513.0 39758.0
27894.0 39757.0
28687.0 39755.0
28763.0 39631.0
31937.0 39630.0
32013.0 39573.0
32934.0 39512.0
36184.0 39386.0
39434.0 39327.0
40355.0 39303.0
43605.0 39176.0

16023.0 45623.0
16290.0 43000.0
16515.0 41267.0
16595.0 41035.0
17095.0 40954.0
17171.0 40768.0
18092.0 40466.0
18545.0 40444.0
18596.0 40337.0
19912.0 40313.0
21266.0 40310.0
21342.0 40064.0
21708.0 39975.0
24516.0 39972.0
24592.0 39915.0
25513.0 39758.0
27894.0 39757.0
28687.0 39755.0
28763.0 39631.0
31937.0 39630.0
32013.0 39572.0
32934.0 39511.0
36184.0 39385.0
39434.0 39326.0
40355.0 39297.0
43605.0 39153.0
46779.0 39152.0
46855.0 39117.0
50029.0 39093.0


