16515.0 48714.0
16816.0 42095.0
16956.0 41984.0
16990.0 41387.0
17516.0 41155.0
18092.0 40624.0
18596.0 40583.0
19912.0 40559.0
21266.0 40556.0
21342.0 40186.0
24801.0 40135.0
28763.0 39867.0
36184.0 39680.0

16023.0 49918.0
16156.0 47832.0
16256.0 47177.0
16515.0 46815.0
16956.0 45131.0
17345.0 44500.0
17492.0 44373.0
18092.0 42742.0
20438.0 41770.0
28763.0 41242.0
60700.0 38975.0

16515.0 48714.0
17745.0 48240.0
17996.0 47214.0
18922.0 46162.0
19505.0 44398.0
25513.0 42991.0
34908.0 42977.0

16515.0 48714.0
17745.0 48240.0
18148.0 44477.0
19505.0 44398.0
20345.0 44389.0
21342.0 43628.0
25513.0 42991.0
27266.0 42034.0

16515.0 48714.0
16816.0 41745.0
16990.0 41481.0
17516.0 41249.0
18016.0 41186.0
18092.0 40715.0
18545.0 40693.0
18596.0 40586.0
19912.0 40562.0
21266.0 40559.0
21342.0 40277.0
21708.0 39975.0
24516.0 39972.0
24592.0 39939.0
27766.0 39936.0
27913.0 39924.0
28763.0 39631.0
31937.0 39629.0
32013.0 39572.0
35263.0 39537.0
36184.0 39385.0

16515.0 48714.0
16816.0 42542.0
16990.0 41478.0
17516.0 41246.0
18016.0 41183.0
18092.0 40466.0
18545.0 40444.0
18596.0 40377.0
21342.0 40104.0
21708.0 40087.0
24516.0 40084.0
24592.0 39939.0
25513.0 39916.0
27842.0 39880.0
28763.0 39721.0
32013.0 39693.0
32934.0 39670.0

16515.0 48714.0
16816.0 42542.0
16990.0 41478.0
17516.0 41246.0
18016.0 41168.0
18092.0 40466.0
18545.0 40444.0
18596.0 40377.0
21342.0 40064.0
21708.0 39999.0
24592.0 39939.0
25513.0 39916.0
27842.0 39880.0
28763.0 39721.0
32013.0 39693.0
32934.0 39670.0

16515.0 48714.0
16816.0 41678.0
16990.0 41478.0
17516.0 41246.0
18016.0 41168.0
18092.0 40466.0
18545.0 40444.0
18596.0 40337.0
21266.0 40312.0
21342.0 40064.0
21708.0 39999.0
24516.0 39974.0
24592.0 39939.0
25513.0 39916.0
27766.0 39915.0
27842.0 39880.0
28763.0 39721.0
32013.0 39669.0

16515.0 48714.0
16816.0 42542.0
16990.0 41478.0
17516.0 41246.0
18016.0 41183.0
18092.0 40466.0
18545.0 40444.0
18596.0 40377.0
21342.0 40104.0
21657.0 40082.0
24592.0 39939.0
25513.0 39916.0
27842.0 39880.0
28763.0 39721.0
32013.0 39669.0

16515.0 48714.0
16816.0 42182.0
16990.0 41478.0
17516.0 41246.0
18016.0 41168.0
18092.0 40466.0
18545.0 40444.0
18596.0 40377.0
21342.0 40104.0
21708.0 40063.0
24592.0 39939.0
25513.0 39916.0
27842.0 39880.0
28763.0 39721.0
32013.0 39669.0

16515.0 48714.0
16816.0 42542.0
16990.0 41478.0
17516.0 41246.0
18016.0 41168.0
18092.0 40466.0
18545.0 40444.0
18596.0 40377.0
21342.0 40064.0
21708.0 39999.0
24592.0 39939.0
25513.0 39916.0
27842.0 39880.0
28763.0 39721.0
32013.0 39693.0
32934.0 39670.0

16515.0 48714.0
16816.0 41678.0
16990.0 41478.0
17516.0 41246.0
18016.0 41168.0
18092.0 40466.0
18545.0 40444.0
18596.0 40377.0
21342.0 40064.0
21708.0 39999.0
24592.0 39939.0
25513.0 39916.0
27842.0 39880.0
28763.0 39720.0
32013.0 39693.0
32934.0 39670.0
36184.0 39611.0

16515.0 48714.0
16816.0 42542.0
16990.0 41478.0
17516.0 41246.0
18016.0 41168.0
18092.0 40466.0
18545.0 40444.0
18596.0 40377.0
21342.0 40064.0
21708.0 39999.0
24592.0 39939.0
25513.0 39916.0
27842.0 39880.0
28763.0 39721.0
32013.0 39693.0
32934.0 39670.0

16515.0 48714.0
16816.0 42182.0
16990.0 41478.0
17516.0 41246.0
18016.0 41168.0
18092.0 40466.0
18545.0 40444.0
18596.0 40377.0
21342.0 40064.0
21708.0 39999.0
24592.0 39939.0
25513.0 39916.0
27842.0 39880.0
28763.0 39720.0
32013.0 39693.0
32934.0 39670.0
36184.0 39611.0

16515.0 42425.0
16519.0 42379.0
16595.0 42193.0
16816.0 41745.0
16990.0 41478.0
17516.0 41246.0
18016.0 41168.0
18092.0 40466.0
18545.0 40444.0
18596.0 40337.0
19912.0 40313.0
21266.0 40312.0
21342.0 40064.0
21708.0 39975.0
24516.0 39972.0
24592.0 39915.0
25513.0 39758.0
27894.0 39757.0
28763.0 39631.0
32013.0 39572.0
32934.0 39511.0
36184.0 39385.0
39434.0 39327.0


