16023.0 42541.0
16156.0 42260.0
16595.0 41865.0
16990.0 41614.0
17516.0 41509.0
17745.0 41409.0
18092.0 40619.0
18545.0 40602.0
18596.0 40337.0
19912.0 40313.0
21266.0 40312.0
21342.0 40064.0
21708.0 40042.0
24592.0 39915.0
25513.0 39867.0
27894.0 39816.0
28763.0 39631.0
31937.0 39628.0
32013.0 39572.0
32934.0 39524.0
36184.0 39398.0
39434.0 39339.0
43605.0 39316.0
46855.0 39257.0

15590.0 61068.0
16023.0 46524.0
16290.0 45907.0
16515.0 44218.0
17345.0 44165.0
17492.0 43710.0
18092.0 42721.0
18596.0 42413.0
19313.0 42256.0
19505.0 41605.0
24937.0 41593.0
25513.0 41340.0
27913.0 41201.0
63874.0 38972.0

16726.0 56143.0
17996.0 46665.0
21266.0 45927.0
23550.0 45152.0
24016.0 44886.0
24654.0 43889.0
28000.0 43696.0
36108.0 43153.0

16726.0 56143.0
16990.0 46143.0
18092.0 44987.0
18615.0 41175.0
21342.0 40588.0
28763.0 40068.0

16023.0 45189.0
16256.0 45078.0
16290.0 44798.0
16480.0 43498.0
16494.0 43104.0
16816.0 41807.0
16956.0 41737.0
16990.0 41568.0
17516.0 41134.0
18016.0 41074.0
18092.0 40466.0
18545.0 40444.0
18596.0 40353.0
19912.0 40313.0
21266.0 40310.0
21342.0 40064.0
21708.0 39975.0
24516.0 39972.0
24592.0 39915.0
24820.0 39865.0
25513.0 39758.0
27894.0 39757.0
28687.0 39755.0
28763.0 39631.0
31937.0 39629.0
32013.0 39572.0
32934.0 39511.0
36184.0 39385.0
39434.0 39326.0
40355.0 39278.0
43605.0 39152.0
46855.0 39093.0

16290.0 44298.0
16515.0 41448.0
16595.0 41053.0
17095.0 40954.0
18092.0 40466.0
18545.0 40444.0
18596.0 40337.0
19912.0 40313.0
21266.0 40312.0
21342.0 40064.0
21708.0 39975.0
24516.0 39972.0
24592.0 39916.0
25513.0 39758.0
28763.0 39631.0
31937.0 39630.0
32013.0 39572.0
32934.0 39512.0
36184.0 39422.0
39434.0 39339.0
47776.0 39221.0

16023.0 44105.0
16515.0 41448.0
16595.0 41053.0
17095.0 40954.0
18092.0 40466.0
18545.0 40444.0
18596.0 40337.0
19912.0 40313.0
21266.0 40312.0
21342.0 40064.0
21708.0 39975.0
24516.0 39972.0
24592.0 39915.0
25513.0 39758.0
27894.0 39757.0
28763.0 39631.0
31937.0 39630.0
32013.0 39572.0
32934.0 39512.0
36184.0 39386.0
39434.0 39339.0
43605.0 39328.0
47776.0 39221.0

16023.0 43234.0
16515.0 41448.0
16595.0 41053.0
17095.0 40954.0
18092.0 40466.0
18545.0 40444.0
18596.0 40337.0
19912.0 40313.0
21266.0 40312.0
21342.0 40064.0
21708.0 39975.0
24516.0 39972.0
24592.0 39916.0
25513.0 39758.0
27894.0 39757.0
28763.0 39631.0
31937.0 39630.0
32013.0 39572.0
32934.0 39512.0
36184.0 39386.0
39434.0 39339.0
43605.0 39304.0
47776.0 39221.0

16023.0 43789.0
16515.0 41267.0
16595.0 41035.0
17095.0 40954.0
17171.0 40768.0
18092.0 40466.0
18545.0 40444.0
18596.0 40337.0
19912.0 40313.0
21266.0 40312.0
21342.0 40064.0
21708.0 39975.0
24516.0 39972.0
24592.0 39916.0
25513.0 39758.0
28763.0 39631.0
31937.0 39630.0
32013.0 39572.0
32934.0 39512.0
36184.0 39385.0
39434.0 39339.0
47776.0 39221.0

16023.0 43789.0
16495.0 43725.0
16515.0 41267.0
16595.0 41035.0
17095.0 40954.0
17171.0 40744.0
18092.0 40466.0
18545.0 40444.0
18596.0 40337.0
19912.0 40313.0
21266.0 40312.0
21342.0 40064.0
21708.0 39975.0
24516.0 39972.0
24592.0 39916.0
25513.0 39758.0
27894.0 39757.0
28763.0 39631.0
31937.0 39629.0
32013.0 39572.0
32934.0 39512.0
36108.0 39511.0
36184.0 39385.0
39358.0 39383.0
39434.0 39339.0
47776.0 39221.0

16023.0 43789.0
16515.0 41448.0
16595.0 41053.0
17095.0 40954.0
18092.0 40466.0
18545.0 40444.0
18596.0 40337.0
19912.0 40313.0
21266.0 40312.0
21342.0 40064.0
21708.0 39975.0
24516.0 39972.0
24592.0 39915.0
25513.0 39758.0
27894.0 39757.0
28763.0 39631.0
31937.0 39630.0
32013.0 39572.0
32934.0 39512.0
36184.0 39399.0
39434.0 39339.0
43605.0 39328.0
47776.0 39221.0

16023.0 43789.0
16515.0 41267.0
16595.0 41035.0
17095.0 40954.0
17171.0 40744.0
18092.0 40466.0
18545.0 40444.0
18596.0 40337.0
19912.0 40313.0
21266.0 40312.0
21342.0 40064.0
21708.0 39975.0
24516.0 39972.0
24592.0 39915.0
24820.0 39865.0
25513.0 39758.0
27894.0 39757.0
28763.0 39631.0
31937.0 39630.0
32013.0 39572.0
32934.0 39512.0
36184.0 39386.0
39434.0 39339.0
43605.0 39304.0
47776.0 39221.0

16023.0 43789.0
16515.0 41267.0
16595.0 41035.0
17095.0 40954.0
17171.0 40744.0
18092.0 40466.0
18545.0 40444.0
18596.0 40337.0
19912.0 40313.0
21266.0 40312.0
21342.0 40064.0
21708.0 39975.0
24516.0 39972.0
24592.0 39915.0
25513.0 39758.0
27894.0 39757.0
28763.0 39631.0
31937.0 39630.0
32013.0 39572.0
32934.0 39512.0
36184.0 39386.0
39434.0 39339.0
43605.0 39328.0
47776.0 39221.0

16023.0 42501.0
16515.0 41448.0
16595.0 41053.0
17095.0 40954.0
18092.0 40466.0
18545.0 40444.0
18596.0 40337.0
19912.0 40313.0
21266.0 40312.0
21342.0 40064.0
21708.0 39975.0
24516.0 39972.0
24592.0 39915.0
24820.0 39865.0
25513.0 39758.0
27894.0 39757.0
28763.0 39631.0
31937.0 39629.0
32013.0 39572.0
32934.0 39512.0
36184.0 39386.0
39358.0 39383.0
39434.0 39327.0
47776.0 39221.0

16023.0 43789.0
16515.0 41448.0
16595.0 41035.0
17095.0 40954.0
17171.0 40768.0
18092.0 40466.0
18545.0 40444.0
18596.0 40337.0
19912.0 40313.0
21266.0 40312.0
21342.0 40064.0
21708.0 39975.0
24516.0 39972.0
24592.0 39916.0
25513.0 39758.0
27894.0 39757.0
28763.0 39631.0
31937.0 39630.0
32013.0 39572.0
32934.0 39512.0
36184.0 39385.0
39434.0 39326.0
40355.0 39279.0
43605.0 39152.0
46855.0 39093.0


