16816.0 42138.0
16871.0 42009.0
16956.0 41811.0
16990.0 41396.0
17516.0 41164.0
18016.0 41101.0
18092.0 40531.0
18545.0 40509.0
18596.0 40402.0
19912.0 40378.0
21342.0 40129.0
21708.0 40107.0
24516.0 40104.0
24592.0 39981.0
25513.0 39912.0
28687.0 39909.0
28763.0 39764.0
32013.0 39638.0
32934.0 39608.0
36184.0 39512.0
40355.0 39368.0
43605.0 39220.0

16023.0 47642.0
16290.0 47014.0
16816.0 45603.0
17345.0 43785.0
18092.0 42746.0
18623.0 42188.0
19505.0 42072.0
21342.0 42004.0
22263.0 41331.0
39358.0 40770.0
63874.0 38972.0

16816.0 47580.0
18922.0 44519.0
24516.0 43894.0
26466.0 43893.0
30136.0 43314.0
31437.0 41901.0

16816.0 47580.0
18056.0 43492.0
20438.0 42617.0
22263.0 40716.0

16816.0 42235.0
16990.0 41537.0
17516.0 41228.0
18016.0 41129.0
18092.0 40606.0
18545.0 40514.0
18596.0 40377.0
19912.0 40313.0
21342.0 40064.0
21708.0 39975.0
24516.0 39972.0
24592.0 39915.0
24820.0 39865.0
25513.0 39758.0
28687.0 39755.0
28763.0 39631.0
31937.0 39630.0
32013.0 39572.0
32934.0 39512.0
36108.0 39511.0
36184.0 39386.0
39358.0 39385.0
39434.0 39326.0
46855.0 39268.0

16515.0 45775.0
16816.0 41612.0
16990.0 41568.0
17516.0 41173.0
18016.0 41074.0
18092.0 40466.0
18545.0 40444.0
18596.0 40337.0
19912.0 40313.0
21266.0 40310.0
21342.0 40064.0
21708.0 39975.0
24516.0 39972.0
24592.0 39916.0
24820.0 39905.0
25513.0 39758.0
28687.0 39757.0
28763.0 39632.0
31937.0 39629.0
32013.0 39573.0
32934.0 39525.0
36108.0 39508.0
36184.0 39399.0
42608.0 39347.0

16495.0 49968.0
16515.0 45775.0
16816.0 41612.0
16990.0 41568.0
17516.0 41173.0
18016.0 41074.0
18092.0 40466.0
18545.0 40444.0
18596.0 40337.0
19912.0 40313.0
21266.0 40310.0
21342.0 40064.0
21708.0 39975.0
24516.0 39972.0
24592.0 39916.0
24820.0 39865.0
25513.0 39758.0
28687.0 39757.0
28763.0 39632.0
31937.0 39629.0
32013.0 39573.0
32934.0 39512.0
36108.0 39508.0
36184.0 39386.0
39434.0 39340.0
42608.0 39339.0

16023.0 42548.0
16156.0 42267.0
16595.0 41872.0
16816.0 41612.0
16990.0 41387.0
17171.0 41376.0
17516.0 41155.0
18016.0 41074.0
18092.0 40466.0
18545.0 40444.0
18596.0 40337.0
19912.0 40313.0
21266.0 40310.0
21342.0 40064.0
21708.0 39975.0
24516.0 39972.0
24592.0 39916.0
24820.0 39889.0
25513.0 39758.0
28687.0 39757.0
28763.0 39632.0
31937.0 39629.0
32013.0 39573.0
32934.0 39511.0
36108.0 39508.0
36184.0 39386.0
39434.0 39350.0
42608.0 39347.0

16515.0 44739.0
16726.0 42532.0
16816.0 41547.0
17326.0 41385.0
17516.0 41152.0
18016.0 41053.0
18092.0 40466.0
18545.0 40444.0
18596.0 40337.0
19912.0 40313.0
21266.0 40310.0
21342.0 40064.0
21708.0 39975.0
24516.0 39972.0
24592.0 39916.0
24820.0 39889.0
25513.0 39758.0
27894.0 39757.0
28763.0 39632.0
31937.0 39629.0
32013.0 39573.0
32934.0 39511.0
36108.0 39508.0
36184.0 39399.0
42608.0 39347.0

16515.0 42176.0
16595.0 41944.0
16816.0 41608.0
16956.0 41589.0
16990.0 41568.0
17095.0 41526.0
17516.0 41173.0
18016.0 41074.0
18092.0 40466.0
18545.0 40444.0
18596.0 40337.0
19912.0 40313.0
21266.0 40310.0
21342.0 40064.0
21708.0 39975.0
24516.0 39972.0
24592.0 39916.0
24820.0 39889.0
25513.0 39758.0
28687.0 39757.0
28763.0 39632.0
31937.0 39629.0
32013.0 39573.0
32934.0 39511.0
36108.0 39508.0
36184.0 39399.0
42608.0 39347.0

16515.0 45775.0
16816.0 41612.0
16990.0 41568.0
17516.0 41173.0
18016.0 41074.0
18092.0 40466.0
18545.0 40444.0
18596.0 40337.0
19912.0 40313.0
21266.0 40310.0
21342.0 40064.0
21708.0 39975.0
24516.0 39972.0
24592.0 39916.0
24820.0 39865.0
25513.0 39758.0
28687.0 39757.0
28763.0 39632.0
31937.0 39629.0
32013.0 39573.0
32934.0 39511.0
36108.0 39508.0
36184.0 39399.0
39434.0 39340.0
40355.0 39303.0
42684.0 39291.0
43605.0 39244.0

16515.0 45775.0
16816.0 41612.0
16990.0 41387.0
17516.0 41155.0
18016.0 41074.0
18092.0 40466.0
18545.0 40444.0
18596.0 40337.0
19912.0 40313.0
21266.0 40310.0
21342.0 40064.0
21708.0 39975.0
24516.0 39972.0
24592.0 39916.0
24820.0 39865.0
25513.0 39758.0
28687.0 39757.0
28763.0 39632.0
31937.0 39629.0
32013.0 39573.0
32934.0 39511.0
36108.0 39508.0
36184.0 39386.0
39434.0 39340.0
40355.0 39303.0
43605.0 39177.0
46855.0 39118.0

16515.0 45775.0
16726.0 42597.0
16816.0 41612.0
16990.0 41568.0
17326.0 41450.0
17516.0 41173.0
18016.0 41074.0
18092.0 40466.0
18545.0 40444.0
18596.0 40337.0
19912.0 40313.0
21266.0 40310.0
21342.0 40064.0
21708.0 39975.0
24516.0 39972.0
24592.0 39916.0
24820.0 39865.0
25513.0 39758.0
28687.0 39757.0
28763.0 39632.0
31937.0 39629.0
32013.0 39573.0
32934.0 39511.0
36108.0 39508.0
36184.0 39399.0
39358.0 39398.0
39434.0 39340.0
40355.0 39303.0
42684.0 39291.0
43605.0 39244.0

16515.0 42176.0
16595.0 41944.0
16816.0 41612.0
16956.0 41567.0
16990.0 41387.0
17516.0 41155.0
18016.0 41074.0
18092.0 40466.0
18545.0 40444.0
18596.0 40337.0
19912.0 40313.0
21266.0 40310.0
21342.0 40064.0
21708.0 39975.0
24516.0 39972.0
24592.0 39916.0
24820.0 39865.0
25513.0 39758.0
28687.0 39757.0
28763.0 39632.0
31937.0 39629.0
32013.0 39573.0
32934.0 39511.0
36108.0 39508.0
36184.0 39399.0
39358.0 39398.0
39434.0 39340.0
40355.0 39303.0
42684.0 39291.0
43605.0 39244.0

16515.0 42850.0
16816.0 41366.0
17516.0 41134.0
18016.0 41071.0
18092.0 40466.0
18545.0 40444.0
18596.0 40337.0
19912.0 40313.0
21266.0 40310.0
21342.0 40064.0
21708.0 39975.0
24516.0 39972.0
24592.0 39916.0
24820.0 39865.0
25513.0 39758.0
28687.0 39756.0
28763.0 39632.0
31937.0 39629.0
32013.0 39573.0
32934.0 39511.0
36108.0 39508.0
36184.0 39386.0
39434.0 39350.0
40355.0 39302.0
43605.0 39153.0
46855.0 39117.0
50029.0 39114.0


