16156.0 45178.0
16595.0 43805.0
16956.0 43701.0
17095.0 43479.0
17492.0 42168.0
18092.0 40995.0
18596.0 40686.0
19912.0 40662.0
21266.0 40661.0
21342.0 40378.0
21708.0 40247.0
25513.0 40081.0
28763.0 39903.0
40355.0 39706.0

16023.0 46725.0
16990.0 46314.0
17279.0 45673.0
19280.0 44235.0
22716.0 44137.0
24820.0 44109.0
27913.0 43764.0
31006.0 42161.0
57450.0 39010.0
60700.0 38975.0

17279.0 45673.0
21661.0 44458.0
24310.0 44440.0
28763.0 43662.0
46103.0 41321.0

17279.0 45673.0

16816.0 41651.0
16956.0 41540.0
16990.0 41387.0
17516.0 41155.0
18016.0 41092.0
18092.0 40669.0
18545.0 40607.0
18596.0 40511.0
21266.0 40441.0
21342.0 40064.0
21708.0 40015.0
24516.0 40014.0
28763.0 39782.0

16816.0 41651.0
16956.0 41540.0
16990.0 41387.0
17516.0 41155.0
18016.0 41092.0
18092.0 40669.0
18545.0 40607.0
18596.0 40511.0
21266.0 40441.0
21342.0 40064.0
21708.0 40015.0
24516.0 40014.0
28763.0 39782.0

16816.0 41651.0
16956.0 41540.0
16990.0 41387.0
17516.0 41155.0
18016.0 41092.0
18092.0 40669.0
18545.0 40607.0
18596.0 40511.0
21266.0 40441.0
21342.0 40064.0
21708.0 40015.0
24516.0 40014.0
28763.0 39782.0

16816.0 41651.0
16956.0 41540.0
16990.0 41387.0
17516.0 41155.0
18016.0 41092.0
18092.0 40669.0
18545.0 40607.0
18596.0 40511.0
21266.0 40441.0
21342.0 40064.0
21708.0 40015.0
24516.0 40014.0
28763.0 39782.0

16816.0 41651.0
16956.0 41540.0
16990.0 41387.0
17516.0 41155.0
18016.0 41092.0
18092.0 40669.0
18545.0 40607.0
18596.0 40511.0
21266.0 40441.0
21342.0 40064.0
21708.0 40015.0
24516.0 40014.0
28763.0 39782.0

16816.0 41651.0
16956.0 41540.0
16990.0 41387.0
17516.0 41155.0
18016.0 41092.0
18092.0 40669.0
18545.0 40607.0
18596.0 40511.0
21266.0 40441.0
21342.0 40064.0
21708.0 40015.0
24516.0 40014.0
28763.0 39782.0

16816.0 41651.0
16956.0 41540.0
16990.0 41387.0
17516.0 41155.0
18016.0 41092.0
18092.0 40669.0
18545.0 40607.0
18596.0 40511.0
21266.0 40441.0
21342.0 40064.0
21708.0 40015.0
24516.0 40014.0
28763.0 39782.0

16816.0 41651.0
16956.0 41540.0
16990.0 41387.0
17516.0 41155.0
18016.0 41092.0
18092.0 40669.0
18545.0 40607.0
18596.0 40511.0
21266.0 40441.0
21342.0 40064.0
21708.0 40015.0
24516.0 40014.0
28763.0 39782.0

16816.0 41651.0
16956.0 41540.0
16990.0 41387.0
17516.0 41155.0
18016.0 41092.0
18092.0 40669.0
18545.0 40607.0
18596.0 40511.0
21266.0 40441.0
21342.0 40064.0
21708.0 40015.0
24516.0 40014.0
28763.0 39782.0

16816.0 41651.0
16956.0 41540.0
16990.0 41387.0
17516.0 41155.0
18016.0 41092.0
18092.0 40669.0
18545.0 40607.0
18596.0 40511.0
21266.0 40441.0
21342.0 40064.0
21708.0 40015.0
24516.0 40014.0
28763.0 39782.0

16816.0 41651.0
16956.0 41540.0
16990.0 41387.0
17516.0 41155.0
18016.0 41092.0
18092.0 40669.0
18545.0 40607.0
18596.0 40511.0
21266.0 40441.0
21342.0 40064.0
21708.0 40015.0
24516.0 40014.0
28763.0 39782.0


