16515.0 41997.0
16595.0 41765.0
17095.0 41702.0
18016.0 41369.0
18092.0 41201.0
18596.0 41064.0
18615.0 40508.0
19946.0 40485.0
20387.0 40484.0
21266.0 40483.0
21342.0 40129.0
21708.0 40040.0
24592.0 39980.0
25513.0 39912.0
28687.0 39910.0
28763.0 39697.0
32013.0 39637.0
36184.0 39475.0
39434.0 39439.0

16023.0 52665.0
16515.0 44298.0
18016.0 44267.0
18092.0 43646.0
19505.0 42815.0
20857.0 42786.0
21708.0 42543.0
23950.0 42494.0
24150.0 42196.0
24516.0 41831.0
28687.0 41719.0
29684.0 41339.0
63874.0 38972.0

17713.0 50840.0
18596.0 49210.0
18790.0 48904.0
19466.0 46783.0
19505.0 42856.0

17713.0 50840.0
17945.0 48617.0
19466.0 46783.0
19505.0 42856.0

16595.0 42691.0
16816.0 41681.0
16956.0 41570.0
16990.0 41417.0
17516.0 41185.0
18016.0 41122.0
18092.0 40466.0
18545.0 40444.0
18596.0 40337.0
19912.0 40313.0
21266.0 40310.0
21342.0 40064.0
21708.0 39975.0
24516.0 39972.0
24592.0 39915.0
24820.0 39865.0
25513.0 39782.0
28763.0 39631.0
32013.0 39572.0
35187.0 39571.0
35263.0 39537.0
36184.0 39385.0
39434.0 39326.0
42684.0 39291.0
43605.0 39153.0
46855.0 39093.0

16515.0 41745.0
16595.0 41350.0
17095.0 41251.0
17516.0 41233.0
18016.0 41152.0
18092.0 40702.0
18545.0 40680.0
18596.0 40402.0
19912.0 40378.0
21342.0 40104.0
21708.0 39975.0
24820.0 39924.0
25513.0 39798.0
28763.0 39672.0
32013.0 39573.0
36184.0 39386.0
39434.0 39367.0
43605.0 39153.0
46855.0 39134.0

16515.0 41745.0
16595.0 41350.0
17095.0 41251.0
17516.0 41233.0
18016.0 41152.0
18092.0 40702.0
18545.0 40680.0
18596.0 40402.0
19912.0 40378.0
21342.0 40064.0
21708.0 39975.0
24516.0 39974.0
24592.0 39963.0
24820.0 39924.0
25513.0 39758.0
28763.0 39632.0
32013.0 39573.0
36184.0 39386.0
39434.0 39367.0
40355.0 39279.0
43605.0 39153.0
46855.0 39134.0

16023.0 42375.0
16156.0 41932.0
16515.0 41745.0
16595.0 41259.0
17095.0 41160.0
17171.0 40744.0
18092.0 40496.0
18545.0 40474.0
18596.0 40337.0
19912.0 40313.0
21266.0 40310.0
21342.0 40064.0
21708.0 39975.0
24516.0 39974.0
24592.0 39916.0
25513.0 39758.0
28687.0 39755.0
28763.0 39632.0
31937.0 39631.0
32013.0 39573.0
32934.0 39512.0
36184.0 39386.0
39434.0 39367.0
43605.0 39153.0
46855.0 39134.0

16515.0 41358.0
16595.0 41126.0
17095.0 41063.0
17171.0 40829.0
18092.0 40496.0
18545.0 40474.0
18596.0 40367.0
19912.0 40343.0
21266.0 40340.0
21342.0 40088.0
21708.0 39975.0
24820.0 39924.0
25513.0 39798.0
28763.0 39632.0
32013.0 39573.0
36184.0 39386.0
39434.0 39367.0
40355.0 39319.0
43605.0 39153.0
46855.0 39134.0

16515.0 41358.0
16595.0 41126.0
17095.0 41063.0
17171.0 40829.0
18092.0 40635.0
18545.0 40613.0
18596.0 40402.0
19912.0 40378.0
21266.0 40377.0
21342.0 40104.0
21708.0 39975.0
24820.0 39924.0
25513.0 39798.0
28763.0 39632.0
32013.0 39573.0
32934.0 39525.0
36184.0 39386.0
39434.0 39367.0
40355.0 39319.0
43605.0 39153.0
46855.0 39134.0

16515.0 41745.0
16595.0 41350.0
17095.0 41251.0
17516.0 41155.0
18016.0 41074.0
18092.0 40496.0
18545.0 40474.0
18596.0 40367.0
19912.0 40343.0
21266.0 40342.0
21342.0 40064.0
21708.0 39975.0
24516.0 39974.0
24592.0 39939.0
24820.0 39924.0
25513.0 39758.0
28763.0 39632.0
31937.0 39631.0
32013.0 39573.0
32934.0 39525.0
36184.0 39386.0
39434.0 39367.0
40355.0 39279.0
43605.0 39153.0
46855.0 39134.0

16023.0 43010.0
16156.0 41946.0
16515.0 41382.0
16595.0 41150.0
17095.0 41087.0
17171.0 40744.0
18092.0 40466.0
18545.0 40444.0
18596.0 40337.0
19912.0 40313.0
21266.0 40312.0
21342.0 40064.0
21708.0 39975.0
24516.0 39974.0
24592.0 39939.0
24820.0 39924.0
25513.0 39758.0
28763.0 39632.0
31937.0 39631.0
32013.0 39573.0
32934.0 39525.0
36184.0 39386.0
39434.0 39367.0
40355.0 39279.0
43605.0 39153.0
46855.0 39134.0

16515.0 41564.0
16595.0 41332.0
17095.0 41251.0
17171.0 40859.0
18092.0 40496.0
18545.0 40474.0
18596.0 40367.0
19912.0 40343.0
21266.0 40342.0
21342.0 40064.0
21708.0 39975.0
24516.0 39974.0
24592.0 39939.0
24820.0 39924.0
25513.0 39758.0
28763.0 39632.0
31937.0 39631.0
32013.0 39573.0
32934.0 39525.0
36184.0 39386.0
39434.0 39367.0
40355.0 39279.0
43605.0 39153.0
46855.0 39134.0

16515.0 41358.0
16595.0 41126.0
17095.0 41063.0
17171.0 40829.0
18092.0 40466.0
18545.0 40444.0
18596.0 40337.0
19912.0 40313.0
21266.0 40310.0
21342.0 40064.0
21708.0 39975.0
24516.0 39974.0
24592.0 39916.0
24820.0 39884.0
25513.0 39758.0
28687.0 39755.0
28763.0 39632.0
31937.0 39629.0
32013.0 39573.0
32934.0 39512.0
36184.0 39386.0
39434.0 39367.0
40355.0 39279.0
43605.0 39153.0
46855.0 39134.0

16515.0 41745.0
16595.0 41350.0
17095.0 41251.0
17516.0 41155.0
18016.0 41074.0
18092.0 40496.0
18545.0 40474.0
18596.0 40367.0
19912.0 40343.0
21266.0 40340.0
21342.0 40064.0
21708.0 39975.0
24516.0 39974.0
24592.0 39916.0
24820.0 39865.0
25513.0 39758.0
28763.0 39632.0
31937.0 39629.0
32013.0 39573.0
32934.0 39512.0
36184.0 39386.0
39434.0 39367.0
40355.0 39303.0
43605.0 39152.0
46855.0 39093.0


