16480.0 43870.0
16494.0 43476.0
16816.0 42602.0
16956.0 42048.0
16990.0 41688.0
17745.0 41463.0
18016.0 41393.0
18092.0 40496.0
18545.0 40474.0
18596.0 40367.0
19912.0 40343.0
21342.0 40216.0
21708.0 40040.0
24516.0 40037.0
25513.0 39855.0
28763.0 39721.0
32934.0 39535.0
36184.0 39385.0

15590.0 51665.0
16023.0 46080.0
16515.0 46070.0
16745.0 44439.0
18446.0 44097.0
18615.0 43766.0
19980.0 43035.0
21821.0 42634.0
24801.0 42432.0
27166.0 41364.0
28763.0 40497.0
63874.0 38972.0

16936.0 52762.0
18446.0 49662.0
18671.0 47439.0
19112.0 45658.0
19745.0 44842.0
19980.0 43035.0

17345.0 48579.0
18016.0 43898.0
19980.0 43035.0
23950.0 42819.0
25437.0 42573.0

16515.0 41519.0
16595.0 41287.0
17095.0 41224.0
18092.0 40619.0
18545.0 40602.0
18596.0 40337.0
19912.0 40313.0
21266.0 40310.0
21342.0 40064.0
21708.0 39975.0
25513.0 39758.0
27894.0 39757.0
28763.0 39632.0
32934.0 39625.0
36108.0 39509.0
36184.0 39386.0
43605.0 39304.0

16515.0 43512.0
16571.0 42458.0
16922.0 42388.0
16956.0 42001.0
16990.0 41614.0
17171.0 41438.0
17516.0 41382.0
18016.0 41319.0
18092.0 40589.0
18596.0 40425.0
19912.0 40401.0
21266.0 40400.0
21342.0 40275.0
21708.0 40063.0
24516.0 40062.0
24592.0 39939.0
24750.0 39922.0
25513.0 39823.0
28763.0 39817.0
31437.0 39693.0
32934.0 39614.0
43029.0 39545.0

16515.0 43449.0
16571.0 42458.0
16922.0 42388.0
16956.0 42001.0
16990.0 41461.0
17171.0 41438.0
17516.0 41229.0
18016.0 41166.0
18092.0 40531.0
18545.0 40509.0
18596.0 40402.0
19912.0 40378.0
21266.0 40377.0
21342.0 40275.0
21708.0 40063.0
24516.0 40062.0
24592.0 39915.0
25513.0 39823.0
28687.0 39822.0
28763.0 39764.0
31437.0 39693.0
32934.0 39614.0
36108.0 39589.0
43029.0 39545.0

16515.0 43449.0
16571.0 42458.0
16922.0 42388.0
16956.0 42001.0
16990.0 41396.0
17516.0 41164.0
18016.0 41101.0
18092.0 40466.0
18545.0 40444.0
18596.0 40337.0
19912.0 40313.0
21266.0 40312.0
21342.0 40254.0
21708.0 40042.0
24592.0 39915.0
25513.0 39758.0
28763.0 39631.0
32013.0 39572.0
36108.0 39564.0
43029.0 39545.0

16515.0 43449.0
16571.0 42458.0
16922.0 42388.0
16956.0 42001.0
16990.0 41396.0
17516.0 41164.0
18016.0 41101.0
18092.0 40466.0
18545.0 40444.0
18596.0 40337.0
19912.0 40313.0
21266.0 40312.0
21342.0 40254.0
21708.0 40042.0
24592.0 39915.0
25513.0 39758.0
28763.0 39723.0
31437.0 39693.0
32934.0 39614.0
43029.0 39545.0

16515.0 43449.0
16571.0 42458.0
16922.0 42388.0
16956.0 42001.0
16990.0 41396.0
17516.0 41164.0
18016.0 41101.0
18092.0 40466.0
18545.0 40444.0
18596.0 40337.0
19912.0 40313.0
21266.0 40312.0
21342.0 40254.0
21708.0 40042.0
24516.0 40041.0
24592.0 39915.0
25513.0 39758.0
28763.0 39631.0
32013.0 39572.0
36108.0 39564.0
43029.0 39545.0

16515.0 43449.0
16571.0 42458.0
16922.0 42388.0
16956.0 42001.0
16990.0 41396.0
17516.0 41164.0
18016.0 41101.0
18092.0 40466.0
18545.0 40444.0
18596.0 40337.0
19912.0 40313.0
21266.0 40312.0
21342.0 40254.0
21708.0 40042.0
24592.0 39915.0
25513.0 39758.0
28763.0 39723.0
31437.0 39693.0
32934.0 39614.0
43029.0 39545.0

16515.0 43449.0
16571.0 42458.0
16922.0 42388.0
16956.0 42001.0
16990.0 41461.0
17171.0 41438.0
17516.0 41229.0
18016.0 41166.0
18092.0 40531.0
18545.0 40509.0
18596.0 40402.0
19912.0 40378.0
21266.0 40377.0
21342.0 40275.0
21657.0 40264.0
21708.0 40063.0
24516.0 40062.0
24592.0 39915.0
25513.0 39823.0
28763.0 39631.0
32013.0 39572.0
36184.0 39453.0

16515.0 43449.0
16571.0 42458.0
16922.0 42388.0
16956.0 42001.0
16990.0 41396.0
17516.0 41164.0
18016.0 41101.0
18092.0 40466.0
18545.0 40444.0
18596.0 40337.0
19912.0 40313.0
21266.0 40312.0
21342.0 40254.0
21708.0 40042.0
24592.0 39915.0
25513.0 39758.0
28763.0 39723.0
31437.0 39693.0
32934.0 39614.0
43029.0 39545.0

16515.0 43449.0
16571.0 42458.0
16922.0 42388.0
16956.0 42001.0
16990.0 41396.0
17516.0 41164.0
18016.0 41101.0
18092.0 40466.0
18545.0 40444.0
18596.0 40337.0
19912.0 40313.0
21266.0 40312.0
21342.0 40254.0
21708.0 40042.0
24516.0 40041.0
24592.0 39915.0
25513.0 39758.0
28763.0 39631.0
32013.0 39572.0
36108.0 39564.0
43029.0 39545.0

16515.0 43449.0
16571.0 42458.0
16595.0 41942.0
16990.0 41396.0
17516.0 41164.0
18016.0 41101.0
18092.0 40466.0
18545.0 40444.0
18596.0 40337.0
19912.0 40313.0
21266.0 40312.0
21342.0 40253.0
21708.0 40042.0
24516.0 40041.0
24592.0 39915.0
25513.0 39758.0
28763.0 39631.0
32013.0 39597.0
32934.0 39549.0
36184.0 39466.0
39358.0 39465.0
39434.0 39363.0
43605.0 39341.0


