16156.0 42290.0
16515.0 41576.0
16595.0 41181.0
17095.0 41021.0
17171.0 40835.0
18545.0 40813.0
18596.0 40807.0
18615.0 40463.0
19912.0 40439.0
20345.0 40438.0
20421.0 40403.0
21342.0 40244.0
21708.0 40155.0
24516.0 40154.0
24592.0 40095.0
24820.0 39884.0
27766.0 39883.0
28763.0 39709.0
32013.0 39573.0
42108.0 39459.0
43605.0 39389.0
46855.0 39230.0
49529.0 39213.0

16023.0 48209.0
16515.0 48153.0
16595.0 47174.0
17171.0 44438.0
18092.0 43065.0
18596.0 42345.0
24801.0 42294.0
25010.0 42203.0
25513.0 41757.0
27862.0 41694.0
42108.0 40830.0
60700.0 38975.0

17996.0 50402.0
18056.0 46292.0
20489.0 46133.0
21708.0 43977.0
29684.0 43770.0

17996.0 50402.0
18056.0 46292.0
21708.0 43977.0
29684.0 43770.0

16515.0 44025.0
16726.0 42612.0
16816.0 41807.0
16956.0 41737.0
16990.0 41568.0
17516.0 41173.0
18016.0 41074.0
18092.0 40624.0
18545.0 40602.0
18596.0 40535.0
18615.0 40443.0
20387.0 40419.0
21266.0 40418.0
21342.0 40064.0
21708.0 39975.0
24516.0 39972.0
24592.0 39916.0
24820.0 39865.0
27766.0 39864.0
27842.0 39848.0
28763.0 39632.0
31937.0 39629.0
32013.0 39573.0
35263.0 39537.0
36184.0 39398.0
39434.0 39327.0
42684.0 39304.0
43605.0 39260.0

16515.0 42485.0
16816.0 41612.0
16990.0 41426.0
17516.0 41217.0
17745.0 41201.0
18016.0 41118.0
18092.0 40544.0
18545.0 40527.0
18596.0 40431.0
21266.0 40388.0
21342.0 40295.0
21657.0 40171.0
21708.0 40152.0
24592.0 40125.0
24750.0 40082.0
24801.0 40063.0
25513.0 39876.0
28763.0 39809.0
31937.0 39755.0
32013.0 39650.0
32934.0 39613.0
36108.0 39610.0
36184.0 39487.0
39358.0 39484.0

16515.0 42485.0
16816.0 41612.0
16990.0 41426.0
17516.0 41217.0
17745.0 41201.0
18016.0 41118.0
18092.0 40544.0
18545.0 40527.0
18596.0 40431.0
21266.0 40388.0
21342.0 40104.0
21708.0 40103.0
24516.0 40060.0
24820.0 40041.0
25513.0 39876.0
27766.0 39862.0
28763.0 39809.0
31937.0 39755.0
32013.0 39650.0
32934.0 39613.0
36108.0 39610.0
36184.0 39487.0
39358.0 39484.0

16515.0 42485.0
16816.0 41431.0
16990.0 41396.0
17516.0 41164.0
18016.0 41083.0
18092.0 40466.0
18545.0 40444.0
18596.0 40337.0
19912.0 40313.0
21266.0 40312.0
21342.0 40064.0
21708.0 39975.0
25513.0 39782.0
27843.0 39776.0
28763.0 39696.0
32013.0 39650.0
32934.0 39613.0
36108.0 39610.0
36184.0 39487.0
39358.0 39484.0

16515.0 42485.0
16816.0 41366.0
17516.0 41134.0
18016.0 41071.0
18092.0 40544.0
18545.0 40527.0
18596.0 40431.0
21266.0 40388.0
21342.0 40295.0
21657.0 40171.0
21708.0 40152.0
24592.0 40125.0
24750.0 40082.0
24801.0 40063.0
25513.0 39876.0
28763.0 39720.0
31937.0 39717.0
32013.0 39650.0
32934.0 39613.0
36108.0 39610.0
36184.0 39487.0
39358.0 39484.0

16515.0 42485.0
16816.0 41612.0
16990.0 41426.0
17516.0 41217.0
17745.0 41201.0
18016.0 41118.0
18092.0 40544.0
18545.0 40522.0
18596.0 40415.0
19912.0 40391.0
21266.0 40388.0
21342.0 40264.0
21657.0 40171.0
21708.0 40152.0
24592.0 40017.0
25513.0 39836.0
28687.0 39835.0
28763.0 39709.0
32013.0 39632.0
32934.0 39613.0
36108.0 39610.0
36184.0 39487.0
39358.0 39484.0

16515.0 42485.0
16816.0 41612.0
16990.0 41426.0
17516.0 41212.0
17745.0 41201.0
18016.0 41113.0
18092.0 40544.0
18545.0 40474.0
18596.0 40431.0
21266.0 40388.0
21342.0 40193.0
21657.0 40171.0
21708.0 40104.0
24750.0 40082.0
24801.0 40063.0
25513.0 39876.0
28763.0 39758.0
31937.0 39755.0
32013.0 39632.0
32934.0 39613.0
36108.0 39610.0
36184.0 39487.0
39358.0 39484.0

16515.0 41473.0
16595.0 41241.0
17095.0 41178.0
17516.0 41134.0
18016.0 41071.0
18092.0 40496.0
18545.0 40474.0
18596.0 40367.0
19912.0 40343.0
21266.0 40342.0
21342.0 40193.0
21657.0 40082.0
21708.0 39999.0
24516.0 39996.0
24592.0 39963.0
25513.0 39758.0
28763.0 39739.0
31937.0 39718.0
32013.0 39650.0
32934.0 39525.0
36108.0 39522.0
36184.0 39487.0
39358.0 39484.0

16515.0 42485.0
16816.0 41366.0
17516.0 41134.0
18016.0 41053.0
18092.0 40544.0
18545.0 40474.0
18596.0 40431.0
21266.0 40388.0
21342.0 40193.0
21657.0 40171.0
21708.0 40104.0
24750.0 40082.0
24801.0 40063.0
25513.0 39876.0
28763.0 39758.0
31937.0 39755.0
32013.0 39632.0
32934.0 39613.0
36108.0 39610.0
36184.0 39487.0
39358.0 39484.0

16515.0 42420.0
16816.0 41612.0
16990.0 41426.0
17516.0 41217.0
17745.0 41201.0
18016.0 41113.0
18092.0 40496.0
18545.0 40474.0
18596.0 40367.0
19912.0 40343.0
21342.0 40193.0
21657.0 40082.0
21708.0 39975.0
24516.0 39972.0
25513.0 39758.0
28763.0 39709.0
32013.0 39650.0
32934.0 39554.0
36184.0 39428.0
39358.0 39407.0
40355.0 39321.0
43605.0 39195.0

16515.0 41473.0
16595.0 41126.0
17095.0 41045.0
17171.0 40768.0
18092.0 40466.0
18545.0 40444.0
18596.0 40337.0
19912.0 40313.0
21342.0 40064.0
21708.0 39975.0
24592.0 39963.0
25513.0 39758.0
28687.0 39755.0
28763.0 39656.0
31937.0 39653.0
32013.0 39591.0
32934.0 39512.0
36184.0 39439.0
39434.0 39358.0
46779.0 39150.0
50029.0 39091.0


