16515.0 41673.0
16595.0 41278.0
17095.0 41179.0
17516.0 41164.0
18016.0 41101.0
18092.0 40635.0
18545.0 40613.0
18596.0 40337.0
19912.0 40313.0
21342.0 40064.0
21708.0 39975.0
24516.0 39972.0
24592.0 39916.0
24820.0 39865.0
25513.0 39758.0
28763.0 39631.0
32013.0 39573.0
32934.0 39525.0
36184.0 39386.0
39434.0 39327.0
40355.0 39279.0
43605.0 39153.0
46855.0 39094.0

16023.0 46149.0
16515.0 45961.0
16745.0 43384.0
16816.0 42910.0
18545.0 42317.0
20742.0 42296.0
21342.0 42041.0
21638.0 41649.0
27173.0 41184.0
31006.0 40827.0
31937.0 40624.0
36184.0 40591.0
63874.0 38972.0

17396.0 55616.0
17492.0 46179.0
21708.0 45668.0
22640.0 45385.0
22740.0 44993.0
22880.0 43972.0
27166.0 43950.0
30290.0 43103.0

17396.0 53940.0
17492.0 46179.0
19587.0 43501.0
25513.0 42416.0

15590.0 46147.0
16070.0 45632.0
16093.0 44847.0
16290.0 43528.0
16550.0 43322.0
16816.0 41949.0
16956.0 41838.0
16990.0 41423.0
17516.0 41191.0
18016.0 41110.0
18092.0 40646.0
18545.0 40629.0
18596.0 40337.0
19912.0 40313.0
21266.0 40310.0
21342.0 40064.0
21708.0 39975.0
24516.0 39972.0
24592.0 39915.0
24820.0 39865.0
25513.0 39758.0
28763.0 39631.0
31937.0 39628.0
32013.0 39572.0
35187.0 39569.0
35263.0 39537.0
36184.0 39385.0
39434.0 39326.0
42684.0 39291.0
43605.0 39152.0
46855.0 39093.0

16023.0 46336.0
16290.0 45155.0
16494.0 43322.0
16515.0 41568.0
16990.0 41387.0
17095.0 41255.0
17171.0 40859.0
18092.0 40466.0
18545.0 40444.0
18596.0 40337.0
19912.0 40313.0
21266.0 40310.0
21342.0 40088.0
21708.0 39975.0
24516.0 39974.0
24592.0 39939.0
24820.0 39865.0
25513.0 39758.0
27894.0 39757.0
28687.0 39755.0
28763.0 39632.0
32013.0 39620.0
32934.0 39536.0
36184.0 39477.0
43605.0 39391.0
45858.0 39295.0

16023.0 46336.0
16290.0 45155.0
16494.0 43322.0
16515.0 41358.0
16595.0 41126.0
17095.0 41063.0
17171.0 40859.0
18092.0 40466.0
18545.0 40444.0
18596.0 40337.0
19912.0 40313.0
21266.0 40310.0
21342.0 40088.0
21708.0 39975.0
24516.0 39974.0
24592.0 39939.0
24820.0 39865.0
25513.0 39758.0
27894.0 39757.0
28687.0 39755.0
28763.0 39632.0
32013.0 39597.0
32934.0 39536.0
36184.0 39477.0
39434.0 39351.0
42608.0 39326.0
45858.0 39295.0

16023.0 46336.0
16156.0 41879.0
16515.0 41328.0
16595.0 41096.0
17095.0 41033.0
17171.0 40829.0
18092.0 40466.0
18545.0 40444.0
18596.0 40337.0
19912.0 40313.0
21266.0 40310.0
21342.0 40064.0
21708.0 39975.0
24516.0 39974.0
24592.0 39916.0
24820.0 39865.0
25513.0 39758.0
27894.0 39757.0
28687.0 39755.0
28763.0 39632.0
31937.0 39629.0
32013.0 39573.0
32934.0 39536.0
36184.0 39410.0
39434.0 39391.0
42608.0 39366.0
43605.0 39341.0
45858.0 39295.0

16023.0 46336.0
16290.0 45155.0
16494.0 43322.0
16515.0 41358.0
16595.0 41126.0
17095.0 41063.0
17171.0 40744.0
18092.0 40466.0
18545.0 40444.0
18596.0 40337.0
19912.0 40313.0
21266.0 40310.0
21342.0 40088.0
21708.0 39975.0
24516.0 39974.0
24592.0 39916.0
24820.0 39865.0
25513.0 39758.0
27894.0 39757.0
28687.0 39755.0
28763.0 39632.0
31937.0 39631.0
32013.0 39573.0
32934.0 39536.0
36184.0 39410.0
39434.0 39351.0
42608.0 39326.0
45858.0 39295.0

16023.0 46336.0
16156.0 43910.0
16290.0 43055.0
16515.0 41358.0
16595.0 41126.0
17095.0 41063.0
17171.0 40744.0
18092.0 40466.0
18545.0 40444.0
18596.0 40337.0
19912.0 40313.0
21266.0 40310.0
21342.0 40088.0
21708.0 39975.0
24516.0 39974.0
24592.0 39916.0
24820.0 39865.0
25513.0 39758.0
27894.0 39757.0
28687.0 39755.0
28763.0 39632.0
31937.0 39631.0
32013.0 39573.0
32934.0 39512.0
36184.0 39399.0
39434.0 39351.0
43605.0 39341.0
45858.0 39295.0

16023.0 46336.0
16156.0 43910.0
16494.0 43322.0
16515.0 41267.0
16595.0 41035.0
17095.0 40954.0
17171.0 40768.0
18092.0 40466.0
18545.0 40444.0
18596.0 40337.0
19912.0 40313.0
21266.0 40310.0
21342.0 40088.0
21708.0 39975.0
24516.0 39974.0
24592.0 39939.0
24820.0 39865.0
25513.0 39758.0
27894.0 39757.0
28687.0 39754.0
28763.0 39632.0
31937.0 39630.0
32013.0 39597.0
32934.0 39536.0
36184.0 39455.0
38858.0 39448.0
39434.0 39351.0
42608.0 39326.0
45858.0 39295.0

16023.0 46336.0
16156.0 43910.0
16494.0 43322.0
16515.0 41267.0
16595.0 41035.0
17095.0 40954.0
17171.0 40768.0
18092.0 40466.0
18545.0 40444.0
18596.0 40337.0
19912.0 40313.0
21266.0 40310.0
21342.0 40064.0
21708.0 39975.0
24516.0 39972.0
24592.0 39916.0
24820.0 39865.0
25513.0 39758.0
27894.0 39757.0
28687.0 39754.0
28763.0 39632.0
31937.0 39629.0
32013.0 39596.0
32934.0 39536.0
36108.0 39511.0
36184.0 39473.0
39358.0 39452.0
39434.0 39351.0
42608.0 39326.0
45858.0 39295.0

16023.0 46336.0
16156.0 43910.0
16494.0 43322.0
16515.0 41267.0
16595.0 41035.0
17095.0 40954.0
17171.0 40768.0
18092.0 40466.0
18545.0 40444.0
18596.0 40337.0
19912.0 40313.0
21266.0 40310.0
21342.0 40064.0
21708.0 39975.0
24516.0 39974.0
24592.0 39916.0
24820.0 39865.0
25513.0 39758.0
27894.0 39757.0
28687.0 39754.0
28763.0 39632.0
31937.0 39629.0
32013.0 39597.0
32934.0 39525.0
36108.0 39511.0
36184.0 39455.0
38858.0 39448.0
39434.0 39351.0
42608.0 39326.0
45858.0 39295.0

16023.0 46336.0
16156.0 41940.0
16515.0 41267.0
16595.0 41035.0
17095.0 40954.0
17171.0 40768.0
18092.0 40466.0
18545.0 40444.0
18596.0 40337.0
19912.0 40313.0
21266.0 40310.0
21342.0 40064.0
21708.0 39975.0
24516.0 39972.0
24592.0 39915.0
24820.0 39865.0
25513.0 39758.0
27894.0 39757.0
28687.0 39754.0
28763.0 39631.0
31937.0 39629.0
32013.0 39572.0
32934.0 39525.0
36108.0 39511.0
36184.0 39410.0
39434.0 39351.0
42608.0 39326.0
43605.0 39317.0
45858.0 39295.0

16023.0 46336.0
16156.0 43910.0
16494.0 43322.0
16515.0 41267.0
16595.0 41035.0
17095.0 40972.0
17171.0 40768.0
18092.0 40466.0
18545.0 40444.0
18596.0 40337.0
19912.0 40313.0
21266.0 40310.0
21342.0 40064.0
21708.0 39975.0
24516.0 39974.0
24592.0 39916.0
24820.0 39865.0
25513.0 39758.0
27894.0 39757.0
28687.0 39754.0
28763.0 39632.0
31937.0 39629.0
32013.0 39573.0
32934.0 39512.0
36108.0 39511.0
36184.0 39410.0
39434.0 39351.0
42608.0 39326.0
45858.0 39295.0
46855.0 39118.0


