16023.0 45067.0
16745.0 43006.0
16816.0 41840.0
16956.0 41729.0
16990.0 41717.0
17516.0 41497.0
18016.0 41485.0
18092.0 40466.0
18545.0 40444.0
18596.0 40377.0
21342.0 40064.0
21708.0 39975.0
24592.0 39915.0
24820.0 39865.0
27766.0 39864.0
27842.0 39829.0
28763.0 39699.0
31937.0 39696.0
32013.0 39572.0
35187.0 39570.0
35263.0 39537.0
36184.0 39453.0
39434.0 39326.0
42684.0 39291.0

16023.0 47310.0
16515.0 45329.0
16956.0 44964.0
17516.0 44433.0
17923.0 44054.0
18016.0 43642.0
18092.0 42393.0
18615.0 42113.0
19946.0 41833.0
21108.0 41816.0
21342.0 41408.0
22461.0 41291.0
24937.0 41220.0
25513.0 41052.0
28187.0 41025.0
30085.0 40154.0
63874.0 38972.0

17279.0 45673.0
21661.0 44458.0
24310.0 44440.0
28763.0 43662.0
46103.0 41321.0

17279.0 45673.0
18856.0 43044.0
27166.0 42309.0
46103.0 41321.0

16745.0 44714.0
16816.0 41922.0
16990.0 41396.0
17516.0 41164.0
18016.0 41101.0
18092.0 40466.0
18545.0 40444.0
18596.0 40337.0
19912.0 40313.0
21266.0 40310.0
21342.0 40064.0
21708.0 39975.0
24516.0 39972.0
24592.0 39915.0
24820.0 39865.0
25513.0 39758.0
27894.0 39757.0
28687.0 39755.0
28763.0 39631.0
31937.0 39628.0
32013.0 39572.0
32934.0 39511.0
36184.0 39385.0
39358.0 39382.0
39434.0 39326.0
40355.0 39278.0
43605.0 39152.0
46779.0 39151.0
46855.0 39093.0
51026.0 39071.0

16023.0 44220.0
16290.0 43465.0
16515.0 41576.0
16595.0 41114.0
17171.0 40744.0
18092.0 40466.0
18545.0 40444.0
18596.0 40337.0
19912.0 40313.0
21266.0 40310.0
21342.0 40064.0
21708.0 39975.0
24516.0 39974.0
24592.0 39940.0
25513.0 39804.0
28763.0 39632.0
32934.0 39536.0
36184.0 39410.0
43605.0 39317.0

16023.0 44220.0
16290.0 43465.0
16515.0 41448.0
16595.0 41053.0
17095.0 40954.0
17171.0 40744.0
18092.0 40466.0
18545.0 40444.0
18596.0 40337.0
19912.0 40313.0
21266.0 40310.0
21342.0 40064.0
21708.0 39975.0
24516.0 39972.0
24592.0 39916.0
25513.0 39758.0
28763.0 39632.0
32013.0 39597.0
32934.0 39512.0
36184.0 39386.0
40355.0 39367.0
43605.0 39317.0
46855.0 39117.0

16023.0 42410.0
16515.0 41334.0
16595.0 41053.0
17095.0 40954.0
17171.0 40744.0
18092.0 40466.0
18545.0 40444.0
18596.0 40337.0
19912.0 40313.0
21266.0 40310.0
21342.0 40064.0
21708.0 39975.0
24516.0 39972.0
24592.0 39916.0
25513.0 39758.0
28687.0 39757.0
28763.0 39632.0
31937.0 39629.0
32013.0 39573.0
32934.0 39512.0
36184.0 39410.0
40355.0 39367.0
43605.0 39317.0

16023.0 44220.0
16290.0 43465.0
16515.0 41267.0
16595.0 41035.0
17095.0 40954.0
17171.0 40744.0
18092.0 40466.0
18545.0 40444.0
18596.0 40337.0
19912.0 40313.0
21266.0 40310.0
21342.0 40064.0
21708.0 39975.0
24516.0 39974.0
24592.0 39915.0
25513.0 39758.0
27894.0 39757.0
28763.0 39632.0
31937.0 39631.0
32013.0 39596.0
32934.0 39518.0
36184.0 39410.0
40355.0 39279.0
43605.0 39243.0
47776.0 39197.0
51026.0 39159.0

16023.0 42410.0
16515.0 41328.0
16595.0 41035.0
17095.0 40954.0
17171.0 40744.0
18092.0 40466.0
18545.0 40444.0
18596.0 40337.0
19912.0 40313.0
21266.0 40310.0
21342.0 40064.0
21708.0 39975.0
24516.0 39972.0
24592.0 39916.0
25513.0 39758.0
27894.0 39757.0
28687.0 39756.0
28763.0 39631.0
31937.0 39629.0
32013.0 39573.0
32934.0 39512.0
36108.0 39509.0
36184.0 39386.0
39358.0 39383.0
40355.0 39279.0
43529.0 39278.0
43605.0 39193.0
51026.0 39111.0

16023.0 44220.0
16290.0 43465.0
16515.0 41448.0
16595.0 41053.0
17095.0 40954.0
17171.0 40744.0
18092.0 40466.0
18545.0 40444.0
18596.0 40337.0
19912.0 40313.0
21266.0 40310.0
21342.0 40064.0
21708.0 39975.0
24516.0 39972.0
24592.0 39915.0
25513.0 39758.0
28687.0 39757.0
28763.0 39632.0
32013.0 39572.0
32934.0 39512.0
36184.0 39386.0
40355.0 39286.0
43605.0 39160.0
46855.0 39117.0
51026.0 39078.0

16023.0 44220.0
16290.0 43465.0
16515.0 41267.0
16595.0 41053.0
17095.0 40954.0
17171.0 40744.0
18092.0 40466.0
18545.0 40444.0
18596.0 40337.0
19912.0 40313.0
21266.0 40310.0
21342.0 40064.0
21708.0 39975.0
24516.0 39972.0
24592.0 39916.0
25513.0 39758.0
28687.0 39755.0
28763.0 39631.0
31937.0 39629.0
32013.0 39573.0
32934.0 39512.0
36184.0 39385.0
40355.0 39278.0
43605.0 39237.0
46855.0 39117.0

16023.0 44220.0
16290.0 43465.0
16515.0 41267.0
16595.0 41035.0
17095.0 40954.0
17171.0 40744.0
18092.0 40466.0
18545.0 40444.0
18596.0 40337.0
19912.0 40313.0
21266.0 40310.0
21342.0 40064.0
21708.0 39975.0
24516.0 39972.0
24592.0 39915.0
24820.0 39908.0
25513.0 39758.0
28763.0 39631.0
32013.0 39572.0
32934.0 39512.0
36184.0 39386.0
40355.0 39343.0
43605.0 39317.0
46855.0 39117.0

16023.0 42410.0
16515.0 41448.0
16595.0 41053.0
17095.0 40954.0
17171.0 40744.0
18092.0 40466.0
18545.0 40444.0
18596.0 40337.0
19912.0 40313.0
21266.0 40310.0
21342.0 40064.0
21708.0 39975.0
24516.0 39972.0
24592.0 39916.0
24820.0 39908.0
25513.0 39758.0
27894.0 39757.0
28687.0 39755.0
28763.0 39631.0
31937.0 39629.0
32013.0 39573.0
32934.0 39512.0
36184.0 39385.0
39358.0 39382.0
39434.0 39327.0
40355.0 39279.0
43605.0 39153.0
46855.0 39117.0
51026.0 39071.0

16023.0 44220.0
16290.0 43465.0
16515.0 41267.0
16595.0 41035.0
17095.0 40954.0
17171.0 40744.0
18092.0 40466.0
18545.0 40444.0
18596.0 40337.0
19912.0 40313.0
21266.0 40310.0
21342.0 40064.0
21708.0 39975.0
24516.0 39972.0
24592.0 39916.0
24820.0 39884.0
25513.0 39758.0
28687.0 39755.0
28763.0 39631.0
31937.0 39629.0
32013.0 39573.0
32934.0 39532.0
36108.0 39509.0
36184.0 39385.0
39358.0 39383.0
39434.0 39327.0
40355.0 39279.0
43605.0 39152.0
46855.0 39094.0
51026.0 39071.0


