16070.0 45785.0
16290.0 44721.0
16816.0 42481.0
16990.0 41417.0
17516.0 41185.0
18016.0 41122.0
18092.0 40496.0
18545.0 40479.0
18596.0 40337.0
19912.0 40313.0
21266.0 40310.0
21342.0 40064.0
21708.0 39975.0
24592.0 39939.0
25513.0 39758.0
27894.0 39757.0
28763.0 39631.0
32013.0 39573.0
32934.0 39512.0
36184.0 39386.0
39434.0 39327.0
46855.0 39245.0

16023.0 47375.0
16122.0 46597.0
17145.0 46581.0
17996.0 44822.0
19313.0 44680.0
19912.0 43717.0
20066.0 42646.0
22263.0 42153.0
22427.0 41485.0
36184.0 41390.0
63874.0 38972.0

17145.0 51719.0
18092.0 49485.0
18615.0 49006.0
18623.0 48671.0
20387.0 47064.0
21657.0 46521.0
22263.0 44287.0
32358.0 44048.0
32934.0 42094.0

17145.0 51719.0
18092.0 49485.0
18545.0 46809.0
21657.0 46521.0
21708.0 45118.0
22263.0 44071.0
22680.0 43496.0
29684.0 41148.0

16571.0 42858.0
16816.0 41778.0
16956.0 41667.0
16990.0 41423.0
17516.0 41191.0
18016.0 41110.0
18092.0 40466.0
18545.0 40444.0
18596.0 40337.0
19912.0 40313.0
21266.0 40310.0
21342.0 40064.0
21708.0 39975.0
24516.0 39972.0
24592.0 39915.0
24820.0 39865.0
25513.0 39758.0
28763.0 39631.0
32013.0 39572.0
32934.0 39512.0
36184.0 39386.0
39434.0 39327.0
40355.0 39279.0
43605.0 39153.0
46855.0 39094.0

16023.0 46604.0
16156.0 45423.0
16419.0 44995.0
16495.0 44759.0
16515.0 41745.0
16595.0 41350.0
17095.0 41251.0
17516.0 41134.0
18016.0 41053.0
18092.0 40466.0
18545.0 40444.0
18596.0 40337.0
19912.0 40313.0
21266.0 40312.0
21342.0 40088.0
21657.0 40071.0
21708.0 39999.0
24516.0 39972.0
24592.0 39940.0
25513.0 39804.0
28763.0 39656.0
32934.0 39571.0
36184.0 39410.0
40355.0 39279.0

16023.0 46604.0
16156.0 45423.0
16419.0 44995.0
16495.0 44759.0
16515.0 41745.0
16595.0 41350.0
17095.0 41251.0
17516.0 41134.0
18016.0 41053.0
18092.0 40466.0
18545.0 40444.0
18596.0 40337.0
19912.0 40313.0
21266.0 40312.0
21342.0 40088.0
21657.0 40071.0
21708.0 39999.0
24516.0 39972.0
24592.0 39940.0
24820.0 39889.0
25513.0 39782.0
28763.0 39655.0
32013.0 39643.0
32934.0 39536.0
36184.0 39409.0
40355.0 39279.0

16023.0 46604.0
16093.0 44681.0
16290.0 43500.0
16515.0 41654.0
16595.0 41350.0
17095.0 41160.0
17516.0 41134.0
18016.0 41053.0
18092.0 40466.0
18545.0 40444.0
18596.0 40337.0
19912.0 40313.0
21266.0 40312.0
21342.0 40088.0
21657.0 40071.0
21708.0 39999.0
24516.0 39972.0
24592.0 39916.0
24820.0 39889.0
25513.0 39782.0
28763.0 39656.0
32013.0 39643.0
32934.0 39571.0
36184.0 39410.0
40355.0 39279.0

16023.0 46604.0
16156.0 45423.0
16419.0 44995.0
16495.0 44759.0
16515.0 41526.0
16519.0 41427.0
16595.0 41320.0
17095.0 41221.0
17516.0 41134.0
18016.0 41053.0
18092.0 40466.0
18545.0 40444.0
18596.0 40337.0
19912.0 40313.0
21266.0 40312.0
21342.0 40088.0
21657.0 40071.0
21708.0 39975.0
24516.0 39972.0
24592.0 39940.0
25513.0 39782.0
28763.0 39656.0
32934.0 39536.0
36184.0 39410.0
40355.0 39279.0

16023.0 46604.0
16156.0 43165.0
16515.0 41745.0
16595.0 41350.0
17095.0 41251.0
17516.0 41134.0
18016.0 41053.0
18092.0 40466.0
18545.0 40444.0
18596.0 40337.0
19912.0 40313.0
21266.0 40312.0
21342.0 40064.0
21708.0 39975.0
24516.0 39972.0
24592.0 39940.0
24820.0 39889.0
25513.0 39782.0
28763.0 39632.0
32013.0 39573.0
32934.0 39536.0
36184.0 39410.0
40355.0 39279.0

16023.0 46604.0
16156.0 45423.0
16419.0 44995.0
16495.0 44759.0
16515.0 41745.0
16595.0 41350.0
17095.0 41251.0
17516.0 41134.0
18016.0 41053.0
18092.0 40466.0
18545.0 40444.0
18596.0 40337.0
19912.0 40313.0
21266.0 40312.0
21342.0 40088.0
21657.0 40071.0
21708.0 39975.0
24516.0 39972.0
24592.0 39923.0
24820.0 39889.0
25513.0 39758.0
28763.0 39632.0
32934.0 39525.0
36184.0 39410.0
40355.0 39279.0

16023.0 46604.0
16156.0 45423.0
16290.0 43500.0
16515.0 41654.0
16595.0 41259.0
17095.0 41160.0
17516.0 41134.0
18016.0 41053.0
18092.0 40466.0
18545.0 40444.0
18596.0 40337.0
19912.0 40313.0
21266.0 40312.0
21342.0 40064.0
21708.0 39975.0
24516.0 39972.0
24592.0 39923.0
24820.0 39889.0
25513.0 39758.0
28687.0 39757.0
28763.0 39656.0
32013.0 39643.0
32934.0 39519.0
36184.0 39410.0
40355.0 39279.0

16023.0 46604.0
16156.0 45423.0
16419.0 44995.0
16495.0 44759.0
16515.0 41526.0
16519.0 41427.0
16595.0 41320.0
17095.0 41221.0
17516.0 41134.0
18016.0 41053.0
18092.0 40466.0
18545.0 40444.0
18596.0 40337.0
19912.0 40313.0
21266.0 40312.0
21342.0 40088.0
21657.0 40071.0
21708.0 39975.0
24516.0 39972.0
24592.0 39923.0
24820.0 39889.0
25513.0 39758.0
28687.0 39757.0
28763.0 39632.0
32934.0 39525.0
36184.0 39410.0
40355.0 39279.0

16023.0 46604.0
16156.0 45423.0
16290.0 45058.0
16419.0 44995.0
16495.0 44759.0
16515.0 41745.0
16595.0 41350.0
17095.0 41251.0
17516.0 41134.0
18016.0 41053.0
18092.0 40466.0
18545.0 40444.0
18596.0 40337.0
19912.0 40313.0
21266.0 40312.0
21342.0 40088.0
21657.0 40071.0
21708.0 39975.0
24516.0 39972.0
24592.0 39940.0
24820.0 39889.0
25513.0 39758.0
28687.0 39757.0
28763.0 39632.0
31937.0 39631.0
32934.0 39512.0
36184.0 39410.0
40355.0 39279.0

16023.0 46604.0
16156.0 45423.0
16419.0 44995.0
16495.0 44759.0
16515.0 41654.0
16595.0 41259.0
17095.0 41160.0
17516.0 41134.0
18016.0 41053.0
18092.0 40466.0
18545.0 40444.0
18596.0 40337.0
19912.0 40313.0
21266.0 40312.0
21342.0 40064.0
21708.0 39975.0
24516.0 39972.0
24592.0 39923.0
24820.0 39889.0
25513.0 39758.0
28763.0 39631.0
32013.0 39573.0
32934.0 39512.0
36184.0 39393.0
39434.0 39347.0
40355.0 39279.0
43605.0 39248.0
46855.0 39245.0


