16290.0 49607.0
16745.0 43264.0
16816.0 41678.0
16956.0 41622.0
16990.0 41578.0
17516.0 41346.0
17745.0 41286.0
18016.0 41283.0
18092.0 40511.0
18596.0 40337.0
19912.0 40313.0
21266.0 40310.0
21342.0 40064.0
21708.0 39975.0
24592.0 39915.0
25513.0 39758.0
27894.0 39757.0
28687.0 39755.0
28763.0 39631.0
32013.0 39573.0
32934.0 39511.0
36184.0 39385.0
39434.0 39350.0
42684.0 39291.0
43605.0 39152.0
53700.0 39132.0

15590.0 57389.0
16023.0 53920.0
16093.0 53158.0
16156.0 47898.0
16515.0 46290.0
16595.0 45517.0
17095.0 44619.0
17345.0 43880.0
17694.0 43068.0
18092.0 41785.0
21342.0 41754.0
21638.0 41495.0
21708.0 41402.0
22263.0 41164.0
24820.0 41150.0
25513.0 40919.0
28763.0 40872.0
35263.0 40422.0
46855.0 40252.0
63874.0 38972.0

16290.0 49607.0
18092.0 48831.0
21661.0 45518.0
22263.0 44859.0
27411.0 43440.0

16290.0 49607.0
16816.0 49568.0
17745.0 48895.0
18092.0 48831.0
18671.0 47597.0
19505.0 45920.0
20155.0 45222.0
20166.0 45194.0
22263.0 44859.0
23397.0 44748.0
24201.0 44453.0
24976.0 43796.0
27411.0 43440.0
28763.0 42230.0

16290.0 49607.0
16515.0 43945.0
16526.0 43701.0
16726.0 42532.0
16816.0 41366.0
17516.0 41134.0
18016.0 41071.0
18092.0 40466.0
18545.0 40444.0
18596.0 40337.0
19912.0 40313.0
21266.0 40310.0
21342.0 40064.0
21708.0 39975.0
24516.0 39972.0
24592.0 39915.0
24820.0 39865.0
25513.0 39758.0
27894.0 39757.0
28687.0 39754.0
28763.0 39631.0
31937.0 39628.0
32013.0 39572.0
32934.0 39511.0
36108.0 39509.0
36184.0 39385.0
39358.0 39382.0
39434.0 39326.0
40355.0 39278.0
43529.0 39275.0
43605.0 39152.0
46779.0 39149.0
46855.0 39117.0
54276.0 39012.0

16023.0 42547.0
16156.0 42104.0
16515.0 41358.0
16595.0 41144.0
17095.0 41045.0
17171.0 40835.0
18092.0 40466.0
18545.0 40444.0
18596.0 40337.0
19912.0 40313.0
21266.0 40310.0
21342.0 40064.0
21708.0 39975.0
24516.0 39974.0
24592.0 39915.0
24820.0 39865.0
25513.0 39758.0
28763.0 39632.0
32013.0 39573.0
32934.0 39511.0
36184.0 39385.0
39434.0 39339.0
42684.0 39304.0
43605.0 39153.0
46855.0 39133.0
54276.0 39051.0
57450.0 39050.0

16023.0 42547.0
16156.0 42104.0
16515.0 41358.0
16595.0 41144.0
17095.0 41045.0
17171.0 40744.0
18092.0 40466.0
18545.0 40444.0
18596.0 40337.0
19912.0 40313.0
21266.0 40310.0
21342.0 40064.0
21708.0 39975.0
24516.0 39974.0
24592.0 39915.0
24820.0 39865.0
25513.0 39758.0
28763.0 39631.0
32013.0 39573.0
32934.0 39511.0
36184.0 39385.0
39434.0 39327.0
42684.0 39291.0
43605.0 39153.0
46855.0 39133.0
54276.0 39051.0
57450.0 39050.0

16023.0 42389.0
16156.0 41946.0
16515.0 41358.0
16595.0 41096.0
17095.0 41033.0
17171.0 40829.0
18092.0 40466.0
18545.0 40444.0
18596.0 40337.0
19912.0 40313.0
21266.0 40310.0
21342.0 40064.0
21708.0 39975.0
24516.0 39974.0
24592.0 39915.0
24820.0 39865.0
25513.0 39758.0
28687.0 39755.0
28763.0 39631.0
32013.0 39572.0
32934.0 39511.0
36184.0 39385.0
39434.0 39339.0
42684.0 39291.0
43605.0 39153.0
46855.0 39133.0
54276.0 39051.0
57450.0 39050.0

16023.0 42547.0
16156.0 42104.0
16515.0 41358.0
16595.0 41144.0
17095.0 41045.0
17171.0 40744.0
18092.0 40466.0
18545.0 40444.0
18596.0 40337.0
19912.0 40313.0
21266.0 40310.0
21342.0 40064.0
21708.0 39975.0
24516.0 39974.0
24592.0 39915.0
24820.0 39865.0
25513.0 39758.0
28763.0 39632.0
32013.0 39573.0
32934.0 39511.0
36184.0 39385.0
39434.0 39327.0
42684.0 39291.0
43605.0 39153.0
46855.0 39133.0
54276.0 39051.0
57450.0 39050.0

16023.0 42457.0
16156.0 42029.0
16515.0 41328.0
16595.0 41096.0
17095.0 41015.0
17171.0 40744.0
18092.0 40466.0
18545.0 40444.0
18596.0 40337.0
19912.0 40313.0
21266.0 40310.0
21342.0 40064.0
21708.0 39975.0
24516.0 39972.0
24592.0 39915.0
24820.0 39865.0
25513.0 39758.0
28687.0 39755.0
28763.0 39631.0
31937.0 39629.0
32013.0 39573.0
32934.0 39511.0
36184.0 39385.0
39434.0 39327.0
40355.0 39279.0
43605.0 39153.0
46855.0 39133.0
50105.0 39100.0
54276.0 39051.0
57450.0 39050.0

16023.0 42547.0
16156.0 42104.0
16515.0 41358.0
16595.0 41144.0
17095.0 41045.0
17171.0 40744.0
18092.0 40466.0
18545.0 40444.0
18596.0 40337.0
19912.0 40313.0
21266.0 40310.0
21342.0 40064.0
21708.0 39975.0
24516.0 39974.0
24592.0 39915.0
24820.0 39865.0
25513.0 39758.0
28687.0 39757.0
28763.0 39632.0
32013.0 39573.0
32934.0 39511.0
36184.0 39385.0
39434.0 39327.0
42684.0 39304.0
43605.0 39153.0
46855.0 39118.0
54276.0 39051.0
57450.0 39050.0

16023.0 42383.0
16156.0 42104.0
16515.0 41328.0
16595.0 41053.0
17095.0 40954.0
17171.0 40744.0
18092.0 40466.0
18545.0 40444.0
18596.0 40337.0
19912.0 40313.0
21266.0 40310.0
21342.0 40064.0
21708.0 39975.0
24516.0 39974.0
24592.0 39915.0
24820.0 39865.0
25513.0 39758.0
27894.0 39757.0
28687.0 39755.0
28763.0 39632.0
31937.0 39631.0
32013.0 39573.0
32934.0 39511.0
36184.0 39385.0
39434.0 39327.0
40355.0 39297.0
43605.0 39153.0
46855.0 39118.0
54276.0 39051.0
57450.0 39050.0

16023.0 42547.0
16156.0 42104.0
16515.0 41358.0
16595.0 41144.0
17095.0 41045.0
17171.0 40744.0
18092.0 40466.0
18545.0 40444.0
18596.0 40337.0
19912.0 40313.0
21266.0 40310.0
21342.0 40064.0
21708.0 39975.0
24516.0 39974.0
24592.0 39915.0
24820.0 39865.0
25513.0 39758.0
28687.0 39755.0
28763.0 39632.0
32013.0 39573.0
32934.0 39511.0
36184.0 39385.0
39434.0 39327.0
42684.0 39304.0
43605.0 39153.0
46855.0 39118.0
54276.0 39051.0
57450.0 39050.0

16023.0 42389.0
16156.0 41946.0
16515.0 41328.0
16595.0 41144.0
17095.0 40954.0
17171.0 40744.0
18092.0 40466.0
18545.0 40444.0
18596.0 40337.0
19912.0 40313.0
21266.0 40310.0
21342.0 40064.0
21708.0 39975.0
24516.0 39974.0
24592.0 39915.0
24820.0 39865.0
25513.0 39758.0
28687.0 39757.0
28763.0 39631.0
32013.0 39573.0
32934.0 39511.0
36184.0 39385.0
39434.0 39327.0
40355.0 39279.0
43605.0 39153.0
46855.0 39118.0
50105.0 39058.0
54276.0 39051.0
57450.0 39050.0

16023.0 42389.0
16156.0 41946.0
16515.0 41358.0
16595.0 41035.0
17095.0 40954.0
17171.0 40744.0
18092.0 40466.0
18545.0 40444.0
18596.0 40337.0
19912.0 40313.0
21266.0 40310.0
21342.0 40064.0
21708.0 39975.0
24516.0 39972.0
24592.0 39915.0
24820.0 39865.0
25513.0 39758.0
27894.0 39757.0
28687.0 39755.0
28763.0 39632.0
31937.0 39629.0
32013.0 39572.0
32934.0 39511.0
36184.0 39385.0
39434.0 39327.0
40355.0 39278.0
43605.0 39152.0
46855.0 39093.0
54276.0 39051.0
57450.0 39050.0


