16816.0 42905.0
16990.0 41724.0
17745.0 41499.0
18016.0 41429.0
18092.0 41225.0
18596.0 40972.0
18615.0 40650.0
21266.0 40607.0
21342.0 40295.0
21708.0 40206.0
25513.0 39946.0
28763.0 39731.0
36184.0 39439.0

16023.0 50298.0
16745.0 48584.0
17492.0 48395.0
17670.0 46924.0
18092.0 43765.0
22263.0 42638.0
24820.0 41713.0
63874.0 38972.0

17996.0 50402.0
18056.0 46292.0
20489.0 46133.0
21708.0 43977.0
29684.0 43770.0

17396.0 47133.0
17713.0 46549.0
17996.0 44959.0
21038.0 44368.0
21708.0 43977.0
24201.0 43583.0

16023.0 45364.0
16156.0 44921.0
16816.0 42623.0
16990.0 41442.0
17516.0 41210.0
18016.0 41129.0
18092.0 40466.0
18545.0 40444.0
18596.0 40337.0
19912.0 40313.0
21266.0 40310.0
21342.0 40064.0
21708.0 39975.0
24592.0 39915.0
25513.0 39758.0
27894.0 39757.0
28763.0 39631.0
32013.0 39572.0
32934.0 39525.0
36184.0 39385.0
39434.0 39363.0
42684.0 39333.0
43605.0 39152.0
46855.0 39117.0

16515.0 42485.0
16816.0 41612.0
16990.0 41426.0
17516.0 41217.0
17745.0 41201.0
18016.0 41118.0
18092.0 40665.0
18545.0 40539.0
18596.0 40471.0
19912.0 40431.0
21342.0 40295.0
21657.0 40171.0
21708.0 40152.0
24592.0 40125.0
24750.0 40082.0
24801.0 40063.0
25513.0 39905.0
28763.0 39809.0
31937.0 39755.0
32013.0 39650.0
32934.0 39613.0
36108.0 39610.0
36184.0 39487.0
39358.0 39484.0

16515.0 42485.0
16816.0 41612.0
16990.0 41426.0
17516.0 41217.0
17745.0 41201.0
18016.0 41118.0
18092.0 40665.0
18545.0 40539.0
18596.0 40471.0
19912.0 40431.0
21266.0 40428.0
21342.0 40295.0
21657.0 40171.0
21708.0 40152.0
24516.0 40060.0
24820.0 40053.0
25513.0 39886.0
27766.0 39862.0
28763.0 39720.0
31937.0 39717.0
32013.0 39650.0
32934.0 39613.0
36108.0 39610.0
36184.0 39487.0
39358.0 39484.0

16515.0 42485.0
16816.0 41366.0
17516.0 41217.0
17726.0 41141.0
18016.0 41071.0
18092.0 40466.0
18545.0 40444.0
18596.0 40337.0
19912.0 40313.0
21266.0 40312.0
21342.0 40064.0
24516.0 40060.0
24820.0 40013.0
25513.0 39782.0
28763.0 39720.0
31937.0 39717.0
32013.0 39650.0
32934.0 39613.0
36108.0 39610.0
36184.0 39487.0
39358.0 39484.0

16515.0 42485.0
16816.0 41612.0
16990.0 41426.0
17516.0 41217.0
17745.0 41201.0
18016.0 41113.0
18092.0 40496.0
18545.0 40474.0
18596.0 40367.0
19912.0 40343.0
21266.0 40342.0
21342.0 40217.0
21657.0 40171.0
21708.0 39999.0
25513.0 39758.0
28763.0 39720.0
31937.0 39717.0
32013.0 39650.0
32934.0 39611.0
36108.0 39610.0
36184.0 39487.0
39358.0 39484.0

16515.0 42420.0
16816.0 41612.0
16990.0 41426.0
17516.0 41217.0
17745.0 41201.0
18016.0 41113.0
18092.0 40496.0
18596.0 40367.0
19912.0 40343.0
21342.0 40241.0
21657.0 40171.0
21708.0 40066.0
24516.0 40063.0
24592.0 39940.0
25513.0 39782.0
28763.0 39720.0
31937.0 39717.0
32013.0 39632.0
32934.0 39613.0
36108.0 39610.0
36184.0 39487.0
39358.0 39484.0

16515.0 42485.0
16816.0 41612.0
16990.0 41426.0
17516.0 41212.0
17745.0 41201.0
18016.0 41113.0
18092.0 40561.0
18545.0 40474.0
18596.0 40455.0
19912.0 40431.0
21266.0 40429.0
21342.0 40193.0
21657.0 40171.0
21708.0 40104.0
24750.0 40082.0
24801.0 40063.0
25513.0 39905.0
28763.0 39758.0
31937.0 39755.0
32013.0 39632.0
32934.0 39613.0
36108.0 39610.0
36184.0 39487.0
39358.0 39484.0

16515.0 42262.0
16816.0 41547.0
16990.0 41426.0
17516.0 41152.0
18016.0 41053.0
18092.0 40466.0
18545.0 40444.0
18596.0 40367.0
19912.0 40343.0
21266.0 40334.0
21342.0 40128.0
21657.0 40106.0
21708.0 39975.0
24516.0 39974.0
24592.0 39963.0
25513.0 39758.0
28763.0 39656.0
32013.0 39632.0
32934.0 39512.0
36184.0 39428.0
39358.0 39407.0
40355.0 39321.0
43605.0 39195.0

16515.0 42485.0
16816.0 41612.0
16990.0 41426.0
17516.0 41212.0
17745.0 41201.0
18016.0 41113.0
18092.0 40561.0
18545.0 40474.0
18596.0 40455.0
19912.0 40431.0
21266.0 40429.0
21342.0 40193.0
21657.0 40171.0
21708.0 40104.0
24750.0 40082.0
24801.0 40063.0
25513.0 39905.0
28763.0 39758.0
31937.0 39755.0
32013.0 39632.0
32934.0 39613.0
36108.0 39610.0
36184.0 39487.0
39358.0 39484.0

16515.0 42420.0
16816.0 41612.0
16990.0 41426.0
17516.0 41217.0
17745.0 41201.0
18016.0 41113.0
18092.0 40496.0
18545.0 40474.0
18596.0 40367.0
19912.0 40343.0
21342.0 40193.0
21657.0 40171.0
21708.0 39999.0
24516.0 39996.0
25513.0 39782.0
28763.0 39739.0
31937.0 39718.0
32013.0 39632.0
32934.0 39554.0
36184.0 39428.0
39358.0 39407.0
40355.0 39321.0
43605.0 39195.0

16515.0 41692.0
16595.0 41417.0
17095.0 41318.0
17516.0 41217.0
17745.0 41201.0
18016.0 41113.0
18092.0 40531.0
18545.0 40509.0
18596.0 40402.0
21266.0 40399.0
21342.0 40153.0
21708.0 40064.0
24592.0 40004.0
25513.0 39847.0
28687.0 39844.0
28763.0 39720.0
31937.0 39717.0
32013.0 39632.0
32934.0 39512.0
36184.0 39450.0
42608.0 39434.0
43529.0 39276.0
46779.0 39150.0


