16515.0 41328.0
16595.0 41096.0
17095.0 41033.0
18545.0 41011.0
18596.0 40839.0
18615.0 40554.0
20345.0 40529.0
21342.0 40509.0
21657.0 40501.0
24016.0 40353.0
24516.0 40251.0
24592.0 40005.0
27766.0 39980.0
32013.0 39694.0

15590.0 51734.0
16023.0 47374.0
16990.0 47112.0
19312.0 46996.0
21038.0 45534.0
22731.0 44427.0
23880.0 43360.0
24201.0 42929.0
31437.0 42198.0
57374.0 39133.0

18016.0 54904.0
18092.0 47999.0
18596.0 46152.0
21108.0 45758.0
21138.0 45598.0
22020.0 45513.0
22263.0 44164.0
23880.0 43360.0

18056.0 45730.0
23331.0 44067.0
23880.0 43360.0

16515.0 41473.0
16595.0 41241.0
17171.0 40835.0
18092.0 40561.0
18545.0 40539.0
18596.0 40432.0
19912.0 40408.0
21266.0 40405.0
21342.0 40282.0
21708.0 40080.0
24516.0 40079.0
24592.0 39999.0
24750.0 39998.0
25513.0 39855.0
28763.0 39696.0
31937.0 39695.0
32013.0 39687.0
32934.0 39646.0
36108.0 39621.0
36184.0 39595.0
39434.0 39433.0
40355.0 39303.0
46855.0 39208.0

16515.0 41473.0
16595.0 41241.0
17171.0 40835.0
18092.0 40561.0
18545.0 40539.0
18596.0 40432.0
19912.0 40408.0
21266.0 40405.0
21342.0 40282.0
21708.0 40080.0
24516.0 40079.0
24592.0 39999.0
24750.0 39998.0
25513.0 39855.0
28763.0 39696.0
31937.0 39695.0
32013.0 39687.0
32934.0 39646.0
36108.0 39621.0
36184.0 39595.0
39434.0 39433.0
40355.0 39303.0
46855.0 39208.0

16515.0 41473.0
16595.0 41241.0
17171.0 40835.0
18092.0 40561.0
18545.0 40539.0
18596.0 40432.0
19912.0 40408.0
21266.0 40405.0
21342.0 40282.0
21708.0 40080.0
24516.0 40079.0
24592.0 39999.0
24750.0 39998.0
25513.0 39855.0
28763.0 39696.0
31937.0 39695.0
32013.0 39687.0
32934.0 39646.0
36108.0 39621.0
36184.0 39595.0
39434.0 39433.0
40355.0 39303.0
46855.0 39208.0

16515.0 41473.0
16595.0 41241.0
17171.0 40835.0
18092.0 40561.0
18545.0 40539.0
18596.0 40432.0
19912.0 40408.0
21266.0 40405.0
21342.0 40282.0
21708.0 40080.0
24516.0 40079.0
24592.0 39999.0
24750.0 39998.0
25513.0 39855.0
28763.0 39696.0
31937.0 39695.0
32013.0 39687.0
32934.0 39646.0
36108.0 39621.0
36184.0 39595.0
39434.0 39433.0
40355.0 39303.0
46855.0 39208.0

16515.0 41473.0
16595.0 41241.0
17171.0 40835.0
18092.0 40561.0
18545.0 40539.0
18596.0 40432.0
19912.0 40408.0
21266.0 40405.0
21342.0 40282.0
21708.0 40080.0
24516.0 40079.0
24592.0 39999.0
24750.0 39998.0
25513.0 39855.0
28763.0 39696.0
31937.0 39695.0
32013.0 39687.0
32934.0 39646.0
36108.0 39621.0
36184.0 39595.0
39434.0 39433.0
40355.0 39303.0
46855.0 39208.0

16515.0 41473.0
16595.0 41241.0
17171.0 40835.0
18092.0 40561.0
18545.0 40539.0
18596.0 40432.0
19912.0 40408.0
21266.0 40405.0
21342.0 40282.0
21708.0 40080.0
24516.0 40079.0
24592.0 39999.0
24750.0 39998.0
25513.0 39855.0
28763.0 39696.0
31937.0 39695.0
32013.0 39687.0
32934.0 39646.0
36108.0 39621.0
36184.0 39595.0
39434.0 39433.0
40355.0 39303.0
46855.0 39208.0

16515.0 41473.0
16595.0 41241.0
17171.0 40835.0
18092.0 40561.0
18545.0 40539.0
18596.0 40432.0
19912.0 40408.0
21266.0 40405.0
21342.0 40282.0
21708.0 40080.0
24516.0 40079.0
24592.0 39999.0
24750.0 39998.0
25513.0 39855.0
28763.0 39696.0
31937.0 39695.0
32013.0 39687.0
32934.0 39646.0
36108.0 39621.0
36184.0 39595.0
39434.0 39433.0
40355.0 39303.0
46855.0 39208.0

16515.0 41473.0
16595.0 41241.0
17171.0 40835.0
18092.0 40561.0
18545.0 40539.0
18596.0 40432.0
19912.0 40408.0
21266.0 40405.0
21342.0 40282.0
21708.0 40080.0
24516.0 40079.0
24592.0 39999.0
24750.0 39998.0
25513.0 39855.0
28763.0 39696.0
31937.0 39695.0
32013.0 39687.0
32934.0 39646.0
36108.0 39621.0
36184.0 39595.0
39434.0 39433.0
40355.0 39303.0
46855.0 39208.0

16515.0 41473.0
16595.0 41241.0
17171.0 40835.0
18092.0 40561.0
18545.0 40539.0
18596.0 40432.0
19912.0 40408.0
21266.0 40405.0
21342.0 40282.0
21708.0 40080.0
24516.0 40079.0
24592.0 39999.0
24750.0 39998.0
25513.0 39855.0
28763.0 39696.0
31937.0 39695.0
32013.0 39687.0
32934.0 39646.0
36108.0 39621.0
36184.0 39595.0
39434.0 39433.0
40355.0 39303.0
46855.0 39208.0

16515.0 41473.0
16595.0 41241.0
17171.0 40835.0
18092.0 40561.0
18545.0 40539.0
18596.0 40432.0
19912.0 40408.0
21266.0 40405.0
21342.0 40282.0
21708.0 40080.0
24516.0 40079.0
24592.0 39999.0
24750.0 39998.0
25513.0 39855.0
28763.0 39696.0
31937.0 39695.0
32013.0 39687.0
32934.0 39646.0
36108.0 39621.0
36184.0 39595.0
39434.0 39433.0
40355.0 39303.0
46855.0 39208.0

16515.0 41473.0
16595.0 41241.0
17171.0 40835.0
18092.0 40561.0
18545.0 40539.0
18596.0 40432.0
19912.0 40408.0
21266.0 40405.0
21342.0 40282.0
21708.0 40080.0
24516.0 40079.0
24592.0 39999.0
24750.0 39998.0
25513.0 39855.0
28763.0 39696.0
31937.0 39695.0
32013.0 39687.0
32934.0 39646.0
36108.0 39621.0
36184.0 39595.0
39434.0 39433.0
40355.0 39303.0
46855.0 39208.0


