16023.0 47206.0
16075.0 46453.0
16290.0 44369.0
16475.0 43975.0
16726.0 43931.0
16816.0 43657.0
16956.0 43377.0
16990.0 42529.0
17326.0 42230.0
17345.0 41851.0
17516.0 41600.0
18016.0 41537.0
18092.0 40711.0
18545.0 40694.0
18596.0 40402.0
19912.0 40378.0
21266.0 40377.0
21342.0 40153.0
21708.0 40040.0
24516.0 40039.0
24592.0 40005.0
25513.0 39823.0
28687.0 39822.0
28763.0 39729.0
32013.0 39662.0
32934.0 39590.0
40355.0 39508.0

16023.0 50953.0
16290.0 45819.0
17345.0 45221.0
17745.0 44417.0
18016.0 43840.0
18615.0 42839.0
18856.0 42776.0
19505.0 42509.0
20766.0 41957.0
21342.0 41506.0
25513.0 40613.0
63874.0 38972.0

17145.0 49617.0
18016.0 48143.0
18922.0 47519.0
20457.0 46086.0
20742.0 43969.0
21342.0 43322.0
22495.0 42384.0

17145.0 49617.0
18016.0 48143.0
18922.0 47519.0
20457.0 46086.0
20742.0 43969.0
21342.0 43322.0
23316.0 43039.0
25010.0 42802.0

16480.0 43810.0
16494.0 43416.0
16816.0 41717.0
16956.0 41606.0
17516.0 41212.0
18016.0 41113.0
18092.0 40619.0
18545.0 40602.0
18596.0 40337.0
19912.0 40313.0
21266.0 40310.0
21342.0 40064.0
21708.0 39975.0
24516.0 39972.0
24592.0 39915.0
25513.0 39758.0
27894.0 39757.0
28763.0 39631.0
31937.0 39630.0
32013.0 39572.0
32934.0 39512.0
36108.0 39509.0
36184.0 39385.0
39434.0 39339.0
43605.0 39152.0
46855.0 39093.0
51026.0 39070.0
54276.0 39011.0

16515.0 42963.0
16595.0 42014.0
16990.0 41387.0
17516.0 41155.0
18016.0 41074.0
18092.0 40466.0
18545.0 40444.0
18596.0 40337.0
19912.0 40313.0
21266.0 40310.0
21342.0 40064.0
21708.0 39975.0
24516.0 39972.0
24592.0 39940.0
25513.0 39758.0
28687.0 39757.0
28763.0 39632.0
31937.0 39629.0
32934.0 39512.0
39358.0 39474.0
39434.0 39460.0
40355.0 39278.0

16515.0 42963.0
16595.0 42014.0
16990.0 41387.0
17516.0 41155.0
18016.0 41074.0
18092.0 40466.0
18545.0 40444.0
18596.0 40337.0
19912.0 40313.0
21266.0 40310.0
21342.0 40064.0
21708.0 39975.0
24516.0 39972.0
24592.0 39940.0
25513.0 39758.0
28687.0 39757.0
28763.0 39632.0
31937.0 39629.0
32934.0 39512.0
39358.0 39474.0
39434.0 39460.0
40355.0 39278.0

16515.0 42123.0
16595.0 41728.0
16990.0 41387.0
17516.0 41155.0
18016.0 41074.0
18092.0 40466.0
18545.0 40444.0
18596.0 40337.0
19912.0 40313.0
21266.0 40310.0
21342.0 40064.0
21708.0 39975.0
24516.0 39972.0
24592.0 39940.0
25513.0 39758.0
27894.0 39757.0
28763.0 39632.0
31937.0 39629.0
32934.0 39511.0
39358.0 39474.0
39434.0 39460.0
40355.0 39278.0

16515.0 42963.0
16595.0 42014.0
16956.0 41570.0
16990.0 41387.0
17516.0 41155.0
18016.0 41074.0
18092.0 40466.0
18545.0 40444.0
18596.0 40337.0
19912.0 40313.0
21266.0 40310.0
21342.0 40064.0
21708.0 39975.0
24516.0 39972.0
24592.0 39940.0
25513.0 39758.0
28687.0 39757.0
28763.0 39632.0
31937.0 39629.0
32934.0 39512.0
36184.0 39495.0
39358.0 39474.0
39434.0 39460.0
40355.0 39278.0

16515.0 42184.0
16595.0 41789.0
16990.0 41387.0
17516.0 41155.0
18016.0 41074.0
18092.0 40466.0
18545.0 40444.0
18596.0 40337.0
19912.0 40313.0
21266.0 40310.0
21342.0 40064.0
21708.0 39975.0
24516.0 39972.0
24592.0 39940.0
25513.0 39758.0
27894.0 39757.0
28763.0 39632.0
31937.0 39629.0
32934.0 39511.0
36184.0 39487.0
39358.0 39450.0
40355.0 39278.0

16515.0 42963.0
16595.0 42014.0
16990.0 41387.0
17516.0 41155.0
18016.0 41074.0
18092.0 40466.0
18545.0 40444.0
18596.0 40337.0
19912.0 40313.0
21266.0 40310.0
21342.0 40064.0
21708.0 39975.0
24516.0 39972.0
24592.0 39940.0
25513.0 39758.0
28687.0 39757.0
28763.0 39632.0
31937.0 39629.0
32934.0 39512.0
36184.0 39466.0
39434.0 39460.0
40355.0 39278.0

16515.0 42123.0
16595.0 41728.0
16990.0 41387.0
17516.0 41155.0
18016.0 41074.0
18092.0 40466.0
18545.0 40444.0
18596.0 40337.0
19912.0 40313.0
21266.0 40310.0
21342.0 40064.0
21708.0 39975.0
24516.0 39972.0
24592.0 39940.0
25513.0 39758.0
28687.0 39757.0
28763.0 39632.0
31937.0 39629.0
32934.0 39512.0
36184.0 39466.0
39358.0 39450.0
40355.0 39278.0

16515.0 42963.0
16595.0 42014.0
16956.0 41570.0
16990.0 41387.0
17516.0 41155.0
18016.0 41074.0
18092.0 40466.0
18545.0 40444.0
18596.0 40337.0
19912.0 40313.0
21266.0 40310.0
21342.0 40064.0
21708.0 39975.0
24516.0 39972.0
24592.0 39940.0
25513.0 39758.0
28687.0 39757.0
28763.0 39632.0
31937.0 39629.0
32934.0 39512.0
36184.0 39466.0
39434.0 39460.0
40355.0 39278.0

16515.0 42963.0
16595.0 42014.0
16990.0 41387.0
17516.0 41155.0
18016.0 41074.0
18092.0 40466.0
18545.0 40444.0
18596.0 40337.0
19912.0 40313.0
21266.0 40310.0
21342.0 40064.0
21708.0 39975.0
24516.0 39972.0
24592.0 39940.0
25513.0 39758.0
28687.0 39757.0
28763.0 39632.0
31937.0 39629.0
32934.0 39512.0
36184.0 39466.0
39358.0 39463.0
39434.0 39460.0
40355.0 39278.0

16515.0 42912.0
16595.0 41963.0
16816.0 41952.0
16956.0 41841.0
16990.0 41387.0
17516.0 41155.0
18016.0 41074.0
18092.0 40466.0
18545.0 40444.0
18596.0 40337.0
19912.0 40313.0
21266.0 40310.0
21342.0 40064.0
21708.0 39975.0
24516.0 39972.0
24592.0 39915.0
25513.0 39758.0
28687.0 39755.0
28763.0 39632.0
31937.0 39629.0
32013.0 39572.0
32934.0 39512.0
36184.0 39439.0
39358.0 39383.0
40355.0 39278.0
43605.0 39152.0
46855.0 39117.0


