16094.0 47131.0
16290.0 45468.0
16480.0 45036.0
16494.0 44642.0
16816.0 41687.0
16956.0 41576.0
16990.0 41396.0
17516.0 41164.0
18016.0 41101.0
18092.0 40606.0
18545.0 40444.0
18596.0 40337.0
19912.0 40313.0
21266.0 40310.0
21342.0 40064.0
21708.0 39975.0
24516.0 39972.0
24592.0 39916.0
24820.0 39865.0
27894.0 39757.0
28763.0 39631.0
31937.0 39628.0
32013.0 39573.0
32934.0 39524.0
36184.0 39385.0
39358.0 39384.0
40355.0 39278.0
43605.0 39152.0
51026.0 39070.0

16023.0 48052.0
16494.0 46041.0
16515.0 45512.0
16956.0 45047.0
17345.0 44599.0
17670.0 44477.0
17745.0 43221.0
18092.0 42262.0
19990.0 41880.0
21342.0 41839.0
21638.0 41618.0
22263.0 41545.0
24801.0 41537.0
25010.0 41351.0
25513.0 41163.0
27843.0 41078.0
31437.0 40685.0
36108.0 40533.0
63874.0 38972.0

17326.0 50162.0
17996.0 49662.0
18092.0 47214.0
20857.0 47202.0
21342.0 44482.0
22263.0 44476.0
25010.0 43899.0
27587.0 42938.0
30155.0 42726.0
31861.0 42506.0

16515.0 49885.0
17492.0 46486.0
18513.0 43109.0
24820.0 41959.0

16023.0 42635.0
16156.0 42198.0
16595.0 41959.0
16956.0 41867.0
16990.0 41387.0
17516.0 41155.0
18016.0 41074.0
18092.0 40624.0
18545.0 40602.0
18596.0 40495.0
18615.0 40443.0
19912.0 40404.0
21342.0 40064.0
21708.0 39975.0
24516.0 39972.0
24592.0 39915.0
24820.0 39865.0
25513.0 39758.0
27894.0 39757.0
28687.0 39754.0
28763.0 39631.0
32013.0 39572.0
32934.0 39511.0
36108.0 39509.0
36184.0 39385.0
39358.0 39383.0
39434.0 39326.0
40355.0 39278.0
43605.0 39152.0

16023.0 43441.0
16156.0 42540.0
16515.0 42497.0
16595.0 42308.0
16816.0 41763.0
16956.0 41576.0
16990.0 41396.0
17516.0 41164.0
18016.0 41110.0
18092.0 40466.0
18545.0 40444.0
18596.0 40337.0
19912.0 40313.0
21266.0 40310.0
21342.0 40064.0
21708.0 39975.0
24516.0 39974.0
24592.0 39916.0
24820.0 39884.0
25513.0 39758.0
28687.0 39754.0
28763.0 39632.0
31937.0 39629.0
32934.0 39512.0
36184.0 39385.0
43605.0 39317.0

16023.0 43441.0
16156.0 42540.0
16515.0 42497.0
16595.0 42308.0
16816.0 41763.0
16956.0 41576.0
16990.0 41396.0
17516.0 41164.0
18016.0 41110.0
18092.0 40466.0
18545.0 40444.0
18596.0 40337.0
19912.0 40313.0
21266.0 40310.0
21342.0 40064.0
21708.0 39975.0
24516.0 39974.0
24592.0 39916.0
24820.0 39884.0
25513.0 39758.0
28687.0 39754.0
28763.0 39631.0
31937.0 39628.0
32934.0 39511.0
36184.0 39385.0
43605.0 39304.0

16023.0 42977.0
16156.0 42155.0
16515.0 41473.0
16595.0 41241.0
17095.0 41178.0
17516.0 41155.0
18016.0 41092.0
18092.0 40466.0
18545.0 40444.0
18596.0 40337.0
19912.0 40313.0
21266.0 40310.0
21342.0 40064.0
21708.0 39975.0
24516.0 39972.0
24592.0 39916.0
24820.0 39865.0
25513.0 39758.0
28687.0 39754.0
28763.0 39631.0
31937.0 39628.0
32013.0 39573.0
32934.0 39512.0
36184.0 39385.0
39434.0 39327.0
43605.0 39317.0
46779.0 39316.0

16023.0 42369.0
16156.0 41932.0
16595.0 41700.0
16816.0 41681.0
16956.0 41570.0
16990.0 41396.0
17516.0 41164.0
18016.0 41083.0
18092.0 40466.0
18545.0 40444.0
18596.0 40337.0
19912.0 40313.0
21266.0 40310.0
21342.0 40064.0
21708.0 39975.0
24516.0 39974.0
24592.0 39916.0
24820.0 39884.0
25513.0 39758.0
28687.0 39754.0
28763.0 39632.0
31937.0 39629.0
32013.0 39573.0
32934.0 39512.0
36184.0 39385.0
43605.0 39317.0

16023.0 42405.0
16156.0 41962.0
16515.0 41770.0
16595.0 41730.0
16816.0 41366.0
17516.0 41134.0
18016.0 41053.0
18092.0 40466.0
18545.0 40444.0
18596.0 40337.0
19912.0 40313.0
21266.0 40310.0
21342.0 40064.0
21708.0 39975.0
24516.0 39972.0
24592.0 39916.0
24820.0 39865.0
25513.0 39758.0
27894.0 39757.0
28687.0 39754.0
28763.0 39631.0
31937.0 39628.0
32013.0 39573.0
32934.0 39512.0
36108.0 39511.0
36184.0 39385.0
39434.0 39327.0
43605.0 39304.0

16023.0 43441.0
16156.0 41932.0
16595.0 41700.0
16956.0 41576.0
16990.0 41396.0
17516.0 41164.0
18016.0 41074.0
18092.0 40466.0
18545.0 40444.0
18596.0 40337.0
19912.0 40313.0
21266.0 40310.0
21342.0 40064.0
21708.0 39975.0
24516.0 39972.0
24592.0 39915.0
24820.0 39884.0
25513.0 39758.0
28687.0 39754.0
28763.0 39631.0
31937.0 39629.0
32013.0 39572.0
32934.0 39511.0
36184.0 39385.0
43605.0 39304.0

16023.0 42977.0
16156.0 42540.0
16515.0 41770.0
16816.0 41547.0
16875.0 41526.0
16990.0 41387.0
17516.0 41155.0
18016.0 41053.0
18092.0 40466.0
18545.0 40444.0
18596.0 40337.0
19912.0 40313.0
21266.0 40310.0
21342.0 40064.0
21708.0 39975.0
24516.0 39972.0
24592.0 39915.0
24820.0 39865.0
25513.0 39758.0
28687.0 39754.0
28763.0 39631.0
31937.0 39629.0
32013.0 39572.0
32934.0 39511.0
36184.0 39385.0
39434.0 39351.0
43605.0 39304.0

16023.0 43441.0
16156.0 42540.0
16515.0 41267.0
16595.0 41035.0
17095.0 40954.0
17171.0 40768.0
18092.0 40466.0
18545.0 40444.0
18596.0 40337.0
19912.0 40313.0
21266.0 40310.0
21342.0 40064.0
21708.0 39975.0
24516.0 39972.0
24592.0 39915.0
24820.0 39865.0
25513.0 39758.0
28687.0 39754.0
28763.0 39631.0
31937.0 39629.0
32013.0 39572.0
32934.0 39512.0
36184.0 39385.0
39434.0 39351.0
43605.0 39304.0
46855.0 39118.0

16023.0 42405.0
16156.0 41932.0
16515.0 41576.0
16990.0 41396.0
17516.0 41164.0
18016.0 41083.0
18092.0 40466.0
18545.0 40444.0
18596.0 40337.0
19912.0 40313.0
21266.0 40310.0
21342.0 40064.0
21708.0 39975.0
24516.0 39972.0
24592.0 39915.0
24820.0 39865.0
25513.0 39758.0
28687.0 39754.0
28763.0 39631.0
31937.0 39629.0
32013.0 39573.0
32934.0 39511.0
36184.0 39385.0
39434.0 39351.0
43605.0 39304.0

16023.0 43429.0
16156.0 41932.0
16515.0 41568.0
16595.0 41354.0
17095.0 41255.0
17171.0 40805.0
18092.0 40466.0
18545.0 40444.0
18596.0 40337.0
19912.0 40313.0
21266.0 40310.0
21342.0 40064.0
21708.0 39975.0
24516.0 39972.0
24592.0 39915.0
24820.0 39865.0
25513.0 39758.0
27894.0 39757.0
28687.0 39754.0
28763.0 39631.0
31937.0 39628.0
32013.0 39573.0
32934.0 39511.0
36108.0 39509.0
36184.0 39385.0
39434.0 39327.0
40355.0 39279.0
43605.0 39153.0
51026.0 39071.0


