16515.0 48129.0
16816.0 42121.0
16956.0 41567.0
16990.0 41387.0
17516.0 41284.0
18016.0 41272.0
18092.0 40466.0
18545.0 40444.0
18596.0 40337.0
19912.0 40313.0
21266.0 40312.0
21342.0 40187.0
21708.0 39975.0
24592.0 39916.0
25513.0 39911.0
28763.0 39842.0
32934.0 39764.0
36184.0 39597.0

16023.0 49030.0
16515.0 48129.0
16816.0 48018.0
17294.0 46107.0
17396.0 44544.0
18092.0 44218.0
18545.0 43268.0
19505.0 42793.0
20387.0 42293.0
21708.0 42178.0
22461.0 41579.0
25513.0 41530.0
27913.0 40884.0
31937.0 40493.0
63874.0 38972.0

16515.0 48129.0
19987.0 46575.0
20742.0 43957.0
24592.0 43086.0
27913.0 41871.0

16515.0 48129.0
19987.0 46575.0
20742.0 43957.0
24592.0 42877.0
27913.0 41063.0

16515.0 48129.0
16571.0 42965.0
16816.0 41708.0
16956.0 41567.0
16990.0 41387.0
17516.0 41173.0
18016.0 41074.0
18092.0 40466.0
18545.0 40444.0
18596.0 40337.0
19912.0 40313.0
21266.0 40312.0
21342.0 40064.0
21708.0 39975.0
24516.0 39972.0
24592.0 39915.0
24820.0 39865.0
25513.0 39758.0
27894.0 39757.0
28687.0 39755.0
28763.0 39632.0
32013.0 39572.0
32934.0 39525.0
36108.0 39524.0
36184.0 39488.0

16023.0 47103.0
16495.0 45893.0
16515.0 43706.0
16816.0 41979.0
16956.0 41540.0
16990.0 41417.0
17516.0 41185.0
18016.0 41122.0
18092.0 40496.0
18545.0 40479.0
18596.0 40337.0
19912.0 40313.0
21266.0 40310.0
21342.0 40064.0
21708.0 39975.0
24516.0 39972.0
24592.0 39915.0
25513.0 39758.0
28763.0 39632.0
32013.0 39573.0
32934.0 39512.0
36184.0 39410.0
39434.0 39350.0
40355.0 39279.0
43605.0 39177.0
51026.0 39071.0

16023.0 47103.0
16495.0 45893.0
16515.0 43706.0
16816.0 41979.0
16956.0 41540.0
16990.0 41387.0
17516.0 41155.0
18016.0 41092.0
18092.0 40466.0
18545.0 40449.0
18596.0 40337.0
19912.0 40313.0
21266.0 40310.0
21342.0 40064.0
21708.0 39975.0
24516.0 39972.0
24592.0 39915.0
25513.0 39758.0
28687.0 39757.0
28763.0 39632.0
32013.0 39573.0
32934.0 39512.0
36184.0 39410.0
39434.0 39350.0
40355.0 39279.0
43605.0 39153.0
46855.0 39117.0
51026.0 39071.0

16023.0 46851.0
16495.0 45893.0
16515.0 41473.0
16595.0 41241.0
17095.0 41178.0
17516.0 41155.0
18016.0 41092.0
18092.0 40466.0
18545.0 40449.0
18596.0 40337.0
19912.0 40313.0
21266.0 40310.0
21342.0 40064.0
21708.0 39975.0
24516.0 39972.0
24592.0 39915.0
25513.0 39758.0
28763.0 39631.0
32013.0 39573.0
32934.0 39511.0
36184.0 39386.0
39434.0 39333.0
40355.0 39278.0
43605.0 39152.0
46855.0 39117.0
51026.0 39071.0

16023.0 47103.0
16495.0 45893.0
16515.0 43706.0
16816.0 41979.0
16956.0 41540.0
16990.0 41387.0
17516.0 41155.0
18016.0 41092.0
18092.0 40466.0
18545.0 40449.0
18596.0 40337.0
19912.0 40313.0
21266.0 40310.0
21342.0 40064.0
21708.0 39975.0
24516.0 39972.0
24592.0 39915.0
25513.0 39758.0
28763.0 39632.0
32013.0 39573.0
32934.0 39512.0
36184.0 39410.0
39434.0 39350.0
40355.0 39279.0
43605.0 39153.0
51026.0 39071.0

16023.0 45997.0
16156.0 43260.0
16515.0 42833.0
16571.0 41718.0
16956.0 41540.0
16990.0 41387.0
17171.0 40768.0
18092.0 40466.0
18545.0 40449.0
18596.0 40337.0
19912.0 40313.0
21266.0 40310.0
21342.0 40064.0
21708.0 39975.0
24516.0 39972.0
24592.0 39915.0
25513.0 39758.0
28687.0 39757.0
28763.0 39631.0
32013.0 39572.0
32934.0 39511.0
36184.0 39386.0
39434.0 39333.0
40355.0 39278.0
43605.0 39153.0
46855.0 39117.0
51026.0 39071.0

16023.0 47103.0
16495.0 45893.0
16515.0 43706.0
16816.0 41979.0
16956.0 41540.0
16990.0 41387.0
17516.0 41155.0
18016.0 41092.0
18092.0 40466.0
18545.0 40449.0
18596.0 40337.0
19912.0 40313.0
21266.0 40310.0
21342.0 40064.0
21708.0 39975.0
24516.0 39972.0
24592.0 39915.0
25513.0 39758.0
28763.0 39631.0
32013.0 39573.0
32934.0 39512.0
36184.0 39386.0
39434.0 39350.0
40355.0 39279.0
43605.0 39152.0
46855.0 39117.0
51026.0 39071.0

16023.0 42927.0
16156.0 42484.0
16595.0 42252.0
16816.0 41651.0
16956.0 41540.0
16990.0 41387.0
17516.0 41155.0
18016.0 41092.0
18092.0 40466.0
18545.0 40449.0
18596.0 40337.0
19912.0 40313.0
21266.0 40310.0
21342.0 40064.0
21708.0 39975.0
24516.0 39972.0
24592.0 39915.0
25513.0 39758.0
27894.0 39757.0
28763.0 39631.0
32013.0 39573.0
32934.0 39512.0
36184.0 39386.0
39434.0 39334.0
40355.0 39279.0
43605.0 39152.0
46855.0 39117.0
51026.0 39071.0

16023.0 47103.0
16495.0 45893.0
16515.0 43706.0
16816.0 41979.0
16956.0 41540.0
16990.0 41387.0
17516.0 41155.0
18016.0 41092.0
18092.0 40466.0
18545.0 40449.0
18596.0 40337.0
19912.0 40313.0
21266.0 40310.0
21342.0 40064.0
21708.0 39975.0
24516.0 39972.0
24592.0 39915.0
25513.0 39758.0
28763.0 39631.0
32013.0 39573.0
32934.0 39512.0
36184.0 39386.0
39434.0 39350.0
40355.0 39279.0
43605.0 39152.0
46855.0 39117.0
51026.0 39071.0

16023.0 42472.0
16156.0 42029.0
16571.0 41718.0
16956.0 41540.0
16990.0 41417.0
17171.0 40768.0
18092.0 40466.0
18545.0 40449.0
18596.0 40337.0
19912.0 40313.0
21266.0 40310.0
21342.0 40064.0
21708.0 39975.0
24516.0 39972.0
24592.0 39915.0
25513.0 39758.0
28763.0 39631.0
31937.0 39629.0
32013.0 39572.0
32934.0 39511.0
36184.0 39385.0
39358.0 39383.0
39434.0 39334.0
40355.0 39278.0
43605.0 39152.0
46855.0 39117.0
51026.0 39071.0

16023.0 47103.0
16495.0 45893.0
16515.0 43664.0
16816.0 41651.0
16956.0 41540.0
16990.0 41387.0
17516.0 41155.0
18016.0 41092.0
18092.0 40466.0
18545.0 40449.0
18596.0 40337.0
19912.0 40313.0
21266.0 40310.0
21342.0 40064.0
21708.0 39975.0
24516.0 39972.0
24592.0 39915.0
24820.0 39865.0
25513.0 39758.0
27894.0 39757.0
28763.0 39631.0
32013.0 39573.0
32934.0 39511.0
36184.0 39386.0
39434.0 39327.0
40355.0 39278.0
43605.0 39153.0
46855.0 39100.0
51026.0 39071.0


