16126.0 44694.0
16156.0 44413.0
16290.0 44385.0
16515.0 42570.0
16816.0 41978.0
17326.0 41894.0
17516.0 41751.0
17726.0 41650.0
18092.0 40618.0
18526.0 40601.0
18596.0 40337.0
19912.0 40313.0
21266.0 40310.0
21342.0 40186.0
21708.0 39975.0
24516.0 39972.0
24592.0 39915.0
25513.0 39758.0
27894.0 39757.0
28687.0 39755.0
28763.0 39631.0
31937.0 39628.0
32013.0 39572.0
32934.0 39511.0
36184.0 39385.0
39358.0 39382.0
39434.0 39327.0
43605.0 39303.0
46855.0 39268.0

16023.0 46988.0
16515.0 45922.0
16745.0 44739.0
16956.0 44680.0
17145.0 44085.0
17516.0 42734.0
18092.0 42261.0
20238.0 41703.0
21266.0 41539.0
21342.0 41489.0
21689.0 41332.0
24937.0 41121.0
25513.0 40306.0
63874.0 38972.0

16745.0 50551.0
18469.0 49753.0
18615.0 48669.0
20438.0 47316.0
21021.0 45782.0
21342.0 43556.0
30136.0 41661.0

16745.0 50551.0
17996.0 49420.0
18148.0 48411.0
18615.0 46894.0
20066.0 45647.0
20238.0 44743.0
20857.0 44644.0
21021.0 44514.0
21342.0 43556.0
22263.0 42331.0
23931.0 41146.0
29684.0 40811.0

16595.0 42153.0
16816.0 41651.0
16956.0 41540.0
16990.0 41387.0
17516.0 41155.0
18016.0 41074.0
18092.0 40466.0
18545.0 40444.0
18596.0 40337.0
19912.0 40313.0
21266.0 40310.0
21342.0 40064.0
21708.0 39975.0
24516.0 39972.0
24592.0 39915.0
24820.0 39865.0
25513.0 39758.0
27894.0 39757.0
28687.0 39755.0
28763.0 39631.0
31937.0 39628.0
32013.0 39572.0
32934.0 39511.0
36108.0 39508.0
36184.0 39385.0
39358.0 39382.0
39434.0 39326.0
40355.0 39278.0
43605.0 39152.0
46855.0 39093.0
51026.0 39070.0
54276.0 39011.0

16495.0 45524.0
16515.0 41531.0
16595.0 41317.0
17095.0 41218.0
17171.0 40744.0
18092.0 40466.0
18545.0 40444.0
18596.0 40337.0
19912.0 40313.0
21266.0 40310.0
21342.0 40064.0
21708.0 39975.0
24516.0 39972.0
24592.0 39915.0
24820.0 39865.0
25513.0 39782.0
27843.0 39765.0
28763.0 39632.0
32013.0 39572.0
32934.0 39536.0
36184.0 39399.0
46855.0 39346.0

16495.0 45524.0
16515.0 41531.0
16595.0 41317.0
17095.0 41218.0
17171.0 40744.0
18092.0 40466.0
18545.0 40444.0
18596.0 40337.0
19912.0 40313.0
21266.0 40310.0
21342.0 40064.0
21708.0 39975.0
24516.0 39972.0
24592.0 39915.0
24820.0 39865.0
25513.0 39782.0
27843.0 39765.0
28763.0 39632.0
32013.0 39572.0
32934.0 39536.0
36184.0 39399.0
40355.0 39319.0
43605.0 39260.0

16495.0 45524.0
16515.0 41473.0
16595.0 41241.0
17095.0 41178.0
17171.0 40744.0
18092.0 40466.0
18545.0 40444.0
18596.0 40337.0
19912.0 40313.0
21266.0 40310.0
21342.0 40064.0
21708.0 39975.0
24516.0 39972.0
24592.0 39915.0
24820.0 39865.0
25513.0 39758.0
28763.0 39632.0
32013.0 39572.0
32934.0 39512.0
36184.0 39386.0
39434.0 39327.0
43605.0 39244.0

16495.0 45524.0
16515.0 41531.0
16595.0 41053.0
17095.0 40954.0
17171.0 40744.0
18092.0 40466.0
18545.0 40444.0
18596.0 40337.0
19912.0 40313.0
21266.0 40310.0
21342.0 40064.0
21708.0 39975.0
24516.0 39972.0
24592.0 39915.0
24820.0 39865.0
25513.0 39782.0
27843.0 39765.0
28687.0 39755.0
28763.0 39632.0
32013.0 39572.0
32934.0 39536.0
36184.0 39399.0
39434.0 39367.0
43605.0 39217.0
46855.0 39134.0

16023.0 47707.0
16290.0 45623.0
16495.0 45524.0
16515.0 41531.0
16595.0 41317.0
17095.0 41212.0
17171.0 40744.0
18092.0 40466.0
18545.0 40444.0
18596.0 40337.0
19912.0 40313.0
21266.0 40310.0
21342.0 40064.0
21708.0 39975.0
24516.0 39972.0
24592.0 39915.0
24820.0 39865.0
25513.0 39758.0
28687.0 39755.0
28763.0 39632.0
32013.0 39572.0
32934.0 39525.0
36184.0 39399.0
39434.0 39327.0
43605.0 39217.0
46855.0 39134.0

16495.0 45524.0
16515.0 41531.0
16595.0 41317.0
17095.0 41218.0
17171.0 40744.0
18092.0 40466.0
18545.0 40444.0
18596.0 40337.0
19912.0 40313.0
21266.0 40310.0
21342.0 40064.0
21708.0 39975.0
24516.0 39972.0
24592.0 39915.0
24820.0 39865.0
25513.0 39758.0
28687.0 39755.0
28763.0 39632.0
32013.0 39572.0
32934.0 39531.0
36184.0 39399.0
39434.0 39363.0
43605.0 39193.0
46855.0 39134.0

16495.0 45524.0
16515.0 41267.0
16595.0 41035.0
17095.0 40972.0
17171.0 40744.0
18092.0 40466.0
18545.0 40444.0
18596.0 40337.0
19912.0 40313.0
21266.0 40310.0
21342.0 40064.0
21708.0 39975.0
24516.0 39972.0
24592.0 39915.0
24820.0 39865.0
25513.0 39758.0
28687.0 39755.0
28763.0 39632.0
31937.0 39630.0
32013.0 39572.0
32934.0 39524.0
36108.0 39522.0
36184.0 39386.0
39434.0 39327.0
40355.0 39278.0
43605.0 39153.0
46855.0 39134.0

16495.0 45524.0
16515.0 41334.0
16595.0 41102.0
17095.0 41039.0
17171.0 40744.0
18092.0 40466.0
18545.0 40444.0
18596.0 40337.0
19912.0 40313.0
21266.0 40310.0
21342.0 40064.0
21708.0 39975.0
24516.0 39972.0
24592.0 39915.0
24820.0 39865.0
25513.0 39758.0
28687.0 39754.0
28763.0 39632.0
31937.0 39630.0
32013.0 39572.0
32934.0 39531.0
36108.0 39524.0
36184.0 39399.0
39434.0 39340.0
43605.0 39193.0
46855.0 39134.0

16023.0 47707.0
16290.0 45623.0
16495.0 45524.0
16515.0 41531.0
16595.0 41317.0
17095.0 41218.0
17171.0 40744.0
18092.0 40466.0
18545.0 40444.0
18596.0 40337.0
19912.0 40313.0
21266.0 40310.0
21342.0 40064.0
21708.0 39975.0
24516.0 39972.0
24592.0 39915.0
24820.0 39865.0
25513.0 39758.0
27894.0 39757.0
28687.0 39754.0
28763.0 39631.0
31937.0 39629.0
32013.0 39572.0
32934.0 39524.0
36184.0 39399.0
39434.0 39326.0
43605.0 39193.0
46855.0 39134.0
50029.0 39133.0

16495.0 45524.0
16515.0 41443.0
16595.0 41150.0
17095.0 41069.0
17171.0 40744.0
18092.0 40466.0
18545.0 40444.0
18596.0 40337.0
19912.0 40313.0
21266.0 40310.0
21342.0 40064.0
21708.0 39975.0
24516.0 39972.0
24592.0 39915.0
24820.0 39865.0
25513.0 39758.0
27894.0 39757.0
28687.0 39755.0
28763.0 39632.0
31937.0 39630.0
32013.0 39572.0
32934.0 39524.0
36184.0 39386.0
39434.0 39326.0
43605.0 39177.0
46779.0 39157.0
46855.0 39117.0
51026.0 39095.0
54276.0 39059.0


