16745.0 43815.0
16816.0 41687.0
16990.0 41426.0
17516.0 41194.0
18016.0 41192.0
18092.0 40726.0
18545.0 40704.0
18596.0 40532.0
18615.0 40463.0
19912.0 40439.0
20345.0 40436.0
20421.0 40403.0
21342.0 40064.0
21708.0 40042.0
24592.0 39915.0
24820.0 39865.0
27766.0 39864.0
27894.0 39757.0
28687.0 39756.0
28763.0 39631.0
31937.0 39628.0
32013.0 39572.0
32934.0 39511.0
36184.0 39385.0
39434.0 39326.0
40355.0 39278.0
43605.0 39159.0

16023.0 46920.0
16156.0 46270.0
16956.0 42919.0
19313.0 42605.0
19471.0 42563.0
19505.0 41424.0
24592.0 41153.0
25513.0 41043.0
31658.0 40878.0
32934.0 40796.0
37582.0 40658.0
63874.0 38972.0

17745.0 47182.0
18092.0 45267.0
19505.0 44621.0
20457.0 44565.0
31025.0 44295.0
31658.0 43040.0
32934.0 42826.0
37582.0 42010.0

17396.0 49576.0
17745.0 47182.0
17996.0 44722.0
19505.0 42312.0
21342.0 41954.0
28763.0 41160.0

16515.0 43558.0
16816.0 42172.0
16990.0 41423.0
17345.0 41415.0
17516.0 41191.0
18016.0 41128.0
18092.0 40466.0
18545.0 40444.0
18596.0 40337.0
19912.0 40313.0
21266.0 40310.0
21342.0 40064.0
21708.0 39975.0
24516.0 39972.0
24592.0 39915.0
24820.0 39865.0
25513.0 39758.0
27894.0 39757.0
28687.0 39754.0
28763.0 39631.0
31937.0 39628.0
32013.0 39572.0
32934.0 39511.0
36108.0 39509.0
36184.0 39385.0
39358.0 39382.0
39434.0 39326.0
40355.0 39278.0
43529.0 39275.0
43605.0 39152.0
46779.0 39151.0
46855.0 39094.0
51026.0 39070.0
54276.0 39035.0

16515.0 41448.0
16595.0 41053.0
17095.0 40954.0
17171.0 40744.0
18092.0 40466.0
18545.0 40444.0
18596.0 40337.0
19912.0 40313.0
21266.0 40310.0
21342.0 40064.0
21708.0 39975.0
24516.0 39974.0
24592.0 39916.0
24820.0 39905.0
25513.0 39758.0
28687.0 39755.0
28763.0 39631.0
32013.0 39573.0
32934.0 39511.0
36108.0 39510.0
36184.0 39385.0

16515.0 41448.0
16595.0 41053.0
17095.0 40954.0
17171.0 40744.0
18092.0 40466.0
18545.0 40444.0
18596.0 40337.0
19912.0 40313.0
21266.0 40310.0
21342.0 40064.0
21708.0 39975.0
24516.0 39974.0
24592.0 39916.0
24820.0 39884.0
25513.0 39758.0
28687.0 39755.0
28763.0 39631.0
31937.0 39629.0
32013.0 39573.0
32934.0 39511.0
36108.0 39510.0
36184.0 39385.0
39434.0 39327.0

16515.0 41267.0
16595.0 41035.0
17095.0 40954.0
17171.0 40744.0
18092.0 40466.0
18545.0 40444.0
18596.0 40337.0
19912.0 40313.0
21266.0 40310.0
21342.0 40064.0
21708.0 39975.0
24516.0 39974.0
24592.0 39916.0
24820.0 39884.0
25513.0 39758.0
28687.0 39755.0
28763.0 39631.0
31937.0 39629.0
32013.0 39573.0
32934.0 39511.0
36108.0 39510.0
36184.0 39385.0
39434.0 39327.0

16515.0 41328.0
16595.0 41053.0
17095.0 40954.0
17171.0 40744.0
18092.0 40466.0
18545.0 40444.0
18596.0 40337.0
19912.0 40313.0
21266.0 40310.0
21342.0 40064.0
21708.0 39975.0
24516.0 39974.0
24592.0 39916.0
24820.0 39884.0
25513.0 39758.0
27894.0 39757.0
28687.0 39755.0
28763.0 39631.0
31937.0 39629.0
32013.0 39573.0
32934.0 39511.0
36108.0 39510.0
36184.0 39385.0
39434.0 39327.0

16023.0 43902.0
16156.0 42838.0
16515.0 41267.0
16595.0 41053.0
17095.0 40954.0
17171.0 40744.0
18092.0 40466.0
18545.0 40444.0
18596.0 40337.0
19912.0 40313.0
21266.0 40310.0
21342.0 40064.0
21708.0 39975.0
24516.0 39974.0
24592.0 39916.0
24820.0 39865.0
25513.0 39758.0
27894.0 39757.0
28687.0 39755.0
28763.0 39631.0
32013.0 39573.0
32934.0 39511.0
36108.0 39510.0
36184.0 39385.0
39434.0 39367.0
40355.0 39279.0
43605.0 39177.0

16515.0 41448.0
16595.0 41053.0
17095.0 40954.0
17171.0 40744.0
18092.0 40466.0
18545.0 40444.0
18596.0 40337.0
19912.0 40313.0
21266.0 40310.0
21342.0 40064.0
21708.0 39975.0
24516.0 39974.0
24592.0 39916.0
24820.0 39884.0
25513.0 39758.0
28687.0 39755.0
28763.0 39631.0
32013.0 39573.0
32934.0 39511.0
36108.0 39510.0
36184.0 39385.0
39434.0 39327.0

16023.0 42322.0
16156.0 41879.0
16515.0 41328.0
16595.0 41053.0
17095.0 40954.0
17171.0 40744.0
18092.0 40466.0
18545.0 40444.0
18596.0 40337.0
19912.0 40313.0
21266.0 40310.0
21342.0 40064.0
21708.0 39975.0
24516.0 39974.0
24592.0 39915.0
24820.0 39865.0
25513.0 39758.0
28687.0 39755.0
28763.0 39631.0
32013.0 39572.0
32934.0 39511.0
36108.0 39510.0
36184.0 39385.0
39434.0 39327.0
43605.0 39177.0

16515.0 41328.0
16595.0 41053.0
17095.0 40954.0
17171.0 40744.0
18092.0 40466.0
18545.0 40444.0
18596.0 40337.0
19912.0 40313.0
21266.0 40310.0
21342.0 40064.0
21708.0 39975.0
24516.0 39974.0
24592.0 39916.0
24820.0 39884.0
25513.0 39758.0
28687.0 39755.0
28763.0 39631.0
32013.0 39573.0
32934.0 39511.0
36108.0 39510.0
36184.0 39385.0
39434.0 39327.0

16515.0 41328.0
16595.0 41053.0
17095.0 40954.0
17171.0 40744.0
18092.0 40466.0
18545.0 40444.0
18596.0 40337.0
19912.0 40313.0
21266.0 40310.0
21342.0 40064.0
21708.0 39975.0
24516.0 39974.0
24592.0 39916.0
24820.0 39865.0
25513.0 39758.0
27894.0 39757.0
28687.0 39755.0
28763.0 39631.0
31937.0 39629.0
32013.0 39573.0
32934.0 39511.0
36108.0 39510.0
36184.0 39385.0
39434.0 39327.0
40355.0 39279.0
43605.0 39177.0

16156.0 44937.0
16290.0 43818.0
16515.0 41267.0
16595.0 41035.0
17095.0 40954.0
17171.0 40744.0
18092.0 40466.0
18545.0 40444.0
18596.0 40337.0
19912.0 40313.0
21266.0 40310.0
21342.0 40064.0
21708.0 39975.0
24516.0 39972.0
24592.0 39915.0
24820.0 39865.0
25513.0 39758.0
27894.0 39757.0
28687.0 39755.0
28763.0 39631.0
31937.0 39629.0
32013.0 39572.0
32934.0 39511.0
36108.0 39510.0
36184.0 39385.0
39358.0 39384.0
39434.0 39326.0
40355.0 39278.0
43605.0 39152.0
46855.0 39117.0
51026.0 39077.0


