16515.0 41267.0
16595.0 41035.0
17095.0 40972.0
18092.0 40619.0
18596.0 40337.0
19912.0 40313.0
21266.0 40310.0
21342.0 40064.0
21708.0 39975.0
24516.0 39972.0
24592.0 39916.0
24820.0 39865.0
25513.0 39758.0
28687.0 39757.0
28763.0 39632.0
31937.0 39629.0
32013.0 39573.0
32934.0 39512.0
36184.0 39386.0
39434.0 39340.0
43605.0 39153.0
51026.0 39070.0

16023.0 50191.0
16494.0 47366.0
16515.0 46711.0
16527.0 46578.0
16816.0 45132.0
17516.0 42853.0
19471.0 41828.0
21342.0 41545.0
22263.0 41422.0
23880.0 40863.0
39282.0 40229.0
42608.0 39741.0
63874.0 38972.0

17326.0 50162.0
17996.0 49662.0
18092.0 47214.0
20857.0 47202.0
21342.0 44482.0
22263.0 44476.0
25010.0 43899.0
27587.0 42938.0
30155.0 42726.0
31861.0 42506.0

16936.0 55669.0
17326.0 50162.0
17492.0 46544.0
17996.0 45279.0
20166.0 44680.0
20766.0 43788.0
27587.0 42938.0
27913.0 42656.0
31861.0 42506.0

16745.0 43332.0
16816.0 42382.0
16956.0 41597.0
16990.0 41417.0
17516.0 41185.0
18016.0 41122.0
18092.0 40496.0
18545.0 40474.0
18596.0 40367.0
19912.0 40313.0
21342.0 40064.0
21708.0 39975.0
24516.0 39972.0
24592.0 39915.0
24820.0 39884.0
25513.0 39758.0
27894.0 39757.0
28687.0 39755.0
28763.0 39631.0
31937.0 39628.0
32013.0 39572.0
32934.0 39511.0
36108.0 39508.0
36184.0 39385.0
39434.0 39326.0
43605.0 39317.0
46855.0 39258.0
50029.0 39257.0

16023.0 43604.0
16156.0 42540.0
16515.0 42497.0
16595.0 42308.0
16816.0 41763.0
16956.0 41576.0
16990.0 41417.0
17516.0 41185.0
18016.0 41110.0
18092.0 40466.0
18545.0 40444.0
18596.0 40337.0
19912.0 40313.0
21266.0 40310.0
21342.0 40064.0
21708.0 39975.0
24516.0 39974.0
24592.0 39916.0
24820.0 39884.0
25513.0 39758.0
28763.0 39632.0
31937.0 39629.0
32934.0 39525.0
36184.0 39385.0
43605.0 39317.0

16023.0 43604.0
16156.0 42540.0
16515.0 42497.0
16595.0 42308.0
16816.0 41763.0
16956.0 41576.0
16990.0 41417.0
17516.0 41185.0
18016.0 41110.0
18092.0 40466.0
18545.0 40444.0
18596.0 40337.0
19912.0 40313.0
21266.0 40310.0
21342.0 40064.0
21708.0 39975.0
24516.0 39974.0
24592.0 39916.0
24820.0 39865.0
25513.0 39758.0
28687.0 39755.0
28763.0 39631.0
31937.0 39628.0
32013.0 39572.0
32934.0 39525.0
36184.0 39385.0
39434.0 39327.0
43605.0 39317.0

16023.0 42399.0
16156.0 42369.0
16515.0 41770.0
16595.0 41730.0
16816.0 41366.0
17516.0 41134.0
18016.0 41053.0
18092.0 40466.0
18545.0 40444.0
18596.0 40337.0
19912.0 40313.0
21266.0 40310.0
21342.0 40064.0
21708.0 39975.0
24516.0 39972.0
24592.0 39916.0
24820.0 39865.0
25513.0 39758.0
28687.0 39757.0
28763.0 39631.0
31937.0 39629.0
32013.0 39573.0
32934.0 39525.0
36184.0 39385.0
43605.0 39317.0

16023.0 43604.0
16156.0 42540.0
16515.0 42497.0
16595.0 42308.0
16816.0 41681.0
16956.0 41570.0
16990.0 41387.0
17516.0 41155.0
18016.0 41074.0
18092.0 40466.0
18545.0 40444.0
18596.0 40337.0
19912.0 40313.0
21266.0 40310.0
21342.0 40064.0
21708.0 39975.0
24516.0 39974.0
24592.0 39916.0
24820.0 39884.0
25513.0 39758.0
28687.0 39757.0
28763.0 39631.0
31937.0 39629.0
32013.0 39573.0
32934.0 39512.0
36184.0 39385.0
43605.0 39317.0

16023.0 42405.0
16156.0 41962.0
16515.0 41617.0
16519.0 41554.0
16816.0 41366.0
17516.0 41134.0
18016.0 41053.0
18092.0 40466.0
18545.0 40444.0
18596.0 40337.0
19912.0 40313.0
21266.0 40310.0
21342.0 40064.0
21708.0 39975.0
24516.0 39972.0
24592.0 39916.0
24820.0 39865.0
25513.0 39758.0
27894.0 39757.0
28687.0 39755.0
28763.0 39631.0
31937.0 39628.0
32013.0 39573.0
32934.0 39525.0
36108.0 39522.0
36184.0 39385.0
39434.0 39327.0
43605.0 39317.0
46779.0 39316.0

16023.0 43604.0
16156.0 41932.0
16595.0 41700.0
16956.0 41576.0
16990.0 41396.0
17516.0 41164.0
18016.0 41074.0
18092.0 40466.0
18545.0 40444.0
18596.0 40337.0
19912.0 40313.0
21266.0 40310.0
21342.0 40064.0
21708.0 39975.0
24516.0 39972.0
24592.0 39916.0
24820.0 39884.0
25513.0 39758.0
28687.0 39755.0
28763.0 39631.0
31937.0 39629.0
32934.0 39511.0
36184.0 39385.0
43605.0 39317.0

16023.0 42983.0
16156.0 41932.0
16515.0 41770.0
16595.0 41700.0
16816.0 41366.0
17516.0 41134.0
18016.0 41053.0
18092.0 40466.0
18545.0 40444.0
18596.0 40337.0
19912.0 40313.0
21266.0 40310.0
21342.0 40064.0
21708.0 39975.0
24516.0 39972.0
24592.0 39916.0
24820.0 39884.0
25513.0 39758.0
28687.0 39755.0
28763.0 39631.0
31937.0 39629.0
32013.0 39572.0
32934.0 39511.0
36184.0 39385.0
39434.0 39326.0
43605.0 39317.0
46779.0 39303.0
46855.0 39118.0

16023.0 43604.0
16156.0 42540.0
16515.0 42497.0
16595.0 42308.0
16816.0 41681.0
16956.0 41536.0
16990.0 41387.0
17516.0 41155.0
18016.0 41074.0
18092.0 40466.0
18545.0 40444.0
18596.0 40337.0
19912.0 40313.0
21266.0 40310.0
21342.0 40064.0
21708.0 39975.0
24516.0 39972.0
24592.0 39916.0
24820.0 39884.0
25513.0 39758.0
28687.0 39755.0
28763.0 39631.0
31937.0 39629.0
32013.0 39573.0
32934.0 39525.0
36184.0 39385.0
39434.0 39351.0
43605.0 39317.0

16023.0 42983.0
16156.0 41932.0
16515.0 41657.0
16816.0 41366.0
17516.0 41134.0
18016.0 41053.0
18092.0 40466.0
18545.0 40444.0
18596.0 40337.0
19912.0 40313.0
21266.0 40310.0
21342.0 40064.0
21708.0 39975.0
24516.0 39972.0
24592.0 39915.0
24820.0 39865.0
25513.0 39758.0
28687.0 39755.0
28763.0 39631.0
31937.0 39629.0
32013.0 39573.0
32934.0 39512.0
36184.0 39385.0
39434.0 39351.0
43605.0 39317.0
46779.0 39303.0
49529.0 39156.0

16023.0 43604.0
16156.0 41932.0
16515.0 41657.0
16956.0 41540.0
16990.0 41387.0
17516.0 41155.0
18016.0 41074.0
18092.0 40466.0
18545.0 40444.0
18596.0 40337.0
19912.0 40313.0
21266.0 40310.0
21342.0 40064.0
21708.0 39975.0
24516.0 39972.0
24592.0 39915.0
24820.0 39865.0
25513.0 39758.0
28687.0 39755.0
28763.0 39631.0
31937.0 39629.0
32013.0 39573.0
32934.0 39512.0
36108.0 39511.0
36184.0 39385.0
39434.0 39340.0
40355.0 39279.0
43605.0 39193.0
46855.0 39118.0
54276.0 39036.0


