16515.0 48129.0
16816.0 42655.0
16990.0 41474.0
17171.0 41414.0
17516.0 41355.0
18016.0 41311.0
18092.0 40676.0
18545.0 40654.0
18596.0 40587.0
18615.0 40509.0
19912.0 40469.0
20345.0 40466.0
20421.0 40433.0
21342.0 40129.0
21708.0 40040.0
24516.0 40037.0
24592.0 39981.0
25513.0 39804.0
27894.0 39803.0
28763.0 39632.0
32013.0 39619.0
32934.0 39511.0
36184.0 39385.0
40355.0 39279.0

16023.0 49597.0
16290.0 46461.0
16515.0 44447.0
16571.0 44076.0
17996.0 43605.0
18513.0 42759.0
19505.0 42263.0
20838.0 42049.0
21266.0 41383.0
21342.0 41296.0
24016.0 41277.0
25513.0 40951.0
28687.0 40805.0
28763.0 40622.0
29684.0 40571.0
36184.0 40126.0
63874.0 38972.0

16515.0 48129.0
19987.0 46575.0
20742.0 43957.0
24592.0 43086.0
27913.0 41871.0

16515.0 48129.0
17345.0 46133.0
18092.0 43870.0
19505.0 43101.0
19838.0 43060.0
20766.0 41436.0
21689.0 41394.0

16515.0 45710.0
16816.0 41949.0
16956.0 41838.0
16990.0 41423.0
17516.0 41191.0
18016.0 41128.0
18092.0 40466.0
18545.0 40444.0
18596.0 40337.0
19912.0 40313.0
21266.0 40310.0
21342.0 40064.0
21708.0 39975.0
24516.0 39972.0
24592.0 39915.0
24820.0 39865.0
25513.0 39758.0
27894.0 39757.0
28687.0 39755.0
28763.0 39631.0
31937.0 39628.0
32013.0 39572.0
32934.0 39511.0
36108.0 39508.0
36184.0 39385.0
39434.0 39326.0
40355.0 39278.0
43605.0 39152.0
46855.0 39093.0
51026.0 39070.0

16023.0 47103.0
16156.0 44037.0
16515.0 42252.0
16571.0 41846.0
16956.0 41540.0
16990.0 41417.0
17171.0 40896.0
18092.0 40496.0
18545.0 40479.0
18596.0 40337.0
19912.0 40313.0
21266.0 40310.0
21342.0 40064.0
21708.0 39975.0
24516.0 39972.0
24592.0 39915.0
24820.0 39865.0
25513.0 39758.0
28763.0 39632.0
32013.0 39572.0
32934.0 39512.0
36184.0 39410.0
39434.0 39350.0
40355.0 39279.0
43605.0 39177.0
51026.0 39071.0

16023.0 47103.0
16156.0 44037.0
16515.0 42252.0
16571.0 41846.0
16956.0 41540.0
16990.0 41417.0
17171.0 40896.0
18092.0 40496.0
18545.0 40479.0
18596.0 40337.0
19912.0 40313.0
21266.0 40310.0
21342.0 40064.0
21708.0 39975.0
24516.0 39972.0
24592.0 39915.0
24820.0 39865.0
25513.0 39758.0
28763.0 39632.0
32013.0 39572.0
32934.0 39512.0
36184.0 39410.0
39434.0 39350.0
40355.0 39279.0
43605.0 39153.0
46855.0 39117.0
51026.0 39071.0

16023.0 47103.0
16156.0 44037.0
16515.0 41534.0
16595.0 41302.0
17095.0 41221.0
17171.0 40896.0
18092.0 40466.0
18545.0 40444.0
18596.0 40337.0
19912.0 40313.0
21266.0 40310.0
21342.0 40064.0
21708.0 39975.0
24516.0 39972.0
24592.0 39915.0
24820.0 39865.0
25513.0 39758.0
27894.0 39757.0
28763.0 39631.0
32013.0 39572.0
32934.0 39512.0
36184.0 39386.0
39434.0 39334.0
40355.0 39279.0
43605.0 39153.0
46855.0 39117.0
51026.0 39071.0

16023.0 47103.0
16156.0 44037.0
16515.0 42252.0
16571.0 41846.0
16956.0 41540.0
16990.0 41387.0
17171.0 40896.0
18092.0 40466.0
18545.0 40449.0
18596.0 40337.0
19912.0 40313.0
21266.0 40310.0
21342.0 40064.0
21708.0 39975.0
24516.0 39972.0
24592.0 39915.0
24820.0 39865.0
25513.0 39758.0
27894.0 39757.0
28763.0 39631.0
32013.0 39572.0
32934.0 39512.0
36184.0 39409.0
39434.0 39340.0
40355.0 39279.0
43605.0 39153.0
46855.0 39094.0
51026.0 39071.0

16023.0 44480.0
16156.0 44037.0
16515.0 41448.0
16595.0 41241.0
17095.0 41178.0
17171.0 40768.0
18092.0 40466.0
18545.0 40449.0
18596.0 40337.0
19912.0 40313.0
21266.0 40310.0
21342.0 40064.0
21708.0 39975.0
24516.0 39972.0
24592.0 39915.0
24820.0 39865.0
25513.0 39758.0
27894.0 39757.0
28763.0 39631.0
31937.0 39628.0
32013.0 39572.0
32934.0 39511.0
36184.0 39386.0
39434.0 39333.0
40355.0 39278.0
43605.0 39153.0
46855.0 39094.0
51026.0 39071.0

16023.0 47103.0
16156.0 44037.0
16515.0 42189.0
16571.0 41846.0
16595.0 41302.0
17095.0 41221.0
17171.0 40896.0
18092.0 40466.0
18545.0 40449.0
18596.0 40337.0
19912.0 40313.0
21266.0 40310.0
21342.0 40064.0
21708.0 39975.0
24516.0 39972.0
24592.0 39915.0
24820.0 39865.0
25513.0 39758.0
28763.0 39631.0
32013.0 39572.0
32934.0 39512.0
36184.0 39386.0
39434.0 39340.0
40355.0 39279.0
43605.0 39152.0
46855.0 39094.0
51026.0 39071.0
54276.0 39012.0

16023.0 44480.0
16156.0 43073.0
16495.0 43010.0
16515.0 41328.0
16595.0 41096.0
17171.0 40829.0
18092.0 40466.0
18545.0 40444.0
18596.0 40337.0
19912.0 40313.0
21266.0 40310.0
21342.0 40064.0
21708.0 39975.0
24516.0 39972.0
24592.0 39915.0
24820.0 39865.0
25513.0 39758.0
28687.0 39755.0
28763.0 39631.0
31937.0 39629.0
32013.0 39572.0
32934.0 39511.0
36184.0 39386.0
39434.0 39334.0
40355.0 39278.0
43605.0 39152.0
46855.0 39094.0
51026.0 39071.0
54276.0 39012.0

16023.0 47103.0
16156.0 44037.0
16515.0 41473.0
16595.0 41241.0
17095.0 41178.0
17171.0 40835.0
18092.0 40466.0
18545.0 40444.0
18596.0 40337.0
19912.0 40313.0
21266.0 40310.0
21342.0 40064.0
21708.0 39975.0
24516.0 39972.0
24592.0 39915.0
24820.0 39865.0
25513.0 39758.0
28763.0 39631.0
32013.0 39572.0
32934.0 39512.0
36184.0 39386.0
39434.0 39340.0
40355.0 39279.0
43605.0 39152.0
46855.0 39094.0
51026.0 39071.0
54276.0 39012.0

16023.0 42996.0
16156.0 41999.0
16515.0 41473.0
16595.0 41241.0
17095.0 41160.0
17171.0 40829.0
18092.0 40466.0
18545.0 40449.0
18596.0 40337.0
19912.0 40313.0
21266.0 40310.0
21342.0 40064.0
21708.0 39975.0
24516.0 39972.0
24592.0 39915.0
24820.0 39865.0
25513.0 39758.0
27894.0 39757.0
28687.0 39755.0
28763.0 39631.0
31937.0 39629.0
32013.0 39572.0
32934.0 39512.0
36108.0 39511.0
36184.0 39385.0
39434.0 39326.0
40355.0 39279.0
43605.0 39152.0
46855.0 39094.0
51026.0 39071.0
54276.0 39012.0

16023.0 45296.0
16156.0 44037.0
16515.0 42171.0
16571.0 41846.0
16595.0 41302.0
17095.0 41221.0
17171.0 40896.0
18092.0 40466.0
18545.0 40444.0
18596.0 40337.0
19912.0 40313.0
21266.0 40310.0
21342.0 40064.0
21708.0 39975.0
24516.0 39972.0
24592.0 39915.0
24820.0 39865.0
25513.0 39758.0
27894.0 39757.0
28763.0 39631.0
32013.0 39572.0
32934.0 39511.0
36184.0 39386.0
39434.0 39334.0
40355.0 39278.0
43529.0 39276.0
43605.0 39153.0
46779.0 39150.0
46855.0 39093.0
51026.0 39071.0
54200.0 39068.0
54276.0 39019.0
57526.0 38976.0


