16571.0 42612.0
16956.0 42481.0
16990.0 41682.0
17095.0 41580.0
17171.0 41433.0
17745.0 41372.0
18016.0 41188.0
18092.0 40646.0
18545.0 40629.0
18596.0 40337.0
19912.0 40313.0
21342.0 40064.0
21708.0 39975.0
24516.0 39974.0
24592.0 39915.0
24820.0 39865.0
25513.0 39758.0
27894.0 39757.0
28763.0 39631.0
31937.0 39628.0
32013.0 39572.0
32934.0 39524.0
36184.0 39385.0
39434.0 39339.0
40355.0 39302.0
43605.0 39152.0
46779.0 39151.0
46855.0 39133.0
54200.0 39092.0

16023.0 47838.0
16290.0 47573.0
16515.0 45770.0
16816.0 44597.0
16990.0 44257.0
17745.0 43203.0
18596.0 43159.0
18615.0 41871.0
21266.0 41343.0
25990.0 41261.0
27913.0 40657.0
36184.0 40608.0
50803.0 40349.0
63874.0 38972.0

17279.0 50965.0
18092.0 49886.0
18494.0 47194.0
19471.0 47157.0
19490.0 43825.0
25513.0 42615.0

16745.0 50646.0
18092.0 49886.0
18122.0 48787.0
18494.0 47194.0
18596.0 42437.0
24801.0 42247.0

16595.0 43745.0
16816.0 41539.0
16990.0 41387.0
17516.0 41155.0
18016.0 41074.0
18092.0 40466.0
18545.0 40444.0
18596.0 40337.0
19912.0 40313.0
21266.0 40310.0
21342.0 40064.0
21708.0 39975.0
24516.0 39972.0
24592.0 39915.0
25513.0 39758.0
27894.0 39757.0
28687.0 39754.0
28763.0 39631.0
31937.0 39628.0
32013.0 39572.0
32934.0 39511.0
36108.0 39510.0
36184.0 39385.0
39358.0 39382.0
39434.0 39326.0
40355.0 39278.0
43529.0 39276.0
43605.0 39152.0
46779.0 39149.0
46855.0 39093.0
51026.0 39070.0
54276.0 39011.0

16023.0 43363.0
16156.0 43082.0
16515.0 42414.0
16571.0 41718.0
16595.0 41366.0
17095.0 41285.0
17171.0 40768.0
18092.0 40496.0
18545.0 40474.0
18596.0 40337.0
19912.0 40313.0
21266.0 40310.0
21342.0 40064.0
21708.0 39975.0
24592.0 39915.0
24820.0 39865.0
25513.0 39758.0
28763.0 39631.0
32934.0 39614.0
35263.0 39602.0
36184.0 39445.0
39434.0 39404.0
42608.0 39371.0

16023.0 43363.0
16156.0 43082.0
16515.0 42333.0
16571.0 41718.0
16595.0 41366.0
17095.0 41285.0
17171.0 40768.0
18092.0 40496.0
18545.0 40474.0
18596.0 40337.0
19912.0 40313.0
21266.0 40310.0
21342.0 40064.0
21708.0 39975.0
24516.0 39972.0
24592.0 39915.0
24820.0 39865.0
25513.0 39758.0
28763.0 39631.0
32934.0 39525.0
36184.0 39445.0
39434.0 39404.0
42608.0 39371.0
42684.0 39369.0

16023.0 43363.0
16156.0 43082.0
16495.0 42983.0
16515.0 42414.0
16571.0 41718.0
16595.0 41366.0
17095.0 41285.0
17171.0 40744.0
18092.0 40466.0
18545.0 40444.0
18596.0 40337.0
19912.0 40313.0
21266.0 40310.0
21342.0 40064.0
21708.0 39975.0
24516.0 39972.0
24592.0 39915.0
24820.0 39865.0
25513.0 39758.0
28687.0 39755.0
28763.0 39631.0
32013.0 39573.0
32934.0 39525.0
36184.0 39445.0
39434.0 39340.0

16023.0 43363.0
16156.0 43082.0
16515.0 42333.0
16571.0 41718.0
16595.0 41366.0
17095.0 41285.0
17171.0 40744.0
18092.0 40496.0
18545.0 40474.0
18596.0 40337.0
19912.0 40313.0
21266.0 40310.0
21342.0 40064.0
21708.0 39975.0
24516.0 39972.0
24592.0 39915.0
24820.0 39865.0
25513.0 39758.0
28763.0 39631.0
32934.0 39525.0
36184.0 39445.0
39434.0 39404.0
42608.0 39371.0
42684.0 39369.0

16023.0 43363.0
16156.0 43074.0
16495.0 42975.0
16515.0 41598.0
16595.0 41366.0
17095.0 41285.0
17171.0 40744.0
18092.0 40466.0
18545.0 40444.0
18596.0 40337.0
19912.0 40313.0
21266.0 40310.0
21342.0 40064.0
21708.0 39975.0
24516.0 39974.0
24592.0 39915.0
24820.0 39865.0
25513.0 39758.0
28763.0 39631.0
31937.0 39629.0
32013.0 39573.0
32934.0 39525.0
36184.0 39393.0
39358.0 39383.0
39434.0 39340.0
51026.0 39135.0

16023.0 43363.0
16156.0 43082.0
16515.0 42333.0
16571.0 41718.0
16595.0 41366.0
17095.0 41285.0
17171.0 40744.0
18092.0 40496.0
18545.0 40474.0
18596.0 40337.0
19912.0 40313.0
21266.0 40310.0
21342.0 40064.0
21708.0 39975.0
24516.0 39974.0
24592.0 39915.0
24820.0 39865.0
25513.0 39758.0
28763.0 39631.0
32013.0 39619.0
32934.0 39590.0
36184.0 39445.0
39434.0 39404.0
42608.0 39371.0
42684.0 39369.0
46855.0 39355.0

16023.0 43302.0
16156.0 43021.0
16515.0 42333.0
16571.0 41718.0
16595.0 41366.0
17095.0 41285.0
17171.0 40744.0
18092.0 40466.0
18545.0 40444.0
18596.0 40337.0
19912.0 40313.0
21266.0 40310.0
21342.0 40064.0
21708.0 39975.0
24516.0 39974.0
24592.0 39915.0
24820.0 39865.0
25513.0 39758.0
28763.0 39631.0
31937.0 39629.0
32013.0 39591.0
32934.0 39536.0
36184.0 39410.0
39358.0 39383.0
39434.0 39345.0
42608.0 39324.0

16023.0 43363.0
16156.0 43082.0
16515.0 42333.0
16571.0 41718.0
16595.0 41366.0
17095.0 41285.0
17171.0 40744.0
18092.0 40496.0
18545.0 40474.0
18596.0 40337.0
19912.0 40313.0
21266.0 40310.0
21342.0 40064.0
21708.0 39975.0
24516.0 39974.0
24592.0 39915.0
24820.0 39865.0
25513.0 39758.0
28763.0 39631.0
32013.0 39596.0
32934.0 39590.0
36184.0 39445.0
39434.0 39404.0
42608.0 39371.0
42684.0 39369.0
46855.0 39355.0

16023.0 42996.0
16156.0 41932.0
16515.0 41507.0
16595.0 41293.0
17095.0 41194.0
17171.0 40744.0
18092.0 40466.0
18545.0 40444.0
18596.0 40337.0
19912.0 40313.0
21266.0 40310.0
21342.0 40064.0
21708.0 39975.0
24516.0 39974.0
24592.0 39915.0
24820.0 39865.0
25513.0 39758.0
28763.0 39631.0
31937.0 39629.0
32013.0 39573.0
32934.0 39525.0
36184.0 39410.0
39358.0 39383.0
39434.0 39340.0

16023.0 42444.0
16156.0 42163.0
16515.0 41712.0
16595.0 41317.0
17095.0 41218.0
17171.0 40744.0
18092.0 40496.0
18545.0 40474.0
18596.0 40337.0
19912.0 40313.0
21266.0 40310.0
21342.0 40064.0
21708.0 39975.0
24516.0 39972.0
24592.0 39915.0
24820.0 39865.0
25513.0 39758.0
28763.0 39631.0
31937.0 39629.0
32013.0 39573.0
32934.0 39525.0
36184.0 39386.0
39358.0 39383.0
39434.0 39327.0
40355.0 39318.0
42684.0 39291.0
43605.0 39153.0
46779.0 39150.0
53279.0 39055.0
54276.0 39011.0
60700.0 38973.0


