16023.0 42943.0
16156.0 41879.0
16515.0 41563.0
16956.0 41536.0
17095.0 41473.0
17171.0 40744.0
18545.0 40722.0
18596.0 40455.0
18615.0 40443.0
20387.0 40419.0
21266.0 40418.0
21342.0 40064.0
21708.0 39975.0
24516.0 39974.0
24592.0 39915.0
25513.0 39854.0
27894.0 39757.0
28763.0 39631.0
32013.0 39572.0
32934.0 39511.0
36108.0 39508.0
36184.0 39385.0
39434.0 39326.0

16023.0 49185.0
16122.0 48458.0
16290.0 47306.0
16515.0 46248.0
17095.0 44842.0
17145.0 44818.0
17492.0 44541.0
17516.0 43398.0
18092.0 42979.0
18615.0 42381.0
20838.0 42100.0
21342.0 42070.0
21661.0 41697.0
22020.0 41621.0
23240.0 41465.0
23899.0 41457.0
24820.0 41142.0
28187.0 40888.0
63874.0 38972.0

17996.0 46684.0
18805.0 46482.0
21661.0 46323.0
22263.0 45848.0
24237.0 45571.0
24750.0 44193.0
24820.0 43821.0
27587.0 43035.0
31437.0 42628.0
31937.0 41559.0

17996.0 46684.0
18192.0 45816.0
18615.0 44007.0
24516.0 43254.0
24820.0 41117.0

16515.0 42364.0
16595.0 42132.0
16816.0 41366.0
17516.0 41134.0
18016.0 41053.0
18092.0 40618.0
18526.0 40596.0
18596.0 40425.0
19112.0 40424.0
19912.0 40343.0
21342.0 40064.0
21708.0 39975.0
24516.0 39972.0
24592.0 39915.0
24820.0 39865.0
25513.0 39758.0
27894.0 39757.0
28687.0 39755.0
28763.0 39631.0
31937.0 39630.0
32013.0 39572.0
32934.0 39511.0
36108.0 39508.0
36184.0 39385.0
39358.0 39384.0
39434.0 39326.0
40355.0 39278.0
43529.0 39276.0
43605.0 39152.0
46779.0 39149.0
46855.0 39093.0

16156.0 41879.0
16571.0 41792.0
16595.0 41647.0
16956.0 41536.0
16990.0 41501.0
17095.0 41473.0
17171.0 40744.0
18092.0 40557.0
18545.0 40535.0
18596.0 40337.0
19912.0 40313.0
21266.0 40310.0
21342.0 40064.0
21708.0 39975.0
24516.0 39974.0
24592.0 39939.0
25513.0 39758.0
28763.0 39631.0
31937.0 39630.0
32934.0 39548.0
36108.0 39523.0
36184.0 39386.0
39434.0 39351.0

16156.0 41879.0
16571.0 41792.0
16595.0 41585.0
16956.0 41536.0
16990.0 41501.0
17095.0 41473.0
17171.0 40744.0
18092.0 40466.0
18545.0 40444.0
18596.0 40337.0
19912.0 40313.0
21266.0 40310.0
21342.0 40064.0
21708.0 39975.0
24516.0 39974.0
24592.0 39915.0
24820.0 39884.0
25513.0 39758.0
27894.0 39757.0
28763.0 39631.0
31937.0 39630.0
32934.0 39536.0
36108.0 39511.0
36184.0 39386.0
39434.0 39351.0

16023.0 42943.0
16156.0 41879.0
16515.0 41334.0
16595.0 41102.0
17095.0 41039.0
17171.0 40744.0
18092.0 40466.0
18545.0 40444.0
18596.0 40337.0
19912.0 40313.0
21266.0 40310.0
21342.0 40064.0
21708.0 39975.0
24516.0 39974.0
24592.0 39915.0
24820.0 39865.0
25513.0 39758.0
27894.0 39757.0
28763.0 39631.0
31937.0 39630.0
32013.0 39573.0
32934.0 39536.0
36108.0 39511.0
36184.0 39385.0
39434.0 39327.0

16156.0 41879.0
16571.0 41792.0
16595.0 41585.0
16956.0 41536.0
16990.0 41452.0
17171.0 40744.0
18092.0 40557.0
18545.0 40535.0
18596.0 40337.0
19912.0 40313.0
21266.0 40310.0
21342.0 40064.0
21708.0 39975.0
24516.0 39974.0
24592.0 39939.0
24820.0 39908.0
25513.0 39758.0
27894.0 39757.0
28763.0 39631.0
31937.0 39630.0
32934.0 39548.0
36108.0 39523.0
36184.0 39386.0
39434.0 39351.0

16023.0 42316.0
16156.0 41879.0
16515.0 41358.0
16595.0 41126.0
17095.0 41087.0
17171.0 40744.0
18092.0 40466.0
18545.0 40444.0
18596.0 40337.0
19912.0 40313.0
21266.0 40310.0
21342.0 40064.0
21708.0 39975.0
24516.0 39972.0
24592.0 39916.0
24820.0 39865.0
25513.0 39758.0
28687.0 39756.0
28763.0 39631.0
31937.0 39629.0
32013.0 39573.0
32934.0 39512.0
36108.0 39511.0
36184.0 39385.0
39434.0 39327.0
43605.0 39260.0
46779.0 39259.0

16156.0 41879.0
16571.0 41792.0
16595.0 41585.0
16956.0 41536.0
16990.0 41501.0
17095.0 41473.0
17171.0 40744.0
18092.0 40466.0
18545.0 40444.0
18596.0 40337.0
19912.0 40313.0
21266.0 40310.0
21342.0 40064.0
21708.0 39975.0
24516.0 39974.0
24592.0 39915.0
24820.0 39884.0
25513.0 39758.0
28687.0 39757.0
28763.0 39631.0
31937.0 39630.0
32013.0 39573.0
32934.0 39525.0
36108.0 39511.0
36184.0 39386.0
39434.0 39351.0

16156.0 41879.0
16571.0 41785.0
16595.0 41524.0
16990.0 41501.0
17095.0 41471.0
17171.0 40744.0
18092.0 40466.0
18545.0 40444.0
18596.0 40337.0
19912.0 40313.0
21266.0 40310.0
21342.0 40064.0
21708.0 39975.0
24516.0 39972.0
24592.0 39915.0
24820.0 39865.0
25513.0 39758.0
27894.0 39757.0
28687.0 39756.0
28763.0 39631.0
31937.0 39629.0
32013.0 39573.0
32934.0 39512.0
36108.0 39511.0
36184.0 39386.0
39358.0 39383.0
39434.0 39351.0
40355.0 39279.0
43529.0 39278.0

16156.0 41879.0
16571.0 41792.0
16595.0 41585.0
16956.0 41536.0
16990.0 41501.0
17095.0 41473.0
17171.0 40744.0
18092.0 40466.0
18545.0 40444.0
18596.0 40337.0
19912.0 40313.0
21266.0 40310.0
21342.0 40064.0
21708.0 39975.0
24516.0 39974.0
24592.0 39915.0
24820.0 39884.0
25513.0 39758.0
28687.0 39757.0
28763.0 39631.0
31937.0 39630.0
32013.0 39573.0
32934.0 39525.0
36108.0 39511.0
36184.0 39386.0
39434.0 39351.0

16023.0 42316.0
16156.0 41879.0
16515.0 41382.0
16595.0 41150.0
17095.0 41087.0
17171.0 40744.0
18092.0 40466.0
18545.0 40444.0
18596.0 40337.0
19912.0 40313.0
21266.0 40310.0
21342.0 40064.0
21708.0 39975.0
24516.0 39972.0
24592.0 39915.0
24820.0 39889.0
25513.0 39758.0
27894.0 39757.0
28687.0 39756.0
28763.0 39631.0
31937.0 39629.0
32013.0 39573.0
32934.0 39512.0
36108.0 39511.0
36184.0 39385.0
39358.0 39383.0
39434.0 39327.0
43605.0 39177.0
46779.0 39150.0
50029.0 39115.0
53203.0 39090.0

16023.0 42463.0
16156.0 41879.0
16571.0 41718.0
16595.0 41524.0
16990.0 41387.0
17171.0 40744.0
18092.0 40466.0
18545.0 40449.0
18596.0 40337.0
19912.0 40313.0
21266.0 40310.0
21342.0 40064.0
21708.0 39975.0
24516.0 39974.0
24592.0 39915.0
24820.0 39865.0
25513.0 39758.0
27894.0 39757.0
28687.0 39756.0
28763.0 39631.0
31937.0 39629.0
32013.0 39572.0
32934.0 39512.0
36108.0 39511.0
36184.0 39385.0
39358.0 39384.0
39434.0 39351.0
40355.0 39278.0
43605.0 39153.0
46855.0 39134.0
51026.0 39110.0
54276.0 39052.0


