16745.0 45524.0
17279.0 42448.0
17431.0 42222.0
17745.0 41978.0
18092.0 41442.0
18596.0 41213.0
18615.0 40521.0
20387.0 40497.0
21266.0 40494.0
21342.0 40182.0
21708.0 40093.0
24592.0 39994.0
24820.0 39983.0
28763.0 39871.0
32013.0 39835.0

16023.0 47066.0
17745.0 46753.0
18092.0 44311.0
20857.0 44246.0
21266.0 43973.0
21342.0 43723.0
25513.0 43139.0
26424.0 42506.0
27913.0 42009.0
32934.0 41736.0
63874.0 38972.0

17279.0 53276.0
18092.0 51047.0
18545.0 46880.0
20838.0 45814.0
22263.0 45529.0
23416.0 44023.0
25513.0 44020.0

17880.0 59329.0
18545.0 46880.0
20066.0 43851.0

16495.0 42656.0
16515.0 41267.0
16595.0 41035.0
17095.0 40954.0
17171.0 40744.0
18092.0 40646.0
18545.0 40629.0
18596.0 40337.0
19912.0 40313.0
21266.0 40312.0
21342.0 40186.0
21708.0 39975.0
24516.0 39972.0
24592.0 39915.0
24820.0 39865.0
25513.0 39758.0
28687.0 39757.0
28763.0 39632.0
31937.0 39631.0
32013.0 39596.0
32934.0 39512.0
36184.0 39386.0

16515.0 42752.0
16571.0 41792.0
17171.0 40744.0
18092.0 40466.0
18545.0 40444.0
18596.0 40337.0
19912.0 40313.0
21266.0 40310.0
21342.0 40186.0
21708.0 39975.0
24516.0 39972.0
24592.0 39939.0
24820.0 39884.0
25513.0 39758.0
28763.0 39631.0
32013.0 39572.0
32934.0 39532.0
36184.0 39399.0
39434.0 39367.0

16515.0 42752.0
16571.0 41792.0
17171.0 40744.0
18092.0 40466.0
18545.0 40444.0
18596.0 40337.0
19912.0 40313.0
21266.0 40310.0
21342.0 40186.0
21708.0 39975.0
24516.0 39972.0
24592.0 39916.0
24820.0 39865.0
25513.0 39758.0
28763.0 39631.0
32013.0 39572.0
32934.0 39532.0
36184.0 39399.0
39434.0 39367.0

16515.0 41563.0
16595.0 41150.0
17095.0 41087.0
17171.0 40744.0
18092.0 40466.0
18545.0 40444.0
18596.0 40337.0
19912.0 40313.0
21266.0 40310.0
21342.0 40064.0
21708.0 39975.0
24516.0 39972.0
24592.0 39915.0
24820.0 39865.0
25513.0 39758.0
28763.0 39631.0
32013.0 39572.0
32934.0 39532.0
36184.0 39399.0
39434.0 39327.0

16515.0 41563.0
16595.0 41150.0
17095.0 41087.0
17171.0 40744.0
18092.0 40466.0
18545.0 40444.0
18596.0 40337.0
19912.0 40313.0
21266.0 40310.0
21342.0 40064.0
21708.0 39975.0
24516.0 39972.0
24592.0 39916.0
24820.0 39865.0
25513.0 39758.0
28763.0 39631.0
32013.0 39572.0
32934.0 39532.0
36184.0 39399.0
39434.0 39367.0

16515.0 41563.0
16595.0 41150.0
17095.0 41087.0
17171.0 40744.0
18092.0 40466.0
18545.0 40444.0
18596.0 40337.0
19912.0 40313.0
21266.0 40310.0
21342.0 40064.0
21708.0 39975.0
24516.0 39972.0
24592.0 39915.0
24820.0 39865.0
25513.0 39758.0
28763.0 39631.0
32013.0 39572.0
32934.0 39532.0
36184.0 39399.0
39434.0 39327.0

16515.0 42752.0
16571.0 41792.0
17171.0 40744.0
18092.0 40466.0
18545.0 40444.0
18596.0 40337.0
19912.0 40313.0
21266.0 40310.0
21342.0 40186.0
21708.0 39975.0
24516.0 39972.0
24592.0 39915.0
24820.0 39865.0
25513.0 39758.0
28763.0 39631.0
32013.0 39572.0
32934.0 39532.0
36184.0 39399.0
39434.0 39340.0

16515.0 41563.0
16595.0 41150.0
17095.0 41087.0
17171.0 40744.0
18092.0 40466.0
18545.0 40444.0
18596.0 40337.0
19912.0 40313.0
21266.0 40310.0
21342.0 40064.0
21708.0 39975.0
24516.0 39972.0
24592.0 39915.0
24820.0 39865.0
25513.0 39758.0
28763.0 39631.0
32013.0 39572.0
32934.0 39532.0
36184.0 39399.0
39434.0 39367.0

16515.0 41563.0
16595.0 41150.0
17095.0 41087.0
17171.0 40744.0
18092.0 40466.0
18545.0 40444.0
18596.0 40337.0
19912.0 40313.0
21266.0 40310.0
21342.0 40088.0
21708.0 39975.0
24516.0 39972.0
24592.0 39915.0
24820.0 39865.0
25513.0 39758.0
28763.0 39631.0
32013.0 39572.0
32934.0 39532.0
36184.0 39399.0
39434.0 39367.0

16515.0 41563.0
16595.0 41150.0
17095.0 41087.0
17171.0 40744.0
18092.0 40466.0
18545.0 40444.0
18596.0 40337.0
19912.0 40313.0
21266.0 40310.0
21342.0 40088.0
21708.0 39975.0
24516.0 39972.0
24592.0 39915.0
24820.0 39865.0
25513.0 39758.0
28763.0 39631.0
32013.0 39572.0
32934.0 39532.0
36184.0 39399.0
39434.0 39367.0

16515.0 41382.0
16595.0 41150.0
17095.0 41087.0
17171.0 40744.0
18092.0 40466.0
18545.0 40444.0
18596.0 40337.0
19912.0 40313.0
21266.0 40310.0
21342.0 40088.0
21708.0 39975.0
24516.0 39972.0
24592.0 39915.0
24820.0 39865.0
25513.0 39758.0
28763.0 39631.0
32013.0 39572.0
32934.0 39532.0
36184.0 39386.0
39434.0 39327.0
43605.0 39304.0


