15590.0 46147.0
16070.0 45632.0
16093.0 44847.0
16156.0 44619.0
16290.0 44186.0
16515.0 41617.0
16990.0 41426.0
17516.0 41194.0
18016.0 41131.0
18092.0 40511.0
18545.0 40474.0
18596.0 40441.0
19912.0 40401.0
21266.0 40398.0
21342.0 40064.0
21708.0 39975.0
24516.0 39972.0
24592.0 39915.0
25513.0 39886.0
27842.0 39880.0
27913.0 39864.0
28763.0 39631.0
31937.0 39628.0
32013.0 39572.0
35263.0 39537.0
36184.0 39386.0
39358.0 39382.0
39434.0 39326.0

16023.0 47306.0
16515.0 44825.0
17275.0 44746.0
17345.0 43753.0
17745.0 43646.0
18016.0 43528.0
18545.0 42880.0
18922.0 42829.0
19187.0 42620.0
19313.0 41737.0
22263.0 41542.0
23950.0 41502.0
24592.0 41319.0
25513.0 40761.0
28763.0 40099.0
63874.0 38972.0

17923.0 46998.0
20457.0 46853.0
20766.0 46565.0
21089.0 45848.0
22495.0 43768.0
23316.0 43704.0
45579.0 42978.0

17396.0 48327.0
17923.0 46998.0
18615.0 46408.0
18922.0 44840.0
21089.0 44359.0
21266.0 42415.0

16816.0 41733.0
16956.0 41622.0
16990.0 41442.0
17516.0 41182.0
18016.0 41129.0
18092.0 40511.0
18596.0 40337.0
19912.0 40313.0
21266.0 40310.0
21342.0 40064.0
21708.0 39975.0
24516.0 39972.0
24592.0 39916.0
24820.0 39865.0
25513.0 39758.0
27894.0 39757.0
28687.0 39755.0
28763.0 39631.0
31937.0 39628.0
32013.0 39572.0
32934.0 39512.0
36108.0 39509.0
36184.0 39385.0
39434.0 39326.0
40355.0 39279.0
43605.0 39152.0
46779.0 39149.0
46855.0 39093.0
50029.0 39091.0

16515.0 42178.0
16571.0 41718.0
16956.0 41634.0
17095.0 41015.0
17171.0 40768.0
18092.0 40466.0
18545.0 40444.0
18596.0 40337.0
19912.0 40313.0
21266.0 40312.0
21342.0 40064.0
21708.0 39975.0
24516.0 39974.0
24592.0 39916.0
24820.0 39865.0
25513.0 39758.0
28687.0 39757.0
28763.0 39632.0
31937.0 39629.0
32013.0 39573.0
32934.0 39536.0
36184.0 39393.0
39434.0 39380.0
43605.0 39153.0
46779.0 39150.0

16515.0 42178.0
16571.0 41718.0
16595.0 41035.0
17095.0 40954.0
17171.0 40768.0
18092.0 40466.0
18545.0 40444.0
18596.0 40337.0
19912.0 40313.0
21266.0 40310.0
21342.0 40064.0
21708.0 39975.0
24516.0 39972.0
24592.0 39916.0
24820.0 39865.0
25513.0 39758.0
28687.0 39755.0
28763.0 39632.0
31937.0 39629.0
32013.0 39573.0
32934.0 39525.0
36184.0 39386.0
39434.0 39380.0
43605.0 39153.0
46779.0 39150.0

16023.0 45045.0
16156.0 44602.0
16515.0 41267.0
16595.0 41035.0
17095.0 40954.0
17171.0 40768.0
18092.0 40466.0
18545.0 40444.0
18596.0 40337.0
19912.0 40313.0
21266.0 40310.0
21342.0 40064.0
21708.0 39975.0
24516.0 39972.0
24592.0 39916.0
24820.0 39865.0
25513.0 39758.0
28687.0 39755.0
28763.0 39631.0
31937.0 39629.0
32013.0 39573.0
32934.0 39525.0
36184.0 39393.0
39434.0 39380.0
43605.0 39152.0
46779.0 39150.0

16515.0 41267.0
16595.0 41035.0
17095.0 40954.0
17171.0 40768.0
18092.0 40466.0
18545.0 40444.0
18596.0 40337.0
19912.0 40313.0
21266.0 40310.0
21342.0 40064.0
21708.0 39975.0
24516.0 39972.0
24592.0 39916.0
24820.0 39865.0
25513.0 39758.0
28687.0 39755.0
28763.0 39632.0
31937.0 39629.0
32013.0 39573.0
32934.0 39525.0
36184.0 39386.0
39434.0 39380.0
40355.0 39318.0
43605.0 39153.0
46779.0 39150.0

16515.0 41448.0
16595.0 41035.0
17095.0 40954.0
17171.0 40768.0
18092.0 40466.0
18545.0 40444.0
18596.0 40337.0
19912.0 40313.0
21266.0 40310.0
21342.0 40064.0
21708.0 39975.0
24516.0 39972.0
24592.0 39916.0
24820.0 39865.0
25513.0 39758.0
28687.0 39755.0
28763.0 39632.0
31937.0 39629.0
32013.0 39573.0
32934.0 39512.0
36184.0 39386.0
39434.0 39327.0
40355.0 39279.0
43605.0 39153.0
46779.0 39150.0

16515.0 42178.0
16571.0 41718.0
16956.0 41634.0
16990.0 41387.0
17095.0 41015.0
17171.0 40768.0
18092.0 40466.0
18545.0 40444.0
18596.0 40337.0
19912.0 40313.0
21266.0 40310.0
21342.0 40064.0
21708.0 39975.0
24516.0 39972.0
24592.0 39916.0
24820.0 39865.0
25513.0 39758.0
28687.0 39755.0
28763.0 39632.0
31937.0 39629.0
32013.0 39573.0
32934.0 39525.0
36184.0 39386.0
39434.0 39380.0
42684.0 39291.0
43605.0 39153.0
46779.0 39150.0

16515.0 41267.0
16595.0 41035.0
17095.0 40954.0
17171.0 40768.0
18092.0 40466.0
18545.0 40444.0
18596.0 40337.0
19912.0 40313.0
21266.0 40310.0
21342.0 40064.0
21708.0 39975.0
24516.0 39972.0
24592.0 39915.0
24820.0 39865.0
25513.0 39758.0
28687.0 39755.0
28763.0 39632.0
31937.0 39629.0
32013.0 39573.0
32934.0 39519.0
36184.0 39386.0
39434.0 39327.0
42684.0 39291.0
43605.0 39153.0
46779.0 39150.0

16023.0 45666.0
16156.0 44602.0
16515.0 42178.0
16571.0 41718.0
16816.0 41651.0
16956.0 41540.0
16990.0 41387.0
17095.0 41015.0
17171.0 40768.0
18092.0 40466.0
18545.0 40444.0
18596.0 40337.0
19912.0 40313.0
21266.0 40310.0
21342.0 40064.0
21708.0 39975.0
24516.0 39972.0
24592.0 39916.0
24820.0 39865.0
25513.0 39758.0
28687.0 39755.0
28763.0 39632.0
31937.0 39629.0
32013.0 39573.0
32934.0 39525.0
36184.0 39386.0
39358.0 39383.0
39434.0 39380.0
42684.0 39291.0
43605.0 39153.0
46779.0 39150.0

16023.0 47400.0
16156.0 46336.0
16495.0 46273.0
16515.0 41267.0
16595.0 41035.0
17095.0 40954.0
17171.0 40768.0
18092.0 40466.0
18545.0 40444.0
18596.0 40337.0
19912.0 40313.0
21266.0 40310.0
21342.0 40064.0
21708.0 39975.0
24516.0 39972.0
24592.0 39916.0
24820.0 39865.0
25513.0 39758.0
28687.0 39755.0
28763.0 39632.0
31937.0 39629.0
32013.0 39573.0
32934.0 39519.0
36184.0 39386.0
39434.0 39327.0
42684.0 39291.0
43605.0 39153.0
46779.0 39150.0

16023.0 45666.0
16156.0 44602.0
16515.0 41267.0
16595.0 41035.0
17095.0 40954.0
17171.0 40768.0
18092.0 40466.0
18545.0 40444.0
18596.0 40337.0
19912.0 40313.0
21266.0 40310.0
21342.0 40064.0
21708.0 39975.0
24516.0 39972.0
24592.0 39916.0
24820.0 39865.0
25513.0 39758.0
27894.0 39757.0
28687.0 39755.0
28763.0 39632.0
31937.0 39629.0
32013.0 39573.0
32934.0 39512.0
36184.0 39386.0
39434.0 39327.0
40355.0 39279.0
43605.0 39153.0
46779.0 39150.0
46855.0 39101.0


