16023.0 49764.0
16094.0 47769.0
16290.0 45494.0
16480.0 43433.0
16494.0 43184.0
16816.0 43165.0
16894.0 42795.0
16990.0 41614.0
17516.0 41322.0
18016.0 41223.0
18092.0 40776.0
18526.0 40754.0
18545.0 40675.0
18596.0 40541.0
19112.0 40424.0
21342.0 40064.0
21708.0 39975.0
24516.0 39972.0
24592.0 39916.0
28763.0 39672.0
31937.0 39628.0
36184.0 39386.0

16023.0 49327.0
16515.0 45793.0
16519.0 44207.0
18615.0 43473.0
20766.0 43291.0
20857.0 42517.0
21661.0 41923.0
32934.0 41888.0
43529.0 41116.0
60624.0 39256.0

16023.0 49764.0
16515.0 46498.0
18148.0 44805.0
20857.0 44617.0
25010.0 43835.0

16023.0 49764.0
16515.0 46498.0
18148.0 44805.0
20857.0 44617.0
25010.0 43835.0

16023.0 44746.0
16290.0 43167.0
16519.0 43068.0
16816.0 41687.0
16956.0 41576.0
16990.0 41423.0
17516.0 41191.0
18016.0 41110.0
18092.0 40646.0
18545.0 40629.0
18596.0 40337.0
19912.0 40313.0
21266.0 40310.0
21342.0 40064.0
21708.0 39975.0
24516.0 39972.0
24592.0 39915.0
25513.0 39758.0
28687.0 39757.0
28763.0 39631.0
31937.0 39628.0
32013.0 39572.0
32934.0 39512.0
36184.0 39398.0
39434.0 39327.0

16070.0 46573.0
16290.0 44489.0
16515.0 42631.0
16519.0 42399.0
16595.0 42014.0
16990.0 41423.0
17516.0 41191.0
18016.0 41110.0
18092.0 40466.0
18545.0 40444.0
18596.0 40337.0
19912.0 40313.0
21266.0 40312.0
21342.0 40088.0
21708.0 39975.0
24592.0 39916.0
24820.0 39884.0
25513.0 39758.0
28763.0 39632.0
32013.0 39573.0
36184.0 39399.0
39434.0 39340.0

16070.0 46573.0
16290.0 44489.0
16515.0 42631.0
16519.0 42399.0
16595.0 42014.0
16990.0 41423.0
17516.0 41191.0
18016.0 41110.0
18092.0 40466.0
18545.0 40444.0
18596.0 40337.0
19912.0 40313.0
21266.0 40312.0
21342.0 40088.0
21708.0 39975.0
24592.0 39916.0
24820.0 39884.0
25513.0 39758.0
28687.0 39757.0
28763.0 39632.0
31937.0 39631.0
32013.0 39573.0
32934.0 39525.0
36184.0 39399.0
39434.0 39340.0

16070.0 46573.0
16290.0 44489.0
16515.0 42369.0
16519.0 42306.0
16595.0 41963.0
16990.0 41423.0
17516.0 41191.0
18016.0 41110.0
18092.0 40466.0
18545.0 40444.0
18596.0 40337.0
19912.0 40313.0
21266.0 40312.0
21342.0 40064.0
21708.0 39975.0
24592.0 39916.0
24820.0 39884.0
25513.0 39758.0
28763.0 39632.0
32013.0 39573.0
32934.0 39525.0
36184.0 39399.0
39434.0 39340.0

16070.0 46573.0
16290.0 44489.0
16515.0 42631.0
16519.0 42399.0
16595.0 42014.0
16990.0 41423.0
17516.0 41191.0
18016.0 41110.0
18092.0 40466.0
18545.0 40444.0
18596.0 40337.0
19912.0 40313.0
21266.0 40312.0
21342.0 40088.0
21708.0 39975.0
24592.0 39916.0
24820.0 39884.0
25513.0 39758.0
28687.0 39757.0
28763.0 39632.0
32013.0 39573.0
32934.0 39536.0
36184.0 39399.0
39434.0 39340.0

16070.0 46573.0
16290.0 44489.0
16515.0 42553.0
16519.0 42399.0
16595.0 42014.0
16990.0 41423.0
17516.0 41191.0
18016.0 41110.0
18092.0 40466.0
18545.0 40444.0
18596.0 40337.0
19912.0 40313.0
21266.0 40312.0
21342.0 40088.0
21657.0 40071.0
21708.0 39975.0
24592.0 39916.0
24820.0 39884.0
25513.0 39758.0
28763.0 39632.0
32013.0 39573.0
32934.0 39525.0
36184.0 39399.0
39434.0 39340.0

16070.0 46573.0
16290.0 44489.0
16515.0 42631.0
16519.0 42399.0
16595.0 42014.0
16990.0 41396.0
17516.0 41164.0
18016.0 41101.0
18092.0 40466.0
18545.0 40444.0
18596.0 40337.0
19912.0 40313.0
21266.0 40310.0
21342.0 40064.0
21708.0 39975.0
24592.0 39916.0
24820.0 39865.0
25513.0 39758.0
28687.0 39757.0
28763.0 39632.0
32013.0 39573.0
32934.0 39525.0
36184.0 39399.0
39434.0 39340.0
46855.0 39276.0

16070.0 46573.0
16290.0 44489.0
16515.0 42228.0
16595.0 41996.0
16990.0 41396.0
17516.0 41164.0
18016.0 41101.0
18092.0 40466.0
18545.0 40444.0
18596.0 40337.0
19912.0 40313.0
21266.0 40310.0
21342.0 40064.0
21708.0 39975.0
24592.0 39916.0
24820.0 39865.0
25513.0 39758.0
28687.0 39757.0
28763.0 39632.0
32013.0 39573.0
32934.0 39525.0
36184.0 39399.0
39434.0 39340.0
46855.0 39276.0

16070.0 46573.0
16290.0 44489.0
16515.0 42631.0
16519.0 42399.0
16595.0 42014.0
16990.0 41396.0
17516.0 41164.0
18016.0 41101.0
18092.0 40466.0
18545.0 40444.0
18596.0 40337.0
19912.0 40313.0
21266.0 40310.0
21342.0 40064.0
21708.0 39975.0
24592.0 39916.0
24820.0 39865.0
25513.0 39758.0
28687.0 39757.0
28763.0 39632.0
32013.0 39573.0
32934.0 39525.0
36184.0 39399.0
39434.0 39340.0
46855.0 39276.0

16070.0 46573.0
16290.0 44489.0
16515.0 42553.0
16519.0 42399.0
16595.0 42014.0
16990.0 41423.0
17516.0 41191.0
18016.0 41110.0
18092.0 40466.0
18545.0 40444.0
18596.0 40337.0
19912.0 40313.0
21266.0 40310.0
21342.0 40064.0
21708.0 39975.0
24592.0 39916.0
24820.0 39865.0
25513.0 39758.0
28687.0 39757.0
28763.0 39632.0
32013.0 39573.0
32934.0 39525.0
36184.0 39399.0
39434.0 39340.0
46855.0 39276.0

16070.0 46573.0
16290.0 44489.0
16515.0 42618.0
16519.0 42386.0
16595.0 42014.0
16990.0 41396.0
17171.0 40744.0
18092.0 40466.0
18545.0 40444.0
18596.0 40337.0
19912.0 40313.0
21266.0 40310.0
21342.0 40064.0
21708.0 39975.0
24516.0 39974.0
24592.0 39916.0
24820.0 39884.0
25513.0 39758.0
28687.0 39755.0
28763.0 39632.0
31937.0 39631.0
32013.0 39573.0
32934.0 39525.0
36184.0 39399.0
39434.0 39340.0
40355.0 39279.0
43605.0 39177.0
51026.0 39095.0


