16571.0 45108.0
16745.0 44694.0
16816.0 41651.0
16956.0 41540.0
16990.0 41417.0
17516.0 41308.0
18016.0 41245.0
18092.0 40466.0
18545.0 40449.0
18596.0 40353.0
21266.0 40352.0
21342.0 40064.0
21708.0 40015.0
24592.0 39915.0
27913.0 39864.0
28763.0 39671.0
32013.0 39572.0
36184.0 39536.0

16023.0 48786.0
16290.0 46761.0
17279.0 46589.0
17345.0 43165.0
20766.0 42573.0
20787.0 41873.0
22263.0 41239.0
26662.0 41117.0
32013.0 41027.0
63874.0 38972.0

17145.0 49617.0
18016.0 48143.0
18922.0 47519.0
20457.0 46086.0
20742.0 43969.0
21342.0 43322.0
22495.0 42384.0

17145.0 49617.0
18016.0 48143.0
18922.0 47519.0
20457.0 46086.0
20742.0 43969.0
21342.0 43322.0
22495.0 42384.0

16745.0 44039.0
16816.0 42607.0
16990.0 41426.0
17516.0 41194.0
18016.0 41113.0
18092.0 40496.0
18596.0 40455.0
18615.0 40443.0
19912.0 40313.0
21342.0 40064.0
21708.0 39975.0
24516.0 39972.0
24592.0 39915.0
24820.0 39865.0
25513.0 39758.0
27894.0 39757.0
28687.0 39756.0
28763.0 39631.0
31937.0 39628.0
32013.0 39572.0
32934.0 39511.0
36184.0 39385.0
39434.0 39326.0
40355.0 39279.0
43605.0 39152.0
46855.0 39093.0

16515.0 42963.0
16595.0 42014.0
16990.0 41387.0
17516.0 41155.0
18016.0 41074.0
18092.0 40466.0
18545.0 40444.0
18596.0 40337.0
19912.0 40313.0
21266.0 40310.0
21342.0 40064.0
21708.0 39975.0
24516.0 39972.0
24592.0 39940.0
25513.0 39758.0
28687.0 39757.0
28763.0 39632.0
31937.0 39629.0
32934.0 39512.0
39358.0 39474.0
39434.0 39460.0
40355.0 39278.0

16515.0 42963.0
16595.0 42014.0
16816.0 41952.0
16956.0 41841.0
16990.0 41387.0
17516.0 41155.0
18016.0 41074.0
18092.0 40466.0
18545.0 40444.0
18596.0 40337.0
19912.0 40313.0
21266.0 40310.0
21342.0 40064.0
21708.0 39975.0
24516.0 39972.0
24592.0 39940.0
25513.0 39758.0
28687.0 39757.0
28763.0 39632.0
31937.0 39629.0
32934.0 39512.0
39358.0 39474.0
39434.0 39460.0
40355.0 39278.0

16515.0 42647.0
16595.0 41789.0
16990.0 41387.0
17516.0 41155.0
18016.0 41074.0
18092.0 40466.0
18545.0 40444.0
18596.0 40337.0
19912.0 40313.0
21266.0 40310.0
21342.0 40064.0
21708.0 39975.0
24516.0 39972.0
24592.0 39939.0
25513.0 39758.0
27894.0 39757.0
28763.0 39632.0
31937.0 39629.0
32013.0 39596.0
32934.0 39511.0
36184.0 39399.0
40355.0 39278.0

16515.0 42963.0
16595.0 42014.0
16990.0 41387.0
17516.0 41155.0
18016.0 41074.0
18092.0 40466.0
18545.0 40444.0
18596.0 40337.0
19912.0 40313.0
21266.0 40310.0
21342.0 40064.0
21708.0 39975.0
24516.0 39972.0
24592.0 39939.0
25513.0 39758.0
28687.0 39757.0
28763.0 39632.0
31937.0 39629.0
32013.0 39596.0
32934.0 39512.0
36184.0 39399.0
40355.0 39278.0

16515.0 42912.0
16595.0 42014.0
16990.0 41387.0
17516.0 41155.0
18016.0 41074.0
18092.0 40466.0
18545.0 40444.0
18596.0 40337.0
19912.0 40313.0
21266.0 40310.0
21342.0 40064.0
21708.0 39975.0
24516.0 39972.0
24592.0 39940.0
25513.0 39758.0
27894.0 39757.0
28763.0 39632.0
31937.0 39629.0
32934.0 39511.0
39358.0 39450.0
40355.0 39278.0

16515.0 42963.0
16595.0 42014.0
16990.0 41387.0
17516.0 41155.0
18016.0 41074.0
18092.0 40466.0
18545.0 40444.0
18596.0 40337.0
19912.0 40313.0
21266.0 40310.0
21342.0 40064.0
21708.0 39975.0
24516.0 39972.0
24592.0 39940.0
25513.0 39758.0
28687.0 39757.0
28763.0 39632.0
31937.0 39629.0
32934.0 39512.0
36184.0 39466.0
39434.0 39460.0
40355.0 39278.0

16515.0 42963.0
16595.0 41963.0
16816.0 41681.0
16990.0 41387.0
17516.0 41155.0
18016.0 41074.0
18092.0 40466.0
18545.0 40444.0
18596.0 40337.0
19912.0 40313.0
21266.0 40310.0
21342.0 40064.0
21708.0 39975.0
24516.0 39972.0
24592.0 39940.0
25513.0 39758.0
28687.0 39757.0
28763.0 39632.0
31937.0 39629.0
32934.0 39512.0
36184.0 39466.0
39434.0 39460.0
40355.0 39278.0

16515.0 42963.0
16595.0 42014.0
16990.0 41387.0
17516.0 41155.0
18016.0 41074.0
18092.0 40466.0
18545.0 40444.0
18596.0 40337.0
19912.0 40313.0
21266.0 40310.0
21342.0 40064.0
21708.0 39975.0
24516.0 39972.0
24592.0 39939.0
25513.0 39758.0
28687.0 39757.0
28763.0 39632.0
31937.0 39629.0
32013.0 39596.0
32934.0 39512.0
36184.0 39410.0
40355.0 39278.0

16515.0 42677.0
16595.0 42014.0
16990.0 41387.0
17516.0 41155.0
18016.0 41074.0
18092.0 40466.0
18545.0 40444.0
18596.0 40337.0
19912.0 40313.0
21266.0 40310.0
21342.0 40064.0
21708.0 39975.0
24516.0 39972.0
24592.0 39940.0
25513.0 39758.0
28687.0 39757.0
28763.0 39632.0
31937.0 39629.0
32934.0 39512.0
36184.0 39466.0
39358.0 39463.0
39434.0 39460.0
40355.0 39278.0

16515.0 42420.0
16519.0 42321.0
16595.0 42014.0
16816.0 41952.0
16956.0 41838.0
16990.0 41387.0
17516.0 41155.0
18016.0 41074.0
18092.0 40466.0
18545.0 40444.0
18596.0 40337.0
19912.0 40313.0
21266.0 40310.0
21342.0 40064.0
21708.0 39975.0
24516.0 39972.0
24592.0 39916.0
24820.0 39889.0
25513.0 39758.0
28687.0 39755.0
28763.0 39632.0
31937.0 39629.0
32013.0 39573.0
32934.0 39512.0
36184.0 39487.0
39358.0 39474.0
39434.0 39409.0
40355.0 39278.0
43605.0 39177.0
54200.0 39134.0


