16816.0 42758.0
16990.0 41577.0
17516.0 41182.0
18016.0 41083.0
18092.0 40542.0
18596.0 40425.0
19912.0 40401.0
21266.0 40398.0
21342.0 40249.0
21708.0 40042.0
24516.0 40041.0
24592.0 39915.0
24820.0 39865.0
27913.0 39864.0
28763.0 39699.0
32013.0 39573.0
32934.0 39536.0
36184.0 39477.0
39434.0 39351.0

16023.0 53993.0
16290.0 47119.0
16515.0 46657.0
17396.0 46309.0
17492.0 45869.0
17694.0 45623.0
18596.0 45164.0
18615.0 44510.0
18805.0 44296.0
18856.0 43840.0
18922.0 43295.0
20742.0 43192.0
20955.0 42083.0
21708.0 41614.0
28187.0 41381.0
36108.0 41358.0
39434.0 41341.0
63874.0 38972.0

18016.0 54904.0
18092.0 47999.0
18596.0 46152.0
21108.0 45758.0
21138.0 45598.0
22020.0 45513.0
22263.0 44164.0
23880.0 43360.0

18016.0 54904.0
18092.0 47999.0
18596.0 46152.0
19505.0 45481.0
21108.0 44443.0
22020.0 42336.0

16816.0 41834.0
16956.0 41815.0
16990.0 41568.0
17171.0 41467.0
17516.0 41173.0
18016.0 41074.0
18092.0 40624.0
18596.0 40337.0
19912.0 40313.0
21266.0 40310.0
21342.0 40064.0
21708.0 39975.0
24516.0 39974.0
24592.0 39915.0
24820.0 39865.0
25513.0 39758.0
27894.0 39757.0
28687.0 39755.0
28763.0 39631.0
32013.0 39572.0
32934.0 39511.0
36108.0 39509.0
36184.0 39385.0
39434.0 39326.0
40355.0 39278.0
43605.0 39153.0
46855.0 39093.0

16515.0 41473.0
16595.0 41241.0
17171.0 40835.0
18092.0 40466.0
18545.0 40444.0
18596.0 40337.0
21342.0 40064.0
21708.0 40040.0
24592.0 39980.0
25513.0 39817.0
27894.0 39757.0
28763.0 39696.0
31937.0 39695.0
32013.0 39669.0
32934.0 39511.0
36184.0 39475.0
39434.0 39433.0
40355.0 39303.0
46855.0 39208.0

16023.0 51458.0
16290.0 43389.0
16515.0 41473.0
16595.0 41241.0
17171.0 40835.0
18092.0 40466.0
18545.0 40444.0
18596.0 40337.0
21342.0 40064.0
21708.0 40040.0
24592.0 39980.0
25513.0 39758.0
27894.0 39757.0
28763.0 39696.0
31937.0 39695.0
32013.0 39669.0
32934.0 39511.0
36184.0 39475.0
39434.0 39433.0
40355.0 39303.0
46855.0 39208.0

16515.0 41473.0
16595.0 41241.0
17095.0 41178.0
17171.0 40835.0
18092.0 40466.0
18545.0 40444.0
18596.0 40337.0
21342.0 40064.0
21708.0 40040.0
24516.0 40039.0
24592.0 39980.0
25513.0 39817.0
27894.0 39757.0
28763.0 39696.0
31937.0 39695.0
32013.0 39661.0
32934.0 39511.0
36184.0 39385.0
40355.0 39303.0
43605.0 39152.0

16515.0 41443.0
16595.0 41211.0
17095.0 41148.0
17171.0 40835.0
18092.0 40466.0
18545.0 40444.0
18596.0 40337.0
21342.0 40064.0
21708.0 39999.0
24592.0 39955.0
25513.0 39758.0
27894.0 39757.0
28763.0 39632.0
32934.0 39511.0
36184.0 39450.0
39434.0 39433.0
40355.0 39303.0
46855.0 39208.0

16515.0 41473.0
16595.0 41241.0
17095.0 41178.0
17171.0 40835.0
18092.0 40466.0
18545.0 40444.0
18596.0 40337.0
21342.0 40064.0
21708.0 40015.0
24516.0 40014.0
24592.0 39958.0
25513.0 39798.0
27894.0 39757.0
28763.0 39696.0
31937.0 39695.0
32013.0 39669.0
32934.0 39511.0
36184.0 39385.0
39434.0 39369.0
40355.0 39278.0
46855.0 39208.0

16515.0 41473.0
16595.0 41241.0
17171.0 40835.0
18092.0 40466.0
18545.0 40444.0
18596.0 40337.0
21342.0 40064.0
21708.0 40040.0
24592.0 39980.0
25513.0 39758.0
27894.0 39757.0
28763.0 39696.0
31937.0 39695.0
32013.0 39669.0
32934.0 39511.0
36184.0 39398.0
40355.0 39303.0
46855.0 39208.0

16515.0 41473.0
16595.0 41241.0
17095.0 41069.0
17171.0 40744.0
18092.0 40466.0
18545.0 40444.0
18596.0 40337.0
19912.0 40313.0
21266.0 40312.0
21342.0 40064.0
21708.0 39975.0
24516.0 39974.0
24592.0 39915.0
24820.0 39889.0
25513.0 39758.0
27894.0 39757.0
28687.0 39755.0
28763.0 39632.0
32934.0 39511.0
36184.0 39386.0
39434.0 39351.0
40355.0 39303.0
46855.0 39208.0

16515.0 41443.0
16595.0 41211.0
17095.0 41069.0
17171.0 40744.0
18092.0 40466.0
18545.0 40444.0
18596.0 40337.0
19912.0 40313.0
21266.0 40312.0
21342.0 40064.0
21708.0 39999.0
24516.0 39974.0
24592.0 39915.0
24820.0 39889.0
25513.0 39758.0
27894.0 39757.0
28763.0 39656.0
32934.0 39511.0
36184.0 39398.0
40355.0 39303.0
46855.0 39208.0

16515.0 41443.0
16595.0 41211.0
17095.0 41148.0
17171.0 40835.0
18092.0 40466.0
18545.0 40444.0
18596.0 40337.0
21342.0 40064.0
21708.0 39975.0
24516.0 39974.0
24592.0 39915.0
25513.0 39758.0
27894.0 39757.0
28763.0 39632.0
32013.0 39596.0
32934.0 39511.0
36184.0 39386.0
40355.0 39303.0
46855.0 39208.0

16515.0 41473.0
16595.0 41241.0
17171.0 40835.0
18092.0 40466.0
18545.0 40444.0
18596.0 40337.0
19912.0 40313.0
21266.0 40312.0
21342.0 40064.0
21708.0 39975.0
24516.0 39974.0
24592.0 39915.0
25513.0 39758.0
27894.0 39757.0
28687.0 39755.0
28763.0 39632.0
32013.0 39596.0
32934.0 39511.0
36108.0 39509.0
36184.0 39385.0
39434.0 39350.0
40355.0 39303.0
45858.0 39288.0
46855.0 39208.0


