16023.0 50678.0
16136.0 45851.0
16290.0 43259.0
16816.0 42481.0
16990.0 41417.0
17516.0 41346.0
17745.0 41162.0
18016.0 41092.0
18092.0 40496.0
18596.0 40383.0
19912.0 40343.0
21266.0 40340.0
21342.0 40064.0
21708.0 39975.0
24516.0 39974.0
24592.0 39916.0
25513.0 39758.0
28687.0 39757.0
28763.0 39632.0
32013.0 39591.0
32934.0 39525.0
36184.0 39475.0
39434.0 39470.0
42608.0 39469.0

16023.0 48984.0
16515.0 45348.0
17095.0 44278.0
17736.0 44205.0
17745.0 43283.0
18092.0 42032.0
20387.0 41850.0
21342.0 41680.0
22263.0 41404.0
24820.0 41337.0
25513.0 40447.0
63874.0 38972.0

16023.0 50678.0
17745.0 49140.0
18671.0 46985.0
19769.0 46014.0
20612.0 45700.0
21708.0 43921.0
34118.0 41848.0

16023.0 50407.0
16894.0 50111.0
16990.0 49107.0
18092.0 46694.0
18922.0 45643.0
20142.0 44182.0
21708.0 43921.0
23950.0 43616.0
24016.0 43402.0
24801.0 41902.0
34118.0 41848.0

16023.0 50678.0
16480.0 43463.0
16494.0 43069.0
16816.0 42577.0
16990.0 41396.0
17516.0 41164.0
18016.0 41101.0
18092.0 40466.0
18545.0 40444.0
18596.0 40337.0
19912.0 40313.0
21266.0 40310.0
21342.0 40064.0
21708.0 39975.0
24516.0 39972.0
24592.0 39915.0
24820.0 39865.0
25513.0 39758.0
27894.0 39757.0
28687.0 39755.0
28763.0 39631.0
31937.0 39630.0
32013.0 39572.0
32934.0 39511.0
36184.0 39385.0
39434.0 39326.0
40355.0 39278.0
43605.0 39152.0
46855.0 39093.0
51026.0 39070.0
54200.0 39067.0

16023.0 47469.0
16290.0 46405.0
16515.0 41267.0
16595.0 41035.0
17095.0 40972.0
17171.0 40744.0
18092.0 40466.0
18545.0 40444.0
18596.0 40337.0
19912.0 40313.0
21266.0 40310.0
21342.0 40064.0
21708.0 39975.0
24516.0 39972.0
24592.0 39939.0
24820.0 39884.0
25513.0 39758.0
27894.0 39757.0
28763.0 39631.0
32013.0 39573.0
32934.0 39512.0
39434.0 39363.0
40355.0 39279.0

16023.0 47469.0
16290.0 46405.0
16515.0 41267.0
16595.0 41035.0
17095.0 40972.0
17171.0 40744.0
18092.0 40466.0
18545.0 40444.0
18596.0 40337.0
19912.0 40313.0
21266.0 40310.0
21342.0 40064.0
21708.0 39975.0
24516.0 39972.0
24592.0 39939.0
24820.0 39884.0
25513.0 39758.0
27894.0 39757.0
28763.0 39631.0
32013.0 39573.0
32934.0 39512.0
36184.0 39499.0
39434.0 39363.0
40355.0 39279.0

16023.0 46526.0
16256.0 45117.0
16290.0 45068.0
16495.0 45054.0
16515.0 41267.0
16595.0 41035.0
17095.0 40954.0
17171.0 40744.0
18092.0 40466.0
18545.0 40444.0
18596.0 40337.0
19912.0 40313.0
21266.0 40310.0
21342.0 40064.0
21708.0 39975.0
24516.0 39972.0
24592.0 39916.0
24820.0 39884.0
25513.0 39758.0
27894.0 39757.0
28763.0 39631.0
31937.0 39630.0
32013.0 39573.0
32934.0 39512.0
36184.0 39386.0
39434.0 39363.0
40355.0 39279.0

16023.0 47469.0
16256.0 45184.0
16495.0 45121.0
16515.0 41267.0
16595.0 41035.0
17095.0 40972.0
17171.0 40744.0
18092.0 40466.0
18545.0 40444.0
18596.0 40337.0
19912.0 40313.0
21266.0 40310.0
21342.0 40064.0
21708.0 39975.0
24516.0 39972.0
24592.0 39916.0
24820.0 39884.0
25513.0 39758.0
27894.0 39757.0
28763.0 39631.0
32013.0 39573.0
32934.0 39512.0
36184.0 39386.0
39434.0 39363.0
40355.0 39279.0

16023.0 46282.0
16075.0 45188.0
16290.0 44154.0
16515.0 41267.0
16595.0 41035.0
17095.0 40972.0
17171.0 40744.0
18092.0 40466.0
18545.0 40444.0
18596.0 40337.0
19912.0 40313.0
21266.0 40310.0
21342.0 40064.0
21708.0 39975.0
24516.0 39972.0
24592.0 39916.0
24820.0 39884.0
25513.0 39758.0
27894.0 39757.0
28687.0 39755.0
28763.0 39631.0
32013.0 39573.0
32934.0 39512.0
36108.0 39511.0
36184.0 39410.0
39434.0 39351.0
40355.0 39279.0
46855.0 39134.0

16023.0 47469.0
16290.0 46405.0
16515.0 41267.0
16595.0 41035.0
17095.0 40972.0
17171.0 40744.0
18092.0 40466.0
18545.0 40444.0
18596.0 40337.0
19912.0 40313.0
21266.0 40310.0
21342.0 40064.0
21708.0 39975.0
24516.0 39972.0
24592.0 39939.0
24820.0 39884.0
25513.0 39758.0
27894.0 39757.0
28763.0 39631.0
32013.0 39573.0
32934.0 39512.0
36184.0 39399.0
39434.0 39351.0
40355.0 39279.0
46855.0 39094.0

16023.0 47424.0
16290.0 46405.0
16515.0 41267.0
16595.0 41035.0
17095.0 40954.0
17171.0 40744.0
18092.0 40466.0
18545.0 40444.0
18596.0 40337.0
19912.0 40313.0
21266.0 40310.0
21342.0 40064.0
21708.0 39975.0
24516.0 39972.0
24592.0 39916.0
24820.0 39884.0
25513.0 39758.0
27894.0 39757.0
28763.0 39631.0
32013.0 39573.0
32934.0 39512.0
36184.0 39386.0
39434.0 39351.0
40355.0 39279.0
46855.0 39094.0

16023.0 47469.0
16256.0 45184.0
16495.0 45121.0
16515.0 41267.0
16595.0 41035.0
17095.0 40972.0
17171.0 40744.0
18092.0 40466.0
18545.0 40444.0
18596.0 40337.0
19912.0 40313.0
21266.0 40310.0
21342.0 40064.0
21708.0 39975.0
24516.0 39972.0
24592.0 39939.0
24820.0 39884.0
25513.0 39758.0
27894.0 39757.0
28763.0 39631.0
32013.0 39573.0
32934.0 39512.0
36184.0 39399.0
39358.0 39398.0
39434.0 39363.0
40355.0 39279.0

16023.0 46282.0
16075.0 45188.0
16256.0 45184.0
16290.0 43742.0
16515.0 41267.0
16595.0 41035.0
17095.0 40972.0
17171.0 40744.0
18092.0 40466.0
18545.0 40444.0
18596.0 40337.0
19912.0 40313.0
21266.0 40310.0
21342.0 40064.0
21708.0 39975.0
24516.0 39972.0
24592.0 39916.0
24820.0 39884.0
25513.0 39758.0
27894.0 39757.0
28763.0 39631.0
31937.0 39629.0
32013.0 39573.0
32934.0 39512.0
36108.0 39511.0
36184.0 39399.0
39434.0 39340.0
40355.0 39279.0
46855.0 39094.0

16023.0 47469.0
16290.0 46405.0
16515.0 41267.0
16595.0 41035.0
17095.0 40972.0
17171.0 40744.0
18092.0 40466.0
18545.0 40444.0
18596.0 40337.0
19912.0 40313.0
21266.0 40310.0
21342.0 40064.0
21708.0 39975.0
24516.0 39972.0
24592.0 39915.0
24820.0 39865.0
25513.0 39758.0
27894.0 39757.0
28763.0 39631.0
32013.0 39572.0
32934.0 39512.0
36108.0 39511.0
36184.0 39386.0
39434.0 39327.0
40355.0 39278.0
43605.0 39153.0
46855.0 39117.0


