16726.0 42977.0
16816.0 41539.0
17516.0 41243.0
18016.0 41144.0
18092.0 40975.0
18577.0 40950.0
18596.0 40608.0
19946.0 40472.0
21342.0 40271.0
21708.0 40042.0
24516.0 40041.0
24592.0 39916.0
25513.0 39855.0
28763.0 39699.0
31937.0 39698.0
32013.0 39573.0
36184.0 39466.0

15590.0 52055.0
16023.0 47483.0
16515.0 45812.0
17145.0 45221.0
17694.0 44929.0
17745.0 42438.0
18148.0 42417.0
23916.0 42100.0
28187.0 41979.0
28687.0 41305.0
41408.0 40740.0
63874.0 38972.0

17923.0 46998.0
20457.0 46853.0
20766.0 46565.0
21089.0 45848.0
22495.0 43768.0
23316.0 43704.0
45579.0 42978.0

17923.0 46998.0
18856.0 44146.0
21266.0 43880.0
22495.0 43768.0
23316.0 43704.0
25513.0 43670.0
27487.0 42367.0
39434.0 41585.0

16023.0 42653.0
16156.0 42372.0
16595.0 41977.0
16990.0 41423.0
17516.0 41191.0
18016.0 41083.0
18092.0 40785.0
18545.0 40763.0
18596.0 40602.0
18615.0 40443.0
19946.0 40426.0
20387.0 40419.0
21266.0 40418.0
21342.0 40064.0
21708.0 39975.0
24516.0 39974.0
24592.0 39915.0
24820.0 39865.0
27766.0 39862.0
27842.0 39829.0
28763.0 39631.0
31937.0 39628.0
32013.0 39572.0
35263.0 39537.0
36184.0 39386.0
39434.0 39327.0
42684.0 39291.0
46855.0 39258.0

16515.0 42178.0
16571.0 41718.0
17095.0 41015.0
17171.0 40768.0
18092.0 40466.0
18545.0 40444.0
18596.0 40337.0
19912.0 40313.0
21266.0 40312.0
21342.0 40064.0
21708.0 39975.0
24516.0 39974.0
24592.0 39916.0
24820.0 39865.0
25513.0 39758.0
28687.0 39757.0
28763.0 39632.0
31937.0 39629.0
32013.0 39573.0
32934.0 39536.0
36184.0 39393.0
39434.0 39387.0
43605.0 39153.0

16515.0 41267.0
16595.0 41035.0
17095.0 40954.0
17171.0 40768.0
18092.0 40466.0
18545.0 40444.0
18596.0 40337.0
19912.0 40313.0
21266.0 40312.0
21342.0 40064.0
21708.0 39975.0
24516.0 39974.0
24592.0 39916.0
24820.0 39865.0
25513.0 39758.0
28687.0 39755.0
28763.0 39632.0
31937.0 39629.0
32013.0 39573.0
32934.0 39525.0
36184.0 39393.0
39434.0 39387.0
43605.0 39153.0

16515.0 41267.0
16595.0 41035.0
17095.0 40954.0
17171.0 40768.0
18092.0 40466.0
18545.0 40444.0
18596.0 40337.0
19912.0 40313.0
21266.0 40310.0
21342.0 40064.0
21708.0 39975.0
24516.0 39972.0
24592.0 39916.0
24820.0 39865.0
25513.0 39758.0
28687.0 39755.0
28763.0 39632.0
31937.0 39629.0
32013.0 39573.0
32934.0 39525.0
36184.0 39393.0
39434.0 39387.0
43605.0 39153.0

16515.0 41267.0
16595.0 41035.0
17095.0 40954.0
17171.0 40768.0
18092.0 40466.0
18545.0 40444.0
18596.0 40337.0
19912.0 40313.0
21266.0 40310.0
21342.0 40064.0
21708.0 39975.0
24516.0 39972.0
24592.0 39916.0
24820.0 39865.0
25513.0 39758.0
28687.0 39755.0
28763.0 39632.0
31937.0 39629.0
32013.0 39573.0
32934.0 39525.0
36184.0 39386.0
43605.0 39153.0

16515.0 41267.0
16595.0 41035.0
17095.0 40954.0
17171.0 40768.0
18092.0 40466.0
18545.0 40444.0
18596.0 40337.0
19912.0 40313.0
21266.0 40310.0
21342.0 40064.0
21708.0 39975.0
24516.0 39972.0
24592.0 39916.0
24820.0 39865.0
25513.0 39758.0
28687.0 39757.0
28763.0 39632.0
31937.0 39629.0
32013.0 39573.0
32934.0 39519.0
36184.0 39386.0
39434.0 39340.0
42684.0 39328.0
43605.0 39153.0

16515.0 42178.0
16571.0 41718.0
17095.0 41015.0
17171.0 40768.0
18092.0 40466.0
18545.0 40444.0
18596.0 40337.0
19912.0 40313.0
21266.0 40312.0
21342.0 40064.0
21708.0 39975.0
24516.0 39972.0
24592.0 39916.0
24820.0 39865.0
25513.0 39758.0
28687.0 39755.0
28763.0 39632.0
31937.0 39629.0
32013.0 39573.0
32934.0 39525.0
36184.0 39386.0
39434.0 39327.0
42684.0 39291.0
43605.0 39153.0

16515.0 41267.0
16595.0 41035.0
17095.0 40954.0
17171.0 40768.0
18092.0 40466.0
18545.0 40444.0
18596.0 40337.0
19912.0 40313.0
21266.0 40310.0
21342.0 40064.0
21708.0 39975.0
24516.0 39972.0
24592.0 39916.0
24820.0 39865.0
25513.0 39758.0
28687.0 39755.0
28763.0 39632.0
31937.0 39629.0
32013.0 39573.0
32934.0 39519.0
36184.0 39386.0
39434.0 39327.0
42684.0 39291.0
43605.0 39153.0

16515.0 41473.0
16595.0 41241.0
17095.0 41015.0
17171.0 40768.0
18092.0 40466.0
18545.0 40444.0
18596.0 40337.0
19912.0 40313.0
21266.0 40310.0
21342.0 40064.0
21708.0 39975.0
24516.0 39972.0
24592.0 39916.0
24820.0 39865.0
25513.0 39758.0
28687.0 39755.0
28763.0 39632.0
31937.0 39629.0
32013.0 39573.0
32934.0 39525.0
36184.0 39386.0
39434.0 39327.0
42684.0 39291.0
43605.0 39153.0

16515.0 41267.0
16595.0 41035.0
17095.0 40954.0
17171.0 40768.0
18092.0 40466.0
18545.0 40444.0
18596.0 40337.0
19912.0 40313.0
21266.0 40310.0
21342.0 40064.0
21708.0 39975.0
24516.0 39972.0
24592.0 39916.0
24820.0 39865.0
25513.0 39758.0
28687.0 39755.0
28763.0 39632.0
31937.0 39629.0
32013.0 39573.0
32934.0 39519.0
36184.0 39386.0
39434.0 39327.0
42684.0 39291.0
43605.0 39153.0

16515.0 41267.0
16595.0 41035.0
17095.0 40954.0
17171.0 40768.0
18092.0 40466.0
18545.0 40444.0
18596.0 40337.0
19912.0 40313.0
21266.0 40310.0
21342.0 40064.0
21708.0 39975.0
24516.0 39972.0
24592.0 39916.0
24820.0 39865.0
25513.0 39758.0
27894.0 39757.0
28687.0 39755.0
28763.0 39631.0
31937.0 39629.0
32013.0 39573.0
32934.0 39525.0
36184.0 39386.0
39434.0 39327.0
40355.0 39303.0
42684.0 39291.0
43605.0 39153.0
46855.0 39117.0
50105.0 39058.0


