16816.0 42340.0
16990.0 41606.0
17516.0 41374.0
18016.0 41311.0
18092.0 40649.0
18596.0 40367.0
19912.0 40343.0
21266.0 40312.0
21342.0 40253.0
21708.0 40189.0
24516.0 40062.0
24801.0 40040.0
25513.0 39798.0
28687.0 39797.0
28763.0 39698.0
32013.0 39572.0
36184.0 39498.0
40355.0 39392.0
47776.0 39310.0
50950.0 39285.0

16023.0 54960.0
16290.0 50630.0
16494.0 49972.0
16515.0 46573.0
16956.0 46473.0
17145.0 46118.0
17492.0 45339.0
17745.0 44765.0
18092.0 43880.0
18596.0 42846.0
23880.0 42577.0
24592.0 41748.0
27766.0 41263.0
35187.0 39974.0
63874.0 38972.0

17326.0 50162.0
17996.0 49662.0
18092.0 47214.0
20857.0 47202.0
21342.0 44482.0
22263.0 44476.0
25010.0 43899.0
27587.0 42938.0
30155.0 42726.0
31861.0 42506.0

17326.0 50162.0
17996.0 49662.0
18092.0 47214.0
20857.0 47202.0
21342.0 44482.0
22263.0 44476.0
24820.0 41709.0

16816.0 42481.0
16956.0 41597.0
16990.0 41417.0
17516.0 41185.0
18016.0 41122.0
18092.0 40619.0
18545.0 40602.0
18596.0 40337.0
19912.0 40313.0
21266.0 40310.0
21342.0 40064.0
21708.0 39975.0
24516.0 39974.0
24592.0 39915.0
24820.0 39865.0
25513.0 39758.0
27894.0 39757.0
28763.0 39631.0
31937.0 39629.0
32013.0 39572.0
32934.0 39512.0
36108.0 39509.0
36184.0 39385.0
39434.0 39340.0
40355.0 39279.0
43605.0 39153.0
54276.0 39012.0
57450.0 39011.0

16515.0 42884.0
16816.0 41763.0
16956.0 41652.0
16990.0 41417.0
17516.0 41185.0
18016.0 41122.0
18092.0 40496.0
18545.0 40474.0
18596.0 40337.0
19912.0 40313.0
21266.0 40310.0
21342.0 40187.0
21708.0 39975.0
24516.0 39974.0
25513.0 39758.0
28763.0 39632.0
31937.0 39629.0
32934.0 39525.0
36184.0 39386.0
43605.0 39317.0

16515.0 42884.0
16816.0 41763.0
16956.0 41652.0
16990.0 41417.0
17516.0 41185.0
18016.0 41122.0
18092.0 40496.0
18545.0 40474.0
18596.0 40337.0
19912.0 40313.0
21266.0 40310.0
21342.0 40187.0
21708.0 39975.0
24516.0 39974.0
24801.0 39973.0
25513.0 39758.0
28763.0 39632.0
31937.0 39629.0
32934.0 39525.0
36184.0 39386.0
43605.0 39317.0

16515.0 42884.0
16816.0 41681.0
16956.0 41570.0
16990.0 41417.0
17516.0 41185.0
18016.0 41122.0
18092.0 40496.0
18545.0 40474.0
18596.0 40337.0
19912.0 40313.0
21266.0 40310.0
21342.0 40186.0
21708.0 39975.0
24516.0 39972.0
25513.0 39758.0
28687.0 39755.0
28763.0 39631.0
31937.0 39629.0
32934.0 39525.0
36108.0 39522.0
36184.0 39386.0
43605.0 39317.0

16515.0 42884.0
16816.0 41681.0
16956.0 41570.0
16990.0 41417.0
17516.0 41185.0
18016.0 41122.0
18092.0 40496.0
18545.0 40474.0
18596.0 40337.0
19912.0 40313.0
21266.0 40310.0
21342.0 40187.0
21708.0 39975.0
24516.0 39974.0
24801.0 39973.0
25513.0 39758.0
28763.0 39632.0
31937.0 39629.0
32934.0 39525.0
36184.0 39386.0
43605.0 39317.0

16515.0 41617.0
16519.0 41554.0
16990.0 41417.0
17516.0 41185.0
18016.0 41122.0
18092.0 40496.0
18545.0 40474.0
18596.0 40337.0
19912.0 40313.0
21266.0 40310.0
21342.0 40187.0
21708.0 39975.0
24516.0 39974.0
24592.0 39963.0
25513.0 39758.0
28687.0 39755.0
28763.0 39632.0
31937.0 39629.0
32934.0 39525.0
36108.0 39522.0
36184.0 39386.0
43605.0 39317.0

16515.0 42884.0
16816.0 41763.0
16956.0 41652.0
16990.0 41417.0
17516.0 41173.0
18016.0 41074.0
18092.0 40496.0
18545.0 40444.0
18596.0 40337.0
19912.0 40313.0
21266.0 40310.0
21342.0 40187.0
21708.0 39975.0
24516.0 39974.0
24801.0 39973.0
25513.0 39758.0
28687.0 39755.0
28763.0 39632.0
31937.0 39629.0
32934.0 39525.0
36184.0 39386.0
43605.0 39317.0

16515.0 42884.0
16816.0 41763.0
16956.0 41652.0
16990.0 41417.0
17516.0 41173.0
18016.0 41074.0
18092.0 40496.0
18545.0 40474.0
18596.0 40337.0
19912.0 40313.0
21266.0 40310.0
21342.0 40064.0
21708.0 39975.0
24516.0 39972.0
24592.0 39939.0
25513.0 39758.0
28687.0 39755.0
28763.0 39632.0
31937.0 39629.0
32013.0 39596.0
32934.0 39525.0
36184.0 39386.0
43605.0 39317.0

16515.0 42884.0
16816.0 41763.0
16956.0 41652.0
16990.0 41417.0
17516.0 41173.0
18016.0 41074.0
18092.0 40496.0
18545.0 40474.0
18596.0 40337.0
19912.0 40313.0
21266.0 40310.0
21342.0 40187.0
21708.0 39975.0
24516.0 39974.0
24801.0 39973.0
25513.0 39758.0
28687.0 39755.0
28763.0 39632.0
31937.0 39629.0
32934.0 39525.0
36184.0 39386.0
43605.0 39317.0

16515.0 41617.0
16519.0 41554.0
16990.0 41417.0
17516.0 41173.0
18016.0 41074.0
18092.0 40496.0
18545.0 40444.0
18596.0 40337.0
19912.0 40313.0
21266.0 40310.0
21342.0 40187.0
21708.0 39975.0
24516.0 39972.0
24592.0 39939.0
25513.0 39758.0
28687.0 39755.0
28763.0 39632.0
31937.0 39629.0
32013.0 39596.0
32934.0 39525.0
36108.0 39522.0
36184.0 39386.0
43605.0 39317.0

16515.0 42884.0
16816.0 41763.0
16956.0 41652.0
16990.0 41417.0
17516.0 41185.0
18016.0 41122.0
18092.0 40466.0
18545.0 40444.0
18596.0 40337.0
19912.0 40313.0
21266.0 40310.0
21342.0 40064.0
21708.0 39975.0
24516.0 39972.0
24592.0 39939.0
25513.0 39758.0
28687.0 39755.0
28763.0 39631.0
31937.0 39629.0
32013.0 39596.0
32934.0 39525.0
36108.0 39511.0
36184.0 39386.0
39358.0 39385.0
40355.0 39279.0
43605.0 39153.0
51026.0 39071.0


