16571.0 45289.0
16745.0 44281.0
16816.0 42481.0
16990.0 41387.0
17516.0 41185.0
18016.0 41122.0
18092.0 40735.0
18596.0 40495.0
19912.0 40313.0
21342.0 40064.0
21708.0 39975.0
24516.0 39972.0
24592.0 39915.0
24820.0 39865.0
25513.0 39758.0
27894.0 39757.0
28687.0 39755.0
28763.0 39632.0
32013.0 39572.0
32934.0 39512.0
36184.0 39386.0
39434.0 39326.0
42684.0 39309.0

16023.0 46044.0
16870.0 43113.0
18596.0 42829.0
20066.0 42603.0
20238.0 42104.0
20766.0 41317.0
36108.0 41036.0
38834.0 40787.0
63874.0 38972.0

18016.0 54904.0
18092.0 47999.0
18596.0 46152.0
21108.0 45758.0
21138.0 45598.0
22020.0 45513.0
22263.0 44164.0
23880.0 43360.0

17279.0 49391.0
17745.0 48293.0
17746.0 46829.0
18596.0 45801.0
18615.0 45373.0
18922.0 43961.0
22263.0 43289.0
31413.0 42876.0

16726.0 42937.0
16816.0 41651.0
16956.0 41540.0
16990.0 41387.0
17516.0 41155.0
18016.0 41092.0
18092.0 40466.0
18545.0 40444.0
18596.0 40337.0
19912.0 40313.0
21266.0 40310.0
21342.0 40064.0
21708.0 39975.0
24516.0 39972.0
24592.0 39915.0
24820.0 39865.0
25513.0 39758.0
27894.0 39757.0
28687.0 39755.0
28763.0 39631.0
31937.0 39628.0
32013.0 39572.0
32934.0 39511.0
36184.0 39385.0
39434.0 39326.0
40355.0 39278.0
43605.0 39152.0
46855.0 39093.0

16494.0 43322.0
16515.0 41473.0
16595.0 41241.0
17171.0 40768.0
18092.0 40466.0
18545.0 40444.0
18596.0 40337.0
19912.0 40313.0
21266.0 40312.0
21342.0 40064.0
21708.0 39975.0
24592.0 39915.0
25513.0 39758.0
27894.0 39757.0
28763.0 39696.0
31937.0 39695.0
32013.0 39637.0
32934.0 39511.0
36184.0 39463.0
39434.0 39433.0
40355.0 39303.0
46855.0 39208.0

16494.0 43322.0
16515.0 41473.0
16595.0 41241.0
17171.0 40768.0
18092.0 40466.0
18545.0 40444.0
18596.0 40337.0
19912.0 40313.0
21266.0 40310.0
21342.0 40064.0
21708.0 39975.0
24592.0 39915.0
24820.0 39905.0
25513.0 39758.0
27894.0 39757.0
28763.0 39696.0
31937.0 39695.0
32013.0 39637.0
32934.0 39511.0
36184.0 39463.0
39434.0 39433.0
40355.0 39303.0
46855.0 39208.0

16290.0 43566.0
16494.0 43322.0
16515.0 41334.0
16595.0 41102.0
17095.0 41021.0
17171.0 40768.0
18092.0 40466.0
18545.0 40444.0
18596.0 40337.0
19912.0 40313.0
21266.0 40310.0
21342.0 40064.0
21708.0 39975.0
24516.0 39972.0
24592.0 39915.0
24820.0 39905.0
25513.0 39758.0
27894.0 39757.0
28687.0 39755.0
28763.0 39632.0
31937.0 39629.0
32013.0 39597.0
32934.0 39511.0
36184.0 39385.0
40355.0 39278.0
43605.0 39244.0
46855.0 39208.0

16494.0 43322.0
16515.0 41382.0
16595.0 41150.0
17095.0 41069.0
17171.0 40744.0
18092.0 40466.0
18545.0 40444.0
18596.0 40337.0
19912.0 40313.0
21266.0 40312.0
21342.0 40064.0
21708.0 39975.0
24592.0 39915.0
25513.0 39758.0
27894.0 39757.0
28763.0 39632.0
32013.0 39597.0
32934.0 39511.0
36184.0 39410.0
39434.0 39339.0
40355.0 39303.0
46855.0 39208.0

16290.0 43431.0
16494.0 43172.0
16515.0 41448.0
16595.0 41241.0
17095.0 40954.0
17171.0 40768.0
18092.0 40466.0
18545.0 40444.0
18596.0 40337.0
19912.0 40313.0
21266.0 40312.0
21342.0 40064.0
21708.0 39975.0
24516.0 39972.0
24592.0 39915.0
24820.0 39905.0
25513.0 39758.0
27894.0 39757.0
28763.0 39632.0
32013.0 39596.0
32934.0 39511.0
36184.0 39385.0
40355.0 39278.0
43605.0 39152.0

16494.0 43322.0
16515.0 41473.0
16595.0 41241.0
17171.0 40768.0
18092.0 40466.0
18545.0 40444.0
18596.0 40337.0
19912.0 40313.0
21266.0 40310.0
21342.0 40064.0
21708.0 39975.0
24592.0 39915.0
24820.0 39905.0
25513.0 39758.0
27894.0 39757.0
28763.0 39696.0
31937.0 39695.0
32013.0 39637.0
32934.0 39511.0
36184.0 39398.0
40355.0 39303.0
46855.0 39208.0

16494.0 43322.0
16515.0 41473.0
16595.0 41241.0
17095.0 41112.0
17171.0 40768.0
18092.0 40466.0
18545.0 40444.0
18596.0 40337.0
19912.0 40313.0
21266.0 40310.0
21342.0 40064.0
21708.0 39975.0
24516.0 39974.0
24592.0 39915.0
24820.0 39889.0
25513.0 39758.0
27894.0 39757.0
28763.0 39632.0
31937.0 39631.0
32013.0 39596.0
32934.0 39511.0
36184.0 39398.0
39434.0 39350.0
40355.0 39303.0
43605.0 39193.0

16494.0 43322.0
16515.0 41382.0
16595.0 41150.0
17095.0 41069.0
17171.0 40744.0
18092.0 40466.0
18545.0 40444.0
18596.0 40337.0
19912.0 40313.0
21266.0 40310.0
21342.0 40064.0
21708.0 39975.0
24516.0 39972.0
24592.0 39915.0
24820.0 39905.0
25513.0 39758.0
27894.0 39757.0
28763.0 39631.0
31937.0 39629.0
32013.0 39573.0
32934.0 39511.0
36184.0 39398.0
39358.0 39396.0
39434.0 39351.0
40355.0 39303.0
46855.0 39208.0

16290.0 43566.0
16494.0 43322.0
16515.0 41382.0
16595.0 41150.0
17095.0 41069.0
17171.0 40744.0
18092.0 40466.0
18545.0 40444.0
18596.0 40337.0
19912.0 40313.0
21266.0 40310.0
21342.0 40064.0
21708.0 39975.0
24516.0 39972.0
24592.0 39915.0
24820.0 39905.0
25513.0 39758.0
27894.0 39757.0
28763.0 39631.0
31937.0 39629.0
32013.0 39572.0
32934.0 39511.0
36108.0 39508.0
36184.0 39385.0
39434.0 39340.0
40355.0 39303.0
43605.0 39176.0

16290.0 43547.0
16494.0 43322.0
16515.0 41382.0
16595.0 41150.0
17095.0 41087.0
17171.0 40768.0
18092.0 40466.0
18545.0 40444.0
18596.0 40337.0
19912.0 40313.0
21266.0 40310.0
21342.0 40064.0
21708.0 39975.0
24516.0 39972.0
24592.0 39915.0
25513.0 39758.0
27894.0 39757.0
28763.0 39632.0
31937.0 39631.0
32013.0 39573.0
32934.0 39511.0
36184.0 39385.0
39434.0 39326.0
40355.0 39278.0
43605.0 39267.0
46855.0 39093.0


