16515.0 42599.0
16595.0 42367.0
16816.0 42094.0
16990.0 41387.0
17516.0 41155.0
18016.0 41092.0
18092.0 40496.0
18545.0 40474.0
18596.0 40367.0
21266.0 40342.0
21342.0 40064.0
21708.0 39975.0
24516.0 39974.0
24592.0 39916.0
24820.0 39865.0
25513.0 39798.0
28763.0 39631.0
31937.0 39628.0
32013.0 39572.0
35263.0 39561.0
36184.0 39385.0
39434.0 39327.0
42608.0 39324.0
43605.0 39159.0
46779.0 39151.0
51026.0 39077.0

16023.0 48024.0
16156.0 47079.0
16256.0 45699.0
16526.0 45438.0
16816.0 44774.0
17095.0 42330.0
18092.0 41161.0
23940.0 40969.0
28763.0 40807.0
31437.0 40247.0
63874.0 38972.0

16936.0 54431.0
17492.0 53075.0
17996.0 52245.0
18122.0 47343.0
18671.0 46155.0
20666.0 45643.0
20857.0 45533.0
21342.0 45139.0
22263.0 43354.0
30661.0 41555.0

16936.0 54431.0
17345.0 51025.0
17396.0 47256.0
18615.0 45832.0
20666.0 45643.0
20857.0 45533.0
21342.0 45139.0
21661.0 41642.0
30661.0 41555.0

16816.0 41687.0
16956.0 41576.0
16990.0 41396.0
17516.0 41164.0
18016.0 41101.0
18092.0 40619.0
18545.0 40602.0
18596.0 40383.0
19912.0 40343.0
21342.0 40064.0
21708.0 39975.0
24516.0 39972.0
24592.0 39915.0
24820.0 39865.0
25513.0 39758.0
27894.0 39757.0
28687.0 39754.0
28763.0 39631.0
31937.0 39628.0
32013.0 39572.0
32934.0 39511.0
36108.0 39509.0
36184.0 39385.0
39358.0 39382.0
39434.0 39326.0
40355.0 39278.0
43529.0 39277.0
43605.0 39152.0
46855.0 39093.0
50029.0 39092.0
51026.0 39070.0

16515.0 41448.0
16595.0 41053.0
17095.0 40954.0
17171.0 40744.0
18092.0 40466.0
18596.0 40337.0
19912.0 40313.0
21342.0 40064.0
21708.0 39975.0
24516.0 39974.0
24592.0 39915.0
24820.0 39908.0
25513.0 39758.0
28763.0 39632.0
32013.0 39572.0
35187.0 39571.0
36184.0 39399.0
39434.0 39340.0
40355.0 39303.0
43605.0 39177.0
46855.0 39141.0
50105.0 39082.0

16515.0 41448.0
16595.0 41053.0
17095.0 40954.0
17171.0 40744.0
18092.0 40466.0
18596.0 40337.0
19912.0 40313.0
21342.0 40064.0
21708.0 39975.0
24516.0 39974.0
24592.0 39915.0
24820.0 39889.0
25513.0 39758.0
28763.0 39632.0
32013.0 39572.0
32934.0 39525.0
36184.0 39399.0
39434.0 39340.0
40355.0 39303.0
43605.0 39177.0
46855.0 39141.0
50105.0 39082.0

16515.0 41448.0
16595.0 41053.0
17095.0 40954.0
17171.0 40744.0
18092.0 40466.0
18545.0 40444.0
18596.0 40337.0
19912.0 40313.0
21266.0 40312.0
21342.0 40064.0
21708.0 39975.0
24516.0 39974.0
24592.0 39915.0
24820.0 39865.0
25513.0 39758.0
28763.0 39631.0
32013.0 39572.0
32934.0 39512.0
36184.0 39386.0
39358.0 39385.0
39434.0 39340.0
40355.0 39303.0
43605.0 39177.0
46855.0 39141.0
50105.0 39082.0

16515.0 41267.0
16595.0 41053.0
17095.0 40954.0
17171.0 40744.0
18092.0 40466.0
18545.0 40449.0
18596.0 40337.0
19912.0 40313.0
21266.0 40312.0
21342.0 40064.0
21708.0 39975.0
24516.0 39974.0
24592.0 39915.0
24820.0 39908.0
25513.0 39758.0
28763.0 39632.0
32013.0 39572.0
32934.0 39512.0
36184.0 39399.0
39434.0 39340.0
40355.0 39303.0
43605.0 39177.0
46855.0 39141.0
50105.0 39082.0

16515.0 41448.0
16595.0 41053.0
17095.0 40954.0
17171.0 40744.0
18092.0 40466.0
18545.0 40444.0
18596.0 40337.0
19912.0 40313.0
21266.0 40310.0
21342.0 40064.0
21708.0 39975.0
24516.0 39974.0
24592.0 39915.0
24820.0 39889.0
25513.0 39758.0
28687.0 39755.0
28763.0 39631.0
32013.0 39572.0
32934.0 39525.0
36184.0 39399.0
39434.0 39340.0
40355.0 39303.0
43605.0 39177.0
46855.0 39141.0
50105.0 39082.0

16515.0 41448.0
16595.0 41053.0
17095.0 40954.0
17171.0 40744.0
18092.0 40466.0
18545.0 40444.0
18596.0 40337.0
19912.0 40313.0
21266.0 40310.0
21342.0 40064.0
21708.0 39975.0
24516.0 39974.0
24592.0 39915.0
24820.0 39889.0
25513.0 39758.0
28763.0 39631.0
32013.0 39572.0
32934.0 39525.0
36184.0 39386.0
39358.0 39385.0
39434.0 39340.0
40355.0 39303.0
43605.0 39177.0
46855.0 39141.0
50105.0 39082.0

16515.0 41328.0
16595.0 41053.0
17095.0 40954.0
17171.0 40744.0
18092.0 40466.0
18545.0 40444.0
18596.0 40337.0
19912.0 40313.0
21266.0 40310.0
21342.0 40064.0
21708.0 39975.0
24516.0 39974.0
24592.0 39915.0
24820.0 39889.0
25513.0 39758.0
28687.0 39755.0
28763.0 39631.0
31937.0 39630.0
32013.0 39572.0
32934.0 39525.0
36108.0 39523.0
36184.0 39386.0
39358.0 39385.0
39434.0 39340.0
40355.0 39303.0
43605.0 39153.0
46779.0 39152.0
46855.0 39141.0
50105.0 39082.0

16515.0 41267.0
16595.0 41053.0
17095.0 40954.0
17171.0 40744.0
18092.0 40466.0
18545.0 40444.0
18596.0 40337.0
19912.0 40313.0
21266.0 40310.0
21342.0 40064.0
21708.0 39975.0
24516.0 39974.0
24592.0 39915.0
24820.0 39889.0
25513.0 39758.0
28763.0 39631.0
32013.0 39572.0
32934.0 39525.0
36184.0 39386.0
39358.0 39385.0
39434.0 39340.0
40355.0 39303.0
43605.0 39177.0
46855.0 39141.0
50105.0 39082.0

16290.0 48961.0
16515.0 41448.0
16595.0 41035.0
17095.0 40954.0
17171.0 40744.0
18092.0 40466.0
18545.0 40444.0
18596.0 40337.0
19912.0 40313.0
21266.0 40310.0
21342.0 40064.0
21708.0 39975.0
24516.0 39974.0
24592.0 39915.0
24820.0 39889.0
25513.0 39758.0
28687.0 39755.0
28763.0 39631.0
32013.0 39572.0
32934.0 39512.0
36108.0 39509.0
36184.0 39386.0
39358.0 39385.0
39434.0 39327.0
40355.0 39303.0
43605.0 39153.0
46779.0 39152.0
46855.0 39094.0
50029.0 39093.0
50105.0 39082.0

16515.0 41448.0
16595.0 41053.0
17095.0 40954.0
17171.0 40744.0
18092.0 40466.0
18545.0 40444.0
18596.0 40337.0
19912.0 40313.0
21266.0 40310.0
21342.0 40064.0
21708.0 39975.0
24516.0 39974.0
24592.0 39915.0
24820.0 39865.0
25513.0 39758.0
27894.0 39757.0
28687.0 39755.0
28763.0 39631.0
32013.0 39572.0
32934.0 39512.0
36108.0 39511.0
36184.0 39386.0
39358.0 39385.0
39434.0 39327.0
40355.0 39279.0
43605.0 39153.0
46855.0 39101.0
50105.0 39082.0
54276.0 39012.0


