16515.0 41473.0
16595.0 41241.0
17095.0 41178.0
17171.0 40835.0
18092.0 40646.0
18545.0 40474.0
18596.0 40337.0
19912.0 40313.0
21266.0 40310.0
21342.0 40064.0
21708.0 39975.0
24516.0 39972.0
24592.0 39915.0
24820.0 39884.0
25513.0 39758.0
27894.0 39757.0
28763.0 39632.0
31937.0 39629.0
32013.0 39572.0
32934.0 39511.0
36184.0 39385.0
39434.0 39327.0
40355.0 39278.0
43605.0 39152.0
51026.0 39071.0

15590.0 53402.0
16023.0 51261.0
16515.0 44492.0
16956.0 44149.0
17492.0 43942.0
17996.0 43782.0
18016.0 43351.0
18092.0 43110.0
18615.0 42316.0
18671.0 42045.0
19247.0 41833.0
19505.0 41639.0
20766.0 41085.0
25513.0 40948.0
27843.0 40706.0
36184.0 40606.0
43529.0 40495.0
63874.0 38972.0

16847.0 47424.0
18056.0 43957.0
27313.0 43727.0
28687.0 43297.0

16515.0 57160.0
16847.0 47424.0
17745.0 46924.0
17996.0 46143.0
18056.0 43957.0
27166.0 42118.0
32858.0 41567.0
40279.0 41500.0

16515.0 41526.0
16519.0 41427.0
16595.0 41259.0
17095.0 41160.0
18092.0 40466.0
18545.0 40444.0
18596.0 40337.0
19912.0 40313.0
21266.0 40310.0
21342.0 40064.0
21708.0 39975.0
24516.0 39972.0
24592.0 39915.0
24820.0 39865.0
25513.0 39758.0
27894.0 39757.0
28687.0 39754.0
28763.0 39631.0
31937.0 39628.0
32013.0 39572.0
32934.0 39511.0
36108.0 39508.0
36184.0 39385.0
39358.0 39382.0
39434.0 39326.0
40355.0 39278.0
43605.0 39152.0
46779.0 39149.0
46855.0 39093.0
51026.0 39070.0
54276.0 39035.0

16495.0 44958.0
16515.0 41396.0
16595.0 41053.0
17095.0 40954.0
17171.0 40768.0
18092.0 40496.0
18545.0 40474.0
18596.0 40337.0
19912.0 40313.0
21266.0 40312.0
21342.0 40064.0
21708.0 39975.0
24516.0 39974.0
24592.0 39916.0
25513.0 39758.0
28763.0 39632.0
32013.0 39603.0
32934.0 39512.0
36184.0 39439.0
40355.0 39429.0
43605.0 39193.0

16495.0 44958.0
16515.0 41396.0
16595.0 41053.0
17095.0 40954.0
17171.0 40768.0
18092.0 40496.0
18545.0 40474.0
18596.0 40337.0
19912.0 40313.0
21266.0 40312.0
21342.0 40064.0
21708.0 39975.0
24516.0 39974.0
24592.0 39916.0
25513.0 39758.0
28763.0 39632.0
32013.0 39603.0
32934.0 39512.0
36184.0 39439.0
40355.0 39429.0
43605.0 39193.0

16495.0 44958.0
16515.0 41396.0
16595.0 41053.0
17095.0 40954.0
17171.0 40768.0
18092.0 40496.0
18545.0 40474.0
18596.0 40337.0
19912.0 40313.0
21266.0 40310.0
21342.0 40064.0
21708.0 39975.0
24516.0 39974.0
24592.0 39915.0
24820.0 39884.0
25513.0 39758.0
28687.0 39757.0
28763.0 39631.0
32013.0 39572.0
32934.0 39512.0
36184.0 39409.0
39434.0 39364.0
42684.0 39328.0
43605.0 39193.0

16495.0 44958.0
16515.0 41396.0
16595.0 41053.0
17095.0 40954.0
17171.0 40744.0
18092.0 40496.0
18545.0 40474.0
18596.0 40337.0
19912.0 40313.0
21266.0 40312.0
21342.0 40064.0
21708.0 39975.0
24516.0 39974.0
24592.0 39915.0
25513.0 39758.0
28687.0 39757.0
28763.0 39632.0
31937.0 39630.0
32013.0 39603.0
32934.0 39512.0
36184.0 39409.0
39358.0 39384.0
43605.0 39176.0

16156.0 45021.0
16495.0 44958.0
16515.0 41396.0
16595.0 41053.0
17095.0 40954.0
17171.0 40744.0
18092.0 40496.0
18545.0 40474.0
18596.0 40337.0
19912.0 40313.0
21266.0 40312.0
21342.0 40064.0
21708.0 39975.0
24516.0 39974.0
24592.0 39915.0
24820.0 39865.0
25513.0 39758.0
28763.0 39631.0
32013.0 39572.0
32934.0 39512.0
36184.0 39386.0
39434.0 39339.0
42684.0 39304.0
43605.0 39193.0

16495.0 44958.0
16515.0 41396.0
16595.0 41053.0
17095.0 40954.0
17171.0 40768.0
18092.0 40466.0
18545.0 40444.0
18596.0 40337.0
19912.0 40313.0
21266.0 40312.0
21342.0 40064.0
21708.0 39975.0
24516.0 39974.0
24592.0 39916.0
25513.0 39758.0
28763.0 39632.0
32013.0 39603.0
32934.0 39512.0
36184.0 39409.0
39358.0 39384.0
39434.0 39374.0
40355.0 39343.0
43605.0 39176.0

16023.0 44648.0
16156.0 44205.0
16290.0 43375.0
16515.0 41267.0
16595.0 41053.0
17095.0 40954.0
17171.0 40744.0
18092.0 40466.0
18545.0 40444.0
18596.0 40337.0
19912.0 40313.0
21266.0 40312.0
21342.0 40064.0
21708.0 39975.0
24516.0 39974.0
24592.0 39915.0
24820.0 39889.0
25513.0 39758.0
28687.0 39755.0
28763.0 39631.0
32013.0 39572.0
32934.0 39512.0
36184.0 39386.0
39358.0 39384.0
39434.0 39326.0
43605.0 39176.0

16495.0 44958.0
16515.0 41396.0
16595.0 41035.0
17095.0 40954.0
17171.0 40744.0
18092.0 40466.0
18545.0 40444.0
18596.0 40337.0
19912.0 40313.0
21266.0 40312.0
21342.0 40064.0
21708.0 39975.0
24516.0 39974.0
24592.0 39916.0
25513.0 39758.0
28687.0 39755.0
28763.0 39632.0
32013.0 39603.0
32934.0 39512.0
36184.0 39409.0
39358.0 39384.0
39434.0 39374.0
40355.0 39343.0
43605.0 39176.0

16156.0 45021.0
16290.0 43375.0
16515.0 41382.0
16595.0 41035.0
17095.0 40954.0
17171.0 40744.0
18092.0 40466.0
18545.0 40444.0
18596.0 40337.0
19912.0 40313.0
21266.0 40312.0
21342.0 40064.0
21708.0 39975.0
24516.0 39974.0
24592.0 39915.0
24820.0 39865.0
25513.0 39758.0
27894.0 39757.0
28687.0 39755.0
28763.0 39631.0
32013.0 39572.0
32934.0 39512.0
36184.0 39385.0
39358.0 39384.0
39434.0 39326.0
42684.0 39315.0
43605.0 39176.0

16023.0 48370.0
16156.0 46924.0
16495.0 44958.0
16515.0 41396.0
16595.0 41035.0
17095.0 40954.0
17171.0 40744.0
18092.0 40466.0
18545.0 40444.0
18596.0 40337.0
19912.0 40313.0
21266.0 40312.0
21342.0 40064.0
21708.0 39975.0
24516.0 39974.0
24592.0 39915.0
24820.0 39884.0
25513.0 39758.0
27894.0 39757.0
28687.0 39755.0
28763.0 39631.0
32013.0 39572.0
32934.0 39512.0
36184.0 39386.0
39434.0 39327.0
40355.0 39303.0
43605.0 39177.0
46779.0 39152.0


