16515.0 42812.0
16571.0 42400.0
17095.0 41677.0
17171.0 41352.0
18092.0 40694.0
18596.0 40641.0
21266.0 40558.0
21342.0 40250.0
24592.0 40191.0
25513.0 40033.0
30136.0 39873.0

16023.0 56439.0
16515.0 46142.0
18446.0 45524.0
21108.0 44950.0
21689.0 44259.0
24128.0 44257.0
24237.0 43711.0
25513.0 42976.0
27243.0 42929.0
29684.0 42003.0
60624.0 39256.0

17279.0 49496.0
17746.0 49244.0
18446.0 45524.0
21108.0 45257.0
22146.0 44531.0
30940.0 44294.0
35032.0 42524.0

17745.0 55056.0
17746.0 49244.0
18446.0 45524.0
25010.0 44105.0

16515.0 42662.0
16571.0 41718.0
16595.0 41144.0
17171.0 40768.0
18092.0 40720.0
18596.0 40511.0
18615.0 40509.0
20421.0 40467.0
21342.0 40104.0
21657.0 40082.0
21708.0 40015.0
24592.0 39934.0
25513.0 39907.0
28763.0 39671.0
32013.0 39613.0
36184.0 39438.0

16515.0 42662.0
16571.0 41718.0
16595.0 41144.0
17171.0 40768.0
18092.0 40720.0
18596.0 40511.0
18615.0 40509.0
20421.0 40467.0
21342.0 40104.0
21657.0 40082.0
21708.0 40015.0
24592.0 39934.0
25513.0 39907.0
28763.0 39671.0
32013.0 39613.0
36184.0 39438.0

16515.0 42662.0
16571.0 41718.0
16595.0 41144.0
17171.0 40768.0
18092.0 40720.0
18596.0 40511.0
18615.0 40509.0
20421.0 40467.0
21342.0 40104.0
21657.0 40082.0
21708.0 40015.0
24592.0 39934.0
25513.0 39907.0
28763.0 39671.0
32013.0 39613.0
36184.0 39438.0

16515.0 42662.0
16571.0 41718.0
16595.0 41144.0
17171.0 40768.0
18092.0 40720.0
18596.0 40511.0
18615.0 40509.0
20421.0 40467.0
21342.0 40104.0
21657.0 40082.0
21708.0 40015.0
24592.0 39934.0
25513.0 39907.0
28763.0 39671.0
32013.0 39613.0
36184.0 39438.0

16515.0 42662.0
16571.0 41718.0
16595.0 41144.0
17171.0 40768.0
18092.0 40720.0
18596.0 40511.0
18615.0 40509.0
20421.0 40467.0
21342.0 40104.0
21657.0 40082.0
21708.0 40015.0
24592.0 39934.0
25513.0 39907.0
28763.0 39671.0
32013.0 39613.0
36184.0 39438.0

16515.0 42662.0
16571.0 41718.0
16595.0 41144.0
17171.0 40768.0
18092.0 40720.0
18596.0 40511.0
18615.0 40509.0
20421.0 40467.0
21342.0 40104.0
21657.0 40082.0
21708.0 40015.0
24592.0 39934.0
25513.0 39907.0
28763.0 39671.0
32013.0 39613.0
36184.0 39438.0

16515.0 42662.0
16571.0 41718.0
16595.0 41144.0
17171.0 40768.0
18092.0 40720.0
18596.0 40511.0
18615.0 40509.0
20421.0 40467.0
21342.0 40104.0
21657.0 40082.0
21708.0 40015.0
24592.0 39934.0
25513.0 39907.0
28763.0 39671.0
32013.0 39613.0
36184.0 39438.0

16515.0 42662.0
16571.0 41718.0
16595.0 41144.0
17171.0 40768.0
18092.0 40720.0
18596.0 40511.0
18615.0 40509.0
20421.0 40467.0
21342.0 40104.0
21657.0 40082.0
21708.0 40015.0
24592.0 39934.0
25513.0 39907.0
28763.0 39671.0
32013.0 39613.0
36184.0 39438.0

16515.0 42662.0
16571.0 41718.0
16595.0 41144.0
17171.0 40768.0
18092.0 40720.0
18596.0 40511.0
18615.0 40509.0
20421.0 40467.0
21342.0 40104.0
21657.0 40082.0
21708.0 40015.0
24592.0 39934.0
25513.0 39907.0
28763.0 39671.0
32013.0 39613.0
36184.0 39438.0

16515.0 42662.0
16571.0 41718.0
16595.0 41144.0
17171.0 40768.0
18092.0 40720.0
18596.0 40511.0
18615.0 40509.0
20421.0 40467.0
21342.0 40104.0
21657.0 40082.0
21708.0 40015.0
24592.0 39934.0
25513.0 39907.0
28763.0 39671.0
32013.0 39613.0
36184.0 39438.0

16515.0 42662.0
16571.0 41718.0
16595.0 41144.0
17171.0 40768.0
18092.0 40720.0
18596.0 40511.0
18615.0 40509.0
20421.0 40467.0
21342.0 40104.0
21657.0 40082.0
21708.0 40015.0
24592.0 39934.0
25513.0 39907.0
28763.0 39671.0
32013.0 39613.0
36184.0 39438.0


