16515.0 41267.0
16595.0 41035.0
17095.0 40972.0
17171.0 40744.0
18545.0 40722.0
18615.0 40443.0
20387.0 40419.0
21266.0 40418.0
21342.0 40064.0
21708.0 39975.0
24592.0 39915.0
25513.0 39846.0
27894.0 39757.0
28763.0 39677.0
32013.0 39572.0
32934.0 39511.0
36184.0 39385.0
39434.0 39326.0
40355.0 39278.0
43605.0 39152.0
46855.0 39093.0

16023.0 49947.0
16136.0 49217.0
16256.0 46263.0
16515.0 44842.0
17279.0 44000.0
17745.0 43904.0
17869.0 43481.0
18092.0 42355.0
18671.0 41995.0
19946.0 41885.0
20742.0 41669.0
21708.0 41087.0
22263.0 41066.0
24820.0 41022.0
28187.0 40616.0
30661.0 40546.0
32934.0 40270.0
63874.0 38972.0

16515.0 48714.0
17745.0 48240.0
17996.0 47214.0
18922.0 46162.0
19505.0 44398.0
25513.0 42991.0
34908.0 42977.0

16515.0 48714.0
17145.0 47762.0
17996.0 47214.0
18092.0 44108.0
24592.0 43444.0
25437.0 42617.0
28187.0 41799.0

16515.0 48714.0
16777.0 44907.0
16816.0 41651.0
16956.0 41540.0
16990.0 41387.0
17516.0 41155.0
18016.0 41074.0
18092.0 40466.0
18545.0 40444.0
18596.0 40337.0
19912.0 40313.0
21266.0 40310.0
21342.0 40064.0
21708.0 39975.0
24516.0 39972.0
24592.0 39915.0
24820.0 39865.0
25513.0 39758.0
27894.0 39757.0
28687.0 39755.0
28763.0 39631.0
31937.0 39629.0
32013.0 39572.0
32934.0 39511.0
36108.0 39508.0
36184.0 39385.0
39358.0 39382.0
39434.0 39326.0
40355.0 39278.0
43605.0 39152.0
46855.0 39093.0
51026.0 39070.0
54276.0 39011.0

16256.0 47036.0
16495.0 45717.0
16515.0 42155.0
16816.0 41366.0
17516.0 41134.0
18016.0 41071.0
18092.0 40466.0
18545.0 40444.0
18596.0 40337.0
19912.0 40313.0
21266.0 40310.0
21342.0 40088.0
21708.0 39975.0
24516.0 39974.0
24592.0 39939.0
25513.0 39758.0
28763.0 39632.0
32013.0 39596.0
32934.0 39536.0
36184.0 39410.0
39358.0 39407.0
39434.0 39369.0
43605.0 39346.0
46779.0 39325.0

16256.0 47036.0
16495.0 45717.0
16515.0 42155.0
16816.0 41366.0
17516.0 41134.0
18016.0 41071.0
18092.0 40466.0
18545.0 40444.0
18596.0 40337.0
19912.0 40313.0
21266.0 40310.0
21342.0 40064.0
21708.0 39975.0
24516.0 39974.0
24592.0 39939.0
25513.0 39758.0
28763.0 39632.0
32013.0 39596.0
32934.0 39512.0
36184.0 39410.0
39358.0 39407.0
39434.0 39369.0
43605.0 39346.0
46779.0 39325.0

16256.0 47036.0
16495.0 45717.0
16515.0 41770.0
16816.0 41366.0
17516.0 41134.0
18016.0 41053.0
18092.0 40466.0
18545.0 40444.0
18596.0 40337.0
19912.0 40313.0
21266.0 40310.0
21342.0 40064.0
21708.0 39975.0
24516.0 39972.0
24592.0 39915.0
25513.0 39758.0
27894.0 39757.0
28763.0 39631.0
32013.0 39572.0
32934.0 39511.0
36184.0 39386.0
39434.0 39326.0
46779.0 39325.0

16256.0 47036.0
16495.0 45717.0
16515.0 42155.0
16595.0 42133.0
16816.0 41366.0
17516.0 41134.0
18016.0 41053.0
18092.0 40466.0
18545.0 40444.0
18596.0 40337.0
19912.0 40313.0
21266.0 40310.0
21342.0 40064.0
21708.0 39975.0
24516.0 39974.0
24592.0 39939.0
25513.0 39758.0
28763.0 39632.0
32013.0 39596.0
32934.0 39536.0
36184.0 39410.0
39358.0 39407.0
39434.0 39369.0
43605.0 39346.0
46779.0 39325.0

16023.0 47308.0
16256.0 47006.0
16290.0 43229.0
16515.0 41831.0
16816.0 41366.0
17516.0 41134.0
18016.0 41071.0
18092.0 40466.0
18545.0 40444.0
18596.0 40337.0
19912.0 40313.0
21266.0 40310.0
21342.0 40064.0
21708.0 39975.0
24516.0 39972.0
24592.0 39915.0
24820.0 39908.0
25513.0 39758.0
28687.0 39757.0
28763.0 39631.0
32013.0 39572.0
32934.0 39512.0
36184.0 39385.0
39434.0 39369.0
42684.0 39304.0
46855.0 39094.0

16256.0 47036.0
16495.0 45717.0
16515.0 42155.0
16816.0 41366.0
17516.0 41134.0
18016.0 41071.0
18092.0 40466.0
18545.0 40444.0
18596.0 40337.0
19912.0 40313.0
21266.0 40310.0
21342.0 40064.0
21708.0 39975.0
24516.0 39974.0
24592.0 39939.0
25513.0 39758.0
28687.0 39757.0
28763.0 39632.0
32013.0 39596.0
32934.0 39536.0
36184.0 39410.0
39358.0 39407.0
39434.0 39369.0
43605.0 39346.0
46779.0 39325.0

16256.0 47036.0
16495.0 45656.0
16515.0 41770.0
16816.0 41366.0
17516.0 41134.0
18016.0 41071.0
18092.0 40466.0
18545.0 40444.0
18596.0 40337.0
19912.0 40313.0
21266.0 40310.0
21342.0 40064.0
21708.0 39975.0
24516.0 39972.0
24592.0 39916.0
24820.0 39889.0
25513.0 39758.0
27894.0 39757.0
28763.0 39631.0
32013.0 39572.0
32934.0 39511.0
36184.0 39385.0
39434.0 39369.0
42684.0 39304.0
46855.0 39094.0

16256.0 47036.0
16495.0 45717.0
16515.0 42155.0
16595.0 42133.0
16816.0 41366.0
17516.0 41134.0
18016.0 41053.0
18092.0 40466.0
18545.0 40444.0
18596.0 40337.0
19912.0 40313.0
21266.0 40310.0
21342.0 40064.0
21708.0 39975.0
24516.0 39974.0
24592.0 39939.0
25513.0 39758.0
28687.0 39757.0
28763.0 39632.0
32013.0 39596.0
32934.0 39536.0
36184.0 39410.0
39358.0 39407.0
39434.0 39369.0
43605.0 39346.0
46779.0 39325.0

16023.0 45962.0
16156.0 44720.0
16515.0 41770.0
16816.0 41366.0
17516.0 41134.0
18016.0 41071.0
18092.0 40466.0
18545.0 40444.0
18596.0 40337.0
19912.0 40313.0
21266.0 40310.0
21342.0 40064.0
21708.0 39975.0
24516.0 39972.0
24592.0 39939.0
24820.0 39889.0
25513.0 39758.0
27894.0 39757.0
28687.0 39755.0
28763.0 39631.0
32013.0 39596.0
32934.0 39512.0
36184.0 39385.0
39434.0 39369.0
43605.0 39346.0
46779.0 39325.0

16256.0 47036.0
16495.0 45717.0
16515.0 41770.0
16816.0 41366.0
17095.0 41130.0
17171.0 40805.0
18092.0 40466.0
18545.0 40444.0
18596.0 40337.0
19912.0 40313.0
21266.0 40310.0
21342.0 40064.0
21708.0 39975.0
24516.0 39972.0
24592.0 39915.0
25513.0 39758.0
27894.0 39757.0
28763.0 39631.0
32013.0 39572.0
32934.0 39511.0
36184.0 39385.0
39434.0 39327.0
43605.0 39153.0
46855.0 39094.0


