16515.0 41507.0
16595.0 41275.0
17095.0 41212.0
18092.0 40694.0
18545.0 40672.0
18596.0 40465.0
18615.0 40443.0
20387.0 40419.0
21266.0 40416.0
21342.0 40064.0
21708.0 39975.0
24516.0 39972.0
24592.0 39915.0
25513.0 39846.0
27894.0 39757.0
28763.0 39631.0
32013.0 39572.0
35187.0 39569.0
35263.0 39537.0
36184.0 39398.0
39434.0 39326.0
42684.0 39304.0
43605.0 39152.0
46855.0 39093.0
50029.0 39091.0
54276.0 39012.0

16023.0 54396.0
16136.0 48709.0
16256.0 48512.0
16515.0 47506.0
16595.0 42971.0
18545.0 42833.0
18615.0 42154.0
21342.0 41649.0
21708.0 41133.0
24731.0 40782.0
49529.0 40742.0
63874.0 38972.0

17145.0 49137.0
17670.0 48974.0
17996.0 48714.0
18545.0 47545.0
19471.0 45615.0
22020.0 45207.0
22461.0 44941.0
26643.0 43944.0
38158.0 43113.0

16515.0 52842.0
17145.0 49137.0
17670.0 48974.0
17945.0 47407.0
17996.0 45893.0
19471.0 45615.0
21266.0 43220.0
28187.0 41847.0

16515.0 44087.0
16527.0 43572.0
16550.0 42787.0
16816.0 42124.0
16990.0 41423.0
17516.0 41182.0
17745.0 41171.0
18016.0 41083.0
18092.0 40466.0
18545.0 40444.0
18596.0 40337.0
19912.0 40313.0
21266.0 40310.0
21342.0 40064.0
21708.0 39975.0
24516.0 39972.0
24592.0 39915.0
24820.0 39884.0
25513.0 39758.0
27894.0 39757.0
28687.0 39755.0
28763.0 39631.0
32013.0 39572.0
32934.0 39511.0
36108.0 39509.0
36184.0 39385.0
39358.0 39382.0
39434.0 39326.0
40355.0 39278.0
43605.0 39152.0
46855.0 39093.0
50029.0 39092.0
51026.0 39070.0

16023.0 43036.0
16156.0 42755.0
16515.0 42081.0
16571.0 41792.0
16595.0 41317.0
17095.0 41218.0
17171.0 40744.0
18092.0 40466.0
18545.0 40444.0
18596.0 40337.0
19912.0 40313.0
21266.0 40310.0
21342.0 40064.0
21708.0 39975.0
24592.0 39916.0
24820.0 39865.0
25513.0 39798.0
28687.0 39797.0
28763.0 39632.0
32013.0 39573.0
36184.0 39386.0
42608.0 39324.0
45858.0 39288.0

16023.0 43036.0
16156.0 42755.0
16515.0 42081.0
16571.0 41792.0
16595.0 41317.0
17095.0 41218.0
17171.0 40744.0
18092.0 40466.0
18545.0 40444.0
18596.0 40337.0
19912.0 40313.0
21266.0 40310.0
21342.0 40064.0
21708.0 39975.0
24516.0 39974.0
24592.0 39916.0
24820.0 39865.0
25513.0 39798.0
28687.0 39797.0
28763.0 39632.0
32013.0 39573.0
35263.0 39537.0
36184.0 39386.0
42608.0 39324.0
45858.0 39288.0

16023.0 43036.0
16156.0 42086.0
16515.0 41382.0
16595.0 41259.0
17095.0 41069.0
17171.0 40744.0
18092.0 40466.0
18545.0 40444.0
18596.0 40337.0
19912.0 40313.0
21266.0 40310.0
21342.0 40064.0
21708.0 39975.0
24516.0 39974.0
24592.0 39916.0
24820.0 39865.0
25513.0 39758.0
28763.0 39632.0
31937.0 39629.0
32013.0 39573.0
32934.0 39512.0
36184.0 39386.0
39434.0 39327.0
42608.0 39324.0
43605.0 39290.0
45858.0 39288.0
50105.0 39128.0

16023.0 43036.0
16156.0 42755.0
16515.0 41712.0
16519.0 41521.0
16595.0 41317.0
17095.0 41218.0
17171.0 40744.0
18092.0 40466.0
18545.0 40444.0
18596.0 40337.0
19912.0 40313.0
21266.0 40310.0
21342.0 40064.0
21708.0 39975.0
24516.0 39974.0
24592.0 39916.0
24820.0 39865.0
25513.0 39758.0
28763.0 39632.0
32013.0 39573.0
32934.0 39549.0
35263.0 39537.0
36184.0 39386.0
42608.0 39324.0
45858.0 39288.0
49032.0 39287.0

16023.0 43036.0
16156.0 42755.0
16515.0 41334.0
16595.0 41102.0
17095.0 41021.0
17171.0 40744.0
18092.0 40466.0
18545.0 40444.0
18596.0 40337.0
19912.0 40313.0
21266.0 40310.0
21342.0 40064.0
21708.0 39975.0
24516.0 39974.0
24592.0 39916.0
24820.0 39865.0
25513.0 39758.0
28763.0 39632.0
31937.0 39629.0
32013.0 39573.0
32934.0 39536.0
36184.0 39386.0
42608.0 39324.0
45858.0 39288.0

16023.0 43036.0
16156.0 42755.0
16515.0 41382.0
16595.0 41317.0
17095.0 41069.0
17171.0 40744.0
18092.0 40466.0
18545.0 40444.0
18596.0 40337.0
19912.0 40313.0
21266.0 40310.0
21342.0 40064.0
21708.0 39975.0
24516.0 39974.0
24592.0 39916.0
24820.0 39865.0
25513.0 39758.0
28687.0 39755.0
28763.0 39632.0
31937.0 39629.0
32013.0 39573.0
32934.0 39512.0
36184.0 39386.0
39434.0 39363.0
40355.0 39303.0
45858.0 39288.0

16023.0 43036.0
16156.0 42755.0
16515.0 41382.0
16595.0 41150.0
17095.0 41069.0
17171.0 40744.0
18092.0 40466.0
18545.0 40444.0
18596.0 40337.0
19912.0 40313.0
21266.0 40310.0
21342.0 40064.0
21708.0 39975.0
24516.0 39974.0
24592.0 39916.0
24820.0 39865.0
25513.0 39758.0
28763.0 39632.0
31937.0 39631.0
32013.0 39573.0
32934.0 39524.0
36184.0 39386.0
42608.0 39324.0
43605.0 39304.0
45858.0 39288.0

16023.0 43036.0
16156.0 42755.0
16515.0 41654.0
16519.0 41463.0
16595.0 41259.0
17095.0 41160.0
17171.0 40744.0
18092.0 40466.0
18545.0 40444.0
18596.0 40337.0
19912.0 40313.0
21266.0 40310.0
21342.0 40064.0
21708.0 39975.0
24516.0 39974.0
24592.0 39916.0
24820.0 39865.0
25513.0 39758.0
28763.0 39632.0
32013.0 39573.0
32934.0 39524.0
36184.0 39386.0
42608.0 39324.0
45858.0 39288.0

16023.0 42389.0
16156.0 41946.0
16515.0 41382.0
16595.0 41150.0
17095.0 41069.0
17171.0 40744.0
18092.0 40466.0
18545.0 40444.0
18596.0 40337.0
19912.0 40313.0
21266.0 40310.0
21342.0 40064.0
21708.0 39975.0
24516.0 39974.0
24592.0 39916.0
24820.0 39865.0
25513.0 39758.0
28687.0 39755.0
28763.0 39632.0
32013.0 39573.0
32934.0 39512.0
36184.0 39386.0
39434.0 39379.0
42608.0 39324.0
42684.0 39304.0
45858.0 39288.0

16023.0 43036.0
16156.0 42755.0
16515.0 41382.0
16595.0 41317.0
17095.0 41069.0
17171.0 40744.0
18092.0 40466.0
18545.0 40444.0
18596.0 40337.0
19912.0 40313.0
21266.0 40310.0
21342.0 40064.0
21708.0 39975.0
24516.0 39972.0
24592.0 39915.0
24820.0 39865.0
25513.0 39758.0
28687.0 39755.0
28763.0 39631.0
31937.0 39629.0
32013.0 39573.0
32934.0 39512.0
36184.0 39386.0
39434.0 39327.0
42608.0 39324.0
43605.0 39222.0
46855.0 39093.0
50029.0 39091.0
54276.0 39051.0


