16494.0 44371.0
16515.0 41631.0
16595.0 41399.0
17095.0 41336.0
17516.0 41314.0
17745.0 41300.0
18016.0 41251.0
18092.0 40624.0
18545.0 40602.0
18596.0 40495.0
18615.0 40443.0
19912.0 40431.0
19946.0 40426.0
20387.0 40419.0
21266.0 40416.0
21342.0 40064.0
21708.0 39975.0
24592.0 39915.0
25513.0 39846.0
27894.0 39757.0
28763.0 39631.0
32013.0 39572.0
32934.0 39524.0
36184.0 39452.0
39358.0 39449.0
39434.0 39339.0
40355.0 39278.0
43605.0 39219.0
46855.0 39093.0

16023.0 46381.0
16515.0 44171.0
17171.0 43801.0
17492.0 43401.0
18092.0 43137.0
18615.0 42866.0
20066.0 42230.0
21689.0 42128.0
21708.0 41526.0
24801.0 40737.0
25513.0 40418.0
32013.0 40399.0
36184.0 40227.0
39434.0 40054.0
63874.0 38972.0

17996.0 50402.0
18056.0 46292.0
20489.0 46133.0
21708.0 43977.0
29684.0 43770.0

17996.0 48985.0
18056.0 46292.0
18615.0 44945.0
19112.0 42247.0
20766.0 41676.0
23416.0 41660.0
36108.0 41265.0

16745.0 44228.0
16816.0 42487.0
16990.0 41396.0
17516.0 41164.0
18016.0 41083.0
18092.0 40466.0
18545.0 40444.0
18596.0 40337.0
19912.0 40313.0
21266.0 40310.0
21342.0 40064.0
21708.0 39975.0
24516.0 39972.0
24592.0 39916.0
24820.0 39865.0
25513.0 39758.0
27894.0 39757.0
28687.0 39755.0
28763.0 39631.0
31937.0 39628.0
32013.0 39573.0
32934.0 39511.0
36108.0 39509.0
36184.0 39385.0
39434.0 39326.0
40355.0 39278.0
43605.0 39152.0
46855.0 39094.0
51026.0 39071.0

16023.0 44822.0
16156.0 44379.0
16515.0 41328.0
17095.0 40954.0
17171.0 40744.0
18092.0 40496.0
18545.0 40474.0
18596.0 40337.0
19912.0 40313.0
21266.0 40310.0
21342.0 40064.0
21708.0 39975.0
24516.0 39972.0
25513.0 39758.0
27894.0 39757.0
28763.0 39631.0
32934.0 39512.0
36184.0 39385.0
43605.0 39322.0

16023.0 44822.0
16156.0 44379.0
16515.0 41328.0
17095.0 40954.0
17171.0 40744.0
18092.0 40496.0
18545.0 40474.0
18596.0 40337.0
19912.0 40313.0
21266.0 40310.0
21342.0 40064.0
21708.0 39975.0
24516.0 39972.0
25513.0 39758.0
27894.0 39757.0
28763.0 39631.0
32934.0 39512.0
36184.0 39385.0
43605.0 39322.0

16023.0 44822.0
16156.0 42227.0
16515.0 41267.0
16595.0 41035.0
17095.0 40954.0
17171.0 40744.0
18092.0 40496.0
18545.0 40444.0
18596.0 40337.0
19912.0 40313.0
21266.0 40310.0
21342.0 40064.0
21708.0 39975.0
24516.0 39972.0
24592.0 39956.0
24820.0 39908.0
25513.0 39758.0
27894.0 39757.0
28763.0 39631.0
31937.0 39629.0
32013.0 39612.0
32934.0 39512.0
36184.0 39385.0
43605.0 39322.0

16023.0 44822.0
16156.0 44379.0
16515.0 41267.0
16595.0 41035.0
17095.0 40954.0
17171.0 40744.0
18092.0 40496.0
18545.0 40474.0
18596.0 40337.0
19912.0 40313.0
21266.0 40310.0
21342.0 40064.0
21708.0 39975.0
24516.0 39972.0
25513.0 39758.0
27894.0 39757.0
28763.0 39631.0
32934.0 39512.0
36184.0 39385.0
43605.0 39322.0

16023.0 43387.0
16156.0 43331.0
16515.0 41328.0
16595.0 41053.0
17095.0 40954.0
17171.0 40744.0
18092.0 40496.0
18545.0 40474.0
18596.0 40337.0
19912.0 40313.0
21266.0 40310.0
21342.0 40064.0
21708.0 39975.0
24516.0 39972.0
24592.0 39915.0
24820.0 39884.0
25513.0 39758.0
27894.0 39757.0
28763.0 39631.0
31937.0 39629.0
32013.0 39572.0
32934.0 39512.0
36184.0 39385.0
43605.0 39322.0

16023.0 44822.0
16156.0 44379.0
16515.0 41328.0
16595.0 41053.0
17095.0 40954.0
17171.0 40744.0
18092.0 40496.0
18545.0 40474.0
18596.0 40337.0
19912.0 40313.0
21266.0 40310.0
21342.0 40064.0
21708.0 39975.0
24516.0 39972.0
25513.0 39758.0
27894.0 39757.0
28763.0 39631.0
32013.0 39573.0
32934.0 39512.0
36184.0 39385.0
43605.0 39322.0

16023.0 44777.0
16156.0 43331.0
16515.0 41267.0
16595.0 41035.0
17095.0 40954.0
17171.0 40744.0
18092.0 40496.0
18545.0 40444.0
18596.0 40337.0
19912.0 40313.0
21266.0 40310.0
21342.0 40064.0
21708.0 39975.0
24516.0 39972.0
24592.0 39916.0
25513.0 39758.0
27894.0 39757.0
28763.0 39631.0
31937.0 39629.0
32013.0 39573.0
32934.0 39512.0
36184.0 39385.0
43605.0 39322.0

16023.0 44822.0
16156.0 44379.0
16515.0 41267.0
16595.0 41035.0
17095.0 40954.0
17171.0 40744.0
18092.0 40496.0
18545.0 40444.0
18596.0 40337.0
19912.0 40313.0
21266.0 40310.0
21342.0 40064.0
21708.0 39975.0
24516.0 39972.0
25513.0 39758.0
27894.0 39757.0
28687.0 39755.0
28763.0 39631.0
31937.0 39629.0
32013.0 39573.0
32934.0 39512.0
36184.0 39385.0
43605.0 39322.0

16023.0 43486.0
16156.0 42944.0
16515.0 41328.0
16595.0 41053.0
17095.0 40954.0
17171.0 40744.0
18092.0 40496.0
18545.0 40474.0
18596.0 40337.0
19912.0 40313.0
21266.0 40310.0
21342.0 40064.0
21708.0 39975.0
24516.0 39972.0
24592.0 39963.0
25513.0 39758.0
27894.0 39757.0
28687.0 39755.0
28763.0 39631.0
31937.0 39629.0
32013.0 39573.0
32934.0 39512.0
36184.0 39385.0
43605.0 39322.0

16023.0 44822.0
16156.0 44379.0
16494.0 43506.0
16515.0 41328.0
16595.0 41053.0
17095.0 40954.0
17171.0 40744.0
18092.0 40466.0
18545.0 40444.0
18596.0 40337.0
19912.0 40313.0
21266.0 40310.0
21342.0 40064.0
21708.0 39975.0
24516.0 39972.0
24592.0 39916.0
25513.0 39758.0
27894.0 39757.0
28687.0 39755.0
28763.0 39631.0
31937.0 39629.0
32013.0 39573.0
32934.0 39512.0
36108.0 39509.0
36184.0 39385.0
39358.0 39383.0
39434.0 39379.0
42608.0 39323.0
43605.0 39317.0
46779.0 39173.0
50029.0 39090.0


