16816.0 42117.0
16956.0 42064.0
17516.0 41669.0
18016.0 41570.0
18092.0 40734.0
18545.0 40728.0
18596.0 40383.0
19912.0 40313.0
21342.0 40187.0
21708.0 39975.0
24592.0 39916.0
24820.0 39865.0
28763.0 39678.0
32013.0 39656.0
35263.0 39634.0
36184.0 39495.0

16023.0 48397.0
16515.0 47612.0
16816.0 47459.0
17145.0 45345.0
17516.0 45067.0
18615.0 44970.0
18805.0 44926.0
19505.0 44185.0
21342.0 43157.0
23950.0 43100.0
23992.0 42779.0
24592.0 41669.0
25513.0 41493.0
32858.0 41135.0
63874.0 38972.0

16256.0 50460.0
18056.0 45900.0
20178.0 44832.0
21708.0 44188.0
24516.0 42916.0
27487.0 42282.0

17145.0 49656.0
18056.0 49434.0
18092.0 47850.0
18922.0 46857.0
19490.0 44959.0
19505.0 44514.0
20690.0 44506.0
21708.0 44188.0
24516.0 42916.0
27487.0 42282.0

16816.0 42632.0
16990.0 41568.0
17516.0 41173.0
18016.0 41074.0
18092.0 40624.0
18545.0 40602.0
18596.0 40495.0
18615.0 40443.0
20387.0 40419.0
21266.0 40418.0
21342.0 40064.0
21708.0 39975.0
24516.0 39972.0
24592.0 39915.0
27766.0 39914.0
27842.0 39880.0
27913.0 39864.0
28763.0 39632.0
31937.0 39631.0
32013.0 39572.0
36184.0 39386.0
39358.0 39383.0
39434.0 39326.0

16256.0 45435.0
16515.0 41267.0
16595.0 41053.0
17095.0 40954.0
17171.0 40768.0
18092.0 40466.0
18545.0 40449.0
18596.0 40337.0
21266.0 40310.0
21342.0 40104.0
21708.0 39999.0
24516.0 39974.0
24592.0 39955.0
25513.0 39798.0
28763.0 39655.0
32013.0 39632.0
32934.0 39549.0
36184.0 39488.0
40355.0 39326.0

16256.0 45435.0
16515.0 41267.0
16595.0 41053.0
17095.0 40954.0
17171.0 40768.0
18092.0 40466.0
18545.0 40449.0
18596.0 40337.0
21266.0 40310.0
21342.0 40088.0
21708.0 39999.0
24516.0 39974.0
24592.0 39955.0
24820.0 39943.0
25513.0 39782.0
28763.0 39655.0
32013.0 39632.0
32934.0 39525.0
36184.0 39488.0
39434.0 39340.0
40355.0 39326.0

16023.0 45501.0
16156.0 43417.0
16515.0 41267.0
16595.0 41053.0
17095.0 40954.0
17171.0 40768.0
18092.0 40466.0
18545.0 40449.0
18596.0 40337.0
21266.0 40310.0
21342.0 40088.0
21708.0 39999.0
24516.0 39972.0
24592.0 39955.0
25513.0 39798.0
28763.0 39655.0
32013.0 39632.0
32934.0 39532.0
36184.0 39488.0
40355.0 39326.0

16256.0 45435.0
16515.0 41267.0
16595.0 41053.0
17095.0 40954.0
17171.0 40768.0
18092.0 40466.0
18545.0 40449.0
18596.0 40337.0
21266.0 40310.0
21342.0 40088.0
21708.0 39999.0
24516.0 39974.0
24592.0 39955.0
25513.0 39798.0
28763.0 39655.0
32013.0 39632.0
32934.0 39525.0
36184.0 39399.0
40355.0 39326.0

16023.0 45546.0
16256.0 45435.0
16515.0 41267.0
16595.0 41053.0
17095.0 40954.0
17171.0 40768.0
18092.0 40466.0
18545.0 40449.0
18596.0 40337.0
21266.0 40310.0
21342.0 40088.0
21708.0 39999.0
24516.0 39972.0
24592.0 39955.0
25513.0 39782.0
27843.0 39765.0
28763.0 39655.0
32013.0 39632.0
32934.0 39525.0
36184.0 39399.0
40355.0 39326.0

16256.0 45435.0
16515.0 41267.0
16595.0 41053.0
17095.0 40954.0
17171.0 40768.0
18092.0 40466.0
18545.0 40449.0
18596.0 40337.0
21266.0 40310.0
21342.0 40088.0
21708.0 39999.0
24516.0 39972.0
24592.0 39955.0
24820.0 39929.0
25513.0 39798.0
28763.0 39655.0
32013.0 39632.0
32934.0 39525.0
36184.0 39485.0
39434.0 39340.0
40355.0 39326.0
43605.0 39284.0

16256.0 45435.0
16515.0 41267.0
16595.0 41035.0
17095.0 40954.0
17171.0 40768.0
18092.0 40466.0
18545.0 40449.0
18596.0 40337.0
21266.0 40310.0
21342.0 40088.0
21657.0 40071.0
21708.0 39999.0
24516.0 39972.0
24592.0 39940.0
24820.0 39905.0
25513.0 39782.0
27843.0 39765.0
28687.0 39757.0
28763.0 39655.0
31937.0 39631.0
32934.0 39525.0
36184.0 39399.0
39434.0 39340.0
40355.0 39326.0
43605.0 39284.0

16256.0 45435.0
16515.0 41267.0
16595.0 41053.0
17095.0 40954.0
17171.0 40768.0
18092.0 40466.0
18545.0 40449.0
18596.0 40337.0
21266.0 40310.0
21342.0 40088.0
21708.0 39999.0
24516.0 39972.0
24592.0 39955.0
24820.0 39929.0
25513.0 39798.0
28763.0 39655.0
32013.0 39632.0
32934.0 39525.0
36184.0 39485.0
39434.0 39340.0
40355.0 39326.0
43605.0 39284.0

16023.0 45546.0
16256.0 45435.0
16515.0 41267.0
16595.0 41053.0
17095.0 40954.0
17171.0 40768.0
18092.0 40466.0
18545.0 40449.0
18596.0 40337.0
21266.0 40310.0
21342.0 40088.0
21708.0 39999.0
24516.0 39972.0
24592.0 39955.0
24820.0 39905.0
25513.0 39798.0
28763.0 39655.0
32013.0 39632.0
32934.0 39525.0
36184.0 39399.0
39434.0 39340.0
40355.0 39326.0
43605.0 39284.0

16256.0 45435.0
16515.0 41267.0
16595.0 41053.0
17095.0 40954.0
17171.0 40768.0
18092.0 40466.0
18545.0 40444.0
18596.0 40337.0
19912.0 40313.0
21266.0 40310.0
21342.0 40064.0
21708.0 39975.0
24516.0 39972.0
24592.0 39916.0
24820.0 39865.0
25513.0 39758.0
28687.0 39757.0
28763.0 39632.0
31937.0 39631.0
32013.0 39573.0
32934.0 39536.0
36108.0 39524.0
36184.0 39399.0
39358.0 39398.0
39434.0 39327.0
40355.0 39286.0
43605.0 39153.0
46855.0 39118.0
50029.0 39093.0


