16515.0 41334.0
16595.0 41102.0
17171.0 40835.0
18092.0 40544.0
18545.0 40527.0
18596.0 40455.0
20387.0 40419.0
21266.0 40416.0
21342.0 40064.0
21708.0 39975.0
24516.0 39972.0
24592.0 39916.0
24820.0 39865.0
28763.0 39631.0
31937.0 39628.0
32013.0 39573.0
35187.0 39570.0
35263.0 39537.0
36184.0 39386.0
39434.0 39350.0
43605.0 39316.0

16023.0 52331.0
16290.0 45554.0
16894.0 44699.0
17095.0 43883.0
17745.0 43434.0
18092.0 43413.0
18494.0 42417.0
18545.0 41974.0
21342.0 41393.0
21708.0 40810.0
25513.0 40649.0
29684.0 40532.0
63874.0 38972.0

17996.0 49936.0
18016.0 48048.0
19505.0 47431.0
19912.0 45359.0
20142.0 45341.0
24750.0 45167.0
24785.0 44607.0
27062.0 44552.0
28163.0 44436.0
31437.0 42811.0

17492.0 46113.0
18805.0 44936.0
20457.0 44534.0
20955.0 42686.0
21342.0 42627.0

16515.0 41563.0
16595.0 41168.0
17095.0 41069.0
18092.0 40466.0
18545.0 40444.0
18596.0 40337.0
19912.0 40313.0
21266.0 40310.0
21342.0 40064.0
21708.0 39975.0
24516.0 39972.0
24592.0 39915.0
24820.0 39865.0
25513.0 39758.0
27894.0 39757.0
28687.0 39755.0
28763.0 39631.0
32013.0 39572.0
32934.0 39511.0
36184.0 39385.0
39434.0 39326.0
40355.0 39278.0
43605.0 39152.0
46855.0 39117.0

16093.0 45874.0
16290.0 43536.0
16515.0 41382.0
16595.0 41053.0
17171.0 40744.0
18092.0 40466.0
18545.0 40449.0
18596.0 40337.0
19912.0 40313.0
21266.0 40312.0
21342.0 40104.0
21708.0 39999.0
24516.0 39974.0
24592.0 39923.0
24820.0 39889.0
25513.0 39758.0
28763.0 39639.0
32934.0 39536.0
36184.0 39409.0

16093.0 45874.0
16290.0 43536.0
16515.0 41382.0
16595.0 41053.0
17171.0 40744.0
18092.0 40466.0
18545.0 40449.0
18596.0 40337.0
19912.0 40313.0
21266.0 40312.0
21342.0 40104.0
21708.0 39975.0
24516.0 39974.0
24592.0 39923.0
24820.0 39889.0
25513.0 39758.0
28763.0 39632.0
31937.0 39631.0
32934.0 39536.0
36184.0 39386.0
39358.0 39384.0

16023.0 44197.0
16156.0 43754.0
16290.0 43536.0
16515.0 41267.0
16595.0 41053.0
17095.0 40954.0
17171.0 40744.0
18092.0 40466.0
18545.0 40444.0
18596.0 40337.0
19912.0 40313.0
21266.0 40310.0
21342.0 40104.0
21708.0 39975.0
24516.0 39974.0
24592.0 39923.0
24820.0 39889.0
25513.0 39758.0
27894.0 39757.0
28763.0 39632.0
31937.0 39631.0
32013.0 39573.0
32934.0 39535.0
36184.0 39409.0

16093.0 45874.0
16290.0 43536.0
16515.0 41382.0
16595.0 41053.0
17171.0 40744.0
18092.0 40466.0
18545.0 40449.0
18596.0 40337.0
19912.0 40313.0
21266.0 40312.0
21342.0 40104.0
21708.0 39975.0
24516.0 39974.0
24592.0 39923.0
24820.0 39889.0
25513.0 39758.0
28763.0 39632.0
31937.0 39631.0
32013.0 39596.0
32934.0 39536.0
36184.0 39386.0

16023.0 42375.0
16515.0 41382.0
16595.0 41053.0
17171.0 40744.0
18092.0 40466.0
18545.0 40449.0
18596.0 40337.0
19912.0 40313.0
21266.0 40312.0
21342.0 40064.0
21708.0 39975.0
24516.0 39974.0
24592.0 39915.0
24820.0 39889.0
25513.0 39758.0
28687.0 39757.0
28763.0 39632.0
31937.0 39631.0
32013.0 39597.0
32934.0 39536.0
36184.0 39409.0

16093.0 45874.0
16290.0 43536.0
16515.0 41382.0
16595.0 41053.0
17171.0 40744.0
18092.0 40466.0
18545.0 40444.0
18596.0 40337.0
19912.0 40313.0
21266.0 40312.0
21342.0 40104.0
21708.0 39975.0
24516.0 39974.0
24592.0 39923.0
24820.0 39889.0
25513.0 39758.0
28687.0 39757.0
28763.0 39639.0
32934.0 39536.0
36184.0 39409.0
39358.0 39384.0

16093.0 45874.0
16290.0 43536.0
16515.0 41382.0
16595.0 41053.0
17095.0 40954.0
17171.0 40744.0
18092.0 40466.0
18545.0 40444.0
18596.0 40337.0
19912.0 40313.0
21266.0 40312.0
21342.0 40104.0
21708.0 39975.0
24516.0 39974.0
24592.0 39916.0
24820.0 39865.0
25513.0 39758.0
28687.0 39757.0
28763.0 39631.0
32013.0 39596.0
32934.0 39532.0
36184.0 39386.0
39358.0 39384.0

16093.0 45874.0
16290.0 43536.0
16515.0 41382.0
16595.0 41053.0
17171.0 40744.0
18092.0 40466.0
18545.0 40444.0
18596.0 40337.0
19912.0 40313.0
21266.0 40312.0
21342.0 40104.0
21708.0 39975.0
24516.0 39974.0
24592.0 39923.0
24820.0 39889.0
25513.0 39758.0
28687.0 39757.0
28763.0 39632.0
32013.0 39596.0
32934.0 39512.0
36184.0 39386.0
39358.0 39384.0

16023.0 42463.0
16515.0 41382.0
16595.0 41053.0
17095.0 40954.0
17171.0 40744.0
18092.0 40466.0
18545.0 40444.0
18596.0 40337.0
19912.0 40313.0
21266.0 40312.0
21342.0 40064.0
21708.0 39975.0
24516.0 39974.0
24592.0 39916.0
24820.0 39889.0
25513.0 39758.0
28687.0 39757.0
28763.0 39632.0
31937.0 39631.0
32013.0 39596.0
32934.0 39525.0
36184.0 39392.0
39358.0 39384.0

16093.0 45874.0
16156.0 43754.0
16290.0 43536.0
16515.0 41382.0
16595.0 41035.0
17171.0 40744.0
18092.0 40466.0
18545.0 40444.0
18596.0 40337.0
19912.0 40313.0
21266.0 40310.0
21342.0 40064.0
21708.0 39975.0
24516.0 39974.0
24592.0 39916.0
24820.0 39865.0
25513.0 39758.0
28687.0 39757.0
28763.0 39631.0
32013.0 39596.0
32934.0 39512.0
36184.0 39385.0
39358.0 39384.0
39434.0 39350.0
40355.0 39279.0
43605.0 39159.0


