16023.0 44942.0
16256.0 44591.0
16595.0 43366.0
16956.0 43015.0
17095.0 42916.0
17345.0 42245.0
17745.0 41851.0
18092.0 40826.0
18545.0 40804.0
18596.0 40632.0
21266.0 40631.0
21342.0 40257.0
21708.0 40206.0
24592.0 40147.0
27766.0 40104.0
32934.0 40076.0
35187.0 39858.0

16023.0 55130.0
16475.0 48804.0
16515.0 45902.0
18856.0 45631.0
19471.0 43461.0
60624.0 39031.0

17996.0 46684.0
18805.0 46482.0
21661.0 46323.0
22263.0 45848.0
24237.0 45571.0
24750.0 44193.0
24820.0 43821.0
27587.0 43035.0
31437.0 42628.0
31937.0 41559.0

18546.0 47001.0
21266.0 46181.0
21342.0 44041.0
24516.0 43270.0

16816.0 42402.0
16956.0 41896.0
16990.0 41662.0
17516.0 41267.0
18016.0 41168.0
18092.0 40646.0
18545.0 40629.0
18596.0 40337.0
19912.0 40313.0
21266.0 40310.0
21342.0 40187.0
21708.0 39975.0
24592.0 39963.0
25513.0 39758.0
28763.0 39632.0
36184.0 39386.0

16816.0 42402.0
16956.0 41896.0
16990.0 41662.0
17516.0 41267.0
18016.0 41168.0
18092.0 40646.0
18545.0 40629.0
18596.0 40337.0
19912.0 40313.0
21266.0 40310.0
21342.0 40187.0
21708.0 39975.0
24592.0 39963.0
25513.0 39758.0
28763.0 39632.0
36184.0 39386.0

16816.0 42402.0
16956.0 41896.0
16990.0 41662.0
17516.0 41267.0
18016.0 41168.0
18092.0 40646.0
18545.0 40629.0
18596.0 40337.0
19912.0 40313.0
21266.0 40310.0
21342.0 40187.0
21708.0 39975.0
24592.0 39963.0
25513.0 39758.0
28763.0 39632.0
36184.0 39386.0

16816.0 42402.0
16956.0 41896.0
16990.0 41662.0
17516.0 41267.0
18016.0 41168.0
18092.0 40646.0
18545.0 40629.0
18596.0 40337.0
19912.0 40313.0
21266.0 40310.0
21342.0 40187.0
21708.0 39975.0
24592.0 39963.0
25513.0 39758.0
28763.0 39632.0
36184.0 39386.0

16816.0 42402.0
16956.0 41896.0
16990.0 41662.0
17516.0 41267.0
18016.0 41168.0
18092.0 40646.0
18545.0 40629.0
18596.0 40337.0
19912.0 40313.0
21266.0 40310.0
21342.0 40187.0
21708.0 39975.0
24592.0 39963.0
25513.0 39758.0
28763.0 39632.0
36184.0 39386.0

16816.0 42402.0
16956.0 41896.0
16990.0 41662.0
17516.0 41267.0
18016.0 41168.0
18092.0 40646.0
18545.0 40629.0
18596.0 40337.0
19912.0 40313.0
21266.0 40310.0
21342.0 40187.0
21708.0 39975.0
24592.0 39963.0
25513.0 39758.0
28763.0 39632.0
36184.0 39386.0

16816.0 42402.0
16956.0 41896.0
16990.0 41662.0
17516.0 41267.0
18016.0 41168.0
18092.0 40646.0
18545.0 40629.0
18596.0 40337.0
19912.0 40313.0
21266.0 40310.0
21342.0 40187.0
21708.0 39975.0
24592.0 39963.0
25513.0 39758.0
28763.0 39632.0
36184.0 39386.0

16816.0 42402.0
16956.0 41896.0
16990.0 41662.0
17516.0 41267.0
18016.0 41168.0
18092.0 40646.0
18545.0 40629.0
18596.0 40337.0
19912.0 40313.0
21266.0 40310.0
21342.0 40187.0
21708.0 39975.0
24592.0 39963.0
25513.0 39758.0
28763.0 39632.0
36184.0 39386.0

16816.0 42402.0
16956.0 41896.0
16990.0 41662.0
17516.0 41267.0
18016.0 41168.0
18092.0 40646.0
18545.0 40629.0
18596.0 40337.0
19912.0 40313.0
21266.0 40310.0
21342.0 40187.0
21708.0 39975.0
24592.0 39963.0
25513.0 39758.0
28763.0 39632.0
36184.0 39386.0

16816.0 42402.0
16956.0 41896.0
16990.0 41662.0
17516.0 41267.0
18016.0 41168.0
18092.0 40646.0
18545.0 40629.0
18596.0 40337.0
19912.0 40313.0
21266.0 40310.0
21342.0 40187.0
21708.0 39975.0
24592.0 39963.0
25513.0 39758.0
28763.0 39632.0
36184.0 39386.0

16816.0 42402.0
16956.0 41896.0
16990.0 41662.0
17516.0 41267.0
18016.0 41168.0
18092.0 40646.0
18545.0 40629.0
18596.0 40337.0
19912.0 40313.0
21266.0 40310.0
21342.0 40187.0
21708.0 39975.0
24592.0 39963.0
25513.0 39758.0
28763.0 39632.0
36184.0 39386.0


