16023.0 42499.0
16156.0 42056.0
16595.0 41824.0
17095.0 41761.0
18092.0 40767.0
20838.0 40678.0
21342.0 40640.0
23316.0 40541.0
23950.0 40358.0
25513.0 40253.0
28763.0 40044.0
31937.0 40019.0
36184.0 39832.0

16023.0 49075.0
16816.0 46800.0
18056.0 45593.0
18922.0 45306.0
19246.0 43868.0
21342.0 42962.0
21708.0 42182.0
28687.0 41942.0
32358.0 41295.0
63874.0 38972.0

16936.0 54431.0
17492.0 53075.0
17996.0 52245.0
18122.0 47343.0
18671.0 46155.0
20666.0 45643.0
20857.0 45533.0
21342.0 45139.0
22263.0 43354.0
30661.0 41555.0

17996.0 52245.0
18016.0 47345.0
18856.0 47282.0
21266.0 46977.0
21342.0 45139.0
21795.0 44705.0
24201.0 44672.0
24820.0 44498.0
25513.0 43829.0
26443.0 43261.0
28687.0 42970.0
30955.0 41695.0

16515.0 41534.0
16595.0 41302.0
17095.0 41239.0
17171.0 40896.0
18092.0 40711.0
18545.0 40694.0
18596.0 40402.0
21266.0 40377.0
21342.0 40252.0
21708.0 40225.0
24516.0 40200.0
24592.0 40149.0
25513.0 39986.0
28763.0 39721.0
32934.0 39694.0
36184.0 39622.0
39358.0 39597.0

16515.0 41534.0
16595.0 41302.0
17095.0 41239.0
17171.0 40896.0
18092.0 40711.0
18545.0 40694.0
18596.0 40402.0
21266.0 40377.0
21342.0 40252.0
21708.0 40225.0
24516.0 40200.0
24592.0 40149.0
25513.0 39986.0
28763.0 39721.0
32934.0 39694.0
36184.0 39622.0
39358.0 39597.0

16515.0 41534.0
16595.0 41302.0
17095.0 41239.0
17171.0 40896.0
18092.0 40711.0
18545.0 40694.0
18596.0 40402.0
21266.0 40377.0
21342.0 40252.0
21708.0 40225.0
24516.0 40200.0
24592.0 40149.0
25513.0 39986.0
28763.0 39721.0
32934.0 39694.0
36184.0 39622.0
39358.0 39597.0

16515.0 41534.0
16595.0 41302.0
17095.0 41239.0
17171.0 40896.0
18092.0 40711.0
18545.0 40694.0
18596.0 40402.0
21266.0 40377.0
21342.0 40252.0
21708.0 40225.0
24516.0 40200.0
24592.0 40149.0
25513.0 39986.0
28763.0 39721.0
32934.0 39694.0
36184.0 39622.0
39358.0 39597.0

16515.0 41534.0
16595.0 41302.0
17095.0 41239.0
17171.0 40896.0
18092.0 40711.0
18545.0 40694.0
18596.0 40402.0
21266.0 40377.0
21342.0 40252.0
21708.0 40225.0
24516.0 40200.0
24592.0 40149.0
25513.0 39986.0
28763.0 39721.0
32934.0 39694.0
36184.0 39622.0
39358.0 39597.0

16515.0 41534.0
16595.0 41302.0
17095.0 41239.0
17171.0 40896.0
18092.0 40711.0
18545.0 40694.0
18596.0 40402.0
21266.0 40377.0
21342.0 40252.0
21708.0 40225.0
24516.0 40200.0
24592.0 40149.0
25513.0 39986.0
28763.0 39721.0
32934.0 39694.0
36184.0 39622.0
39358.0 39597.0

16515.0 41534.0
16595.0 41302.0
17095.0 41239.0
17171.0 40896.0
18092.0 40711.0
18545.0 40694.0
18596.0 40402.0
21266.0 40377.0
21342.0 40252.0
21708.0 40225.0
24516.0 40200.0
24592.0 40149.0
25513.0 39986.0
28763.0 39721.0
32934.0 39694.0
36184.0 39622.0
39358.0 39597.0

16515.0 41534.0
16595.0 41302.0
17095.0 41239.0
17171.0 40896.0
18092.0 40711.0
18545.0 40694.0
18596.0 40402.0
21266.0 40377.0
21342.0 40252.0
21708.0 40225.0
24516.0 40200.0
24592.0 40149.0
25513.0 39986.0
28763.0 39721.0
32934.0 39694.0
36184.0 39622.0
39358.0 39597.0

16515.0 41534.0
16595.0 41302.0
17095.0 41239.0
17171.0 40896.0
18092.0 40711.0
18545.0 40694.0
18596.0 40402.0
21266.0 40377.0
21342.0 40252.0
21708.0 40225.0
24516.0 40200.0
24592.0 40149.0
25513.0 39986.0
28763.0 39721.0
32934.0 39694.0
36184.0 39622.0
39358.0 39597.0

16515.0 41534.0
16595.0 41302.0
17095.0 41239.0
17171.0 40896.0
18092.0 40711.0
18545.0 40694.0
18596.0 40402.0
21266.0 40377.0
21342.0 40252.0
21708.0 40225.0
24516.0 40200.0
24592.0 40149.0
25513.0 39986.0
28763.0 39721.0
32934.0 39694.0
36184.0 39622.0
39358.0 39597.0

16515.0 41534.0
16595.0 41302.0
17095.0 41239.0
17171.0 40896.0
18092.0 40711.0
18545.0 40694.0
18596.0 40402.0
21266.0 40377.0
21342.0 40252.0
21708.0 40225.0
24516.0 40200.0
24592.0 40149.0
25513.0 39986.0
28763.0 39721.0
32934.0 39694.0
36184.0 39622.0
39358.0 39597.0


