16290.0 49607.0
16515.0 44895.0
16745.0 43974.0
16816.0 42409.0
16990.0 41604.0
17345.0 41442.0
17516.0 41191.0
18016.0 41110.0
18092.0 40646.0
18596.0 40495.0
19912.0 40471.0
20387.0 40419.0
21342.0 40064.0
21708.0 39975.0
24516.0 39974.0
24592.0 39915.0
24820.0 39884.0
25513.0 39758.0
27894.0 39757.0
28763.0 39632.0
31937.0 39629.0
32013.0 39572.0
32934.0 39512.0
36184.0 39386.0
39358.0 39383.0
39434.0 39350.0
40355.0 39279.0
43605.0 39153.0
51026.0 39071.0

15590.0 54597.0
16023.0 50041.0
16290.0 49607.0
16494.0 46742.0
16515.0 46148.0
16816.0 45187.0
16894.0 44307.0
17345.0 43791.0
18615.0 43472.0
19379.0 43410.0
20438.0 42961.0
20766.0 42960.0
20787.0 42875.0
21266.0 42060.0
21689.0 41769.0
21708.0 41212.0
28407.0 40949.0
32934.0 40596.0
63874.0 38972.0

16290.0 49607.0
18092.0 48831.0
21661.0 45518.0
22263.0 44859.0
27411.0 43440.0

16290.0 49607.0
18092.0 48831.0
18671.0 47597.0
19505.0 44789.0
21708.0 44532.0
22263.0 43629.0
23854.0 43566.0
27411.0 43440.0
28763.0 42230.0

16136.0 47856.0
16156.0 47575.0
16816.0 42016.0
16956.0 41946.0
16990.0 41396.0
17516.0 41164.0
18016.0 41101.0
18092.0 40619.0
18545.0 40444.0
18596.0 40337.0
21342.0 40064.0
21708.0 39975.0
24516.0 39972.0
24592.0 39916.0
24820.0 39865.0
25513.0 39758.0
27894.0 39757.0
28687.0 39755.0
28763.0 39631.0
32013.0 39573.0
32934.0 39511.0
36184.0 39385.0
39434.0 39326.0
40355.0 39278.0
43605.0 39152.0
46855.0 39111.0
51026.0 39088.0

16023.0 43829.0
16156.0 42383.0
16515.0 41358.0
16595.0 41144.0
17095.0 41045.0
17171.0 40835.0
18092.0 40466.0
18545.0 40444.0
18596.0 40337.0
19912.0 40313.0
21266.0 40310.0
21342.0 40064.0
21708.0 39975.0
24516.0 39974.0
24592.0 39915.0
24820.0 39865.0
25513.0 39758.0
28763.0 39632.0
32013.0 39596.0
32934.0 39511.0
36184.0 39385.0
39434.0 39339.0
42684.0 39304.0
43605.0 39153.0
46855.0 39133.0
54276.0 39051.0
57450.0 39050.0

16023.0 43829.0
16156.0 42383.0
16515.0 41358.0
16595.0 41144.0
17095.0 41045.0
17171.0 40744.0
18092.0 40466.0
18545.0 40444.0
18596.0 40337.0
19912.0 40313.0
21266.0 40310.0
21342.0 40064.0
21708.0 39975.0
24516.0 39974.0
24592.0 39915.0
24820.0 39865.0
25513.0 39758.0
28687.0 39757.0
28763.0 39632.0
32013.0 39573.0
32934.0 39511.0
36184.0 39385.0
39434.0 39339.0
42684.0 39304.0
43605.0 39153.0
46855.0 39133.0
54276.0 39051.0
57450.0 39050.0

16023.0 43829.0
16156.0 42176.0
16515.0 41358.0
16595.0 41126.0
17095.0 41045.0
17171.0 40744.0
18092.0 40466.0
18545.0 40444.0
18596.0 40337.0
19912.0 40313.0
21266.0 40310.0
21342.0 40064.0
21708.0 39975.0
24516.0 39974.0
24592.0 39915.0
24820.0 39865.0
25513.0 39758.0
28687.0 39757.0
28763.0 39632.0
31937.0 39629.0
32013.0 39573.0
32934.0 39511.0
36184.0 39385.0
39434.0 39327.0
42684.0 39291.0
43605.0 39153.0
46855.0 39133.0
54276.0 39051.0
57450.0 39050.0

16023.0 43829.0
16156.0 42383.0
16515.0 41358.0
16595.0 41144.0
17095.0 41045.0
17171.0 40744.0
18092.0 40466.0
18545.0 40444.0
18596.0 40337.0
19912.0 40313.0
21266.0 40310.0
21342.0 40064.0
21708.0 39975.0
24516.0 39974.0
24592.0 39915.0
24820.0 39865.0
25513.0 39758.0
28687.0 39757.0
28763.0 39632.0
32013.0 39573.0
32934.0 39511.0
36184.0 39385.0
39434.0 39327.0
42684.0 39291.0
43605.0 39153.0
46855.0 39133.0
54276.0 39051.0
57450.0 39050.0

16023.0 42664.0
16156.0 42383.0
16515.0 41358.0
16595.0 41144.0
17095.0 41045.0
17171.0 40744.0
18092.0 40466.0
18545.0 40444.0
18596.0 40337.0
19912.0 40313.0
21266.0 40310.0
21342.0 40064.0
21708.0 39975.0
24516.0 39972.0
24592.0 39915.0
24820.0 39865.0
25513.0 39758.0
27894.0 39757.0
28687.0 39755.0
28763.0 39631.0
32013.0 39573.0
32934.0 39511.0
36184.0 39385.0
39434.0 39339.0
40355.0 39278.0
43605.0 39153.0
46855.0 39133.0
50105.0 39082.0
54276.0 39051.0
57450.0 39050.0

16023.0 43829.0
16156.0 42383.0
16515.0 41358.0
16595.0 41144.0
17095.0 41045.0
17171.0 40744.0
18092.0 40466.0
18545.0 40444.0
18596.0 40337.0
19912.0 40313.0
21266.0 40310.0
21342.0 40064.0
21708.0 39975.0
24516.0 39974.0
24592.0 39915.0
24820.0 39865.0
25513.0 39758.0
28687.0 39757.0
28763.0 39632.0
32013.0 39573.0
32934.0 39511.0
36184.0 39385.0
39434.0 39327.0
42684.0 39304.0
43605.0 39153.0
46855.0 39118.0
54276.0 39051.0
57450.0 39050.0

16023.0 43357.0
16156.0 42383.0
16515.0 41358.0
16595.0 41053.0
17095.0 40954.0
17171.0 40744.0
18092.0 40466.0
18545.0 40444.0
18596.0 40337.0
19912.0 40313.0
21266.0 40310.0
21342.0 40064.0
21708.0 39975.0
24516.0 39972.0
24592.0 39915.0
24820.0 39865.0
25513.0 39758.0
28763.0 39631.0
32013.0 39573.0
32934.0 39511.0
36184.0 39385.0
39434.0 39327.0
40355.0 39279.0
43605.0 39152.0
46855.0 39094.0
54276.0 39051.0
57450.0 39050.0

16023.0 43829.0
16156.0 42383.0
16515.0 41358.0
16595.0 41144.0
17095.0 41045.0
17171.0 40744.0
18092.0 40466.0
18545.0 40444.0
18596.0 40337.0
19912.0 40313.0
21266.0 40310.0
21342.0 40064.0
21708.0 39975.0
24516.0 39974.0
24592.0 39915.0
24820.0 39865.0
25513.0 39758.0
28687.0 39757.0
28763.0 39632.0
32013.0 39573.0
32934.0 39511.0
36184.0 39385.0
39434.0 39327.0
42684.0 39304.0
43605.0 39153.0
46855.0 39118.0
54276.0 39051.0
57450.0 39050.0

16023.0 42664.0
16156.0 42155.0
16515.0 41328.0
16595.0 41144.0
17095.0 41015.0
17171.0 40744.0
18092.0 40466.0
18545.0 40444.0
18596.0 40337.0
19912.0 40313.0
21266.0 40310.0
21342.0 40064.0
21708.0 39975.0
24516.0 39974.0
24592.0 39915.0
24820.0 39865.0
25513.0 39758.0
28687.0 39755.0
28763.0 39631.0
31937.0 39629.0
32013.0 39573.0
32934.0 39511.0
36184.0 39385.0
39434.0 39327.0
40355.0 39279.0
43605.0 39152.0
46855.0 39133.0
54276.0 39051.0
57450.0 39050.0

16023.0 43829.0
16156.0 42383.0
16515.0 41358.0
16595.0 41144.0
17095.0 41045.0
17171.0 40744.0
18092.0 40466.0
18545.0 40444.0
18596.0 40337.0
19912.0 40313.0
21266.0 40310.0
21342.0 40064.0
21708.0 39975.0
24516.0 39972.0
24592.0 39915.0
24820.0 39865.0
25513.0 39758.0
27894.0 39757.0
28687.0 39755.0
28763.0 39632.0
31937.0 39629.0
32013.0 39572.0
32934.0 39511.0
36184.0 39385.0
39434.0 39326.0
40355.0 39279.0
43529.0 39278.0
43605.0 39153.0
46855.0 39093.0
54276.0 39011.0


