16816.0 42545.0
16956.0 41896.0
16990.0 41481.0
17516.0 41194.0
18016.0 41131.0
18092.0 40665.0
18545.0 40643.0
18596.0 40471.0
18615.0 40443.0
20387.0 40419.0
21266.0 40418.0
21342.0 40064.0
21708.0 39975.0
24516.0 39974.0
24592.0 39915.0
24820.0 39865.0
25513.0 39758.0
28687.0 39755.0
28763.0 39632.0
32013.0 39572.0
32934.0 39512.0
36184.0 39399.0
39434.0 39327.0
42608.0 39326.0
46855.0 39258.0

16023.0 47375.0
16675.0 46582.0
17019.0 43772.0
17726.0 43678.0
18545.0 42398.0
18856.0 42105.0
21708.0 42004.0
22427.0 41189.0
22495.0 41156.0
24801.0 40855.0
25513.0 40386.0
32934.0 40233.0
63874.0 38972.0

17145.0 51719.0
18092.0 49485.0
18615.0 49006.0
18623.0 48671.0
20387.0 47064.0
21657.0 46521.0
22263.0 44287.0
32358.0 44048.0
32934.0 42094.0

16990.0 51617.0
18092.0 49485.0
18615.0 49006.0
18623.0 48671.0
18671.0 47674.0
18921.0 45465.0
22263.0 44287.0
25451.0 42524.0
32934.0 42094.0

16571.0 43197.0
16816.0 42160.0
16990.0 41453.0
17516.0 41182.0
18016.0 41140.0
18092.0 40619.0
18545.0 40602.0
18596.0 40337.0
19912.0 40313.0
21266.0 40310.0
21342.0 40064.0
21708.0 39975.0
24516.0 39972.0
24592.0 39915.0
24820.0 39865.0
25513.0 39758.0
27894.0 39757.0
28763.0 39631.0
32013.0 39572.0
32934.0 39511.0
36184.0 39385.0
39358.0 39384.0
39434.0 39326.0
40355.0 39278.0
43605.0 39152.0
46855.0 39093.0

16023.0 46604.0
16156.0 45423.0
16419.0 44995.0
16495.0 44759.0
16515.0 41745.0
16595.0 41350.0
17095.0 41251.0
17516.0 41134.0
18016.0 41053.0
18092.0 40466.0
18545.0 40444.0
18596.0 40337.0
19912.0 40313.0
21266.0 40312.0
21342.0 40088.0
21657.0 40071.0
21708.0 39999.0
24516.0 39972.0
24592.0 39940.0
25513.0 39758.0
28763.0 39656.0
32934.0 39549.0
36184.0 39410.0
40355.0 39279.0
46855.0 39258.0

16023.0 46604.0
16156.0 45423.0
16419.0 44995.0
16495.0 44759.0
16515.0 41745.0
16595.0 41350.0
17095.0 41251.0
17516.0 41134.0
18016.0 41053.0
18092.0 40466.0
18545.0 40444.0
18596.0 40337.0
19912.0 40313.0
21266.0 40312.0
21342.0 40088.0
21657.0 40071.0
21708.0 39999.0
24516.0 39972.0
24592.0 39940.0
25513.0 39758.0
28763.0 39656.0
32934.0 39536.0
36184.0 39410.0
40355.0 39279.0
46855.0 39258.0

16023.0 45704.0
16156.0 45423.0
16290.0 43500.0
16480.0 43433.0
16494.0 43189.0
16515.0 41745.0
16595.0 41350.0
17095.0 41251.0
17516.0 41134.0
18016.0 41053.0
18092.0 40466.0
18545.0 40444.0
18596.0 40337.0
19912.0 40313.0
21266.0 40312.0
21342.0 40088.0
21657.0 40071.0
21708.0 39999.0
24516.0 39972.0
24592.0 39940.0
25513.0 39758.0
28687.0 39757.0
28763.0 39656.0
31937.0 39653.0
32934.0 39536.0
36184.0 39410.0
40355.0 39279.0
46855.0 39258.0

16023.0 46604.0
16156.0 45423.0
16419.0 44995.0
16495.0 44759.0
16515.0 41617.0
16595.0 41320.0
17095.0 41221.0
17516.0 41134.0
18016.0 41053.0
18092.0 40466.0
18545.0 40444.0
18596.0 40337.0
19912.0 40313.0
21266.0 40312.0
21342.0 40088.0
21657.0 40071.0
21708.0 39999.0
24516.0 39972.0
24592.0 39940.0
24820.0 39889.0
25513.0 39758.0
28687.0 39757.0
28763.0 39656.0
32934.0 39536.0
36184.0 39410.0
40355.0 39279.0
46855.0 39258.0

16023.0 45704.0
16156.0 43981.0
16515.0 41745.0
16595.0 41350.0
17095.0 41251.0
17516.0 41134.0
18016.0 41053.0
18092.0 40466.0
18545.0 40444.0
18596.0 40337.0
19912.0 40313.0
21266.0 40312.0
21342.0 40064.0
21708.0 39975.0
24516.0 39972.0
24592.0 39916.0
24820.0 39889.0
25513.0 39758.0
28687.0 39757.0
28763.0 39632.0
31937.0 39631.0
32013.0 39573.0
32934.0 39525.0
36184.0 39410.0
39434.0 39334.0
40355.0 39279.0
46855.0 39258.0

16023.0 46604.0
16156.0 45423.0
16419.0 44995.0
16495.0 44759.0
16515.0 41745.0
16595.0 41350.0
17095.0 41251.0
17516.0 41134.0
18016.0 41053.0
18092.0 40466.0
18545.0 40444.0
18596.0 40337.0
19912.0 40313.0
21266.0 40312.0
21342.0 40064.0
21708.0 39975.0
24516.0 39972.0
24592.0 39915.0
24820.0 39889.0
25513.0 39758.0
28687.0 39757.0
28763.0 39632.0
32013.0 39572.0
32934.0 39525.0
36184.0 39410.0
40355.0 39279.0
46855.0 39258.0

16023.0 44783.0
16156.0 43602.0
16515.0 41654.0
16519.0 41554.0
16595.0 41259.0
17095.0 41160.0
17516.0 41134.0
18016.0 41053.0
18092.0 40466.0
18545.0 40444.0
18596.0 40337.0
19912.0 40313.0
21266.0 40310.0
21342.0 40064.0
21708.0 39975.0
24516.0 39972.0
24592.0 39915.0
24820.0 39889.0
25513.0 39758.0
28687.0 39757.0
28763.0 39632.0
32013.0 39572.0
32934.0 39512.0
36184.0 39410.0
40355.0 39279.0
46855.0 39258.0

16023.0 46604.0
16156.0 45423.0
16419.0 44995.0
16495.0 44759.0
16515.0 41617.0
16595.0 41320.0
17095.0 41160.0
17516.0 41134.0
18016.0 41053.0
18092.0 40466.0
18545.0 40444.0
18596.0 40337.0
19912.0 40313.0
21266.0 40312.0
21342.0 40088.0
21657.0 40071.0
21708.0 39975.0
24516.0 39972.0
24592.0 39916.0
24820.0 39889.0
25513.0 39758.0
28687.0 39757.0
28763.0 39632.0
32934.0 39525.0
36184.0 39410.0
40355.0 39279.0
46855.0 39258.0

16023.0 45704.0
16156.0 43602.0
16515.0 41745.0
16595.0 41350.0
17095.0 41251.0
17516.0 41134.0
18016.0 41053.0
18092.0 40466.0
18545.0 40444.0
18596.0 40337.0
19912.0 40313.0
21266.0 40312.0
21342.0 40064.0
21708.0 39975.0
24516.0 39972.0
24592.0 39916.0
24820.0 39889.0
25513.0 39758.0
28687.0 39757.0
28763.0 39632.0
31937.0 39631.0
32013.0 39573.0
32934.0 39512.0
36184.0 39410.0
39434.0 39334.0
40355.0 39279.0
43605.0 39248.0

16023.0 44252.0
16515.0 41654.0
16595.0 41259.0
17095.0 41160.0
17516.0 41134.0
18016.0 41053.0
18092.0 40466.0
18545.0 40444.0
18596.0 40337.0
19912.0 40313.0
21266.0 40310.0
21342.0 40064.0
21708.0 39975.0
24516.0 39972.0
24592.0 39916.0
24820.0 39865.0
25513.0 39758.0
28687.0 39757.0
28763.0 39632.0
31937.0 39631.0
32013.0 39573.0
32934.0 39512.0
36184.0 39385.0
39434.0 39351.0
40355.0 39279.0
43605.0 39152.0
51026.0 39070.0


