16745.0 43717.0
16816.0 42668.0
16990.0 41426.0
17516.0 41255.0
18016.0 41192.0
18092.0 40692.0
18545.0 40670.0
18596.0 40383.0
21342.0 40217.0
21708.0 39975.0
24516.0 39974.0
25513.0 39844.0
28763.0 39632.0
36184.0 39386.0

16023.0 52238.0
16290.0 49467.0
16515.0 48813.0
16936.0 47544.0
17516.0 46077.0
17745.0 45873.0
18016.0 45813.0
18092.0 44706.0
18596.0 42724.0
21266.0 41810.0
21689.0 41142.0
31437.0 40890.0
63874.0 38972.0

17145.0 51719.0
18092.0 49485.0
18615.0 49006.0
18623.0 48671.0
20387.0 47064.0
21657.0 46521.0
22263.0 44287.0
32358.0 44048.0
32934.0 42094.0

17145.0 51719.0
17396.0 50262.0
17713.0 45556.0
22263.0 44287.0
25513.0 41912.0
28763.0 41557.0

16023.0 42495.0
16156.0 42214.0
16595.0 41819.0
16956.0 41749.0
17095.0 41241.0
18092.0 40466.0
18545.0 40444.0
18596.0 40337.0
19912.0 40313.0
21266.0 40310.0
21342.0 40064.0
21708.0 39975.0
24516.0 39972.0
24592.0 39939.0
25513.0 39758.0
28687.0 39757.0
28763.0 39632.0
31937.0 39629.0
32013.0 39596.0
32934.0 39512.0
36184.0 39386.0
39434.0 39350.0
40355.0 39279.0
43605.0 39153.0

16023.0 46604.0
16156.0 45423.0
16419.0 44995.0
16495.0 44759.0
16515.0 41745.0
16595.0 41350.0
17095.0 41251.0
17516.0 41134.0
18016.0 41053.0
18092.0 40496.0
18545.0 40449.0
18596.0 40337.0
19912.0 40313.0
21266.0 40312.0
21342.0 40173.0
21708.0 40136.0
24516.0 39972.0
24801.0 39971.0
25513.0 39804.0
28763.0 39742.0
32934.0 39571.0
36184.0 39469.0
40355.0 39279.0

16023.0 46604.0
16156.0 45423.0
16419.0 44995.0
16495.0 44759.0
16515.0 41745.0
16595.0 41350.0
17095.0 41251.0
17516.0 41134.0
18016.0 41053.0
18092.0 40496.0
18545.0 40449.0
18596.0 40337.0
19912.0 40313.0
21266.0 40312.0
21342.0 40173.0
21708.0 39999.0
24516.0 39972.0
24801.0 39971.0
25513.0 39782.0
28763.0 39656.0
32934.0 39536.0
36184.0 39469.0
40355.0 39279.0

16023.0 46480.0
16156.0 45423.0
16419.0 44995.0
16495.0 44759.0
16515.0 41745.0
16595.0 41259.0
17095.0 41160.0
17516.0 41134.0
18016.0 41053.0
18092.0 40466.0
18545.0 40449.0
18596.0 40337.0
19912.0 40313.0
21266.0 40312.0
21342.0 40128.0
24516.0 39972.0
24801.0 39971.0
25513.0 39804.0
28763.0 39742.0
32934.0 39571.0
36184.0 39469.0
40355.0 39279.0

16023.0 46604.0
16156.0 45423.0
16419.0 44995.0
16495.0 44759.0
16515.0 41745.0
16595.0 41320.0
17095.0 41221.0
17516.0 41134.0
18016.0 41053.0
18092.0 40466.0
18545.0 40449.0
18596.0 40337.0
19912.0 40313.0
21266.0 40312.0
21342.0 40173.0
21708.0 39975.0
24516.0 39972.0
24801.0 39971.0
25513.0 39758.0
28763.0 39632.0
32934.0 39536.0
36184.0 39469.0
40355.0 39279.0

16023.0 46604.0
16156.0 43165.0
16515.0 41745.0
16595.0 41350.0
17095.0 41251.0
17516.0 41134.0
18016.0 41053.0
18092.0 40466.0
18545.0 40449.0
18596.0 40337.0
19912.0 40313.0
21266.0 40312.0
21342.0 40173.0
21708.0 39975.0
24516.0 39972.0
24801.0 39971.0
25513.0 39804.0
28763.0 39729.0
32934.0 39571.0
36184.0 39469.0
40355.0 39279.0

16023.0 46604.0
16156.0 45423.0
16419.0 44995.0
16495.0 44759.0
16515.0 41745.0
16595.0 41350.0
17095.0 41251.0
17516.0 41134.0
18016.0 41053.0
18092.0 40466.0
18545.0 40449.0
18596.0 40337.0
19912.0 40313.0
21266.0 40312.0
21342.0 40173.0
21708.0 39975.0
24516.0 39972.0
24801.0 39971.0
25513.0 39758.0
28763.0 39632.0
32934.0 39525.0
36184.0 39469.0
40355.0 39279.0

16023.0 46480.0
16156.0 45423.0
16290.0 45259.0
16419.0 44995.0
16495.0 44759.0
16515.0 41745.0
16595.0 41350.0
17095.0 41251.0
17516.0 41134.0
18016.0 41053.0
18092.0 40466.0
18545.0 40449.0
18596.0 40337.0
19912.0 40313.0
21266.0 40312.0
21342.0 40173.0
21708.0 39975.0
24516.0 39972.0
24801.0 39971.0
25513.0 39758.0
28763.0 39632.0
32934.0 39525.0
36184.0 39469.0
40355.0 39279.0

16023.0 46604.0
16156.0 45423.0
16419.0 44995.0
16495.0 44759.0
16515.0 41745.0
16595.0 41320.0
17095.0 41221.0
17516.0 41134.0
18016.0 41053.0
18092.0 40466.0
18545.0 40449.0
18596.0 40337.0
19912.0 40313.0
21266.0 40312.0
21342.0 40173.0
21708.0 39975.0
24516.0 39972.0
24801.0 39971.0
25513.0 39758.0
28763.0 39632.0
32934.0 39525.0
36184.0 39469.0
40355.0 39279.0

16023.0 46604.0
16156.0 45423.0
16290.0 45058.0
16419.0 44995.0
16495.0 44759.0
16515.0 41745.0
16595.0 41350.0
17095.0 41251.0
17516.0 41134.0
18016.0 41053.0
18092.0 40466.0
18545.0 40449.0
18596.0 40337.0
19912.0 40313.0
21266.0 40312.0
21342.0 40173.0
21708.0 39975.0
24516.0 39972.0
24801.0 39971.0
25513.0 39758.0
28763.0 39656.0
32934.0 39525.0
36184.0 39469.0
40355.0 39279.0

16023.0 46604.0
16156.0 45423.0
16419.0 44995.0
16495.0 44759.0
16515.0 41745.0
16595.0 41350.0
17095.0 41251.0
17516.0 41134.0
18016.0 41053.0
18092.0 40466.0
18545.0 40449.0
18596.0 40337.0
19912.0 40313.0
21266.0 40312.0
21342.0 40064.0
21708.0 39975.0
24516.0 39972.0
24801.0 39971.0
25513.0 39758.0
28763.0 39655.0
32013.0 39573.0
32934.0 39512.0
36184.0 39469.0
40355.0 39279.0
46855.0 39118.0


