16023.0 43103.0
16156.0 42822.0
16495.0 42723.0
16595.0 41872.0
16956.0 41802.0
18092.0 40531.0
18596.0 40402.0
21266.0 40377.0
21342.0 40153.0
21657.0 40136.0
21708.0 40064.0
24801.0 40063.0
25513.0 40011.0
27913.0 39967.0
28763.0 39720.0
36184.0 39487.0

16023.0 47614.0
16515.0 46293.0
17492.0 46179.0
18922.0 45214.0
20742.0 43712.0
22495.0 43690.0
25010.0 43011.0
27487.0 42988.0
30955.0 42753.0
31937.0 42034.0
32934.0 41111.0
63874.0 38972.0

17396.0 55616.0
17492.0 46179.0
21708.0 45668.0
22640.0 45385.0
22740.0 44993.0
22880.0 43972.0
27166.0 43950.0
30290.0 43103.0

17492.0 46179.0
21638.0 40943.0

16515.0 41334.0
16595.0 41120.0
17095.0 41021.0
17171.0 40835.0
18092.0 40466.0
18545.0 40449.0
18596.0 40337.0
19912.0 40313.0
21266.0 40310.0
21342.0 40064.0
21708.0 39975.0
24592.0 39915.0
25513.0 39758.0
28763.0 39632.0
32013.0 39572.0
32934.0 39512.0
36184.0 39386.0
39434.0 39327.0
40355.0 39279.0
43605.0 39153.0

16515.0 41568.0
17095.0 41255.0
18016.0 41168.0
18092.0 40646.0
18545.0 40584.0
18596.0 40337.0
19912.0 40313.0
21266.0 40310.0
21342.0 40088.0
21708.0 39975.0
25513.0 39758.0
27894.0 39757.0
28687.0 39755.0
28763.0 39632.0
32013.0 39620.0
35187.0 39600.0
36184.0 39500.0

16515.0 41568.0
17095.0 41255.0
18016.0 41168.0
18092.0 40646.0
18545.0 40584.0
18596.0 40337.0
19912.0 40313.0
21266.0 40310.0
21342.0 40088.0
21708.0 39975.0
25513.0 39758.0
27894.0 39757.0
28687.0 39754.0
28763.0 39632.0
32013.0 39620.0
35187.0 39600.0
36184.0 39476.0

16515.0 41568.0
16595.0 41293.0
17095.0 41194.0
18016.0 41168.0
18092.0 40646.0
18545.0 40584.0
18596.0 40337.0
19912.0 40313.0
21266.0 40310.0
21342.0 40088.0
21708.0 39975.0
24592.0 39915.0
25513.0 39758.0
27894.0 39757.0
28687.0 39755.0
28763.0 39632.0
32013.0 39572.0
36184.0 39410.0

16515.0 41568.0
17095.0 41255.0
18016.0 41168.0
18092.0 40646.0
18545.0 40584.0
18596.0 40337.0
19912.0 40313.0
21266.0 40310.0
21342.0 40088.0
21708.0 39975.0
25513.0 39758.0
27894.0 39757.0
28687.0 39755.0
28763.0 39632.0
32013.0 39620.0
35187.0 39600.0
36184.0 39500.0

16515.0 41568.0
17095.0 41255.0
18016.0 41168.0
18092.0 40646.0
18545.0 40584.0
18596.0 40337.0
19912.0 40313.0
21266.0 40310.0
21342.0 40088.0
21708.0 39975.0
24592.0 39915.0
25513.0 39758.0
27894.0 39757.0
28687.0 39754.0
28763.0 39632.0
31937.0 39629.0
32013.0 39572.0
36184.0 39423.0
43605.0 39317.0

16515.0 41568.0
17095.0 41255.0
18016.0 41168.0
18092.0 40646.0
18545.0 40584.0
18596.0 40337.0
19912.0 40313.0
21266.0 40310.0
21342.0 40088.0
21708.0 39975.0
25513.0 39758.0
27894.0 39757.0
28687.0 39754.0
28763.0 39632.0
32013.0 39620.0
35187.0 39600.0
36184.0 39476.0

16515.0 41568.0
17095.0 41255.0
18016.0 41168.0
18092.0 40646.0
18545.0 40584.0
18596.0 40337.0
19912.0 40313.0
21266.0 40310.0
21342.0 40088.0
21708.0 39975.0
24516.0 39974.0
24592.0 39915.0
25513.0 39758.0
27894.0 39757.0
28687.0 39754.0
28763.0 39632.0
31937.0 39631.0
32013.0 39572.0
36184.0 39476.0

16515.0 41568.0
17095.0 41255.0
18016.0 41168.0
18092.0 40646.0
18545.0 40584.0
18596.0 40337.0
19912.0 40313.0
21266.0 40310.0
21342.0 40088.0
21708.0 39975.0
25513.0 39758.0
27894.0 39757.0
28687.0 39755.0
28763.0 39632.0
32013.0 39620.0
35187.0 39600.0
36184.0 39500.0

16515.0 41568.0
17095.0 41255.0
18016.0 41168.0
18092.0 40646.0
18545.0 40584.0
18596.0 40337.0
19912.0 40313.0
21266.0 40310.0
21342.0 40088.0
21708.0 39975.0
24592.0 39915.0
25513.0 39758.0
27894.0 39757.0
28687.0 39755.0
28763.0 39632.0
31937.0 39629.0
32013.0 39572.0
36184.0 39423.0
43605.0 39317.0

16515.0 41568.0
17095.0 41255.0
18016.0 41168.0
18092.0 40646.0
18545.0 40584.0
18596.0 40337.0
19912.0 40313.0
21266.0 40310.0
21342.0 40088.0
21708.0 39975.0
24516.0 39972.0
24592.0 39915.0
25513.0 39758.0
27894.0 39757.0
28687.0 39754.0
28763.0 39632.0
31937.0 39629.0
32013.0 39572.0
32934.0 39536.0
36184.0 39410.0
39434.0 39350.0
43605.0 39304.0


