16816.0 41651.0
16990.0 41387.0
17516.0 41155.0
18016.0 41092.0
18092.0 40466.0
18545.0 40444.0
18596.0 40337.0
19912.0 40313.0
21266.0 40310.0
21342.0 40064.0
21708.0 39975.0
24592.0 39916.0
28763.0 39632.0
36184.0 39556.0
38858.0 39537.0

16023.0 45618.0
17516.0 45337.0
18056.0 44719.0
18545.0 44159.0
19280.0 43629.0
19980.0 43374.0
20857.0 42898.0
22020.0 42761.0
22263.0 42445.0
24651.0 42034.0
24750.0 41105.0
31937.0 40724.0
39434.0 40551.0
63874.0 38972.0

17396.0 55616.0
17492.0 46179.0
21708.0 45668.0
22640.0 45385.0
22740.0 44993.0
22880.0 43972.0
27166.0 43950.0
30290.0 43103.0

17396.0 55616.0
17492.0 46179.0
19313.0 43624.0
21412.0 43517.0
22020.0 42937.0
23653.0 41957.0
25513.0 41614.0

16816.0 42632.0
16990.0 41568.0
17516.0 41173.0
18016.0 41074.0
18092.0 40646.0
18545.0 40444.0
18596.0 40337.0
19912.0 40313.0
21266.0 40310.0
21342.0 40064.0
21708.0 39975.0
24516.0 39974.0
24592.0 39915.0
24820.0 39865.0
25513.0 39758.0
27894.0 39757.0
28763.0 39631.0
32013.0 39573.0
32934.0 39511.0
36184.0 39385.0
39434.0 39327.0

16023.0 46336.0
16290.0 45155.0
16494.0 43322.0
16515.0 41568.0
17095.0 41255.0
17171.0 40859.0
18092.0 40466.0
18545.0 40444.0
18596.0 40337.0
19912.0 40313.0
21266.0 40310.0
21342.0 40088.0
21708.0 39975.0
24516.0 39974.0
24592.0 39939.0
25513.0 39758.0
27894.0 39757.0
28687.0 39755.0
28763.0 39632.0
32013.0 39620.0
32934.0 39536.0
36184.0 39477.0
43605.0 39391.0
45858.0 39295.0

16023.0 46336.0
16290.0 45155.0
16494.0 43322.0
16515.0 41358.0
16595.0 41126.0
17095.0 41045.0
17171.0 40859.0
18092.0 40466.0
18545.0 40444.0
18596.0 40337.0
19912.0 40313.0
21266.0 40310.0
21342.0 40088.0
21708.0 39975.0
24516.0 39974.0
24592.0 39939.0
24820.0 39908.0
25513.0 39758.0
27894.0 39757.0
28687.0 39755.0
28763.0 39632.0
32013.0 39597.0
32934.0 39536.0
36184.0 39473.0
39434.0 39351.0
42608.0 39326.0
45858.0 39295.0

16023.0 46336.0
16290.0 45155.0
16494.0 43322.0
16515.0 41267.0
16595.0 41035.0
17095.0 40972.0
17171.0 40859.0
18092.0 40466.0
18545.0 40444.0
18596.0 40337.0
19912.0 40313.0
21266.0 40310.0
21342.0 40088.0
21708.0 39975.0
24516.0 39974.0
24592.0 39939.0
24820.0 39908.0
25513.0 39758.0
27894.0 39757.0
28687.0 39755.0
28763.0 39632.0
31937.0 39631.0
32013.0 39597.0
32934.0 39536.0
36184.0 39410.0
39434.0 39351.0
42608.0 39326.0
45858.0 39295.0

16023.0 46336.0
16290.0 45155.0
16494.0 43322.0
16515.0 41267.0
16595.0 41035.0
17095.0 40972.0
17171.0 40859.0
18092.0 40466.0
18545.0 40444.0
18596.0 40337.0
19912.0 40313.0
21266.0 40310.0
21342.0 40088.0
21708.0 39975.0
24516.0 39974.0
24592.0 39939.0
24820.0 39908.0
25513.0 39758.0
27894.0 39757.0
28687.0 39755.0
28763.0 39632.0
31937.0 39631.0
32013.0 39597.0
32934.0 39536.0
36184.0 39410.0
39434.0 39351.0
42608.0 39326.0
45858.0 39295.0

16023.0 44236.0
16290.0 43055.0
16515.0 41568.0
16990.0 41396.0
17095.0 41255.0
17171.0 40859.0
18092.0 40466.0
18545.0 40444.0
18596.0 40337.0
19912.0 40313.0
21266.0 40310.0
21342.0 40064.0
21708.0 39975.0
24516.0 39974.0
24592.0 39939.0
25513.0 39758.0
27894.0 39757.0
28687.0 39755.0
28763.0 39632.0
31937.0 39631.0
32013.0 39613.0
32934.0 39536.0
36184.0 39410.0
39358.0 39385.0
43605.0 39328.0
45858.0 39295.0
51026.0 39161.0

16023.0 46336.0
16290.0 45155.0
16494.0 43322.0
16515.0 41267.0
16595.0 41035.0
17095.0 40954.0
17171.0 40768.0
18092.0 40466.0
18545.0 40444.0
18596.0 40337.0
19912.0 40313.0
21266.0 40310.0
21342.0 40088.0
21708.0 39975.0
24516.0 39974.0
24592.0 39939.0
24820.0 39908.0
25513.0 39758.0
27894.0 39757.0
28687.0 39754.0
28763.0 39632.0
32013.0 39597.0
32934.0 39536.0
36184.0 39473.0
39434.0 39351.0
42608.0 39326.0
45858.0 39295.0

16023.0 46336.0
16290.0 45155.0
16494.0 43322.0
16515.0 41267.0
16595.0 41035.0
17095.0 40954.0
17171.0 40768.0
18092.0 40466.0
18545.0 40444.0
18596.0 40337.0
19912.0 40313.0
21266.0 40310.0
21342.0 40064.0
21708.0 39975.0
24516.0 39974.0
24592.0 39916.0
24820.0 39908.0
25513.0 39758.0
27894.0 39757.0
28687.0 39754.0
28763.0 39632.0
31937.0 39631.0
32013.0 39597.0
32934.0 39536.0
36108.0 39524.0
36184.0 39406.0
39434.0 39351.0
42608.0 39326.0
45858.0 39295.0

16023.0 46336.0
16290.0 45155.0
16494.0 43322.0
16515.0 41267.0
16595.0 41035.0
17095.0 40954.0
17171.0 40768.0
18092.0 40466.0
18545.0 40444.0
18596.0 40337.0
19912.0 40313.0
21266.0 40310.0
21342.0 40088.0
21708.0 39975.0
24516.0 39974.0
24592.0 39939.0
24820.0 39908.0
25513.0 39758.0
27894.0 39757.0
28687.0 39755.0
28763.0 39632.0
32013.0 39597.0
32934.0 39536.0
36108.0 39511.0
36184.0 39476.0
39358.0 39475.0
39434.0 39351.0
42608.0 39326.0
45858.0 39295.0

16023.0 46336.0
16290.0 43055.0
16515.0 41358.0
16595.0 41126.0
17095.0 41045.0
17171.0 40859.0
18092.0 40466.0
18545.0 40444.0
18596.0 40337.0
19912.0 40313.0
21266.0 40310.0
21342.0 40064.0
21708.0 39975.0
24516.0 39972.0
24592.0 39915.0
24820.0 39889.0
25513.0 39758.0
27894.0 39757.0
28687.0 39755.0
28763.0 39632.0
31937.0 39629.0
32013.0 39572.0
32934.0 39519.0
36184.0 39393.0
39434.0 39351.0
43605.0 39317.0
45858.0 39295.0

16023.0 44350.0
16156.0 43169.0
16495.0 43161.0
16515.0 41267.0
16595.0 41035.0
17095.0 40972.0
17171.0 40744.0
18092.0 40466.0
18545.0 40444.0
18596.0 40337.0
19912.0 40313.0
21266.0 40310.0
21342.0 40088.0
21708.0 39975.0
24516.0 39972.0
24592.0 39915.0
24820.0 39865.0
25513.0 39758.0
27894.0 39757.0
28687.0 39755.0
28763.0 39632.0
31937.0 39629.0
32013.0 39572.0
32934.0 39512.0
36108.0 39511.0
36184.0 39393.0
39434.0 39333.0
42608.0 39326.0
43605.0 39177.0
46855.0 39158.0


