16515.0 41443.0
16595.0 41211.0
17095.0 41148.0
17745.0 40850.0
18092.0 40796.0
18596.0 40589.0
18615.0 40493.0
19912.0 40469.0
20345.0 40466.0
21342.0 40134.0
21708.0 39975.0
24592.0 39916.0
27913.0 39904.0
28763.0 39710.0
31937.0 39706.0
32013.0 39573.0
36184.0 39399.0
39358.0 39395.0
39434.0 39380.0
42608.0 39360.0
43605.0 39193.0
46779.0 39174.0
46855.0 39157.0

16023.0 47373.0
16126.0 46450.0
16256.0 46181.0
16816.0 45112.0
17171.0 44884.0
17345.0 43853.0
17745.0 42616.0
18092.0 41890.0
19505.0 41360.0
27487.0 41330.0
28187.0 41028.0
32934.0 40701.0
38158.0 40056.0
63874.0 38972.0

16515.0 48714.0
17745.0 48240.0
17996.0 47214.0
18922.0 46162.0
19505.0 44398.0
25513.0 42991.0
34908.0 42977.0

16515.0 48714.0
17745.0 48240.0
17996.0 47214.0
18092.0 44108.0
21364.0 43497.0
24016.0 43489.0
24592.0 43444.0
25513.0 42991.0
28187.0 42549.0
30406.0 41827.0
34687.0 41784.0

16023.0 46173.0
16290.0 44089.0
16519.0 43990.0
16816.0 41651.0
16956.0 41540.0
16990.0 41387.0
17516.0 41155.0
18016.0 41092.0
18092.0 40466.0
18545.0 40444.0
18596.0 40337.0
19912.0 40313.0
21266.0 40310.0
21342.0 40064.0
21708.0 39975.0
24516.0 39972.0
24592.0 39915.0
24820.0 39865.0
25513.0 39758.0
27894.0 39757.0
28687.0 39755.0
28763.0 39632.0
31937.0 39631.0
32013.0 39572.0
32934.0 39512.0
36184.0 39386.0
39358.0 39385.0
39434.0 39327.0
42608.0 39326.0
43605.0 39304.0
46855.0 39245.0

16256.0 47036.0
16495.0 45717.0
16515.0 42920.0
16726.0 42532.0
16816.0 41366.0
17516.0 41134.0
18016.0 41071.0
18092.0 40466.0
18545.0 40444.0
18596.0 40337.0
19912.0 40313.0
21266.0 40312.0
21342.0 40088.0
21708.0 39975.0
24516.0 39974.0
24592.0 39939.0
25513.0 39758.0
28763.0 39632.0
32013.0 39612.0
32934.0 39536.0
36184.0 39410.0
39358.0 39407.0
39434.0 39369.0
43605.0 39346.0
46779.0 39325.0

16256.0 47036.0
16495.0 45717.0
16515.0 42920.0
16726.0 42532.0
16816.0 41366.0
17516.0 41134.0
18016.0 41071.0
18092.0 40466.0
18545.0 40444.0
18596.0 40337.0
19912.0 40313.0
21266.0 40312.0
21342.0 40064.0
21708.0 39975.0
24516.0 39974.0
24592.0 39939.0
25513.0 39758.0
28763.0 39632.0
32013.0 39612.0
32934.0 39512.0
36184.0 39410.0
39358.0 39407.0
39434.0 39369.0
43605.0 39346.0
46779.0 39325.0

16156.0 46211.0
16495.0 45717.0
16515.0 42920.0
16726.0 42532.0
16816.0 41366.0
17516.0 41134.0
18016.0 41071.0
18092.0 40466.0
18545.0 40444.0
18596.0 40337.0
19912.0 40313.0
21266.0 40310.0
21342.0 40064.0
21708.0 39975.0
24516.0 39972.0
24592.0 39915.0
24820.0 39908.0
25513.0 39758.0
28687.0 39755.0
28763.0 39632.0
31937.0 39629.0
32013.0 39596.0
32934.0 39512.0
36184.0 39386.0
39434.0 39369.0
43605.0 39346.0
46779.0 39325.0

16256.0 47036.0
16495.0 45717.0
16515.0 42920.0
16595.0 42133.0
16816.0 41366.0
17516.0 41134.0
18016.0 41071.0
18092.0 40466.0
18545.0 40444.0
18596.0 40337.0
19912.0 40313.0
21266.0 40312.0
21342.0 40088.0
21657.0 40082.0
21708.0 39975.0
24516.0 39974.0
24592.0 39939.0
25513.0 39758.0
28763.0 39632.0
32013.0 39597.0
32934.0 39536.0
36184.0 39410.0
39358.0 39407.0
39434.0 39369.0
43605.0 39346.0
46779.0 39325.0

16023.0 45163.0
16156.0 44720.0
16515.0 42425.0
16595.0 42193.0
16816.0 41366.0
17516.0 41134.0
18016.0 41071.0
18092.0 40466.0
18545.0 40444.0
18596.0 40337.0
19912.0 40313.0
21266.0 40310.0
21342.0 40064.0
21708.0 39975.0
24516.0 39974.0
24592.0 39915.0
25513.0 39758.0
28687.0 39757.0
28763.0 39632.0
31937.0 39631.0
32013.0 39572.0
32934.0 39512.0
36184.0 39386.0
39434.0 39369.0
42684.0 39304.0
46855.0 39094.0

16256.0 47036.0
16495.0 45717.0
16515.0 42920.0
16726.0 42532.0
16816.0 41366.0
17516.0 41134.0
18016.0 41071.0
18092.0 40466.0
18545.0 40444.0
18596.0 40337.0
19912.0 40313.0
21266.0 40312.0
21342.0 40064.0
21708.0 39975.0
24516.0 39974.0
24592.0 39939.0
25513.0 39758.0
28687.0 39757.0
28763.0 39632.0
32013.0 39597.0
32934.0 39536.0
36184.0 39410.0
39358.0 39407.0
39434.0 39369.0
43605.0 39346.0
46779.0 39325.0

16156.0 46211.0
16495.0 45717.0
16515.0 42920.0
16595.0 41643.0
16816.0 41366.0
17516.0 41134.0
18016.0 41071.0
18092.0 40466.0
18545.0 40444.0
18596.0 40337.0
19912.0 40313.0
21266.0 40310.0
21342.0 40064.0
21708.0 39975.0
24516.0 39974.0
24592.0 39915.0
25513.0 39758.0
28687.0 39757.0
28763.0 39631.0
32013.0 39596.0
32934.0 39512.0
36184.0 39386.0
39434.0 39369.0
43605.0 39346.0
46779.0 39325.0

16256.0 47036.0
16495.0 45717.0
16515.0 42920.0
16595.0 42133.0
16816.0 41366.0
17516.0 41134.0
18016.0 41071.0
18092.0 40466.0
18545.0 40444.0
18596.0 40337.0
19912.0 40313.0
21266.0 40312.0
21342.0 40064.0
21708.0 39975.0
24516.0 39974.0
24592.0 39939.0
25513.0 39758.0
28687.0 39757.0
28763.0 39632.0
31937.0 39631.0
32013.0 39597.0
32934.0 39536.0
36184.0 39410.0
39358.0 39407.0
39434.0 39369.0
43605.0 39346.0
46779.0 39325.0

16023.0 45871.0
16156.0 44720.0
16515.0 42318.0
16816.0 41366.0
17516.0 41134.0
18016.0 41071.0
18092.0 40466.0
18545.0 40444.0
18596.0 40337.0
19912.0 40313.0
21266.0 40310.0
21342.0 40064.0
21708.0 39975.0
24516.0 39974.0
24592.0 39915.0
24820.0 39889.0
25513.0 39758.0
27894.0 39757.0
28763.0 39631.0
32013.0 39572.0
32934.0 39511.0
36184.0 39385.0
39434.0 39369.0
43605.0 39328.0
46779.0 39325.0

16023.0 47147.0
16156.0 46211.0
16256.0 44344.0
16515.0 41443.0
16595.0 41211.0
17095.0 41130.0
17171.0 40805.0
18092.0 40466.0
18545.0 40444.0
18596.0 40337.0
19912.0 40313.0
21266.0 40310.0
21342.0 40064.0
21708.0 39975.0
24516.0 39972.0
24592.0 39916.0
24820.0 39889.0
25513.0 39758.0
27894.0 39757.0
28687.0 39756.0
28763.0 39631.0
32013.0 39572.0
32934.0 39511.0
36184.0 39386.0
39434.0 39326.0
43605.0 39311.0
49032.0 39300.0
50029.0 39244.0
53203.0 39090.0
57374.0 39067.0
60624.0 39008.0
63874.0 38972.0


