16816.0 43026.0
16990.0 41598.0
17171.0 41505.0
17516.0 41450.0
18016.0 41351.0
18092.0 40959.0
18545.0 40942.0
18596.0 40592.0
18615.0 40493.0
19912.0 40469.0
20345.0 40466.0
20421.0 40433.0
21342.0 40254.0
21708.0 39975.0
24592.0 39915.0
27842.0 39829.0
28763.0 39632.0
32013.0 39573.0
36184.0 39477.0
39434.0 39364.0
43605.0 39244.0

16023.0 45418.0
16515.0 43604.0
18264.0 42486.0
18615.0 42180.0
21342.0 41118.0
63874.0 38972.0

17492.0 59667.0
17996.0 49225.0
18922.0 47532.0
19269.0 45922.0
21795.0 45719.0
22263.0 43372.0
25437.0 41932.0

17492.0 48320.0
17670.0 44433.0
18596.0 44089.0
22263.0 42870.0
24801.0 41734.0
27843.0 41313.0

16515.0 43266.0
16571.0 42628.0
16595.0 42084.0
16816.0 41687.0
16956.0 41576.0
16990.0 41423.0
17516.0 41191.0
18016.0 41128.0
18092.0 40606.0
18545.0 40584.0
18596.0 40337.0
19912.0 40313.0
21266.0 40312.0
21342.0 40064.0
21708.0 39975.0
24516.0 39972.0
24592.0 39916.0
24820.0 39884.0
25513.0 39758.0
27894.0 39757.0
28687.0 39755.0
28763.0 39631.0
31937.0 39630.0
32013.0 39572.0
32934.0 39511.0
36184.0 39386.0
39434.0 39326.0
40355.0 39278.0
43605.0 39153.0
46855.0 39093.0

16515.0 42262.0
16816.0 41662.0
16990.0 41387.0
17516.0 41155.0
18016.0 41074.0
18092.0 40466.0
18545.0 40444.0
18596.0 40337.0
19912.0 40313.0
21266.0 40312.0
21342.0 40064.0
21708.0 39975.0
24516.0 39974.0
24592.0 39915.0
25513.0 39847.0
27894.0 39781.0
28763.0 39632.0
32013.0 39572.0
32934.0 39525.0
36184.0 39399.0
43605.0 39384.0

16515.0 42262.0
16595.0 41867.0
16816.0 41662.0
16990.0 41387.0
17516.0 41155.0
18016.0 41074.0
18092.0 40466.0
18545.0 40444.0
18596.0 40337.0
19912.0 40313.0
21266.0 40312.0
21342.0 40064.0
21708.0 39975.0
24516.0 39974.0
24592.0 39915.0
25513.0 39847.0
27894.0 39781.0
28763.0 39632.0
32013.0 39572.0
32934.0 39525.0
36184.0 39399.0
43605.0 39384.0

16515.0 42262.0
16595.0 41867.0
16816.0 41662.0
16990.0 41387.0
17516.0 41155.0
18016.0 41074.0
18092.0 40466.0
18545.0 40444.0
18596.0 40337.0
19912.0 40313.0
21266.0 40312.0
21342.0 40064.0
21708.0 39975.0
24516.0 39974.0
24592.0 39915.0
24820.0 39865.0
25513.0 39758.0
28763.0 39632.0
31937.0 39631.0
32013.0 39572.0
32934.0 39525.0
36184.0 39399.0
43605.0 39384.0

16515.0 42262.0
16816.0 41662.0
16990.0 41387.0
17516.0 41155.0
18016.0 41074.0
18092.0 40466.0
18545.0 40444.0
18596.0 40337.0
19912.0 40313.0
21266.0 40312.0
21342.0 40064.0
21708.0 39975.0
24516.0 39974.0
24592.0 39915.0
25513.0 39782.0
27894.0 39781.0
28763.0 39632.0
31937.0 39631.0
32013.0 39572.0
32934.0 39525.0
36184.0 39399.0
43605.0 39384.0

16515.0 42262.0
16595.0 41867.0
16816.0 41662.0
16990.0 41387.0
17516.0 41155.0
18016.0 41074.0
18092.0 40466.0
18545.0 40444.0
18596.0 40337.0
19912.0 40313.0
21266.0 40312.0
21342.0 40064.0
21708.0 39975.0
24516.0 39974.0
24592.0 39915.0
24820.0 39865.0
25513.0 39758.0
28763.0 39632.0
31937.0 39629.0
32013.0 39572.0
32934.0 39525.0
36184.0 39399.0
42532.0 39382.0

16290.0 47313.0
16515.0 42262.0
16595.0 41867.0
16816.0 41662.0
16990.0 41387.0
17516.0 41155.0
18016.0 41074.0
18092.0 40466.0
18545.0 40444.0
18596.0 40337.0
19912.0 40313.0
21266.0 40310.0
21342.0 40064.0
21708.0 39975.0
24516.0 39972.0
24592.0 39915.0
25513.0 39822.0
27894.0 39781.0
28763.0 39632.0
32013.0 39572.0
32934.0 39525.0
36184.0 39399.0
43605.0 39384.0

16515.0 42262.0
16595.0 41867.0
16816.0 41662.0
16990.0 41387.0
17516.0 41155.0
18016.0 41074.0
18092.0 40466.0
18545.0 40444.0
18596.0 40337.0
19912.0 40313.0
21266.0 40310.0
21342.0 40064.0
21708.0 39975.0
24516.0 39972.0
24592.0 39915.0
25513.0 39782.0
27894.0 39781.0
28687.0 39779.0
28763.0 39632.0
31937.0 39631.0
32013.0 39572.0
32934.0 39525.0
36184.0 39399.0
43605.0 39384.0

16515.0 42262.0
16595.0 41867.0
16816.0 41662.0
16956.0 41567.0
16990.0 41387.0
17516.0 41155.0
18016.0 41074.0
18092.0 40466.0
18545.0 40444.0
18596.0 40337.0
19912.0 40313.0
21266.0 40310.0
21342.0 40064.0
21708.0 39975.0
24516.0 39972.0
24592.0 39915.0
25513.0 39782.0
27894.0 39781.0
28687.0 39757.0
28763.0 39632.0
31937.0 39631.0
32013.0 39572.0
32934.0 39525.0
36184.0 39399.0
43605.0 39384.0

16515.0 42262.0
16595.0 41867.0
16816.0 41662.0
16990.0 41387.0
17516.0 41155.0
18016.0 41074.0
18092.0 40466.0
18545.0 40444.0
18596.0 40337.0
19912.0 40313.0
21266.0 40310.0
21342.0 40064.0
21708.0 39975.0
24516.0 39972.0
24592.0 39915.0
24820.0 39889.0
25513.0 39782.0
27894.0 39781.0
28687.0 39779.0
28763.0 39632.0
31937.0 39629.0
32013.0 39572.0
32934.0 39525.0
36184.0 39399.0
43605.0 39384.0

16515.0 42262.0
16595.0 41867.0
16816.0 41481.0
16990.0 41387.0
17095.0 41337.0
17516.0 41155.0
18016.0 41074.0
18092.0 40466.0
18545.0 40444.0
18596.0 40337.0
19912.0 40313.0
21266.0 40310.0
21342.0 40064.0
21708.0 39975.0
24516.0 39972.0
24592.0 39915.0
24820.0 39865.0
25513.0 39758.0
28687.0 39755.0
28763.0 39632.0
31937.0 39631.0
32013.0 39572.0
32934.0 39525.0
36108.0 39524.0
36184.0 39386.0
39358.0 39385.0
39434.0 39340.0
43605.0 39317.0
46779.0 39302.0
46855.0 39258.0


