16023.0 42611.0
16156.0 42214.0
16595.0 41819.0
16956.0 41536.0
18092.0 41130.0
18545.0 40861.0
18615.0 40672.0
20387.0 40648.0
21266.0 40647.0
21342.0 40245.0
21708.0 40107.0
24516.0 40106.0
24820.0 40032.0
25513.0 39847.0
28687.0 39844.0
28763.0 39721.0
36184.0 39453.0

16023.0 46598.0
16156.0 46498.0
16515.0 44674.0
17516.0 44593.0
18148.0 44444.0
18545.0 43269.0
19505.0 43237.0
20066.0 42678.0
20766.0 42307.0
21708.0 42229.0
23899.0 41730.0
27913.0 41226.0
30936.0 40942.0
36184.0 40197.0
63874.0 38972.0

17396.0 50587.0
17516.0 47941.0
18122.0 47534.0
19471.0 46419.0
21021.0 46389.0
22263.0 45087.0
24201.0 44984.0
24750.0 44486.0
25966.0 43910.0
27842.0 43761.0
30737.0 43600.0
31658.0 43290.0

17396.0 50587.0
17516.0 47941.0
17945.0 44381.0
21657.0 42928.0

16023.0 42405.0
16156.0 41962.0
16515.0 41448.0
16595.0 41053.0
17095.0 40954.0
17171.0 40768.0
18092.0 40646.0
18545.0 40629.0
18596.0 40337.0
19912.0 40313.0
21266.0 40310.0
21342.0 40064.0
21708.0 39975.0
24516.0 39972.0
24592.0 39916.0
25513.0 39758.0
27894.0 39757.0
28687.0 39755.0
28763.0 39631.0
31937.0 39629.0
32013.0 39573.0
32934.0 39512.0
36184.0 39453.0
39358.0 39383.0
39434.0 39327.0
40355.0 39279.0
43605.0 39220.0

16023.0 45929.0
16515.0 41382.0
16595.0 41150.0
17171.0 40744.0
18092.0 40466.0
18545.0 40449.0
18596.0 40337.0
21266.0 40312.0
21342.0 40064.0
21708.0 39975.0
24516.0 39974.0
24592.0 39915.0
24820.0 39865.0
25513.0 39798.0
28763.0 39632.0
32013.0 39572.0
32934.0 39525.0
36108.0 39524.0
39434.0 39363.0
43605.0 39340.0
50105.0 39246.0

16023.0 43402.0
16156.0 42959.0
16515.0 41382.0
16595.0 41150.0
17095.0 41130.0
17171.0 40744.0
18092.0 40466.0
18545.0 40449.0
18596.0 40337.0
21266.0 40312.0
21342.0 40064.0
21708.0 39975.0
24516.0 39974.0
24592.0 39915.0
24820.0 39865.0
25513.0 39758.0
28763.0 39632.0
32013.0 39572.0
32934.0 39525.0
36108.0 39524.0
36184.0 39468.0
39434.0 39363.0
43605.0 39340.0
46855.0 39327.0
50105.0 39246.0

16023.0 42410.0
16156.0 41967.0
16515.0 41382.0
16595.0 41150.0
17095.0 41069.0
17171.0 40744.0
18092.0 40466.0
18545.0 40449.0
18596.0 40337.0
21266.0 40312.0
21342.0 40064.0
21708.0 39975.0
24516.0 39974.0
24592.0 39915.0
24820.0 39865.0
25513.0 39798.0
28763.0 39632.0
32013.0 39572.0
32934.0 39525.0
36108.0 39524.0
36184.0 39399.0
39434.0 39363.0
42608.0 39362.0
43605.0 39340.0
46855.0 39327.0
50105.0 39246.0

16023.0 43402.0
16156.0 42959.0
16515.0 41382.0
16595.0 41150.0
17095.0 41130.0
17171.0 40744.0
18092.0 40466.0
18545.0 40449.0
18596.0 40337.0
21266.0 40312.0
21342.0 40064.0
21708.0 39975.0
24516.0 39974.0
24592.0 39915.0
24820.0 39865.0
25513.0 39758.0
28763.0 39632.0
32013.0 39572.0
32934.0 39525.0
36108.0 39524.0
36184.0 39423.0
39434.0 39363.0
43605.0 39340.0
46855.0 39327.0
50105.0 39246.0

16023.0 42410.0
16515.0 41382.0
16595.0 41150.0
17095.0 41069.0
17171.0 40744.0
18092.0 40466.0
18545.0 40444.0
18596.0 40337.0
19912.0 40313.0
21266.0 40312.0
21342.0 40064.0
21708.0 39975.0
24516.0 39974.0
24592.0 39915.0
24820.0 39865.0
25513.0 39758.0
28763.0 39632.0
32013.0 39572.0
32934.0 39525.0
36108.0 39524.0
36184.0 39399.0
39434.0 39363.0
43605.0 39340.0
50105.0 39246.0

16023.0 43402.0
16156.0 42959.0
16515.0 41382.0
16595.0 41150.0
17095.0 41130.0
17171.0 40744.0
18092.0 40466.0
18545.0 40449.0
18596.0 40337.0
21266.0 40312.0
21342.0 40064.0
21708.0 39975.0
24516.0 39974.0
24592.0 39915.0
24820.0 39865.0
25513.0 39758.0
28763.0 39632.0
32013.0 39572.0
32934.0 39525.0
36108.0 39524.0
36184.0 39468.0
39434.0 39363.0
43605.0 39340.0
46855.0 39327.0
50105.0 39246.0

16023.0 43402.0
16156.0 42959.0
16515.0 41382.0
16595.0 41150.0
17095.0 41087.0
17171.0 40744.0
18092.0 40466.0
18545.0 40449.0
18596.0 40337.0
19912.0 40313.0
21266.0 40310.0
21342.0 40064.0
21708.0 39975.0
24516.0 39974.0
24592.0 39915.0
24820.0 39865.0
25513.0 39758.0
28763.0 39631.0
32013.0 39572.0
32934.0 39525.0
36108.0 39524.0
36184.0 39386.0
39358.0 39385.0
39434.0 39363.0
43605.0 39340.0
46855.0 39327.0
50105.0 39246.0

16023.0 43402.0
16156.0 42959.0
16515.0 41382.0
16595.0 41150.0
17095.0 41130.0
17171.0 40744.0
18092.0 40466.0
18545.0 40449.0
18596.0 40337.0
21266.0 40312.0
21342.0 40064.0
21708.0 39975.0
24516.0 39974.0
24592.0 39915.0
24820.0 39865.0
25513.0 39758.0
28763.0 39632.0
32013.0 39572.0
32934.0 39525.0
36108.0 39524.0
36184.0 39468.0
39434.0 39363.0
43605.0 39340.0
46855.0 39327.0
50105.0 39246.0

16023.0 42410.0
16515.0 41382.0
16595.0 41150.0
17095.0 41087.0
17171.0 40744.0
18092.0 40466.0
18545.0 40444.0
18596.0 40337.0
19912.0 40313.0
21266.0 40312.0
21342.0 40064.0
21708.0 39975.0
24516.0 39974.0
24592.0 39915.0
24820.0 39865.0
25513.0 39758.0
28763.0 39632.0
32013.0 39572.0
32934.0 39525.0
36108.0 39524.0
36184.0 39386.0
39434.0 39363.0
43605.0 39340.0
46855.0 39327.0
50105.0 39246.0

16023.0 44184.0
16156.0 43741.0
16515.0 41382.0
16595.0 41150.0
17095.0 41087.0
17171.0 40744.0
18092.0 40466.0
18545.0 40449.0
18596.0 40337.0
19912.0 40313.0
21266.0 40310.0
21342.0 40064.0
21708.0 39975.0
24516.0 39974.0
24592.0 39915.0
24820.0 39865.0
25513.0 39758.0
28687.0 39757.0
28763.0 39631.0
32013.0 39572.0
32934.0 39525.0
36108.0 39524.0
36184.0 39386.0
39434.0 39363.0
43605.0 39310.0
50029.0 39278.0
50105.0 39222.0
51026.0 39071.0
57450.0 39032.0
57526.0 38976.0


