16816.0 42787.0
16990.0 41652.0
17516.0 41420.0
18016.0 41339.0
18092.0 40544.0
18596.0 40337.0
19912.0 40313.0
21266.0 40310.0
21342.0 40186.0
21708.0 39975.0
24592.0 39916.0
25513.0 39758.0
27894.0 39757.0
28763.0 39631.0
31937.0 39628.0
32934.0 39511.0
36184.0 39398.0
40355.0 39278.0
43529.0 39276.0
43605.0 39152.0

16023.0 47736.0
16495.0 45931.0
16515.0 45161.0
17345.0 44069.0
17492.0 43826.0
17745.0 43521.0
18596.0 42555.0
21342.0 42523.0
21638.0 41987.0
21657.0 41957.0
22263.0 41769.0
23950.0 41720.0
27166.0 41690.0
27690.0 41111.0
31437.0 40627.0
36108.0 40298.0
39358.0 40284.0
63874.0 38972.0

17996.0 46684.0
18805.0 46482.0
21661.0 46323.0
22263.0 45848.0
24237.0 45571.0
24750.0 44193.0
24820.0 43821.0
27587.0 43035.0
31437.0 42628.0
31937.0 41559.0

17996.0 46684.0
18615.0 44007.0
19505.0 43395.0
21266.0 42556.0
21342.0 41854.0
21708.0 41791.0
22495.0 41506.0
24801.0 41157.0
32013.0 40809.0

16515.0 41828.0
16816.0 41539.0
17326.0 41500.0
17516.0 41307.0
18016.0 41244.0
18092.0 40466.0
18545.0 40444.0
18596.0 40337.0
19912.0 40313.0
21266.0 40310.0
21342.0 40064.0
21708.0 39975.0
24516.0 39972.0
24592.0 39915.0
24820.0 39865.0
25513.0 39758.0
27894.0 39757.0
28687.0 39755.0
28763.0 39631.0
31937.0 39628.0
32013.0 39572.0
32934.0 39511.0
36184.0 39385.0
39434.0 39326.0
40355.0 39278.0
43529.0 39275.0
43605.0 39152.0
46855.0 39093.0

16156.0 41879.0
16571.0 41792.0
16595.0 41647.0
16956.0 41536.0
16990.0 41501.0
17095.0 41473.0
17171.0 40744.0
18092.0 40561.0
18545.0 40539.0
18596.0 40337.0
19912.0 40313.0
21266.0 40310.0
21342.0 40064.0
21708.0 39975.0
24516.0 39974.0
24592.0 39939.0
25513.0 39758.0
28763.0 39631.0
31937.0 39630.0
32934.0 39548.0
36108.0 39523.0
36184.0 39386.0
39434.0 39351.0

16156.0 41879.0
16571.0 41792.0
16595.0 41647.0
16956.0 41536.0
16990.0 41501.0
17095.0 41473.0
17171.0 40744.0
18092.0 40466.0
18545.0 40444.0
18596.0 40337.0
19912.0 40313.0
21266.0 40310.0
21342.0 40064.0
21708.0 39975.0
24516.0 39974.0
24592.0 39916.0
24820.0 39908.0
25513.0 39758.0
28687.0 39757.0
28763.0 39631.0
31937.0 39630.0
32013.0 39573.0
32934.0 39512.0
36108.0 39511.0
36184.0 39386.0
39434.0 39327.0
40355.0 39279.0
46855.0 39118.0
50029.0 39093.0

16023.0 42322.0
16156.0 41879.0
16515.0 41382.0
16595.0 41150.0
17095.0 41087.0
17171.0 40744.0
18092.0 40466.0
18545.0 40449.0
18596.0 40337.0
19912.0 40313.0
21266.0 40310.0
21342.0 40064.0
21708.0 39975.0
24516.0 39974.0
24592.0 39915.0
25513.0 39758.0
27894.0 39757.0
28763.0 39631.0
31937.0 39630.0
32934.0 39519.0
36108.0 39511.0
36184.0 39385.0
39434.0 39351.0

16156.0 41879.0
16571.0 41792.0
16595.0 41647.0
16956.0 41536.0
16990.0 41501.0
17095.0 41473.0
17171.0 40744.0
18092.0 40531.0
18545.0 40509.0
18596.0 40337.0
19912.0 40313.0
21266.0 40310.0
21342.0 40064.0
21708.0 39975.0
24516.0 39974.0
24592.0 39939.0
25513.0 39758.0
28687.0 39757.0
28763.0 39631.0
31937.0 39630.0
32934.0 39536.0
36108.0 39511.0
36184.0 39386.0
39434.0 39351.0

16023.0 42316.0
16156.0 41879.0
16515.0 41382.0
16595.0 41150.0
17095.0 41087.0
17171.0 40744.0
18092.0 40466.0
18545.0 40444.0
18596.0 40337.0
19912.0 40313.0
21266.0 40310.0
21342.0 40064.0
21708.0 39975.0
24516.0 39974.0
24592.0 39916.0
24820.0 39905.0
25513.0 39758.0
27894.0 39757.0
28687.0 39756.0
28763.0 39631.0
31937.0 39630.0
32013.0 39597.0
32934.0 39512.0
36108.0 39511.0
36184.0 39385.0
39434.0 39334.0
40355.0 39303.0
46279.0 39215.0
50105.0 39065.0

16156.0 41879.0
16571.0 41792.0
16595.0 41647.0
16956.0 41536.0
16990.0 41501.0
17095.0 41473.0
17171.0 40744.0
18092.0 40531.0
18545.0 40509.0
18596.0 40337.0
19912.0 40313.0
21266.0 40310.0
21342.0 40064.0
21708.0 39975.0
24516.0 39974.0
24592.0 39915.0
24820.0 39884.0
25513.0 39758.0
28687.0 39757.0
28763.0 39631.0
31937.0 39630.0
32013.0 39573.0
32934.0 39525.0
36108.0 39511.0
36184.0 39386.0
39434.0 39351.0

16156.0 41879.0
16571.0 41792.0
16595.0 41647.0
16956.0 41536.0
16990.0 41452.0
17171.0 40744.0
18092.0 40466.0
18545.0 40444.0
18596.0 40337.0
19912.0 40313.0
21266.0 40310.0
21342.0 40064.0
21708.0 39975.0
24516.0 39974.0
24592.0 39915.0
24820.0 39884.0
25513.0 39758.0
28687.0 39757.0
28763.0 39631.0
31937.0 39630.0
32013.0 39573.0
32934.0 39512.0
36108.0 39511.0
36184.0 39386.0
39358.0 39385.0
39434.0 39327.0
40355.0 39279.0
43605.0 39244.0
46855.0 39118.0
50029.0 39093.0

16156.0 41879.0
16571.0 41792.0
16595.0 41647.0
16956.0 41536.0
16990.0 41501.0
17095.0 41473.0
17171.0 40744.0
18092.0 40531.0
18545.0 40509.0
18596.0 40337.0
19912.0 40313.0
21266.0 40310.0
21342.0 40064.0
21708.0 39975.0
24516.0 39974.0
24592.0 39915.0
24820.0 39884.0
25513.0 39758.0
28687.0 39757.0
28763.0 39631.0
31937.0 39630.0
32013.0 39573.0
32934.0 39525.0
36108.0 39511.0
36184.0 39386.0
39434.0 39351.0

16023.0 42316.0
16156.0 41879.0
16515.0 41382.0
16595.0 41150.0
17095.0 41087.0
17171.0 40744.0
18092.0 40466.0
18545.0 40444.0
18596.0 40337.0
19912.0 40313.0
21266.0 40310.0
21342.0 40064.0
21708.0 39975.0
24516.0 39974.0
24592.0 39915.0
24820.0 39884.0
25513.0 39758.0
28687.0 39756.0
28763.0 39631.0
31937.0 39630.0
32013.0 39573.0
32934.0 39512.0
36108.0 39511.0
36184.0 39385.0
39434.0 39351.0
43605.0 39177.0

16156.0 41879.0
16571.0 41792.0
16595.0 41647.0
16956.0 41536.0
16990.0 41387.0
17171.0 40744.0
18092.0 40466.0
18545.0 40444.0
18596.0 40337.0
19912.0 40313.0
21266.0 40310.0
21342.0 40064.0
21708.0 39975.0
24516.0 39972.0
24592.0 39916.0
24820.0 39865.0
25513.0 39758.0
27894.0 39757.0
28687.0 39755.0
28763.0 39631.0
31937.0 39629.0
32013.0 39573.0
32934.0 39512.0
36108.0 39511.0
36184.0 39386.0
39358.0 39384.0
39434.0 39327.0
40355.0 39279.0
43529.0 39278.0
43605.0 39152.0
46855.0 39094.0
50029.0 39093.0
54276.0 39052.0


