16023.0 49260.0
16515.0 41267.0
16595.0 41260.0
17095.0 41179.0
17171.0 40993.0
18092.0 40831.0
18596.0 40562.0
18615.0 40443.0
20387.0 40419.0
20421.0 40403.0
21342.0 40064.0
21708.0 39975.0
24516.0 39972.0
24592.0 39915.0
24820.0 39865.0
27766.0 39864.0
27842.0 39829.0
28763.0 39632.0
32013.0 39572.0
35263.0 39537.0
36184.0 39445.0
39358.0 39442.0
39434.0 39385.0
46855.0 39094.0

16023.0 46648.0
16494.0 45407.0
17145.0 44851.0
17171.0 43354.0
17675.0 42882.0
18545.0 42234.0
19146.0 41558.0
21266.0 41500.0
23880.0 40928.0
43529.0 40841.0
63874.0 38972.0

17713.0 51169.0
17996.0 48660.0
18615.0 46379.0
22699.0 43325.0
38782.0 41229.0

16023.0 49260.0
17223.0 48180.0
17345.0 48142.0
18615.0 46379.0
20913.0 46276.0
21138.0 45302.0
21708.0 43861.0
22699.0 43325.0
27190.0 42959.0
28187.0 41917.0
38782.0 41229.0

16023.0 42436.0
16156.0 42155.0
16595.0 41302.0
17516.0 41191.0
18016.0 41128.0
18092.0 40466.0
18545.0 40444.0
18596.0 40337.0
19912.0 40313.0
21266.0 40310.0
21342.0 40064.0
21708.0 39975.0
24516.0 39972.0
24592.0 39915.0
24820.0 39884.0
25513.0 39758.0
27894.0 39757.0
28763.0 39631.0
31937.0 39628.0
32013.0 39572.0
32934.0 39511.0
36184.0 39385.0
39434.0 39326.0
40355.0 39279.0
43605.0 39152.0
46855.0 39094.0
51026.0 39070.0

16023.0 45623.0
16290.0 43116.0
16515.0 41645.0
16595.0 41259.0
17095.0 41160.0
17171.0 41146.0
18016.0 41083.0
18092.0 40466.0
18545.0 40444.0
18596.0 40337.0
19912.0 40313.0
21266.0 40312.0
21342.0 40064.0
21708.0 39975.0
24592.0 39963.0
24820.0 39924.0
25513.0 39758.0
27894.0 39757.0
28763.0 39632.0
31937.0 39631.0
32934.0 39525.0
36184.0 39445.0
39358.0 39396.0

16023.0 45623.0
16290.0 43116.0
16515.0 41645.0
16595.0 41259.0
17095.0 41160.0
17171.0 41146.0
18016.0 41083.0
18092.0 40466.0
18545.0 40444.0
18596.0 40337.0
19912.0 40313.0
21266.0 40310.0
21342.0 40064.0
21708.0 39975.0
24592.0 39963.0
24820.0 39924.0
25513.0 39758.0
27894.0 39757.0
28763.0 39632.0
31937.0 39631.0
32013.0 39598.0
32934.0 39525.0
36184.0 39445.0
39358.0 39396.0

16023.0 45623.0
16290.0 43116.0
16515.0 41515.0
16595.0 41053.0
17095.0 40954.0
17171.0 40859.0
18092.0 40466.0
18545.0 40444.0
18596.0 40337.0
19912.0 40313.0
21266.0 40310.0
21342.0 40064.0
21708.0 39975.0
24516.0 39974.0
24592.0 39934.0
24820.0 39924.0
25513.0 39758.0
27894.0 39757.0
28763.0 39632.0
31937.0 39631.0
32013.0 39573.0
32934.0 39511.0
36184.0 39423.0
39358.0 39396.0

16023.0 45623.0
16290.0 43116.0
16515.0 41267.0
16595.0 41035.0
17095.0 40972.0
17171.0 40768.0
18092.0 40466.0
18545.0 40444.0
18596.0 40337.0
19912.0 40313.0
21266.0 40310.0
21342.0 40064.0
21708.0 39975.0
24592.0 39915.0
24820.0 39865.0
25513.0 39758.0
27894.0 39757.0
28763.0 39632.0
31937.0 39631.0
32013.0 39573.0
32934.0 39525.0
36184.0 39399.0
39358.0 39396.0

16023.0 45623.0
16156.0 44497.0
16290.0 42939.0
16515.0 41554.0
16595.0 41259.0
17095.0 41160.0
17171.0 41146.0
18016.0 41083.0
18092.0 40466.0
18545.0 40444.0
18596.0 40337.0
19912.0 40313.0
21266.0 40310.0
21342.0 40064.0
21708.0 39975.0
24516.0 39972.0
24592.0 39934.0
24820.0 39905.0
25513.0 39758.0
27894.0 39757.0
28763.0 39632.0
31937.0 39631.0
32013.0 39591.0
32934.0 39511.0
36184.0 39423.0
39358.0 39396.0
43605.0 39371.0

16023.0 45623.0
16290.0 43116.0
16515.0 41645.0
16595.0 41259.0
17095.0 41160.0
17171.0 41146.0
18016.0 41083.0
18092.0 40466.0
18545.0 40444.0
18596.0 40337.0
19912.0 40313.0
21266.0 40312.0
21342.0 40064.0
21708.0 39975.0
24516.0 39974.0
24592.0 39934.0
24820.0 39905.0
25513.0 39758.0
27894.0 39757.0
28763.0 39632.0
31937.0 39631.0
32013.0 39591.0
32934.0 39525.0
36184.0 39445.0
39358.0 39396.0

16023.0 44934.0
16156.0 44491.0
16290.0 42992.0
16515.0 41334.0
16595.0 41053.0
17095.0 40954.0
17171.0 40916.0
18092.0 40466.0
18545.0 40444.0
18596.0 40337.0
19912.0 40313.0
21266.0 40310.0
21342.0 40064.0
21708.0 39975.0
24516.0 39974.0
24592.0 39915.0
24820.0 39905.0
25513.0 39758.0
27894.0 39757.0
28763.0 39632.0
31937.0 39631.0
32013.0 39573.0
32934.0 39512.0
36184.0 39386.0

16023.0 45623.0
16290.0 43116.0
16515.0 41515.0
16595.0 41120.0
17095.0 41021.0
17171.0 40964.0
17745.0 40911.0
18092.0 40466.0
18545.0 40444.0
18596.0 40337.0
19912.0 40313.0
21266.0 40310.0
21342.0 40064.0
21708.0 39975.0
24592.0 39934.0
24820.0 39905.0
25513.0 39758.0
27894.0 39757.0
28763.0 39632.0
31937.0 39631.0
32013.0 39591.0
32934.0 39525.0
36184.0 39445.0
39358.0 39396.0

16023.0 45623.0
16290.0 43000.0
16515.0 41515.0
16595.0 41120.0
17095.0 41021.0
17171.0 40916.0
17745.0 40911.0
18092.0 40466.0
18545.0 40444.0
18596.0 40337.0
19912.0 40313.0
21266.0 40310.0
21342.0 40064.0
21708.0 39975.0
24516.0 39974.0
24592.0 39915.0
24820.0 39889.0
25513.0 39758.0
27894.0 39757.0
28763.0 39632.0
31937.0 39631.0
32013.0 39573.0
32934.0 39512.0
36184.0 39386.0

16023.0 44934.0
16156.0 44491.0
16290.0 43000.0
16515.0 41334.0
16595.0 41053.0
17095.0 40954.0
17171.0 40835.0
18092.0 40466.0
18545.0 40444.0
18596.0 40337.0
19912.0 40313.0
21266.0 40310.0
21342.0 40064.0
21708.0 39975.0
24516.0 39974.0
24592.0 39916.0
24820.0 39865.0
25513.0 39758.0
27894.0 39757.0
28763.0 39632.0
31937.0 39631.0
32013.0 39573.0
32934.0 39511.0
36184.0 39385.0
39434.0 39339.0
43605.0 39177.0
46855.0 39094.0


