16816.0 41651.0
16956.0 41540.0
17516.0 41308.0
18016.0 41245.0
18092.0 40750.0
18596.0 40383.0
21342.0 40064.0
21708.0 39975.0
24516.0 39972.0
24592.0 39916.0
25513.0 39758.0
27894.0 39757.0
28687.0 39755.0
28763.0 39631.0
31937.0 39628.0
32013.0 39573.0
32934.0 39511.0
36108.0 39508.0
36184.0 39385.0
40355.0 39279.0
46855.0 39157.0

16023.0 48890.0
16515.0 44998.0
17145.0 44775.0
17996.0 44113.0
18016.0 43919.0
18092.0 42249.0
18596.0 41786.0
21661.0 41642.0
21708.0 40892.0
27913.0 40708.0
63874.0 38972.0

16936.0 54431.0
17492.0 53075.0
17996.0 52245.0
18122.0 47343.0
18671.0 46155.0
20666.0 45643.0
20857.0 45533.0
21342.0 45139.0
22263.0 43354.0
30661.0 41555.0

16936.0 54431.0
17396.0 47256.0
18016.0 43580.0
21661.0 41642.0
30661.0 41555.0

16816.0 41716.0
16956.0 41605.0
16990.0 41387.0
17516.0 41155.0
18016.0 41074.0
18092.0 40624.0
18545.0 40602.0
18596.0 40495.0
18615.0 40443.0
20387.0 40419.0
21266.0 40416.0
21342.0 40064.0
21708.0 39975.0
24516.0 39972.0
24592.0 39915.0
24820.0 39865.0
25513.0 39758.0
27894.0 39757.0
28763.0 39631.0
32013.0 39572.0
32934.0 39511.0
36184.0 39385.0
39434.0 39326.0
42684.0 39291.0
46855.0 39244.0

16515.0 41448.0
16595.0 41053.0
17095.0 40954.0
17171.0 40744.0
18092.0 40544.0
18545.0 40522.0
18596.0 40337.0
19912.0 40313.0
21342.0 40064.0
21708.0 39975.0
24516.0 39974.0
24592.0 39915.0
24820.0 39908.0
25513.0 39758.0
28763.0 39632.0
32013.0 39572.0
35187.0 39571.0
36184.0 39399.0
39434.0 39340.0
40355.0 39303.0
43605.0 39177.0
46855.0 39141.0
50105.0 39082.0

16515.0 41448.0
16595.0 41053.0
17095.0 40954.0
17171.0 40744.0
18092.0 40531.0
18545.0 40509.0
18596.0 40337.0
19912.0 40313.0
21266.0 40310.0
21342.0 40064.0
21708.0 39975.0
24516.0 39974.0
24592.0 39915.0
24820.0 39889.0
25513.0 39758.0
28763.0 39632.0
32013.0 39572.0
32934.0 39525.0
36184.0 39386.0
39358.0 39385.0
39434.0 39340.0
40355.0 39303.0
43605.0 39177.0
46855.0 39141.0
50105.0 39082.0

16515.0 41448.0
16595.0 41053.0
17095.0 40954.0
17171.0 40744.0
18092.0 40466.0
18545.0 40444.0
18596.0 40337.0
19912.0 40313.0
21266.0 40310.0
21342.0 40064.0
21708.0 39975.0
24516.0 39974.0
24592.0 39915.0
24820.0 39908.0
25513.0 39758.0
28687.0 39755.0
28763.0 39631.0
31937.0 39630.0
32013.0 39572.0
32934.0 39512.0
36108.0 39511.0
36184.0 39399.0
39358.0 39385.0
39434.0 39340.0
40355.0 39303.0
43605.0 39177.0
46855.0 39141.0
50105.0 39082.0

16515.0 41267.0
16595.0 41053.0
17095.0 40954.0
17171.0 40744.0
18092.0 40466.0
18545.0 40444.0
18596.0 40337.0
19912.0 40313.0
21266.0 40312.0
21342.0 40064.0
21708.0 39975.0
24516.0 39974.0
24592.0 39915.0
24820.0 39889.0
25513.0 39758.0
28763.0 39632.0
32013.0 39572.0
32934.0 39525.0
36184.0 39386.0
39358.0 39385.0
39434.0 39340.0
40355.0 39303.0
43605.0 39177.0
46855.0 39141.0
50105.0 39082.0

16515.0 41448.0
16595.0 41053.0
17095.0 40954.0
17171.0 40744.0
18092.0 40466.0
18545.0 40444.0
18596.0 40337.0
19912.0 40313.0
21266.0 40312.0
21342.0 40064.0
21708.0 39975.0
24516.0 39974.0
24592.0 39915.0
24820.0 39908.0
25513.0 39758.0
28687.0 39755.0
28763.0 39631.0
32013.0 39572.0
32934.0 39512.0
36184.0 39386.0
39358.0 39385.0
39434.0 39327.0
40355.0 39303.0
43605.0 39177.0
46855.0 39141.0
50105.0 39082.0

16515.0 41448.0
16595.0 41053.0
17095.0 40954.0
17171.0 40744.0
18092.0 40466.0
18545.0 40444.0
18596.0 40337.0
19912.0 40313.0
21266.0 40310.0
21342.0 40064.0
21708.0 39975.0
24516.0 39974.0
24592.0 39915.0
24820.0 39889.0
25513.0 39758.0
28763.0 39631.0
32013.0 39572.0
32934.0 39525.0
36184.0 39386.0
39358.0 39385.0
39434.0 39340.0
40355.0 39303.0
43605.0 39177.0
46855.0 39141.0
50105.0 39082.0

16515.0 41448.0
16595.0 41035.0
17095.0 40954.0
17171.0 40744.0
18092.0 40466.0
18545.0 40444.0
18596.0 40337.0
19912.0 40313.0
21266.0 40310.0
21342.0 40064.0
21708.0 39975.0
24516.0 39974.0
24592.0 39915.0
24820.0 39889.0
25513.0 39758.0
28687.0 39755.0
28763.0 39631.0
31937.0 39630.0
32013.0 39572.0
32934.0 39512.0
36184.0 39386.0
39358.0 39385.0
39434.0 39327.0
40355.0 39303.0
43605.0 39153.0
46779.0 39152.0
46855.0 39141.0
50105.0 39082.0

16515.0 41267.0
16595.0 41053.0
17095.0 40954.0
17171.0 40744.0
18092.0 40466.0
18545.0 40444.0
18596.0 40337.0
19912.0 40313.0
21266.0 40310.0
21342.0 40064.0
21708.0 39975.0
24516.0 39974.0
24592.0 39915.0
24820.0 39889.0
25513.0 39758.0
28687.0 39756.0
28763.0 39631.0
31937.0 39630.0
32013.0 39572.0
32934.0 39525.0
36184.0 39386.0
39358.0 39385.0
39434.0 39340.0
40355.0 39303.0
43605.0 39177.0
46855.0 39141.0
50105.0 39082.0

16515.0 41448.0
16595.0 41035.0
17095.0 40954.0
17171.0 40744.0
18092.0 40466.0
18545.0 40444.0
18596.0 40337.0
19912.0 40313.0
21266.0 40310.0
21342.0 40064.0
21708.0 39975.0
24516.0 39972.0
24592.0 39915.0
24820.0 39889.0
25513.0 39758.0
27894.0 39757.0
28687.0 39755.0
28763.0 39631.0
31937.0 39630.0
32013.0 39572.0
32934.0 39512.0
36108.0 39509.0
36184.0 39386.0
39358.0 39385.0
39434.0 39340.0
40355.0 39279.0
43605.0 39153.0
46779.0 39152.0
46855.0 39094.0
50105.0 39082.0

16515.0 41448.0
16595.0 41035.0
17095.0 40954.0
17171.0 40744.0
18092.0 40466.0
18545.0 40444.0
18596.0 40337.0
19912.0 40313.0
21266.0 40310.0
21342.0 40064.0
21708.0 39975.0
24516.0 39974.0
24592.0 39915.0
24820.0 39889.0
25513.0 39758.0
28687.0 39755.0
28763.0 39631.0
32013.0 39572.0
32934.0 39512.0
36108.0 39511.0
36184.0 39399.0
39358.0 39385.0
39434.0 39340.0
40355.0 39279.0
43605.0 39153.0
46779.0 39150.0
46855.0 39094.0
50029.0 39093.0
50105.0 39082.0


