16093.0 46579.0
16290.0 45398.0
16745.0 44545.0
16990.0 43481.0
17345.0 42068.0
17516.0 41654.0
18016.0 41555.0
18092.0 40657.0
18545.0 40640.0
18596.0 40547.0
19912.0 40523.0
21266.0 40522.0
21342.0 40142.0
21708.0 40120.0
24592.0 39994.0
25513.0 39925.0
28763.0 39777.0
32013.0 39721.0
32934.0 39548.0
36184.0 39490.0

16023.0 49071.0
16515.0 43838.0
21108.0 43152.0
21266.0 42771.0
22263.0 42651.0
24937.0 41824.0
27842.0 40754.0
35263.0 39835.0
42684.0 39733.0
63874.0 38972.0

17396.0 50587.0
17516.0 47941.0
18122.0 47534.0
19471.0 46419.0
21021.0 46389.0
22263.0 45087.0
24201.0 44984.0
24750.0 44486.0
25966.0 43910.0
27842.0 43761.0
30737.0 43600.0
31658.0 43290.0

17516.0 47941.0
18122.0 47534.0
19471.0 46419.0
20066.0 43588.0
26887.0 42610.0
35008.0 42415.0

16023.0 46968.0
16290.0 44884.0
16595.0 44489.0
16816.0 42545.0
16990.0 41481.0
17516.0 41249.0
18016.0 41186.0
18092.0 40466.0
18545.0 40449.0
18596.0 40337.0
19912.0 40313.0
21266.0 40310.0
21342.0 40064.0
21708.0 39975.0
24516.0 39972.0
24592.0 39915.0
24820.0 39865.0
25513.0 39758.0
27894.0 39757.0
28687.0 39755.0
28763.0 39631.0
31937.0 39629.0
32013.0 39572.0
32934.0 39512.0
36184.0 39385.0
42684.0 39291.0

16023.0 45929.0
16515.0 41382.0
16595.0 41150.0
17171.0 40744.0
18092.0 40466.0
18545.0 40449.0
18596.0 40337.0
21266.0 40312.0
21342.0 40064.0
21708.0 39975.0
24516.0 39974.0
24592.0 39915.0
24820.0 39865.0
27842.0 39848.0
28763.0 39632.0
32013.0 39572.0
35263.0 39561.0
39434.0 39363.0
43605.0 39340.0
50105.0 39246.0

16023.0 43402.0
16156.0 42959.0
16515.0 41382.0
16595.0 41150.0
17095.0 41130.0
17171.0 40744.0
18092.0 40466.0
18545.0 40449.0
18596.0 40337.0
21266.0 40312.0
21342.0 40064.0
21708.0 39975.0
24516.0 39974.0
24592.0 39915.0
24820.0 39865.0
25513.0 39782.0
27843.0 39765.0
28687.0 39757.0
28763.0 39632.0
32013.0 39572.0
32934.0 39536.0
39358.0 39385.0
39434.0 39363.0
43605.0 39340.0
50105.0 39246.0

16023.0 42410.0
16515.0 41382.0
16595.0 41150.0
17095.0 41069.0
17171.0 40744.0
18092.0 40466.0
18545.0 40449.0
18596.0 40337.0
21266.0 40312.0
21342.0 40064.0
21708.0 39975.0
24516.0 39974.0
24592.0 39915.0
24820.0 39865.0
25513.0 39782.0
28763.0 39632.0
31937.0 39631.0
32013.0 39572.0
35263.0 39561.0
36184.0 39423.0
39434.0 39351.0
43605.0 39340.0
46855.0 39327.0
50105.0 39246.0

16023.0 43402.0
16156.0 42959.0
16515.0 41382.0
16595.0 41150.0
17095.0 41130.0
17171.0 40744.0
18092.0 40466.0
18545.0 40449.0
18596.0 40337.0
21266.0 40312.0
21342.0 40064.0
21708.0 39975.0
24516.0 39974.0
24592.0 39915.0
24820.0 39865.0
27842.0 39848.0
28763.0 39632.0
32013.0 39572.0
35263.0 39561.0
36184.0 39468.0
39434.0 39363.0
43605.0 39340.0
46855.0 39327.0
50105.0 39246.0

16023.0 42410.0
16515.0 41382.0
16595.0 41150.0
17095.0 41069.0
17171.0 40744.0
18092.0 40466.0
18545.0 40449.0
18596.0 40337.0
21266.0 40312.0
21342.0 40064.0
21708.0 39975.0
24516.0 39974.0
24592.0 39915.0
24820.0 39865.0
27842.0 39848.0
28763.0 39632.0
32013.0 39572.0
35263.0 39561.0
36184.0 39468.0
39434.0 39363.0
43605.0 39340.0
46855.0 39327.0
50105.0 39246.0

16023.0 43402.0
16156.0 42959.0
16515.0 41382.0
16595.0 41150.0
17095.0 41130.0
17171.0 40744.0
18092.0 40466.0
18545.0 40449.0
18596.0 40337.0
21266.0 40312.0
21342.0 40064.0
21708.0 39975.0
24516.0 39974.0
24592.0 39915.0
24820.0 39865.0
27842.0 39848.0
28763.0 39632.0
32013.0 39572.0
35263.0 39561.0
36184.0 39468.0
39434.0 39363.0
43605.0 39340.0
46855.0 39327.0
50105.0 39246.0

16023.0 43402.0
16156.0 42959.0
16515.0 41382.0
16595.0 41150.0
17095.0 41130.0
17171.0 40744.0
18092.0 40466.0
18545.0 40449.0
18596.0 40337.0
21266.0 40312.0
21342.0 40064.0
21708.0 39975.0
24516.0 39974.0
24592.0 39915.0
24820.0 39865.0
27842.0 39848.0
28763.0 39632.0
32013.0 39572.0
35263.0 39561.0
36184.0 39468.0
39434.0 39363.0
43605.0 39340.0
46855.0 39327.0
50105.0 39246.0

16023.0 43402.0
16156.0 42959.0
16515.0 41382.0
16595.0 41150.0
17095.0 41130.0
17171.0 40744.0
18092.0 40466.0
18545.0 40449.0
18596.0 40337.0
21266.0 40312.0
21342.0 40064.0
21708.0 39975.0
24516.0 39974.0
24592.0 39915.0
24820.0 39865.0
27842.0 39848.0
28763.0 39632.0
32013.0 39572.0
35263.0 39561.0
36184.0 39468.0
39434.0 39363.0
43605.0 39340.0
46855.0 39327.0
50105.0 39246.0

16023.0 42410.0
16515.0 41382.0
16595.0 41150.0
17095.0 41087.0
17171.0 40744.0
18092.0 40466.0
18545.0 40449.0
18596.0 40337.0
21266.0 40312.0
21342.0 40064.0
21708.0 39975.0
24516.0 39974.0
24592.0 39915.0
24820.0 39865.0
27842.0 39848.0
28763.0 39632.0
32013.0 39572.0
35263.0 39561.0
36184.0 39468.0
39434.0 39363.0
43605.0 39340.0
46855.0 39327.0
50105.0 39246.0

16023.0 44870.0
16515.0 41382.0
16595.0 41150.0
17171.0 40744.0
18092.0 40466.0
18545.0 40449.0
18596.0 40337.0
19912.0 40313.0
21266.0 40312.0
21342.0 40064.0
21708.0 39975.0
24516.0 39974.0
24592.0 39915.0
24820.0 39865.0
27842.0 39848.0
28763.0 39632.0
32013.0 39572.0
35263.0 39561.0
36184.0 39496.0
39358.0 39486.0
39434.0 39363.0
43605.0 39152.0
51026.0 39070.0
57526.0 39000.0


