16094.0 47411.0
16290.0 45327.0
16480.0 43875.0
16494.0 43481.0
16816.0 42632.0
16990.0 41461.0
17516.0 41229.0
18016.0 41148.0
18092.0 40496.0
18545.0 40474.0
18596.0 40337.0
19912.0 40313.0
21266.0 40312.0
21342.0 40064.0
21708.0 39975.0
24516.0 39972.0
24592.0 39915.0
24820.0 39865.0
25513.0 39758.0
28687.0 39755.0
28763.0 39632.0
31937.0 39629.0
32013.0 39572.0
32934.0 39512.0
36108.0 39509.0
36184.0 39386.0
39358.0 39383.0
40355.0 39279.0
43529.0 39276.0
43605.0 39153.0
46779.0 39150.0

16023.0 53913.0
16070.0 48817.0
16156.0 45145.0
16595.0 44575.0
17345.0 43784.0
17996.0 43553.0
18092.0 43411.0
18545.0 41776.0
18623.0 41633.0
21266.0 41208.0
21342.0 40963.0
24016.0 40711.0
63874.0 38972.0

16936.0 52762.0
18446.0 49662.0
18671.0 47439.0
19112.0 45658.0
19745.0 44842.0
19980.0 43035.0

16816.0 52225.0
17126.0 48849.0
17145.0 47690.0
17996.0 46800.0
18922.0 42843.0
21657.0 42755.0
43482.0 41248.0

16290.0 44525.0
16745.0 43119.0
16816.0 41687.0
16956.0 41576.0
16990.0 41396.0
17516.0 41164.0
18016.0 41101.0
18092.0 40466.0
18545.0 40444.0
18596.0 40337.0
19912.0 40313.0
21266.0 40310.0
21342.0 40064.0
21708.0 39975.0
24516.0 39972.0
24592.0 39915.0
24820.0 39865.0
25513.0 39758.0
27894.0 39757.0
28687.0 39754.0
28763.0 39631.0
31937.0 39628.0
32013.0 39572.0
32934.0 39511.0
36184.0 39385.0
39358.0 39382.0
39434.0 39326.0
40355.0 39278.0
43605.0 39152.0
46855.0 39093.0

16023.0 45195.0
16256.0 43768.0
16495.0 43705.0
16515.0 41473.0
16595.0 41241.0
17095.0 41178.0
17171.0 40835.0
18092.0 40466.0
18545.0 40449.0
18596.0 40337.0
19912.0 40313.0
21266.0 40310.0
21342.0 40187.0
21708.0 39975.0
24516.0 39974.0
24592.0 39939.0
24750.0 39922.0
25513.0 39758.0
28763.0 39691.0
32013.0 39620.0
32934.0 39536.0
36184.0 39445.0
39434.0 39374.0
46855.0 39369.0

16023.0 45195.0
16256.0 43768.0
16495.0 43705.0
16515.0 41473.0
16595.0 41241.0
17095.0 41178.0
17171.0 40835.0
18092.0 40466.0
18545.0 40449.0
18596.0 40337.0
19912.0 40313.0
21266.0 40310.0
21342.0 40187.0
21708.0 39975.0
24516.0 39974.0
24592.0 39939.0
24750.0 39922.0
25513.0 39758.0
28763.0 39691.0
32013.0 39620.0
32934.0 39536.0
36184.0 39410.0
39434.0 39374.0
40355.0 39303.0

16023.0 45195.0
16094.0 45151.0
16256.0 43768.0
16495.0 43705.0
16515.0 41328.0
16595.0 41096.0
17095.0 41015.0
17171.0 40768.0
18092.0 40466.0
18545.0 40444.0
18596.0 40337.0
19912.0 40313.0
21266.0 40310.0
21342.0 40064.0
21708.0 39975.0
24516.0 39974.0
24592.0 39915.0
24820.0 39865.0
25513.0 39758.0
28763.0 39631.0
32013.0 39620.0
32934.0 39536.0
36184.0 39445.0
39434.0 39374.0
40355.0 39303.0
50029.0 39242.0
53203.0 39241.0

16023.0 42943.0
16156.0 41879.0
16515.0 41328.0
16595.0 41096.0
17095.0 41033.0
17171.0 40744.0
18092.0 40466.0
18545.0 40444.0
18596.0 40337.0
19912.0 40313.0
21266.0 40310.0
21342.0 40064.0
21708.0 39975.0
24516.0 39974.0
24592.0 39939.0
24750.0 39922.0
24820.0 39905.0
25513.0 39758.0
28763.0 39691.0
31937.0 39690.0
32013.0 39620.0
32934.0 39536.0
36184.0 39410.0
39434.0 39374.0
46855.0 39369.0

16023.0 42820.0
16515.0 41473.0
16595.0 41241.0
17095.0 41082.0
17171.0 40768.0
18092.0 40466.0
18545.0 40444.0
18596.0 40337.0
19912.0 40313.0
21266.0 40310.0
21342.0 40064.0
21708.0 39975.0
24516.0 39974.0
24592.0 39915.0
24820.0 39865.0
25513.0 39758.0
28687.0 39757.0
28763.0 39631.0
32013.0 39572.0
32934.0 39512.0
36184.0 39410.0
39434.0 39339.0
50029.0 39242.0
53203.0 39241.0

16023.0 45195.0
16256.0 43768.0
16495.0 43705.0
16515.0 41473.0
16595.0 41241.0
17095.0 41178.0
17171.0 40835.0
18092.0 40466.0
18545.0 40444.0
18596.0 40337.0
19912.0 40313.0
21266.0 40310.0
21342.0 40064.0
21708.0 39975.0
24516.0 39972.0
24592.0 39915.0
24820.0 39865.0
25513.0 39758.0
28763.0 39632.0
32013.0 39573.0
32934.0 39536.0
36184.0 39410.0
39434.0 39327.0
46855.0 39245.0

16023.0 45102.0
16256.0 43768.0
16495.0 43705.0
16515.0 41382.0
16595.0 41150.0
17095.0 41082.0
17171.0 40744.0
18092.0 40466.0
18545.0 40444.0
18596.0 40337.0
19912.0 40313.0
21266.0 40310.0
21342.0 40064.0
21708.0 39975.0
24516.0 39972.0
24592.0 39915.0
24820.0 39865.0
25513.0 39758.0
28763.0 39631.0
32013.0 39572.0
32934.0 39536.0
36184.0 39386.0
39434.0 39327.0
40355.0 39303.0
46855.0 39245.0

16023.0 44112.0
16256.0 43768.0
16495.0 43705.0
16515.0 41334.0
16595.0 41102.0
17095.0 41039.0
17171.0 40835.0
18092.0 40466.0
18545.0 40444.0
18596.0 40337.0
19912.0 40313.0
21266.0 40310.0
21342.0 40064.0
21708.0 39975.0
24516.0 39972.0
24592.0 39915.0
24820.0 39865.0
25513.0 39758.0
28763.0 39632.0
32013.0 39573.0
32934.0 39536.0
36184.0 39410.0
39434.0 39327.0
46855.0 39245.0

16023.0 43569.0
16156.0 42829.0
16515.0 41395.0
16595.0 41163.0
17095.0 41082.0
17171.0 40835.0
18092.0 40466.0
18545.0 40444.0
18596.0 40337.0
19912.0 40313.0
21266.0 40310.0
21342.0 40064.0
21708.0 39975.0
24516.0 39972.0
24592.0 39915.0
24820.0 39865.0
25513.0 39758.0
28687.0 39757.0
28763.0 39631.0
31937.0 39629.0
32013.0 39572.0
32934.0 39525.0
36108.0 39524.0
36184.0 39386.0
39434.0 39327.0
40355.0 39303.0
43529.0 39300.0
43605.0 39160.0

16023.0 42316.0
16156.0 41879.0
16515.0 41473.0
16595.0 41241.0
17095.0 40972.0
17171.0 40835.0
18092.0 40466.0
18545.0 40444.0
18596.0 40337.0
19912.0 40313.0
21266.0 40310.0
21342.0 40064.0
21708.0 39975.0
24516.0 39972.0
24592.0 39915.0
24820.0 39865.0
25513.0 39758.0
28687.0 39757.0
28763.0 39631.0
31937.0 39629.0
32013.0 39572.0
32934.0 39525.0
36108.0 39511.0
36184.0 39410.0
39358.0 39383.0
39434.0 39327.0
40355.0 39279.0
43605.0 39153.0
46855.0 39094.0
54276.0 39075.0


