16745.0 44912.0
16816.0 42091.0
16956.0 41980.0
16990.0 41396.0
17516.0 41164.0
18016.0 41101.0
18092.0 40635.0
18545.0 40613.0
18596.0 40353.0
19912.0 40313.0
21266.0 40310.0
21342.0 40186.0
21708.0 39975.0
24592.0 39939.0
25513.0 39758.0
27894.0 39757.0
28687.0 39754.0
28763.0 39632.0
32013.0 39596.0
32934.0 39551.0

16023.0 44309.0
17279.0 44105.0
17492.0 43925.0
17869.0 43379.0
18092.0 42567.0
20066.0 42420.0
20457.0 42305.0
21266.0 41709.0
21342.0 41277.0
25513.0 40886.0
32934.0 40883.0
40355.0 40450.0
63874.0 38972.0

16936.0 54431.0
17492.0 53075.0
17996.0 52245.0
18122.0 47343.0
18671.0 46155.0
20666.0 45643.0
20857.0 45533.0
21342.0 45139.0
22263.0 43354.0
30661.0 41555.0

16936.0 48888.0
17789.0 48810.0
17996.0 46795.0
18092.0 45098.0
18922.0 44306.0
21266.0 43225.0
30661.0 41555.0

16515.0 42398.0
16816.0 41546.0
16990.0 41491.0
17516.0 41259.0
18016.0 41196.0
18092.0 40619.0
18545.0 40444.0
18596.0 40337.0
19912.0 40313.0
21266.0 40310.0
21342.0 40064.0
21708.0 39975.0
24516.0 39972.0
24592.0 39916.0
24820.0 39865.0
25513.0 39758.0
27894.0 39757.0
28763.0 39632.0
31937.0 39629.0
32013.0 39573.0
32934.0 39511.0
36184.0 39386.0
39358.0 39385.0
39434.0 39327.0
40355.0 39278.0
43605.0 39153.0
46855.0 39094.0
50105.0 39058.0

16515.0 41534.0
16595.0 41302.0
17095.0 41239.0
17171.0 40744.0
18092.0 40619.0
18596.0 40367.0
19912.0 40343.0
21266.0 40340.0
21342.0 40064.0
21708.0 40053.0
24516.0 40039.0
24592.0 39915.0
24820.0 39908.0
25513.0 39836.0
28763.0 39710.0
32013.0 39572.0
35187.0 39571.0
36184.0 39466.0
39434.0 39340.0
40355.0 39303.0
43605.0 39177.0
46855.0 39141.0
50105.0 39082.0

16515.0 41534.0
16595.0 41302.0
17095.0 41239.0
17171.0 40744.0
18092.0 40531.0
18545.0 40509.0
18596.0 40367.0
19912.0 40343.0
21266.0 40340.0
21342.0 40064.0
21708.0 40053.0
24516.0 40039.0
24592.0 39915.0
24820.0 39889.0
25513.0 39836.0
28763.0 39710.0
32013.0 39572.0
35187.0 39571.0
36184.0 39466.0
39434.0 39340.0
40355.0 39303.0
43605.0 39177.0
46855.0 39141.0
50105.0 39082.0

16515.0 41534.0
16595.0 41302.0
17095.0 41239.0
17171.0 40744.0
18092.0 40531.0
18545.0 40509.0
18596.0 40337.0
19912.0 40313.0
21342.0 40064.0
21708.0 39975.0
24516.0 39974.0
24592.0 39915.0
24820.0 39908.0
25513.0 39758.0
28763.0 39631.0
31937.0 39630.0
32013.0 39572.0
32934.0 39512.0
36184.0 39386.0
39358.0 39385.0
39434.0 39340.0
40355.0 39303.0
43605.0 39177.0
46855.0 39141.0
50105.0 39082.0

16515.0 41534.0
16595.0 41302.0
17095.0 41239.0
17171.0 40744.0
18092.0 40619.0
18596.0 40337.0
19912.0 40313.0
21266.0 40310.0
21342.0 40064.0
21708.0 39975.0
24516.0 39974.0
24592.0 39915.0
24820.0 39889.0
25513.0 39758.0
28763.0 39632.0
32013.0 39572.0
32934.0 39536.0
36184.0 39386.0
39358.0 39385.0
39434.0 39340.0
40355.0 39303.0
43605.0 39177.0
46855.0 39141.0
50105.0 39082.0

16515.0 41473.0
16595.0 41302.0
17095.0 41178.0
17171.0 40744.0
18092.0 40466.0
18545.0 40444.0
18596.0 40337.0
19912.0 40313.0
21266.0 40312.0
21342.0 40064.0
21708.0 39975.0
24592.0 39915.0
24820.0 39908.0
25513.0 39758.0
28763.0 39632.0
32013.0 39572.0
32934.0 39512.0
36108.0 39511.0
36184.0 39466.0
39434.0 39340.0
40355.0 39303.0
43605.0 39177.0
46855.0 39141.0
50105.0 39082.0

16515.0 41534.0
16595.0 41096.0
17171.0 40744.0
18092.0 40466.0
18545.0 40449.0
18596.0 40337.0
19912.0 40313.0
21266.0 40310.0
21342.0 40064.0
21708.0 39975.0
24516.0 39974.0
24592.0 39915.0
24820.0 39889.0
25513.0 39758.0
28687.0 39756.0
28763.0 39631.0
31937.0 39630.0
32013.0 39572.0
32934.0 39525.0
36184.0 39386.0
39358.0 39385.0
39434.0 39340.0
40355.0 39303.0
43605.0 39177.0
46855.0 39141.0
50105.0 39082.0

16515.0 41473.0
16595.0 41096.0
17171.0 40744.0
18092.0 40466.0
18545.0 40444.0
18596.0 40337.0
19912.0 40313.0
21266.0 40310.0
21342.0 40064.0
21708.0 39975.0
24516.0 39974.0
24592.0 39915.0
24820.0 39889.0
25513.0 39758.0
28687.0 39757.0
28763.0 39631.0
32013.0 39572.0
32934.0 39525.0
36184.0 39386.0
39358.0 39385.0
39434.0 39340.0
40355.0 39303.0
43605.0 39177.0
46855.0 39141.0
50105.0 39082.0

16515.0 41534.0
16595.0 41096.0
17171.0 40744.0
18092.0 40466.0
18545.0 40449.0
18596.0 40337.0
19912.0 40313.0
21266.0 40310.0
21342.0 40064.0
21708.0 39975.0
24516.0 39974.0
24592.0 39915.0
24820.0 39889.0
25513.0 39758.0
28687.0 39756.0
28763.0 39631.0
31937.0 39630.0
32013.0 39572.0
32934.0 39525.0
36184.0 39386.0
39358.0 39385.0
39434.0 39340.0
40355.0 39303.0
43605.0 39177.0
46855.0 39141.0
50105.0 39082.0

16515.0 41534.0
16595.0 41035.0
17171.0 40744.0
18092.0 40466.0
18545.0 40444.0
18596.0 40337.0
19912.0 40313.0
21266.0 40310.0
21342.0 40064.0
21708.0 39975.0
24516.0 39974.0
24592.0 39915.0
24820.0 39889.0
25513.0 39758.0
27894.0 39757.0
28687.0 39755.0
28763.0 39631.0
31937.0 39630.0
32013.0 39572.0
32934.0 39512.0
36108.0 39511.0
36184.0 39386.0
39358.0 39385.0
39434.0 39340.0
40355.0 39279.0
43605.0 39153.0
46855.0 39094.0
50105.0 39082.0

16515.0 41267.0
16595.0 41035.0
17095.0 40972.0
17171.0 40744.0
18092.0 40531.0
18545.0 40444.0
18596.0 40337.0
19912.0 40313.0
21266.0 40312.0
21342.0 40064.0
21708.0 39975.0
24516.0 39974.0
24592.0 39915.0
24820.0 39889.0
25513.0 39758.0
28687.0 39757.0
28763.0 39632.0
31937.0 39631.0
32013.0 39572.0
32934.0 39512.0
36108.0 39511.0
36184.0 39386.0
39358.0 39385.0
39434.0 39327.0
40355.0 39279.0
43605.0 39153.0
46779.0 39152.0
46855.0 39094.0
50029.0 39093.0
50105.0 39082.0


