16745.0 50646.0
16816.0 41687.0
16956.0 41576.0
16990.0 41396.0
17516.0 41164.0
18016.0 41101.0
18092.0 40466.0
18545.0 40444.0
18596.0 40337.0
19912.0 40313.0
21266.0 40310.0
21342.0 40128.0
21708.0 39975.0
24516.0 39972.0
24592.0 39916.0
24820.0 39865.0
25513.0 39758.0
27894.0 39757.0
28687.0 39756.0
28763.0 39631.0
31937.0 39628.0
32013.0 39573.0
32934.0 39512.0
36184.0 39398.0
39434.0 39327.0
40355.0 39278.0
43605.0 39152.0

16023.0 46557.0
16515.0 45732.0
16990.0 44476.0
17279.0 44184.0
17345.0 44073.0
18092.0 42977.0
18596.0 42741.0
19505.0 42349.0
20766.0 42346.0
20857.0 42056.0
21821.0 41875.0
23316.0 41622.0
24699.0 41474.0
26643.0 41412.0
28687.0 41223.0
28763.0 40677.0
42684.0 40623.0
49529.0 40344.0
63874.0 38972.0

17279.0 50965.0
18092.0 49886.0
18494.0 47194.0
19471.0 47157.0
19490.0 43825.0
25513.0 42615.0

16745.0 50646.0
18092.0 49886.0
18122.0 48787.0
18494.0 47194.0
18596.0 42437.0
24801.0 42247.0

16023.0 46080.0
16075.0 45188.0
16156.0 44831.0
16290.0 43742.0
16475.0 43348.0
16816.0 42289.0
16956.0 42046.0
16990.0 41568.0
17516.0 41173.0
18016.0 41074.0
18092.0 40646.0
18545.0 40629.0
18596.0 40337.0
19912.0 40313.0
21266.0 40310.0
21342.0 40064.0
21708.0 39975.0
24516.0 39972.0
24592.0 39915.0
24820.0 39865.0
25513.0 39758.0
27894.0 39757.0
28687.0 39754.0
28763.0 39631.0
31937.0 39628.0
32013.0 39572.0
32934.0 39511.0
36184.0 39385.0
39358.0 39382.0
39434.0 39326.0
40355.0 39279.0
43529.0 39278.0
43605.0 39152.0
46779.0 39149.0
46855.0 39094.0

16023.0 43363.0
16156.0 43082.0
16515.0 42414.0
16571.0 41718.0
16595.0 41366.0
17095.0 41285.0
17171.0 40768.0
18092.0 40496.0
18545.0 40474.0
18596.0 40337.0
19912.0 40313.0
21266.0 40310.0
21342.0 40064.0
21708.0 39975.0
24592.0 39915.0
24820.0 39865.0
25513.0 39758.0
28763.0 39631.0
32934.0 39614.0
35263.0 39602.0
36184.0 39445.0
39434.0 39404.0
42608.0 39371.0

16023.0 43363.0
16156.0 43082.0
16515.0 42333.0
16571.0 41718.0
16595.0 41366.0
17095.0 41285.0
17171.0 40768.0
18092.0 40496.0
18545.0 40474.0
18596.0 40337.0
19912.0 40313.0
21266.0 40310.0
21342.0 40064.0
21708.0 39975.0
24516.0 39972.0
24592.0 39915.0
24820.0 39865.0
25513.0 39758.0
28763.0 39631.0
32013.0 39596.0
32934.0 39525.0
36184.0 39445.0
39434.0 39404.0
42608.0 39371.0
46855.0 39355.0

16023.0 43363.0
16156.0 43082.0
16515.0 41598.0
16595.0 41366.0
17095.0 41285.0
17171.0 40744.0
18092.0 40466.0
18545.0 40444.0
18596.0 40337.0
19912.0 40313.0
21266.0 40310.0
21342.0 40064.0
21708.0 39975.0
24516.0 39974.0
24592.0 39915.0
24820.0 39865.0
25513.0 39758.0
28763.0 39631.0
32013.0 39618.0
32934.0 39525.0
36184.0 39445.0
39434.0 39404.0
42608.0 39371.0

16023.0 43363.0
16156.0 43082.0
16515.0 42333.0
16571.0 41718.0
16595.0 41366.0
17095.0 41285.0
17171.0 40744.0
18092.0 40496.0
18545.0 40474.0
18596.0 40337.0
19912.0 40313.0
21266.0 40310.0
21342.0 40064.0
21708.0 39975.0
24516.0 39972.0
24592.0 39915.0
24820.0 39865.0
25513.0 39758.0
28763.0 39631.0
32934.0 39525.0
36184.0 39445.0
39434.0 39386.0
42608.0 39371.0
42684.0 39369.0

16023.0 43302.0
16156.0 43021.0
16495.0 42975.0
16515.0 41563.0
16595.0 41035.0
17095.0 40972.0
17171.0 40744.0
18092.0 40466.0
18545.0 40444.0
18596.0 40337.0
19912.0 40313.0
21266.0 40310.0
21342.0 40064.0
21708.0 39975.0
24516.0 39974.0
24592.0 39915.0
24820.0 39865.0
25513.0 39758.0
28763.0 39631.0
32013.0 39573.0
32934.0 39525.0
36184.0 39386.0
39358.0 39385.0
40355.0 39279.0

16023.0 43363.0
16156.0 43082.0
16515.0 42333.0
16571.0 41718.0
16595.0 41366.0
17095.0 41285.0
17171.0 40744.0
18092.0 40496.0
18545.0 40474.0
18596.0 40337.0
19912.0 40313.0
21266.0 40310.0
21342.0 40064.0
21708.0 39975.0
24516.0 39974.0
24592.0 39915.0
24820.0 39865.0
25513.0 39758.0
28763.0 39631.0
32013.0 39619.0
32934.0 39590.0
36184.0 39445.0
39434.0 39404.0
42608.0 39371.0
42684.0 39369.0
46855.0 39355.0

16023.0 43363.0
16156.0 43073.0
16495.0 43010.0
16515.0 41936.0
16571.0 41718.0
16595.0 41366.0
17095.0 41285.0
17171.0 40744.0
18092.0 40466.0
18545.0 40444.0
18596.0 40337.0
19912.0 40313.0
21266.0 40310.0
21342.0 40064.0
21708.0 39975.0
24592.0 39915.0
24820.0 39865.0
25513.0 39758.0
28763.0 39631.0
32013.0 39573.0
32934.0 39536.0
36184.0 39445.0
39434.0 39404.0
42608.0 39371.0
42684.0 39369.0

16023.0 43363.0
16156.0 43082.0
16515.0 41473.0
16595.0 41150.0
17095.0 41069.0
17171.0 40744.0
18092.0 40496.0
18545.0 40474.0
18596.0 40337.0
19912.0 40313.0
21266.0 40310.0
21342.0 40064.0
21708.0 39975.0
24516.0 39974.0
24592.0 39915.0
24820.0 39865.0
25513.0 39758.0
28763.0 39631.0
32013.0 39596.0
32934.0 39590.0
36184.0 39445.0
39434.0 39404.0
42608.0 39371.0
42684.0 39369.0
46855.0 39355.0

16023.0 43363.0
16156.0 41995.0
16515.0 41598.0
16595.0 41366.0
17095.0 41285.0
17171.0 40744.0
18092.0 40466.0
18545.0 40444.0
18596.0 40337.0
19912.0 40313.0
21266.0 40310.0
21342.0 40064.0
21708.0 39975.0
24516.0 39974.0
24592.0 39915.0
24820.0 39865.0
25513.0 39758.0
28763.0 39631.0
31937.0 39629.0
32013.0 39573.0
32934.0 39525.0
36184.0 39410.0
39358.0 39383.0
39434.0 39340.0

16023.0 43363.0
16156.0 43074.0
16495.0 42975.0
16515.0 41712.0
16595.0 41317.0
17095.0 41218.0
17171.0 40744.0
18092.0 40466.0
18545.0 40444.0
18596.0 40337.0
19912.0 40313.0
21266.0 40310.0
21342.0 40064.0
21708.0 39975.0
24516.0 39972.0
24592.0 39915.0
24820.0 39865.0
25513.0 39758.0
28763.0 39631.0
31937.0 39629.0
32013.0 39573.0
32934.0 39525.0
36184.0 39404.0
39358.0 39383.0
39434.0 39326.0
40355.0 39279.0
43605.0 39153.0
46855.0 39094.0
50105.0 39058.0


