16745.0 46161.0
16816.0 43191.0
16990.0 41745.0
17745.0 41370.0
18016.0 41251.0
18092.0 40988.0
18545.0 40679.0
18615.0 40443.0
20387.0 40419.0
21266.0 40416.0
21342.0 40064.0
24516.0 40061.0
24592.0 39916.0
25513.0 39847.0
28763.0 39721.0
32013.0 39670.0
36184.0 39475.0
43605.0 39377.0

16023.0 45624.0
16515.0 43956.0
17095.0 43940.0
18092.0 42437.0
22263.0 42243.0
24937.0 41786.0
27043.0 41418.0
27913.0 41019.0
63874.0 38972.0

16936.0 54431.0
17492.0 53075.0
17996.0 52245.0
18122.0 47343.0
18671.0 46155.0
20666.0 45643.0
20857.0 45533.0
21342.0 45139.0
22263.0 43354.0
30661.0 41555.0

17996.0 52245.0
18122.0 47343.0
20666.0 45643.0
21342.0 45139.0
23440.0 44843.0
24820.0 44498.0
25513.0 44253.0
30661.0 41555.0

16566.0 45775.0
16745.0 43366.0
16816.0 41898.0
16956.0 41737.0
17516.0 41433.0
18016.0 41334.0
18092.0 40466.0
18545.0 40444.0
18596.0 40337.0
19912.0 40313.0
21266.0 40312.0
21342.0 40187.0
21708.0 39975.0
24592.0 39916.0
25513.0 39758.0
28687.0 39757.0
28763.0 39632.0
32013.0 39597.0
32934.0 39525.0
36184.0 39399.0
40355.0 39348.0
43605.0 39288.0

16515.0 41534.0
16595.0 41302.0
17095.0 41239.0
17171.0 40896.0
18092.0 40676.0
18596.0 40367.0
19912.0 40343.0
21266.0 40340.0
21342.0 40216.0
21708.0 40053.0
24516.0 40039.0
24801.0 40038.0
25513.0 39836.0
28763.0 39710.0
32013.0 39651.0
32934.0 39646.0
36184.0 39466.0
39434.0 39340.0
40355.0 39303.0
43605.0 39177.0
46855.0 39141.0
50105.0 39082.0

16515.0 41534.0
16595.0 41302.0
17095.0 41239.0
17171.0 40829.0
18092.0 40646.0
18545.0 40629.0
18596.0 40337.0
21266.0 40312.0
21342.0 40194.0
21708.0 40053.0
24516.0 40039.0
24750.0 39982.0
25513.0 39782.0
28763.0 39639.0
32934.0 39536.0
36184.0 39410.0
39358.0 39385.0
39434.0 39340.0
40355.0 39279.0
43605.0 39153.0
46855.0 39141.0
50105.0 39082.0

16515.0 41534.0
16595.0 41302.0
17095.0 41239.0
17171.0 40896.0
18092.0 40676.0
18596.0 40367.0
19912.0 40343.0
21266.0 40340.0
21342.0 40216.0
21708.0 40040.0
24516.0 40039.0
24592.0 39981.0
25513.0 39823.0
28763.0 39697.0
32013.0 39651.0
32934.0 39512.0
36184.0 39386.0
39358.0 39385.0
39434.0 39340.0
40355.0 39303.0
43605.0 39177.0
46855.0 39141.0
50105.0 39082.0

16515.0 41534.0
16595.0 41302.0
17095.0 41239.0
17171.0 40896.0
18092.0 40676.0
18596.0 40367.0
19912.0 40343.0
21266.0 40340.0
21342.0 40216.0
21708.0 40053.0
24516.0 40039.0
24801.0 40038.0
25513.0 39836.0
28763.0 39710.0
32013.0 39651.0
32934.0 39646.0
36184.0 39466.0
39434.0 39340.0
40355.0 39303.0
43605.0 39177.0
46855.0 39141.0
50105.0 39082.0

16515.0 41534.0
16595.0 41302.0
17095.0 41239.0
17171.0 40896.0
18092.0 40676.0
18596.0 40367.0
19912.0 40343.0
21266.0 40340.0
21342.0 40216.0
21708.0 40053.0
24516.0 40039.0
24801.0 40038.0
25513.0 39823.0
28687.0 39822.0
28763.0 39710.0
32013.0 39651.0
32934.0 39512.0
36108.0 39511.0
36184.0 39466.0
39434.0 39340.0
40355.0 39303.0
43605.0 39177.0
46855.0 39141.0
50105.0 39082.0

16515.0 41534.0
16595.0 41096.0
17171.0 40829.0
18092.0 40646.0
18545.0 40629.0
18596.0 40337.0
19912.0 40313.0
21266.0 40310.0
21342.0 40187.0
21708.0 39975.0
24516.0 39974.0
24592.0 39916.0
25513.0 39758.0
28763.0 39631.0
32013.0 39573.0
32934.0 39525.0
36184.0 39386.0
39358.0 39385.0
39434.0 39340.0
40355.0 39303.0
43605.0 39177.0
46855.0 39141.0
50105.0 39082.0

16515.0 41534.0
16595.0 41096.0
17171.0 40768.0
18092.0 40646.0
18545.0 40629.0
18596.0 40337.0
19912.0 40313.0
21266.0 40310.0
21342.0 40187.0
21708.0 39975.0
24516.0 39974.0
24592.0 39916.0
25513.0 39758.0
28687.0 39757.0
28763.0 39631.0
32013.0 39573.0
32934.0 39525.0
36184.0 39386.0
39358.0 39385.0
39434.0 39340.0
40355.0 39303.0
43605.0 39153.0
46779.0 39152.0
46855.0 39141.0
50105.0 39082.0

16515.0 41534.0
16595.0 41096.0
17171.0 40829.0
18092.0 40646.0
18545.0 40629.0
18596.0 40337.0
19912.0 40313.0
21266.0 40310.0
21342.0 40187.0
21708.0 39975.0
24516.0 39974.0
24592.0 39916.0
25513.0 39758.0
28763.0 39631.0
32013.0 39573.0
32934.0 39525.0
36184.0 39386.0
39358.0 39385.0
39434.0 39340.0
40355.0 39303.0
43605.0 39177.0
46855.0 39141.0
50105.0 39082.0

16515.0 41534.0
16595.0 41302.0
17095.0 41239.0
17171.0 40896.0
18092.0 40676.0
18545.0 40659.0
18596.0 40367.0
19912.0 40343.0
21266.0 40340.0
21342.0 40216.0
21708.0 39975.0
24516.0 39974.0
24592.0 39939.0
25513.0 39758.0
28763.0 39631.0
32013.0 39573.0
32934.0 39525.0
36108.0 39511.0
36184.0 39386.0
39358.0 39385.0
39434.0 39340.0
40355.0 39303.0
43605.0 39177.0
46855.0 39141.0
50105.0 39082.0

16515.0 41534.0
16595.0 41302.0
17095.0 41239.0
17171.0 40896.0
18092.0 40676.0
18545.0 40659.0
18596.0 40367.0
19912.0 40343.0
21266.0 40340.0
21342.0 40216.0
21708.0 39975.0
24592.0 39916.0
25513.0 39758.0
28763.0 39631.0
32013.0 39573.0
32934.0 39512.0
36108.0 39511.0
36184.0 39386.0
39358.0 39385.0
39434.0 39327.0
40355.0 39279.0
43605.0 39153.0
46779.0 39152.0
46855.0 39094.0
50029.0 39093.0
50105.0 39082.0


