16816.0 42623.0
16990.0 41559.0
17516.0 41345.0
17745.0 41334.0
18016.0 41246.0
18092.0 40724.0
18596.0 40415.0
19912.0 40391.0
21266.0 40390.0
21342.0 40142.0
21708.0 40053.0
24516.0 40052.0
24592.0 39994.0
25513.0 39836.0
28763.0 39710.0
32013.0 39674.0
36184.0 39399.0

15590.0 56762.0
16494.0 52728.0
16515.0 50909.0
16745.0 49346.0
17279.0 48996.0
17516.0 48302.0
17736.0 45877.0
17745.0 45305.0
18856.0 44025.0
19505.0 43694.0
20635.0 43582.0
21412.0 43378.0
23550.0 42895.0
24750.0 42564.0
24913.0 41942.0
28163.0 41685.0
28763.0 41265.0
38858.0 41166.0
60700.0 38973.0

17279.0 50448.0
17745.0 45860.0
20857.0 44856.0
21657.0 43765.0
23316.0 42930.0

17279.0 50448.0
17745.0 45860.0
21266.0 43584.0
25437.0 43066.0
29684.0 41219.0

16515.0 41812.0
16595.0 41417.0
17095.0 41318.0
17516.0 41267.0
18092.0 40466.0
18545.0 40444.0
18596.0 40337.0
19912.0 40313.0
21266.0 40312.0
21342.0 40064.0
21708.0 39975.0
24516.0 39972.0
24592.0 39915.0
25513.0 39758.0
28763.0 39632.0
36184.0 39550.0

16515.0 42498.0
16571.0 42159.0
16990.0 41461.0
17516.0 41229.0
18016.0 41166.0
18092.0 40531.0
18545.0 40514.0
18596.0 40367.0
19912.0 40343.0
21266.0 40342.0
21342.0 40088.0
21708.0 39999.0
24592.0 39940.0
25513.0 39758.0
28763.0 39656.0
32934.0 39525.0
36184.0 39512.0
39434.0 39476.0
46855.0 39394.0

16515.0 42498.0
16571.0 42159.0
16990.0 41461.0
17516.0 41229.0
18016.0 41166.0
18092.0 40531.0
18545.0 40514.0
18596.0 40367.0
19912.0 40343.0
21266.0 40342.0
21342.0 40064.0
21708.0 39999.0
24592.0 39940.0
25513.0 39758.0
28763.0 39656.0
32934.0 39525.0
36184.0 39496.0
39434.0 39476.0
43605.0 39414.0
46855.0 39394.0

16515.0 41539.0
16595.0 41390.0
17095.0 41045.0
17171.0 40859.0
18092.0 40531.0
18545.0 40514.0
18596.0 40367.0
19912.0 40343.0
21266.0 40342.0
21342.0 40064.0
21708.0 39975.0
24592.0 39916.0
25513.0 39758.0
28763.0 39632.0
32013.0 39573.0
32934.0 39512.0
36184.0 39386.0
39434.0 39340.0
42684.0 39328.0
47776.0 39326.0
50105.0 39246.0

16515.0 42498.0
16571.0 42159.0
16990.0 41461.0
17516.0 41229.0
18016.0 41166.0
18092.0 40531.0
18545.0 40514.0
18596.0 40337.0
19912.0 40313.0
21266.0 40312.0
21342.0 40064.0
21708.0 39975.0
24592.0 39915.0
25513.0 39758.0
28763.0 39632.0
32013.0 39596.0
32934.0 39525.0
36184.0 39386.0
39434.0 39364.0
42684.0 39328.0
43605.0 39177.0
46855.0 39141.0
54276.0 39059.0

16515.0 42498.0
16571.0 42159.0
16990.0 41453.0
17516.0 41221.0
18016.0 41158.0
18092.0 40531.0
18545.0 40514.0
18596.0 40367.0
19912.0 40343.0
21266.0 40342.0
21342.0 40064.0
21708.0 39975.0
24592.0 39916.0
25513.0 39758.0
28763.0 39632.0
32013.0 39573.0
32934.0 39525.0
36184.0 39386.0
39434.0 39340.0
42684.0 39328.0
47776.0 39326.0
50105.0 39246.0

16515.0 42498.0
16571.0 42159.0
16990.0 41461.0
17516.0 41229.0
18016.0 41166.0
18092.0 40531.0
18545.0 40514.0
18596.0 40367.0
19912.0 40343.0
21266.0 40342.0
21342.0 40064.0
21708.0 39975.0
24592.0 39916.0
25513.0 39758.0
28763.0 39632.0
32013.0 39573.0
32934.0 39512.0
36184.0 39386.0
40355.0 39303.0
43605.0 39267.0
51026.0 39185.0

16515.0 42498.0
16571.0 42159.0
16990.0 41396.0
17516.0 41164.0
18016.0 41083.0
18092.0 40466.0
18545.0 40449.0
18596.0 40337.0
19912.0 40313.0
21266.0 40312.0
21342.0 40064.0
21708.0 39975.0
24516.0 39974.0
24592.0 39915.0
24820.0 39865.0
25513.0 39758.0
27894.0 39757.0
28763.0 39632.0
32013.0 39572.0
32934.0 39511.0
36184.0 39386.0
39434.0 39340.0
40355.0 39303.0
43605.0 39153.0
46855.0 39141.0
54276.0 39059.0

16515.0 42498.0
16571.0 42159.0
16990.0 41461.0
17516.0 41229.0
18016.0 41166.0
18092.0 40531.0
18545.0 40514.0
18596.0 40337.0
19912.0 40313.0
21266.0 40312.0
21342.0 40064.0
21708.0 39975.0
24516.0 39974.0
24592.0 39915.0
24820.0 39865.0
25513.0 39758.0
27894.0 39757.0
28763.0 39632.0
32013.0 39572.0
32934.0 39511.0
36184.0 39386.0
39434.0 39340.0
42684.0 39328.0
43605.0 39153.0
46855.0 39141.0
54276.0 39059.0

16515.0 42498.0
16571.0 42159.0
16816.0 41979.0
16956.0 41868.0
16990.0 41461.0
17516.0 41229.0
18016.0 41166.0
18092.0 40531.0
18545.0 40514.0
18596.0 40367.0
19912.0 40343.0
21266.0 40342.0
21342.0 40064.0
21708.0 39999.0
24592.0 39940.0
25513.0 39758.0
28763.0 39656.0
32013.0 39597.0
32934.0 39525.0
36184.0 39410.0
39434.0 39364.0
40355.0 39303.0
43605.0 39266.0
46855.0 39230.0
51026.0 39185.0
54276.0 39148.0

16515.0 41334.0
16595.0 41102.0
17095.0 41039.0
17171.0 40835.0
18092.0 40466.0
18545.0 40444.0
18596.0 40337.0
19912.0 40313.0
21266.0 40312.0
21342.0 40064.0
21708.0 39975.0
24516.0 39974.0
24592.0 39939.0
25513.0 39758.0
28763.0 39656.0
31937.0 39653.0
32013.0 39597.0
32934.0 39525.0
36184.0 39410.0
39434.0 39363.0
40355.0 39278.0
43605.0 39153.0
46855.0 39094.0


