16515.0 42041.0
16816.0 41818.0
16875.0 41797.0
17516.0 41423.0
18092.0 40694.0
18526.0 40661.0
19471.0 40637.0
21266.0 40575.0
21342.0 40568.0
22263.0 40392.0
25513.0 40121.0
29684.0 40049.0

16023.0 52505.0
16290.0 46424.0
18805.0 46324.0
18922.0 44810.0
21795.0 44767.0
22263.0 44527.0
22936.0 43480.0
25513.0 42615.0
28763.0 42317.0
60700.0 38973.0

17279.0 50965.0
18092.0 49886.0
18494.0 47194.0
19471.0 47157.0
19490.0 43825.0
25513.0 42615.0

18092.0 49886.0
18922.0 49667.0
19471.0 47157.0
20955.0 42957.0
25513.0 42615.0

16023.0 43363.0
16156.0 43082.0
16571.0 41718.0
17171.0 40768.0
18545.0 40746.0
18615.0 40605.0
19912.0 40581.0
20345.0 40578.0
20421.0 40433.0
21708.0 40364.0
24592.0 40057.0
24820.0 40055.0
27766.0 39936.0
27842.0 39907.0
31016.0 39877.0
31937.0 39719.0
35187.0 39714.0
35263.0 39602.0
39358.0 39473.0
42608.0 39371.0

16023.0 43363.0
16156.0 43082.0
16571.0 41718.0
17171.0 40768.0
18545.0 40746.0
18615.0 40605.0
19912.0 40581.0
20345.0 40578.0
20421.0 40433.0
21708.0 40364.0
24592.0 40057.0
24820.0 40055.0
27766.0 39936.0
27842.0 39907.0
31016.0 39877.0
31937.0 39719.0
35187.0 39714.0
35263.0 39602.0
39358.0 39473.0
42608.0 39371.0

16023.0 43363.0
16156.0 43082.0
16571.0 41718.0
17171.0 40768.0
18545.0 40746.0
18615.0 40605.0
19912.0 40581.0
20345.0 40578.0
20421.0 40433.0
21708.0 40364.0
24592.0 40057.0
24820.0 40055.0
27766.0 39936.0
27842.0 39907.0
31016.0 39877.0
31937.0 39719.0
35187.0 39714.0
35263.0 39602.0
39358.0 39473.0
42608.0 39371.0

16023.0 43363.0
16156.0 43082.0
16571.0 41718.0
17171.0 40768.0
18545.0 40746.0
18615.0 40605.0
19912.0 40581.0
20345.0 40578.0
20421.0 40433.0
21708.0 40364.0
24592.0 40057.0
24820.0 40055.0
27766.0 39936.0
27842.0 39907.0
31016.0 39877.0
31937.0 39719.0
35187.0 39714.0
35263.0 39602.0
39358.0 39473.0
42608.0 39371.0

16023.0 43363.0
16156.0 43082.0
16571.0 41718.0
17171.0 40768.0
18545.0 40746.0
18615.0 40605.0
19912.0 40581.0
20345.0 40578.0
20421.0 40433.0
21708.0 40364.0
24592.0 40057.0
24820.0 40055.0
27766.0 39936.0
27842.0 39907.0
31016.0 39877.0
31937.0 39719.0
35187.0 39714.0
35263.0 39602.0
39358.0 39473.0
42608.0 39371.0

16023.0 43363.0
16156.0 43082.0
16571.0 41718.0
17171.0 40768.0
18545.0 40746.0
18615.0 40605.0
19912.0 40581.0
20345.0 40578.0
20421.0 40433.0
21708.0 40364.0
24592.0 40057.0
24820.0 40055.0
27766.0 39936.0
27842.0 39907.0
31016.0 39877.0
31937.0 39719.0
35187.0 39714.0
35263.0 39602.0
39358.0 39473.0
42608.0 39371.0

16023.0 43363.0
16156.0 43082.0
16571.0 41718.0
17171.0 40768.0
18545.0 40746.0
18615.0 40605.0
19912.0 40581.0
20345.0 40578.0
20421.0 40433.0
21708.0 40364.0
24592.0 40057.0
24820.0 40055.0
27766.0 39936.0
27842.0 39907.0
31016.0 39877.0
31937.0 39719.0
35187.0 39714.0
35263.0 39602.0
39358.0 39473.0
42608.0 39371.0

16023.0 43363.0
16156.0 43082.0
16571.0 41718.0
17171.0 40768.0
18545.0 40746.0
18615.0 40605.0
19912.0 40581.0
20345.0 40578.0
20421.0 40433.0
21708.0 40364.0
24592.0 40057.0
24820.0 40055.0
27766.0 39936.0
27842.0 39907.0
31016.0 39877.0
31937.0 39719.0
35187.0 39714.0
35263.0 39602.0
39358.0 39473.0
42608.0 39371.0

16023.0 43363.0
16156.0 43082.0
16571.0 41718.0
17171.0 40768.0
18545.0 40746.0
18615.0 40605.0
19912.0 40581.0
20345.0 40578.0
20421.0 40433.0
21708.0 40364.0
24592.0 40057.0
24820.0 40055.0
27766.0 39936.0
27842.0 39907.0
31016.0 39877.0
31937.0 39719.0
35187.0 39714.0
35263.0 39602.0
39358.0 39473.0
42608.0 39371.0

16023.0 43363.0
16156.0 43082.0
16571.0 41718.0
17171.0 40768.0
18545.0 40746.0
18615.0 40605.0
19912.0 40581.0
20345.0 40578.0
20421.0 40433.0
21708.0 40364.0
24592.0 40057.0
24820.0 40055.0
27766.0 39936.0
27842.0 39907.0
31016.0 39877.0
31937.0 39719.0
35187.0 39714.0
35263.0 39602.0
39358.0 39473.0
42608.0 39371.0

16023.0 43363.0
16156.0 43082.0
16571.0 41718.0
17171.0 40768.0
18545.0 40746.0
18615.0 40605.0
19912.0 40581.0
20345.0 40578.0
20421.0 40433.0
21708.0 40364.0
24592.0 40057.0
24820.0 40055.0
27766.0 39936.0
27842.0 39907.0
31016.0 39877.0
31937.0 39719.0
35187.0 39714.0
35263.0 39602.0
39358.0 39473.0
42608.0 39371.0


