16726.0 43721.0
16816.0 42265.0
16956.0 41914.0
16990.0 41745.0
17516.0 41350.0
18092.0 40834.0
18596.0 40694.0
21266.0 40693.0
21342.0 40300.0
21638.0 40299.0
24801.0 40270.0
27894.0 40170.0
28763.0 39824.0
32934.0 39813.0
35187.0 39786.0

16023.0 47950.0
16816.0 46207.0
16990.0 45739.0
18596.0 45465.0
19466.0 43643.0
21266.0 42711.0
23992.0 42292.0
25437.0 41980.0
29684.0 41005.0
31006.0 40911.0
56453.0 39054.0

17345.0 48521.0
18545.0 46176.0
18615.0 45801.0
22263.0 44873.0
23992.0 42292.0

17345.0 44433.0
20457.0 43808.0
21266.0 42232.0
24592.0 41252.0

16816.0 42577.0
16990.0 41396.0
17516.0 41164.0
18016.0 41083.0
18092.0 40466.0
18545.0 40444.0
18596.0 40337.0
19912.0 40313.0
21266.0 40310.0
21342.0 40064.0
21708.0 39975.0
24516.0 39972.0
24592.0 39916.0
24820.0 39865.0
25513.0 39758.0
28687.0 39757.0
28763.0 39632.0
31937.0 39631.0
32013.0 39573.0
32934.0 39512.0
36108.0 39511.0
36184.0 39386.0

16515.0 44965.0
16726.0 42760.0
16816.0 41810.0
16990.0 41663.0
17516.0 41268.0
18016.0 41169.0
18092.0 40618.0
18526.0 40596.0
18596.0 40337.0
19912.0 40313.0
21266.0 40310.0
21342.0 40186.0
21708.0 39975.0
24516.0 39974.0
24592.0 39915.0
25513.0 39758.0
28763.0 39631.0
32013.0 39572.0

16515.0 44965.0
16726.0 42760.0
16816.0 41810.0
16990.0 41663.0
17516.0 41268.0
18016.0 41169.0
18092.0 40618.0
18526.0 40596.0
18596.0 40337.0
19912.0 40313.0
21266.0 40310.0
21342.0 40186.0
21708.0 39975.0
24516.0 39974.0
24592.0 39915.0
25513.0 39758.0
28763.0 39631.0
32013.0 39572.0

16515.0 44965.0
16726.0 42760.0
16816.0 41810.0
16990.0 41663.0
17516.0 41268.0
18016.0 41169.0
18092.0 40618.0
18526.0 40596.0
18596.0 40337.0
19912.0 40313.0
21266.0 40310.0
21342.0 40186.0
21708.0 39975.0
24516.0 39974.0
24592.0 39915.0
25513.0 39758.0
28763.0 39631.0
32013.0 39572.0

16515.0 44965.0
16726.0 42760.0
16816.0 41810.0
16990.0 41417.0
17516.0 41185.0
18016.0 41104.0
18092.0 40618.0
18526.0 40596.0
18596.0 40337.0
19912.0 40313.0
21266.0 40310.0
21342.0 40104.0
21708.0 39975.0
24516.0 39972.0
24592.0 39915.0
25513.0 39758.0
28763.0 39631.0
32013.0 39572.0
35263.0 39537.0
36184.0 39410.0
39434.0 39350.0

16515.0 44902.0
16726.0 42760.0
16816.0 41810.0
16990.0 41568.0
17516.0 41155.0
18016.0 41104.0
18092.0 40618.0
18526.0 40596.0
18596.0 40337.0
19912.0 40313.0
21266.0 40310.0
21342.0 40064.0
21708.0 39975.0
24516.0 39974.0
24592.0 39915.0
25513.0 39758.0
27894.0 39757.0
28763.0 39631.0
32013.0 39572.0
32934.0 39525.0
36184.0 39386.0
39434.0 39350.0

16515.0 44965.0
16726.0 42760.0
16816.0 41810.0
16990.0 41663.0
17516.0 41268.0
18016.0 41169.0
18092.0 40618.0
18526.0 40596.0
18596.0 40337.0
19912.0 40313.0
21266.0 40310.0
21342.0 40186.0
21708.0 39975.0
24516.0 39974.0
24592.0 39915.0
25513.0 39758.0
28763.0 39631.0
32013.0 39572.0

16494.0 45854.0
16515.0 44088.0
16526.0 43694.0
16726.0 42760.0
16816.0 41810.0
16990.0 41598.0
17095.0 41556.0
17345.0 41436.0
17516.0 41185.0
18016.0 41122.0
18092.0 40618.0
18526.0 40596.0
18596.0 40337.0
19912.0 40313.0
21266.0 40310.0
21342.0 40064.0
21708.0 39975.0
24516.0 39972.0
24592.0 39915.0
25513.0 39758.0
27894.0 39757.0
28763.0 39631.0
31937.0 39629.0
32013.0 39572.0
32934.0 39525.0
36184.0 39386.0
42684.0 39291.0

16515.0 44965.0
16726.0 42760.0
16816.0 41810.0
16990.0 41417.0
17516.0 41185.0
18016.0 41104.0
18092.0 40618.0
18526.0 40596.0
18596.0 40337.0
19912.0 40313.0
21266.0 40310.0
21342.0 40104.0
21708.0 39975.0
24516.0 39972.0
24592.0 39915.0
25513.0 39758.0
28763.0 39631.0
32013.0 39572.0
35263.0 39537.0
36184.0 39410.0
39434.0 39350.0

16515.0 44902.0
16726.0 42760.0
16816.0 41810.0
16990.0 41568.0
17516.0 41155.0
18016.0 41092.0
18092.0 40618.0
18526.0 40596.0
18596.0 40337.0
19912.0 40313.0
21266.0 40310.0
21342.0 40064.0
21708.0 39975.0
24516.0 39974.0
24592.0 39915.0
25513.0 39758.0
28763.0 39631.0
32013.0 39572.0
35263.0 39537.0
36184.0 39386.0
39358.0 39385.0
39434.0 39350.0
42684.0 39291.0

16515.0 44149.0
16595.0 43917.0
16726.0 42760.0
16816.0 41810.0
16990.0 41598.0
17171.0 40835.0
18092.0 40618.0
18526.0 40596.0
18596.0 40337.0
19912.0 40313.0
21266.0 40310.0
21342.0 40064.0
21708.0 39975.0
24516.0 39972.0
24592.0 39915.0
25513.0 39758.0
27894.0 39757.0
28687.0 39755.0
28763.0 39631.0
31937.0 39629.0
32013.0 39572.0
32934.0 39525.0
36108.0 39522.0
36184.0 39386.0
39434.0 39350.0
42684.0 39331.0


