16745.0 43673.0
16816.0 42327.0
16990.0 41780.0
17516.0 41385.0
18016.0 41286.0
18092.0 40606.0
18545.0 40584.0
18596.0 40495.0
21342.0 40211.0
21708.0 39999.0
24592.0 39940.0
28763.0 39806.0
32013.0 39707.0
46779.0 39445.0

16023.0 51785.0
16515.0 47255.0
16956.0 46363.0
18092.0 44969.0
18513.0 44895.0
18922.0 43694.0
21266.0 42515.0
24592.0 42203.0
27266.0 41372.0
57450.0 39099.0

16745.0 50551.0
18469.0 49753.0
18615.0 48669.0
20438.0 47316.0
21021.0 45782.0
21342.0 43556.0
30136.0 41661.0

17492.0 53794.0
18122.0 51761.0
18469.0 49753.0
18805.0 45503.0
19505.0 44245.0
24750.0 43148.0

16515.0 41509.0
16595.0 41114.0
17095.0 41015.0
18092.0 40646.0
18545.0 40629.0
18596.0 40337.0
19912.0 40313.0
21266.0 40310.0
21342.0 40186.0
21708.0 39975.0
24801.0 39974.0
25513.0 39758.0
27894.0 39757.0
28763.0 39631.0
31937.0 39630.0
32013.0 39572.0
32934.0 39512.0
36184.0 39398.0

16515.0 43165.0
16571.0 41792.0
16816.0 41620.0
17171.0 40744.0
18092.0 40646.0
18596.0 40337.0
19912.0 40313.0
21266.0 40312.0
21342.0 40187.0
21708.0 40066.0
24592.0 39940.0
25513.0 39782.0
28763.0 39723.0
32013.0 39597.0
32934.0 39536.0
36184.0 39490.0

16515.0 43165.0
16571.0 41792.0
16816.0 41620.0
17171.0 40744.0
18092.0 40646.0
18545.0 40629.0
18596.0 40337.0
19912.0 40313.0
21266.0 40312.0
21342.0 40187.0
21708.0 40066.0
24592.0 39940.0
25513.0 39782.0
28763.0 39723.0
32013.0 39597.0
32934.0 39536.0
36184.0 39490.0

16515.0 42736.0
16571.0 41792.0
16816.0 41620.0
17171.0 40744.0
18092.0 40646.0
18545.0 40629.0
18596.0 40337.0
19912.0 40313.0
21266.0 40312.0
21342.0 40142.0
21708.0 40053.0
24592.0 39940.0
25513.0 39782.0
28763.0 39723.0
32013.0 39597.0
32934.0 39525.0
36184.0 39490.0

16515.0 43165.0
16571.0 41792.0
16816.0 41620.0
17171.0 40744.0
18092.0 40646.0
18596.0 40337.0
19912.0 40313.0
21266.0 40312.0
21342.0 40187.0
21708.0 40066.0
24592.0 39940.0
25513.0 39782.0
28763.0 39723.0
32013.0 39597.0
32934.0 39536.0
36184.0 39490.0

16515.0 43165.0
16571.0 41792.0
16816.0 41620.0
17171.0 40744.0
18092.0 40646.0
18596.0 40337.0
19912.0 40313.0
21266.0 40312.0
21342.0 40142.0
21708.0 40053.0
24592.0 39940.0
25513.0 39782.0
28763.0 39710.0
32013.0 39597.0
32934.0 39525.0
36184.0 39399.0
39434.0 39340.0

16515.0 43165.0
16571.0 41792.0
16816.0 41620.0
17171.0 40744.0
18092.0 40646.0
18596.0 40337.0
19912.0 40313.0
21266.0 40312.0
21342.0 40187.0
21708.0 40066.0
24592.0 39940.0
25513.0 39782.0
28763.0 39723.0
32013.0 39597.0
32934.0 39536.0
36184.0 39490.0

16515.0 42736.0
16571.0 41792.0
16816.0 41620.0
17171.0 40744.0
18092.0 40646.0
18596.0 40337.0
19912.0 40313.0
21266.0 40312.0
21342.0 40187.0
21708.0 40066.0
24592.0 39940.0
25513.0 39782.0
28763.0 39723.0
32013.0 39597.0
32934.0 39536.0
36184.0 39490.0

16515.0 43165.0
16571.0 41792.0
16816.0 41620.0
17171.0 40744.0
18092.0 40646.0
18596.0 40337.0
19912.0 40313.0
21266.0 40312.0
21342.0 40187.0
21708.0 40066.0
24592.0 39940.0
25513.0 39782.0
28763.0 39723.0
32013.0 39597.0
32934.0 39536.0
36184.0 39490.0

16515.0 43165.0
16571.0 41792.0
16816.0 41620.0
17171.0 40744.0
18092.0 40646.0
18596.0 40337.0
19912.0 40313.0
21266.0 40312.0
21342.0 40142.0
21708.0 40053.0
24516.0 40052.0
24592.0 39940.0
25513.0 39782.0
28763.0 39710.0
31937.0 39709.0
32013.0 39597.0
32934.0 39525.0
36184.0 39399.0
39434.0 39340.0

16156.0 42969.0
16515.0 42398.0
16571.0 41792.0
16595.0 41150.0
17171.0 40744.0
18092.0 40606.0
18545.0 40584.0
18596.0 40337.0
19912.0 40313.0
21266.0 40310.0
21342.0 40142.0
21657.0 40136.0
21708.0 39999.0
24592.0 39940.0
25513.0 39782.0
28763.0 39638.0
32013.0 39597.0
32934.0 39525.0
36184.0 39406.0
40355.0 39279.0
46855.0 39265.0


