16515.0 41515.0
16519.0 41427.0
16595.0 41120.0
17095.0 41021.0
17745.0 40911.0
18092.0 40544.0
18545.0 40522.0
18596.0 40415.0
19912.0 40391.0
21342.0 40142.0
21708.0 40053.0
24592.0 39994.0
24820.0 39943.0
27766.0 39940.0
27862.0 39902.0
28763.0 39710.0
32013.0 39650.0
35263.0 39615.0
36184.0 39488.0
43605.0 39260.0

16126.0 51910.0
16495.0 46115.0
16515.0 44242.0
17996.0 43504.0
18922.0 42976.0
19471.0 41521.0
31361.0 41255.0
60700.0 38973.0

17869.0 49695.0
18446.0 47985.0
19466.0 47641.0
19838.0 46741.0
20178.0 46115.0
20766.0 43878.0
24913.0 43653.0
28187.0 43275.0

17869.0 49695.0
18446.0 47985.0
18856.0 47347.0
19838.0 46741.0
20178.0 46115.0
20766.0 43878.0
24150.0 43586.0
28187.0 42139.0

16816.0 42487.0
16990.0 41423.0
17516.0 41191.0
18016.0 41128.0
18092.0 40646.0
18545.0 40629.0
18596.0 40337.0
19912.0 40313.0
21266.0 40310.0
21342.0 40064.0
21708.0 39975.0
24516.0 39972.0
24592.0 39915.0
24820.0 39865.0
25513.0 39758.0
27894.0 39757.0
28687.0 39755.0
28763.0 39631.0
31937.0 39629.0
32013.0 39572.0
32934.0 39511.0
36184.0 39385.0
39434.0 39339.0
40355.0 39278.0
43605.0 39152.0
46855.0 39093.0
51026.0 39071.0

16023.0 43465.0
16515.0 41598.0
16595.0 41211.0
17171.0 40805.0
18092.0 40466.0
18545.0 40444.0
18596.0 40377.0
21266.0 40334.0
21342.0 40128.0
21657.0 40106.0
21708.0 40039.0
24592.0 39940.0
24820.0 39889.0
28763.0 39678.0
32013.0 39619.0
36184.0 39410.0
39434.0 39364.0

16023.0 43465.0
16515.0 41507.0
16595.0 41150.0
17095.0 41087.0
17171.0 40744.0
18092.0 40466.0
18545.0 40444.0
18596.0 40337.0
19912.0 40313.0
21342.0 40064.0
21708.0 39999.0
24592.0 39916.0
24820.0 39889.0
25513.0 39865.0
28763.0 39656.0
32013.0 39573.0
36184.0 39410.0
39434.0 39364.0

16023.0 42457.0
16515.0 41443.0
16595.0 41211.0
17095.0 41148.0
17171.0 40744.0
18092.0 40466.0
18545.0 40444.0
18596.0 40337.0
19912.0 40313.0
21266.0 40310.0
21342.0 40064.0
21708.0 39975.0
24592.0 39940.0
24820.0 39865.0
25513.0 39758.0
28763.0 39656.0
32013.0 39619.0
32934.0 39536.0
36184.0 39410.0
39434.0 39364.0

16023.0 43465.0
16515.0 41443.0
16595.0 41211.0
17095.0 41148.0
17171.0 40805.0
18092.0 40466.0
18545.0 40444.0
18596.0 40377.0
21266.0 40334.0
21342.0 40128.0
21657.0 40106.0
21708.0 40039.0
24592.0 39940.0
24820.0 39889.0
28763.0 39678.0
32013.0 39619.0
36184.0 39410.0
39434.0 39364.0

16023.0 43435.0
16515.0 41443.0
16595.0 41211.0
17095.0 41148.0
17171.0 40744.0
18092.0 40466.0
18545.0 40444.0
18596.0 40337.0
19912.0 40313.0
21266.0 40310.0
21342.0 40064.0
21708.0 39975.0
24592.0 39916.0
24820.0 39865.0
25513.0 39798.0
27894.0 39797.0
28763.0 39656.0
32013.0 39619.0
32934.0 39552.0
36184.0 39410.0
39434.0 39364.0

16023.0 43465.0
16156.0 43184.0
16515.0 41507.0
16595.0 41150.0
17095.0 41087.0
17171.0 40744.0
18092.0 40466.0
18545.0 40444.0
18596.0 40337.0
19912.0 40313.0
21342.0 40064.0
21708.0 39999.0
24592.0 39916.0
24820.0 39889.0
25513.0 39782.0
28763.0 39656.0
32013.0 39573.0
32934.0 39535.0
36184.0 39410.0
39434.0 39364.0

16023.0 43465.0
16156.0 43154.0
16515.0 41382.0
16595.0 41150.0
17095.0 41069.0
17171.0 40744.0
18092.0 40466.0
18545.0 40444.0
18596.0 40337.0
19912.0 40313.0
21266.0 40312.0
21342.0 40064.0
21708.0 39999.0
24592.0 39916.0
24820.0 39865.0
25513.0 39782.0
28763.0 39656.0
32013.0 39573.0
36184.0 39410.0
39434.0 39364.0

16023.0 43465.0
16156.0 43184.0
16515.0 41382.0
16595.0 41150.0
17095.0 41087.0
17171.0 40744.0
18092.0 40466.0
18545.0 40444.0
18596.0 40337.0
19912.0 40313.0
21266.0 40310.0
21342.0 40064.0
21708.0 39999.0
24592.0 39916.0
24820.0 39865.0
25513.0 39782.0
28763.0 39656.0
32013.0 39573.0
32934.0 39535.0
36184.0 39410.0
39434.0 39364.0

16023.0 43435.0
16156.0 43154.0
16515.0 41382.0
16595.0 41150.0
17095.0 41087.0
17171.0 40744.0
18092.0 40466.0
18545.0 40444.0
18596.0 40337.0
19912.0 40313.0
21266.0 40310.0
21342.0 40064.0
21708.0 39975.0
24516.0 39974.0
24592.0 39916.0
24820.0 39865.0
25513.0 39782.0
28763.0 39632.0
31937.0 39630.0
32013.0 39596.0
32934.0 39535.0
36184.0 39409.0
39434.0 39351.0
42608.0 39338.0

16023.0 43465.0
16156.0 43184.0
16515.0 41507.0
16595.0 41150.0
17095.0 41045.0
17171.0 40744.0
18092.0 40466.0
18545.0 40444.0
18596.0 40353.0
21266.0 40310.0
21342.0 40064.0
21708.0 39999.0
24516.0 39974.0
24592.0 39916.0
24820.0 39889.0
25513.0 39798.0
27894.0 39797.0
28763.0 39639.0
31937.0 39631.0
32013.0 39573.0
32934.0 39512.0
36184.0 39406.0
39434.0 39327.0
42608.0 39323.0
42684.0 39304.0
46855.0 39133.0
50029.0 39090.0
53279.0 39055.0


