16816.0 42580.0
16990.0 41387.0
18016.0 41092.0
18092.0 40715.0
18596.0 40541.0
18615.0 40524.0
20387.0 40419.0
21342.0 40064.0
21708.0 39975.0
24516.0 39974.0
24592.0 39916.0
25513.0 39758.0
28687.0 39757.0
28763.0 39631.0
32013.0 39573.0
36184.0 39386.0
43605.0 39317.0

16023.0 48986.0
16290.0 48609.0
16515.0 47663.0
16726.0 47089.0
16816.0 45906.0
17745.0 43557.0
19505.0 42766.0
22461.0 42365.0
24750.0 42235.0
24913.0 42097.0
25437.0 41521.0
32934.0 41451.0
60700.0 38973.0

18596.0 45858.0
18922.0 45629.0
20742.0 45233.0
23550.0 44513.0
23899.0 44264.0
29684.0 43938.0
35760.0 42699.0

18056.0 45047.0
21138.0 44578.0
21342.0 40930.0

15590.0 46209.0
16070.0 45694.0
16093.0 44410.0
16290.0 43229.0
16515.0 43161.0
16816.0 42632.0
16990.0 41568.0
17345.0 41518.0
17516.0 41173.0
18016.0 41074.0
18092.0 40646.0
18545.0 40629.0
18596.0 40337.0
19912.0 40313.0
21266.0 40312.0
21342.0 40064.0
21708.0 39975.0
24516.0 39974.0
24592.0 39916.0
24820.0 39884.0
25513.0 39758.0
27894.0 39757.0
28763.0 39632.0
31937.0 39631.0
32013.0 39573.0
32934.0 39512.0
36184.0 39386.0

16515.0 41803.0
16571.0 41718.0
16595.0 41390.0
17095.0 41327.0
17171.0 40768.0
18092.0 40466.0
18545.0 40444.0
18596.0 40337.0
19912.0 40313.0
21266.0 40310.0
21342.0 40104.0
21708.0 39975.0
24516.0 39972.0
24592.0 39916.0
25513.0 39758.0
28763.0 39699.0
32013.0 39677.0
32934.0 39524.0
36184.0 39466.0

16290.0 48731.0
16515.0 41773.0
16571.0 41718.0
16595.0 41360.0
17095.0 41297.0
17171.0 40768.0
18092.0 40466.0
18545.0 40444.0
18596.0 40337.0
19912.0 40313.0
21266.0 40310.0
21342.0 40088.0
21708.0 39975.0
24516.0 39972.0
24592.0 39916.0
25513.0 39758.0
28763.0 39632.0
32934.0 39524.0
36184.0 39466.0

16515.0 41531.0
16595.0 41299.0
17095.0 41236.0
17171.0 40768.0
18092.0 40466.0
18545.0 40444.0
18596.0 40337.0
19912.0 40313.0
21266.0 40310.0
21342.0 40064.0
21708.0 39975.0
24516.0 39972.0
24592.0 39916.0
24820.0 39889.0
25513.0 39758.0
28687.0 39757.0
28763.0 39632.0
32013.0 39573.0
32934.0 39524.0
36184.0 39399.0

16515.0 41448.0
16595.0 41053.0
17095.0 40954.0
17171.0 40768.0
18092.0 40466.0
18545.0 40444.0
18596.0 40337.0
19912.0 40313.0
21266.0 40310.0
21342.0 40064.0
21708.0 39975.0
24516.0 39972.0
24592.0 39916.0
24820.0 39889.0
25513.0 39758.0
28687.0 39757.0
28763.0 39632.0
32013.0 39573.0
32934.0 39524.0
36184.0 39399.0

16515.0 41531.0
16595.0 41299.0
17095.0 41236.0
17171.0 40768.0
18092.0 40466.0
18545.0 40444.0
18596.0 40337.0
19912.0 40313.0
21266.0 40310.0
21342.0 40088.0
21708.0 39975.0
24516.0 39972.0
24592.0 39916.0
25513.0 39758.0
28687.0 39757.0
28763.0 39632.0
32013.0 39597.0
32934.0 39524.0
36184.0 39466.0

16515.0 41773.0
16571.0 41718.0
16595.0 41360.0
17095.0 41218.0
17171.0 40768.0
18092.0 40466.0
18545.0 40444.0
18596.0 40337.0
19912.0 40313.0
21266.0 40310.0
21342.0 40088.0
21708.0 39975.0
24516.0 39972.0
24592.0 39916.0
25513.0 39758.0
28687.0 39757.0
28763.0 39639.0
32934.0 39524.0
36184.0 39466.0
40355.0 39454.0

16515.0 41531.0
16595.0 41299.0
17095.0 41218.0
17171.0 40768.0
18092.0 40466.0
18545.0 40444.0
18596.0 40337.0
19912.0 40313.0
21266.0 40310.0
21342.0 40064.0
21708.0 39975.0
24516.0 39972.0
24592.0 39916.0
24820.0 39889.0
25513.0 39758.0
28687.0 39757.0
28763.0 39632.0
32013.0 39573.0
32934.0 39524.0
36184.0 39399.0

16515.0 41448.0
16595.0 41053.0
17095.0 40954.0
17171.0 40768.0
18092.0 40466.0
18545.0 40444.0
18596.0 40337.0
19912.0 40313.0
21266.0 40310.0
21342.0 40064.0
21708.0 39975.0
24516.0 39972.0
24592.0 39916.0
25513.0 39758.0
28687.0 39757.0
28763.0 39639.0
32934.0 39524.0
36184.0 39466.0
40355.0 39454.0

16515.0 41267.0
16595.0 41035.0
17095.0 40972.0
17171.0 40768.0
18092.0 40466.0
18545.0 40444.0
18596.0 40337.0
19912.0 40313.0
21266.0 40310.0
21342.0 40064.0
21708.0 39975.0
24516.0 39972.0
24592.0 39916.0
24820.0 39889.0
25513.0 39758.0
28687.0 39757.0
28763.0 39632.0
32013.0 39573.0
32934.0 39524.0
36184.0 39399.0

16515.0 41267.0
16595.0 41035.0
17095.0 40954.0
17171.0 40768.0
18092.0 40466.0
18545.0 40444.0
18596.0 40337.0
19912.0 40313.0
21266.0 40310.0
21342.0 40064.0
21708.0 39975.0
24516.0 39972.0
24592.0 39916.0
24820.0 39865.0
25513.0 39758.0
27894.0 39757.0
28763.0 39632.0
31937.0 39631.0
32013.0 39573.0
32934.0 39524.0
36108.0 39511.0
36184.0 39399.0
40355.0 39279.0
43605.0 39152.0


