16494.0 44504.0
16515.0 41515.0
16595.0 41120.0
17095.0 41021.0
17171.0 40835.0
18092.0 40466.0
18596.0 40337.0
19912.0 40313.0
21266.0 40310.0
21342.0 40187.0
21708.0 40042.0
24516.0 40039.0
24592.0 39916.0
24820.0 39865.0
25513.0 39758.0
27894.0 39757.0
28763.0 39698.0
32013.0 39573.0
32934.0 39511.0
36108.0 39508.0
36184.0 39452.0
39358.0 39450.0
39434.0 39327.0

16023.0 50146.0
16290.0 48314.0
16515.0 46467.0
16571.0 45033.0
16990.0 43638.0
18092.0 41930.0
21342.0 41399.0
24750.0 41359.0
24801.0 41134.0
32858.0 41017.0
32934.0 40510.0
63874.0 38972.0

18092.0 49147.0
18671.0 46730.0
19505.0 42881.0
25010.0 42332.0

16136.0 54674.0
17345.0 51919.0
18092.0 48509.0
18148.0 44880.0
19505.0 42881.0
25010.0 42332.0

15590.0 46739.0
16070.0 46224.0
16093.0 44847.0
16290.0 43355.0
16745.0 43275.0
16816.0 41687.0
16956.0 41576.0
16990.0 41396.0
17516.0 41164.0
18016.0 41083.0
18092.0 40466.0
18545.0 40444.0
18596.0 40337.0
19912.0 40313.0
21266.0 40312.0
21342.0 40064.0
21708.0 39975.0
24516.0 39972.0
24592.0 39915.0
24820.0 39865.0
25513.0 39758.0
27894.0 39757.0
28687.0 39755.0
28763.0 39631.0
31937.0 39629.0
32013.0 39572.0
32934.0 39511.0
36184.0 39385.0
39434.0 39326.0
40355.0 39278.0

16126.0 48708.0
16156.0 47429.0
16256.0 46232.0
16515.0 41448.0
16595.0 41053.0
17095.0 40954.0
17171.0 40768.0
18092.0 40466.0
18545.0 40444.0
18596.0 40337.0
19912.0 40313.0
21266.0 40310.0
21342.0 40064.0
21708.0 39975.0
24516.0 39974.0
24592.0 39916.0
24820.0 39884.0
25513.0 39758.0
28763.0 39632.0
32013.0 39572.0
32934.0 39525.0
36184.0 39386.0
39434.0 39339.0
40355.0 39303.0
43605.0 39177.0
46855.0 39117.0

16126.0 48708.0
16156.0 47429.0
16256.0 46232.0
16515.0 41448.0
16595.0 41053.0
17095.0 40954.0
17171.0 40768.0
18092.0 40466.0
18545.0 40444.0
18596.0 40337.0
19912.0 40313.0
21266.0 40310.0
21342.0 40064.0
21708.0 39975.0
24516.0 39974.0
24592.0 39916.0
24820.0 39884.0
25513.0 39758.0
28763.0 39632.0
32013.0 39572.0
32934.0 39512.0
36184.0 39386.0
39434.0 39339.0
40355.0 39303.0
43605.0 39177.0
46855.0 39117.0

16126.0 46715.0
16256.0 46232.0
16515.0 41448.0
16519.0 41427.0
16595.0 41035.0
17095.0 40954.0
17171.0 40768.0
18092.0 40466.0
18545.0 40444.0
18596.0 40337.0
19912.0 40313.0
21266.0 40310.0
21342.0 40064.0
21708.0 39975.0
24516.0 39974.0
24592.0 39916.0
24820.0 39884.0
25513.0 39758.0
28763.0 39632.0
31937.0 39631.0
32013.0 39572.0
32934.0 39512.0
36184.0 39386.0
39434.0 39339.0
40355.0 39303.0
43605.0 39177.0
46855.0 39117.0

16126.0 48708.0
16156.0 47429.0
16256.0 46232.0
16515.0 41448.0
16595.0 41053.0
17095.0 40954.0
17171.0 40768.0
18092.0 40466.0
18545.0 40444.0
18596.0 40337.0
19912.0 40313.0
21266.0 40310.0
21342.0 40064.0
21708.0 39975.0
24516.0 39974.0
24592.0 39916.0
24820.0 39884.0
25513.0 39758.0
28763.0 39631.0
32013.0 39572.0
32934.0 39512.0
36108.0 39511.0
36184.0 39386.0
39434.0 39339.0
40355.0 39303.0
43605.0 39177.0
46855.0 39117.0

16023.0 42471.0
16156.0 42028.0
16515.0 41267.0
16595.0 41035.0
17095.0 40954.0
17171.0 40768.0
18092.0 40466.0
18545.0 40444.0
18596.0 40337.0
19912.0 40313.0
21266.0 40310.0
21342.0 40064.0
21708.0 39975.0
24516.0 39974.0
24592.0 39916.0
24820.0 39884.0
25513.0 39758.0
28687.0 39757.0
28763.0 39632.0
31937.0 39631.0
32013.0 39572.0
32934.0 39512.0
36108.0 39511.0
36184.0 39386.0
39434.0 39326.0
40355.0 39303.0
43605.0 39153.0
46855.0 39093.0

16126.0 48708.0
16156.0 47429.0
16256.0 46232.0
16515.0 41267.0
16595.0 41035.0
17095.0 40954.0
17171.0 40768.0
18092.0 40466.0
18545.0 40444.0
18596.0 40337.0
19912.0 40313.0
21266.0 40310.0
21342.0 40064.0
21708.0 39975.0
24516.0 39974.0
24592.0 39916.0
24820.0 39884.0
25513.0 39758.0
28763.0 39631.0
32013.0 39572.0
32934.0 39512.0
36184.0 39386.0
39434.0 39339.0
40355.0 39279.0
43605.0 39153.0
46855.0 39117.0

16023.0 44353.0
16290.0 43500.0
16515.0 41267.0
16595.0 41035.0
17095.0 40954.0
17171.0 40768.0
18092.0 40466.0
18545.0 40444.0
18596.0 40337.0
19912.0 40313.0
21266.0 40310.0
21342.0 40064.0
21708.0 39975.0
24516.0 39974.0
24592.0 39916.0
24820.0 39884.0
25513.0 39758.0
28687.0 39757.0
28763.0 39631.0
32013.0 39572.0
32934.0 39512.0
36184.0 39386.0
39434.0 39339.0
40355.0 39279.0
43605.0 39153.0
46855.0 39117.0

16126.0 48708.0
16156.0 47429.0
16256.0 46232.0
16515.0 41448.0
16595.0 41053.0
17095.0 40954.0
17171.0 40768.0
18092.0 40466.0
18545.0 40444.0
18596.0 40337.0
19912.0 40313.0
21266.0 40310.0
21342.0 40064.0
21708.0 39975.0
24516.0 39974.0
24592.0 39916.0
24820.0 39884.0
25513.0 39758.0
28687.0 39757.0
28763.0 39631.0
32013.0 39572.0
32934.0 39512.0
36184.0 39386.0
39434.0 39339.0
40355.0 39279.0
43605.0 39153.0
46855.0 39117.0

16023.0 47646.0
16126.0 46715.0
16156.0 43073.0
16495.0 43010.0
16515.0 41267.0
16595.0 41035.0
17095.0 40954.0
17171.0 40768.0
18092.0 40466.0
18545.0 40444.0
18596.0 40337.0
19912.0 40313.0
21266.0 40310.0
21342.0 40064.0
21708.0 39975.0
24516.0 39972.0
24592.0 39916.0
24820.0 39884.0
25513.0 39758.0
28687.0 39757.0
28763.0 39631.0
32013.0 39572.0
32934.0 39512.0
36108.0 39511.0
36184.0 39386.0
39358.0 39385.0
39434.0 39339.0
40355.0 39279.0
43605.0 39153.0
46855.0 39117.0

16023.0 43201.0
16156.0 42020.0
16515.0 41267.0
16595.0 41035.0
17095.0 40954.0
17171.0 40744.0
18092.0 40466.0
18545.0 40444.0
18596.0 40337.0
19912.0 40313.0
21266.0 40310.0
21342.0 40064.0
21708.0 39975.0
24516.0 39972.0
24592.0 39916.0
24820.0 39865.0
25513.0 39758.0
28687.0 39757.0
28763.0 39631.0
32013.0 39572.0
32934.0 39512.0
36184.0 39386.0
39434.0 39339.0
40355.0 39303.0
43605.0 39153.0
46855.0 39117.0
51026.0 39071.0
54276.0 39035.0


