16070.0 45801.0
16290.0 44309.0
16494.0 44261.0
16816.0 41716.0
16956.0 41605.0
17516.0 41373.0
18016.0 41310.0
18092.0 40855.0
18545.0 40771.0
18596.0 40444.0
18615.0 40443.0
19912.0 40404.0
21342.0 40064.0
21708.0 39975.0
24516.0 39972.0
24592.0 39915.0
27766.0 39914.0
27842.0 39880.0
27894.0 39757.0
28687.0 39754.0
28763.0 39631.0
32013.0 39572.0
32934.0 39511.0
36184.0 39385.0
39434.0 39326.0
40355.0 39278.0
43605.0 39152.0
46855.0 39093.0

15590.0 54074.0
16023.0 48977.0
16515.0 47517.0
16816.0 46916.0
16936.0 45116.0
17345.0 44699.0
17516.0 43831.0
18092.0 43255.0
18596.0 43230.0
18922.0 43218.0
20066.0 42171.0
21266.0 41679.0
21342.0 41267.0
25513.0 40812.0
29684.0 40356.0
63874.0 38972.0

16256.0 50460.0
18056.0 45900.0
20178.0 44832.0
21708.0 44188.0
24516.0 42916.0
27487.0 42282.0

16256.0 50460.0
17145.0 46648.0
18056.0 45900.0
18623.0 45081.0
20178.0 44832.0
20838.0 42247.0
21342.0 41686.0
23316.0 41325.0
23950.0 40762.0

16094.0 46879.0
16290.0 44795.0
16480.0 43343.0
16494.0 42949.0
16745.0 42810.0
16816.0 41899.0
16956.0 41749.0
16990.0 41546.0
17516.0 41434.0
17745.0 41202.0
18092.0 40466.0
18545.0 40444.0
18596.0 40337.0
19912.0 40313.0
21266.0 40310.0
21342.0 40064.0
21708.0 39975.0
24516.0 39972.0
24592.0 39915.0
24820.0 39865.0
25513.0 39758.0
27894.0 39757.0
28687.0 39754.0
28763.0 39631.0
31937.0 39630.0
32013.0 39572.0
32934.0 39511.0
36184.0 39385.0
39434.0 39326.0
40355.0 39278.0
43605.0 39152.0
46855.0 39093.0

16023.0 45700.0
16156.0 42838.0
16495.0 42739.0
16515.0 41267.0
16595.0 41053.0
17095.0 40954.0
17171.0 40744.0
18092.0 40466.0
18545.0 40449.0
18596.0 40337.0
19912.0 40313.0
21266.0 40310.0
21342.0 40064.0
21708.0 39975.0
24516.0 39972.0
24592.0 39916.0
24820.0 39884.0
25513.0 39758.0
28687.0 39755.0
28763.0 39632.0
31937.0 39629.0
32013.0 39573.0
32934.0 39549.0
36184.0 39386.0
39358.0 39383.0
39434.0 39351.0
40355.0 39326.0

16023.0 45700.0
16156.0 42838.0
16495.0 42739.0
16515.0 41267.0
16595.0 41053.0
17095.0 40954.0
17171.0 40744.0
18092.0 40466.0
18545.0 40449.0
18596.0 40337.0
19912.0 40313.0
21266.0 40310.0
21342.0 40064.0
21708.0 39975.0
24516.0 39972.0
24592.0 39916.0
24820.0 39884.0
25513.0 39758.0
28687.0 39755.0
28763.0 39632.0
31937.0 39629.0
32013.0 39573.0
32934.0 39512.0
36108.0 39509.0
36184.0 39386.0
39358.0 39383.0
39434.0 39351.0
40355.0 39326.0

16023.0 45700.0
16156.0 42838.0
16495.0 42739.0
16515.0 41267.0
16595.0 41035.0
17095.0 40954.0
17171.0 40744.0
18092.0 40466.0
18545.0 40449.0
18596.0 40337.0
19912.0 40313.0
21266.0 40310.0
21342.0 40064.0
21708.0 39975.0
24516.0 39972.0
24592.0 39916.0
24820.0 39865.0
25513.0 39758.0
28687.0 39755.0
28763.0 39631.0
31937.0 39629.0
32013.0 39573.0
32934.0 39525.0
36108.0 39509.0
36184.0 39386.0
39358.0 39383.0
39434.0 39340.0
40355.0 39326.0

16023.0 43940.0
16156.0 42088.0
16515.0 41267.0
16595.0 41053.0
17095.0 40954.0
17171.0 40744.0
18092.0 40466.0
18545.0 40449.0
18596.0 40337.0
19912.0 40313.0
21266.0 40310.0
21342.0 40064.0
21708.0 39975.0
24516.0 39972.0
24592.0 39916.0
24820.0 39884.0
25513.0 39758.0
28687.0 39755.0
28763.0 39632.0
31937.0 39629.0
32013.0 39573.0
32934.0 39512.0
36108.0 39509.0
36184.0 39386.0
39358.0 39383.0
39434.0 39340.0
40355.0 39326.0

16023.0 42375.0
16156.0 41932.0
16515.0 41267.0
16595.0 41053.0
17095.0 40954.0
17171.0 40744.0
18092.0 40466.0
18545.0 40444.0
18596.0 40337.0
19912.0 40313.0
21266.0 40310.0
21342.0 40064.0
21708.0 39975.0
24516.0 39972.0
24592.0 39915.0
24820.0 39865.0
25513.0 39758.0
28687.0 39755.0
28763.0 39632.0
31937.0 39629.0
32013.0 39573.0
32934.0 39525.0
36108.0 39524.0
36184.0 39386.0
39358.0 39383.0
39434.0 39340.0
40355.0 39326.0
43605.0 39153.0

16023.0 42375.0
16156.0 41932.0
16515.0 41267.0
16595.0 41053.0
17095.0 40954.0
17171.0 40744.0
18092.0 40466.0
18545.0 40449.0
18596.0 40337.0
19912.0 40313.0
21266.0 40310.0
21342.0 40064.0
21708.0 39975.0
24516.0 39972.0
24592.0 39916.0
24820.0 39884.0
25513.0 39758.0
28687.0 39755.0
28763.0 39632.0
31937.0 39629.0
32013.0 39573.0
32934.0 39512.0
36108.0 39509.0
36184.0 39386.0
39358.0 39383.0
39434.0 39340.0
40355.0 39326.0
43605.0 39284.0

16023.0 42375.0
16156.0 41932.0
16515.0 41267.0
16595.0 41053.0
17095.0 40954.0
17171.0 40744.0
18092.0 40466.0
18545.0 40444.0
18596.0 40337.0
19912.0 40313.0
21266.0 40310.0
21342.0 40064.0
21708.0 39975.0
24516.0 39972.0
24592.0 39915.0
24820.0 39884.0
25513.0 39758.0
28687.0 39755.0
28763.0 39632.0
31937.0 39629.0
32013.0 39573.0
32934.0 39512.0
36108.0 39509.0
36184.0 39386.0
39358.0 39383.0
39434.0 39340.0
40355.0 39326.0
43605.0 39284.0

16023.0 42375.0
16156.0 41932.0
16515.0 41267.0
16595.0 41053.0
17095.0 40954.0
17171.0 40744.0
18092.0 40466.0
18545.0 40449.0
18596.0 40337.0
19912.0 40313.0
21266.0 40310.0
21342.0 40064.0
21708.0 39975.0
24516.0 39972.0
24592.0 39916.0
24820.0 39884.0
25513.0 39758.0
28687.0 39755.0
28763.0 39632.0
31937.0 39629.0
32013.0 39573.0
32934.0 39512.0
36108.0 39509.0
36184.0 39386.0
39358.0 39383.0
39434.0 39340.0
40355.0 39326.0
43605.0 39284.0

16023.0 42375.0
16156.0 41932.0
16515.0 41267.0
16595.0 41053.0
17095.0 40954.0
17171.0 40744.0
18092.0 40466.0
18545.0 40444.0
18596.0 40337.0
19912.0 40313.0
21266.0 40310.0
21342.0 40064.0
21708.0 39975.0
24516.0 39972.0
24592.0 39916.0
24820.0 39865.0
25513.0 39758.0
28687.0 39755.0
28763.0 39632.0
31937.0 39629.0
32013.0 39573.0
32934.0 39512.0
36108.0 39509.0
36184.0 39386.0
39358.0 39383.0
39434.0 39340.0
40355.0 39326.0
43605.0 39284.0

16023.0 42375.0
16156.0 41932.0
16515.0 41267.0
16595.0 41053.0
17095.0 40954.0
17171.0 40744.0
18092.0 40466.0
18545.0 40449.0
18596.0 40337.0
19912.0 40313.0
21266.0 40310.0
21342.0 40064.0
21708.0 39975.0
24516.0 39972.0
24592.0 39916.0
24820.0 39865.0
25513.0 39758.0
28687.0 39755.0
28763.0 39631.0
31937.0 39629.0
32013.0 39572.0
32934.0 39525.0
36108.0 39522.0
36184.0 39386.0
39358.0 39383.0
39434.0 39327.0
40355.0 39279.0
43605.0 39160.0
46855.0 39118.0
51026.0 39078.0
54276.0 39036.0


