16290.0 43178.0
16990.0 41719.0
17095.0 41620.0
18092.0 41455.0
18494.0 41433.0
18545.0 41217.0
18615.0 40626.0
19946.0 40586.0
20269.0 40583.0
20345.0 40438.0
21342.0 40206.0
24516.0 40181.0
27766.0 40067.0
31937.0 39857.0
36184.0 39764.0
38361.0 39666.0
42608.0 39530.0
49453.0 39466.0

16136.0 51236.0
16745.0 50696.0
17279.0 48827.0
17396.0 46811.0
18056.0 44574.0
18671.0 42204.0
22263.0 42014.0
23531.0 41839.0
63874.0 38972.0

18092.0 49147.0
18671.0 46730.0
19505.0 42881.0
25010.0 42332.0

18092.0 49147.0
18671.0 46730.0
20742.0 45823.0
21708.0 43907.0

16816.0 42726.0
16990.0 41662.0
17516.0 41267.0
18016.0 41168.0
18092.0 40466.0
18545.0 40444.0
18596.0 40337.0
19912.0 40313.0
21266.0 40312.0
21342.0 40064.0
21708.0 39975.0
24592.0 39916.0
24820.0 39865.0
25513.0 39758.0
27894.0 39757.0
28763.0 39632.0
31937.0 39629.0
32013.0 39572.0
32934.0 39519.0
36184.0 39399.0
39358.0 39385.0
39434.0 39340.0
40355.0 39286.0
43529.0 39278.0
43605.0 39160.0
46779.0 39152.0
46855.0 39101.0
50029.0 39093.0

16256.0 46232.0
16816.0 41651.0
16956.0 41540.0
17516.0 41308.0
18016.0 41245.0
18092.0 40619.0
18545.0 40602.0
18596.0 40337.0
19912.0 40313.0
21266.0 40310.0
21342.0 40064.0
21708.0 39975.0
24516.0 39974.0
25513.0 39804.0
28763.0 39632.0
32934.0 39525.0
36184.0 39386.0
39434.0 39339.0
43605.0 39177.0
46855.0 39117.0

16256.0 46232.0
16816.0 41651.0
16956.0 41540.0
17516.0 41308.0
18016.0 41245.0
18092.0 40619.0
18545.0 40602.0
18596.0 40337.0
19912.0 40313.0
21266.0 40310.0
21342.0 40064.0
21708.0 39975.0
24516.0 39974.0
25513.0 39804.0
28763.0 39632.0
32934.0 39525.0
36184.0 39386.0
39434.0 39339.0
43605.0 39177.0
46855.0 39117.0

16256.0 46232.0
16595.0 41796.0
16816.0 41651.0
16956.0 41540.0
16990.0 41387.0
17516.0 41155.0
18016.0 41074.0
18092.0 40466.0
18545.0 40449.0
18596.0 40337.0
19912.0 40313.0
21266.0 40310.0
21342.0 40064.0
21708.0 39975.0
24516.0 39974.0
25513.0 39758.0
28763.0 39632.0
31937.0 39631.0
32934.0 39512.0
36184.0 39386.0
39434.0 39326.0
43605.0 39153.0
46855.0 39093.0

16023.0 42471.0
16156.0 42028.0
16595.0 41796.0
16816.0 41651.0
16956.0 41540.0
17516.0 41308.0
18016.0 41245.0
18092.0 40619.0
18545.0 40602.0
18596.0 40337.0
19912.0 40313.0
21266.0 40310.0
21342.0 40064.0
21708.0 39975.0
24516.0 39974.0
25513.0 39804.0
28763.0 39632.0
32934.0 39525.0
36184.0 39386.0
39434.0 39339.0
43605.0 39177.0
46855.0 39117.0

16256.0 46232.0
16595.0 41796.0
16816.0 41651.0
16956.0 41540.0
17516.0 41308.0
18016.0 41245.0
18092.0 40619.0
18545.0 40602.0
18596.0 40337.0
19912.0 40313.0
21266.0 40310.0
21342.0 40064.0
21708.0 39975.0
24516.0 39974.0
25513.0 39804.0
28763.0 39632.0
32934.0 39525.0
36184.0 39386.0
39434.0 39326.0
43605.0 39153.0
46855.0 39093.0

16256.0 46232.0
16595.0 44121.0
16816.0 41651.0
16956.0 41540.0
16990.0 41387.0
17516.0 41155.0
18016.0 41092.0
18092.0 40466.0
18545.0 40444.0
18596.0 40337.0
19912.0 40313.0
21266.0 40310.0
21342.0 40064.0
21708.0 39975.0
24516.0 39974.0
25513.0 39758.0
28763.0 39632.0
31937.0 39631.0
32934.0 39512.0
36184.0 39386.0
39434.0 39339.0
40355.0 39279.0
43605.0 39153.0
46855.0 39117.0

16023.0 42471.0
16156.0 42028.0
16595.0 41796.0
16816.0 41651.0
16956.0 41540.0
16990.0 41387.0
17516.0 41155.0
18016.0 41074.0
18092.0 40466.0
18545.0 40444.0
18596.0 40337.0
19912.0 40313.0
21266.0 40310.0
21342.0 40064.0
21708.0 39975.0
24516.0 39972.0
24592.0 39923.0
25513.0 39758.0
28687.0 39757.0
28763.0 39632.0
31937.0 39629.0
32934.0 39512.0
36184.0 39386.0
39434.0 39339.0
40355.0 39279.0
43605.0 39153.0
46855.0 39117.0

16256.0 46232.0
16595.0 44121.0
16816.0 41651.0
16956.0 41540.0
16990.0 41387.0
17516.0 41155.0
18016.0 41092.0
18092.0 40466.0
18545.0 40444.0
18596.0 40337.0
19912.0 40313.0
21266.0 40310.0
21342.0 40064.0
21708.0 39975.0
24516.0 39974.0
25513.0 39758.0
28763.0 39632.0
31937.0 39631.0
32934.0 39512.0
36184.0 39386.0
39434.0 39339.0
40355.0 39279.0
43605.0 39153.0
46855.0 39117.0

16256.0 46232.0
16519.0 43483.0
16595.0 41796.0
16816.0 41651.0
16956.0 41540.0
16990.0 41387.0
17516.0 41155.0
18016.0 41092.0
18092.0 40466.0
18545.0 40444.0
18596.0 40337.0
19912.0 40313.0
21266.0 40310.0
21342.0 40064.0
21708.0 39975.0
24516.0 39972.0
25513.0 39758.0
28763.0 39632.0
31937.0 39631.0
32934.0 39512.0
36184.0 39386.0
39434.0 39339.0
43605.0 39177.0
46855.0 39117.0

16023.0 42471.0
16156.0 42028.0
16595.0 41735.0
16816.0 41651.0
16956.0 41540.0
17171.0 41525.0
17516.0 41308.0
18016.0 41245.0
18092.0 40466.0
18545.0 40444.0
18596.0 40337.0
19912.0 40313.0
21266.0 40310.0
21342.0 40064.0
21708.0 39975.0
24516.0 39974.0
24592.0 39940.0
25513.0 39782.0
28687.0 39757.0
28763.0 39632.0
31937.0 39631.0
32934.0 39525.0
36184.0 39386.0
39434.0 39339.0
43605.0 39176.0
46855.0 39117.0


