16290.0 49607.0
16515.0 42991.0
16571.0 41943.0
17095.0 41427.0
17171.0 40993.0
18092.0 40804.0
18545.0 40787.0
18596.0 40495.0
19912.0 40471.0
20421.0 40467.0
21342.0 40186.0
21708.0 39975.0
24592.0 39916.0
28687.0 39915.0
28763.0 39632.0
36184.0 39598.0

16023.0 52119.0
16290.0 49607.0
16515.0 46257.0
18122.0 46055.0
18545.0 45941.0
18589.0 44898.0
18615.0 44673.0
18922.0 44369.0
20457.0 44168.0
20742.0 43214.0
21342.0 42832.0
24592.0 41711.0
28763.0 41022.0
63874.0 38972.0

16290.0 49607.0
18092.0 48831.0
21661.0 45518.0
22263.0 44859.0
27411.0 43440.0

16290.0 49607.0
18092.0 48831.0
21342.0 47356.0
21661.0 45518.0
22263.0 43109.0

16290.0 49607.0
16816.0 42115.0
16956.0 42093.0
16990.0 41387.0
17516.0 41155.0
18016.0 41074.0
18092.0 40466.0
18545.0 40444.0
18596.0 40337.0
19912.0 40313.0
21266.0 40310.0
21342.0 40064.0
21708.0 39975.0
24516.0 39972.0
24592.0 39915.0
24820.0 39865.0
25513.0 39758.0
27894.0 39757.0
28763.0 39631.0
32013.0 39572.0
32934.0 39511.0
36184.0 39385.0
39434.0 39326.0
43605.0 39303.0

16023.0 44419.0
16156.0 44070.0
16290.0 43644.0
16515.0 41358.0
16595.0 41144.0
17095.0 41045.0
17171.0 40835.0
18092.0 40466.0
18545.0 40444.0
18596.0 40337.0
19912.0 40313.0
21266.0 40312.0
21342.0 40064.0
21708.0 39975.0
24516.0 39974.0
24592.0 39915.0
24820.0 39865.0
25513.0 39758.0
28763.0 39632.0
32013.0 39596.0
32934.0 39511.0
36184.0 39385.0
39434.0 39339.0
42684.0 39304.0
43605.0 39153.0

16023.0 44413.0
16156.0 44070.0
16290.0 43644.0
16515.0 41358.0
16595.0 41144.0
17095.0 41045.0
17171.0 40744.0
18092.0 40466.0
18545.0 40444.0
18596.0 40337.0
19912.0 40313.0
21266.0 40312.0
21342.0 40064.0
21708.0 39975.0
24516.0 39974.0
24592.0 39915.0
24820.0 39865.0
25513.0 39758.0
28763.0 39631.0
32013.0 39573.0
32934.0 39511.0
36184.0 39385.0
39434.0 39327.0
42684.0 39291.0
43605.0 39153.0

16023.0 44419.0
16156.0 44007.0
16290.0 43644.0
16515.0 41358.0
16595.0 41126.0
17095.0 41045.0
17171.0 40744.0
18092.0 40466.0
18545.0 40444.0
18596.0 40337.0
19912.0 40313.0
21266.0 40312.0
21342.0 40064.0
21708.0 39975.0
24516.0 39974.0
24592.0 39915.0
24820.0 39865.0
25513.0 39758.0
28763.0 39632.0
32013.0 39596.0
32934.0 39511.0
36184.0 39385.0
39434.0 39339.0
42684.0 39304.0
43605.0 39153.0

16023.0 44413.0
16156.0 44070.0
16290.0 43644.0
16515.0 41358.0
16595.0 41144.0
17095.0 41045.0
17171.0 40744.0
18092.0 40466.0
18545.0 40444.0
18596.0 40337.0
19912.0 40313.0
21266.0 40312.0
21342.0 40064.0
21708.0 39975.0
24516.0 39974.0
24592.0 39915.0
24820.0 39865.0
25513.0 39758.0
28763.0 39632.0
32013.0 39596.0
32934.0 39511.0
36184.0 39385.0
39434.0 39339.0
42684.0 39304.0
43605.0 39153.0

16023.0 44419.0
16156.0 44070.0
16290.0 43644.0
16515.0 41358.0
16595.0 41126.0
17095.0 41045.0
17171.0 40744.0
18092.0 40466.0
18545.0 40444.0
18596.0 40337.0
19912.0 40313.0
21266.0 40312.0
21342.0 40064.0
21708.0 39975.0
24516.0 39974.0
24592.0 39915.0
24820.0 39865.0
25513.0 39758.0
28763.0 39631.0
32013.0 39573.0
32934.0 39511.0
36184.0 39385.0
39434.0 39327.0
42684.0 39291.0
43605.0 39153.0

16023.0 44419.0
16156.0 44070.0
16290.0 43644.0
16515.0 41358.0
16595.0 41144.0
17095.0 41045.0
17171.0 40744.0
18092.0 40466.0
18545.0 40444.0
18596.0 40337.0
19912.0 40313.0
21266.0 40310.0
21342.0 40064.0
21708.0 39975.0
24516.0 39974.0
24592.0 39915.0
24820.0 39865.0
25513.0 39758.0
28687.0 39757.0
28763.0 39632.0
32013.0 39573.0
32934.0 39511.0
36184.0 39385.0
39434.0 39327.0
42684.0 39304.0
43605.0 39153.0
46855.0 39118.0

16023.0 44419.0
16156.0 44070.0
16290.0 43644.0
16515.0 41358.0
16595.0 41144.0
17095.0 41045.0
17171.0 40744.0
18092.0 40466.0
18545.0 40444.0
18596.0 40337.0
19912.0 40313.0
21266.0 40310.0
21342.0 40064.0
21708.0 39975.0
24516.0 39974.0
24592.0 39915.0
24820.0 39865.0
25513.0 39758.0
27894.0 39757.0
28763.0 39632.0
32013.0 39573.0
32934.0 39511.0
36184.0 39385.0
39434.0 39327.0
40355.0 39303.0
43605.0 39153.0
46855.0 39118.0

16023.0 44419.0
16156.0 44070.0
16290.0 43644.0
16515.0 41358.0
16595.0 41144.0
17095.0 41045.0
17171.0 40744.0
18092.0 40466.0
18545.0 40444.0
18596.0 40337.0
19912.0 40313.0
21266.0 40310.0
21342.0 40064.0
21708.0 39975.0
24516.0 39974.0
24592.0 39915.0
24820.0 39865.0
25513.0 39758.0
28687.0 39757.0
28763.0 39632.0
32013.0 39573.0
32934.0 39511.0
36184.0 39385.0
39434.0 39327.0
42684.0 39304.0
43605.0 39153.0
46855.0 39118.0

16023.0 44419.0
16156.0 44007.0
16290.0 43644.0
16515.0 41358.0
16595.0 41144.0
17095.0 41045.0
17171.0 40744.0
18092.0 40466.0
18545.0 40444.0
18596.0 40337.0
19912.0 40313.0
21266.0 40310.0
21342.0 40064.0
21708.0 39975.0
24516.0 39974.0
24592.0 39915.0
24820.0 39865.0
25513.0 39758.0
27894.0 39757.0
28763.0 39632.0
32013.0 39573.0
32934.0 39511.0
36184.0 39385.0
39434.0 39327.0
40355.0 39303.0
43605.0 39153.0
51026.0 39095.0

16023.0 44413.0
16156.0 44070.0
16290.0 43644.0
16515.0 41358.0
16595.0 41035.0
17171.0 40744.0
18092.0 40466.0
18545.0 40444.0
18596.0 40337.0
19912.0 40313.0
21266.0 40310.0
21342.0 40064.0
21708.0 39975.0
24516.0 39974.0
24592.0 39915.0
24820.0 39865.0
25513.0 39758.0
27894.0 39757.0
28763.0 39632.0
32013.0 39573.0
32934.0 39511.0
36184.0 39385.0
39434.0 39326.0
40355.0 39303.0
42684.0 39291.0
43605.0 39153.0
46855.0 39094.0
50105.0 39058.0


