16023.0 46046.0
16156.0 43962.0
16290.0 43332.0
16571.0 42802.0
16990.0 42067.0
17095.0 41774.0
17745.0 41765.0
18092.0 40779.0
18545.0 40717.0
18596.0 40448.0
20838.0 40412.0
21266.0 40342.0
21342.0 40322.0
21708.0 40158.0
25513.0 39960.0
28763.0 39783.0
32934.0 39617.0
36184.0 39601.0

16023.0 45834.0
17736.0 45380.0
18092.0 45340.0
18887.0 45280.0
18922.0 44362.0
19471.0 44139.0
20178.0 44092.0
21342.0 43211.0
21708.0 42836.0
22263.0 41659.0
25513.0 41624.0
28763.0 40874.0
32934.0 40641.0
63874.0 38972.0

17492.0 55847.0
18122.0 49741.0
18615.0 49514.0
19471.0 48926.0
19946.0 47063.0
20742.0 46231.0
20766.0 46089.0
21266.0 45872.0
21657.0 44805.0
23240.0 42729.0
28763.0 41083.0

17492.0 47527.0
20742.0 46488.0
23240.0 42729.0
28763.0 41083.0

16515.0 45555.0
16816.0 42927.0
16990.0 41863.0
17516.0 41631.0
18016.0 41568.0
18092.0 40713.0
18545.0 40691.0
18596.0 40431.0
19912.0 40391.0
21266.0 40388.0
21342.0 40142.0
21708.0 40053.0
24516.0 40052.0
24592.0 39994.0
25513.0 39836.0
27894.0 39835.0
28763.0 39709.0
31937.0 39708.0
32013.0 39691.0
32934.0 39589.0
36184.0 39463.0
40355.0 39279.0
43605.0 39268.0

16515.0 42499.0
16816.0 42014.0
16990.0 41488.0
17516.0 41256.0
18092.0 40531.0
18545.0 40509.0
18596.0 40353.0
19912.0 40313.0
21266.0 40310.0
21342.0 40187.0
21657.0 40176.0
21708.0 39975.0
25513.0 39758.0
28763.0 39729.0
31937.0 39718.0
32013.0 39692.0
32934.0 39654.0
36184.0 39450.0
43605.0 39217.0

16515.0 42436.0
16816.0 42014.0
16990.0 41488.0
17516.0 41256.0
18016.0 41193.0
18092.0 40531.0
18545.0 40509.0
18596.0 40353.0
19912.0 40313.0
21266.0 40310.0
21342.0 40169.0
21708.0 39975.0
25513.0 39758.0
28763.0 39729.0
31937.0 39718.0
32013.0 39692.0
32934.0 39552.0
36184.0 39426.0
43605.0 39217.0

16515.0 42499.0
16816.0 42014.0
16990.0 41488.0
17516.0 41256.0
18092.0 40531.0
18545.0 40509.0
18596.0 40353.0
19912.0 40313.0
21266.0 40310.0
21342.0 40187.0
21657.0 40176.0
21708.0 39975.0
24592.0 39939.0
25513.0 39758.0
28763.0 39632.0
32934.0 39512.0
36184.0 39386.0
43605.0 39217.0

16515.0 42499.0
16816.0 42014.0
16990.0 41423.0
17516.0 41191.0
18016.0 41128.0
18092.0 40531.0
18545.0 40509.0
18596.0 40353.0
19912.0 40313.0
21266.0 40310.0
21342.0 40187.0
21657.0 40176.0
21708.0 39975.0
24516.0 39974.0
24592.0 39939.0
25513.0 39758.0
28763.0 39632.0
32934.0 39512.0
36184.0 39386.0
43605.0 39217.0

16515.0 42499.0
16816.0 42014.0
16990.0 41488.0
17516.0 41256.0
18092.0 40531.0
18545.0 40509.0
18596.0 40353.0
19912.0 40313.0
21266.0 40310.0
21342.0 40187.0
21657.0 40176.0
21708.0 39975.0
24592.0 39939.0
25513.0 39758.0
28763.0 39632.0
32934.0 39552.0
36184.0 39426.0
43605.0 39217.0

16515.0 42436.0
16816.0 42014.0
16990.0 41488.0
17516.0 41256.0
18016.0 41193.0
18092.0 40531.0
18545.0 40509.0
18596.0 40353.0
19912.0 40313.0
21266.0 40310.0
21342.0 40169.0
21708.0 39975.0
24592.0 39939.0
25513.0 39758.0
28763.0 39632.0
32934.0 39512.0
36184.0 39386.0
43605.0 39217.0

16515.0 42436.0
16816.0 41949.0
16956.0 41838.0
16990.0 41423.0
17516.0 41191.0
18016.0 41128.0
18092.0 40531.0
18545.0 40509.0
18596.0 40353.0
19912.0 40313.0
21266.0 40310.0
21342.0 40169.0
21708.0 39975.0
24592.0 39939.0
25513.0 39758.0
28763.0 39632.0
32934.0 39512.0
36184.0 39386.0
43605.0 39217.0

16515.0 42436.0
16816.0 42014.0
16990.0 41488.0
17516.0 41256.0
18016.0 41193.0
18092.0 40531.0
18545.0 40509.0
18596.0 40353.0
19912.0 40313.0
21266.0 40310.0
21342.0 40169.0
21708.0 39975.0
24592.0 39939.0
25513.0 39758.0
28763.0 39632.0
32934.0 39512.0
36184.0 39386.0
43605.0 39217.0

16515.0 42436.0
16816.0 42014.0
16990.0 41488.0
17516.0 41256.0
18016.0 41193.0
18092.0 40531.0
18545.0 40509.0
18596.0 40353.0
19912.0 40313.0
21266.0 40310.0
21342.0 40169.0
21708.0 39975.0
24592.0 39939.0
25513.0 39758.0
28763.0 39632.0
32934.0 39512.0
36184.0 39386.0
43605.0 39217.0

16515.0 42436.0
16816.0 42014.0
16990.0 41488.0
17516.0 41256.0
18016.0 41193.0
18092.0 40531.0
18545.0 40509.0
18596.0 40353.0
19912.0 40313.0
21266.0 40310.0
21342.0 40169.0
21708.0 39975.0
24592.0 39939.0
25513.0 39758.0
28763.0 39631.0
32013.0 39590.0
32934.0 39512.0
36184.0 39386.0
43605.0 39193.0


