16765.0 44030.0
16816.0 42148.0
16990.0 41396.0
17516.0 41164.0
18016.0 41131.0
18092.0 40466.0
18596.0 40377.0
21266.0 40334.0
21342.0 40064.0
21708.0 39975.0
24592.0 39915.0
25513.0 39846.0
27894.0 39757.0
28763.0 39698.0
32013.0 39572.0
32934.0 39511.0
36184.0 39459.0
39434.0 39385.0
40355.0 39278.0
43605.0 39219.0

15590.0 53215.0
16023.0 47101.0
16075.0 47091.0
16256.0 46697.0
16290.0 45943.0
16515.0 45250.0
16726.0 44459.0
17171.0 44189.0
17694.0 43995.0
17996.0 43711.0
18615.0 41695.0
23550.0 41541.0
25513.0 40848.0
32934.0 40600.0
63874.0 38972.0

18016.0 54904.0
18092.0 47999.0
18596.0 46152.0
21108.0 45758.0
21138.0 45598.0
22020.0 45513.0
22263.0 44164.0
23880.0 43360.0

16515.0 46722.0
18596.0 46152.0
18615.0 45373.0
18922.0 43961.0
19745.0 43801.0
22263.0 43289.0
23316.0 43217.0
24820.0 42430.0
28763.0 40830.0

16816.0 41651.0
16956.0 41540.0
16990.0 41387.0
17516.0 41155.0
18016.0 41074.0
18092.0 40466.0
18545.0 40444.0
18596.0 40337.0
19912.0 40313.0
21266.0 40310.0
21342.0 40064.0
21708.0 39975.0
24516.0 39972.0
24592.0 39915.0
24820.0 39865.0
25513.0 39758.0
27894.0 39757.0
28687.0 39754.0
28763.0 39631.0
31937.0 39630.0
32013.0 39572.0
32934.0 39511.0
36108.0 39510.0
36184.0 39385.0
39434.0 39326.0
40355.0 39278.0
43605.0 39152.0
46779.0 39149.0
46855.0 39093.0
50029.0 39092.0
50105.0 39065.0

16023.0 42450.0
16515.0 41473.0
16595.0 41241.0
17171.0 40768.0
18092.0 40466.0
18545.0 40444.0
18596.0 40337.0
19912.0 40313.0
21266.0 40312.0
21342.0 40064.0
21708.0 39975.0
24592.0 39915.0
25513.0 39758.0
27894.0 39757.0
28763.0 39696.0
31937.0 39695.0
32013.0 39637.0
32934.0 39511.0
36184.0 39463.0
39434.0 39433.0
40355.0 39303.0
46855.0 39208.0

16023.0 42450.0
16515.0 41473.0
16595.0 41241.0
17171.0 40768.0
18092.0 40466.0
18545.0 40444.0
18596.0 40337.0
19912.0 40313.0
21266.0 40310.0
21342.0 40064.0
21708.0 39975.0
24592.0 39915.0
24820.0 39905.0
25513.0 39758.0
27894.0 39757.0
28763.0 39696.0
31937.0 39695.0
32013.0 39637.0
32934.0 39511.0
36184.0 39450.0
39434.0 39433.0
40355.0 39303.0
46855.0 39208.0

16023.0 42389.0
16156.0 41946.0
16515.0 41448.0
16595.0 41053.0
17095.0 40954.0
17171.0 40768.0
18092.0 40466.0
18545.0 40444.0
18596.0 40337.0
19912.0 40313.0
21266.0 40310.0
21342.0 40064.0
21708.0 39975.0
24516.0 39972.0
24592.0 39915.0
25513.0 39758.0
27894.0 39757.0
28763.0 39632.0
32013.0 39620.0
32934.0 39511.0
36184.0 39463.0
39434.0 39433.0
40355.0 39278.0
46855.0 39208.0

16023.0 42383.0
16156.0 41879.0
16515.0 41443.0
16595.0 41211.0
17095.0 41148.0
17171.0 40744.0
18092.0 40466.0
18545.0 40444.0
18596.0 40337.0
19912.0 40313.0
21266.0 40312.0
21342.0 40064.0
21708.0 39975.0
24516.0 39974.0
24592.0 39915.0
25513.0 39758.0
27894.0 39757.0
28763.0 39656.0
32013.0 39637.0
32934.0 39511.0
36184.0 39410.0
40355.0 39303.0
46855.0 39208.0

16023.0 42322.0
16156.0 41946.0
16515.0 41473.0
16595.0 41241.0
17095.0 41069.0
17171.0 40744.0
18092.0 40466.0
18545.0 40444.0
18596.0 40337.0
19912.0 40313.0
21266.0 40310.0
21342.0 40064.0
21708.0 39975.0
24516.0 39972.0
24592.0 39915.0
24820.0 39905.0
25513.0 39758.0
27894.0 39757.0
28763.0 39632.0
31937.0 39629.0
32013.0 39573.0
32934.0 39511.0
36184.0 39450.0
39434.0 39340.0
40355.0 39279.0
46855.0 39208.0
51026.0 39070.0

16023.0 42450.0
16515.0 41473.0
16595.0 41241.0
17171.0 40768.0
18092.0 40466.0
18545.0 40444.0
18596.0 40337.0
19912.0 40313.0
21266.0 40310.0
21342.0 40064.0
21708.0 39975.0
24592.0 39915.0
24820.0 39905.0
25513.0 39758.0
27894.0 39757.0
28763.0 39696.0
31937.0 39695.0
32013.0 39637.0
32934.0 39511.0
36184.0 39398.0
40355.0 39303.0
46855.0 39208.0

16023.0 42322.0
16156.0 41946.0
16515.0 41473.0
16595.0 41241.0
17171.0 40768.0
18092.0 40466.0
18545.0 40444.0
18596.0 40337.0
19912.0 40313.0
21266.0 40310.0
21342.0 40064.0
21708.0 39975.0
24516.0 39972.0
24592.0 39915.0
24820.0 39865.0
25513.0 39758.0
27894.0 39757.0
28763.0 39632.0
32934.0 39511.0
36184.0 39385.0
40355.0 39303.0
46855.0 39208.0

16023.0 42322.0
16156.0 41946.0
16515.0 41382.0
16595.0 41150.0
17095.0 41069.0
17171.0 40744.0
18092.0 40466.0
18545.0 40444.0
18596.0 40337.0
19912.0 40313.0
21266.0 40310.0
21342.0 40064.0
21708.0 39975.0
24516.0 39974.0
24592.0 39915.0
24820.0 39905.0
25513.0 39758.0
27894.0 39757.0
28763.0 39632.0
32013.0 39573.0
32934.0 39511.0
36184.0 39398.0
39434.0 39351.0
40355.0 39303.0
46855.0 39208.0

16023.0 42322.0
16156.0 41879.0
16515.0 41267.0
16595.0 41035.0
17095.0 40954.0
17171.0 40744.0
18092.0 40466.0
18545.0 40444.0
18596.0 40337.0
19912.0 40313.0
21266.0 40310.0
21342.0 40064.0
21708.0 39975.0
24516.0 39972.0
24592.0 39915.0
24820.0 39905.0
25513.0 39758.0
27894.0 39757.0
28763.0 39631.0
32013.0 39573.0
32934.0 39511.0
36184.0 39385.0
39434.0 39351.0
40355.0 39303.0
43605.0 39244.0
46855.0 39208.0

16023.0 42383.0
16515.0 41334.0
16595.0 41102.0
17095.0 41021.0
17171.0 40744.0
18092.0 40466.0
18545.0 40444.0
18596.0 40337.0
19912.0 40313.0
21266.0 40310.0
21342.0 40064.0
21708.0 39975.0
24516.0 39972.0
24592.0 39915.0
24820.0 39889.0
25513.0 39758.0
27894.0 39757.0
28687.0 39756.0
28763.0 39631.0
32013.0 39573.0
32934.0 39511.0
36184.0 39385.0
39434.0 39326.0
40355.0 39278.0
43605.0 39152.0
46855.0 39093.0


