16256.0 48567.0
16816.0 41889.0
16956.0 41819.0
16990.0 41442.0
17516.0 41237.0
18016.0 41174.0
18092.0 40531.0
18545.0 40509.0
18596.0 40353.0
19912.0 40313.0
21266.0 40310.0
21342.0 40064.0
21708.0 39975.0
24516.0 39972.0
24592.0 39916.0
24820.0 39865.0
25513.0 39823.0
28763.0 39632.0
32013.0 39572.0
36184.0 39386.0
39434.0 39326.0
46855.0 39093.0

15590.0 58251.0
16023.0 49033.0
16290.0 45418.0
16595.0 44968.0
17345.0 43973.0
17996.0 43680.0
18092.0 43449.0
19471.0 43194.0
19769.0 43168.0
19946.0 42459.0
20857.0 42085.0
23950.0 41980.0
24820.0 41868.0
25437.0 41661.0
27843.0 40999.0
31437.0 40717.0
39434.0 40306.0
63874.0 38972.0

16847.0 47424.0
18056.0 43957.0
27313.0 43727.0
28687.0 43297.0

16515.0 57160.0
16847.0 47424.0
18056.0 43957.0
27313.0 43727.0
27775.0 42815.0
32858.0 41567.0

16515.0 57160.0
16816.0 41687.0
16956.0 41576.0
16990.0 41396.0
17516.0 41164.0
18016.0 41101.0
18092.0 40466.0
18545.0 40444.0
18596.0 40337.0
19912.0 40313.0
21266.0 40310.0
21342.0 40064.0
21708.0 39975.0
24516.0 39972.0
24592.0 39915.0
24820.0 39865.0
25513.0 39758.0
27894.0 39757.0
28687.0 39754.0
28763.0 39631.0
31937.0 39628.0
32013.0 39572.0
32934.0 39511.0
36108.0 39508.0
36184.0 39385.0
39434.0 39339.0
40355.0 39278.0
43529.0 39276.0
43605.0 39152.0
46855.0 39094.0
51026.0 39070.0

16495.0 44958.0
16515.0 41396.0
16595.0 41053.0
17095.0 40954.0
17171.0 40768.0
18092.0 40496.0
18545.0 40474.0
18596.0 40337.0
19912.0 40313.0
21266.0 40312.0
21342.0 40064.0
21708.0 39975.0
24516.0 39974.0
24592.0 39916.0
25513.0 39758.0
28763.0 39632.0
32013.0 39603.0
32934.0 39512.0
36184.0 39503.0
40355.0 39429.0
43605.0 39328.0
46855.0 39268.0

16495.0 44958.0
16515.0 41396.0
16595.0 41053.0
17095.0 40954.0
17171.0 40768.0
18092.0 40496.0
18545.0 40474.0
18596.0 40337.0
19912.0 40313.0
21266.0 40312.0
21342.0 40064.0
21708.0 39975.0
24516.0 39974.0
24592.0 39916.0
25513.0 39758.0
28763.0 39632.0
32013.0 39603.0
32934.0 39512.0
36184.0 39464.0
40355.0 39429.0
43605.0 39328.0
46855.0 39268.0

16023.0 45464.0
16156.0 45021.0
16495.0 44958.0
16515.0 41267.0
16595.0 41035.0
17095.0 40954.0
17171.0 40768.0
18092.0 40496.0
18545.0 40474.0
18596.0 40337.0
19912.0 40313.0
21266.0 40312.0
21342.0 40064.0
21708.0 39975.0
24516.0 39974.0
24592.0 39916.0
25513.0 39758.0
28687.0 39757.0
28763.0 39632.0
32013.0 39603.0
32934.0 39512.0
36184.0 39386.0
43605.0 39328.0
46855.0 39268.0

16495.0 44958.0
16515.0 41396.0
16595.0 41035.0
17095.0 40954.0
17171.0 40768.0
18092.0 40496.0
18545.0 40474.0
18596.0 40337.0
19912.0 40313.0
21266.0 40312.0
21342.0 40064.0
21708.0 39975.0
24516.0 39974.0
24592.0 39916.0
25513.0 39758.0
28687.0 39755.0
28763.0 39632.0
32013.0 39603.0
32934.0 39512.0
36184.0 39410.0
43605.0 39328.0
46855.0 39268.0

16156.0 45021.0
16495.0 44958.0
16515.0 41267.0
16595.0 41035.0
17095.0 40954.0
17171.0 40768.0
18092.0 40496.0
18545.0 40474.0
18596.0 40337.0
19912.0 40313.0
21266.0 40312.0
21342.0 40064.0
21708.0 39975.0
24516.0 39974.0
24592.0 39915.0
24820.0 39884.0
25513.0 39758.0
28687.0 39757.0
28763.0 39631.0
32013.0 39572.0
32934.0 39512.0
36184.0 39385.0
39434.0 39339.0
42684.0 39304.0
46855.0 39268.0

16156.0 48034.0
16495.0 44958.0
16515.0 41396.0
16595.0 41053.0
17095.0 40954.0
17171.0 40768.0
18092.0 40496.0
18545.0 40474.0
18596.0 40337.0
19912.0 40313.0
21266.0 40312.0
21342.0 40064.0
21708.0 39975.0
24516.0 39974.0
24592.0 39916.0
25513.0 39758.0
28763.0 39632.0
32013.0 39603.0
32934.0 39512.0
36184.0 39410.0
39434.0 39374.0
43605.0 39328.0
46855.0 39268.0

16023.0 45464.0
16156.0 45021.0
16495.0 44958.0
16515.0 41267.0
16595.0 41035.0
17095.0 40954.0
17171.0 40768.0
18092.0 40496.0
18545.0 40474.0
18596.0 40337.0
19912.0 40313.0
21266.0 40312.0
21342.0 40064.0
21708.0 39975.0
24516.0 39974.0
24592.0 39916.0
24820.0 39884.0
25513.0 39758.0
28763.0 39632.0
31937.0 39630.0
32013.0 39572.0
32934.0 39512.0
36184.0 39386.0
39434.0 39327.0
46855.0 39268.0

16495.0 44958.0
16515.0 41267.0
16595.0 41035.0
17095.0 40954.0
17171.0 40768.0
18092.0 40496.0
18545.0 40474.0
18596.0 40337.0
19912.0 40313.0
21266.0 40312.0
21342.0 40064.0
21708.0 39975.0
24516.0 39974.0
24592.0 39916.0
25513.0 39758.0
28687.0 39755.0
28763.0 39632.0
32013.0 39603.0
32934.0 39512.0
36184.0 39410.0
39434.0 39374.0
43605.0 39328.0
46855.0 39268.0

16023.0 44441.0
16156.0 44205.0
16290.0 43375.0
16515.0 41267.0
16595.0 41035.0
17095.0 40954.0
17171.0 40744.0
18092.0 40466.0
18545.0 40444.0
18596.0 40337.0
19912.0 40313.0
21266.0 40312.0
21342.0 40064.0
21708.0 39975.0
24516.0 39974.0
24592.0 39916.0
24820.0 39908.0
25513.0 39758.0
28687.0 39755.0
28763.0 39632.0
32013.0 39596.0
32934.0 39512.0
36184.0 39386.0
39434.0 39364.0
43605.0 39328.0
46855.0 39268.0

16023.0 48370.0
16156.0 46924.0
16495.0 44958.0
16515.0 41267.0
16595.0 41035.0
17095.0 40954.0
17171.0 40768.0
18092.0 40466.0
18545.0 40444.0
18596.0 40337.0
19912.0 40313.0
21266.0 40312.0
21342.0 40064.0
21708.0 39975.0
24516.0 39974.0
24592.0 39915.0
24820.0 39865.0
25513.0 39758.0
28687.0 39755.0
28763.0 39631.0
32013.0 39572.0
32934.0 39512.0
36184.0 39386.0
39434.0 39326.0
40355.0 39279.0
43605.0 39176.0


