16515.0 48129.0
16816.0 42517.0
16990.0 41426.0
17516.0 41221.0
18016.0 41158.0
18092.0 40496.0
18545.0 40474.0
18596.0 40367.0
21266.0 40364.0
21342.0 40241.0
21708.0 40168.0
24592.0 39958.0
25513.0 39822.0
28763.0 39784.0

16023.0 50329.0
16122.0 48697.0
16515.0 45534.0
17294.0 45480.0
18016.0 44648.0
18092.0 44256.0
19505.0 43374.0
21755.0 43334.0
23931.0 43084.0
25010.0 42294.0
27024.0 41122.0
63874.0 38972.0

16515.0 48129.0
19987.0 46575.0
20742.0 43957.0
24592.0 43086.0
27913.0 41871.0

16515.0 48129.0
20857.0 47905.0
21108.0 46275.0
21342.0 45518.0
21638.0 44753.0
24592.0 43086.0
27913.0 41871.0

16515.0 48129.0
16816.0 42662.0
16990.0 41598.0
17345.0 41436.0
17516.0 41185.0
18016.0 41104.0
18092.0 40496.0
18545.0 40474.0
18596.0 40367.0
19912.0 40343.0
21266.0 40340.0
21342.0 40064.0
21708.0 39975.0
24516.0 39972.0
24592.0 39916.0
25513.0 39758.0
27894.0 39757.0
28687.0 39755.0
28763.0 39631.0
32013.0 39573.0
32934.0 39512.0
36184.0 39385.0
39358.0 39383.0
43605.0 39152.0

16515.0 43706.0
16816.0 41979.0
16990.0 41417.0
17516.0 41185.0
18016.0 41122.0
18092.0 40496.0
18545.0 40479.0
18596.0 40337.0
19912.0 40313.0
21266.0 40310.0
21342.0 40064.0
21708.0 39975.0
24516.0 39972.0
24592.0 39939.0
25513.0 39758.0
28763.0 39632.0
32013.0 39573.0
32934.0 39512.0
36184.0 39410.0
39434.0 39350.0
40355.0 39279.0
43605.0 39177.0
51026.0 39071.0

16515.0 43706.0
16816.0 41979.0
16990.0 41417.0
17516.0 41185.0
18016.0 41122.0
18092.0 40496.0
18545.0 40479.0
18596.0 40337.0
19912.0 40313.0
21266.0 40310.0
21342.0 40064.0
21708.0 39975.0
24516.0 39972.0
24592.0 39939.0
25513.0 39758.0
28763.0 39631.0
32013.0 39573.0
32934.0 39511.0
36184.0 39409.0
39434.0 39350.0
40355.0 39278.0
43605.0 39152.0
46855.0 39117.0
51026.0 39071.0

16515.0 43676.0
16816.0 41979.0
16956.0 41868.0
16990.0 41387.0
17516.0 41155.0
18016.0 41092.0
18092.0 40466.0
18545.0 40449.0
18596.0 40337.0
19912.0 40313.0
21266.0 40310.0
21342.0 40064.0
21708.0 39975.0
24516.0 39972.0
24592.0 39939.0
25513.0 39758.0
28687.0 39757.0
28763.0 39632.0
32013.0 39573.0
32934.0 39512.0
36184.0 39386.0
39434.0 39350.0
40355.0 39279.0
43605.0 39153.0
51026.0 39071.0

16515.0 43706.0
16816.0 41979.0
16990.0 41387.0
17516.0 41155.0
18016.0 41092.0
18092.0 40466.0
18545.0 40449.0
18596.0 40337.0
19912.0 40313.0
21266.0 40310.0
21342.0 40064.0
21708.0 39975.0
24516.0 39972.0
24592.0 39939.0
25513.0 39758.0
28763.0 39631.0
32013.0 39573.0
32934.0 39512.0
36184.0 39409.0
39434.0 39350.0
40355.0 39279.0
43605.0 39153.0
46855.0 39117.0
51026.0 39071.0

16515.0 42833.0
16571.0 41785.0
16990.0 41387.0
17171.0 40835.0
18092.0 40466.0
18545.0 40449.0
18596.0 40337.0
19912.0 40313.0
21266.0 40310.0
21342.0 40064.0
21708.0 39975.0
24516.0 39972.0
24592.0 39939.0
25513.0 39758.0
28687.0 39757.0
28763.0 39631.0
32013.0 39573.0
32934.0 39511.0
36184.0 39386.0
39434.0 39350.0
40355.0 39278.0
43605.0 39153.0
46855.0 39117.0
51026.0 39071.0

16023.0 49568.0
16290.0 49288.0
16515.0 43706.0
16816.0 41979.0
16990.0 41387.0
17516.0 41155.0
18016.0 41092.0
18092.0 40466.0
18545.0 40449.0
18596.0 40337.0
19912.0 40313.0
21266.0 40310.0
21342.0 40064.0
21708.0 39975.0
24516.0 39972.0
24592.0 39939.0
25513.0 39758.0
28763.0 39631.0
32013.0 39573.0
32934.0 39512.0
36184.0 39386.0
39434.0 39350.0
40355.0 39279.0
43605.0 39152.0
46855.0 39117.0
51026.0 39071.0

16515.0 43676.0
16816.0 41979.0
16990.0 41387.0
17516.0 41155.0
18016.0 41092.0
18092.0 40466.0
18545.0 40449.0
18596.0 40337.0
19912.0 40313.0
21266.0 40310.0
21342.0 40064.0
21708.0 39975.0
24516.0 39972.0
24592.0 39916.0
25513.0 39758.0
28763.0 39631.0
32013.0 39573.0
32934.0 39512.0
36184.0 39386.0
39358.0 39383.0
39434.0 39350.0
40355.0 39279.0
43605.0 39152.0
46779.0 39150.0
46855.0 39117.0
51026.0 39071.0
54200.0 39068.0

16515.0 43706.0
16816.0 41979.0
16990.0 41387.0
17516.0 41155.0
18016.0 41092.0
18092.0 40466.0
18545.0 40449.0
18596.0 40337.0
19912.0 40313.0
21266.0 40310.0
21342.0 40064.0
21708.0 39975.0
24516.0 39972.0
24592.0 39939.0
25513.0 39758.0
28763.0 39631.0
32013.0 39573.0
32934.0 39512.0
36184.0 39386.0
39434.0 39350.0
40355.0 39279.0
43605.0 39152.0
46855.0 39117.0
51026.0 39071.0

16515.0 42833.0
16571.0 41785.0
16990.0 41387.0
17171.0 40835.0
18092.0 40466.0
18545.0 40449.0
18596.0 40337.0
19912.0 40313.0
21266.0 40310.0
21342.0 40064.0
21708.0 39975.0
24516.0 39972.0
24592.0 39916.0
25513.0 39758.0
28687.0 39757.0
28763.0 39631.0
32013.0 39573.0
32934.0 39512.0
36108.0 39511.0
36184.0 39386.0
39434.0 39350.0
40355.0 39279.0
43529.0 39278.0
43605.0 39152.0
46855.0 39117.0
51026.0 39071.0

16515.0 43676.0
16816.0 41949.0
16956.0 41838.0
16990.0 41387.0
17171.0 40835.0
18092.0 40466.0
18545.0 40449.0
18596.0 40337.0
19912.0 40313.0
21266.0 40310.0
21342.0 40064.0
21708.0 39975.0
24516.0 39972.0
24592.0 39915.0
25513.0 39758.0
28687.0 39757.0
28763.0 39631.0
32013.0 39573.0
32934.0 39511.0
36108.0 39510.0
36184.0 39386.0
39434.0 39350.0
40355.0 39278.0
43605.0 39152.0
46855.0 39117.0
51026.0 39071.0


