16515.0 41382.0
16595.0 41150.0
17095.0 41087.0
18092.0 40466.0
18545.0 40444.0
18596.0 40337.0
19912.0 40313.0
21266.0 40312.0
21342.0 40064.0
21708.0 39975.0
24592.0 39915.0
25513.0 39854.0
27894.0 39757.0
28763.0 39631.0
32013.0 39572.0
32934.0 39511.0
36108.0 39508.0
36184.0 39385.0
39434.0 39350.0
40355.0 39278.0

15590.0 56725.0
16023.0 49141.0
16515.0 47187.0
16816.0 45559.0
17492.0 45507.0
17945.0 45119.0
18092.0 44737.0
18312.0 43409.0
18545.0 42751.0
18922.0 42707.0
20066.0 42479.0
21342.0 41334.0
27487.0 41274.0
31937.0 40636.0
63874.0 38972.0

18016.0 54904.0
18092.0 47999.0
18596.0 46152.0
21108.0 45758.0
21138.0 45598.0
22020.0 45513.0
22263.0 44164.0
23880.0 43360.0

17745.0 42522.0
18016.0 42452.0
18056.0 42105.0
21266.0 41750.0
21708.0 40849.0
25437.0 40729.0
28687.0 40538.0
36108.0 40246.0

16745.0 46857.0
16816.0 41651.0
16956.0 41540.0
16990.0 41387.0
17516.0 41155.0
18016.0 41092.0
18092.0 40466.0
18545.0 40444.0
18596.0 40337.0
19912.0 40313.0
21266.0 40310.0
21342.0 40064.0
21708.0 39975.0
24516.0 39972.0
24592.0 39915.0
24820.0 39865.0
25513.0 39758.0
27894.0 39757.0
28687.0 39754.0
28763.0 39631.0
31937.0 39629.0
32013.0 39572.0
32934.0 39511.0
36108.0 39510.0
36184.0 39385.0
39358.0 39383.0
39434.0 39327.0
40355.0 39279.0

16515.0 41473.0
16595.0 41241.0
17171.0 40835.0
18092.0 40466.0
18545.0 40444.0
18596.0 40337.0
21342.0 40064.0
21708.0 40040.0
24592.0 39980.0
25513.0 39817.0
27894.0 39757.0
28763.0 39696.0
31937.0 39695.0
32013.0 39637.0
32934.0 39511.0
36184.0 39463.0
39434.0 39433.0
40355.0 39303.0
46855.0 39208.0

16515.0 41473.0
16595.0 41241.0
17171.0 40835.0
18092.0 40466.0
18545.0 40444.0
18596.0 40337.0
19912.0 40313.0
21266.0 40310.0
21342.0 40064.0
21708.0 39999.0
24592.0 39934.0
24820.0 39905.0
25513.0 39758.0
27894.0 39757.0
28763.0 39696.0
31937.0 39695.0
32013.0 39637.0
32934.0 39511.0
36184.0 39463.0
39434.0 39433.0
40355.0 39303.0
46855.0 39208.0

16515.0 41443.0
16595.0 41211.0
17095.0 41148.0
17171.0 40835.0
18092.0 40466.0
18545.0 40444.0
18596.0 40337.0
19912.0 40313.0
21266.0 40312.0
21342.0 40064.0
21708.0 39975.0
24516.0 39974.0
24592.0 39916.0
25513.0 39758.0
27894.0 39757.0
28763.0 39631.0
32013.0 39619.0
32934.0 39511.0
36184.0 39385.0
40355.0 39278.0
46855.0 39208.0

16515.0 41443.0
16595.0 41211.0
17095.0 41148.0
17171.0 40835.0
18092.0 40466.0
18545.0 40444.0
18596.0 40337.0
19912.0 40313.0
21266.0 40310.0
21342.0 40064.0
21708.0 39975.0
24516.0 39972.0
24592.0 39916.0
24820.0 39889.0
25513.0 39758.0
27894.0 39757.0
28763.0 39631.0
31937.0 39629.0
32013.0 39619.0
32934.0 39511.0
36184.0 39399.0
39358.0 39396.0
40355.0 39303.0
46855.0 39208.0

16515.0 41443.0
16595.0 41211.0
17095.0 41112.0
17171.0 40835.0
18092.0 40466.0
18545.0 40444.0
18596.0 40337.0
19912.0 40313.0
21266.0 40312.0
21342.0 40064.0
21708.0 39975.0
24516.0 39974.0
24592.0 39915.0
25513.0 39758.0
27894.0 39757.0
28763.0 39631.0
31937.0 39629.0
32013.0 39596.0
32934.0 39511.0
36184.0 39385.0
39434.0 39340.0
40355.0 39279.0
43605.0 39152.0

16515.0 41473.0
16595.0 41241.0
17171.0 40835.0
18092.0 40466.0
18545.0 40444.0
18596.0 40337.0
19912.0 40313.0
21266.0 40310.0
21342.0 40064.0
21708.0 39975.0
24516.0 39974.0
24592.0 39916.0
24820.0 39905.0
25513.0 39758.0
27894.0 39757.0
28763.0 39696.0
31937.0 39695.0
32013.0 39637.0
32934.0 39511.0
36184.0 39450.0
39434.0 39433.0
40355.0 39303.0
46855.0 39208.0

16515.0 41443.0
16595.0 41211.0
17095.0 41148.0
17171.0 40835.0
18092.0 40466.0
18545.0 40444.0
18596.0 40337.0
19912.0 40313.0
21266.0 40310.0
21342.0 40064.0
21708.0 39975.0
24592.0 39934.0
24820.0 39905.0
25513.0 39758.0
27894.0 39757.0
28763.0 39696.0
31937.0 39695.0
32013.0 39637.0
32934.0 39511.0
36184.0 39439.0
39434.0 39433.0
40355.0 39303.0
46855.0 39208.0

16515.0 41382.0
16595.0 41150.0
17095.0 41069.0
17171.0 40835.0
18092.0 40466.0
18545.0 40444.0
18596.0 40337.0
19912.0 40313.0
21266.0 40310.0
21342.0 40064.0
21708.0 39975.0
24592.0 39915.0
24820.0 39905.0
25513.0 39758.0
27894.0 39757.0
28763.0 39696.0
31937.0 39695.0
32013.0 39637.0
32934.0 39511.0
36184.0 39398.0
40355.0 39303.0
46855.0 39208.0

16515.0 41382.0
16595.0 41150.0
17095.0 41087.0
17171.0 40835.0
18092.0 40466.0
18545.0 40444.0
18596.0 40337.0
19912.0 40313.0
21266.0 40310.0
21342.0 40064.0
21708.0 39975.0
24516.0 39972.0
24592.0 39915.0
24820.0 39865.0
25513.0 39758.0
27894.0 39757.0
28687.0 39755.0
28763.0 39656.0
31937.0 39630.0
32013.0 39596.0
32934.0 39511.0
36108.0 39509.0
36184.0 39386.0
40355.0 39303.0
46855.0 39208.0

16023.0 43258.0
16495.0 43195.0
16515.0 41443.0
16595.0 41181.0
17095.0 41069.0
17171.0 40744.0
18092.0 40466.0
18545.0 40444.0
18596.0 40337.0
19912.0 40313.0
21266.0 40310.0
21342.0 40064.0
21708.0 39975.0
24516.0 39972.0
24592.0 39915.0
24820.0 39908.0
25513.0 39758.0
27894.0 39757.0
28687.0 39755.0
28763.0 39632.0
31937.0 39629.0
32013.0 39596.0
32934.0 39511.0
36108.0 39509.0
36184.0 39385.0
39434.0 39326.0
40355.0 39279.0
43605.0 39152.0
46855.0 39141.0
50029.0 39114.0
50105.0 39076.0
57450.0 39032.0


