16726.0 42979.0
16816.0 41547.0
17516.0 41152.0
18016.0 41053.0
18092.0 40861.0
18545.0 40855.0
18596.0 40562.0
19912.0 40538.0
21342.0 40253.0
21708.0 40203.0
24592.0 40106.0
27913.0 39864.0
28763.0 39757.0
32013.0 39631.0

16070.0 52747.0
16256.0 51602.0
16494.0 50099.0
16515.0 47674.0
18364.0 44145.0
18513.0 43032.0
22263.0 42544.0
37105.0 41514.0
42108.0 41321.0
63874.0 38972.0

17145.0 49137.0
17670.0 48974.0
17996.0 48714.0
18545.0 47545.0
19471.0 45615.0
22020.0 45207.0
22461.0 44941.0
26643.0 43944.0
38158.0 43113.0

17713.0 54378.0
18922.0 47647.0
19946.0 46969.0
22020.0 45207.0
26643.0 43944.0

16515.0 41654.0
16595.0 41259.0
17095.0 41160.0
17171.0 40835.0
18092.0 40619.0
18545.0 40602.0
18596.0 40337.0
19912.0 40313.0
21266.0 40312.0
21342.0 40186.0
21708.0 39975.0
24592.0 39916.0
24820.0 39865.0
25513.0 39758.0
28763.0 39631.0
32013.0 39573.0
32934.0 39512.0
36184.0 39386.0
39434.0 39327.0
46855.0 39281.0
47776.0 39197.0
51026.0 39070.0

16023.0 43412.0
16156.0 42878.0
16495.0 42815.0
16571.0 42163.0
16595.0 41854.0
16990.0 41607.0
17345.0 41445.0
17516.0 41194.0
18016.0 41113.0
18092.0 40496.0
18545.0 40479.0
18596.0 40367.0
19912.0 40343.0
21266.0 40342.0
21342.0 40064.0
24516.0 40037.0
24592.0 39916.0
24820.0 39889.0
25513.0 39868.0
28687.0 39865.0
28763.0 39745.0
31937.0 39738.0
32013.0 39597.0
36184.0 39475.0
39434.0 39461.0
42608.0 39324.0
45858.0 39288.0

16023.0 43321.0
16156.0 42878.0
16495.0 42815.0
16571.0 42163.0
16595.0 41854.0
16990.0 41607.0
17345.0 41445.0
17516.0 41194.0
18016.0 41113.0
18092.0 40496.0
18545.0 40479.0
18596.0 40367.0
19912.0 40343.0
21266.0 40342.0
21342.0 40064.0
24516.0 40037.0
24592.0 39916.0
24820.0 39865.0
27842.0 39829.0
28763.0 39721.0
32013.0 39573.0
35263.0 39537.0
36184.0 39475.0
39434.0 39461.0
42608.0 39324.0
45858.0 39288.0

16023.0 43321.0
16156.0 42762.0
16495.0 42699.0
16571.0 42163.0
16595.0 41714.0
16956.0 41603.0
17095.0 41540.0
17345.0 41445.0
17516.0 41194.0
18016.0 41113.0
18092.0 40496.0
18545.0 40479.0
18596.0 40367.0
19912.0 40343.0
21266.0 40342.0
21342.0 40064.0
24516.0 40037.0
24592.0 39916.0
24820.0 39889.0
25513.0 39868.0
28687.0 39865.0
28763.0 39745.0
31937.0 39738.0
32013.0 39573.0
36184.0 39475.0
39434.0 39461.0
42608.0 39324.0
45858.0 39288.0

16023.0 43321.0
16156.0 42878.0
16495.0 42815.0
16571.0 42163.0
16595.0 41854.0
16990.0 41607.0
17345.0 41445.0
17516.0 41194.0
18016.0 41113.0
18092.0 40496.0
18545.0 40479.0
18596.0 40367.0
19912.0 40343.0
21266.0 40342.0
21342.0 40064.0
24516.0 40037.0
24592.0 39916.0
24820.0 39865.0
28763.0 39721.0
32013.0 39573.0
36184.0 39475.0
39434.0 39461.0
42608.0 39324.0
45858.0 39288.0

16023.0 43321.0
16156.0 42878.0
16495.0 42815.0
16571.0 42163.0
16595.0 41854.0
16990.0 41607.0
17345.0 41445.0
17516.0 41194.0
18016.0 41113.0
18092.0 40496.0
18545.0 40479.0
18596.0 40367.0
19912.0 40343.0
21266.0 40342.0
21342.0 40064.0
24516.0 40037.0
24592.0 39916.0
24820.0 39865.0
28687.0 39864.0
28763.0 39745.0
31937.0 39738.0
32013.0 39573.0
36184.0 39475.0
39434.0 39461.0
42608.0 39324.0
45858.0 39288.0

16023.0 43321.0
16156.0 42878.0
16495.0 42815.0
16571.0 42163.0
16595.0 41854.0
16990.0 41607.0
17345.0 41445.0
17516.0 41194.0
18016.0 41113.0
18092.0 40496.0
18545.0 40474.0
18596.0 40367.0
19912.0 40343.0
21266.0 40342.0
21342.0 40064.0
24516.0 40037.0
24592.0 39916.0
24820.0 39865.0
27842.0 39829.0
28763.0 39715.0
32013.0 39573.0
35263.0 39537.0
36184.0 39475.0
39434.0 39461.0
42608.0 39324.0
45858.0 39288.0

16023.0 43321.0
16156.0 41946.0
16595.0 41714.0
16956.0 41603.0
17095.0 41540.0
17345.0 41445.0
17516.0 41194.0
18016.0 41113.0
18092.0 40496.0
18545.0 40474.0
18596.0 40367.0
19912.0 40343.0
21266.0 40342.0
21342.0 40064.0
24516.0 40037.0
24592.0 39916.0
24820.0 39889.0
25513.0 39868.0
28687.0 39865.0
28763.0 39715.0
32013.0 39573.0
35263.0 39537.0
36184.0 39475.0
39434.0 39461.0
42608.0 39324.0
45858.0 39288.0

16023.0 43321.0
16156.0 42878.0
16495.0 42815.0
16571.0 42163.0
16595.0 41854.0
16990.0 41568.0
17345.0 41445.0
17516.0 41173.0
18016.0 41074.0
18092.0 40496.0
18545.0 40474.0
18596.0 40367.0
19912.0 40343.0
21266.0 40342.0
21342.0 40064.0
21708.0 39999.0
24516.0 39974.0
24592.0 39916.0
24820.0 39865.0
27842.0 39829.0
28763.0 39656.0
31937.0 39631.0
32013.0 39573.0
35263.0 39537.0
36184.0 39475.0
39434.0 39461.0
42608.0 39324.0
45858.0 39288.0

16023.0 43321.0
16156.0 42878.0
16495.0 42815.0
16571.0 42163.0
16595.0 41854.0
16990.0 41568.0
17345.0 41445.0
17516.0 41173.0
18016.0 41074.0
18092.0 40496.0
18545.0 40479.0
18596.0 40367.0
19912.0 40343.0
21266.0 40342.0
21342.0 40064.0
24516.0 40037.0
24592.0 39916.0
24820.0 39889.0
25513.0 39868.0
28687.0 39865.0
28763.0 39715.0
32013.0 39573.0
35263.0 39537.0
36184.0 39475.0
39434.0 39461.0
42608.0 39324.0
45858.0 39288.0

16023.0 43288.0
16156.0 42845.0
16495.0 42815.0
16515.0 42372.0
16571.0 42163.0
16595.0 41730.0
16990.0 41568.0
17345.0 41445.0
17516.0 41173.0
18016.0 41074.0
18092.0 40496.0
18545.0 40479.0
18596.0 40367.0
19912.0 40343.0
21266.0 40342.0
21342.0 40064.0
21708.0 39999.0
24516.0 39996.0
24592.0 39916.0
24820.0 39889.0
25513.0 39817.0
28763.0 39639.0
31937.0 39631.0
32013.0 39573.0
35263.0 39537.0
36184.0 39475.0
39434.0 39461.0
40355.0 39297.0
43605.0 39282.0
46855.0 39118.0


