16023.0 49764.0
16515.0 46498.0
16745.0 43700.0
16816.0 42394.0
16956.0 42239.0
16990.0 41660.0
17516.0 41428.0
18016.0 41259.0
18092.0 40619.0
18596.0 40425.0
19912.0 40401.0
21266.0 40398.0
21342.0 40186.0
21708.0 40063.0
24592.0 39939.0
25513.0 39846.0
28763.0 39631.0
31937.0 39630.0
32013.0 39572.0
36184.0 39385.0

16023.0 49603.0
16094.0 48261.0
16515.0 46263.0
17223.0 45300.0
19069.0 44067.0
20438.0 44012.0
20766.0 42829.0
21342.0 42207.0
24937.0 41790.0
27894.0 41103.0
32934.0 40912.0
63874.0 38972.0

16023.0 49764.0
16515.0 46498.0
18148.0 44805.0
20857.0 44617.0
25010.0 43835.0

16023.0 49764.0
16515.0 46498.0
20438.0 45364.0
21108.0 44829.0
25010.0 43835.0

16023.0 49764.0
16515.0 42317.0
16816.0 41539.0
16990.0 41387.0
17516.0 41155.0
18016.0 41092.0
18092.0 40466.0
18545.0 40444.0
18596.0 40337.0
19912.0 40313.0
21266.0 40310.0
21342.0 40064.0
21708.0 39975.0
24516.0 39972.0
24592.0 39916.0
24820.0 39865.0
25513.0 39758.0
28687.0 39755.0
28763.0 39632.0
32013.0 39573.0
32934.0 39512.0
36184.0 39386.0
39358.0 39385.0
39434.0 39327.0
43605.0 39304.0

16070.0 46573.0
16290.0 44489.0
16515.0 43062.0
16571.0 42679.0
16595.0 42014.0
16990.0 41423.0
17516.0 41191.0
18016.0 41110.0
18092.0 40466.0
18545.0 40444.0
18596.0 40337.0
19912.0 40313.0
21266.0 40312.0
21342.0 40088.0
21708.0 39975.0
24592.0 39916.0
24820.0 39884.0
25513.0 39758.0
28763.0 39632.0
32013.0 39573.0
36184.0 39399.0
39434.0 39340.0

16070.0 46573.0
16290.0 44489.0
16515.0 43062.0
16571.0 42679.0
16595.0 42014.0
16990.0 41423.0
17516.0 41191.0
18016.0 41110.0
18092.0 40466.0
18545.0 40444.0
18596.0 40337.0
19912.0 40313.0
21266.0 40312.0
21342.0 40088.0
21708.0 39975.0
24592.0 39916.0
24820.0 39884.0
25513.0 39758.0
28687.0 39757.0
28763.0 39632.0
32013.0 39573.0
32934.0 39536.0
36184.0 39399.0
39434.0 39340.0

16070.0 46573.0
16290.0 44489.0
16515.0 42409.0
16595.0 42014.0
16990.0 41423.0
17516.0 41191.0
18016.0 41110.0
18092.0 40466.0
18545.0 40444.0
18596.0 40337.0
19912.0 40313.0
21266.0 40312.0
21342.0 40088.0
21657.0 40071.0
21708.0 39975.0
24592.0 39916.0
24820.0 39884.0
25513.0 39758.0
28763.0 39632.0
32013.0 39573.0
36184.0 39399.0
39434.0 39340.0

16070.0 46573.0
16290.0 44489.0
16515.0 43062.0
16571.0 42679.0
16595.0 42014.0
16990.0 41423.0
17516.0 41191.0
18016.0 41110.0
18092.0 40466.0
18545.0 40444.0
18596.0 40337.0
19912.0 40313.0
21266.0 40312.0
21342.0 40088.0
21708.0 39975.0
24592.0 39916.0
24820.0 39884.0
25513.0 39758.0
28763.0 39632.0
31937.0 39631.0
32013.0 39573.0
36184.0 39399.0
39434.0 39340.0

16070.0 46573.0
16290.0 44489.0
16515.0 43062.0
16571.0 42679.0
16595.0 42014.0
16990.0 41423.0
17516.0 41191.0
18016.0 41110.0
18092.0 40466.0
18545.0 40444.0
18596.0 40337.0
19912.0 40313.0
21266.0 40312.0
21342.0 40088.0
21708.0 39975.0
24592.0 39916.0
24820.0 39884.0
25513.0 39758.0
28763.0 39632.0
32013.0 39573.0
36184.0 39399.0
39434.0 39340.0

16070.0 46573.0
16290.0 44489.0
16515.0 43062.0
16571.0 42679.0
16595.0 42014.0
16990.0 41396.0
17516.0 41164.0
18016.0 41101.0
18092.0 40466.0
18545.0 40444.0
18596.0 40337.0
19912.0 40313.0
21266.0 40310.0
21342.0 40064.0
21708.0 39975.0
24592.0 39916.0
24820.0 39865.0
25513.0 39758.0
28687.0 39757.0
28763.0 39632.0
32013.0 39573.0
32934.0 39536.0
36184.0 39399.0
39434.0 39340.0
46855.0 39276.0

16070.0 46573.0
16290.0 44459.0
16515.0 42502.0
16519.0 42270.0
16595.0 42014.0
16990.0 41396.0
17516.0 41164.0
18016.0 41101.0
18092.0 40466.0
18545.0 40444.0
18596.0 40337.0
19912.0 40313.0
21266.0 40310.0
21342.0 40064.0
21708.0 39975.0
24516.0 39974.0
24592.0 39916.0
24820.0 39865.0
25513.0 39758.0
28687.0 39757.0
28763.0 39632.0
32013.0 39573.0
32934.0 39525.0
36184.0 39386.0
39434.0 39340.0
46855.0 39276.0

16070.0 46573.0
16290.0 44489.0
16515.0 43062.0
16571.0 42679.0
16595.0 42014.0
16990.0 41396.0
17516.0 41164.0
18016.0 41101.0
18092.0 40466.0
18545.0 40444.0
18596.0 40337.0
19912.0 40313.0
21266.0 40310.0
21342.0 40064.0
21708.0 39975.0
24592.0 39916.0
24820.0 39865.0
25513.0 39758.0
28687.0 39757.0
28763.0 39632.0
32013.0 39573.0
32934.0 39536.0
36184.0 39399.0
39434.0 39340.0
46855.0 39276.0

16070.0 46573.0
16290.0 44489.0
16515.0 42228.0
16595.0 41996.0
16990.0 41423.0
17516.0 41191.0
18016.0 41110.0
18092.0 40466.0
18545.0 40444.0
18596.0 40337.0
19912.0 40313.0
21266.0 40310.0
21342.0 40064.0
21708.0 39975.0
24516.0 39974.0
24592.0 39916.0
24820.0 39865.0
25513.0 39758.0
28763.0 39632.0
31937.0 39631.0
32013.0 39573.0
32934.0 39536.0
36184.0 39399.0
39434.0 39340.0
46855.0 39276.0

16070.0 46573.0
16290.0 44489.0
16515.0 43062.0
16571.0 42679.0
16595.0 42014.0
16990.0 41423.0
17171.0 40744.0
18092.0 40466.0
18545.0 40444.0
18596.0 40337.0
19912.0 40313.0
21266.0 40310.0
21342.0 40064.0
21708.0 39975.0
24592.0 39916.0
24820.0 39884.0
25513.0 39758.0
28687.0 39757.0
28763.0 39632.0
32013.0 39573.0
32934.0 39536.0
36184.0 39399.0
39434.0 39340.0
42684.0 39304.0
43605.0 39177.0
51026.0 39095.0


