16816.0 42632.0
16990.0 41568.0
17516.0 41173.0
18092.0 40466.0
20387.0 40419.0
21342.0 40064.0
21708.0 39975.0
24592.0 39955.0
25513.0 39916.0
28763.0 39761.0
31937.0 39760.0
32013.0 39636.0
36184.0 39515.0
43605.0 39433.0

15590.0 49450.0
16515.0 48513.0
16526.0 47177.0
17492.0 45655.0
17736.0 45542.0
18016.0 45027.0
18148.0 44343.0
19146.0 42316.0
27913.0 41991.0
28187.0 41779.0
31413.0 41389.0
63874.0 38972.0

18016.0 54904.0
18092.0 47999.0
18596.0 46152.0
21108.0 45758.0
21138.0 45598.0
22020.0 45513.0
22263.0 44164.0
23880.0 43360.0

18016.0 54904.0
18092.0 47999.0
18596.0 46152.0
21108.0 45758.0
23880.0 43360.0

16745.0 44502.0
16816.0 42623.0
16990.0 41442.0
17516.0 41210.0
18016.0 41129.0
18092.0 40466.0
18545.0 40444.0
18596.0 40337.0
19912.0 40313.0
21266.0 40310.0
21342.0 40064.0
21708.0 39975.0
24592.0 39916.0
24820.0 39865.0
25513.0 39758.0
28763.0 39632.0
31937.0 39629.0
32013.0 39573.0
32934.0 39512.0
36184.0 39386.0
39434.0 39327.0
40355.0 39279.0

16515.0 41473.0
16595.0 41241.0
17171.0 40835.0
18092.0 40466.0
18545.0 40444.0
18596.0 40337.0
21342.0 40064.0
21708.0 40063.0
24516.0 40061.0
24592.0 39999.0
24750.0 39998.0
25513.0 39817.0
27894.0 39757.0
28763.0 39696.0
31937.0 39695.0
32013.0 39685.0
32934.0 39511.0
36184.0 39475.0
39434.0 39433.0
40355.0 39303.0
46855.0 39208.0

16515.0 41473.0
16595.0 41241.0
17171.0 40835.0
18092.0 40466.0
18545.0 40444.0
18596.0 40337.0
21342.0 40064.0
21708.0 40063.0
24516.0 40061.0
24592.0 39999.0
24750.0 39998.0
25513.0 39817.0
27894.0 39757.0
28763.0 39696.0
31937.0 39695.0
32013.0 39685.0
32934.0 39511.0
36184.0 39450.0
39434.0 39433.0
40355.0 39303.0
46855.0 39208.0

16515.0 41473.0
16595.0 41241.0
17171.0 40835.0
18092.0 40466.0
18545.0 40444.0
18596.0 40337.0
19912.0 40313.0
21266.0 40312.0
21342.0 40064.0
21708.0 39975.0
24516.0 39974.0
24592.0 39939.0
24750.0 39922.0
25513.0 39758.0
27894.0 39757.0
28763.0 39656.0
32934.0 39511.0
36184.0 39450.0
39434.0 39433.0
40355.0 39278.0
46855.0 39208.0

16515.0 41443.0
16595.0 41211.0
17095.0 41148.0
17171.0 40835.0
18092.0 40466.0
18545.0 40444.0
18596.0 40337.0
21342.0 40064.0
21708.0 39999.0
24516.0 39974.0
24592.0 39939.0
24750.0 39922.0
25513.0 39817.0
27894.0 39757.0
28763.0 39656.0
32934.0 39511.0
36184.0 39410.0
40355.0 39303.0
46855.0 39208.0

16515.0 41443.0
16595.0 41211.0
17095.0 41148.0
17171.0 40835.0
18092.0 40466.0
18545.0 40444.0
18596.0 40337.0
19912.0 40313.0
21266.0 40312.0
21342.0 40064.0
21708.0 39975.0
24516.0 39974.0
24592.0 39939.0
24750.0 39922.0
25513.0 39817.0
27894.0 39757.0
28763.0 39656.0
32934.0 39511.0
36184.0 39410.0
40355.0 39303.0
46855.0 39208.0

16515.0 41473.0
16595.0 41241.0
17171.0 40835.0
18092.0 40466.0
18545.0 40444.0
18596.0 40337.0
19912.0 40313.0
21266.0 40312.0
21342.0 40064.0
21708.0 39975.0
24516.0 39974.0
25513.0 39758.0
27894.0 39757.0
28763.0 39696.0
31937.0 39695.0
32013.0 39685.0
32934.0 39511.0
36184.0 39450.0
39434.0 39433.0
40355.0 39303.0
46855.0 39208.0

16515.0 41443.0
16595.0 41211.0
17095.0 41069.0
17171.0 40744.0
18092.0 40466.0
18545.0 40444.0
18596.0 40337.0
19912.0 40313.0
21266.0 40310.0
21342.0 40064.0
21708.0 39975.0
24516.0 39974.0
24592.0 39915.0
25513.0 39758.0
27894.0 39757.0
28763.0 39632.0
31937.0 39629.0
32013.0 39620.0
32934.0 39511.0
36184.0 39399.0
40355.0 39303.0
46855.0 39208.0

16515.0 41443.0
16595.0 41211.0
17095.0 41069.0
17171.0 40744.0
18092.0 40466.0
18545.0 40444.0
18596.0 40337.0
19912.0 40313.0
21266.0 40312.0
21342.0 40064.0
21708.0 39999.0
24516.0 39974.0
24592.0 39915.0
24820.0 39889.0
25513.0 39758.0
27894.0 39757.0
28763.0 39656.0
32934.0 39511.0
36184.0 39398.0
40355.0 39303.0
46855.0 39208.0

16515.0 41443.0
16595.0 41211.0
17095.0 41069.0
17171.0 40744.0
18092.0 40466.0
18545.0 40444.0
18596.0 40337.0
21342.0 40064.0
21708.0 39975.0
24516.0 39972.0
24592.0 39916.0
25513.0 39758.0
27894.0 39757.0
28763.0 39632.0
32934.0 39511.0
36184.0 39398.0
39434.0 39369.0
40355.0 39303.0
46855.0 39208.0

16023.0 43126.0
16156.0 42062.0
16515.0 41473.0
16595.0 41241.0
17095.0 41178.0
17171.0 40835.0
18092.0 40466.0
18545.0 40444.0
18596.0 40337.0
19912.0 40313.0
21266.0 40312.0
21342.0 40064.0
21708.0 39975.0
24516.0 39972.0
24592.0 39915.0
25513.0 39758.0
27894.0 39757.0
28763.0 39631.0
32013.0 39615.0
32934.0 39511.0
36184.0 39385.0
39434.0 39350.0
40355.0 39302.0
43605.0 39219.0
46779.0 39216.0
46855.0 39208.0
50029.0 39181.0


