16816.0 41929.0
16990.0 41663.0
17516.0 41268.0
18016.0 41169.0
18092.0 40606.0
18545.0 40589.0
18596.0 40337.0
19912.0 40313.0
21342.0 40064.0
21708.0 39975.0
24592.0 39916.0
24820.0 39884.0
25513.0 39758.0
28763.0 39632.0
36184.0 39475.0

16070.0 55710.0
16341.0 55129.0
16515.0 49908.0
16526.0 47078.0
16990.0 46503.0
17492.0 44388.0
18513.0 43812.0
18615.0 43410.0
18671.0 42565.0
24440.0 42109.0
24750.0 41926.0
26992.0 41579.0
28763.0 41083.0
32858.0 40940.0
63874.0 38972.0

17492.0 55847.0
18122.0 49741.0
18615.0 49514.0
19471.0 48926.0
19946.0 47063.0
20742.0 46231.0
20766.0 46089.0
21266.0 45872.0
21657.0 44805.0
23240.0 42729.0
28763.0 41083.0

17492.0 55847.0
18122.0 49741.0
18615.0 49514.0
19247.0 44965.0
21657.0 44805.0
23240.0 42729.0
28763.0 41083.0

16745.0 44898.0
16816.0 42456.0
16956.0 41902.0
16990.0 41487.0
17516.0 41182.0
18016.0 41083.0
18092.0 40466.0
18545.0 40444.0
18596.0 40337.0
19912.0 40313.0
21266.0 40310.0
21342.0 40064.0
21708.0 39975.0
24516.0 39972.0
24592.0 39915.0
24820.0 39865.0
25513.0 39758.0
27894.0 39757.0
28763.0 39631.0
32013.0 39572.0
32934.0 39512.0
36184.0 39386.0
39434.0 39326.0
40355.0 39279.0
43605.0 39152.0
46855.0 39093.0

16023.0 42369.0
16156.0 42347.0
16515.0 41448.0
16595.0 41053.0
17095.0 40954.0
18092.0 40531.0
18545.0 40509.0
18596.0 40353.0
19912.0 40313.0
21266.0 40310.0
21342.0 40186.0
21657.0 40176.0
21708.0 39975.0
24592.0 39916.0
24820.0 39865.0
25513.0 39758.0
28763.0 39632.0
32013.0 39573.0
36184.0 39450.0
43605.0 39217.0

16023.0 42369.0
16156.0 42347.0
16515.0 41448.0
16595.0 41053.0
17095.0 40954.0
17171.0 40744.0
18092.0 40531.0
18545.0 40509.0
18596.0 40353.0
19912.0 40313.0
21266.0 40310.0
21342.0 40186.0
21657.0 40176.0
21708.0 39975.0
24516.0 39972.0
24592.0 39916.0
24820.0 39865.0
25513.0 39758.0
28763.0 39632.0
32013.0 39573.0
36184.0 39450.0
43605.0 39217.0

16023.0 42369.0
16156.0 42347.0
16515.0 41448.0
16595.0 41053.0
17095.0 40954.0
18092.0 40531.0
18545.0 40509.0
18596.0 40353.0
19912.0 40313.0
21266.0 40310.0
21342.0 40186.0
21657.0 40176.0
21708.0 39975.0
24516.0 39974.0
24592.0 39916.0
24820.0 39865.0
25513.0 39758.0
28763.0 39632.0
32013.0 39573.0
32934.0 39512.0
36184.0 39386.0
39434.0 39374.0
43605.0 39217.0

16023.0 42369.0
16156.0 42347.0
16515.0 41448.0
16595.0 41053.0
17095.0 40954.0
17171.0 40744.0
18092.0 40531.0
18545.0 40509.0
18596.0 40337.0
19912.0 40313.0
21266.0 40310.0
21342.0 40186.0
21657.0 40176.0
21708.0 39975.0
24516.0 39972.0
24592.0 39916.0
24820.0 39865.0
25513.0 39758.0
28763.0 39632.0
32013.0 39573.0
32934.0 39536.0
36184.0 39410.0
43605.0 39217.0

16023.0 42369.0
16156.0 42347.0
16515.0 41448.0
16595.0 41053.0
17095.0 40954.0
18092.0 40466.0
18545.0 40444.0
18596.0 40337.0
19912.0 40313.0
21266.0 40310.0
21342.0 40064.0
21708.0 39975.0
24516.0 39972.0
24592.0 39916.0
24820.0 39865.0
25513.0 39758.0
28687.0 39757.0
28763.0 39632.0
31937.0 39629.0
32013.0 39573.0
32934.0 39512.0
36184.0 39386.0
43605.0 39217.0

16023.0 42369.0
16156.0 42347.0
16515.0 41448.0
16595.0 41053.0
17095.0 40954.0
17171.0 40744.0
18092.0 40531.0
18545.0 40509.0
18596.0 40337.0
19912.0 40313.0
21266.0 40310.0
21342.0 40169.0
21708.0 39975.0
24516.0 39972.0
24592.0 39916.0
24820.0 39865.0
25513.0 39758.0
28763.0 39632.0
32013.0 39573.0
32934.0 39512.0
36184.0 39386.0
43605.0 39217.0

16023.0 42369.0
16156.0 42088.0
16515.0 41448.0
16595.0 41053.0
17095.0 40954.0
17171.0 40744.0
18092.0 40466.0
18596.0 40337.0
19912.0 40313.0
21266.0 40310.0
21342.0 40104.0
21708.0 39975.0
24516.0 39972.0
24592.0 39916.0
24820.0 39865.0
25513.0 39758.0
28763.0 39632.0
31937.0 39631.0
32013.0 39573.0
32934.0 39512.0
36184.0 39386.0
43605.0 39217.0

16023.0 42369.0
16156.0 42347.0
16515.0 41448.0
16595.0 41053.0
17095.0 40954.0
17171.0 40744.0
18092.0 40531.0
18545.0 40509.0
18596.0 40337.0
19912.0 40313.0
21266.0 40310.0
21342.0 40169.0
21708.0 39975.0
24516.0 39972.0
24592.0 39916.0
24820.0 39865.0
25513.0 39758.0
28763.0 39632.0
32013.0 39573.0
32934.0 39512.0
36184.0 39386.0
43605.0 39217.0

16023.0 42369.0
16156.0 42347.0
16515.0 41448.0
16595.0 41053.0
17095.0 40954.0
18092.0 40466.0
18545.0 40444.0
18596.0 40337.0
19912.0 40313.0
21266.0 40310.0
21342.0 40064.0
21708.0 39975.0
24516.0 39972.0
24592.0 39916.0
24820.0 39865.0
25513.0 39758.0
28687.0 39755.0
28763.0 39631.0
32013.0 39573.0
32934.0 39512.0
36184.0 39386.0
39434.0 39364.0
43605.0 39217.0

16023.0 42369.0
16156.0 42347.0
16515.0 41448.0
16595.0 41053.0
17095.0 40954.0
17171.0 40744.0
18092.0 40466.0
18545.0 40444.0
18596.0 40337.0
19912.0 40313.0
21266.0 40310.0
21342.0 40064.0
21708.0 39975.0
24516.0 39972.0
24592.0 39916.0
24820.0 39865.0
25513.0 39758.0
28763.0 39632.0
32013.0 39573.0
32934.0 39512.0
36184.0 39386.0
39434.0 39363.0
43605.0 39153.0


