16136.0 45193.0
16156.0 44834.0
16816.0 41889.0
16990.0 41633.0
17345.0 41471.0
17516.0 41238.0
18016.0 41139.0
18092.0 40671.0
18545.0 40649.0
18596.0 40402.0
19912.0 40378.0
21266.0 40375.0
21342.0 40064.0
21708.0 39975.0
24592.0 39915.0
25513.0 39854.0
27894.0 39757.0
28763.0 39697.0
31937.0 39635.0
32013.0 39579.0
32934.0 39518.0
36108.0 39515.0
36184.0 39385.0
39434.0 39350.0
40355.0 39285.0
43605.0 39248.0
46855.0 39100.0
50105.0 39065.0
54276.0 39018.0

16023.0 47387.0
16494.0 47118.0
16571.0 46689.0
16990.0 44034.0
18016.0 43674.0
18122.0 43571.0
18596.0 43473.0
18615.0 42616.0
20766.0 42438.0
21266.0 42393.0
21708.0 41370.0
25513.0 41236.0
27766.0 41115.0
28687.0 41046.0
39434.0 40703.0
63874.0 38972.0

16256.0 50460.0
18056.0 45900.0
20178.0 44832.0
21708.0 44188.0
24516.0 42916.0
27487.0 42282.0

16256.0 50460.0
17145.0 46648.0
17516.0 43596.0
24516.0 42916.0
27487.0 42282.0

15590.0 46209.0
16070.0 45694.0
16093.0 44757.0
16290.0 43265.0
16816.0 41949.0
16956.0 41641.0
16990.0 41396.0
17516.0 41164.0
18016.0 41083.0
18092.0 40542.0
18596.0 40418.0
19912.0 40313.0
21342.0 40064.0
21708.0 39975.0
24516.0 39972.0
24592.0 39915.0
24820.0 39865.0
25513.0 39758.0
27894.0 39757.0
28687.0 39755.0
28763.0 39631.0
31937.0 39629.0
32013.0 39572.0
32934.0 39511.0
36184.0 39385.0
39434.0 39326.0
40355.0 39278.0
43605.0 39152.0
46779.0 39151.0
46855.0 39093.0
50105.0 39058.0
53279.0 39057.0

16156.0 42838.0
16495.0 42739.0
16515.0 41267.0
16595.0 41053.0
17095.0 40954.0
17171.0 40744.0
18092.0 40466.0
18545.0 40449.0
18596.0 40337.0
19912.0 40313.0
21266.0 40310.0
21342.0 40064.0
21708.0 39975.0
24516.0 39972.0
24592.0 39916.0
24820.0 39884.0
25513.0 39758.0
28687.0 39755.0
28763.0 39632.0
31937.0 39629.0
32013.0 39573.0
32934.0 39549.0
36184.0 39386.0
39358.0 39383.0
39434.0 39351.0
40355.0 39326.0

16156.0 42838.0
16495.0 42739.0
16515.0 41267.0
16595.0 41053.0
17095.0 40954.0
17171.0 40744.0
18092.0 40466.0
18545.0 40449.0
18596.0 40337.0
19912.0 40313.0
21266.0 40310.0
21342.0 40064.0
21708.0 39975.0
24516.0 39972.0
24592.0 39916.0
24820.0 39884.0
25513.0 39758.0
28687.0 39755.0
28763.0 39632.0
31937.0 39629.0
32013.0 39573.0
32934.0 39536.0
36184.0 39386.0
39358.0 39383.0
39434.0 39351.0
40355.0 39326.0

16023.0 42776.0
16156.0 42176.0
16515.0 41267.0
16595.0 41053.0
17095.0 40954.0
17171.0 40744.0
18092.0 40466.0
18545.0 40449.0
18596.0 40337.0
19912.0 40313.0
21266.0 40310.0
21342.0 40064.0
21708.0 39975.0
24516.0 39972.0
24592.0 39916.0
24820.0 39865.0
25513.0 39758.0
28687.0 39755.0
28763.0 39632.0
31937.0 39629.0
32013.0 39573.0
32934.0 39525.0
36108.0 39511.0
36184.0 39386.0
39358.0 39383.0
39434.0 39327.0
40355.0 39326.0
42608.0 39324.0

16023.0 43940.0
16156.0 42088.0
16515.0 41267.0
16595.0 41053.0
17095.0 40954.0
17171.0 40744.0
18092.0 40466.0
18545.0 40449.0
18596.0 40337.0
19912.0 40313.0
21266.0 40310.0
21342.0 40064.0
21708.0 39975.0
24516.0 39972.0
24592.0 39916.0
24820.0 39884.0
25513.0 39758.0
28687.0 39755.0
28763.0 39632.0
31937.0 39629.0
32013.0 39573.0
32934.0 39525.0
36184.0 39386.0
39358.0 39383.0
39434.0 39340.0
40355.0 39326.0

16023.0 42375.0
16156.0 41932.0
16515.0 41267.0
16595.0 41035.0
17095.0 40954.0
17171.0 40744.0
18092.0 40466.0
18545.0 40449.0
18596.0 40337.0
19912.0 40313.0
21266.0 40310.0
21342.0 40064.0
21708.0 39975.0
24516.0 39972.0
24592.0 39916.0
24820.0 39884.0
25513.0 39758.0
28687.0 39755.0
28763.0 39632.0
31937.0 39629.0
32013.0 39573.0
32934.0 39525.0
36108.0 39511.0
36184.0 39386.0
39358.0 39383.0
39434.0 39351.0
40355.0 39326.0

16023.0 42375.0
16156.0 41932.0
16515.0 41267.0
16595.0 41053.0
17095.0 40954.0
17171.0 40744.0
18092.0 40466.0
18545.0 40449.0
18596.0 40337.0
19912.0 40313.0
21266.0 40310.0
21342.0 40064.0
21708.0 39975.0
24516.0 39972.0
24592.0 39916.0
24820.0 39884.0
25513.0 39758.0
28687.0 39755.0
28763.0 39632.0
31937.0 39629.0
32013.0 39573.0
32934.0 39512.0
36108.0 39509.0
36184.0 39386.0
39358.0 39383.0
39434.0 39340.0
40355.0 39326.0
43605.0 39284.0

16023.0 42375.0
16156.0 41932.0
16515.0 41267.0
16595.0 41053.0
17095.0 40954.0
17171.0 40744.0
18092.0 40466.0
18545.0 40444.0
18596.0 40337.0
19912.0 40313.0
21266.0 40310.0
21342.0 40064.0
21708.0 39975.0
24516.0 39972.0
24592.0 39915.0
24820.0 39884.0
25513.0 39758.0
28687.0 39755.0
28763.0 39632.0
31937.0 39629.0
32013.0 39573.0
32934.0 39512.0
36108.0 39509.0
36184.0 39386.0
39358.0 39383.0
39434.0 39340.0
40355.0 39326.0
43605.0 39284.0

16023.0 42375.0
16156.0 41932.0
16515.0 41267.0
16595.0 41053.0
17095.0 40954.0
17171.0 40744.0
18092.0 40466.0
18545.0 40449.0
18596.0 40337.0
19912.0 40313.0
21266.0 40310.0
21342.0 40064.0
21708.0 39975.0
24516.0 39972.0
24592.0 39916.0
24820.0 39884.0
25513.0 39758.0
28687.0 39755.0
28763.0 39632.0
31937.0 39629.0
32013.0 39573.0
32934.0 39512.0
36108.0 39509.0
36184.0 39386.0
39358.0 39383.0
39434.0 39340.0
40355.0 39326.0
43605.0 39284.0

16023.0 42375.0
16156.0 41932.0
16515.0 41267.0
16595.0 41035.0
17095.0 40954.0
17171.0 40744.0
18092.0 40466.0
18545.0 40444.0
18596.0 40337.0
19912.0 40313.0
21266.0 40310.0
21342.0 40064.0
21708.0 39975.0
24516.0 39972.0
24592.0 39916.0
24820.0 39884.0
25513.0 39758.0
28687.0 39755.0
28763.0 39632.0
31937.0 39629.0
32013.0 39573.0
32934.0 39512.0
36108.0 39509.0
36184.0 39386.0
39358.0 39383.0
39434.0 39340.0
40355.0 39326.0
43605.0 39284.0

16023.0 42369.0
16156.0 42088.0
16515.0 41267.0
16595.0 41053.0
17095.0 40954.0
17171.0 40744.0
18092.0 40466.0
18545.0 40444.0
18596.0 40337.0
19912.0 40313.0
21266.0 40310.0
21342.0 40064.0
21708.0 39975.0
24516.0 39972.0
24592.0 39915.0
24820.0 39865.0
25513.0 39758.0
28687.0 39755.0
28763.0 39632.0
31937.0 39629.0
32013.0 39573.0
32934.0 39525.0
36108.0 39509.0
36184.0 39386.0
39358.0 39383.0
39434.0 39340.0
40355.0 39303.0
43605.0 39153.0
46855.0 39094.0
54276.0 39029.0


