16023.0 50678.0
16515.0 42916.0
16519.0 42698.0
16571.0 41779.0
17171.0 40829.0
18092.0 40531.0
18596.0 40418.0
21266.0 40399.0
21342.0 40193.0
21708.0 40104.0
24592.0 40068.0
28763.0 39973.0
32013.0 39947.0
36184.0 39938.0
39434.0 39702.0
42684.0 39567.0

16023.0 49867.0
17279.0 49752.0
17736.0 45467.0
18092.0 45101.0
20857.0 44938.0
21138.0 43398.0
21708.0 42984.0
23480.0 42930.0
26666.0 42720.0
27043.0 41772.0
60700.0 38973.0

16023.0 50678.0
17745.0 49140.0
18671.0 46985.0
19769.0 46014.0
20612.0 45700.0
21708.0 43921.0
34118.0 41848.0

16023.0 50678.0
16726.0 50505.0
17745.0 49140.0
18016.0 44692.0
20955.0 44483.0
21708.0 43921.0
22263.0 43763.0

16023.0 42438.0
16156.0 41995.0
16595.0 41763.0
16956.0 41652.0
17095.0 41587.0
17171.0 41549.0
18545.0 41289.0
18596.0 41193.0
18615.0 40443.0
20387.0 40419.0
21266.0 40416.0
21342.0 40064.0
21708.0 39975.0
24516.0 39974.0
24592.0 39915.0
24820.0 39865.0
25513.0 39758.0
28763.0 39632.0
31937.0 39631.0
32013.0 39572.0
36184.0 39386.0
39434.0 39326.0
43605.0 39153.0

16515.0 41267.0
16595.0 41035.0
17095.0 40972.0
17171.0 40744.0
18092.0 40466.0
18545.0 40444.0
18596.0 40337.0
19912.0 40313.0
21266.0 40312.0
21342.0 40064.0
21708.0 39975.0
24592.0 39939.0
24820.0 39884.0
25513.0 39758.0
27894.0 39757.0
28763.0 39631.0
32013.0 39573.0
32934.0 39536.0
36184.0 39512.0
39434.0 39363.0
46855.0 39336.0

16515.0 41267.0
16595.0 41035.0
17095.0 40972.0
17171.0 40744.0
18092.0 40466.0
18545.0 40444.0
18596.0 40337.0
19912.0 40313.0
21266.0 40312.0
21342.0 40064.0
21708.0 39975.0
24592.0 39939.0
24820.0 39884.0
25513.0 39758.0
27894.0 39757.0
28763.0 39631.0
32013.0 39573.0
32934.0 39536.0
36184.0 39512.0
39434.0 39363.0
46855.0 39336.0

16515.0 41267.0
16595.0 41035.0
17095.0 40972.0
17171.0 40744.0
18092.0 40466.0
18545.0 40444.0
18596.0 40337.0
19912.0 40313.0
21266.0 40312.0
21342.0 40064.0
21708.0 39975.0
24592.0 39916.0
24820.0 39884.0
25513.0 39758.0
27894.0 39757.0
28763.0 39631.0
32013.0 39573.0
32934.0 39536.0
36184.0 39512.0
39434.0 39363.0
46855.0 39336.0

16515.0 41267.0
16595.0 41035.0
17095.0 40972.0
17171.0 40744.0
18092.0 40466.0
18545.0 40444.0
18596.0 40337.0
19912.0 40313.0
21266.0 40312.0
21342.0 40064.0
21708.0 39975.0
24592.0 39939.0
24820.0 39884.0
25513.0 39758.0
27894.0 39757.0
28763.0 39631.0
32013.0 39573.0
32934.0 39536.0
36184.0 39512.0
39434.0 39363.0
46855.0 39336.0

16515.0 41267.0
16595.0 41035.0
17095.0 40972.0
17171.0 40744.0
18092.0 40466.0
18545.0 40444.0
18596.0 40337.0
19912.0 40313.0
21266.0 40312.0
21342.0 40064.0
21708.0 39975.0
24592.0 39939.0
24820.0 39884.0
25513.0 39758.0
27894.0 39757.0
28763.0 39631.0
32013.0 39573.0
32934.0 39536.0
36184.0 39512.0
39434.0 39363.0
46855.0 39336.0

16515.0 41267.0
16595.0 41035.0
17095.0 40972.0
17171.0 40744.0
18092.0 40466.0
18545.0 40444.0
18596.0 40337.0
19912.0 40313.0
21266.0 40312.0
21342.0 40064.0
21708.0 39975.0
24592.0 39939.0
24820.0 39884.0
25513.0 39758.0
27894.0 39757.0
28763.0 39631.0
32013.0 39573.0
32934.0 39536.0
36184.0 39512.0
39434.0 39363.0
46855.0 39336.0

16515.0 41267.0
16595.0 41035.0
17095.0 40972.0
17171.0 40744.0
18092.0 40466.0
18545.0 40444.0
18596.0 40337.0
19912.0 40313.0
21266.0 40312.0
21342.0 40064.0
21708.0 39975.0
24592.0 39916.0
24820.0 39884.0
25513.0 39758.0
27894.0 39757.0
28763.0 39631.0
32013.0 39573.0
32934.0 39536.0
36184.0 39512.0
39434.0 39363.0
46855.0 39336.0

16515.0 41267.0
16595.0 41035.0
17095.0 40972.0
17171.0 40744.0
18092.0 40466.0
18545.0 40444.0
18596.0 40337.0
19912.0 40313.0
21266.0 40312.0
21342.0 40064.0
21708.0 39975.0
24592.0 39939.0
24820.0 39884.0
25513.0 39758.0
27894.0 39757.0
28763.0 39631.0
32013.0 39573.0
32934.0 39536.0
36184.0 39512.0
39434.0 39363.0
46855.0 39336.0

16515.0 41267.0
16595.0 41035.0
17095.0 40972.0
17171.0 40744.0
18092.0 40466.0
18545.0 40444.0
18596.0 40337.0
19912.0 40313.0
21266.0 40312.0
21342.0 40064.0
21708.0 39975.0
24592.0 39916.0
24820.0 39884.0
25513.0 39758.0
27894.0 39757.0
28763.0 39631.0
32013.0 39573.0
32934.0 39536.0
36184.0 39512.0
39434.0 39363.0
46855.0 39336.0

16515.0 41267.0
16595.0 41035.0
17095.0 40972.0
17171.0 40744.0
18092.0 40466.0
18545.0 40444.0
18596.0 40337.0
19912.0 40313.0
21266.0 40312.0
21342.0 40064.0
21708.0 39975.0
24592.0 39915.0
24820.0 39884.0
25513.0 39758.0
27894.0 39757.0
28763.0 39631.0
32013.0 39572.0
32934.0 39536.0
36184.0 39512.0
39434.0 39357.0
46855.0 39124.0


