16515.0 45232.0
16816.0 42365.0
16990.0 41396.0
17516.0 41164.0
18016.0 41101.0
18092.0 40624.0
18545.0 40602.0
18596.0 40495.0
19912.0 40471.0
20766.0 40415.0
21342.0 40064.0
21708.0 39975.0
24516.0 39972.0
24592.0 39916.0
25513.0 39758.0
27894.0 39757.0
28763.0 39631.0
32934.0 39512.0
36184.0 39405.0
40355.0 39278.0
43605.0 39152.0

16023.0 49583.0
16515.0 45356.0
16990.0 45348.0
17171.0 43744.0
18092.0 43034.0
18545.0 42652.0
18922.0 42310.0
21266.0 41354.0
21342.0 41142.0
22263.0 40831.0
63874.0 38972.0

16745.0 50551.0
18469.0 49753.0
18615.0 48669.0
20438.0 47316.0
21021.0 45782.0
21342.0 43556.0
30136.0 41661.0

16745.0 50551.0
17996.0 49420.0
18615.0 46894.0
20066.0 45647.0
20238.0 44743.0
21342.0 43556.0
27966.0 42935.0
28885.0 42904.0
30136.0 41661.0
31978.0 40708.0

16745.0 50551.0
16816.0 41651.0
16956.0 41540.0
16990.0 41387.0
17516.0 41155.0
18016.0 41074.0
18092.0 40466.0
18545.0 40444.0
18596.0 40337.0
19912.0 40313.0
21266.0 40310.0
21342.0 40064.0
21708.0 39975.0
24516.0 39972.0
24592.0 39915.0
24820.0 39865.0
25513.0 39758.0
27894.0 39757.0
28687.0 39754.0
28763.0 39631.0
31937.0 39628.0
32013.0 39572.0
32934.0 39511.0
36108.0 39508.0
36184.0 39385.0
39434.0 39326.0
40355.0 39278.0
43605.0 39152.0
46855.0 39093.0

16495.0 45524.0
16515.0 41531.0
16595.0 41317.0
17095.0 41218.0
17171.0 40744.0
18092.0 40466.0
18545.0 40444.0
18596.0 40337.0
19912.0 40313.0
21266.0 40310.0
21342.0 40064.0
21708.0 39975.0
24516.0 39972.0
24592.0 39915.0
24820.0 39865.0
25513.0 39782.0
27843.0 39765.0
28763.0 39632.0
32013.0 39572.0
32934.0 39536.0
36184.0 39399.0
46855.0 39346.0

16495.0 45524.0
16515.0 41531.0
16595.0 41317.0
17095.0 41218.0
17171.0 40744.0
18092.0 40466.0
18545.0 40444.0
18596.0 40337.0
19912.0 40313.0
21266.0 40310.0
21342.0 40064.0
21708.0 39975.0
24516.0 39972.0
24592.0 39915.0
24820.0 39865.0
25513.0 39758.0
28763.0 39632.0
32013.0 39572.0
32934.0 39531.0
36184.0 39399.0
39434.0 39363.0
46855.0 39346.0

16023.0 47707.0
16290.0 45623.0
16495.0 45524.0
16515.0 41382.0
16595.0 41150.0
17095.0 41087.0
17171.0 40744.0
18092.0 40466.0
18545.0 40444.0
18596.0 40337.0
19912.0 40313.0
21266.0 40310.0
21342.0 40064.0
21708.0 39975.0
24516.0 39972.0
24592.0 39915.0
24820.0 39865.0
25513.0 39782.0
27843.0 39765.0
28687.0 39755.0
28763.0 39632.0
32013.0 39572.0
32934.0 39536.0
36184.0 39399.0
39434.0 39367.0
43605.0 39217.0
46855.0 39134.0

16495.0 45524.0
16515.0 41395.0
16595.0 41181.0
17095.0 41082.0
17171.0 40744.0
18092.0 40466.0
18545.0 40444.0
18596.0 40337.0
19912.0 40313.0
21266.0 40310.0
21342.0 40064.0
21708.0 39975.0
24516.0 39972.0
24592.0 39915.0
24820.0 39865.0
25513.0 39782.0
27843.0 39765.0
28687.0 39755.0
28763.0 39632.0
32013.0 39572.0
32934.0 39536.0
36184.0 39399.0
39434.0 39367.0
43605.0 39193.0
46855.0 39134.0

16023.0 47707.0
16290.0 45623.0
16495.0 45524.0
16515.0 41531.0
16595.0 41317.0
17095.0 41212.0
17171.0 40744.0
18092.0 40466.0
18545.0 40444.0
18596.0 40337.0
19912.0 40313.0
21266.0 40310.0
21342.0 40064.0
21708.0 39975.0
24516.0 39972.0
24592.0 39915.0
24820.0 39865.0
25513.0 39758.0
28687.0 39755.0
28763.0 39632.0
31937.0 39631.0
32013.0 39572.0
32934.0 39512.0
36184.0 39386.0
39434.0 39340.0
43605.0 39217.0
46855.0 39134.0

16023.0 51248.0
16495.0 45524.0
16515.0 41531.0
16595.0 41317.0
17095.0 41218.0
17171.0 40744.0
18092.0 40466.0
18545.0 40444.0
18596.0 40337.0
19912.0 40313.0
21266.0 40310.0
21342.0 40064.0
21708.0 39975.0
24516.0 39972.0
24592.0 39915.0
24820.0 39865.0
25513.0 39758.0
28687.0 39755.0
28763.0 39632.0
32013.0 39572.0
32934.0 39531.0
36184.0 39399.0
39434.0 39363.0
43605.0 39193.0
46855.0 39134.0

16495.0 45272.0
16515.0 41531.0
16595.0 41317.0
17095.0 41218.0
17171.0 40744.0
18092.0 40466.0
18545.0 40444.0
18596.0 40337.0
19912.0 40313.0
21266.0 40310.0
21342.0 40064.0
21708.0 39975.0
24516.0 39972.0
24592.0 39915.0
24820.0 39865.0
25513.0 39758.0
28687.0 39754.0
28763.0 39632.0
32013.0 39572.0
32934.0 39525.0
36184.0 39399.0
39434.0 39340.0
43605.0 39193.0
46855.0 39134.0

16495.0 45524.0
16515.0 41267.0
16595.0 41035.0
17095.0 40972.0
17171.0 40744.0
18092.0 40466.0
18545.0 40444.0
18596.0 40337.0
19912.0 40313.0
21266.0 40310.0
21342.0 40064.0
21708.0 39975.0
24516.0 39972.0
24592.0 39915.0
24820.0 39865.0
25513.0 39758.0
28687.0 39755.0
28763.0 39632.0
31937.0 39630.0
32013.0 39572.0
32934.0 39525.0
36108.0 39524.0
36184.0 39399.0
39434.0 39363.0
43605.0 39152.0
46855.0 39134.0

16023.0 47707.0
16290.0 45623.0
16495.0 45524.0
16515.0 41267.0
16595.0 41035.0
17095.0 40972.0
17171.0 40744.0
18092.0 40466.0
18545.0 40444.0
18596.0 40337.0
19912.0 40313.0
21266.0 40310.0
21342.0 40064.0
21708.0 39975.0
24516.0 39972.0
24592.0 39915.0
24820.0 39865.0
25513.0 39758.0
28687.0 39755.0
28763.0 39632.0
31937.0 39631.0
32013.0 39572.0
32934.0 39524.0
36184.0 39386.0
39434.0 39327.0
40355.0 39279.0
43605.0 39177.0
46855.0 39134.0

16495.0 45524.0
16515.0 41334.0
16595.0 41102.0
17095.0 40972.0
17171.0 40744.0
18092.0 40466.0
18545.0 40444.0
18596.0 40337.0
19912.0 40313.0
21266.0 40310.0
21342.0 40064.0
21708.0 39975.0
24516.0 39972.0
24592.0 39915.0
24820.0 39865.0
25513.0 39758.0
27894.0 39757.0
28687.0 39755.0
28763.0 39632.0
31937.0 39630.0
32013.0 39572.0
32934.0 39512.0
36108.0 39509.0
36184.0 39386.0
39434.0 39327.0
43529.0 39300.0
43605.0 39217.0
46855.0 39093.0
50105.0 39058.0
54276.0 39012.0


