16816.0 42046.0
16956.0 41976.0
16990.0 41780.0
17516.0 41385.0
18016.0 41286.0
18092.0 40646.0
18596.0 40337.0
19912.0 40313.0
21342.0 40064.0
21708.0 39975.0
24592.0 39916.0
25513.0 39758.0
28763.0 39632.0
32934.0 39622.0
36184.0 39399.0
43605.0 39153.0

16023.0 52609.0
16156.0 49242.0
16290.0 47264.0
16595.0 44040.0
18092.0 43643.0
18615.0 43610.0
18623.0 42702.0
20827.0 42140.0
21342.0 41519.0
21708.0 40884.0
28687.0 40450.0
32934.0 40361.0
63874.0 38972.0

17279.0 50448.0
17745.0 45860.0
20857.0 44856.0
21657.0 43765.0
23316.0 42930.0

17279.0 50448.0
17745.0 45860.0
18122.0 45289.0
20857.0 44856.0
21342.0 42099.0

16023.0 43155.0
16156.0 42712.0
16515.0 42100.0
16595.0 41868.0
16990.0 41387.0
17516.0 41155.0
18016.0 41074.0
18092.0 40466.0
18545.0 40444.0
18596.0 40337.0
19912.0 40313.0
21266.0 40310.0
21342.0 40064.0
21708.0 39975.0
24516.0 39972.0
24592.0 39915.0
25513.0 39758.0
27894.0 39757.0
28687.0 39755.0
28763.0 39631.0
31937.0 39629.0
32013.0 39572.0
32934.0 39511.0
36184.0 39386.0
39434.0 39327.0
43605.0 39304.0

16023.0 45439.0
16156.0 42731.0
16515.0 42498.0
16571.0 42159.0
16990.0 41461.0
17516.0 41229.0
18016.0 41166.0
18092.0 40531.0
18545.0 40514.0
18596.0 40367.0
19912.0 40343.0
21266.0 40342.0
21342.0 40088.0
21708.0 39999.0
24592.0 39940.0
25513.0 39758.0
28763.0 39656.0
32013.0 39650.0
32934.0 39525.0
36184.0 39487.0
39434.0 39476.0
46855.0 39394.0

16023.0 44335.0
16156.0 42731.0
16515.0 42498.0
16571.0 42159.0
16595.0 41781.0
16956.0 41711.0
16990.0 41461.0
17516.0 41229.0
18016.0 41166.0
18092.0 40466.0
18545.0 40444.0
18596.0 40353.0
19912.0 40343.0
21266.0 40342.0
21342.0 40088.0
21708.0 39999.0
24516.0 39972.0
24592.0 39940.0
25513.0 39758.0
28763.0 39656.0
32013.0 39636.0
32934.0 39525.0
36184.0 39438.0
46855.0 39394.0

16023.0 43012.0
16156.0 42731.0
16515.0 41539.0
16595.0 41390.0
17095.0 41045.0
17171.0 40859.0
18092.0 40531.0
18545.0 40514.0
18596.0 40367.0
19912.0 40343.0
21266.0 40342.0
21342.0 40064.0
21708.0 39975.0
24592.0 39916.0
25513.0 39758.0
28763.0 39632.0
32934.0 39512.0
36184.0 39487.0
39434.0 39476.0
46855.0 39394.0
47776.0 39326.0

16023.0 44335.0
16156.0 42731.0
16515.0 42498.0
16571.0 42159.0
16595.0 41781.0
16956.0 41711.0
16990.0 41461.0
17516.0 41229.0
18016.0 41166.0
18092.0 40466.0
18545.0 40444.0
18596.0 40353.0
19912.0 40343.0
21266.0 40342.0
21342.0 40088.0
21708.0 39999.0
24592.0 39940.0
25513.0 39758.0
28763.0 39656.0
32013.0 39597.0
32934.0 39525.0
36184.0 39410.0
43605.0 39266.0
46855.0 39230.0
54276.0 39148.0

16023.0 43012.0
16156.0 42731.0
16515.0 42498.0
16571.0 42159.0
16990.0 41461.0
17516.0 41229.0
18016.0 41166.0
18092.0 40531.0
18545.0 40514.0
18596.0 40367.0
19912.0 40343.0
21266.0 40342.0
21342.0 40064.0
21708.0 39975.0
24592.0 39916.0
25513.0 39758.0
28763.0 39632.0
32013.0 39597.0
32934.0 39525.0
36184.0 39386.0
39434.0 39340.0
42684.0 39304.0
43605.0 39266.0
46855.0 39246.0
50105.0 39222.0
51026.0 39184.0

16023.0 43872.0
16122.0 43626.0
16156.0 42731.0
16495.0 42709.0
16515.0 42498.0
16571.0 42159.0
16595.0 41693.0
16956.0 41623.0
16990.0 41461.0
17516.0 41229.0
18016.0 41166.0
18092.0 40531.0
18545.0 40514.0
18596.0 40367.0
19912.0 40343.0
21266.0 40342.0
21342.0 40064.0
21708.0 39975.0
24592.0 39916.0
24820.0 39884.0
25513.0 39758.0
28763.0 39632.0
32013.0 39573.0
32934.0 39512.0
36184.0 39386.0
40355.0 39303.0
43605.0 39153.0

16023.0 43872.0
16122.0 43626.0
16156.0 42731.0
16495.0 42709.0
16515.0 42498.0
16571.0 41964.0
16595.0 41693.0
16956.0 41623.0
16990.0 41396.0
17516.0 41164.0
18016.0 41083.0
18092.0 40466.0
18545.0 40444.0
18596.0 40337.0
19912.0 40313.0
21342.0 40064.0
21708.0 39975.0
24516.0 39972.0
24592.0 39916.0
24820.0 39884.0
25513.0 39758.0
28763.0 39632.0
32013.0 39573.0
32934.0 39512.0
36184.0 39386.0
39434.0 39340.0
40355.0 39279.0
43605.0 39153.0

16023.0 43347.0
16156.0 42731.0
16495.0 42709.0
16515.0 42498.0
16571.0 42159.0
16595.0 41693.0
16956.0 41623.0
16990.0 41396.0
17516.0 41164.0
18016.0 41101.0
18092.0 40531.0
18545.0 40514.0
18596.0 40337.0
19912.0 40313.0
21342.0 40064.0
21708.0 39975.0
24592.0 39916.0
24820.0 39884.0
25513.0 39758.0
28763.0 39632.0
32013.0 39573.0
32934.0 39512.0
36184.0 39386.0
39434.0 39340.0
40355.0 39279.0
43605.0 39153.0

16023.0 43012.0
16156.0 42731.0
16515.0 41334.0
16595.0 41102.0
17095.0 41039.0
18092.0 40466.0
18545.0 40444.0
18596.0 40337.0
19912.0 40313.0
21266.0 40312.0
21342.0 40064.0
21708.0 39975.0
24516.0 39972.0
24592.0 39915.0
24820.0 39865.0
25513.0 39758.0
28687.0 39755.0
28763.0 39632.0
32013.0 39573.0
32934.0 39512.0
36184.0 39386.0
39434.0 39340.0
42684.0 39328.0
43605.0 39266.0
46855.0 39206.0
51026.0 39184.0
54276.0 39148.0

16023.0 43018.0
16156.0 41967.0
16595.0 41735.0
16956.0 41624.0
16990.0 41461.0
17171.0 41414.0
17516.0 41229.0
18016.0 41148.0
18092.0 40496.0
18545.0 40474.0
18596.0 40367.0
19912.0 40343.0
21266.0 40342.0
21342.0 40088.0
21708.0 39999.0
24592.0 39939.0
24820.0 39884.0
25513.0 39758.0
27894.0 39757.0
28763.0 39656.0
32013.0 39596.0
32934.0 39512.0
36108.0 39511.0
36184.0 39386.0
39434.0 39327.0
40355.0 39303.0
43605.0 39153.0
46855.0 39094.0
54276.0 39059.0


