16515.0 43353.0
16571.0 42393.0
17171.0 41443.0
18092.0 40466.0
18545.0 40444.0
18596.0 40337.0
19912.0 40313.0
21266.0 40312.0
21342.0 40225.0
21708.0 40214.0
24592.0 40095.0
24820.0 40013.0
25513.0 39911.0
27862.0 39907.0
28763.0 39721.0
32934.0 39664.0
39434.0 39602.0

16023.0 47008.0
16515.0 44774.0
18092.0 44602.0
20766.0 43342.0
21661.0 43284.0
21708.0 43137.0
25437.0 42544.0
26643.0 42160.0
29736.0 41464.0
63874.0 38972.0

16745.0 46288.0
17745.0 45187.0
22263.0 44372.0
23951.0 44324.0
31937.0 43832.0
38858.0 42227.0

16745.0 46288.0
17745.0 45187.0
23531.0 44528.0
24913.0 43915.0
29684.0 40849.0

16515.0 43227.0
16816.0 41807.0
16990.0 41387.0
17516.0 41155.0
18016.0 41074.0
18092.0 40466.0
18545.0 40444.0
18596.0 40337.0
19912.0 40313.0
21266.0 40312.0
21342.0 40064.0
21708.0 39975.0
24516.0 39974.0
24592.0 39915.0
24820.0 39865.0
25513.0 39758.0
27894.0 39757.0
28687.0 39755.0
28763.0 39631.0
31937.0 39629.0
32013.0 39572.0
32934.0 39512.0
36108.0 39511.0
36184.0 39386.0
39358.0 39385.0
39434.0 39326.0
43605.0 39304.0

16023.0 43162.0
16156.0 42719.0
16816.0 42653.0
16956.0 42608.0
16990.0 41472.0
17516.0 41240.0
18016.0 41159.0
18092.0 40466.0
18545.0 40444.0
18596.0 40353.0
21266.0 40352.0
21342.0 40256.0
21708.0 40082.0
24516.0 40063.0
24801.0 40014.0
25513.0 39798.0
27894.0 39797.0
28687.0 39755.0
28763.0 39671.0
32934.0 39565.0
40355.0 39343.0

16023.0 43162.0
16156.0 42719.0
16816.0 42653.0
16956.0 42608.0
16990.0 41472.0
17345.0 41406.0
17516.0 41240.0
18016.0 41159.0
18092.0 40466.0
18545.0 40444.0
18596.0 40337.0
19912.0 40313.0
21266.0 40312.0
21342.0 40088.0
21657.0 40071.0
21708.0 40042.0
24750.0 40017.0
24801.0 40014.0
25513.0 39758.0
28687.0 39755.0
28763.0 39671.0
32934.0 39565.0
40355.0 39343.0

16023.0 42554.0
16156.0 42111.0
16595.0 41879.0
16956.0 41768.0
16990.0 41387.0
17516.0 41173.0
17745.0 41162.0
18016.0 41074.0
18092.0 40466.0
18545.0 40444.0
18596.0 40337.0
19912.0 40313.0
21266.0 40312.0
21342.0 40128.0
21708.0 40042.0
24516.0 40039.0
24801.0 40014.0
25513.0 39758.0
28687.0 39755.0
28763.0 39671.0
32934.0 39565.0
40355.0 39343.0

16023.0 43162.0
16156.0 42719.0
16816.0 42653.0
16956.0 42608.0
16990.0 41472.0
17516.0 41240.0
18016.0 41159.0
18092.0 40466.0
18545.0 40444.0
18596.0 40337.0
19912.0 40313.0
21266.0 40310.0
21342.0 40254.0
21708.0 40042.0
24801.0 40014.0
25513.0 39758.0
28687.0 39755.0
28763.0 39671.0
32934.0 39565.0
40355.0 39343.0

16023.0 43162.0
16156.0 42719.0
16816.0 42451.0
16990.0 41387.0
17516.0 41155.0
18016.0 41074.0
18092.0 40466.0
18545.0 40444.0
18596.0 40337.0
19912.0 40313.0
21266.0 40310.0
21342.0 40104.0
21708.0 40015.0
24516.0 39972.0
24801.0 39971.0
25513.0 39758.0
28687.0 39755.0
28763.0 39671.0
31937.0 39629.0
32934.0 39536.0
40355.0 39343.0

16023.0 43162.0
16156.0 42719.0
16816.0 42545.0
16956.0 41896.0
16990.0 41472.0
17345.0 41406.0
17516.0 41240.0
18016.0 41159.0
18092.0 40466.0
18545.0 40444.0
18596.0 40337.0
19912.0 40313.0
21266.0 40310.0
21342.0 40088.0
21657.0 40071.0
21708.0 39999.0
24592.0 39963.0
24750.0 39946.0
25513.0 39758.0
28687.0 39755.0
28763.0 39656.0
32013.0 39620.0
32934.0 39565.0
40355.0 39343.0

16023.0 43162.0
16156.0 42719.0
16595.0 42487.0
16816.0 42160.0
16956.0 41606.0
16990.0 41426.0
17345.0 41406.0
17516.0 41194.0
18016.0 41113.0
18092.0 40466.0
18545.0 40444.0
18596.0 40337.0
19912.0 40313.0
21266.0 40310.0
21342.0 40088.0
21657.0 40071.0
21708.0 39999.0
24516.0 39974.0
24592.0 39963.0
24750.0 39946.0
25513.0 39758.0
28687.0 39755.0
28763.0 39656.0
32013.0 39620.0
32934.0 39532.0
40355.0 39343.0

16023.0 43162.0
16156.0 42719.0
16816.0 42545.0
16956.0 41896.0
16990.0 41472.0
17345.0 41406.0
17516.0 41240.0
18016.0 41159.0
18092.0 40466.0
18545.0 40444.0
18596.0 40337.0
19912.0 40313.0
21266.0 40310.0
21342.0 40088.0
21657.0 40071.0
21708.0 39999.0
24592.0 39963.0
24750.0 39946.0
25513.0 39758.0
28687.0 39755.0
28763.0 39656.0
32013.0 39620.0
32934.0 39565.0
40355.0 39343.0

16023.0 43162.0
16156.0 42719.0
16816.0 42545.0
16956.0 41896.0
16990.0 41472.0
17345.0 41406.0
17516.0 41240.0
18016.0 41159.0
18092.0 40466.0
18545.0 40444.0
18596.0 40337.0
19912.0 40313.0
21266.0 40310.0
21342.0 40088.0
21657.0 40071.0
21708.0 39999.0
24592.0 39940.0
25513.0 39758.0
28687.0 39755.0
28763.0 39656.0
32013.0 39620.0
32934.0 39532.0
40355.0 39343.0

16023.0 43162.0
16156.0 42719.0
16816.0 42451.0
16956.0 41896.0
16990.0 41387.0
17516.0 41173.0
17745.0 41162.0
18016.0 41074.0
18092.0 40466.0
18545.0 40444.0
18596.0 40337.0
19912.0 40313.0
21266.0 40310.0
21342.0 40064.0
21708.0 39999.0
24516.0 39972.0
24592.0 39963.0
24750.0 39946.0
25513.0 39758.0
28687.0 39755.0
28763.0 39656.0
31937.0 39629.0
32013.0 39615.0
32934.0 39532.0
36184.0 39508.0
40355.0 39343.0
43605.0 39339.0


