16816.0 41951.0
16956.0 41664.0
17516.0 41432.0
18092.0 40901.0
18545.0 40884.0
18596.0 40677.0
21342.0 40240.0
24592.0 40181.0
24801.0 39998.0
28763.0 39752.0
32013.0 39717.0

16023.0 49579.0
16290.0 48646.0
17126.0 47175.0
17996.0 45987.0
19946.0 44329.0
20766.0 43117.0
21638.0 42411.0
32934.0 40962.0
63874.0 38972.0

16847.0 47424.0
18056.0 43957.0
27313.0 43727.0
28687.0 43297.0

18596.0 45818.0
18671.0 44741.0
21342.0 41751.0
28763.0 41389.0
36184.0 40683.0

16726.0 44766.0
16847.0 43540.0
17492.0 42149.0
17726.0 41487.0
18092.0 40496.0
18545.0 40474.0
18596.0 40367.0
19912.0 40343.0
21342.0 40064.0
21708.0 39975.0
24592.0 39939.0
25513.0 39758.0
28763.0 39632.0
32013.0 39620.0
32934.0 39512.0

16726.0 44766.0
16847.0 43540.0
17492.0 42149.0
17726.0 41487.0
18092.0 40496.0
18545.0 40474.0
18596.0 40367.0
19912.0 40343.0
21342.0 40064.0
21708.0 39975.0
24592.0 39939.0
25513.0 39758.0
28763.0 39632.0
32013.0 39620.0
32934.0 39512.0

16726.0 44766.0
16847.0 43540.0
17492.0 42149.0
17726.0 41487.0
18092.0 40496.0
18545.0 40474.0
18596.0 40367.0
19912.0 40343.0
21342.0 40064.0
21708.0 39975.0
24592.0 39939.0
25513.0 39758.0
28763.0 39632.0
32013.0 39620.0
32934.0 39512.0

16726.0 44766.0
16847.0 43540.0
17492.0 42149.0
17726.0 41487.0
18092.0 40496.0
18545.0 40474.0
18596.0 40367.0
19912.0 40343.0
21342.0 40064.0
21708.0 39975.0
24592.0 39939.0
25513.0 39758.0
28763.0 39632.0
32013.0 39620.0
32934.0 39512.0

16726.0 44766.0
16847.0 43540.0
17492.0 42149.0
17726.0 41487.0
18092.0 40496.0
18545.0 40474.0
18596.0 40367.0
19912.0 40343.0
21342.0 40064.0
21708.0 39975.0
24592.0 39939.0
25513.0 39758.0
28763.0 39632.0
32013.0 39620.0
32934.0 39512.0

16726.0 44766.0
16847.0 43540.0
17492.0 42149.0
17726.0 41487.0
18092.0 40496.0
18545.0 40474.0
18596.0 40367.0
19912.0 40343.0
21342.0 40064.0
21708.0 39975.0
24592.0 39939.0
25513.0 39758.0
28763.0 39632.0
32013.0 39620.0
32934.0 39512.0

16726.0 44766.0
16847.0 43540.0
17492.0 42149.0
17726.0 41487.0
18092.0 40496.0
18545.0 40474.0
18596.0 40367.0
19912.0 40343.0
21342.0 40064.0
21708.0 39975.0
24592.0 39939.0
25513.0 39758.0
28763.0 39632.0
32013.0 39620.0
32934.0 39512.0

16726.0 44766.0
16847.0 43540.0
17492.0 42149.0
17726.0 41487.0
18092.0 40496.0
18545.0 40474.0
18596.0 40367.0
19912.0 40343.0
21342.0 40064.0
21708.0 39975.0
24592.0 39939.0
25513.0 39758.0
28763.0 39632.0
32013.0 39620.0
32934.0 39512.0

16726.0 44766.0
16847.0 43540.0
17492.0 42149.0
17726.0 41487.0
18092.0 40496.0
18545.0 40474.0
18596.0 40367.0
19912.0 40343.0
21342.0 40064.0
21708.0 39975.0
24592.0 39939.0
25513.0 39758.0
28763.0 39632.0
32013.0 39620.0
32934.0 39512.0

16726.0 44766.0
16847.0 43540.0
17492.0 42149.0
17726.0 41487.0
18092.0 40496.0
18545.0 40474.0
18596.0 40367.0
19912.0 40343.0
21342.0 40064.0
21708.0 39975.0
24592.0 39939.0
25513.0 39758.0
28763.0 39632.0
32013.0 39620.0
32934.0 39512.0

16726.0 44766.0
16847.0 43540.0
17492.0 42149.0
17726.0 41487.0
18092.0 40496.0
18545.0 40474.0
18596.0 40367.0
19912.0 40343.0
21342.0 40064.0
21708.0 39975.0
24592.0 39939.0
25513.0 39758.0
28763.0 39632.0
32013.0 39620.0
32934.0 39512.0


