17492.0 41957.0
18016.0 41904.0
18092.0 40702.0
18545.0 40680.0
18596.0 40573.0
19912.0 40549.0
21266.0 40546.0
21342.0 40206.0
25513.0 40103.0
28763.0 40035.0

16023.0 47603.0
18513.0 44714.0
26662.0 44143.0
27043.0 43567.0
35890.0 42695.0
60700.0 38973.0

16023.0 50678.0
17745.0 49140.0
18671.0 46985.0
19769.0 46014.0
20612.0 45700.0
21708.0 43921.0
34118.0 41848.0

17745.0 49140.0
17945.0 47209.0
17996.0 45609.0
18922.0 45404.0
19505.0 43899.0

16515.0 42567.0
16571.0 41718.0
17171.0 40744.0
18092.0 40619.0
18596.0 40337.0
19912.0 40313.0
21266.0 40312.0
21342.0 40186.0
21708.0 39975.0
24592.0 39939.0
27894.0 39757.0
28763.0 39631.0
32934.0 39564.0

16515.0 42567.0
16571.0 41718.0
17171.0 40744.0
18092.0 40619.0
18596.0 40337.0
19912.0 40313.0
21266.0 40312.0
21342.0 40186.0
21708.0 39975.0
24592.0 39939.0
27894.0 39757.0
28763.0 39631.0
32934.0 39564.0

16515.0 42567.0
16571.0 41718.0
17171.0 40744.0
18092.0 40619.0
18596.0 40337.0
19912.0 40313.0
21266.0 40312.0
21342.0 40186.0
21708.0 39975.0
24592.0 39939.0
27894.0 39757.0
28763.0 39631.0
32934.0 39564.0

16515.0 42567.0
16571.0 41718.0
17171.0 40744.0
18092.0 40619.0
18596.0 40337.0
19912.0 40313.0
21266.0 40312.0
21342.0 40186.0
21708.0 39975.0
24592.0 39939.0
27894.0 39757.0
28763.0 39631.0
32934.0 39564.0

16515.0 42567.0
16571.0 41718.0
17171.0 40744.0
18092.0 40619.0
18596.0 40337.0
19912.0 40313.0
21266.0 40312.0
21342.0 40186.0
21708.0 39975.0
24592.0 39939.0
27894.0 39757.0
28763.0 39631.0
32934.0 39564.0

16515.0 42567.0
16571.0 41718.0
17171.0 40744.0
18092.0 40619.0
18596.0 40337.0
19912.0 40313.0
21266.0 40312.0
21342.0 40186.0
21708.0 39975.0
24592.0 39939.0
27894.0 39757.0
28763.0 39631.0
32934.0 39564.0

16515.0 42567.0
16571.0 41718.0
17171.0 40744.0
18092.0 40619.0
18596.0 40337.0
19912.0 40313.0
21266.0 40312.0
21342.0 40186.0
21708.0 39975.0
24592.0 39939.0
27894.0 39757.0
28763.0 39631.0
32934.0 39564.0

16515.0 42567.0
16571.0 41718.0
17171.0 40744.0
18092.0 40619.0
18596.0 40337.0
19912.0 40313.0
21266.0 40312.0
21342.0 40186.0
21708.0 39975.0
24592.0 39939.0
27894.0 39757.0
28763.0 39631.0
32934.0 39564.0

16515.0 42567.0
16571.0 41718.0
17171.0 40744.0
18092.0 40619.0
18596.0 40337.0
19912.0 40313.0
21266.0 40312.0
21342.0 40186.0
21708.0 39975.0
24592.0 39939.0
27894.0 39757.0
28763.0 39631.0
32934.0 39564.0

16515.0 42567.0
16571.0 41718.0
17171.0 40744.0
18092.0 40619.0
18596.0 40337.0
19912.0 40313.0
21266.0 40312.0
21342.0 40186.0
21708.0 39975.0
24592.0 39939.0
27894.0 39757.0
28763.0 39631.0
32934.0 39564.0

16515.0 42567.0
16571.0 41718.0
17171.0 40744.0
18092.0 40619.0
18596.0 40337.0
19912.0 40313.0
21266.0 40312.0
21342.0 40186.0
21708.0 39975.0
24592.0 39939.0
27894.0 39757.0
28763.0 39631.0
32934.0 39564.0


