16515.0 47321.0
16745.0 44129.0
16816.0 42517.0
16956.0 41905.0
16990.0 41426.0
17171.0 41084.0
18092.0 40690.0
18596.0 40402.0
19912.0 40378.0
21266.0 40352.0
21342.0 40129.0
21708.0 40040.0
24516.0 40037.0
24592.0 39981.0
25513.0 39804.0
27894.0 39803.0
28687.0 39801.0
28763.0 39677.0
32013.0 39619.0
32934.0 39511.0
36184.0 39385.0
40355.0 39278.0

16023.0 48745.0
16156.0 44949.0
17431.0 44201.0
17492.0 44001.0
18016.0 43791.0
18092.0 43393.0
18545.0 42118.0
20457.0 42025.0
21342.0 41492.0
24592.0 41415.0
25513.0 40903.0
32013.0 40535.0
39434.0 40383.0
63874.0 38972.0

17713.0 50840.0
18596.0 49210.0
18790.0 48904.0
19466.0 46783.0
19505.0 42856.0

17279.0 47490.0
19246.0 46764.0
19505.0 42856.0

16023.0 45144.0
16075.0 44869.0
16156.0 44701.0
16290.0 43688.0
16475.0 43294.0
16816.0 41651.0
16956.0 41540.0
16990.0 41387.0
17516.0 41155.0
18016.0 41074.0
18092.0 40466.0
18545.0 40444.0
18596.0 40337.0
19912.0 40313.0
21266.0 40310.0
21342.0 40064.0
21708.0 39975.0
24516.0 39972.0
24592.0 39915.0
24820.0 39865.0
25513.0 39758.0
27894.0 39757.0
28687.0 39754.0
28763.0 39631.0
31937.0 39629.0
32013.0 39572.0
32934.0 39511.0
36108.0 39510.0
36184.0 39385.0
39358.0 39384.0
39434.0 39326.0
40355.0 39279.0
43605.0 39153.0
46855.0 39093.0

16290.0 46626.0
16515.0 41448.0
16595.0 41053.0
17095.0 40954.0
17171.0 40768.0
18092.0 40466.0
18545.0 40449.0
18596.0 40353.0
21266.0 40310.0
21342.0 40064.0
21708.0 39975.0
24592.0 39916.0
24820.0 39905.0
25513.0 39798.0
28763.0 39631.0
32013.0 39573.0
36184.0 39386.0
39434.0 39367.0
43605.0 39153.0
46855.0 39134.0
51026.0 39070.0

16290.0 46626.0
16515.0 41448.0
16595.0 41053.0
17095.0 40954.0
17171.0 40768.0
18092.0 40466.0
18545.0 40444.0
18596.0 40337.0
19912.0 40313.0
21266.0 40310.0
21342.0 40064.0
21708.0 39975.0
24516.0 39974.0
24592.0 39916.0
24820.0 39905.0
25513.0 39758.0
27894.0 39757.0
28687.0 39755.0
28763.0 39631.0
32013.0 39573.0
32934.0 39565.0
36184.0 39386.0
39434.0 39367.0
40355.0 39279.0
43605.0 39153.0
46855.0 39134.0
51026.0 39070.0

16290.0 46626.0
16515.0 41395.0
16595.0 41053.0
17095.0 40954.0
17171.0 40768.0
18092.0 40466.0
18545.0 40444.0
18596.0 40337.0
19912.0 40313.0
21266.0 40310.0
21342.0 40064.0
21708.0 39975.0
24516.0 39972.0
24592.0 39916.0
24820.0 39889.0
25513.0 39758.0
27894.0 39757.0
28687.0 39755.0
28763.0 39631.0
32013.0 39572.0
32934.0 39512.0
36184.0 39386.0
39434.0 39339.0
40355.0 39279.0
43605.0 39153.0
46855.0 39134.0
51026.0 39070.0

16290.0 46626.0
16515.0 41395.0
16595.0 41053.0
17095.0 40954.0
17171.0 40768.0
18092.0 40466.0
18545.0 40449.0
18596.0 40337.0
19912.0 40313.0
21266.0 40310.0
21342.0 40064.0
21708.0 39975.0
24516.0 39972.0
24592.0 39916.0
24820.0 39889.0
25513.0 39758.0
27894.0 39757.0
28763.0 39631.0
32013.0 39573.0
32934.0 39519.0
36184.0 39386.0
39434.0 39367.0
40355.0 39279.0
43605.0 39153.0
46855.0 39134.0
51026.0 39070.0
54276.0 39012.0

16290.0 46626.0
16515.0 41448.0
16595.0 41053.0
17095.0 40954.0
17171.0 40768.0
18092.0 40466.0
18545.0 40449.0
18596.0 40337.0
19912.0 40313.0
21266.0 40310.0
21342.0 40064.0
21708.0 39975.0
24516.0 39972.0
24592.0 39915.0
24820.0 39889.0
25513.0 39758.0
27894.0 39757.0
28763.0 39631.0
31937.0 39628.0
32013.0 39572.0
32934.0 39512.0
36184.0 39386.0
39434.0 39339.0
40355.0 39319.0
43605.0 39153.0
46855.0 39134.0
51026.0 39070.0
54276.0 39012.0

16290.0 46626.0
16515.0 41448.0
16595.0 41053.0
17095.0 40954.0
17171.0 40768.0
18092.0 40466.0
18545.0 40444.0
18596.0 40337.0
19912.0 40313.0
21266.0 40310.0
21342.0 40064.0
21708.0 39975.0
24516.0 39974.0
24592.0 39916.0
24820.0 39889.0
25513.0 39758.0
27894.0 39757.0
28687.0 39755.0
28763.0 39631.0
32013.0 39572.0
32934.0 39525.0
36184.0 39386.0
39434.0 39339.0
40355.0 39279.0
43605.0 39153.0
46855.0 39134.0
51026.0 39070.0

16290.0 46626.0
16515.0 41358.0
16595.0 41053.0
17095.0 40954.0
17171.0 40768.0
18092.0 40466.0
18545.0 40444.0
18596.0 40337.0
19912.0 40313.0
21266.0 40310.0
21342.0 40064.0
21708.0 39975.0
24516.0 39972.0
24592.0 39915.0
24820.0 39884.0
25513.0 39758.0
27894.0 39757.0
28687.0 39755.0
28763.0 39631.0
32013.0 39572.0
32934.0 39525.0
36184.0 39385.0
39434.0 39339.0
40355.0 39279.0
43605.0 39153.0
46855.0 39134.0
51026.0 39070.0
54276.0 39011.0

16290.0 46626.0
16515.0 41448.0
16595.0 41053.0
17095.0 40954.0
17171.0 40768.0
18092.0 40466.0
18545.0 40444.0
18596.0 40337.0
19912.0 40313.0
21266.0 40310.0
21342.0 40064.0
21708.0 39975.0
24516.0 39974.0
24592.0 39916.0
24820.0 39889.0
25513.0 39758.0
27894.0 39757.0
28687.0 39755.0
28763.0 39631.0
32013.0 39572.0
32934.0 39525.0
36184.0 39386.0
39434.0 39339.0
40355.0 39279.0
43605.0 39153.0
46855.0 39134.0
51026.0 39070.0

16290.0 46626.0
16494.0 43039.0
16515.0 41358.0
16595.0 41053.0
17095.0 40954.0
17171.0 40768.0
18092.0 40466.0
18545.0 40449.0
18596.0 40337.0
19912.0 40313.0
21266.0 40310.0
21342.0 40064.0
21708.0 39975.0
24516.0 39972.0
24592.0 39915.0
24820.0 39884.0
25513.0 39758.0
27894.0 39757.0
28687.0 39755.0
28763.0 39631.0
32013.0 39572.0
32934.0 39512.0
36184.0 39385.0
39434.0 39367.0
40355.0 39279.0
43605.0 39153.0
46855.0 39134.0
51026.0 39070.0
54276.0 39011.0

16290.0 46626.0
16515.0 41448.0
16595.0 41053.0
17095.0 40954.0
17171.0 40768.0
18092.0 40466.0
18545.0 40444.0
18596.0 40337.0
19912.0 40313.0
21266.0 40310.0
21342.0 40064.0
21708.0 39975.0
24516.0 39972.0
24592.0 39915.0
24820.0 39865.0
25513.0 39758.0
28687.0 39755.0
28763.0 39631.0
32013.0 39572.0
32934.0 39512.0
36184.0 39386.0
39434.0 39327.0
40355.0 39279.0
43605.0 39152.0
46855.0 39117.0
50105.0 39058.0


