16745.0 44095.0
16816.0 41925.0
16956.0 41855.0
16990.0 41560.0
17516.0 41460.0
18016.0 41361.0
18092.0 40697.0
18596.0 40541.0
18615.0 40443.0
20387.0 40419.0
21266.0 40416.0
21342.0 40064.0
21708.0 39975.0
24516.0 39972.0
24592.0 39916.0
24820.0 39865.0
27842.0 39829.0
28763.0 39631.0
32013.0 39573.0
35263.0 39537.0
36184.0 39385.0
39434.0 39344.0

15590.0 55218.0
16023.0 52105.0
16070.0 51762.0
16126.0 51646.0
16156.0 49428.0
16515.0 45477.0
17279.0 44901.0
17516.0 43787.0
17670.0 43133.0
18596.0 42936.0
18856.0 41986.0
21266.0 41653.0
21342.0 41146.0
21657.0 41141.0
22461.0 40898.0
24820.0 40840.0
28763.0 40587.0
35263.0 40508.0
36184.0 40219.0
63874.0 38972.0

17345.0 48521.0
18545.0 46176.0
18615.0 45801.0
22263.0 44873.0
23992.0 42292.0

17345.0 48521.0
17492.0 47081.0
18092.0 45468.0
18856.0 41986.0
25513.0 41752.0
28763.0 41614.0
36184.0 40821.0

16745.0 43837.0
16816.0 41716.0
16956.0 41605.0
16990.0 41452.0
17516.0 41220.0
18016.0 41139.0
18092.0 40466.0
18596.0 40337.0
19912.0 40313.0
21266.0 40310.0
21342.0 40064.0
21708.0 39975.0
24516.0 39972.0
24592.0 39915.0
24820.0 39865.0
25513.0 39758.0
27894.0 39757.0
28687.0 39755.0
28763.0 39631.0
31937.0 39628.0
32013.0 39572.0
32934.0 39511.0
36108.0 39510.0
36184.0 39385.0
39358.0 39382.0
39434.0 39326.0
40355.0 39278.0
43529.0 39275.0
43605.0 39152.0
46779.0 39149.0
46855.0 39093.0
51026.0 39070.0

16023.0 45018.0
16156.0 43954.0
16515.0 41358.0
16595.0 41126.0
17095.0 40954.0
17171.0 40859.0
18092.0 40466.0
18545.0 40449.0
18596.0 40337.0
19912.0 40313.0
21266.0 40310.0
21342.0 40064.0
21708.0 39975.0
24516.0 39972.0
24592.0 39915.0
24820.0 39865.0
25513.0 39758.0
28763.0 39631.0
32013.0 39572.0
32934.0 39552.0
35263.0 39537.0
36184.0 39404.0
39434.0 39391.0
42684.0 39331.0

16023.0 45018.0
16156.0 43954.0
16515.0 41358.0
16595.0 41126.0
17095.0 40954.0
17171.0 40859.0
18092.0 40466.0
18545.0 40449.0
18596.0 40337.0
19912.0 40313.0
21266.0 40310.0
21342.0 40064.0
21708.0 39975.0
24516.0 39972.0
24592.0 39915.0
24820.0 39865.0
25513.0 39758.0
28763.0 39631.0
32013.0 39572.0
32934.0 39525.0
36184.0 39399.0
39434.0 39391.0
42684.0 39331.0

16023.0 45018.0
16156.0 43954.0
16515.0 41267.0
16595.0 41035.0
17095.0 40954.0
17171.0 40859.0
18092.0 40466.0
18545.0 40449.0
18596.0 40337.0
19912.0 40313.0
21266.0 40310.0
21342.0 40064.0
21708.0 39975.0
24516.0 39972.0
24592.0 39915.0
24820.0 39865.0
25513.0 39758.0
28763.0 39631.0
32013.0 39572.0
32934.0 39525.0
36108.0 39524.0
36184.0 39398.0
39434.0 39347.0
42608.0 39339.0
42684.0 39315.0

16023.0 45018.0
16156.0 43954.0
16515.0 41267.0
16595.0 41035.0
17095.0 40954.0
17171.0 40768.0
18092.0 40466.0
18545.0 40449.0
18596.0 40337.0
19912.0 40313.0
21266.0 40310.0
21342.0 40064.0
21708.0 39975.0
24516.0 39972.0
24592.0 39915.0
24820.0 39865.0
25513.0 39758.0
28763.0 39631.0
32013.0 39572.0
32934.0 39552.0
35263.0 39537.0
36184.0 39404.0
39434.0 39339.0
42684.0 39291.0

16023.0 44426.0
16156.0 43954.0
16515.0 41358.0
16595.0 41126.0
17095.0 40954.0
17171.0 40859.0
18092.0 40466.0
18545.0 40444.0
18596.0 40337.0
19912.0 40313.0
21266.0 40310.0
21342.0 40064.0
21708.0 39975.0
24516.0 39972.0
24592.0 39915.0
24820.0 39865.0
25513.0 39758.0
27894.0 39757.0
28763.0 39631.0
32013.0 39572.0
32934.0 39512.0
36184.0 39386.0
39434.0 39327.0
42684.0 39291.0

16023.0 45018.0
16156.0 43954.0
16515.0 41358.0
16595.0 41126.0
17095.0 40954.0
17171.0 40859.0
18092.0 40466.0
18545.0 40444.0
18596.0 40337.0
19912.0 40313.0
21266.0 40310.0
21342.0 40064.0
21708.0 39975.0
24516.0 39972.0
24592.0 39915.0
24820.0 39865.0
25513.0 39758.0
28763.0 39631.0
32013.0 39572.0
32934.0 39525.0
36184.0 39399.0
39434.0 39340.0
42684.0 39291.0

16023.0 45018.0
16156.0 43954.0
16515.0 41328.0
16595.0 41126.0
17095.0 40954.0
17171.0 40859.0
18092.0 40466.0
18545.0 40444.0
18596.0 40337.0
19912.0 40313.0
21266.0 40310.0
21342.0 40064.0
21708.0 39975.0
24516.0 39972.0
24592.0 39915.0
24820.0 39865.0
25513.0 39758.0
28687.0 39755.0
28763.0 39631.0
32013.0 39572.0
32934.0 39512.0
36184.0 39385.0
39358.0 39384.0
39434.0 39339.0
42684.0 39291.0

16023.0 45018.0
16156.0 43954.0
16515.0 41267.0
16595.0 41035.0
17095.0 40954.0
17171.0 40768.0
18092.0 40466.0
18545.0 40444.0
18596.0 40337.0
19912.0 40313.0
21266.0 40310.0
21342.0 40064.0
21708.0 39975.0
24516.0 39972.0
24592.0 39915.0
24820.0 39865.0
25513.0 39758.0
28763.0 39631.0
32013.0 39572.0
32934.0 39525.0
36108.0 39524.0
36184.0 39404.0
39434.0 39327.0
42684.0 39291.0

16023.0 45018.0
16156.0 43954.0
16515.0 41358.0
16595.0 41126.0
17095.0 40954.0
17171.0 40859.0
18092.0 40466.0
18545.0 40444.0
18596.0 40337.0
19912.0 40313.0
21266.0 40310.0
21342.0 40064.0
21708.0 39975.0
24516.0 39972.0
24592.0 39915.0
24820.0 39865.0
25513.0 39758.0
27894.0 39757.0
28763.0 39631.0
32013.0 39572.0
32934.0 39512.0
36184.0 39386.0
39434.0 39339.0
42608.0 39338.0
42684.0 39291.0

16023.0 45018.0
16156.0 43954.0
16515.0 41267.0
16595.0 41035.0
17095.0 40954.0
17171.0 40768.0
18092.0 40466.0
18545.0 40444.0
18596.0 40337.0
19912.0 40313.0
21266.0 40310.0
21342.0 40064.0
21708.0 39975.0
24516.0 39972.0
24592.0 39915.0
24820.0 39865.0
25513.0 39758.0
27894.0 39757.0
28687.0 39755.0
28763.0 39631.0
31937.0 39629.0
32013.0 39572.0
32934.0 39511.0
36184.0 39385.0
39358.0 39384.0
39434.0 39326.0
40355.0 39279.0
46855.0 39093.0
57526.0 39086.0


