16515.0 44369.0
16816.0 41678.0
16956.0 41567.0
16990.0 41469.0
17516.0 41335.0
17745.0 41287.0
18016.0 41168.0
18092.0 40704.0
18545.0 40687.0
18596.0 40425.0
19912.0 40401.0
21342.0 40064.0
21708.0 39975.0
24592.0 39916.0
25513.0 39758.0
27894.0 39757.0
28763.0 39632.0
32934.0 39512.0
36184.0 39386.0
39434.0 39327.0
40355.0 39286.0
46855.0 39101.0

16023.0 47053.0
16290.0 47017.0
16515.0 44273.0
16816.0 43378.0
18016.0 43369.0
18092.0 42098.0
18922.0 41933.0
21342.0 41243.0
32013.0 41144.0
32858.0 40939.0
32934.0 40200.0
63874.0 38972.0

17492.0 59667.0
17996.0 49225.0
18922.0 47532.0
19269.0 45922.0
21795.0 45719.0
22263.0 43372.0
25437.0 41932.0

16515.0 44369.0
21342.0 41659.0
21708.0 41447.0
24592.0 40693.0

16156.0 45039.0
16515.0 42454.0
16816.0 41843.0
16956.0 41811.0
16990.0 41396.0
17516.0 41164.0
18016.0 41101.0
18092.0 40466.0
18545.0 40444.0
18596.0 40337.0
19912.0 40313.0
21266.0 40310.0
21342.0 40064.0
21708.0 39975.0
24516.0 39972.0
24592.0 39915.0
24820.0 39865.0
25513.0 39758.0
27894.0 39757.0
28763.0 39631.0
31937.0 39628.0
32013.0 39572.0
32934.0 39511.0
36108.0 39508.0
36184.0 39385.0
39358.0 39382.0
39434.0 39326.0
40355.0 39278.0
43529.0 39275.0
43605.0 39152.0
46779.0 39149.0
46855.0 39093.0
50029.0 39090.0

16023.0 42736.0
16515.0 41334.0
16595.0 41102.0
17095.0 41039.0
18092.0 40466.0
18545.0 40444.0
18596.0 40337.0
19912.0 40313.0
21266.0 40310.0
21342.0 40064.0
21708.0 39975.0
24516.0 39972.0
24592.0 39915.0
25513.0 39758.0
28687.0 39755.0
28763.0 39632.0
31937.0 39629.0
32013.0 39572.0
32934.0 39525.0
36184.0 39399.0
43605.0 39384.0

16023.0 42736.0
16515.0 41334.0
16595.0 41102.0
17095.0 41039.0
18092.0 40466.0
18545.0 40444.0
18596.0 40337.0
19912.0 40313.0
21266.0 40310.0
21342.0 40064.0
21708.0 39975.0
24516.0 39972.0
24592.0 39915.0
25513.0 39758.0
28687.0 39755.0
28763.0 39632.0
31937.0 39629.0
32013.0 39572.0
32934.0 39525.0
36184.0 39399.0
43605.0 39384.0

16023.0 42736.0
16515.0 41334.0
16595.0 41053.0
17095.0 40954.0
18092.0 40466.0
18545.0 40444.0
18596.0 40337.0
19912.0 40313.0
21266.0 40310.0
21342.0 40064.0
21708.0 39975.0
24516.0 39972.0
24592.0 39915.0
24820.0 39865.0
25513.0 39758.0
28687.0 39755.0
28763.0 39632.0
31937.0 39629.0
32013.0 39572.0
32934.0 39525.0
36184.0 39399.0
43605.0 39384.0

16023.0 42736.0
16515.0 41334.0
16595.0 41102.0
17095.0 41039.0
17171.0 40835.0
18092.0 40466.0
18545.0 40444.0
18596.0 40337.0
19912.0 40313.0
21266.0 40310.0
21342.0 40064.0
21708.0 39975.0
24516.0 39972.0
24592.0 39915.0
25513.0 39758.0
28687.0 39755.0
28763.0 39632.0
31937.0 39629.0
32013.0 39572.0
32934.0 39525.0
36108.0 39524.0
36184.0 39399.0
39358.0 39398.0
43605.0 39384.0

16023.0 42578.0
16156.0 42455.0
16515.0 41334.0
16595.0 41102.0
17095.0 41021.0
17171.0 40744.0
18092.0 40466.0
18545.0 40444.0
18596.0 40337.0
19912.0 40313.0
21266.0 40310.0
21342.0 40064.0
21708.0 39975.0
24516.0 39972.0
24592.0 39915.0
24820.0 39865.0
25513.0 39758.0
28687.0 39755.0
28763.0 39631.0
31937.0 39629.0
32013.0 39572.0
32934.0 39525.0
36108.0 39524.0
36184.0 39399.0
43605.0 39384.0

16023.0 42736.0
16515.0 41334.0
16595.0 41102.0
17095.0 41039.0
18092.0 40466.0
18545.0 40444.0
18596.0 40337.0
19912.0 40313.0
21266.0 40310.0
21342.0 40064.0
21708.0 39975.0
24516.0 39972.0
24592.0 39915.0
25513.0 39758.0
28687.0 39755.0
28763.0 39632.0
31937.0 39629.0
32013.0 39572.0
32934.0 39525.0
36184.0 39399.0
43605.0 39384.0

16023.0 42736.0
16515.0 41334.0
16595.0 41053.0
17095.0 40954.0
18092.0 40466.0
18545.0 40444.0
18596.0 40337.0
19912.0 40313.0
21266.0 40310.0
21342.0 40064.0
21708.0 39975.0
24516.0 39972.0
24592.0 39915.0
25513.0 39758.0
28687.0 39754.0
28763.0 39632.0
31937.0 39629.0
32013.0 39572.0
32934.0 39525.0
36184.0 39399.0
39358.0 39385.0
43605.0 39384.0

16023.0 42736.0
16515.0 41267.0
16595.0 41035.0
17095.0 40972.0
17171.0 40744.0
18092.0 40466.0
18545.0 40444.0
18596.0 40337.0
19912.0 40313.0
21266.0 40310.0
21342.0 40064.0
21708.0 39975.0
24516.0 39972.0
24592.0 39915.0
25513.0 39758.0
28687.0 39755.0
28763.0 39632.0
31937.0 39629.0
32013.0 39572.0
32934.0 39525.0
36184.0 39399.0
43605.0 39384.0

16023.0 42548.0
16156.0 42267.0
16515.0 41334.0
16595.0 41102.0
17095.0 41039.0
17171.0 40744.0
18092.0 40466.0
18545.0 40444.0
18596.0 40337.0
19912.0 40313.0
21266.0 40310.0
21342.0 40064.0
21708.0 39975.0
24516.0 39972.0
24592.0 39915.0
24820.0 39865.0
25513.0 39758.0
28687.0 39755.0
28763.0 39632.0
31937.0 39629.0
32013.0 39572.0
32934.0 39525.0
36108.0 39511.0
36184.0 39399.0
43605.0 39384.0

16023.0 42405.0
16156.0 41932.0
16515.0 41334.0
16595.0 41102.0
17095.0 41039.0
18092.0 40466.0
18545.0 40444.0
18596.0 40337.0
19912.0 40313.0
21266.0 40310.0
21342.0 40064.0
21708.0 39975.0
24516.0 39972.0
24592.0 39915.0
24820.0 39865.0
25513.0 39758.0
27894.0 39757.0
28687.0 39754.0
28763.0 39631.0
31937.0 39629.0
32013.0 39572.0
32934.0 39524.0
36184.0 39399.0
39358.0 39383.0
39434.0 39339.0
42608.0 39325.0
43605.0 39317.0
46779.0 39303.0
46855.0 39257.0
50029.0 39243.0


