16956.0 44995.0
17345.0 44759.0
17492.0 42693.0
17745.0 41498.0
18092.0 40727.0
18545.0 40705.0
18596.0 40418.0
19912.0 40378.0
21266.0 40375.0
21342.0 40292.0
21708.0 40201.0
25513.0 39895.0
32934.0 39834.0
36184.0 39696.0

16023.0 51644.0
16515.0 48950.0
16936.0 47274.0
17145.0 46761.0
18092.0 44273.0
18615.0 43542.0
21342.0 42324.0
25513.0 41877.0
27843.0 40999.0
27913.0 40571.0
63874.0 38972.0

16847.0 47424.0
18056.0 43957.0
27313.0 43727.0
28687.0 43297.0

18122.0 52976.0
18596.0 48048.0
18671.0 47824.0
20569.0 47728.0
20742.0 44576.0
24094.0 44416.0
25513.0 44249.0

16256.0 45519.0
16515.0 41624.0
16595.0 41229.0
17095.0 41130.0
17171.0 40805.0
18092.0 40646.0
18545.0 40584.0
18596.0 40337.0
19912.0 40313.0
21266.0 40310.0
21342.0 40186.0
21708.0 39975.0
24516.0 39972.0
24592.0 39915.0
25513.0 39758.0
27894.0 39757.0
28687.0 39755.0
28763.0 39631.0
31937.0 39629.0
32934.0 39512.0
36184.0 39385.0

16515.0 41396.0
16595.0 41053.0
17095.0 40954.0
17171.0 40768.0
18092.0 40496.0
18545.0 40474.0
18596.0 40367.0
19912.0 40343.0
21342.0 40064.0
21708.0 39975.0
24592.0 39939.0
25513.0 39758.0
28763.0 39632.0
32013.0 39620.0
32934.0 39512.0
40355.0 39508.0
43605.0 39328.0
46855.0 39268.0

16515.0 41396.0
16595.0 41053.0
17095.0 40954.0
17171.0 40768.0
18092.0 40496.0
18545.0 40474.0
18596.0 40367.0
19912.0 40343.0
21342.0 40064.0
21708.0 39975.0
24592.0 39939.0
25513.0 39758.0
28763.0 39632.0
32013.0 39620.0
32934.0 39512.0
40355.0 39508.0
43605.0 39328.0
46855.0 39268.0

16515.0 41396.0
16595.0 41053.0
17095.0 40954.0
17171.0 40768.0
18092.0 40496.0
18545.0 40474.0
18596.0 40367.0
19912.0 40313.0
21342.0 40064.0
21708.0 39975.0
24592.0 39939.0
25513.0 39758.0
28763.0 39632.0
32013.0 39620.0
32934.0 39512.0
40355.0 39508.0
43605.0 39328.0
46855.0 39268.0

16515.0 41396.0
16595.0 41053.0
17095.0 40954.0
17171.0 40768.0
18092.0 40496.0
18545.0 40474.0
18596.0 40367.0
19912.0 40343.0
21342.0 40064.0
21708.0 39975.0
24592.0 39939.0
25513.0 39758.0
28763.0 39632.0
32013.0 39620.0
32934.0 39512.0
40355.0 39508.0
43605.0 39328.0
46855.0 39268.0

16515.0 41267.0
16595.0 41035.0
17095.0 40954.0
17171.0 40768.0
18092.0 40496.0
18545.0 40474.0
18596.0 40367.0
19912.0 40343.0
21342.0 40064.0
21708.0 39975.0
24592.0 39939.0
25513.0 39758.0
28763.0 39632.0
32013.0 39620.0
32934.0 39512.0
40355.0 39508.0
43605.0 39328.0
46855.0 39268.0

16515.0 41396.0
16595.0 41053.0
17095.0 40954.0
17171.0 40768.0
18092.0 40496.0
18545.0 40474.0
18596.0 40367.0
19912.0 40343.0
21342.0 40064.0
21708.0 39975.0
24592.0 39939.0
25513.0 39758.0
28763.0 39632.0
32013.0 39620.0
32934.0 39512.0
36184.0 39410.0
39434.0 39374.0
43605.0 39328.0
46855.0 39268.0

16515.0 41267.0
16595.0 41035.0
17095.0 40954.0
17171.0 40768.0
18092.0 40496.0
18545.0 40474.0
18596.0 40367.0
19912.0 40343.0
21266.0 40342.0
21342.0 40064.0
21708.0 39975.0
24592.0 39939.0
25513.0 39758.0
28763.0 39632.0
32013.0 39620.0
32934.0 39512.0
36184.0 39386.0
39434.0 39374.0
43605.0 39328.0
46855.0 39268.0

16515.0 41396.0
16595.0 41053.0
17095.0 40954.0
17171.0 40768.0
18092.0 40496.0
18545.0 40474.0
18596.0 40367.0
19912.0 40343.0
21342.0 40064.0
21708.0 39975.0
24592.0 39939.0
25513.0 39758.0
28763.0 39632.0
32013.0 39620.0
32934.0 39512.0
36184.0 39410.0
39434.0 39374.0
43605.0 39328.0
46855.0 39268.0

16515.0 41267.0
16595.0 41035.0
17095.0 40954.0
17171.0 40768.0
18092.0 40496.0
18545.0 40474.0
18596.0 40367.0
19912.0 40343.0
21266.0 40342.0
21342.0 40064.0
21708.0 39975.0
24592.0 39939.0
25513.0 39758.0
28763.0 39632.0
32013.0 39620.0
32934.0 39512.0
36184.0 39410.0
39434.0 39374.0
43605.0 39328.0
46855.0 39268.0

16515.0 41267.0
16595.0 41035.0
17095.0 40954.0
17171.0 40768.0
18092.0 40496.0
18545.0 40474.0
18596.0 40367.0
19912.0 40343.0
21266.0 40342.0
21342.0 40064.0
21708.0 39975.0
24592.0 39939.0
25513.0 39758.0
28687.0 39757.0
28763.0 39632.0
32013.0 39620.0
32934.0 39512.0
36184.0 39410.0
39434.0 39374.0
43605.0 39328.0
46855.0 39268.0


