16023.0 45534.0
16156.0 43403.0
16595.0 42030.0
17516.0 41880.0
17745.0 41533.0
18092.0 40865.0
18545.0 40662.0
18596.0 40636.0
18615.0 40463.0
21342.0 40317.0
21708.0 40179.0
24592.0 40120.0
24820.0 40056.0
28763.0 39970.0
31937.0 39914.0
32013.0 39874.0
36184.0 39627.0

16023.0 47770.0
16256.0 47606.0
16745.0 47480.0
17996.0 47003.0
18092.0 46546.0
18122.0 46239.0
18148.0 46008.0
18446.0 45951.0
18579.0 44296.0
19280.0 44043.0
20066.0 42355.0
20838.0 42231.0
21657.0 42140.0
25513.0 41739.0
27043.0 41246.0
63874.0 38972.0

17647.0 54243.0
17713.0 53682.0
17745.0 48480.0
18122.0 48285.0
18671.0 48124.0
19471.0 47324.0
20438.0 46677.0
20961.0 45328.0
25513.0 43885.0
33248.0 42231.0

17647.0 54243.0
17713.0 51476.0
18092.0 47850.0
19280.0 46375.0
21708.0 42715.0
22263.0 42037.0
24801.0 41246.0
27043.0 41245.0
29684.0 40935.0

16515.0 44536.0
16816.0 41921.0
16956.0 41851.0
17516.0 41456.0
18016.0 41357.0
18092.0 40895.0
18545.0 40873.0
18596.0 40705.0
18615.0 40443.0
19946.0 40426.0
20387.0 40419.0
21266.0 40418.0
21342.0 40064.0
21708.0 39975.0
24516.0 39974.0
24592.0 39916.0
24820.0 39865.0
25513.0 39817.0
28763.0 39632.0
32013.0 39573.0
35187.0 39572.0
36184.0 39386.0

16515.0 41267.0
16595.0 41035.0
17095.0 40972.0
17171.0 40768.0
18092.0 40496.0
18545.0 40474.0
18596.0 40367.0
19912.0 40343.0
21266.0 40342.0
21342.0 40088.0
21708.0 40064.0
24516.0 40063.0
24592.0 40005.0
25513.0 39847.0
28687.0 39822.0
28763.0 39709.0
32013.0 39690.0
36184.0 39628.0
39358.0 39625.0
39434.0 39592.0

16515.0 41267.0
16595.0 41035.0
17095.0 40972.0
17171.0 40768.0
18092.0 40496.0
18545.0 40474.0
18596.0 40367.0
19912.0 40343.0
21266.0 40342.0
21342.0 40088.0
21708.0 40064.0
24516.0 40063.0
24592.0 40005.0
25513.0 39847.0
28687.0 39822.0
28763.0 39709.0
32013.0 39690.0
36184.0 39628.0
39358.0 39625.0
39434.0 39592.0

16515.0 41267.0
16595.0 41035.0
17095.0 40972.0
17171.0 40768.0
18092.0 40496.0
18545.0 40474.0
18596.0 40367.0
19912.0 40343.0
21266.0 40342.0
21342.0 40088.0
21657.0 40071.0
21708.0 39999.0
24592.0 39963.0
24750.0 39946.0
25513.0 39823.0
28687.0 39822.0
28763.0 39697.0
32013.0 39690.0
32934.0 39629.0
36184.0 39628.0
39358.0 39625.0
39434.0 39592.0

16515.0 41267.0
16595.0 41035.0
17095.0 40972.0
17171.0 40768.0
18092.0 40496.0
18545.0 40474.0
18596.0 40367.0
19912.0 40343.0
21266.0 40342.0
21342.0 40088.0
21708.0 40040.0
24592.0 39981.0
25513.0 39823.0
28687.0 39822.0
28763.0 39697.0
32013.0 39690.0
36184.0 39628.0
39358.0 39625.0
39434.0 39592.0

16515.0 41267.0
16595.0 41035.0
17095.0 40972.0
17171.0 40768.0
18092.0 40496.0
18545.0 40474.0
18596.0 40367.0
19912.0 40343.0
21266.0 40342.0
21342.0 40088.0
21708.0 40040.0
24592.0 39981.0
25513.0 39823.0
28687.0 39822.0
28763.0 39697.0
32013.0 39690.0
36184.0 39628.0
39358.0 39625.0
39434.0 39592.0

16515.0 41267.0
16595.0 41035.0
17095.0 40972.0
17171.0 40768.0
18092.0 40496.0
18545.0 40474.0
18596.0 40367.0
19912.0 40343.0
21266.0 40342.0
21342.0 40064.0
21708.0 39975.0
24516.0 39974.0
25513.0 39847.0
28687.0 39822.0
28763.0 39709.0
32013.0 39690.0
32934.0 39629.0
36184.0 39503.0

16515.0 41267.0
16595.0 41035.0
17095.0 40972.0
17171.0 40768.0
18092.0 40496.0
18545.0 40474.0
18596.0 40337.0
19912.0 40313.0
21266.0 40312.0
21342.0 40064.0
21708.0 39975.0
24516.0 39974.0
24592.0 39916.0
25513.0 39758.0
28763.0 39632.0
31937.0 39631.0
32013.0 39597.0
32934.0 39512.0
36108.0 39511.0
36184.0 39386.0
39434.0 39363.0

16515.0 41267.0
16595.0 41035.0
17095.0 40972.0
17171.0 40768.0
18092.0 40496.0
18545.0 40474.0
18596.0 40337.0
19912.0 40313.0
21266.0 40312.0
21342.0 40064.0
21708.0 39975.0
24516.0 39974.0
24592.0 39916.0
25513.0 39758.0
28763.0 39632.0
31937.0 39631.0
32013.0 39597.0
32934.0 39512.0
36108.0 39511.0
36184.0 39386.0

16515.0 41267.0
16595.0 41035.0
17095.0 40972.0
17171.0 40768.0
18092.0 40496.0
18545.0 40474.0
18596.0 40367.0
19912.0 40343.0
21266.0 40342.0
21342.0 40064.0
21708.0 39975.0
24516.0 39974.0
25513.0 39823.0
28687.0 39822.0
28763.0 39697.0
32013.0 39690.0
32934.0 39629.0
36184.0 39503.0

16515.0 41267.0
16595.0 41035.0
17095.0 40972.0
17171.0 40768.0
18092.0 40466.0
18545.0 40444.0
18596.0 40337.0
19912.0 40313.0
21266.0 40310.0
21342.0 40064.0
21708.0 39975.0
24516.0 39974.0
24592.0 39916.0
25513.0 39758.0
28763.0 39632.0
31937.0 39631.0
32013.0 39573.0
32934.0 39512.0
36108.0 39511.0
36184.0 39386.0
39434.0 39327.0
43605.0 39152.0
46855.0 39117.0
50105.0 39058.0


