16816.0 42582.0
16990.0 41518.0
17516.0 41286.0
18016.0 41140.0
18092.0 40665.0
18596.0 40367.0
19912.0 40343.0
21266.0 40342.0
21342.0 40064.0
21708.0 39975.0
24516.0 39972.0
24592.0 39916.0
24820.0 39865.0
25513.0 39846.0
27842.0 39829.0
28763.0 39632.0
32013.0 39573.0
36184.0 39416.0
39434.0 39340.0
40355.0 39279.0
43605.0 39170.0
46855.0 39094.0
54276.0 39012.0

15590.0 57050.0
16023.0 49207.0
16515.0 48538.0
16526.0 47742.0
16816.0 46682.0
17492.0 43371.0
19946.0 43168.0
20955.0 43014.0
21342.0 42852.0
21364.0 42145.0
21708.0 41043.0
22263.0 40783.0
35608.0 40509.0
63874.0 38972.0

18016.0 54904.0
18092.0 47999.0
18596.0 46152.0
21108.0 45758.0
21138.0 45598.0
22020.0 45513.0
22263.0 44164.0
23880.0 43360.0

17745.0 42522.0
18016.0 42452.0
18056.0 42105.0
21266.0 41750.0
21708.0 40849.0
25437.0 40729.0
28687.0 40538.0
36108.0 40246.0

15590.0 46287.0
16070.0 45772.0
16093.0 44488.0
16290.0 43307.0
16816.0 41651.0
16956.0 41540.0
16990.0 41387.0
17516.0 41155.0
18016.0 41092.0
18092.0 40466.0
18545.0 40444.0
18596.0 40353.0
19912.0 40313.0
21266.0 40310.0
21342.0 40064.0
21708.0 39975.0
24592.0 39915.0
24820.0 39865.0
25513.0 39758.0
27894.0 39757.0
28763.0 39631.0
32013.0 39572.0
32934.0 39511.0
36184.0 39385.0
39434.0 39326.0
40355.0 39278.0
46855.0 39245.0

16515.0 41473.0
16595.0 41241.0
17171.0 40835.0
18092.0 40466.0
18545.0 40444.0
18596.0 40337.0
21342.0 40064.0
21708.0 40040.0
24592.0 39980.0
25513.0 39817.0
27894.0 39757.0
28763.0 39696.0
31937.0 39695.0
32013.0 39637.0
32934.0 39511.0
36184.0 39463.0
39434.0 39433.0
40355.0 39303.0
46855.0 39208.0

16515.0 41473.0
16595.0 41241.0
17171.0 40835.0
18092.0 40466.0
18545.0 40444.0
18596.0 40337.0
19912.0 40313.0
21266.0 40310.0
21342.0 40064.0
21708.0 39999.0
24592.0 39934.0
24820.0 39905.0
25513.0 39798.0
27894.0 39757.0
28763.0 39696.0
31937.0 39695.0
32013.0 39637.0
32934.0 39511.0
36184.0 39463.0
39434.0 39433.0
40355.0 39303.0
46855.0 39208.0

16515.0 41443.0
16595.0 41211.0
17095.0 41148.0
17171.0 40835.0
18092.0 40466.0
18545.0 40444.0
18596.0 40337.0
19912.0 40313.0
21266.0 40312.0
21342.0 40064.0
21708.0 39975.0
24516.0 39974.0
24592.0 39939.0
25513.0 39758.0
27894.0 39757.0
28763.0 39631.0
32013.0 39619.0
32934.0 39511.0
36184.0 39450.0
39434.0 39369.0
40355.0 39278.0
46855.0 39208.0

16515.0 41443.0
16595.0 41211.0
17095.0 41148.0
17171.0 40835.0
18092.0 40466.0
18545.0 40444.0
18596.0 40337.0
19912.0 40313.0
21266.0 40312.0
21342.0 40064.0
21708.0 39975.0
24516.0 39974.0
24592.0 39939.0
24750.0 39922.0
25513.0 39758.0
27894.0 39757.0
28763.0 39656.0
32013.0 39619.0
32934.0 39511.0
36184.0 39410.0
39434.0 39409.0
40355.0 39303.0
46855.0 39208.0

16515.0 41443.0
16595.0 41211.0
17095.0 41148.0
17171.0 40835.0
18092.0 40466.0
18545.0 40444.0
18596.0 40337.0
19912.0 40313.0
21266.0 40310.0
21342.0 40064.0
21708.0 39975.0
24516.0 39972.0
24592.0 39934.0
24750.0 39922.0
24820.0 39905.0
25513.0 39798.0
27894.0 39757.0
28763.0 39656.0
31937.0 39653.0
32013.0 39637.0
32934.0 39511.0
36184.0 39385.0
40355.0 39303.0
43605.0 39152.0

16515.0 41473.0
16595.0 41241.0
17171.0 40835.0
18092.0 40466.0
18545.0 40444.0
18596.0 40337.0
19912.0 40313.0
21266.0 40310.0
21342.0 40064.0
21708.0 39975.0
24516.0 39974.0
24592.0 39916.0
24820.0 39905.0
25513.0 39758.0
27894.0 39757.0
28763.0 39696.0
31937.0 39695.0
32013.0 39637.0
32934.0 39511.0
36184.0 39450.0
39434.0 39433.0
40355.0 39303.0
46855.0 39208.0

16515.0 41473.0
16595.0 41241.0
17095.0 41069.0
17171.0 40744.0
18092.0 40466.0
18545.0 40444.0
18596.0 40337.0
19912.0 40313.0
21266.0 40310.0
21342.0 40064.0
21708.0 39975.0
24516.0 39974.0
24592.0 39916.0
24820.0 39889.0
25513.0 39758.0
27894.0 39757.0
28763.0 39632.0
31937.0 39630.0
32013.0 39596.0
32934.0 39511.0
36184.0 39399.0
40355.0 39303.0
46855.0 39208.0

16515.0 41382.0
16595.0 41150.0
17095.0 41069.0
17171.0 40744.0
18092.0 40466.0
18545.0 40444.0
18596.0 40337.0
19912.0 40313.0
21266.0 40310.0
21342.0 40064.0
21708.0 39975.0
24516.0 39974.0
24592.0 39915.0
24820.0 39905.0
25513.0 39758.0
27894.0 39757.0
28763.0 39632.0
32934.0 39511.0
36184.0 39398.0
40355.0 39303.0
46855.0 39208.0

16515.0 41382.0
16595.0 41150.0
17095.0 41069.0
17171.0 40744.0
18092.0 40466.0
18545.0 40444.0
18596.0 40337.0
19912.0 40313.0
21266.0 40310.0
21342.0 40064.0
21708.0 39975.0
24516.0 39974.0
24592.0 39915.0
24820.0 39889.0
25513.0 39758.0
27894.0 39757.0
28763.0 39656.0
32013.0 39596.0
32934.0 39511.0
36184.0 39398.0
40355.0 39303.0
46855.0 39208.0

16515.0 41473.0
16595.0 41241.0
17171.0 40744.0
18092.0 40466.0
18545.0 40444.0
18596.0 40337.0
19912.0 40313.0
21266.0 40310.0
21342.0 40064.0
21708.0 39975.0
24516.0 39974.0
24592.0 39915.0
25513.0 39758.0
27894.0 39757.0
28687.0 39755.0
28763.0 39631.0
32013.0 39572.0
32934.0 39511.0
36108.0 39509.0
36184.0 39385.0
39434.0 39326.0
40355.0 39303.0
43605.0 39153.0


