16023.0 43040.0
16156.0 42759.0
16595.0 42364.0
16956.0 42294.0
16990.0 41839.0
17095.0 41774.0
17516.0 41444.0
18016.0 41439.0
18092.0 40466.0
18545.0 40444.0
18596.0 40337.0
19912.0 40313.0
21266.0 40312.0
21342.0 40064.0
21708.0 39975.0
24516.0 39972.0
24592.0 39916.0
24820.0 39865.0
25513.0 39758.0
27894.0 39757.0
28763.0 39631.0
31937.0 39629.0
32013.0 39573.0
32934.0 39512.0
36184.0 39386.0
39434.0 39340.0
40355.0 39279.0
43605.0 39153.0
46779.0 39152.0

15590.0 57023.0
16023.0 47686.0
16156.0 46534.0
16519.0 44510.0
16595.0 43446.0
16990.0 42812.0
18092.0 42688.0
19505.0 42420.0
21138.0 42177.0
21638.0 42157.0
21657.0 41618.0
23950.0 41594.0
27766.0 41480.0
27894.0 41118.0
28763.0 40945.0
38858.0 40503.0
63874.0 38972.0

17326.0 50162.0
17996.0 49662.0
18092.0 47214.0
20857.0 47202.0
21342.0 44482.0
22263.0 44476.0
25010.0 43899.0
27587.0 42938.0
30155.0 42726.0
31861.0 42506.0

16936.0 55669.0
17326.0 50162.0
17713.0 48193.0
18092.0 47214.0
18579.0 46727.0
20546.0 44725.0
21342.0 43708.0
22020.0 43095.0
22263.0 42849.0
24176.0 42604.0
31861.0 42506.0

16816.0 41687.0
16956.0 41576.0
16990.0 41396.0
17516.0 41164.0
18016.0 41083.0
18092.0 40595.0
18596.0 40337.0
19912.0 40313.0
21266.0 40310.0
21342.0 40064.0
21708.0 39975.0
24516.0 39972.0
24592.0 39915.0
24820.0 39865.0
25513.0 39758.0
27894.0 39757.0
28687.0 39755.0
28763.0 39631.0
31937.0 39629.0
32013.0 39572.0
32934.0 39511.0
36108.0 39508.0
36184.0 39385.0
39434.0 39326.0
40355.0 39278.0
43605.0 39152.0
46855.0 39093.0

16023.0 43604.0
16156.0 42540.0
16515.0 42497.0
16595.0 42308.0
16816.0 41763.0
16956.0 41576.0
16990.0 41417.0
17516.0 41185.0
18016.0 41110.0
18092.0 40466.0
18545.0 40444.0
18596.0 40337.0
19912.0 40313.0
21266.0 40310.0
21342.0 40064.0
21708.0 39975.0
24516.0 39974.0
24592.0 39916.0
24820.0 39884.0
25513.0 39758.0
28763.0 39632.0
31937.0 39629.0
32934.0 39525.0
36184.0 39385.0
43605.0 39317.0

16023.0 43604.0
16156.0 42540.0
16515.0 42497.0
16595.0 42308.0
16816.0 41763.0
16956.0 41576.0
16990.0 41417.0
17516.0 41185.0
18016.0 41110.0
18092.0 40466.0
18545.0 40444.0
18596.0 40337.0
19912.0 40313.0
21266.0 40310.0
21342.0 40064.0
21708.0 39975.0
24516.0 39974.0
24592.0 39916.0
24820.0 39865.0
25513.0 39758.0
28687.0 39757.0
28763.0 39631.0
31937.0 39628.0
32013.0 39572.0
32934.0 39525.0
36184.0 39385.0
39434.0 39327.0
43605.0 39317.0

16023.0 42399.0
16156.0 41962.0
16595.0 41730.0
16816.0 41681.0
16956.0 41570.0
16990.0 41417.0
17516.0 41185.0
18016.0 41110.0
18092.0 40466.0
18545.0 40444.0
18596.0 40337.0
19912.0 40313.0
21266.0 40310.0
21342.0 40064.0
21708.0 39975.0
24516.0 39972.0
24592.0 39916.0
24820.0 39865.0
25513.0 39758.0
28687.0 39754.0
28763.0 39632.0
31937.0 39629.0
32013.0 39573.0
32934.0 39525.0
36184.0 39385.0
43605.0 39317.0
46779.0 39316.0

16023.0 43604.0
16156.0 42540.0
16515.0 42497.0
16595.0 42308.0
16816.0 41681.0
16956.0 41570.0
16990.0 41387.0
17516.0 41155.0
18016.0 41074.0
18092.0 40466.0
18545.0 40444.0
18596.0 40337.0
19912.0 40313.0
21266.0 40310.0
21342.0 40064.0
21708.0 39975.0
24516.0 39974.0
24592.0 39916.0
24820.0 39884.0
25513.0 39758.0
28687.0 39757.0
28763.0 39631.0
31937.0 39629.0
32013.0 39573.0
32934.0 39512.0
36184.0 39385.0
43605.0 39317.0

16023.0 42399.0
16156.0 41962.0
16595.0 41730.0
16816.0 41708.0
16956.0 41576.0
16990.0 41417.0
17516.0 41185.0
18016.0 41110.0
18092.0 40466.0
18545.0 40444.0
18596.0 40337.0
19912.0 40313.0
21266.0 40310.0
21342.0 40064.0
21708.0 39975.0
24516.0 39972.0
24592.0 39916.0
24820.0 39865.0
25513.0 39758.0
27894.0 39757.0
28687.0 39754.0
28763.0 39631.0
31937.0 39628.0
32013.0 39573.0
32934.0 39525.0
36108.0 39522.0
36184.0 39385.0
39434.0 39327.0
43605.0 39317.0

16023.0 43604.0
16156.0 41932.0
16595.0 41700.0
16956.0 41576.0
16990.0 41396.0
17516.0 41164.0
18016.0 41074.0
18092.0 40466.0
18545.0 40444.0
18596.0 40337.0
19912.0 40313.0
21266.0 40310.0
21342.0 40064.0
21708.0 39975.0
24516.0 39972.0
24592.0 39916.0
24820.0 39884.0
25513.0 39758.0
28687.0 39755.0
28763.0 39631.0
31937.0 39629.0
32934.0 39511.0
36184.0 39385.0
43605.0 39317.0

16023.0 42369.0
16156.0 41932.0
16515.0 41657.0
16816.0 41366.0
17516.0 41134.0
18016.0 41053.0
18092.0 40466.0
18545.0 40444.0
18596.0 40337.0
19912.0 40313.0
21266.0 40310.0
21342.0 40064.0
21708.0 39975.0
24516.0 39972.0
24592.0 39916.0
24820.0 39865.0
25513.0 39758.0
28687.0 39755.0
28763.0 39632.0
31937.0 39629.0
32013.0 39573.0
32934.0 39525.0
36184.0 39385.0
39434.0 39351.0
43605.0 39317.0

16023.0 42369.0
16156.0 41932.0
16595.0 41700.0
16956.0 41576.0
16990.0 41387.0
17516.0 41155.0
18016.0 41074.0
18092.0 40466.0
18545.0 40444.0
18596.0 40337.0
19912.0 40313.0
21266.0 40310.0
21342.0 40064.0
21708.0 39975.0
24516.0 39972.0
24592.0 39915.0
24820.0 39884.0
25513.0 39758.0
28687.0 39755.0
28763.0 39631.0
31937.0 39629.0
32013.0 39573.0
32934.0 39525.0
36184.0 39385.0
39434.0 39351.0
42608.0 39339.0
43605.0 39317.0
46779.0 39303.0
49529.0 39156.0

16023.0 42405.0
16156.0 41932.0
16595.0 41700.0
16816.0 41366.0
17516.0 41134.0
18016.0 41053.0
18092.0 40466.0
18545.0 40444.0
18596.0 40337.0
19912.0 40313.0
21266.0 40310.0
21342.0 40064.0
21708.0 39975.0
24516.0 39972.0
24592.0 39915.0
24820.0 39865.0
25513.0 39758.0
28687.0 39755.0
28763.0 39631.0
31937.0 39629.0
32013.0 39573.0
32934.0 39511.0
36184.0 39385.0
39434.0 39327.0
43605.0 39317.0

16023.0 43604.0
16156.0 41932.0
16515.0 41831.0
16595.0 41700.0
16816.0 41653.0
16875.0 41587.0
16956.0 41576.0
16990.0 41417.0
17516.0 41185.0
18016.0 41110.0
18092.0 40466.0
18545.0 40444.0
18596.0 40337.0
19912.0 40313.0
21266.0 40310.0
21342.0 40064.0
21708.0 39975.0
24516.0 39972.0
24592.0 39915.0
24820.0 39865.0
25513.0 39758.0
27894.0 39757.0
28687.0 39755.0
28763.0 39631.0
31937.0 39629.0
32013.0 39573.0
32934.0 39511.0
36184.0 39385.0
39358.0 39383.0
39434.0 39351.0
43605.0 39177.0
46855.0 39118.0


