16290.0 45281.0
16480.0 43673.0
16494.0 43429.0
16816.0 42727.0
16956.0 42136.0
16990.0 41663.0
17516.0 41268.0
18016.0 41169.0
18092.0 40714.0
18545.0 40539.0
18596.0 40520.0
19912.0 40496.0
20387.0 40484.0
21342.0 40129.0
21708.0 40128.0
24820.0 40056.0
25513.0 39854.0
27894.0 39803.0
28763.0 39728.0
32013.0 39631.0
32934.0 39511.0
36184.0 39452.0
39434.0 39385.0
40355.0 39318.0
46855.0 39303.0

16023.0 49265.0
16256.0 48825.0
16726.0 43587.0
18092.0 43428.0
18615.0 42704.0
19313.0 42604.0
19505.0 42463.0
21661.0 42324.0
21708.0 42128.0
23499.0 41908.0
25513.0 41473.0
28763.0 41083.0
31413.0 41068.0
35608.0 40401.0
63874.0 38972.0

17492.0 55847.0
18122.0 49741.0
18615.0 49514.0
19471.0 48926.0
19946.0 47063.0
20742.0 46231.0
20766.0 46089.0
21266.0 45872.0
21657.0 44805.0
23240.0 42729.0
28763.0 41083.0

17345.0 52677.0
18056.0 48905.0
18092.0 47544.0
18615.0 47222.0
19946.0 47063.0
20142.0 45405.0
21657.0 44805.0
23240.0 42729.0
28763.0 41083.0

16515.0 45098.0
16816.0 41875.0
16956.0 41838.0
16990.0 41387.0
17516.0 41155.0
18016.0 41092.0
18092.0 40624.0
18545.0 40607.0
18596.0 40337.0
19912.0 40313.0
21266.0 40310.0
21342.0 40064.0
21708.0 39975.0
24516.0 39972.0
24592.0 39915.0
24820.0 39865.0
25513.0 39758.0
27894.0 39757.0
28687.0 39755.0
28763.0 39631.0
31937.0 39629.0
32013.0 39572.0
32934.0 39511.0
36184.0 39385.0
39434.0 39326.0
40355.0 39278.0
43605.0 39152.0
50105.0 39076.0

16023.0 42369.0
16156.0 42347.0
16515.0 41448.0
16595.0 41053.0
17095.0 40954.0
18092.0 40531.0
18545.0 40509.0
18596.0 40353.0
19912.0 40313.0
21266.0 40310.0
21342.0 40064.0
21708.0 39975.0
24516.0 39974.0
24592.0 39916.0
24820.0 39865.0
25513.0 39758.0
28763.0 39632.0
32013.0 39573.0
36184.0 39450.0
38858.0 39448.0
43605.0 39217.0

16023.0 42369.0
16156.0 42347.0
16515.0 41448.0
16595.0 41053.0
17095.0 40954.0
17171.0 40744.0
18092.0 40531.0
18545.0 40509.0
18596.0 40337.0
19912.0 40313.0
21266.0 40310.0
21342.0 40064.0
21708.0 39975.0
24516.0 39972.0
24592.0 39916.0
24820.0 39865.0
25513.0 39758.0
28763.0 39632.0
32013.0 39573.0
32934.0 39512.0
36184.0 39386.0
43605.0 39217.0

16023.0 42369.0
16156.0 42347.0
16515.0 41448.0
16595.0 41053.0
17095.0 40954.0
17171.0 40744.0
18092.0 40466.0
18545.0 40444.0
18596.0 40337.0
19912.0 40313.0
21266.0 40310.0
21342.0 40064.0
21708.0 39975.0
24516.0 39972.0
24592.0 39916.0
24820.0 39865.0
25513.0 39758.0
28763.0 39632.0
32013.0 39573.0
32934.0 39512.0
36184.0 39386.0
43605.0 39217.0

16023.0 42369.0
16156.0 42347.0
16515.0 41267.0
16595.0 41035.0
17095.0 40954.0
18092.0 40466.0
18545.0 40449.0
18596.0 40337.0
19912.0 40313.0
21266.0 40310.0
21342.0 40064.0
21708.0 39975.0
24516.0 39974.0
24592.0 39916.0
24820.0 39865.0
25513.0 39758.0
28763.0 39632.0
32013.0 39573.0
36108.0 39533.0
36184.0 39450.0
38858.0 39448.0
43605.0 39217.0

16023.0 42369.0
16156.0 42347.0
16515.0 41448.0
16595.0 41053.0
17095.0 40954.0
18092.0 40466.0
18545.0 40444.0
18596.0 40337.0
19912.0 40313.0
21266.0 40310.0
21342.0 40064.0
21708.0 39975.0
24516.0 39972.0
24592.0 39916.0
24820.0 39865.0
25513.0 39758.0
28763.0 39632.0
31937.0 39629.0
32013.0 39573.0
32934.0 39512.0
36184.0 39386.0
43605.0 39217.0

16023.0 42369.0
16156.0 42347.0
16515.0 41448.0
16595.0 41053.0
17095.0 40954.0
17171.0 40744.0
18092.0 40531.0
18545.0 40509.0
18596.0 40337.0
19912.0 40313.0
21266.0 40310.0
21342.0 40064.0
21708.0 39975.0
24516.0 39972.0
24592.0 39916.0
24820.0 39865.0
25513.0 39758.0
28763.0 39632.0
32013.0 39573.0
32934.0 39512.0
36184.0 39386.0
43605.0 39217.0

16023.0 42369.0
16156.0 42286.0
16515.0 41448.0
16595.0 41053.0
17095.0 40954.0
17171.0 40744.0
18092.0 40531.0
18545.0 40509.0
18596.0 40337.0
19912.0 40313.0
21266.0 40310.0
21342.0 40064.0
21708.0 39975.0
24516.0 39972.0
24592.0 39916.0
24820.0 39865.0
25513.0 39758.0
28763.0 39632.0
32013.0 39573.0
32934.0 39512.0
36184.0 39386.0
39434.0 39364.0
43605.0 39217.0

16023.0 42369.0
16156.0 42347.0
16515.0 41448.0
16595.0 41053.0
17095.0 40954.0
17171.0 40744.0
18092.0 40466.0
18545.0 40444.0
18596.0 40337.0
19912.0 40313.0
21266.0 40310.0
21342.0 40064.0
21708.0 39975.0
24516.0 39972.0
24592.0 39916.0
24820.0 39865.0
25513.0 39758.0
28763.0 39632.0
32013.0 39573.0
32934.0 39512.0
36184.0 39386.0
43605.0 39160.0

16023.0 42369.0
16156.0 42347.0
16515.0 41448.0
16595.0 41053.0
17095.0 40954.0
17171.0 40744.0
18092.0 40466.0
18545.0 40444.0
18596.0 40337.0
19912.0 40313.0
21266.0 40310.0
21342.0 40064.0
21708.0 39975.0
24516.0 39972.0
24592.0 39916.0
24820.0 39865.0
25513.0 39758.0
28687.0 39755.0
28763.0 39632.0
31937.0 39631.0
32013.0 39573.0
32934.0 39512.0
36108.0 39511.0
36184.0 39386.0
39434.0 39364.0
43605.0 39217.0

16023.0 42369.0
16156.0 42286.0
16515.0 41328.0
16595.0 41053.0
17095.0 40954.0
17171.0 40744.0
18092.0 40466.0
18545.0 40444.0
18596.0 40337.0
19912.0 40313.0
21266.0 40310.0
21342.0 40064.0
21708.0 39975.0
24516.0 39972.0
24592.0 39916.0
24820.0 39865.0
25513.0 39758.0
28687.0 39755.0
28763.0 39631.0
32013.0 39573.0
32934.0 39512.0
36184.0 39386.0
39358.0 39382.0
39434.0 39340.0
43605.0 39177.0


