16816.0 42833.0
17492.0 42126.0
18092.0 40792.0
18545.0 40775.0
18596.0 40425.0
19912.0 40401.0
21342.0 40187.0
21708.0 40042.0
24592.0 39915.0
25513.0 39846.0
28687.0 39844.0
28763.0 39632.0
32013.0 39573.0
36184.0 39550.0
39434.0 39340.0

16023.0 45260.0
17431.0 44213.0
18092.0 43931.0
18545.0 43650.0
18805.0 43522.0
19505.0 43426.0
21342.0 42837.0
21708.0 42231.0
23992.0 42216.0
24016.0 41793.0
25513.0 41336.0
60700.0 38973.0

17869.0 49695.0
18446.0 47985.0
19466.0 47641.0
19838.0 46741.0
20178.0 46115.0
20766.0 43878.0
24913.0 43653.0
28187.0 43275.0

17869.0 49695.0
18446.0 47985.0
19466.0 47641.0
20178.0 46115.0
20457.0 44173.0
24913.0 43653.0

16023.0 44274.0
16156.0 43993.0
16290.0 43258.0
16571.0 42945.0
16816.0 42517.0
16990.0 41453.0
17171.0 41422.0
17516.0 41221.0
18016.0 41140.0
18092.0 40466.0
18545.0 40449.0
18596.0 40337.0
19912.0 40313.0
21266.0 40310.0
21342.0 40064.0
21708.0 39975.0
24516.0 39974.0
24592.0 39915.0
24820.0 39865.0
25513.0 39758.0
27894.0 39757.0
28687.0 39756.0
28763.0 39631.0
31937.0 39629.0
32013.0 39572.0
32934.0 39512.0
36108.0 39511.0
36184.0 39386.0
39434.0 39340.0
42684.0 39291.0
43605.0 39153.0

16023.0 43465.0
16515.0 43256.0
16571.0 41883.0
16956.0 41741.0
16990.0 41598.0
17171.0 40835.0
18092.0 40466.0
18545.0 40444.0
18596.0 40377.0
21266.0 40334.0
21342.0 40128.0
21657.0 40106.0
21708.0 40039.0
24592.0 39980.0
24820.0 39930.0
25513.0 39919.0
28763.0 39678.0
32013.0 39619.0
36184.0 39515.0
39434.0 39476.0

16023.0 43465.0
16515.0 43256.0
16571.0 41883.0
16956.0 41741.0
16990.0 41598.0
17171.0 40835.0
18092.0 40466.0
18545.0 40444.0
18596.0 40353.0
21266.0 40310.0
21342.0 40128.0
21657.0 40106.0
21708.0 40015.0
24592.0 39980.0
24820.0 39930.0
25513.0 39895.0
28763.0 39678.0
32013.0 39619.0
36184.0 39515.0
39434.0 39476.0

16023.0 43435.0
16515.0 43165.0
16571.0 41792.0
16956.0 41741.0
16990.0 41598.0
17171.0 40744.0
18092.0 40466.0
18545.0 40444.0
18596.0 40377.0
21266.0 40334.0
21342.0 40128.0
21657.0 40106.0
21708.0 40039.0
24516.0 39996.0
24592.0 39939.0
24820.0 39930.0
25513.0 39822.0
28763.0 39678.0
32013.0 39619.0
36184.0 39514.0
39434.0 39476.0

16023.0 43465.0
16515.0 43256.0
16571.0 41883.0
16956.0 41741.0
16990.0 41598.0
17171.0 40835.0
18092.0 40466.0
18545.0 40444.0
18596.0 40377.0
21266.0 40334.0
21342.0 40128.0
21657.0 40106.0
21708.0 40039.0
24592.0 39980.0
24820.0 39930.0
25513.0 39919.0
28763.0 39678.0
32013.0 39619.0
36184.0 39514.0
39434.0 39476.0

16023.0 43465.0
16256.0 43441.0
16515.0 43256.0
16571.0 41883.0
16956.0 41741.0
16990.0 41417.0
17171.0 40835.0
18092.0 40466.0
18545.0 40444.0
18596.0 40337.0
19912.0 40313.0
21266.0 40310.0
21342.0 40064.0
21708.0 39975.0
24516.0 39974.0
24592.0 39916.0
25513.0 39911.0
27842.0 39848.0
28763.0 39678.0
32013.0 39619.0
36184.0 39474.0

16023.0 43465.0
16156.0 43184.0
16571.0 41883.0
16595.0 41811.0
16956.0 41741.0
16990.0 41598.0
17171.0 40835.0
18092.0 40466.0
18545.0 40444.0
18596.0 40377.0
21266.0 40334.0
21342.0 40128.0
21657.0 40106.0
21708.0 40039.0
24592.0 39980.0
24820.0 39930.0
25513.0 39919.0
27842.0 39894.0
28763.0 39678.0
32013.0 39619.0
36184.0 39515.0
39434.0 39436.0

16023.0 42611.0
16156.0 42330.0
16571.0 41883.0
16595.0 41811.0
16956.0 41741.0
16990.0 41387.0
17171.0 40835.0
18092.0 40466.0
18545.0 40444.0
18596.0 40353.0
19912.0 40313.0
21266.0 40310.0
21342.0 40064.0
21708.0 39975.0
24516.0 39972.0
24592.0 39934.0
24820.0 39905.0
25513.0 39758.0
28687.0 39757.0
28763.0 39678.0
32013.0 39619.0
36184.0 39493.0
39434.0 39436.0

16023.0 43465.0
16156.0 43184.0
16571.0 41883.0
16595.0 41811.0
16956.0 41741.0
16990.0 41598.0
17171.0 40835.0
18092.0 40466.0
18545.0 40444.0
18596.0 40377.0
21266.0 40334.0
21342.0 40128.0
21657.0 40106.0
21708.0 40039.0
24592.0 39980.0
24820.0 39930.0
25513.0 39919.0
27842.0 39894.0
28763.0 39678.0
32013.0 39619.0
36184.0 39515.0
39434.0 39436.0

16023.0 42611.0
16571.0 41883.0
16595.0 41811.0
16956.0 41741.0
16990.0 41417.0
17171.0 40835.0
18092.0 40466.0
18545.0 40444.0
18596.0 40353.0
21266.0 40310.0
21342.0 40104.0
21657.0 40082.0
21708.0 40015.0
24516.0 39972.0
24592.0 39934.0
24820.0 39930.0
25513.0 39798.0
28763.0 39672.0
32013.0 39619.0
36184.0 39463.0
39434.0 39436.0

16023.0 42700.0
16156.0 42050.0
16515.0 41358.0
16595.0 41126.0
17095.0 41045.0
17171.0 40835.0
18092.0 40466.0
18545.0 40444.0
18596.0 40353.0
19912.0 40343.0
21266.0 40310.0
21342.0 40064.0
21708.0 39975.0
24516.0 39972.0
24592.0 39934.0
24820.0 39930.0
25513.0 39758.0
28687.0 39757.0
28763.0 39672.0
32013.0 39591.0
35187.0 39570.0
36184.0 39453.0
39358.0 39452.0
39434.0 39326.0
42608.0 39325.0
43605.0 39260.0
46855.0 39133.0


