16990.0 44270.0
17492.0 43358.0
17745.0 41975.0
18092.0 41392.0
18596.0 40353.0
19912.0 40313.0
21342.0 40225.0
24820.0 40194.0
25513.0 39968.0

16290.0 48038.0
16515.0 46746.0
18122.0 46159.0
20742.0 42535.0
63874.0 38972.0

16256.0 50460.0
18056.0 45900.0
20178.0 44832.0
21708.0 44188.0
24516.0 42916.0
27487.0 42282.0

18122.0 48913.0
18615.0 48867.0
18922.0 43670.0
21342.0 42717.0
24016.0 42710.0
31437.0 42235.0

16515.0 41267.0
16595.0 41053.0
17095.0 40954.0
17171.0 40768.0
18092.0 40704.0
18596.0 40337.0
21266.0 40312.0
21342.0 40187.0
21708.0 39999.0
24516.0 39974.0
24592.0 39963.0
25513.0 39940.0
27894.0 39939.0
28763.0 39655.0

16515.0 41267.0
16595.0 41053.0
17095.0 40954.0
17171.0 40768.0
18092.0 40704.0
18596.0 40337.0
21266.0 40312.0
21342.0 40187.0
21708.0 39999.0
24516.0 39974.0
24592.0 39963.0
25513.0 39940.0
27894.0 39939.0
28763.0 39655.0

16515.0 41267.0
16595.0 41053.0
17095.0 40954.0
17171.0 40768.0
18092.0 40704.0
18596.0 40337.0
21266.0 40312.0
21342.0 40187.0
21708.0 39999.0
24516.0 39974.0
24592.0 39963.0
25513.0 39940.0
27894.0 39939.0
28763.0 39655.0

16515.0 41267.0
16595.0 41053.0
17095.0 40954.0
17171.0 40768.0
18092.0 40704.0
18596.0 40337.0
21266.0 40312.0
21342.0 40187.0
21708.0 39999.0
24516.0 39974.0
24592.0 39963.0
25513.0 39940.0
27894.0 39939.0
28763.0 39655.0

16515.0 41267.0
16595.0 41053.0
17095.0 40954.0
17171.0 40768.0
18092.0 40704.0
18596.0 40337.0
21266.0 40312.0
21342.0 40187.0
21708.0 39999.0
24516.0 39974.0
24592.0 39963.0
25513.0 39940.0
27894.0 39939.0
28763.0 39655.0

16515.0 41267.0
16595.0 41053.0
17095.0 40954.0
17171.0 40768.0
18092.0 40704.0
18596.0 40337.0
21266.0 40312.0
21342.0 40187.0
21708.0 39999.0
24516.0 39974.0
24592.0 39963.0
25513.0 39940.0
27894.0 39939.0
28763.0 39655.0

16515.0 41267.0
16595.0 41053.0
17095.0 40954.0
17171.0 40768.0
18092.0 40704.0
18596.0 40337.0
21266.0 40312.0
21342.0 40187.0
21708.0 39999.0
24516.0 39974.0
24592.0 39963.0
25513.0 39940.0
27894.0 39939.0
28763.0 39655.0

16515.0 41267.0
16595.0 41053.0
17095.0 40954.0
17171.0 40768.0
18092.0 40704.0
18596.0 40337.0
21266.0 40312.0
21342.0 40187.0
21708.0 39999.0
24516.0 39974.0
24592.0 39963.0
25513.0 39940.0
27894.0 39939.0
28763.0 39655.0

16515.0 41267.0
16595.0 41053.0
17095.0 40954.0
17171.0 40768.0
18092.0 40704.0
18596.0 40337.0
21266.0 40312.0
21342.0 40187.0
21708.0 39999.0
24516.0 39974.0
24592.0 39963.0
25513.0 39940.0
27894.0 39939.0
28763.0 39655.0

16515.0 41267.0
16595.0 41053.0
17095.0 40954.0
17171.0 40768.0
18092.0 40704.0
18596.0 40337.0
21266.0 40312.0
21342.0 40187.0
21708.0 39999.0
24516.0 39974.0
24592.0 39963.0
25513.0 39940.0
27894.0 39939.0
28763.0 39655.0

16515.0 41267.0
16595.0 41053.0
17095.0 40954.0
17171.0 40768.0
18092.0 40704.0
18596.0 40337.0
21266.0 40312.0
21342.0 40187.0
21708.0 39999.0
24516.0 39974.0
24592.0 39963.0
25513.0 39940.0
27894.0 39939.0
28763.0 39655.0


