16745.0 43774.0
16816.0 41834.0
16956.0 41764.0
16990.0 41536.0
17171.0 41491.0
17516.0 41369.0
18016.0 41270.0
18092.0 40676.0
18545.0 40659.0
18596.0 40367.0
19912.0 40313.0
21342.0 40064.0
21708.0 39975.0
24592.0 39916.0
24820.0 39865.0
25513.0 39758.0
28687.0 39757.0
28763.0 39631.0
32013.0 39573.0
32934.0 39512.0
36184.0 39385.0
39358.0 39384.0
39434.0 39327.0
40355.0 39303.0
46855.0 39245.0

16023.0 46530.0
16990.0 46164.0
17516.0 44990.0
18092.0 43770.0
18513.0 43365.0
19313.0 43102.0
20766.0 41936.0
23316.0 41698.0
24750.0 40939.0
60700.0 38975.0

17145.0 51719.0
18092.0 49485.0
18615.0 49006.0
18623.0 48671.0
20387.0 47064.0
21657.0 46521.0
22263.0 44287.0
32358.0 44048.0
32934.0 42094.0

16990.0 51617.0
18092.0 49485.0
18615.0 49006.0
18623.0 48671.0
18671.0 47674.0
18921.0 45465.0
22263.0 44287.0
25451.0 42524.0
32934.0 42094.0

16816.0 42451.0
16956.0 41662.0
16990.0 41387.0
17516.0 41155.0
18016.0 41074.0
18092.0 40466.0
18545.0 40444.0
18596.0 40337.0
19912.0 40313.0
21266.0 40310.0
21342.0 40064.0
21708.0 39975.0
24516.0 39972.0
24592.0 39915.0
24820.0 39865.0
25513.0 39758.0
27894.0 39757.0
28687.0 39755.0
28763.0 39631.0
31937.0 39628.0
32013.0 39572.0
32934.0 39511.0
36108.0 39510.0
36184.0 39385.0
39434.0 39326.0
40355.0 39278.0
43605.0 39152.0
46855.0 39093.0
51026.0 39070.0

16023.0 46604.0
16156.0 45423.0
16419.0 44995.0
16495.0 44759.0
16515.0 41745.0
16595.0 41350.0
17095.0 41251.0
17171.0 40805.0
18092.0 40466.0
18545.0 40444.0
18596.0 40337.0
19912.0 40313.0
21266.0 40312.0
21342.0 40088.0
21657.0 40071.0
21708.0 39999.0
24516.0 39972.0
24592.0 39940.0
25513.0 39758.0
28763.0 39656.0
32934.0 39549.0
36184.0 39410.0
40355.0 39279.0
46855.0 39258.0

16023.0 46604.0
16156.0 45423.0
16419.0 44995.0
16495.0 44759.0
16515.0 41745.0
16595.0 41350.0
17095.0 41251.0
17171.0 40805.0
18092.0 40466.0
18545.0 40444.0
18596.0 40337.0
19912.0 40313.0
21266.0 40312.0
21342.0 40088.0
21657.0 40071.0
21708.0 39999.0
24516.0 39972.0
24592.0 39940.0
25513.0 39758.0
28763.0 39656.0
32934.0 39549.0
36184.0 39410.0
40355.0 39279.0
46855.0 39258.0

16023.0 46604.0
16156.0 45423.0
16419.0 44995.0
16495.0 44759.0
16515.0 41382.0
16595.0 41150.0
17171.0 40744.0
18092.0 40466.0
18545.0 40444.0
18596.0 40337.0
19912.0 40313.0
21266.0 40312.0
21342.0 40064.0
21708.0 39975.0
24516.0 39972.0
24592.0 39916.0
24820.0 39889.0
25513.0 39758.0
28687.0 39757.0
28763.0 39632.0
32013.0 39573.0
32934.0 39536.0
36184.0 39410.0
39434.0 39350.0
40355.0 39279.0
46855.0 39258.0

16023.0 46604.0
16156.0 45423.0
16419.0 44995.0
16495.0 44759.0
16515.0 41382.0
16595.0 41150.0
17095.0 41069.0
17171.0 40744.0
18092.0 40466.0
18545.0 40444.0
18596.0 40337.0
19912.0 40313.0
21266.0 40312.0
21342.0 40064.0
21708.0 39975.0
24516.0 39972.0
24592.0 39940.0
25513.0 39758.0
28687.0 39757.0
28763.0 39632.0
32934.0 39549.0
36184.0 39410.0
40355.0 39279.0
46855.0 39258.0

16023.0 45704.0
16156.0 45299.0
16290.0 45058.0
16419.0 44995.0
16495.0 44759.0
16515.0 41382.0
16595.0 41150.0
17095.0 41069.0
17171.0 40805.0
18092.0 40466.0
18545.0 40444.0
18596.0 40337.0
19912.0 40313.0
21266.0 40312.0
21342.0 40064.0
21708.0 39975.0
24516.0 39972.0
24592.0 39916.0
24820.0 39865.0
25513.0 39758.0
28687.0 39757.0
28763.0 39632.0
32013.0 39573.0
32934.0 39549.0
36184.0 39410.0
40355.0 39279.0
46855.0 39258.0

16023.0 46604.0
16156.0 45423.0
16419.0 44995.0
16495.0 44759.0
16515.0 41745.0
16595.0 41350.0
17095.0 41251.0
17171.0 40805.0
18092.0 40466.0
18545.0 40444.0
18596.0 40337.0
19912.0 40313.0
21266.0 40312.0
21342.0 40064.0
21708.0 39975.0
24516.0 39972.0
24592.0 39915.0
24820.0 39889.0
25513.0 39758.0
28687.0 39757.0
28763.0 39632.0
32013.0 39572.0
32934.0 39525.0
36184.0 39410.0
40355.0 39279.0
46855.0 39258.0

16023.0 46604.0
16156.0 45423.0
16419.0 44995.0
16495.0 44759.0
16515.0 41382.0
16595.0 41168.0
17095.0 41069.0
17171.0 40744.0
18092.0 40466.0
18545.0 40444.0
18596.0 40337.0
19912.0 40313.0
21266.0 40312.0
21342.0 40064.0
21708.0 39975.0
24516.0 39972.0
24592.0 39916.0
24820.0 39889.0
25513.0 39758.0
28687.0 39757.0
28763.0 39631.0
32013.0 39596.0
32934.0 39525.0
36108.0 39511.0
36184.0 39410.0
40355.0 39279.0
46855.0 39258.0

16023.0 46604.0
16156.0 45423.0
16419.0 44995.0
16495.0 44759.0
16515.0 41382.0
16595.0 41150.0
17095.0 41069.0
17171.0 40744.0
18092.0 40466.0
18545.0 40444.0
18596.0 40337.0
19912.0 40313.0
21266.0 40312.0
21342.0 40088.0
21657.0 40071.0
21708.0 39975.0
24516.0 39972.0
24592.0 39916.0
24820.0 39889.0
25513.0 39758.0
28687.0 39757.0
28763.0 39632.0
32013.0 39573.0
32934.0 39525.0
36184.0 39410.0
40355.0 39279.0
46855.0 39258.0

16023.0 46604.0
16156.0 45423.0
16290.0 45058.0
16419.0 44995.0
16495.0 44759.0
16515.0 41443.0
16595.0 41211.0
17095.0 41160.0
17171.0 40744.0
18092.0 40466.0
18545.0 40444.0
18596.0 40337.0
19912.0 40313.0
21266.0 40312.0
21342.0 40064.0
21708.0 39975.0
24516.0 39972.0
24592.0 39915.0
24820.0 39865.0
25513.0 39758.0
28687.0 39757.0
28763.0 39632.0
32013.0 39572.0
32934.0 39512.0
36184.0 39410.0
39434.0 39334.0
40355.0 39279.0
43605.0 39248.0

16023.0 46604.0
16156.0 45423.0
16419.0 44995.0
16495.0 44759.0
16515.0 41382.0
16595.0 41211.0
17171.0 40744.0
18092.0 40466.0
18545.0 40444.0
18596.0 40337.0
19912.0 40313.0
21266.0 40312.0
21342.0 40064.0
21708.0 39975.0
24516.0 39972.0
24592.0 39916.0
24820.0 39889.0
25513.0 39758.0
28687.0 39757.0
28763.0 39632.0
31937.0 39631.0
32013.0 39579.0
32934.0 39536.0
36108.0 39511.0
36184.0 39399.0
39434.0 39347.0
40355.0 39279.0
43605.0 39177.0
46855.0 39118.0


