16515.0 41515.0
16595.0 41120.0
17095.0 41021.0
17171.0 40926.0
18092.0 40544.0
18545.0 40522.0
18596.0 40425.0
19912.0 40401.0
21266.0 40398.0
21342.0 40064.0
21708.0 39975.0
24516.0 39974.0
24592.0 39915.0
25513.0 39758.0
27894.0 39757.0
28763.0 39631.0
31937.0 39628.0
32013.0 39572.0
32934.0 39524.0
36108.0 39523.0
36184.0 39385.0
39434.0 39363.0
40355.0 39278.0
43605.0 39159.0
46855.0 39124.0

16023.0 51799.0
16290.0 50750.0
16515.0 43565.0
16571.0 43334.0
18092.0 42079.0
18545.0 41066.0
22495.0 41039.0
24801.0 40548.0
63874.0 38972.0

17996.0 49936.0
18016.0 48048.0
19505.0 47431.0
19912.0 45359.0
20142.0 45341.0
24750.0 45167.0
24785.0 44607.0
27062.0 44552.0
28163.0 44436.0
31437.0 42811.0

17492.0 45983.0
18056.0 43398.0
18623.0 41825.0
20066.0 41425.0

16519.0 43041.0
16571.0 42726.0
16816.0 41807.0
16956.0 41737.0
16990.0 41387.0
17516.0 41173.0
17745.0 41162.0
18016.0 41074.0
18092.0 40466.0
18545.0 40444.0
18596.0 40337.0
19912.0 40313.0
21266.0 40310.0
21342.0 40064.0
21708.0 39975.0
24516.0 39972.0
24592.0 39915.0
24820.0 39865.0
25513.0 39758.0
27894.0 39757.0
28687.0 39755.0
28763.0 39631.0
31937.0 39628.0
32013.0 39572.0
32934.0 39511.0
36108.0 39509.0
36184.0 39385.0
39358.0 39384.0
39434.0 39326.0
40355.0 39278.0
43605.0 39152.0
46855.0 39093.0

16093.0 45874.0
16290.0 43536.0
16515.0 41382.0
16595.0 41053.0
17171.0 40744.0
18092.0 40466.0
18545.0 40449.0
18596.0 40337.0
19912.0 40313.0
21266.0 40310.0
21342.0 40104.0
21708.0 39975.0
24516.0 39974.0
24592.0 39916.0
24820.0 39884.0
25513.0 39758.0
28763.0 39632.0
32013.0 39573.0
32934.0 39525.0
36184.0 39386.0
39434.0 39340.0
40355.0 39279.0
43605.0 39153.0
46855.0 39094.0

16093.0 45874.0
16290.0 43536.0
16515.0 41382.0
16595.0 41053.0
17171.0 40744.0
18092.0 40466.0
18545.0 40449.0
18596.0 40337.0
19912.0 40313.0
21266.0 40310.0
21342.0 40104.0
21708.0 39975.0
24516.0 39974.0
24592.0 39916.0
24820.0 39884.0
25513.0 39758.0
28763.0 39632.0
31937.0 39631.0
32013.0 39573.0
32934.0 39525.0
36184.0 39386.0
39358.0 39384.0
39434.0 39340.0
40355.0 39279.0
43605.0 39153.0
46855.0 39094.0

16093.0 45874.0
16290.0 43330.0
16515.0 41382.0
16595.0 41053.0
17095.0 40954.0
17171.0 40744.0
18092.0 40466.0
18545.0 40444.0
18596.0 40337.0
19912.0 40313.0
21266.0 40310.0
21342.0 40088.0
21708.0 39975.0
24516.0 39974.0
24592.0 39916.0
24820.0 39884.0
25513.0 39758.0
27894.0 39757.0
28763.0 39632.0
31937.0 39631.0
32013.0 39573.0
32934.0 39512.0
36184.0 39386.0
39434.0 39340.0
40355.0 39279.0
43605.0 39153.0
46855.0 39094.0

16093.0 45874.0
16290.0 43536.0
16515.0 41382.0
16595.0 41053.0
17171.0 40744.0
18092.0 40466.0
18545.0 40444.0
18596.0 40337.0
19912.0 40313.0
21266.0 40310.0
21342.0 40104.0
21708.0 39975.0
24516.0 39974.0
24592.0 39916.0
24820.0 39884.0
25513.0 39758.0
28763.0 39632.0
31937.0 39631.0
32013.0 39573.0
32934.0 39512.0
36184.0 39386.0
39434.0 39340.0
40355.0 39279.0
43605.0 39153.0
46855.0 39094.0

15590.0 46801.0
16023.0 44197.0
16156.0 43754.0
16290.0 43265.0
16515.0 41382.0
16595.0 41053.0
17171.0 40744.0
18092.0 40466.0
18545.0 40449.0
18596.0 40337.0
19912.0 40313.0
21266.0 40310.0
21342.0 40064.0
21708.0 39975.0
24516.0 39974.0
24592.0 39916.0
24820.0 39884.0
25513.0 39758.0
28687.0 39757.0
28763.0 39632.0
31937.0 39631.0
32013.0 39573.0
32934.0 39512.0
36184.0 39386.0
39358.0 39384.0
39434.0 39340.0
40355.0 39279.0
43605.0 39153.0
46855.0 39094.0

16093.0 45874.0
16290.0 43536.0
16515.0 41382.0
16595.0 41053.0
17171.0 40744.0
18092.0 40466.0
18545.0 40444.0
18596.0 40337.0
19912.0 40313.0
21266.0 40310.0
21342.0 40104.0
21708.0 39975.0
24516.0 39974.0
24592.0 39916.0
24820.0 39884.0
25513.0 39758.0
28687.0 39757.0
28763.0 39632.0
32013.0 39573.0
32934.0 39512.0
36184.0 39386.0
39358.0 39384.0
39434.0 39340.0
40355.0 39279.0
43605.0 39153.0
46855.0 39094.0

16023.0 44197.0
16156.0 43754.0
16290.0 43265.0
16515.0 41382.0
16595.0 41053.0
17171.0 40744.0
18092.0 40466.0
18545.0 40444.0
18596.0 40337.0
19912.0 40313.0
21266.0 40310.0
21342.0 40064.0
21708.0 39975.0
24516.0 39974.0
24592.0 39915.0
24820.0 39884.0
25513.0 39758.0
28687.0 39757.0
28763.0 39632.0
32013.0 39573.0
32934.0 39512.0
36184.0 39386.0
39358.0 39384.0
39434.0 39340.0
40355.0 39279.0
43605.0 39153.0
46855.0 39094.0

16093.0 45874.0
16290.0 43536.0
16515.0 41382.0
16595.0 41053.0
17095.0 40954.0
17171.0 40744.0
18092.0 40466.0
18545.0 40444.0
18596.0 40337.0
19912.0 40313.0
21266.0 40310.0
21342.0 40104.0
21708.0 39975.0
24516.0 39974.0
24592.0 39916.0
24820.0 39884.0
25513.0 39758.0
28687.0 39757.0
28763.0 39632.0
32013.0 39573.0
32934.0 39512.0
36184.0 39386.0
39358.0 39384.0
39434.0 39340.0
40355.0 39279.0
43605.0 39153.0
46855.0 39094.0

16093.0 45379.0
16290.0 43295.0
16515.0 41382.0
16595.0 41053.0
17095.0 40954.0
17171.0 40744.0
18092.0 40466.0
18545.0 40444.0
18596.0 40337.0
19912.0 40313.0
21266.0 40310.0
21342.0 40064.0
21708.0 39975.0
24516.0 39974.0
24592.0 39915.0
24820.0 39884.0
25513.0 39758.0
27894.0 39757.0
28763.0 39632.0
31937.0 39631.0
32013.0 39573.0
32934.0 39512.0
36184.0 39386.0
39434.0 39340.0
40355.0 39279.0
43605.0 39152.0
46855.0 39094.0

16093.0 45349.0
16290.0 43265.0
16515.0 41382.0
16595.0 41053.0
17171.0 40744.0
18092.0 40466.0
18545.0 40449.0
18596.0 40337.0
19912.0 40313.0
21266.0 40310.0
21342.0 40064.0
21708.0 39975.0
24516.0 39974.0
24592.0 39916.0
24820.0 39884.0
25513.0 39758.0
27894.0 39757.0
28763.0 39631.0
32013.0 39572.0
32934.0 39512.0
36184.0 39385.0
39358.0 39384.0
39434.0 39339.0
40355.0 39279.0
43605.0 39153.0
46855.0 39093.0


