16816.0 42634.0
16990.0 42465.0
17345.0 41587.0
17516.0 41444.0
18016.0 41139.0
18092.0 40624.0
18545.0 40607.0
18596.0 40535.0
21342.0 40128.0
21708.0 40063.0
24516.0 40060.0
24801.0 39974.0
27913.0 39864.0
28763.0 39631.0
36184.0 39532.0
43605.0 39450.0

16023.0 49870.0
16290.0 48149.0
17670.0 47422.0
17745.0 46144.0
18092.0 45656.0
18589.0 45513.0
18922.0 43301.0
19112.0 43160.0
20857.0 42974.0
22936.0 42409.0
25437.0 41955.0
28763.0 40381.0
63874.0 38972.0

17279.0 53276.0
18092.0 51047.0
18545.0 46880.0
20838.0 45814.0
22263.0 45529.0
23416.0 44023.0
25513.0 44020.0

17279.0 53276.0
18092.0 51047.0
18545.0 46810.0
20766.0 41623.0

16816.0 42483.0
16956.0 41961.0
16990.0 41604.0
17516.0 41209.0
18016.0 41110.0
18092.0 40466.0
18545.0 40444.0
18596.0 40337.0
19912.0 40313.0
21266.0 40312.0
21342.0 40064.0
21708.0 39975.0
24516.0 39974.0
24592.0 39916.0
24820.0 39865.0
25513.0 39758.0
27894.0 39757.0
28687.0 39754.0
28763.0 39631.0
32013.0 39573.0
32934.0 39511.0
36184.0 39385.0
39434.0 39326.0
43605.0 39223.0
46855.0 39094.0
50105.0 39058.0
54276.0 39012.0

16023.0 43684.0
16122.0 43573.0
16515.0 42752.0
16571.0 41792.0
17095.0 41656.0
17171.0 40744.0
18092.0 40466.0
18545.0 40444.0
18596.0 40337.0
19912.0 40313.0
21266.0 40310.0
21342.0 40186.0
21708.0 39975.0
24516.0 39972.0
24592.0 39939.0
24820.0 39884.0
25513.0 39758.0
28763.0 39631.0
32013.0 39572.0
32934.0 39532.0
36184.0 39399.0
39434.0 39367.0
46855.0 39362.0
50105.0 39319.0

16023.0 43684.0
16122.0 43573.0
16515.0 42752.0
16571.0 41792.0
17095.0 41656.0
17171.0 40744.0
18092.0 40466.0
18545.0 40444.0
18596.0 40337.0
19912.0 40313.0
21266.0 40310.0
21342.0 40186.0
21708.0 39975.0
24516.0 39972.0
24592.0 39916.0
24820.0 39865.0
25513.0 39758.0
28763.0 39631.0
32013.0 39572.0
32934.0 39532.0
36184.0 39399.0
39434.0 39367.0
46855.0 39362.0
50105.0 39319.0

16023.0 43321.0
16156.0 42878.0
16495.0 42815.0
16515.0 42752.0
16571.0 41792.0
16956.0 41719.0
17095.0 41656.0
17171.0 40744.0
18092.0 40466.0
18545.0 40444.0
18596.0 40337.0
19912.0 40313.0
21266.0 40310.0
21342.0 40088.0
21708.0 39975.0
24516.0 39972.0
24592.0 39915.0
24820.0 39865.0
25513.0 39758.0
28687.0 39757.0
28763.0 39631.0
32013.0 39572.0
32934.0 39532.0
36184.0 39399.0
39434.0 39351.0
43605.0 39220.0

16023.0 43684.0
16122.0 43573.0
16515.0 41563.0
16595.0 41150.0
17095.0 41087.0
17171.0 40744.0
18092.0 40466.0
18545.0 40444.0
18596.0 40337.0
19912.0 40313.0
21266.0 40310.0
21342.0 40064.0
21708.0 39975.0
24516.0 39972.0
24592.0 39916.0
24820.0 39865.0
25513.0 39758.0
28763.0 39631.0
32013.0 39572.0
32934.0 39532.0
36184.0 39399.0
39434.0 39367.0
46855.0 39355.0
50105.0 39319.0

16023.0 43684.0
16122.0 43573.0
16515.0 41563.0
16595.0 41150.0
17095.0 41087.0
17171.0 40744.0
18092.0 40466.0
18545.0 40444.0
18596.0 40337.0
19912.0 40313.0
21266.0 40310.0
21342.0 40064.0
21708.0 39975.0
24516.0 39972.0
24592.0 39915.0
24820.0 39865.0
25513.0 39758.0
28763.0 39631.0
32013.0 39572.0
32934.0 39532.0
36184.0 39399.0
39434.0 39327.0
50105.0 39319.0

16023.0 43684.0
16122.0 43573.0
16515.0 42752.0
16571.0 41792.0
17095.0 41656.0
17171.0 40744.0
18092.0 40466.0
18545.0 40444.0
18596.0 40337.0
19912.0 40313.0
21266.0 40310.0
21342.0 40064.0
21708.0 39975.0
24516.0 39972.0
24592.0 39915.0
24820.0 39865.0
25513.0 39758.0
27894.0 39757.0
28763.0 39631.0
32013.0 39572.0
32934.0 39532.0
36184.0 39385.0
39434.0 39326.0
46855.0 39244.0

16023.0 43684.0
16122.0 43573.0
16515.0 41382.0
16595.0 41150.0
17095.0 41087.0
17171.0 40744.0
18092.0 40466.0
18545.0 40444.0
18596.0 40337.0
19912.0 40313.0
21266.0 40310.0
21342.0 40064.0
21708.0 39975.0
24516.0 39972.0
24592.0 39915.0
24820.0 39865.0
25513.0 39758.0
27894.0 39757.0
28763.0 39631.0
32013.0 39572.0
32934.0 39525.0
36184.0 39385.0
39434.0 39326.0
46855.0 39244.0

16023.0 43684.0
16122.0 43573.0
16515.0 41563.0
16595.0 41150.0
17095.0 41087.0
17171.0 40744.0
18092.0 40466.0
18545.0 40444.0
18596.0 40337.0
19912.0 40313.0
21266.0 40310.0
21342.0 40064.0
21708.0 39975.0
24516.0 39972.0
24592.0 39915.0
24820.0 39865.0
25513.0 39758.0
27894.0 39757.0
28763.0 39631.0
32013.0 39572.0
32934.0 39532.0
36184.0 39385.0
39434.0 39326.0
46855.0 39244.0

16023.0 43684.0
16122.0 43573.0
16515.0 41563.0
16595.0 41150.0
17095.0 41087.0
17171.0 40744.0
18092.0 40466.0
18545.0 40444.0
18596.0 40337.0
19912.0 40313.0
21266.0 40310.0
21342.0 40064.0
21708.0 39975.0
24516.0 39972.0
24592.0 39915.0
24820.0 39865.0
25513.0 39758.0
27894.0 39757.0
28763.0 39631.0
32013.0 39572.0
32934.0 39525.0
36184.0 39399.0
39434.0 39334.0
46855.0 39245.0
54276.0 39012.0

16023.0 43684.0
16122.0 43573.0
16515.0 41382.0
16595.0 41150.0
17095.0 41087.0
17171.0 40744.0
18092.0 40466.0
18545.0 40444.0
18596.0 40337.0
19912.0 40313.0
21266.0 40310.0
21342.0 40064.0
21708.0 39975.0
24516.0 39972.0
24592.0 39915.0
24820.0 39865.0
25513.0 39758.0
27894.0 39757.0
28763.0 39631.0
32013.0 39572.0
32934.0 39532.0
36184.0 39385.0
39434.0 39326.0
43605.0 39227.0
46855.0 39093.0
50105.0 39058.0
54276.0 39011.0


