16256.0 45703.0
16290.0 44504.0
16956.0 42447.0
17345.0 42164.0
17516.0 41750.0
17745.0 41429.0
18092.0 40697.0
18596.0 40503.0
19912.0 40479.0
21266.0 40476.0
21342.0 40264.0
25513.0 40160.0
27266.0 40089.0
27913.0 40038.0
28763.0 39945.0
32934.0 39866.0
35187.0 39857.0
36108.0 39822.0
38858.0 39719.0
40355.0 39579.0
43529.0 39576.0

16094.0 58252.0
16156.0 48547.0
16745.0 47391.0
17726.0 47111.0
17996.0 46670.0
18092.0 46472.0
18596.0 46152.0
18856.0 45818.0
18922.0 45712.0
19466.0 45266.0
19505.0 45113.0
20838.0 44845.0
21761.0 44154.0
22020.0 43863.0
22263.0 41945.0
60624.0 39007.0

18016.0 54904.0
18092.0 47999.0
18596.0 46152.0
21108.0 45758.0
21138.0 45598.0
22020.0 45513.0
22263.0 44164.0
23880.0 43360.0

18016.0 54904.0
18122.0 50395.0
18596.0 46152.0
22020.0 45372.0
22731.0 45256.0
23880.0 43360.0

16515.0 42155.0
16519.0 42077.0
16595.0 41923.0
17095.0 41860.0
18092.0 40620.0
18596.0 40415.0
19912.0 40391.0
21266.0 40388.0
21342.0 40142.0
21708.0 40053.0
24516.0 40052.0
24592.0 39994.0
25513.0 39836.0
28687.0 39833.0
28763.0 39710.0
32013.0 39651.0
32934.0 39525.0
36108.0 39524.0
36184.0 39399.0
39434.0 39340.0
40355.0 39279.0
43605.0 39153.0
46855.0 39094.0

16515.0 41473.0
16595.0 41241.0
17171.0 40835.0
18092.0 40466.0
18545.0 40444.0
18596.0 40337.0
21342.0 40104.0
21708.0 40063.0
24516.0 40062.0
24592.0 39999.0
24750.0 39998.0
25513.0 39854.0
27894.0 39757.0
28763.0 39696.0
31937.0 39695.0
32013.0 39687.0
32934.0 39511.0
39434.0 39433.0
40355.0 39303.0
46855.0 39208.0

16515.0 41473.0
16595.0 41241.0
17171.0 40835.0
18092.0 40466.0
18545.0 40444.0
18596.0 40337.0
21342.0 40104.0
21708.0 40039.0
24592.0 39958.0
25513.0 39854.0
27894.0 39757.0
28763.0 39696.0
31937.0 39695.0
32013.0 39687.0
32934.0 39511.0
36184.0 39450.0
39434.0 39369.0
40355.0 39303.0
46855.0 39208.0

16515.0 41443.0
16595.0 41211.0
17095.0 41148.0
17171.0 40835.0
18092.0 40466.0
18545.0 40444.0
18596.0 40337.0
21342.0 40104.0
21708.0 39999.0
24516.0 39974.0
24592.0 39939.0
24750.0 39922.0
25513.0 39854.0
27894.0 39757.0
28763.0 39656.0
32934.0 39511.0
36184.0 39450.0
39434.0 39433.0
40355.0 39303.0
46855.0 39208.0

16515.0 41443.0
16595.0 41211.0
17095.0 41148.0
17171.0 40835.0
18092.0 40466.0
18545.0 40444.0
18596.0 40337.0
21342.0 40104.0
21708.0 40039.0
24592.0 39958.0
25513.0 39846.0
27894.0 39757.0
28763.0 39696.0
31937.0 39695.0
32013.0 39687.0
32934.0 39511.0
36184.0 39450.0
39434.0 39433.0
40355.0 39303.0
46855.0 39208.0

16515.0 41443.0
16595.0 41211.0
17095.0 41148.0
17171.0 40835.0
18092.0 40466.0
18545.0 40444.0
18596.0 40337.0
21342.0 40104.0
21708.0 40039.0
24592.0 39958.0
25513.0 39854.0
27894.0 39757.0
28763.0 39696.0
31937.0 39695.0
32013.0 39687.0
32934.0 39511.0
36184.0 39450.0
39434.0 39433.0
40355.0 39303.0
46855.0 39208.0

16515.0 41473.0
16595.0 41241.0
17171.0 40835.0
18092.0 40466.0
18545.0 40444.0
18596.0 40337.0
21342.0 40104.0
21708.0 40063.0
24516.0 40062.0
24592.0 39999.0
24750.0 39998.0
25513.0 39854.0
27894.0 39757.0
28763.0 39696.0
31937.0 39695.0
32013.0 39687.0
32934.0 39511.0
36184.0 39450.0
39434.0 39433.0
40355.0 39303.0
46855.0 39208.0

16515.0 41443.0
16595.0 41211.0
17095.0 41148.0
17171.0 40835.0
18092.0 40466.0
18545.0 40444.0
18596.0 40337.0
21342.0 40104.0
21708.0 40063.0
24516.0 40062.0
24592.0 39999.0
24750.0 39998.0
25513.0 39846.0
27894.0 39757.0
28763.0 39696.0
31937.0 39695.0
32013.0 39687.0
32934.0 39511.0
36184.0 39398.0
40355.0 39303.0
46855.0 39208.0

16515.0 41443.0
16595.0 41211.0
17095.0 41148.0
17171.0 40835.0
18092.0 40466.0
18545.0 40444.0
18596.0 40337.0
21342.0 40104.0
21708.0 40063.0
24516.0 40062.0
24592.0 39999.0
24750.0 39998.0
25513.0 39846.0
27894.0 39757.0
28763.0 39696.0
31937.0 39695.0
32013.0 39687.0
32934.0 39511.0
36184.0 39398.0
40355.0 39303.0
46855.0 39208.0

16515.0 41443.0
16595.0 41211.0
17095.0 41148.0
17171.0 40835.0
18092.0 40466.0
18545.0 40444.0
18596.0 40337.0
21342.0 40104.0
21708.0 39999.0
24516.0 39974.0
24592.0 39939.0
24750.0 39922.0
25513.0 39846.0
27894.0 39757.0
28763.0 39656.0
32934.0 39511.0
36184.0 39398.0
39434.0 39390.0
40355.0 39303.0
46855.0 39208.0

16515.0 41473.0
16595.0 41241.0
17095.0 41063.0
17171.0 40744.0
18092.0 40466.0
18545.0 40444.0
18596.0 40337.0
19912.0 40313.0
21266.0 40312.0
21342.0 40064.0
21708.0 39975.0
24516.0 39974.0
25513.0 39758.0
27894.0 39757.0
28687.0 39755.0
28763.0 39632.0
32934.0 39511.0
36108.0 39509.0
36184.0 39399.0
40355.0 39303.0
46855.0 39208.0


