16494.0 44152.0
16745.0 43001.0
16816.0 42051.0
16956.0 41940.0
16990.0 41779.0
17516.0 41565.0
17745.0 41554.0
18016.0 41466.0
18092.0 40606.0
18545.0 40584.0
18596.0 40337.0
19912.0 40313.0
21266.0 40310.0
21342.0 40064.0
21708.0 39975.0
24516.0 39972.0
24592.0 39916.0
24820.0 39865.0
25513.0 39758.0
28763.0 39631.0
31937.0 39630.0
32013.0 39572.0
32934.0 39549.0
35263.0 39537.0
36184.0 39385.0
39434.0 39350.0

16023.0 46268.0
16515.0 43409.0
18092.0 43314.0
18596.0 43253.0
18805.0 42840.0
19471.0 42680.0
20066.0 42588.0
20457.0 42544.0
20857.0 40946.0
35608.0 40614.0
63874.0 38972.0

17869.0 49695.0
18446.0 47985.0
19466.0 47641.0
19838.0 46741.0
20178.0 46115.0
20766.0 43878.0
24913.0 43653.0
28187.0 43275.0

16990.0 50725.0
17516.0 49716.0
17869.0 49695.0
18092.0 47448.0
18615.0 45016.0
20742.0 43268.0
21708.0 43163.0
23099.0 40672.0

15590.0 46147.0
16070.0 45956.0
16093.0 44410.0
16290.0 43229.0
16816.0 41678.0
16956.0 41567.0
16990.0 41387.0
17516.0 41155.0
18016.0 41074.0
18092.0 40466.0
18545.0 40444.0
18596.0 40337.0
19912.0 40313.0
21266.0 40310.0
21342.0 40064.0
21708.0 39975.0
24516.0 39972.0
24592.0 39915.0
24820.0 39865.0
25513.0 39758.0
27894.0 39757.0
28687.0 39755.0
28763.0 39631.0
31937.0 39628.0
32013.0 39572.0
32934.0 39511.0
36184.0 39385.0
39358.0 39382.0
39434.0 39326.0
40355.0 39278.0
43605.0 39152.0
51026.0 39071.0

16023.0 43465.0
16515.0 41598.0
16595.0 41211.0
17171.0 40805.0
18092.0 40466.0
18545.0 40444.0
18596.0 40337.0
19912.0 40313.0
21266.0 40312.0
21342.0 40128.0
21657.0 40106.0
21708.0 40039.0
24516.0 39996.0
24592.0 39916.0
24820.0 39865.0
25513.0 39847.0
28763.0 39678.0
32013.0 39619.0
32934.0 39565.0
36184.0 39410.0
39434.0 39364.0

16023.0 43465.0
16515.0 41598.0
16595.0 41211.0
17171.0 40805.0
18092.0 40466.0
18545.0 40444.0
18596.0 40337.0
19912.0 40313.0
21266.0 40310.0
21342.0 40128.0
21657.0 40106.0
21708.0 40015.0
24516.0 39972.0
24592.0 39916.0
24820.0 39865.0
25513.0 39782.0
28763.0 39678.0
32013.0 39619.0
32934.0 39525.0
36184.0 39410.0
39434.0 39364.0

16023.0 43465.0
16156.0 43184.0
16495.0 43085.0
16515.0 41382.0
16595.0 41150.0
17095.0 41087.0
17171.0 40744.0
18092.0 40466.0
18545.0 40444.0
18596.0 40337.0
19912.0 40313.0
21266.0 40310.0
21342.0 40064.0
21708.0 39975.0
24516.0 39972.0
24592.0 39915.0
24820.0 39865.0
25513.0 39758.0
28763.0 39632.0
31937.0 39631.0
32013.0 39573.0
32934.0 39536.0
36184.0 39386.0
39434.0 39364.0

16023.0 43465.0
16515.0 41267.0
16595.0 41035.0
17095.0 40972.0
17171.0 40805.0
18092.0 40466.0
18545.0 40444.0
18596.0 40337.0
19912.0 40313.0
21266.0 40310.0
21342.0 40064.0
21708.0 39975.0
24516.0 39972.0
24592.0 39916.0
24820.0 39865.0
25513.0 39782.0
27894.0 39781.0
28687.0 39779.0
28763.0 39632.0
32013.0 39619.0
32934.0 39536.0
36108.0 39533.0
36184.0 39410.0
39434.0 39364.0

16023.0 43465.0
16515.0 41443.0
16595.0 41168.0
17095.0 41069.0
17171.0 40744.0
18092.0 40466.0
18545.0 40444.0
18596.0 40337.0
19912.0 40313.0
21266.0 40310.0
21342.0 40064.0
21708.0 39975.0
24516.0 39972.0
24592.0 39916.0
24820.0 39865.0
25513.0 39798.0
27894.0 39797.0
28763.0 39656.0
32013.0 39573.0
32934.0 39552.0
36184.0 39410.0
39434.0 39351.0

16023.0 43465.0
16156.0 43184.0
16515.0 41507.0
16595.0 41150.0
17095.0 41087.0
17171.0 40744.0
18092.0 40466.0
18545.0 40444.0
18596.0 40337.0
19912.0 40313.0
21266.0 40310.0
21342.0 40064.0
21708.0 39975.0
24516.0 39972.0
24592.0 39916.0
24820.0 39865.0
25513.0 39782.0
28763.0 39656.0
32013.0 39573.0
32934.0 39535.0
36108.0 39533.0
36184.0 39410.0
39434.0 39364.0

16023.0 42487.0
16156.0 42206.0
16515.0 41507.0
16595.0 41150.0
17095.0 41087.0
17171.0 40744.0
18092.0 40466.0
18545.0 40444.0
18596.0 40337.0
19912.0 40313.0
21266.0 40310.0
21342.0 40064.0
21708.0 39975.0
24516.0 39972.0
24592.0 39916.0
24820.0 39865.0
25513.0 39758.0
28687.0 39757.0
28763.0 39632.0
32013.0 39573.0
32934.0 39512.0
36184.0 39386.0
39434.0 39364.0

16023.0 43465.0
16156.0 43184.0
16515.0 41382.0
16595.0 41150.0
17095.0 41069.0
17171.0 40744.0
18092.0 40466.0
18545.0 40444.0
18596.0 40337.0
19912.0 40313.0
21266.0 40310.0
21342.0 40064.0
21708.0 39975.0
24516.0 39972.0
24592.0 39916.0
24820.0 39865.0
25513.0 39782.0
27894.0 39781.0
28763.0 39632.0
32013.0 39573.0
32934.0 39535.0
36108.0 39533.0
36184.0 39410.0
39434.0 39364.0

16023.0 43465.0
16156.0 43184.0
16515.0 41382.0
16595.0 41150.0
17095.0 41087.0
17171.0 40744.0
18092.0 40466.0
18545.0 40444.0
18596.0 40337.0
19912.0 40313.0
21266.0 40310.0
21342.0 40064.0
21708.0 39975.0
24516.0 39972.0
24592.0 39916.0
24820.0 39865.0
25513.0 39758.0
28763.0 39632.0
32013.0 39573.0
32934.0 39525.0
36184.0 39386.0
39434.0 39351.0

16023.0 42493.0
16156.0 42050.0
16515.0 41443.0
16595.0 41150.0
17095.0 41039.0
17171.0 40744.0
18092.0 40466.0
18545.0 40444.0
18596.0 40337.0
19912.0 40313.0
21266.0 40310.0
21342.0 40064.0
21708.0 39975.0
24516.0 39972.0
24592.0 39915.0
24820.0 39865.0
25513.0 39758.0
27894.0 39757.0
28763.0 39632.0
31937.0 39631.0
32013.0 39572.0
32934.0 39512.0
36184.0 39392.0
39434.0 39326.0
40355.0 39303.0
43605.0 39177.0
46855.0 39117.0


