16515.0 43737.0
16816.0 43190.0
16990.0 42069.0
17516.0 41837.0
18016.0 41774.0
18092.0 40918.0
18545.0 40767.0
18596.0 40689.0
18615.0 40508.0
20387.0 40484.0
21266.0 40483.0
21342.0 40129.0
21708.0 40040.0
24592.0 39980.0
24750.0 39933.0
24820.0 39930.0
28763.0 39785.0
32013.0 39637.0
36184.0 39487.0
39434.0 39455.0

16023.0 44763.0
18016.0 44050.0
21657.0 43440.0
24237.0 43242.0
24820.0 42231.0
31413.0 41733.0
38858.0 39801.0
63874.0 38972.0

17145.0 49137.0
17670.0 48974.0
17996.0 48714.0
18545.0 47545.0
19471.0 45615.0
22020.0 45207.0
22461.0 44941.0
26643.0 43944.0
38158.0 43113.0

17145.0 49137.0
17996.0 48714.0
18016.0 46415.0
20178.0 45554.0
20345.0 45388.0
21108.0 42344.0

16816.0 41864.0
16990.0 41442.0
17516.0 41210.0
18016.0 41147.0
18092.0 40466.0
18545.0 40444.0
18596.0 40337.0
19912.0 40313.0
21266.0 40312.0
21342.0 40186.0
21708.0 39975.0
24516.0 39974.0
24592.0 39915.0
25513.0 39758.0
27894.0 39757.0
28687.0 39755.0
28763.0 39631.0
32013.0 39572.0
32934.0 39511.0
36184.0 39385.0
39434.0 39326.0
43605.0 39152.0
46779.0 39151.0
46855.0 39093.0
50029.0 39091.0
54276.0 39012.0

16023.0 43412.0
16156.0 42878.0
16495.0 42815.0
16515.0 42081.0
16595.0 41849.0
16990.0 41423.0
17516.0 41191.0
18016.0 41113.0
18092.0 40466.0
18545.0 40444.0
18596.0 40337.0
19912.0 40313.0
21266.0 40310.0
21342.0 40064.0
21708.0 39975.0
24592.0 39916.0
24820.0 39865.0
25513.0 39798.0
28687.0 39797.0
28763.0 39729.0
32013.0 39597.0
36184.0 39475.0
39434.0 39437.0
42608.0 39324.0
45858.0 39288.0

16023.0 43321.0
16156.0 42878.0
16495.0 42815.0
16515.0 42081.0
16595.0 41849.0
16990.0 41423.0
17516.0 41191.0
18016.0 41113.0
18092.0 40466.0
18545.0 40444.0
18596.0 40337.0
19912.0 40313.0
21266.0 40310.0
21342.0 40064.0
21708.0 39975.0
24516.0 39974.0
24592.0 39916.0
24820.0 39865.0
25513.0 39798.0
28687.0 39797.0
28763.0 39656.0
32013.0 39573.0
35263.0 39537.0
36184.0 39475.0
39434.0 39437.0
42608.0 39324.0
45858.0 39288.0

16023.0 43026.0
16156.0 41962.0
16595.0 41730.0
16956.0 41619.0
16990.0 41417.0
17516.0 41185.0
18016.0 41104.0
18092.0 40466.0
18545.0 40444.0
18596.0 40337.0
19912.0 40313.0
21266.0 40310.0
21342.0 40064.0
21708.0 39975.0
24592.0 39916.0
24820.0 39865.0
25513.0 39758.0
28763.0 39656.0
32013.0 39573.0
32934.0 39549.0
36184.0 39386.0
42608.0 39324.0
45858.0 39288.0

16023.0 43321.0
16156.0 42878.0
16495.0 42815.0
16515.0 42081.0
16595.0 41849.0
16990.0 41423.0
17516.0 41191.0
18016.0 41113.0
18092.0 40466.0
18545.0 40444.0
18596.0 40337.0
19912.0 40313.0
21266.0 40310.0
21342.0 40064.0
21708.0 39975.0
24516.0 39974.0
24592.0 39916.0
24820.0 39865.0
25513.0 39798.0
28687.0 39797.0
28763.0 39656.0
32013.0 39573.0
36184.0 39475.0
39434.0 39437.0
42608.0 39324.0
45858.0 39288.0

16023.0 43321.0
16156.0 42878.0
16495.0 42815.0
16515.0 42081.0
16595.0 41849.0
16990.0 41423.0
17516.0 41191.0
18016.0 41113.0
18092.0 40466.0
18545.0 40444.0
18596.0 40337.0
19912.0 40313.0
21266.0 40310.0
21342.0 40064.0
21708.0 39975.0
24516.0 39974.0
24592.0 39916.0
24820.0 39865.0
25513.0 39758.0
28763.0 39632.0
32013.0 39573.0
32934.0 39536.0
36184.0 39475.0
39434.0 39437.0
42608.0 39324.0
45858.0 39288.0

16023.0 43321.0
16156.0 42878.0
16495.0 42815.0
16515.0 42081.0
16595.0 41849.0
16990.0 41423.0
17516.0 41191.0
18016.0 41113.0
18092.0 40466.0
18545.0 40444.0
18596.0 40337.0
19912.0 40313.0
21266.0 40310.0
21342.0 40064.0
21708.0 39975.0
24592.0 39916.0
24820.0 39865.0
25513.0 39758.0
28763.0 39632.0
32013.0 39573.0
32934.0 39549.0
35263.0 39537.0
36184.0 39475.0
39434.0 39437.0
42608.0 39324.0
45858.0 39288.0

16023.0 43321.0
16156.0 42762.0
16495.0 42699.0
16515.0 41267.0
16595.0 41035.0
17095.0 40972.0
17171.0 40768.0
18092.0 40466.0
18545.0 40444.0
18596.0 40337.0
19912.0 40313.0
21266.0 40310.0
21342.0 40064.0
21708.0 39975.0
24516.0 39974.0
24592.0 39916.0
24820.0 39865.0
25513.0 39758.0
28763.0 39632.0
31937.0 39631.0
32013.0 39573.0
32934.0 39549.0
35263.0 39537.0
36184.0 39386.0
42608.0 39324.0
43605.0 39304.0
45858.0 39288.0

16023.0 43321.0
16156.0 42878.0
16495.0 42815.0
16515.0 42081.0
16595.0 41849.0
16990.0 41423.0
17516.0 41173.0
18016.0 41074.0
18092.0 40466.0
18545.0 40444.0
18596.0 40337.0
19912.0 40313.0
21266.0 40310.0
21342.0 40064.0
21708.0 39975.0
24516.0 39974.0
24592.0 39916.0
24820.0 39865.0
25513.0 39758.0
28763.0 39632.0
31937.0 39631.0
32013.0 39573.0
32934.0 39549.0
35263.0 39537.0
36184.0 39475.0
39434.0 39437.0
42608.0 39324.0
45858.0 39288.0

16023.0 43321.0
16156.0 42878.0
16495.0 42815.0
16515.0 42081.0
16595.0 41849.0
16990.0 41423.0
17516.0 41173.0
18016.0 41074.0
18092.0 40466.0
18545.0 40444.0
18596.0 40337.0
19912.0 40313.0
21266.0 40310.0
21342.0 40064.0
21708.0 39975.0
24516.0 39974.0
24592.0 39916.0
24820.0 39865.0
25513.0 39758.0
28763.0 39632.0
31937.0 39631.0
32013.0 39573.0
32934.0 39512.0
36184.0 39386.0
39434.0 39351.0
42608.0 39324.0
42684.0 39315.0
45858.0 39288.0
47776.0 39197.0

16023.0 43321.0
16156.0 42878.0
16495.0 42815.0
16515.0 42081.0
16595.0 41447.0
16990.0 41423.0
17516.0 41173.0
18016.0 41074.0
18092.0 40466.0
18545.0 40444.0
18596.0 40337.0
19912.0 40313.0
21266.0 40310.0
21342.0 40064.0
21708.0 39975.0
24516.0 39974.0
24592.0 39916.0
24820.0 39865.0
25513.0 39758.0
28763.0 39632.0
31937.0 39631.0
32013.0 39573.0
32934.0 39512.0
36184.0 39399.0
39358.0 39398.0
40355.0 39279.0
43529.0 39278.0
47776.0 39197.0
51026.0 39071.0
60700.0 38973.0


