16515.0 45163.0
16745.0 43661.0
16816.0 42008.0
16990.0 41396.0
17516.0 41164.0
18092.0 40466.0
18545.0 40444.0
18596.0 40337.0
19912.0 40313.0
21266.0 40310.0
21342.0 40064.0
21708.0 39975.0
24516.0 39972.0
24592.0 39916.0
25513.0 39758.0
27894.0 39757.0
28763.0 39632.0
32013.0 39573.0
32934.0 39511.0
36184.0 39385.0
39434.0 39350.0
43605.0 39303.0

16023.0 49168.0
16290.0 47340.0
16515.0 43857.0
18016.0 43689.0
18092.0 43060.0
18615.0 42686.0
19505.0 42534.0
19912.0 42319.0
20457.0 42312.0
21342.0 41647.0
28187.0 41583.0
28687.0 41064.0
32934.0 40430.0
36184.0 40207.0
63874.0 38972.0

16936.0 52762.0
18446.0 49662.0
18671.0 47439.0
19112.0 45658.0
19745.0 44842.0
19980.0 43035.0

16936.0 52762.0
17145.0 47690.0
18671.0 47439.0
18922.0 42843.0

16726.0 43025.0
16816.0 41620.0
17171.0 41499.0
17516.0 41267.0
18016.0 41168.0
18092.0 40466.0
18596.0 40337.0
19912.0 40313.0
21266.0 40310.0
21342.0 40064.0
21708.0 39975.0
24516.0 39972.0
24592.0 39915.0
24820.0 39865.0
25513.0 39758.0
27894.0 39757.0
28687.0 39755.0
28763.0 39631.0
31937.0 39628.0
32013.0 39572.0
32934.0 39511.0
36108.0 39510.0
36184.0 39385.0
39358.0 39384.0
39434.0 39326.0
40355.0 39278.0
43605.0 39152.0
46855.0 39093.0
50105.0 39058.0

16023.0 45195.0
16256.0 43768.0
16495.0 43705.0
16515.0 41751.0
16519.0 41576.0
17095.0 41309.0
18092.0 40557.0
18545.0 40535.0
18596.0 40337.0
19912.0 40313.0
21266.0 40312.0
21342.0 40187.0
21708.0 39975.0
24592.0 39939.0
24750.0 39922.0
25513.0 39758.0
28763.0 39691.0
32013.0 39659.0
32934.0 39536.0
36184.0 39445.0

16023.0 45195.0
16256.0 43768.0
16495.0 43705.0
16515.0 41751.0
16519.0 41576.0
16990.0 41396.0
17095.0 41309.0
17516.0 41164.0
18016.0 41101.0
18092.0 40466.0
18545.0 40444.0
18596.0 40337.0
19912.0 40313.0
21266.0 40312.0
21342.0 40187.0
21708.0 39975.0
24592.0 39915.0
25513.0 39758.0
28763.0 39691.0
32013.0 39659.0
32934.0 39536.0
36184.0 39445.0

16023.0 43879.0
16256.0 43768.0
16495.0 43703.0
16515.0 41267.0
16595.0 41053.0
17095.0 40954.0
17171.0 40744.0
18092.0 40466.0
18596.0 40337.0
19912.0 40313.0
21266.0 40310.0
21342.0 40104.0
21708.0 39975.0
24592.0 39915.0
25513.0 39758.0
28763.0 39632.0
31937.0 39631.0
32934.0 39536.0
36184.0 39445.0

16023.0 45195.0
16256.0 43768.0
16495.0 43705.0
16515.0 41584.0
16519.0 41485.0
16990.0 41396.0
17095.0 41218.0
17516.0 41164.0
18016.0 41101.0
18092.0 40466.0
18545.0 40444.0
18596.0 40337.0
19912.0 40313.0
21266.0 40312.0
21342.0 40064.0
21708.0 39975.0
24516.0 39972.0
24592.0 39916.0
24820.0 39865.0
25513.0 39758.0
28763.0 39691.0
32013.0 39659.0
32934.0 39536.0
36184.0 39445.0
46855.0 39285.0

16023.0 42820.0
16515.0 41267.0
16595.0 41035.0
17095.0 40972.0
17171.0 40859.0
18092.0 40557.0
18545.0 40535.0
18596.0 40337.0
19912.0 40313.0
21266.0 40310.0
21342.0 40129.0
21708.0 39975.0
24592.0 39915.0
24820.0 39865.0
25513.0 39758.0
28763.0 39655.0
32013.0 39572.0
32934.0 39536.0
36184.0 39445.0

16023.0 45195.0
16256.0 43768.0
16495.0 43705.0
16515.0 41751.0
16519.0 41576.0
16990.0 41396.0
17095.0 41309.0
17516.0 41164.0
18016.0 41101.0
18092.0 40466.0
18545.0 40444.0
18596.0 40337.0
19912.0 40313.0
21266.0 40310.0
21342.0 40064.0
21708.0 39975.0
24516.0 39972.0
24592.0 39915.0
24820.0 39865.0
25513.0 39758.0
28763.0 39632.0
32013.0 39573.0
32934.0 39536.0
36184.0 39445.0
39434.0 39327.0
46855.0 39245.0

16023.0 44112.0
16256.0 43768.0
16290.0 43097.0
16515.0 41358.0
16595.0 41126.0
17095.0 41045.0
17171.0 40859.0
18092.0 40466.0
18545.0 40444.0
18596.0 40337.0
19912.0 40313.0
21266.0 40310.0
21342.0 40064.0
21708.0 39975.0
24516.0 39972.0
24592.0 39915.0
24820.0 39865.0
25513.0 39758.0
28763.0 39631.0
32013.0 39572.0
32934.0 39536.0
36184.0 39445.0
39434.0 39327.0
43605.0 39304.0
46855.0 39245.0

16023.0 45195.0
16256.0 43768.0
16495.0 43705.0
16515.0 41584.0
16519.0 41485.0
16990.0 41396.0
17095.0 41309.0
17516.0 41164.0
18016.0 41101.0
18092.0 40466.0
18545.0 40444.0
18596.0 40337.0
19912.0 40313.0
21266.0 40310.0
21342.0 40064.0
21708.0 39975.0
24516.0 39972.0
24592.0 39915.0
24820.0 39865.0
25513.0 39758.0
28763.0 39632.0
32013.0 39573.0
32934.0 39536.0
36184.0 39445.0
39434.0 39327.0
46855.0 39245.0

16023.0 43569.0
16156.0 42829.0
16515.0 41358.0
16595.0 41126.0
17095.0 41045.0
17171.0 40859.0
18092.0 40466.0
18545.0 40444.0
18596.0 40337.0
19912.0 40313.0
21266.0 40310.0
21342.0 40064.0
21708.0 39975.0
24516.0 39972.0
24592.0 39915.0
24820.0 39865.0
25513.0 39758.0
28687.0 39757.0
28763.0 39631.0
31937.0 39629.0
32013.0 39572.0
32934.0 39525.0
36184.0 39386.0
39434.0 39327.0
46855.0 39285.0

16023.0 42471.0
16156.0 42028.0
16515.0 41267.0
16595.0 41035.0
17171.0 40768.0
18092.0 40466.0
18545.0 40444.0
18596.0 40337.0
19912.0 40313.0
21266.0 40310.0
21342.0 40064.0
21708.0 39975.0
24516.0 39972.0
24592.0 39915.0
24820.0 39865.0
25513.0 39758.0
28687.0 39757.0
28763.0 39631.0
31937.0 39629.0
32013.0 39573.0
32934.0 39512.0
36184.0 39410.0
39358.0 39383.0
43605.0 39220.0
51026.0 39138.0
57450.0 39008.0


