16816.0 42516.0
16990.0 41452.0
17516.0 41238.0
18092.0 40531.0
18545.0 40509.0
18596.0 40402.0
21342.0 40276.0
24750.0 40208.0
25513.0 39961.0
32934.0 39860.0

16515.0 49051.0
17145.0 47648.0
19246.0 47263.0
19471.0 46515.0
19505.0 43399.0
20766.0 42863.0
24750.0 42559.0
54276.0 39553.0

17396.0 55616.0
17492.0 46179.0
21708.0 45668.0
22640.0 45385.0
22740.0 44993.0
22880.0 43972.0
27166.0 43950.0
30290.0 43103.0

18122.0 47077.0
18545.0 45398.0
21089.0 42594.0
24131.0 41778.0
25513.0 41470.0
27966.0 41272.0

16515.0 41568.0
17095.0 41255.0
18092.0 40646.0
18596.0 40337.0
21266.0 40312.0
21342.0 40088.0
21708.0 39999.0
24516.0 39996.0
25513.0 39782.0
27843.0 39765.0
28763.0 39656.0
32013.0 39620.0
35187.0 39600.0
36184.0 39521.0

16515.0 41568.0
17095.0 41255.0
18092.0 40646.0
18596.0 40337.0
21266.0 40312.0
21342.0 40088.0
21708.0 39999.0
24516.0 39996.0
25513.0 39782.0
27843.0 39765.0
28763.0 39656.0
32013.0 39620.0
35187.0 39600.0
36184.0 39521.0

16515.0 41568.0
17095.0 41255.0
18092.0 40646.0
18596.0 40337.0
21266.0 40312.0
21342.0 40088.0
21708.0 39999.0
24516.0 39996.0
25513.0 39782.0
27843.0 39765.0
28763.0 39656.0
32013.0 39620.0
35187.0 39600.0
36184.0 39521.0

16515.0 41568.0
17095.0 41255.0
18092.0 40646.0
18596.0 40337.0
21266.0 40312.0
21342.0 40088.0
21708.0 39999.0
24516.0 39996.0
25513.0 39782.0
27843.0 39765.0
28763.0 39656.0
32013.0 39620.0
35187.0 39600.0
36184.0 39521.0

16515.0 41568.0
17095.0 41255.0
18092.0 40646.0
18596.0 40337.0
21266.0 40312.0
21342.0 40088.0
21708.0 39999.0
24516.0 39996.0
25513.0 39782.0
27843.0 39765.0
28763.0 39656.0
32013.0 39620.0
35187.0 39600.0
36184.0 39521.0

16515.0 41568.0
17095.0 41255.0
18092.0 40646.0
18596.0 40337.0
21266.0 40312.0
21342.0 40088.0
21708.0 39999.0
24516.0 39996.0
25513.0 39782.0
27843.0 39765.0
28763.0 39656.0
32013.0 39620.0
35187.0 39600.0
36184.0 39521.0

16515.0 41568.0
17095.0 41255.0
18092.0 40646.0
18596.0 40337.0
21266.0 40312.0
21342.0 40088.0
21708.0 39999.0
24516.0 39996.0
25513.0 39782.0
27843.0 39765.0
28763.0 39656.0
32013.0 39620.0
35187.0 39600.0
36184.0 39521.0

16515.0 41568.0
17095.0 41255.0
18092.0 40646.0
18596.0 40337.0
21266.0 40312.0
21342.0 40088.0
21708.0 39999.0
24516.0 39996.0
25513.0 39782.0
27843.0 39765.0
28763.0 39656.0
32013.0 39620.0
35187.0 39600.0
36184.0 39521.0

16515.0 41568.0
17095.0 41255.0
18092.0 40646.0
18596.0 40337.0
21266.0 40312.0
21342.0 40088.0
21708.0 39999.0
24516.0 39996.0
25513.0 39782.0
27843.0 39765.0
28763.0 39656.0
32013.0 39620.0
35187.0 39600.0
36184.0 39521.0

16515.0 41568.0
17095.0 41255.0
18092.0 40646.0
18596.0 40337.0
21266.0 40312.0
21342.0 40088.0
21708.0 39999.0
24516.0 39996.0
25513.0 39782.0
27843.0 39765.0
28763.0 39656.0
32013.0 39620.0
35187.0 39600.0
36184.0 39521.0

16515.0 41568.0
17095.0 41255.0
18092.0 40646.0
18596.0 40337.0
21266.0 40312.0
21342.0 40088.0
21708.0 39999.0
24516.0 39996.0
25513.0 39782.0
27843.0 39765.0
28763.0 39656.0
32013.0 39620.0
35187.0 39600.0
36184.0 39521.0


