17996.0 85972.0
18092.0 81402.0
18545.0 81292.0
18596.0 81083.0
19912.0 81019.0
21266.0 81016.0
21342.0 80799.0
21708.0 80570.0
22263.0 80290.0
24516.0 80287.0
24592.0 80142.0
24782.0 80053.0
24801.0 80015.0
25513.0 79785.0
27766.0 79766.0
27894.0 79514.0
28687.0 79513.0
28763.0 79329.0
31937.0 79326.0
32013.0 79203.0
32934.0 79022.0
36184.0 78837.0
39358.0 78834.0
39434.0 78711.0
40355.0 78687.0
43605.0 78596.0
47776.0 78537.0
50029.0 78501.0
51026.0 78485.0
53279.0 78362.0

16290.0 103162.0
16515.0 100571.0
16595.0 96682.0
17345.0 86617.0
17745.0 85106.0
18092.0 82849.0
18545.0 82753.0
18596.0 82692.0
18615.0 82002.0
19587.0 81593.0
20387.0 81521.0
20766.0 81517.0
21266.0 81458.0
21342.0 80727.0
21708.0 80551.0
24516.0 80440.0
24592.0 80365.0
25513.0 79904.0
28687.0 79901.0
28763.0 79512.0
32934.0 79434.0
35608.0 79410.0
36108.0 79397.0
36184.0 79150.0
42608.0 79146.0
45858.0 79080.0
47776.0 79032.0
63874.0 77944.0

18016.0 104551.0
18092.0 98094.0
20178.0 97912.0
20387.0 95182.0
22263.0 91193.0
24976.0 90767.0
29755.0 87686.0
45858.0 87636.0

18016.0 104551.0
18092.0 98094.0
20178.0 97912.0
20387.0 95182.0
21708.0 91413.0
22263.0 91193.0
23340.0 90347.0
25890.0 87697.0
29755.0 87686.0
37237.0 87372.0

17492.0 86094.0
17516.0 83649.0
18056.0 83327.0
18092.0 81918.0
18545.0 81870.0
18596.0 81631.0
18615.0 80874.0
19912.0 80850.0
20387.0 80810.0
21266.0 80807.0
21342.0 80328.0
21708.0 80028.0
24516.0 80025.0
24592.0 79933.0
24820.0 79882.0
25513.0 79701.0
27766.0 79700.0
27842.0 79665.0
27894.0 79592.0
28763.0 79408.0
32013.0 79314.0
32934.0 79048.0
36184.0 78863.0
39358.0 78862.0
39434.0 78738.0
40355.0 78685.0
43605.0 78626.0

17345.0 91328.0
17492.0 84844.0
17996.0 84325.0
18016.0 84322.0
18092.0 81964.0
18596.0 81380.0
18615.0 81226.0
19912.0 81186.0
20421.0 81182.0
21266.0 81143.0
21342.0 80547.0
21708.0 80372.0
24592.0 80246.0
24801.0 80239.0
25513.0 80164.0
27766.0 80156.0
27913.0 80106.0
28763.0 79729.0

17345.0 91328.0
17492.0 84844.0
17996.0 84325.0
18016.0 84322.0
18092.0 81964.0
18596.0 81380.0
18615.0 81226.0
19912.0 81186.0
20421.0 81182.0
21266.0 81143.0
21342.0 80547.0
21708.0 80372.0
24592.0 80246.0
24801.0 80239.0
25513.0 80164.0
27766.0 80156.0
27913.0 80106.0
28763.0 79729.0

17345.0 91328.0
17492.0 84844.0
17996.0 84325.0
18016.0 84322.0
18092.0 81964.0
18596.0 81380.0
18615.0 81226.0
19912.0 81186.0
20421.0 81182.0
21266.0 81143.0
21342.0 80547.0
21708.0 80372.0
24592.0 80246.0
24801.0 80239.0
25513.0 80164.0
27766.0 80156.0
27913.0 80106.0
28763.0 79729.0

17345.0 91328.0
17492.0 84844.0
17996.0 84325.0
18016.0 84322.0
18092.0 81964.0
18596.0 81380.0
18615.0 81226.0
19912.0 81186.0
20421.0 81182.0
21266.0 81143.0
21342.0 80547.0
21708.0 80372.0
24592.0 80246.0
24801.0 80239.0
25513.0 80164.0
27766.0 80156.0
27913.0 80106.0
28763.0 79729.0

17345.0 91328.0
17492.0 84844.0
17996.0 84325.0
18016.0 84322.0
18092.0 81964.0
18596.0 81380.0
18615.0 81226.0
19912.0 81186.0
20421.0 81182.0
21266.0 81143.0
21342.0 80547.0
21708.0 80372.0
24592.0 80246.0
24801.0 80239.0
25513.0 80164.0
27766.0 80156.0
27913.0 80106.0
28763.0 79729.0

17345.0 91328.0
17492.0 84531.0
17996.0 84325.0
18016.0 84322.0
18092.0 81828.0
18545.0 81811.0
18596.0 81380.0
18615.0 81226.0
19912.0 81186.0
20421.0 81182.0
21266.0 81143.0
21342.0 80547.0
21708.0 80372.0
24592.0 80246.0
24801.0 80239.0
25513.0 80164.0
27766.0 80156.0
27913.0 80106.0
28763.0 79729.0

17345.0 91328.0
17492.0 84531.0
17996.0 84325.0
18016.0 84322.0
18092.0 81828.0
18545.0 81811.0
18596.0 81380.0
18615.0 81226.0
19912.0 81186.0
20421.0 81182.0
21266.0 81143.0
21342.0 80547.0
21708.0 80372.0
24592.0 80246.0
24801.0 80239.0
25513.0 80164.0
27766.0 80156.0
27913.0 80106.0
28763.0 79729.0

17345.0 91328.0
17492.0 84531.0
17996.0 84325.0
18016.0 84322.0
18092.0 81828.0
18545.0 81811.0
18596.0 81380.0
18615.0 81226.0
19912.0 81186.0
20421.0 81182.0
21266.0 81143.0
21342.0 80547.0
21708.0 80372.0
24592.0 80246.0
24801.0 80239.0
25513.0 80164.0
27766.0 80156.0
27913.0 80106.0
28763.0 79729.0

17345.0 91328.0
17492.0 84844.0
17996.0 84045.0
18092.0 81895.0
18545.0 81878.0
18596.0 81380.0
18615.0 81226.0
19912.0 81186.0
20421.0 81182.0
21266.0 81143.0
21342.0 80547.0
21708.0 80372.0
24592.0 80246.0
24801.0 80239.0
25513.0 80164.0
27766.0 80156.0
27913.0 80106.0
28763.0 79729.0

17345.0 91328.0
17492.0 84844.0
17745.0 84141.0
18092.0 81964.0
18596.0 81380.0
18615.0 81226.0
19912.0 81186.0
20421.0 81182.0
21266.0 81143.0
21342.0 80547.0
21708.0 80372.0
24592.0 80246.0
24801.0 80239.0
25513.0 80164.0
27766.0 80156.0
27913.0 80106.0
28763.0 79729.0
35187.0 79673.0
36184.0 79482.0
42608.0 79473.0
63874.0 77944.0


