17492.0 84478.0
18016.0 83714.0
18092.0 81222.0
18545.0 80910.0
18596.0 80797.0
19912.0 80757.0
19946.0 80733.0
21266.0 80712.0
21342.0 80250.0
21708.0 79950.0
24516.0 79947.0
24592.0 79831.0
24820.0 79780.0
25513.0 79623.0
27766.0 79620.0
27842.0 79587.0
28763.0 79263.0
31937.0 79262.0
32013.0 79145.0
32934.0 79098.0
36184.0 78784.0
39434.0 78725.0
42684.0 78669.0
43605.0 78545.0

16023.0 105483.0
16515.0 96250.0
16571.0 89052.0
17345.0 87064.0
17492.0 84179.0
17647.0 83278.0
18016.0 82973.0
18092.0 81777.0
18596.0 81548.0
19912.0 81254.0
19946.0 80990.0
21342.0 80432.0
21708.0 80384.0
22263.0 80291.0
24820.0 80254.0
25513.0 80091.0
27894.0 79998.0
28687.0 79777.0
32858.0 79722.0
32934.0 79599.0
36108.0 79443.0
39434.0 79338.0
40355.0 78986.0
47776.0 78825.0
49953.0 78679.0
53203.0 78480.0
56453.0 78410.0
57450.0 78293.0
60624.0 78015.0
60700.0 77968.0
63874.0 77944.0

18446.0 101159.0
18671.0 98519.0
21095.0 94634.0
22020.0 94458.0
24913.0 93743.0
25451.0 87479.0

18122.0 107240.0
18446.0 101159.0
18671.0 98519.0
18856.0 91588.0
21708.0 91070.0
24516.0 89028.0
25451.0 87479.0

17492.0 86510.0
17516.0 86278.0
18092.0 82507.0
18545.0 82485.0
18596.0 81707.0
18615.0 80884.0
19912.0 80844.0
20387.0 80820.0
21266.0 80817.0
21342.0 80250.0
21708.0 80017.0
24516.0 80016.0
24592.0 79854.0
24820.0 79804.0
25513.0 79733.0
28763.0 79330.0
31937.0 79327.0
32013.0 79168.0
35263.0 79110.0
36184.0 78838.0
39358.0 78835.0
39434.0 78677.0
42684.0 78676.0
43605.0 78536.0
46855.0 78375.0
50029.0 78374.0

17492.0 84940.0
17516.0 83413.0
17745.0 83258.0
17945.0 83241.0
17996.0 82800.0
18092.0 81594.0
18545.0 81577.0
18596.0 81211.0
18615.0 81081.0
19912.0 81017.0
20421.0 80869.0
21342.0 80481.0
21708.0 80466.0
23950.0 80301.0
24750.0 80239.0
25513.0 80072.0
28187.0 79932.0
28763.0 79811.0
32013.0 79796.0
32934.0 79667.0
36184.0 79483.0
39434.0 79468.0

17492.0 84940.0
17516.0 83413.0
17745.0 83258.0
17945.0 83241.0
17996.0 82800.0
18092.0 81594.0
18545.0 81577.0
18596.0 81211.0
18615.0 81081.0
19912.0 81017.0
20421.0 80869.0
21342.0 80481.0
21708.0 80466.0
23950.0 80301.0
24750.0 80239.0
25513.0 80072.0
28187.0 79932.0
28763.0 79811.0
32013.0 79796.0
32934.0 79667.0
36184.0 79483.0
39434.0 79468.0

17492.0 84940.0
17516.0 83413.0
17745.0 83258.0
17945.0 83241.0
17996.0 82800.0
18092.0 81594.0
18545.0 81577.0
18596.0 81211.0
18615.0 81081.0
19912.0 81017.0
20421.0 80869.0
21342.0 80481.0
21708.0 80466.0
23950.0 80301.0
24750.0 80239.0
25513.0 80072.0
28187.0 79932.0
28763.0 79811.0
32013.0 79796.0
32934.0 79667.0
36184.0 79483.0
39434.0 79468.0

17492.0 84940.0
17516.0 83413.0
17745.0 83258.0
17945.0 83241.0
17996.0 82800.0
18092.0 81594.0
18545.0 81577.0
18596.0 81211.0
18615.0 81081.0
19912.0 81017.0
20421.0 80869.0
21342.0 80481.0
21708.0 80466.0
23950.0 80301.0
24750.0 80239.0
25513.0 80072.0
28187.0 79932.0
28763.0 79811.0
32013.0 79796.0
32934.0 79667.0
36184.0 79483.0
39434.0 79468.0

17492.0 84940.0
17516.0 83413.0
17745.0 83258.0
17945.0 83241.0
17996.0 82800.0
18092.0 81594.0
18545.0 81577.0
18596.0 81211.0
18615.0 81081.0
19912.0 81017.0
20421.0 80869.0
21342.0 80481.0
21708.0 80466.0
23950.0 80301.0
24750.0 80239.0
25513.0 80072.0
28187.0 79932.0
28763.0 79811.0
32013.0 79796.0
32934.0 79667.0
36184.0 79483.0
39434.0 79468.0

17492.0 84940.0
17516.0 83413.0
17745.0 83258.0
17945.0 83241.0
17996.0 82800.0
18092.0 81594.0
18545.0 81577.0
18596.0 81211.0
18615.0 81081.0
19912.0 81017.0
20421.0 80869.0
21342.0 80481.0
21708.0 80466.0
23950.0 80301.0
24750.0 80239.0
25513.0 80072.0
28187.0 79932.0
28763.0 79811.0
32013.0 79796.0
32934.0 79667.0
36184.0 79483.0
39434.0 79468.0

17492.0 84940.0
17516.0 83413.0
17745.0 83258.0
17945.0 83241.0
17996.0 82800.0
18092.0 81594.0
18545.0 81577.0
18596.0 81211.0
18615.0 81081.0
19912.0 81017.0
20421.0 80869.0
21342.0 80481.0
21708.0 80466.0
23950.0 80301.0
24750.0 80239.0
25513.0 80072.0
28187.0 79932.0
28763.0 79811.0
32013.0 79796.0
32934.0 79667.0
36184.0 79483.0
39434.0 79468.0

17492.0 84940.0
17516.0 83413.0
17745.0 83258.0
17945.0 83241.0
17996.0 82800.0
18092.0 81594.0
18545.0 81577.0
18596.0 81211.0
18615.0 81081.0
19912.0 81017.0
20421.0 80869.0
21342.0 80481.0
21708.0 80466.0
23950.0 80301.0
24750.0 80239.0
25513.0 80072.0
28187.0 79932.0
28763.0 79811.0
32013.0 79796.0
32934.0 79667.0
36184.0 79483.0
39434.0 79468.0

17492.0 84940.0
17516.0 83413.0
17745.0 83258.0
17945.0 83241.0
17996.0 82800.0
18092.0 81594.0
18545.0 81577.0
18596.0 81211.0
18615.0 81081.0
19912.0 81017.0
20421.0 80869.0
21342.0 80481.0
21708.0 80466.0
23950.0 80301.0
24750.0 80239.0
25513.0 80072.0
28187.0 79932.0
28763.0 79811.0
32013.0 79796.0
32934.0 79667.0
36184.0 79483.0
39434.0 79468.0

17492.0 84940.0
17516.0 83413.0
17745.0 83258.0
17945.0 83241.0
17996.0 82800.0
18092.0 81594.0
18545.0 81577.0
18596.0 81211.0
18615.0 81081.0
19912.0 81017.0
20421.0 80869.0
21342.0 80481.0
21708.0 80466.0
23950.0 80301.0
24750.0 80239.0
25513.0 80072.0
28187.0 79932.0
28763.0 79811.0
32013.0 79796.0
32934.0 79667.0
36184.0 79483.0
39434.0 79468.0


