16990.0 83249.0
17516.0 82854.0
17745.0 82660.0
18016.0 82460.0
18092.0 81380.0
18545.0 81363.0
18596.0 80704.0
19912.0 80656.0
21266.0 80653.0
21342.0 80280.0
21708.0 79950.0
24516.0 79944.0
24592.0 79878.0
25513.0 79623.0
27766.0 79620.0
27842.0 79587.0
28763.0 79262.0
32013.0 79192.0
32934.0 79084.0
35263.0 79049.0
36184.0 78770.0
39358.0 78769.0
39434.0 78680.0
40355.0 78664.0
43605.0 78304.0
46855.0 78247.0

16023.0 109803.0
16070.0 105266.0
16515.0 95180.0
16990.0 88965.0
17019.0 85818.0
17171.0 85343.0
17745.0 84888.0
18092.0 82041.0
18545.0 81979.0
18596.0 81821.0
18615.0 81684.0
19912.0 81031.0
20387.0 80958.0
21342.0 80505.0
21708.0 80315.0
24592.0 80113.0
25513.0 79784.0
27894.0 79645.0
28763.0 79464.0
32013.0 79335.0
35263.0 79252.0
36184.0 79245.0
37105.0 79208.0
39358.0 79172.0
39434.0 78918.0
42684.0 78905.0
43529.0 78861.0
46855.0 78371.0
63874.0 77944.0

20666.0 96863.0
20961.0 96766.0
21138.0 94829.0
21342.0 93906.0
21579.0 93254.0
25513.0 89432.0

17996.0 98823.0
18922.0 94218.0
20438.0 91973.0
22263.0 89493.0
25513.0 87011.0

17492.0 83444.0
18092.0 81417.0
18596.0 80785.0
19912.0 80745.0
21342.0 80413.0
21708.0 80273.0
24516.0 80270.0
24592.0 80047.0
25513.0 79708.0
27894.0 79606.0
28763.0 79421.0
32013.0 79254.0
32934.0 79140.0
36184.0 78829.0
39434.0 78770.0
43605.0 78537.0
46855.0 78436.0
50029.0 78393.0

17996.0 87830.0
18092.0 81913.0
18545.0 81462.0
18596.0 81234.0
18615.0 81021.0
21266.0 80978.0
21342.0 80412.0
21657.0 80390.0
21708.0 80148.0
24592.0 80109.0
25513.0 79866.0
27842.0 79831.0
27862.0 79780.0
28763.0 79774.0
32013.0 79602.0
35263.0 79427.0
36184.0 79195.0
42684.0 78949.0

17996.0 87830.0
18092.0 81913.0
18545.0 81462.0
18596.0 81234.0
18615.0 81021.0
21266.0 80978.0
21342.0 80412.0
21657.0 80390.0
21708.0 80148.0
24592.0 80109.0
25513.0 79866.0
27842.0 79831.0
27862.0 79780.0
28763.0 79774.0
32013.0 79602.0
35263.0 79427.0
36184.0 79195.0
42684.0 78949.0

17996.0 87830.0
18092.0 81913.0
18545.0 81462.0
18596.0 81234.0
18615.0 81021.0
21266.0 80978.0
21342.0 80412.0
21657.0 80390.0
21708.0 80148.0
24592.0 80109.0
25513.0 79866.0
27842.0 79831.0
27862.0 79780.0
28763.0 79774.0
32013.0 79602.0
35263.0 79427.0
36184.0 79195.0
42684.0 78949.0

17996.0 87830.0
18092.0 81913.0
18545.0 81462.0
18596.0 81234.0
18615.0 81021.0
21266.0 80978.0
21342.0 80412.0
21657.0 80390.0
21708.0 80148.0
24592.0 80109.0
25513.0 79866.0
27842.0 79831.0
27862.0 79780.0
28763.0 79774.0
32013.0 79602.0
35263.0 79427.0
36184.0 79195.0
42684.0 78949.0

17996.0 87830.0
18092.0 81913.0
18545.0 81462.0
18596.0 81234.0
18615.0 81021.0
21266.0 80978.0
21342.0 80412.0
21657.0 80390.0
21708.0 80148.0
24592.0 80109.0
25513.0 79866.0
27842.0 79831.0
27862.0 79780.0
28763.0 79774.0
32013.0 79602.0
35263.0 79427.0
36184.0 79195.0
42684.0 78949.0

17996.0 87830.0
18092.0 81913.0
18545.0 81462.0
18596.0 81234.0
18615.0 81021.0
21266.0 80978.0
21342.0 80412.0
21657.0 80390.0
21708.0 80148.0
24592.0 80109.0
25513.0 79866.0
27842.0 79831.0
27862.0 79780.0
28763.0 79774.0
32013.0 79602.0
35263.0 79427.0
36184.0 79195.0
42684.0 78949.0

17996.0 87830.0
18092.0 81913.0
18545.0 81462.0
18596.0 81234.0
18615.0 81021.0
21266.0 80978.0
21342.0 80412.0
21657.0 80390.0
21708.0 80148.0
24592.0 80109.0
25513.0 79866.0
27842.0 79831.0
27862.0 79780.0
28763.0 79774.0
32013.0 79602.0
35263.0 79427.0
36184.0 79195.0
42684.0 78949.0

17996.0 87830.0
18092.0 81913.0
18545.0 81462.0
18596.0 81234.0
18615.0 81021.0
21266.0 80978.0
21342.0 80412.0
21657.0 80390.0
21708.0 80148.0
24592.0 80109.0
25513.0 79866.0
27842.0 79831.0
27862.0 79780.0
28763.0 79774.0
32013.0 79602.0
35263.0 79427.0
36184.0 79195.0
42684.0 78949.0

17996.0 87830.0
18092.0 81913.0
18545.0 81462.0
18596.0 81234.0
18615.0 81021.0
21266.0 80978.0
21342.0 80412.0
21657.0 80390.0
21708.0 80148.0
24592.0 80109.0
25513.0 79866.0
27842.0 79831.0
27862.0 79780.0
28763.0 79774.0
32013.0 79602.0
35263.0 79427.0
36184.0 79195.0
42684.0 78949.0

17996.0 87830.0
18092.0 81913.0
18545.0 81462.0
18596.0 81234.0
18615.0 81021.0
21266.0 80978.0
21342.0 80412.0
21657.0 80390.0
21708.0 80148.0
24592.0 80109.0
25513.0 79866.0
27842.0 79831.0
27862.0 79780.0
28763.0 79774.0
32013.0 79602.0
35263.0 79427.0
36184.0 79195.0
42684.0 78949.0


