----------------- All ---------------

GD
2 9 9 9 11 9 9 1 9 10 9
11 10 10 10 10 10 10 10 10 10 10
11 10 10 10 10 10 10 10 10 10 10
11 7 10 7 9 7 7 7 7 7 8
11 10 10 10 10 10 10 2 2 10 10
11 9 9 9 9 1 10 9 9 9 2
11 9 9 9 9 9 9 9 9 9 10
11 10 10 10 10 10 10 10 10 10 10
11 9 10 9 9 9 9 1 2 9 9
11 10 10 10 10 10 10 10 10 10 10
11 10 10 10 10 10 10 10 10 10 10
11 10 10 10 10 10 10 10 10 1 10
11 10 10 10 10 10 10 10 10 10 10
11 9 9 9 9 9 9 9 9 10 9
11 10 10 10 10 10 10 10 10 10 10
1 11 11 11 11 11 11 11 11 11 11
11 9 9 9 1 9 10 9 9 9 9
11 10 10 10 10 10 10 10 10 10 10
11 10 10 10 10 10 10 10 10 10 10
1 11 11 11 11 11 11 11 11 11 11
11 10 10 10 10 10 10 10 10 10 10
11 10 10 10 10 10 10 10 10 10 10
11 10 10 10 10 10 3 3 10 3 10
11 6 6 2 6 9 6 10 7 8 1
11 10 10 10 10 10 10 10 10 10 10
1 11 11 11 11 11 11 11 11 11 11
11 9 9 9 9 9 10 9 9 9 9
11 10 10 10 10 10 10 10 10 10 10
11 10 10 10 10 10 10 10 10 10 10
11 10 10 10 10 10 10 10 10 10 10
11 7 7 10 9 7 8 7 7 7 7
1 11 11 11 11 11 11 11 11 11 11
10 9 9 9 11 9 9 9 9 9 9
11 5 5 5 7 10 10 6 5 10 5
1 11 11 11 11 11 11 11 11 11 11
11 8 8 8 8 8 8 10 8 9 8
11 7 8 7 7 7 10 10 7 7 1
1 9 9 9 9 9 9 10 11 9 9
11 9 10 9 9 9 9 9 9 9 9
9 8 8 8 8 8 10 8 8 8 11

DIR
11 10 10 10 10 10 10 10 10 10 10
1 11 11 11 11 11 11 11 11 11 11
1 11 11 11 11 11 11 11 11 11 11
11 10 10 10 10 10 10 10 10 10 10
11 10 10 10 10 10 10 10 10 10 10
11 10 10 10 10 10 10 10 10 10 10
11 10 10 10 10 10 10 10 10 10 10
1 11 11 11 11 11 11 11 11 11 11
11 8 8 8 8 8 8 10 10 8 8
1 11 11 11 11 11 11 11 11 11 11
11 10 10 10 10 10 10 10 10 10 10
11 10 10 10 10 10 10 10 10 10 10
11 10 10 10 10 10 10 10 10 10 10
10 9 9 9 9 9 9 9 9 11 9
11 10 10 10 10 10 10 10 10 10 10
1 11 11 11 11 11 11 11 11 11 11
11 10 10 10 10 10 10 10 10 10 10
11 10 10 10 10 10 10 10 10 10 10
11 10 10 10 10 10 10 10 10 10 10
11 10 10 10 10 10 10 10 10 10 10
11 10 10 10 10 10 10 10 10 10 10
11 10 10 10 10 10 10 10 10 10 10
11 10 10 10 10 10 10 10 10 10 10
11 10 10 10 10 10 10 10 10 10 10
11 10 10 10 10 10 10 10 10 10 10
11 10 10 10 10 10 10 10 10 10 10
11 9 9 9 9 9 10 9 9 9 9
11 10 10 10 10 10 10 10 10 10 10
11 10 10 10 10 10 10 10 10 10 10
11 10 10 10 10 10 10 10 10 10 10
11 10 10 10 10 10 10 10 10 10 10
1 11 11 11 11 11 11 11 11 11 11
11 10 10 10 10 10 10 10 10 10 10
11 7 7 7 7 10 10 7 7 10 7
1 11 11 11 11 11 11 11 11 11 11
11 8 8 8 8 8 8 10 8 9 8
11 10 10 10 10 10 10 10 10 10 10
11 8 8 8 8 8 8 9 10 8 8
10 9 11 9 9 9 9 9 9 9 9
11 8 8 8 8 8 10 8 8 8 10

DCI
11 9 9 9 9 9 9 9 9 10 9
11 10 10 10 10 10 10 10 10 10 10
11 10 10 10 10 10 10 10 10 10 10
11 10 10 10 10 10 10 10 10 10 10
11 10 10 10 10 10 10 10 10 10 10
11 10 10 10 10 10 10 10 10 10 10
11 9 9 9 9 9 9 9 9 9 10
11 10 10 10 10 10 10 10 10 10 10
11 10 10 10 10 10 10 10 10 10 10
11 10 10 10 10 10 10 10 10 10 10
11 10 10 10 10 10 10 10 10 10 10
11 10 10 10 10 10 10 10 10 10 10
11 10 10 10 10 10 10 10 10 10 10
11 9 9 9 9 9 9 9 9 11 9
11 10 10 10 10 10 10 10 10 10 10
1 11 11 11 11 11 11 11 11 11 11
11 10 10 10 10 10 10 10 10 10 10
11 10 10 10 10 10 10 10 10 10 10
11 10 10 10 10 10 10 10 10 10 10
11 10 10 10 10 10 10 10 10 10 10
11 10 10 10 10 10 10 10 10 10 10
11 10 10 10 10 10 10 10 10 10 10
11 10 10 10 10 10 10 10 10 10 10
11 10 10 10 10 10 10 10 10 10 10
11 10 10 10 10 10 10 10 10 10 10
11 10 10 10 10 10 10 10 10 10 10
11 10 10 10 10 10 10 10 10 10 10
11 10 10 10 10 10 10 10 10 10 10
11 10 10 10 10 10 10 10 10 10 10
11 10 10 10 10 10 10 10 10 10 10
11 7 7 10 10 7 10 7 7 7 7
11 10 10 10 10 10 10 10 10 10 10
11 10 10 10 10 10 10 10 10 10 10
11 10 10 10 10 10 10 10 10 10 10
1 11 11 11 11 11 11 11 11 11 11
11 10 10 10 10 10 10 10 10 10 10
11 10 10 10 10 10 10 10 10 10 10
11 9 9 9 9 9 9 10 9 9 9
11 9 10 9 9 9 9 9 9 9 9
11 10 10 10 10 10 10 10 10 10 10

IGD
11 7 7 7 8 7 7 10 7 9 7
11 10 10 10 10 10 10 10 10 10 10
11 10 10 10 10 10 10 10 10 10 10
11 10 10 10 10 10 10 10 10 10 10
11 8 8 8 8 8 8 10 10 8 8
11 9 9 9 9 9 9 9 9 9 10
11 9 9 9 9 9 9 9 9 9 10
11 10 10 10 10 10 10 10 10 10 10
11 7 8 7 7 7 7 9 10 7 7
11 10 10 10 10 10 10 10 10 10 10
11 10 10 10 10 10 10 10 10 10 10
11 10 10 10 10 10 10 10 10 10 10
11 10 10 10 10 10 10 10 10 10 10
10 9 9 9 9 9 9 9 9 11 9
11 10 10 10 10 10 10 10 10 10 10
11 10 10 10 10 10 10 10 10 10 10
11 9 9 9 10 9 9 9 9 9 9
11 10 10 10 10 10 10 10 10 10 10
11 10 10 10 10 10 10 10 10 10 10
1 11 11 11 11 11 11 11 11 11 11
11 10 10 10 10 10 10 10 10 10 10
11 10 10 10 10 10 10 10 10 10 10
11 10 10 10 10 10 10 10 10 10 10
11 5 5 7 5 5 5 10 9 9 6
11 10 10 10 10 10 10 10 10 10 10
11 10 10 10 10 10 10 10 10 10 10
11 9 9 9 9 9 10 9 9 9 9
11 10 10 10 10 10 10 10 10 10 10
11 10 10 10 10 10 10 10 10 10 10
11 10 10 10 10 10 10 10 10 10 10
11 8 8 10 10 8 8 8 8 8 8
11 10 10 10 10 10 10 10 10 10 10
11 9 9 9 10 9 9 9 9 9 9
11 5 5 5 7 10 10 6 5 10 5
1 11 11 11 11 11 11 11 11 11 11
11 8 8 8 8 8 8 10 8 9 8
11 9 9 9 9 9 9 9 9 9 10
11 8 8 8 8 8 8 9 10 8 8
11 9 10 9 9 9 9 9 9 9 9
11 8 8 8 8 8 9 8 8 8 10

HV
10 7 7 7 8 7 7 9 7 11 7
11 10 10 10 10 10 10 10 10 10 10
11 10 10 10 10 10 10 10 10 10 10
11 7 10 7 9 7 7 7 7 7 8
11 8 8 8 8 8 8 10 10 8 8
11 9 9 9 9 9 9 9 9 9 10
11 9 9 9 9 9 9 9 9 9 10
11 10 10 10 10 10 10 10 10 10 10
11 7 8 7 7 7 7 9 10 7 7
11 10 10 10 10 10 10 10 10 10 10
11 10 10 10 10 10 10 10 10 10 10
11 9 9 9 9 9 9 9 9 10 9
11 10 10 10 10 10 10 10 10 10 10
10 9 9 9 9 9 9 9 9 11 9
11 10 10 10 10 10 10 10 10 10 10
1 11 11 11 11 11 11 11 11 11 11
11 9 9 9 10 9 9 9 9 9 9
11 10 10 10 10 10 10 10 10 10 10
11 10 10 10 10 10 10 10 10 10 10
1 11 11 11 11 11 11 11 11 11 11
11 10 10 10 10 10 10 10 10 10 10
11 10 10 10 10 10 10 10 10 10 10
11 7 7 7 7 7 10 10 7 10 7
11 5 5 9 5 6 5 10 7 8 1
11 10 10 10 10 10 10 10 10 10 10
11 10 10 10 10 10 10 10 10 10 10
11 9 9 9 9 9 10 9 9 9 9
11 10 10 10 10 10 10 10 10 10 10
11 10 10 10 10 10 10 10 10 10 10
11 10 10 10 10 10 10 10 10 10 10
11 7 7 10 10 7 8 7 7 7 7
11 10 10 10 10 10 10 10 10 10 10
11 9 9 9 10 9 9 9 9 9 9
11 5 5 5 7 10 10 6 5 10 5
1 11 11 11 11 11 11 11 11 11 11
11 8 8 8 8 8 8 10 8 9 8
11 7 8 7 7 7 10 10 7 7 7
11 8 8 8 8 8 8 9 10 8 8
11 9 10 9 9 9 9 9 9 9 9
11 8 8 8 8 8 10 8 8 8 10



----------------- Avg --------------

QI: GD    DIR    DCI    IGD    HV    
9.2 9.325 9.475 9.3 9.375 9.325 9.5 8.825 9.025 9.175 9.0 
9.2 9.825 9.875 9.825 9.825 9.9 9.975 9.95 9.925 9.975 9.875 
10.5 9.85 9.875 9.925 9.925 9.85 9.925 9.875 9.85 9.925 9.875 
10.475 9.2 9.25 9.3 9.375 9.325 9.375 9.6 9.475 9.55 9.35 
10.2 8.975 9.125 9.15 9.225 9.125 9.35 9.5 9.2 9.45 9.0 


----------------- Med ---------------

QI: GD    DIR    DCI    IGD    HV    
11.0 10.0 10.0 10.0 10.0 10.0 10.0 10.0 10.0 10.0 10.0 
11.0 10.0 10.0 10.0 10.0 10.0 10.0 10.0 10.0 10.0 10.0 
11.0 10.0 10.0 10.0 10.0 10.0 10.0 10.0 10.0 10.0 10.0 
11.0 10.0 10.0 10.0 10.0 10.0 10.0 10.0 10.0 10.0 10.0 
11.0 9.5 10.0 10.0 10.0 10.0 10.0 10.0 10.0 10.0 10.0 

