----------------- All ---------------

GD
1 8 8 11 11 11 8 8 8 8 8
11 8 8 8 8 8 8 10 10 8 8
11 10 10 10 10 10 10 10 10 10 10
11 9 9 9 9 9 10 9 9 9 9
11 10 10 10 10 10 10 10 1 10 10
10 9 9 9 9 9 9 9 11 9 9
11 8 10 8 8 8 8 8 8 8 9
11 10 10 10 10 10 10 10 10 10 10
11 8 8 8 8 10 10 1 8 8 8
11 10 10 10 10 10 10 10 10 10 10
11 10 10 10 10 10 10 10 10 10 10
11 10 10 10 10 1 10 10 10 2 10
11 10 10 10 10 10 10 10 10 10 10
11 9 9 9 9 9 9 9 9 10 9
11 10 10 10 10 10 10 10 10 10 10
1 11 5 11 5 11 5 11 11 5 11
11 9 9 9 2 9 10 9 9 9 1
11 10 10 10 10 10 1 10 10 10 10
11 10 10 10 10 1 10 10 10 10 10
1 10 10 10 10 10 10 10 10 10 11
11 10 10 10 10 10 10 10 10 10 10
11 8 8 8 8 8 8 10 8 10 8
11 10 10 10 10 10 10 10 1 10 10
11 8 10 8 9 2 8 8 8 2 8
11 7 7 10 7 10 7 7 7 10 7
2 10 10 10 1 11 10 10 10 10 10
11 9 10 9 9 9 9 9 9 9 9
11 10 10 10 10 10 10 10 10 10 10
11 10 10 10 10 10 10 10 10 10 10
11 9 9 9 9 9 9 9 9 9 10
11 9 9 9 9 9 10 9 9 9 9
1 11 11 11 11 11 11 11 11 11 11
9 8 8 8 8 8 8 8 11 8 10
11 10 10 10 10 10 10 10 10 10 10
1 10 10 10 10 10 10 10 11 10 10
11 8 8 8 8 8 8 8 10 8 9
11 6 8 6 6 6 8 6 10 10 1
1 9 9 9 11 11 9 9 9 9 9
11 9 10 9 9 9 9 9 9 9 9
11 10 10 10 10 10 10 10 10 10 10

DIR
11 10 10 10 10 10 10 10 10 10 10
1 11 11 11 11 11 11 11 11 11 11
1 11 11 11 11 11 11 11 11 11 11
11 10 10 10 10 10 10 10 10 10 10
11 10 10 10 10 10 10 10 10 10 10
10 9 9 9 9 9 9 9 11 9 9
11 10 10 10 10 10 10 10 10 10 10
1 11 11 11 11 11 11 11 11 11 11
11 9 9 9 9 9 9 10 9 9 9
1 11 11 11 11 11 11 11 11 11 11
11 10 10 10 10 10 10 10 10 10 10
11 10 10 10 10 10 10 10 10 10 10
11 10 10 10 10 10 10 10 10 10 10
10 9 9 9 9 9 9 9 9 11 9
11 10 10 10 10 10 10 10 10 10 10
1 11 11 11 11 11 11 11 11 11 11
11 10 10 10 10 10 10 10 10 10 10
11 10 10 10 10 10 10 10 10 10 10
11 10 10 10 10 10 10 10 10 10 10
11 10 10 10 10 10 10 10 10 10 10
11 10 10 10 10 10 10 10 10 10 10
11 8 8 8 8 8 8 10 8 10 8
11 10 10 10 10 10 10 10 10 10 10
11 9 10 9 9 9 9 9 9 9 9
11 10 10 10 10 10 10 10 10 10 10
11 10 10 10 10 10 10 10 10 10 10
11 10 10 10 10 10 10 10 10 10 10
11 10 10 10 10 10 10 10 10 10 10
11 10 10 10 10 10 10 10 10 10 10
11 10 10 10 10 10 10 10 10 10 10
11 10 10 10 10 10 10 10 10 10 10
1 11 11 11 11 11 11 11 11 11 11
11 10 10 10 10 10 10 10 10 10 10
11 10 10 10 10 10 10 10 10 10 10
1 11 11 11 11 11 11 11 11 11 11
11 10 10 10 10 10 10 10 10 10 10
11 10 10 10 10 10 10 10 10 10 10
11 8 8 8 10 10 8 8 8 8 8
10 9 11 9 9 9 9 9 9 9 9
11 10 10 10 10 10 10 10 10 10 10

DCI
11 10 10 10 10 10 10 10 10 10 10
11 10 10 10 10 10 10 10 10 10 10
11 10 10 10 10 10 10 10 10 10 10
11 10 10 10 10 10 10 10 10 10 10
11 10 10 10 10 10 10 10 10 10 10
11 9 9 9 9 9 9 9 10 9 9
11 9 9 9 9 9 9 9 9 9 10
11 10 10 10 10 10 10 10 10 10 10
11 10 10 10 10 10 10 10 10 10 10
11 10 10 10 10 10 10 10 10 10 10
11 10 10 10 10 10 10 10 10 10 10
11 9 9 9 9 10 9 9 9 9 9
11 10 10 10 10 10 10 10 10 10 10
11 9 9 9 9 9 9 9 9 11 9
11 10 10 10 10 10 10 10 10 10 10
1 11 11 11 11 11 11 11 11 11 11
11 10 10 10 10 10 10 10 10 10 10
11 10 10 10 10 10 10 10 10 10 10
11 10 10 10 10 10 10 10 10 10 10
11 9 9 9 9 9 9 9 9 9 10
11 10 10 10 10 10 10 10 10 10 10
11 10 10 10 10 10 10 10 10 10 10
11 10 10 10 10 10 10 10 10 10 10
11 10 10 10 10 10 10 10 10 10 10
11 10 10 10 10 10 10 10 10 10 10
11 9 9 9 9 10 9 9 9 9 9
11 10 10 10 10 10 10 10 10 10 10
11 10 10 10 10 10 10 10 10 10 10
11 10 10 10 10 10 10 10 10 10 10
11 10 10 10 10 10 10 10 10 10 10
11 9 9 9 9 9 10 9 9 9 9
11 10 10 10 10 10 10 10 10 10 10
11 10 10 10 10 10 10 10 10 10 10
11 10 10 10 10 10 10 10 10 10 10
1 10 10 10 10 10 10 10 11 10 10
11 9 9 9 9 9 9 9 10 9 9
11 10 10 10 10 10 10 10 10 10 10
11 10 10 10 10 10 10 10 10 10 10
11 9 10 9 9 9 9 9 9 9 9
11 10 10 10 10 10 10 10 10 10 10

IGD
11 7 7 10 10 10 7 7 7 7 7
9 8 8 8 8 8 8 11 11 8 8
11 10 10 10 10 10 10 10 10 10 10
11 9 9 9 9 9 10 9 9 9 9
11 10 10 10 10 10 10 10 10 10 10
10 9 9 9 9 9 9 9 11 9 9
11 9 1 9 9 9 9 9 9 9 10
11 10 10 10 10 10 10 10 10 10 10
11 7 7 7 7 9 9 10 7 7 7
11 10 10 10 10 10 10 10 10 10 10
11 10 10 10 10 10 10 10 10 10 10
11 10 10 10 10 10 10 10 10 10 10
11 10 10 10 10 10 10 10 10 10 10
10 9 9 9 9 9 9 9 9 11 9
11 10 10 10 10 10 10 10 10 10 10
11 10 10 10 10 10 10 10 10 10 10
11 9 9 9 10 9 9 9 9 9 9
11 9 9 9 9 9 10 9 9 9 9
11 10 10 10 10 10 10 10 10 10 10
1 11 11 11 11 11 11 11 11 11 11
11 10 10 10 10 10 10 10 10 10 10
11 8 8 8 8 8 8 10 8 10 8
11 10 10 10 10 10 10 10 10 10 10
11 6 7 6 8 10 6 6 6 10 6
11 7 7 10 7 10 7 7 7 10 7
11 9 9 9 9 10 9 9 9 9 9
11 10 10 10 10 10 10 10 10 10 10
11 10 10 10 10 10 10 10 10 10 10
11 10 10 10 10 10 10 10 10 10 10
11 9 9 9 9 9 9 9 9 9 10
11 10 10 10 10 10 10 10 10 10 10
11 10 10 10 10 10 10 10 10 10 10
11 8 8 8 8 8 8 8 10 8 9
11 10 10 10 10 10 10 10 10 10 10
1 10 10 10 10 10 10 10 11 10 10
11 8 8 8 8 8 8 8 10 8 9
11 7 10 7 7 7 10 7 7 7 8
11 8 8 8 10 10 8 8 8 8 8
11 9 10 9 9 9 9 9 9 9 9
11 10 10 10 10 10 10 10 10 10 10

HV
11 7 7 10 10 10 7 7 7 7 7
11 8 8 8 8 8 8 10 10 8 8
11 10 10 10 10 10 10 10 10 10 10
11 9 9 9 9 9 10 9 9 9 9
11 10 10 10 10 10 10 10 10 10 10
10 9 9 9 9 9 9 9 11 9 9
11 8 10 8 8 8 8 8 8 8 9
11 10 10 10 10 10 10 10 10 10 10
11 7 7 7 7 9 9 10 7 7 7
11 10 10 10 10 10 10 10 10 10 10
11 10 10 10 10 10 10 10 10 10 10
11 9 9 9 9 9 9 9 9 10 9
11 10 10 10 10 10 10 10 10 10 10
10 9 9 9 9 9 9 9 9 11 9
11 10 10 10 10 10 10 10 10 10 10
1 11 11 11 11 11 11 11 11 11 11
11 8 8 8 10 8 8 8 8 8 9
11 10 10 10 10 10 10 10 10 10 10
11 9 9 9 9 10 9 9 9 9 9
1 11 11 11 11 11 11 11 11 11 11
11 10 10 10 10 10 10 10 10 10 10
11 8 8 8 8 8 8 10 8 10 8
11 9 9 9 9 9 9 9 10 9 9
11 6 10 6 7 9 6 6 6 9 6
11 7 7 10 7 10 7 7 7 10 7
11 8 8 8 10 9 8 8 8 8 8
11 9 10 9 9 9 9 9 9 9 9
11 10 10 10 10 10 10 10 10 10 10
11 10 10 10 10 10 10 10 10 10 10
11 9 9 9 9 9 9 9 9 9 10
11 9 9 9 9 9 10 9 9 9 9
11 10 10 10 10 10 10 10 10 10 10
11 8 8 8 8 8 8 8 10 8 9
11 10 10 10 10 10 10 10 10 10 10
1 10 10 10 10 10 10 10 11 10 10
11 8 8 8 8 8 8 8 10 8 9
11 6 10 6 6 6 10 6 8 8 6
11 8 8 8 10 10 8 8 8 8 8
11 9 10 9 9 9 9 9 9 9 9
11 10 10 10 10 10 10 10 10 10 10



----------------- Avg --------------

QI: GD    DIR    DCI    IGD    HV    
9.2 9.25 9.3 9.4 8.85 8.925 9.05 9.175 9.15 9.0 9.075 
9.175 9.95 10.025 9.95 10.0 10.0 9.95 10.025 10.0 10.05 9.95 
10.5 9.8 9.825 9.8 9.8 9.85 9.825 9.8 9.875 9.85 9.85 
10.4 9.15 9.075 9.3 9.35 9.525 9.325 9.35 9.4 9.425 9.275 
10.2 8.975 9.275 9.125 9.225 9.35 9.175 9.15 9.275 9.3 9.1 


----------------- Med ---------------

QI: GD    DIR    DCI    IGD    HV    
11.0 10.0 10.0 10.0 10.0 10.0 10.0 10.0 10.0 10.0 10.0 
11.0 10.0 10.0 10.0 10.0 10.0 10.0 10.0 10.0 10.0 10.0 
11.0 10.0 10.0 10.0 10.0 10.0 10.0 10.0 10.0 10.0 10.0 
11.0 10.0 10.0 10.0 10.0 10.0 10.0 10.0 10.0 10.0 10.0 
11.0 9.0 10.0 9.0 10.0 10.0 9.5 9.5 10.0 10.0 9.0 

