16023.0 44462.0
16122.0 44181.0
16571.0 43066.0
16816.0 41889.0
16990.0 41623.0
17516.0 41228.0
18016.0 41129.0
18092.0 40466.0
18545.0 40444.0
18596.0 40337.0
19912.0 40313.0
21266.0 40310.0
21342.0 40064.0
21708.0 39975.0
24516.0 39972.0
24592.0 39915.0
24820.0 39865.0
25513.0 39758.0
27894.0 39757.0
28687.0 39755.0
28763.0 39631.0
31937.0 39628.0
32013.0 39572.0
32934.0 39511.0
36108.0 39510.0
36184.0 39385.0
39358.0 39383.0
39434.0 39327.0
40355.0 39278.0
43605.0 39152.0
46779.0 39151.0
46855.0 39117.0
50029.0 39092.0
54276.0 39035.0
57526.0 38976.0
60700.0 38975.0

16515.0 41515.0
16595.0 41120.0
17095.0 41021.0
18092.0 40646.0
18596.0 40337.0
19912.0 40313.0
21342.0 40064.0
21708.0 39999.0
24592.0 39940.0
25513.0 39758.0
28763.0 39699.0
32934.0 39525.0
36184.0 39476.0

16515.0 41448.0
16595.0 41053.0
17095.0 40954.0
18092.0 40646.0
18596.0 40337.0
19912.0 40313.0
21342.0 40064.0
21708.0 39975.0
24592.0 39916.0
25513.0 39758.0
28763.0 39632.0
32934.0 39525.0
36184.0 39476.0

16515.0 41448.0
16595.0 41053.0
17095.0 40954.0
18092.0 40646.0
18596.0 40337.0
19912.0 40313.0
21342.0 40064.0
21708.0 39975.0
24592.0 39916.0
25513.0 39758.0
28763.0 39632.0
32934.0 39525.0
36184.0 39476.0

16515.0 41448.0
16595.0 41053.0
17095.0 40954.0
18092.0 40646.0
18596.0 40337.0
19912.0 40313.0
21342.0 40064.0
21708.0 39975.0
24592.0 39916.0
25513.0 39758.0
28763.0 39632.0
32934.0 39525.0
36184.0 39476.0

16515.0 41448.0
16595.0 41053.0
17095.0 40954.0
18092.0 40646.0
18596.0 40337.0
19912.0 40313.0
21342.0 40064.0
21708.0 39975.0
24592.0 39916.0
25513.0 39758.0
28763.0 39632.0
32934.0 39525.0
36184.0 39476.0

16515.0 41515.0
16595.0 41120.0
17095.0 41021.0
18092.0 40646.0
18596.0 40337.0
19912.0 40313.0
21342.0 40064.0
21708.0 39975.0
24592.0 39916.0
25513.0 39758.0
28763.0 39699.0
32934.0 39525.0
36184.0 39476.0

16515.0 41515.0
16595.0 41120.0
17095.0 41021.0
18092.0 40646.0
18596.0 40337.0
19912.0 40313.0
21342.0 40064.0
21708.0 39975.0
24592.0 39916.0
25513.0 39758.0
28763.0 39699.0
32934.0 39525.0
36184.0 39476.0

16515.0 41515.0
16595.0 41120.0
17095.0 41021.0
18092.0 40646.0
18596.0 40337.0
19912.0 40313.0
21342.0 40064.0
21708.0 39975.0
24592.0 39916.0
25513.0 39758.0
28763.0 39699.0
32934.0 39525.0
36184.0 39476.0

16515.0 41515.0
16595.0 41120.0
17095.0 41021.0
18092.0 40646.0
18596.0 40337.0
19912.0 40313.0
21342.0 40064.0
21708.0 39975.0
24592.0 39916.0
25513.0 39758.0
28763.0 39699.0
32934.0 39525.0
36184.0 39476.0

16515.0 41448.0
16519.0 41427.0
16595.0 41053.0
17095.0 40954.0
18092.0 40646.0
18545.0 40629.0
18596.0 40337.0
19912.0 40313.0
21266.0 40310.0
21342.0 40064.0
21708.0 39975.0
24516.0 39974.0
24592.0 39916.0
24820.0 39865.0
25513.0 39758.0
28763.0 39631.0
32013.0 39596.0
32934.0 39525.0
36184.0 39385.0
39434.0 39350.0
40355.0 39279.0
43605.0 39266.0
46855.0 39117.0


