17492.0 85821.0
17516.0 85426.0
18092.0 81422.0
18545.0 81405.0
18596.0 80739.0
19912.0 80691.0
21266.0 80688.0
21342.0 80461.0
21708.0 80082.0
24516.0 80079.0
24592.0 79897.0
24820.0 79795.0
27766.0 79792.0
28763.0 79395.0
31937.0 79394.0
32013.0 79210.0
36184.0 78929.0
39358.0 78928.0
39434.0 78744.0
43605.0 78606.0

16164.0 103177.0
16290.0 97105.0
16495.0 96606.0
16816.0 93866.0
16990.0 91536.0
17145.0 90202.0
17294.0 89120.0
17745.0 88507.0
18016.0 85357.0
18596.0 84814.0
18671.0 84022.0
19946.0 83858.0
21342.0 82728.0
21708.0 81834.0
24801.0 81156.0
25513.0 80930.0
31937.0 80591.0
36108.0 80397.0
49453.0 80283.0
54200.0 79988.0
63874.0 77944.0

20742.0 100332.0
20955.0 93099.0
24310.0 91392.0
25437.0 90541.0
32334.0 90476.0
34118.0 90003.0
39034.0 89521.0

20742.0 100332.0
20955.0 93099.0
24310.0 91392.0
25437.0 90541.0
31006.0 89430.0
32934.0 87496.0

18016.0 86975.0
18092.0 81490.0
18545.0 81415.0
18596.0 81106.0
19912.0 80946.0
21266.0 80943.0
21342.0 80406.0
21708.0 80317.0
24516.0 80314.0
24592.0 79920.0
24820.0 79869.0
25513.0 79670.0
27843.0 79658.0
28763.0 79473.0
31937.0 79452.0
32013.0 79414.0
32934.0 79240.0
36184.0 78877.0
39358.0 78849.0

17171.0 84306.0
17492.0 84213.0
18056.0 83728.0
18092.0 81644.0
18526.0 81639.0
18545.0 81447.0
18596.0 81080.0
19912.0 81040.0
19946.0 81016.0
21266.0 81013.0
21342.0 80686.0
21708.0 80444.0
24750.0 80404.0
25513.0 80087.0
28763.0 79974.0
31937.0 79753.0
32013.0 79736.0
35187.0 79710.0
36184.0 79492.0
39358.0 79467.0

17171.0 84306.0
17492.0 84213.0
18056.0 83728.0
18092.0 81644.0
18526.0 81639.0
18545.0 81447.0
18596.0 81080.0
19912.0 81040.0
19946.0 81016.0
21266.0 81013.0
21342.0 80686.0
21708.0 80444.0
24750.0 80404.0
25513.0 80087.0
28763.0 79974.0
31937.0 79753.0
32013.0 79736.0
35187.0 79710.0
36184.0 79492.0
39358.0 79467.0

17171.0 84306.0
17492.0 84213.0
18056.0 83728.0
18092.0 81644.0
18526.0 81639.0
18545.0 81447.0
18596.0 81080.0
19912.0 81040.0
19946.0 81016.0
21266.0 81013.0
21342.0 80686.0
21708.0 80444.0
24750.0 80404.0
25513.0 80087.0
28763.0 79974.0
31937.0 79753.0
32013.0 79736.0
35187.0 79710.0
36184.0 79492.0
39358.0 79467.0

17171.0 84306.0
17492.0 84213.0
18056.0 83728.0
18092.0 81644.0
18526.0 81639.0
18545.0 81447.0
18596.0 81080.0
19912.0 81040.0
19946.0 81016.0
21266.0 81013.0
21342.0 80686.0
21708.0 80444.0
24750.0 80404.0
25513.0 80087.0
28763.0 79974.0
31937.0 79753.0
32013.0 79736.0
35187.0 79710.0
36184.0 79492.0
39358.0 79467.0

17171.0 84306.0
17492.0 84213.0
18056.0 83728.0
18092.0 81644.0
18526.0 81639.0
18545.0 81447.0
18596.0 81080.0
19912.0 81040.0
19946.0 81016.0
21266.0 81013.0
21342.0 80686.0
21708.0 80444.0
24750.0 80404.0
25513.0 80087.0
28763.0 79974.0
31937.0 79753.0
32013.0 79736.0
35187.0 79710.0
36184.0 79492.0
39358.0 79467.0

17171.0 84306.0
17492.0 84213.0
18056.0 83728.0
18092.0 81644.0
18526.0 81639.0
18545.0 81447.0
18596.0 81080.0
19912.0 81040.0
19946.0 81016.0
21266.0 81013.0
21342.0 80686.0
21708.0 80444.0
24750.0 80404.0
25513.0 80087.0
28763.0 79974.0
31937.0 79753.0
32013.0 79736.0
35187.0 79710.0
36184.0 79492.0
39358.0 79467.0

17171.0 84306.0
17492.0 84213.0
18056.0 83728.0
18092.0 81644.0
18526.0 81639.0
18545.0 81447.0
18596.0 81080.0
19912.0 81040.0
19946.0 81016.0
21266.0 81013.0
21342.0 80686.0
21708.0 80444.0
24750.0 80404.0
25513.0 80087.0
28763.0 79974.0
31937.0 79753.0
32013.0 79736.0
35187.0 79710.0
36184.0 79492.0
39358.0 79467.0

17171.0 84306.0
17492.0 84213.0
18056.0 83728.0
18092.0 81644.0
18526.0 81639.0
18545.0 81447.0
18596.0 81080.0
19912.0 81040.0
19946.0 81016.0
21266.0 81013.0
21342.0 80686.0
21708.0 80444.0
24750.0 80404.0
25513.0 80087.0
28763.0 79974.0
31937.0 79753.0
32013.0 79736.0
35187.0 79710.0
36184.0 79492.0
39358.0 79467.0

17171.0 84306.0
17492.0 84213.0
18056.0 83728.0
18092.0 81644.0
18526.0 81639.0
18545.0 81447.0
18596.0 81080.0
19912.0 81040.0
19946.0 81016.0
21266.0 81013.0
21342.0 80686.0
21708.0 80444.0
24750.0 80404.0
25513.0 80087.0
28763.0 79974.0
31937.0 79753.0
32013.0 79736.0
35187.0 79710.0
36184.0 79492.0
39358.0 79467.0

17171.0 84306.0
17492.0 84213.0
18056.0 83728.0
18092.0 81644.0
18526.0 81639.0
18545.0 81447.0
18596.0 81080.0
19912.0 81040.0
19946.0 81016.0
21266.0 81013.0
21342.0 80686.0
21708.0 80444.0
24750.0 80404.0
25513.0 80087.0
28763.0 79974.0
31937.0 79753.0
32013.0 79736.0
35187.0 79710.0
36184.0 79492.0
39358.0 79467.0


