18092.0 83031.0
18545.0 83009.0
18596.0 82722.0
18615.0 81257.0
19912.0 81217.0
20345.0 81214.0
20387.0 81046.0
21266.0 81045.0
21342.0 80251.0
21708.0 80130.0
24592.0 80051.0
24820.0 79856.0
25513.0 79751.0
27766.0 79748.0
27842.0 79646.0
28763.0 79457.0
31937.0 79437.0
32013.0 79302.0
32934.0 79212.0
36184.0 78954.0
42684.0 78708.0

16136.0 103706.0
16571.0 100624.0
16816.0 92029.0
17492.0 90806.0
17945.0 89431.0
17996.0 87380.0
18092.0 84604.0
19471.0 83959.0
21342.0 83011.0
21689.0 82848.0
21708.0 82491.0
22263.0 81792.0
24750.0 81694.0
25513.0 81077.0
32934.0 80837.0
33978.0 80732.0
33987.0 80413.0
43605.0 79629.0
49032.0 79584.0
53203.0 79291.0
56453.0 78619.0
63874.0 77944.0

20742.0 96673.0
23992.0 94419.0
24820.0 93165.0
26643.0 92537.0
27913.0 89856.0

20742.0 96673.0
21627.0 93852.0
24051.0 91812.0
27913.0 89856.0

17492.0 83639.0
17516.0 83407.0
18092.0 81656.0
18526.0 81634.0
18545.0 81617.0
18596.0 81411.0
19471.0 81376.0
19912.0 81352.0
21266.0 81349.0
21342.0 80609.0
21638.0 80572.0
21657.0 80224.0
21708.0 80116.0
24516.0 80115.0
24592.0 80084.0
24801.0 80034.0
25513.0 79682.0
28763.0 79340.0
31937.0 79339.0
32013.0 79313.0
32934.0 79193.0
36108.0 79161.0
36184.0 79036.0
39358.0 78794.0
43605.0 78674.0

17516.0 93676.0
17713.0 88380.0
17945.0 87085.0
18092.0 81435.0
18545.0 81413.0
18596.0 81129.0
18615.0 81037.0
19912.0 80997.0
21266.0 80976.0
21342.0 80805.0
21638.0 80740.0
21708.0 80721.0
22263.0 80408.0
24750.0 80393.0
24820.0 80142.0
25513.0 80023.0
32934.0 79982.0
36184.0 79832.0
39358.0 79831.0
40355.0 79816.0

17516.0 93676.0
17713.0 88380.0
17945.0 87085.0
18092.0 81435.0
18545.0 81413.0
18596.0 81129.0
18615.0 81037.0
19912.0 80997.0
21266.0 80976.0
21342.0 80805.0
21638.0 80740.0
21708.0 80721.0
22263.0 80408.0
24750.0 80393.0
24820.0 80142.0
25513.0 80023.0
32934.0 79982.0
36184.0 79832.0
39358.0 79831.0
40355.0 79816.0

17516.0 93676.0
17713.0 88380.0
17945.0 87085.0
18092.0 81435.0
18545.0 81413.0
18596.0 81129.0
18615.0 81037.0
19912.0 80997.0
21266.0 80976.0
21342.0 80805.0
21638.0 80740.0
21708.0 80721.0
22263.0 80408.0
24750.0 80393.0
24820.0 80142.0
25513.0 80023.0
32934.0 79982.0
36184.0 79832.0
39358.0 79831.0
40355.0 79816.0

17516.0 93676.0
17713.0 88380.0
17945.0 87085.0
18092.0 81435.0
18545.0 81413.0
18596.0 81129.0
18615.0 81037.0
19912.0 80997.0
21266.0 80976.0
21342.0 80805.0
21638.0 80740.0
21708.0 80721.0
22263.0 80408.0
24750.0 80393.0
24820.0 80142.0
25513.0 80023.0
32934.0 79982.0
36184.0 79832.0
39358.0 79831.0
40355.0 79816.0

17516.0 93676.0
17713.0 88380.0
17945.0 87085.0
18092.0 81435.0
18545.0 81413.0
18596.0 81129.0
18615.0 81037.0
19912.0 80997.0
21266.0 80976.0
21342.0 80805.0
21638.0 80740.0
21708.0 80721.0
22263.0 80408.0
24750.0 80393.0
24820.0 80142.0
25513.0 80023.0
32934.0 79982.0
36184.0 79832.0
39358.0 79831.0
40355.0 79816.0

17516.0 93676.0
17713.0 88380.0
17945.0 87085.0
18092.0 81435.0
18545.0 81413.0
18596.0 81129.0
18615.0 81037.0
19912.0 80997.0
21266.0 80976.0
21342.0 80805.0
21638.0 80740.0
21708.0 80721.0
22263.0 80408.0
24750.0 80393.0
24820.0 80142.0
25513.0 80023.0
32934.0 79982.0
36184.0 79832.0
39358.0 79831.0
40355.0 79816.0

17516.0 93676.0
17713.0 88380.0
17945.0 87085.0
18092.0 81435.0
18545.0 81413.0
18596.0 81129.0
18615.0 81037.0
19912.0 80997.0
21266.0 80976.0
21342.0 80805.0
21638.0 80740.0
21708.0 80721.0
22263.0 80408.0
24750.0 80393.0
24820.0 80142.0
25513.0 80023.0
32934.0 79982.0
36184.0 79832.0
39358.0 79831.0
40355.0 79816.0

17516.0 93676.0
17713.0 88380.0
17945.0 87085.0
18092.0 81435.0
18545.0 81413.0
18596.0 81129.0
18615.0 81037.0
19912.0 80997.0
21266.0 80976.0
21342.0 80805.0
21638.0 80740.0
21708.0 80721.0
22263.0 80408.0
24750.0 80393.0
24820.0 80142.0
25513.0 80023.0
32934.0 79982.0
36184.0 79832.0
39358.0 79831.0
40355.0 79816.0

17516.0 93676.0
17713.0 88380.0
17945.0 87085.0
18092.0 81435.0
18545.0 81413.0
18596.0 81129.0
18615.0 81037.0
19912.0 80997.0
21266.0 80976.0
21342.0 80805.0
21638.0 80740.0
21708.0 80721.0
22263.0 80408.0
24750.0 80393.0
24820.0 80142.0
25513.0 80023.0
32934.0 79982.0
36184.0 79832.0
39358.0 79831.0
40355.0 79816.0

17516.0 93676.0
17713.0 88380.0
17945.0 87085.0
18092.0 81435.0
18545.0 81413.0
18596.0 81129.0
18615.0 81037.0
19912.0 80997.0
21266.0 80976.0
21342.0 80805.0
21638.0 80740.0
21708.0 80721.0
22263.0 80408.0
24750.0 80393.0
24820.0 80142.0
25513.0 80023.0
32934.0 79982.0
36184.0 79832.0
39358.0 79831.0
40355.0 79816.0


