17492.0 84715.0
18092.0 81379.0
18526.0 81281.0
18545.0 81253.0
18596.0 80944.0
19946.0 80904.0
21266.0 80871.0
21342.0 80433.0
21657.0 80342.0
21708.0 80137.0
24516.0 80129.0
24592.0 80021.0
25513.0 79586.0
27843.0 79576.0
28687.0 79573.0
28763.0 79324.0
32013.0 79275.0
32934.0 79047.0
36184.0 78843.0
40355.0 78814.0
43605.0 78569.0

16023.0 101250.0
17492.0 93981.0
17670.0 90485.0
18122.0 90273.0
18545.0 86283.0
18596.0 85193.0
19912.0 84936.0
19946.0 84857.0
20766.0 83622.0
21638.0 83211.0
21689.0 82749.0
22263.0 82319.0
24592.0 81807.0
25513.0 80915.0
27894.0 80778.0
30861.0 80610.0
32934.0 80299.0
36184.0 79787.0
63874.0 77944.0

19246.0 103650.0
19378.0 95093.0
22020.0 94113.0
22931.0 91499.0
23316.0 90798.0
23992.0 90689.0
31337.0 88548.0

19246.0 103650.0
19378.0 95093.0
22020.0 94113.0
22461.0 93028.0
22931.0 91499.0
23316.0 90798.0
23350.0 90371.0
24263.0 86705.0
25513.0 86458.0

18016.0 83606.0
18092.0 82233.0
18526.0 82211.0
18577.0 81902.0
18615.0 81396.0
19505.0 81176.0
21342.0 80468.0
21708.0 80015.0
24516.0 80012.0
24592.0 79956.0
24820.0 79905.0
25513.0 79817.0
27766.0 79814.0
27842.0 79692.0
28687.0 79672.0
28763.0 79437.0
32013.0 79357.0
32934.0 79337.0
35263.0 79132.0
36184.0 78880.0
39434.0 78842.0
42608.0 78839.0
42684.0 78594.0
51026.0 78512.0

17345.0 84908.0
18092.0 81886.0
18545.0 81869.0
18596.0 81717.0
18615.0 81194.0
19471.0 81117.0
21342.0 80769.0
21638.0 80593.0
21708.0 80570.0
24516.0 80566.0
24592.0 80553.0
24750.0 80376.0
24820.0 80345.0
25513.0 80049.0
27843.0 80019.0
28687.0 79981.0
28763.0 79799.0
32013.0 79521.0
39358.0 79402.0
40355.0 79347.0
46855.0 78964.0

17345.0 84908.0
18092.0 81886.0
18545.0 81869.0
18596.0 81717.0
18615.0 81194.0
19471.0 81117.0
21342.0 80769.0
21638.0 80593.0
21708.0 80570.0
24516.0 80566.0
24592.0 80553.0
24750.0 80376.0
24820.0 80345.0
25513.0 80049.0
27843.0 80019.0
28687.0 79981.0
28763.0 79799.0
32013.0 79521.0
39358.0 79402.0
40355.0 79347.0
46855.0 78964.0

17345.0 84908.0
18092.0 81886.0
18545.0 81869.0
18596.0 81717.0
18615.0 81194.0
19471.0 81117.0
21342.0 80769.0
21638.0 80593.0
21708.0 80570.0
24516.0 80566.0
24592.0 80553.0
24750.0 80376.0
24820.0 80345.0
25513.0 80049.0
27843.0 80019.0
28687.0 79981.0
28763.0 79799.0
32013.0 79521.0
39358.0 79402.0
40355.0 79347.0
46855.0 78964.0

17345.0 84908.0
18092.0 81886.0
18545.0 81869.0
18596.0 81717.0
18615.0 81194.0
19471.0 81117.0
21342.0 80769.0
21638.0 80593.0
21708.0 80570.0
24516.0 80566.0
24592.0 80553.0
24750.0 80376.0
24820.0 80345.0
25513.0 80049.0
27843.0 80019.0
28687.0 79981.0
28763.0 79799.0
32013.0 79521.0
39358.0 79402.0
40355.0 79347.0
46855.0 78964.0

17345.0 84908.0
18092.0 81886.0
18545.0 81869.0
18596.0 81717.0
18615.0 81194.0
19471.0 81117.0
21342.0 80769.0
21638.0 80593.0
21708.0 80570.0
24516.0 80566.0
24592.0 80553.0
24750.0 80376.0
24820.0 80345.0
25513.0 80049.0
27843.0 80019.0
28687.0 79981.0
28763.0 79799.0
32013.0 79521.0
39358.0 79402.0
40355.0 79347.0
46855.0 78964.0

17345.0 84908.0
18092.0 81886.0
18545.0 81869.0
18596.0 81717.0
18615.0 81194.0
19471.0 81117.0
21342.0 80769.0
21638.0 80593.0
21708.0 80570.0
24516.0 80566.0
24592.0 80553.0
24750.0 80376.0
24820.0 80345.0
25513.0 80049.0
27843.0 80019.0
28687.0 79981.0
28763.0 79799.0
32013.0 79521.0
39358.0 79402.0
40355.0 79347.0
46855.0 78964.0

17345.0 84908.0
18092.0 81886.0
18545.0 81869.0
18596.0 81717.0
18615.0 81194.0
19471.0 81117.0
21342.0 80769.0
21638.0 80593.0
21708.0 80570.0
24516.0 80566.0
24592.0 80553.0
24750.0 80376.0
24820.0 80345.0
25513.0 80049.0
27843.0 80019.0
28687.0 79981.0
28763.0 79799.0
32013.0 79521.0
39358.0 79402.0
40355.0 79347.0
46855.0 78964.0

17345.0 84908.0
18092.0 81886.0
18545.0 81869.0
18596.0 81717.0
18615.0 81194.0
19471.0 81117.0
21342.0 80769.0
21638.0 80593.0
21708.0 80570.0
24516.0 80566.0
24592.0 80553.0
24750.0 80376.0
24820.0 80345.0
25513.0 80049.0
27843.0 80019.0
28687.0 79981.0
28763.0 79799.0
32013.0 79521.0
39358.0 79402.0
40355.0 79347.0
46855.0 78964.0

17345.0 84908.0
18092.0 81886.0
18545.0 81869.0
18596.0 81717.0
18615.0 81194.0
19471.0 81117.0
21342.0 80769.0
21638.0 80593.0
21708.0 80570.0
24516.0 80566.0
24592.0 80553.0
24750.0 80376.0
24820.0 80345.0
25513.0 80049.0
27843.0 80019.0
28687.0 79981.0
28763.0 79799.0
32013.0 79521.0
39358.0 79402.0
40355.0 79347.0
46855.0 78964.0

17345.0 84908.0
18092.0 81886.0
18545.0 81869.0
18596.0 81717.0
18615.0 81194.0
19471.0 81117.0
21342.0 80769.0
21638.0 80593.0
21708.0 80570.0
24516.0 80566.0
24592.0 80553.0
24750.0 80376.0
24820.0 80345.0
25513.0 80049.0
27843.0 80019.0
28687.0 79981.0
28763.0 79799.0
32013.0 79521.0
39358.0 79402.0
40355.0 79347.0
46855.0 78964.0


