17996.0 86632.0
18092.0 82819.0
18545.0 82580.0
18596.0 81712.0
18615.0 81453.0
19912.0 81429.0
20387.0 81405.0
21266.0 81401.0
21342.0 80801.0
21708.0 80623.0
22263.0 80278.0
24782.0 80277.0
25437.0 80275.0
25513.0 79608.0
27894.0 79607.0
28687.0 79605.0
28763.0 79522.0
32013.0 79440.0
32934.0 79023.0
36184.0 78965.0
39358.0 78949.0
40355.0 78773.0
43605.0 78716.0

16023.0 102657.0
16515.0 97673.0
17279.0 96111.0
17345.0 94449.0
17516.0 90547.0
17670.0 88448.0
18092.0 84246.0
18615.0 82992.0
19313.0 82697.0
21689.0 82287.0
22263.0 82037.0
24516.0 82035.0
24750.0 82024.0
24937.0 81729.0
25437.0 81508.0
25513.0 81004.0
27766.0 80771.0
32934.0 80221.0
36184.0 79915.0
46779.0 79466.0
63874.0 77944.0

20457.0 104481.0
20955.0 99608.0
21108.0 99405.0
22020.0 91630.0
24801.0 90490.0
27913.0 90412.0
28163.0 89003.0

20112.0 104281.0
20955.0 99608.0
21108.0 99405.0
22020.0 91630.0
24263.0 90223.0
26662.0 89495.0
28163.0 89003.0

17492.0 85707.0
17516.0 84698.0
18092.0 81161.0
18545.0 81139.0
18596.0 80950.0
19912.0 80910.0
19946.0 80870.0
21266.0 80862.0
21342.0 80288.0
21708.0 80052.0
24516.0 80027.0
24592.0 80016.0
24750.0 79976.0
25513.0 79599.0
28763.0 79376.0
32934.0 79036.0
36184.0 78785.0
40355.0 78738.0
43605.0 78562.0

17516.0 85837.0
17713.0 84652.0
17945.0 84580.0
18092.0 81650.0
18526.0 81342.0
18596.0 81007.0
19912.0 80983.0
21266.0 80980.0
21342.0 80598.0
21657.0 80508.0
21708.0 80458.0
24592.0 80420.0
24750.0 80369.0
24801.0 80335.0
25513.0 79943.0
28763.0 79660.0
35608.0 79518.0
36184.0 79236.0

17516.0 85837.0
17713.0 84652.0
17945.0 84580.0
18092.0 81650.0
18526.0 81342.0
18596.0 81007.0
19912.0 80983.0
21266.0 80980.0
21342.0 80598.0
21657.0 80508.0
21708.0 80458.0
24592.0 80420.0
24750.0 80369.0
24801.0 80335.0
25513.0 79943.0
28763.0 79660.0
35608.0 79518.0
36184.0 79236.0

17516.0 85837.0
17713.0 84652.0
17945.0 84580.0
18092.0 81650.0
18526.0 81342.0
18596.0 81007.0
19912.0 80983.0
21266.0 80980.0
21342.0 80598.0
21657.0 80508.0
21708.0 80458.0
24592.0 80420.0
24750.0 80369.0
24801.0 80335.0
25513.0 79943.0
28763.0 79660.0
35608.0 79518.0
36184.0 79236.0

17516.0 85837.0
17713.0 84652.0
17945.0 84580.0
18092.0 81650.0
18526.0 81342.0
18596.0 81007.0
19912.0 80983.0
21266.0 80980.0
21342.0 80598.0
21657.0 80508.0
21708.0 80458.0
24592.0 80420.0
24750.0 80369.0
24801.0 80335.0
25513.0 79943.0
28763.0 79660.0
35608.0 79518.0
36184.0 79236.0

17516.0 85837.0
17713.0 84652.0
17945.0 84580.0
18092.0 81650.0
18526.0 81342.0
18596.0 81007.0
19912.0 80983.0
21266.0 80980.0
21342.0 80598.0
21657.0 80508.0
21708.0 80458.0
24592.0 80420.0
24750.0 80369.0
24801.0 80335.0
25513.0 79943.0
28763.0 79660.0
35608.0 79518.0
36184.0 79236.0

17516.0 85837.0
17713.0 84652.0
17945.0 84580.0
18092.0 81650.0
18526.0 81342.0
18596.0 81007.0
19912.0 80983.0
21266.0 80980.0
21342.0 80598.0
21657.0 80508.0
21708.0 80458.0
24592.0 80420.0
24750.0 80369.0
24801.0 80335.0
25513.0 79943.0
28763.0 79660.0
35608.0 79518.0
36184.0 79236.0

17516.0 85837.0
17713.0 84652.0
17945.0 84580.0
18092.0 81650.0
18526.0 81342.0
18596.0 81007.0
19912.0 80983.0
21266.0 80980.0
21342.0 80598.0
21657.0 80508.0
21708.0 80458.0
24592.0 80420.0
24750.0 80369.0
24801.0 80335.0
25513.0 79943.0
28763.0 79660.0
35608.0 79518.0
36184.0 79236.0

17516.0 85837.0
17713.0 84652.0
17945.0 84580.0
18092.0 81650.0
18526.0 81342.0
18596.0 81007.0
19912.0 80983.0
21266.0 80980.0
21342.0 80598.0
21657.0 80508.0
21708.0 80458.0
24592.0 80420.0
24750.0 80369.0
24801.0 80335.0
25513.0 79943.0
28763.0 79660.0
35608.0 79518.0
36184.0 79236.0

17516.0 85837.0
17713.0 84652.0
17945.0 84580.0
18092.0 81650.0
18526.0 81342.0
18596.0 81007.0
19912.0 80983.0
21266.0 80980.0
21342.0 80598.0
21657.0 80508.0
21708.0 80458.0
24592.0 80420.0
24750.0 80369.0
24801.0 80335.0
25513.0 79943.0
28763.0 79660.0
35608.0 79518.0
36184.0 79236.0

17516.0 85837.0
17713.0 84652.0
17945.0 84580.0
18092.0 81650.0
18526.0 81342.0
18596.0 81007.0
19912.0 80983.0
21266.0 80980.0
21342.0 80598.0
21657.0 80508.0
21708.0 80458.0
24592.0 80420.0
24750.0 80369.0
24801.0 80335.0
25513.0 79943.0
28763.0 79660.0
35608.0 79518.0
36184.0 79236.0


