17745.0 86393.0
18092.0 81405.0
18545.0 81383.0
18596.0 80843.0
19912.0 80779.0
21266.0 80776.0
21342.0 80407.0
21708.0 80103.0
24516.0 80100.0
24592.0 79995.0
24750.0 79973.0
25513.0 79738.0
27766.0 79717.0
28763.0 79416.0
31937.0 79395.0
32013.0 79331.0
32934.0 79214.0
35263.0 79066.0
36184.0 78892.0
42684.0 78880.0
43605.0 78610.0
46779.0 78563.0
46855.0 78527.0

16023.0 101835.0
16156.0 100389.0
16495.0 96088.0
17492.0 92080.0
17923.0 87998.0
18092.0 85995.0
18513.0 85754.0
18596.0 84913.0
19146.0 84711.0
19379.0 84596.0
19471.0 83866.0
20345.0 82811.0
21638.0 82350.0
21689.0 81989.0
21708.0 81663.0
24731.0 81413.0
25513.0 80720.0
32934.0 80530.0
39358.0 80336.0
39434.0 79691.0
63874.0 77944.0

20489.0 100741.0
21364.0 95567.0
21708.0 93676.0
22716.0 92431.0
24150.0 89335.0

20489.0 100448.0
21089.0 89916.0
24150.0 89335.0

18092.0 81236.0
18545.0 81214.0
18596.0 80927.0
19912.0 80751.0
21266.0 80748.0
21342.0 80413.0
21708.0 80082.0
24516.0 80079.0
24592.0 79956.0
24820.0 79890.0
27842.0 79764.0
27894.0 79641.0
27913.0 79640.0
28763.0 79331.0
31937.0 79328.0
32013.0 79301.0
32934.0 79255.0
35187.0 79234.0
36184.0 78814.0
43605.0 78719.0
46279.0 78704.0

17145.0 86068.0
17171.0 85118.0
17492.0 85102.0
17745.0 82918.0
18016.0 82848.0
18092.0 81676.0
18545.0 80945.0
18596.0 80832.0
19912.0 80792.0
21266.0 80736.0
21342.0 80648.0
21708.0 80457.0
24516.0 80405.0
24592.0 80204.0
25513.0 80107.0
28687.0 80099.0
28763.0 80051.0
32013.0 79824.0
36184.0 79775.0
39434.0 79593.0

17145.0 86068.0
17171.0 85118.0
17492.0 85102.0
17745.0 82918.0
18016.0 82848.0
18092.0 81676.0
18545.0 80945.0
18596.0 80832.0
19912.0 80792.0
21266.0 80736.0
21342.0 80648.0
21708.0 80457.0
24516.0 80405.0
24592.0 80204.0
25513.0 80107.0
28687.0 80099.0
28763.0 80051.0
32013.0 79824.0
36184.0 79775.0
39434.0 79593.0

17145.0 86068.0
17171.0 85118.0
17492.0 85102.0
17745.0 82918.0
18016.0 82848.0
18092.0 81676.0
18545.0 80945.0
18596.0 80832.0
19912.0 80792.0
21266.0 80736.0
21342.0 80648.0
21708.0 80457.0
24516.0 80405.0
24592.0 80204.0
25513.0 80107.0
28687.0 80099.0
28763.0 80051.0
32013.0 79824.0
36184.0 79775.0
39434.0 79593.0

17145.0 86068.0
17171.0 85118.0
17492.0 85102.0
17745.0 82918.0
18016.0 82848.0
18092.0 81676.0
18545.0 80945.0
18596.0 80832.0
19912.0 80792.0
21266.0 80736.0
21342.0 80648.0
21708.0 80457.0
24516.0 80405.0
24592.0 80204.0
25513.0 80107.0
28687.0 80099.0
28763.0 80051.0
32013.0 79824.0
36184.0 79775.0
39434.0 79593.0

17145.0 86068.0
17171.0 85118.0
17492.0 85102.0
17745.0 82918.0
18016.0 82848.0
18092.0 81676.0
18545.0 80945.0
18596.0 80832.0
19912.0 80792.0
21266.0 80736.0
21342.0 80648.0
21708.0 80457.0
24516.0 80405.0
24592.0 80204.0
25513.0 80107.0
28687.0 80099.0
28763.0 80051.0
32013.0 79824.0
36184.0 79775.0
39434.0 79593.0

17145.0 86068.0
17171.0 85118.0
17492.0 85102.0
17745.0 82918.0
18016.0 82848.0
18092.0 81676.0
18545.0 80945.0
18596.0 80832.0
19912.0 80792.0
21266.0 80736.0
21342.0 80648.0
21708.0 80457.0
24516.0 80405.0
24592.0 80204.0
25513.0 80107.0
28687.0 80099.0
28763.0 80051.0
32013.0 79824.0
36184.0 79775.0
39434.0 79593.0

17145.0 86068.0
17171.0 85118.0
17492.0 85102.0
17745.0 82918.0
18016.0 82848.0
18092.0 81676.0
18545.0 80945.0
18596.0 80832.0
19912.0 80792.0
21266.0 80736.0
21342.0 80648.0
21708.0 80457.0
24516.0 80405.0
24592.0 80204.0
25513.0 80107.0
28687.0 80099.0
28763.0 80051.0
32013.0 79824.0
36184.0 79775.0
39434.0 79593.0

17145.0 86068.0
17171.0 85118.0
17492.0 85102.0
17745.0 82918.0
18016.0 82848.0
18092.0 81676.0
18545.0 80945.0
18596.0 80832.0
19912.0 80792.0
21266.0 80736.0
21342.0 80648.0
21708.0 80457.0
24516.0 80405.0
24592.0 80204.0
25513.0 80107.0
28687.0 80099.0
28763.0 80051.0
32013.0 79824.0
36184.0 79775.0
39434.0 79593.0

17145.0 86068.0
17171.0 85118.0
17492.0 85102.0
17745.0 82918.0
18016.0 82848.0
18092.0 81676.0
18545.0 80945.0
18596.0 80832.0
19912.0 80792.0
21266.0 80736.0
21342.0 80648.0
21708.0 80457.0
24516.0 80405.0
24592.0 80204.0
25513.0 80107.0
28687.0 80099.0
28763.0 80051.0
32013.0 79824.0
36184.0 79775.0
39434.0 79593.0

17145.0 86068.0
17171.0 85118.0
17492.0 85102.0
17745.0 82918.0
18016.0 82848.0
18092.0 81676.0
18545.0 80945.0
18596.0 80832.0
19912.0 80792.0
21266.0 80736.0
21342.0 80648.0
21708.0 80457.0
24516.0 80405.0
24592.0 80204.0
25513.0 80107.0
28687.0 80099.0
28763.0 80051.0
32013.0 79824.0
36184.0 79775.0
39434.0 79593.0


