17492.0 86372.0
17516.0 86352.0
17675.0 86163.0
18016.0 85246.0
18092.0 84279.0
18615.0 81263.0
20387.0 81233.0
21266.0 81230.0
21342.0 80685.0
21708.0 80227.0
24516.0 80224.0
24592.0 80100.0
24801.0 80035.0
25513.0 80017.0
27766.0 79994.0
27913.0 79934.0
28687.0 79931.0
28763.0 79454.0
31937.0 79453.0
32013.0 79413.0
32934.0 79288.0
36184.0 78983.0
39358.0 78980.0
39434.0 78857.0
43605.0 78844.0
46779.0 78754.0

16515.0 99281.0
17095.0 93273.0
17745.0 92021.0
18092.0 84790.0
18545.0 83967.0
18596.0 83603.0
19769.0 82659.0
21342.0 81790.0
25437.0 81632.0
27792.0 81331.0
28763.0 80719.0
36108.0 80605.0
39358.0 80476.0
39434.0 80416.0
46855.0 80145.0
63874.0 77944.0

18922.0 100150.0
20112.0 93312.0
25513.0 90936.0
28163.0 88502.0

18922.0 99496.0
20112.0 93312.0
22263.0 92967.0
23950.0 91668.0
25513.0 90807.0
26643.0 89007.0
28163.0 88502.0

17996.0 86817.0
18092.0 82120.0
18545.0 82103.0
18596.0 81444.0
19112.0 80866.0
19912.0 80796.0
21266.0 80750.0
21342.0 80543.0
21708.0 80291.0
24516.0 80288.0
24592.0 80196.0
24801.0 80040.0
25513.0 79817.0
27894.0 79709.0
28687.0 79708.0
28763.0 79457.0
31437.0 79436.0
31937.0 79357.0
32013.0 79354.0
32934.0 79131.0
36184.0 78879.0
40355.0 78574.0
43605.0 78515.0
51026.0 78486.0
54276.0 78426.0

16956.0 94851.0
17269.0 89058.0
17492.0 84933.0
18092.0 81594.0
18545.0 81501.0
18596.0 81355.0
19912.0 81275.0
21266.0 81215.0
21342.0 80652.0
21657.0 80434.0
24592.0 80286.0
25513.0 80094.0
28687.0 80002.0
28763.0 79878.0
29684.0 79832.0
36184.0 79749.0
37105.0 79456.0
44526.0 79165.0

16956.0 94851.0
17269.0 89058.0
17492.0 84933.0
18092.0 81594.0
18545.0 81501.0
18596.0 81355.0
19912.0 81275.0
21266.0 81215.0
21342.0 80652.0
21657.0 80434.0
24592.0 80286.0
25513.0 80094.0
28687.0 80002.0
28763.0 79878.0
29684.0 79832.0
36184.0 79749.0
37105.0 79456.0
44526.0 79165.0

16956.0 94851.0
17269.0 89058.0
17492.0 84933.0
18092.0 81594.0
18545.0 81501.0
18596.0 81355.0
19912.0 81275.0
21266.0 81215.0
21342.0 80652.0
21657.0 80434.0
24592.0 80286.0
25513.0 80094.0
28687.0 80002.0
28763.0 79878.0
29684.0 79832.0
36184.0 79749.0
37105.0 79456.0
44526.0 79165.0

16956.0 94851.0
17269.0 89058.0
17492.0 84933.0
18092.0 81594.0
18545.0 81501.0
18596.0 81355.0
19912.0 81275.0
21266.0 81215.0
21342.0 80652.0
21657.0 80434.0
24592.0 80286.0
25513.0 80094.0
28687.0 80002.0
28763.0 79878.0
29684.0 79832.0
36184.0 79749.0
37105.0 79456.0
44526.0 79165.0

16956.0 94851.0
17269.0 89058.0
17492.0 84933.0
18092.0 81594.0
18545.0 81501.0
18596.0 81355.0
19912.0 81275.0
21266.0 81215.0
21342.0 80652.0
21657.0 80434.0
24592.0 80286.0
25513.0 80094.0
28687.0 80002.0
28763.0 79878.0
29684.0 79832.0
36184.0 79749.0
37105.0 79456.0
44526.0 79165.0

16956.0 94851.0
17269.0 89058.0
17492.0 84933.0
18092.0 81594.0
18545.0 81501.0
18596.0 81355.0
19912.0 81275.0
21266.0 81215.0
21342.0 80652.0
21657.0 80434.0
24592.0 80286.0
25513.0 80094.0
28687.0 80002.0
28763.0 79878.0
29684.0 79832.0
36184.0 79749.0
37105.0 79456.0
44526.0 79165.0

16956.0 94851.0
17269.0 89058.0
17492.0 84933.0
18092.0 81594.0
18545.0 81501.0
18596.0 81355.0
19912.0 81275.0
21266.0 81215.0
21342.0 80652.0
21657.0 80434.0
24592.0 80286.0
25513.0 80094.0
28687.0 80002.0
28763.0 79878.0
29684.0 79832.0
36184.0 79749.0
37105.0 79456.0
44526.0 79165.0

16956.0 94851.0
17269.0 89058.0
17492.0 84933.0
18092.0 81594.0
18545.0 81501.0
18596.0 81355.0
19912.0 81275.0
21266.0 81215.0
21342.0 80652.0
21657.0 80434.0
24592.0 80286.0
25513.0 80094.0
28687.0 80002.0
28763.0 79878.0
29684.0 79832.0
36184.0 79749.0
37105.0 79456.0
44526.0 79165.0

16956.0 94851.0
17269.0 89058.0
17492.0 84933.0
18092.0 81594.0
18545.0 81501.0
18596.0 81355.0
19912.0 81275.0
21266.0 81215.0
21342.0 80652.0
21657.0 80434.0
24592.0 80286.0
25513.0 80094.0
28687.0 80002.0
28763.0 79878.0
29684.0 79832.0
36184.0 79749.0
37105.0 79456.0
44526.0 79165.0

16956.0 94851.0
17269.0 89058.0
17492.0 84933.0
18092.0 81594.0
18545.0 81501.0
18596.0 81355.0
19912.0 81275.0
21266.0 81215.0
21342.0 80652.0
21657.0 80434.0
24592.0 80286.0
25513.0 80094.0
28687.0 80002.0
28763.0 79878.0
29684.0 79832.0
36184.0 79749.0
37105.0 79456.0
44526.0 79165.0


