17996.0 85972.0
18092.0 81402.0
18545.0 81292.0
18596.0 81083.0
19912.0 81019.0
21266.0 81016.0
21342.0 80823.0
21708.0 80594.0
22263.0 80451.0
24516.0 80320.0
24592.0 80303.0
24801.0 80015.0
25513.0 79863.0
27043.0 79798.0
27894.0 79734.0
27913.0 79683.0
28763.0 79430.0
31937.0 79401.0
32934.0 79209.0
36184.0 79119.0
40355.0 78996.0
42684.0 78738.0
47776.0 78537.0
53279.0 78362.0

16290.0 103162.0
16515.0 100571.0
16745.0 97745.0
16847.0 97078.0
17345.0 96346.0
17670.0 89037.0
18092.0 86384.0
18513.0 85624.0
18615.0 84126.0
21266.0 82670.0
21708.0 82260.0
23950.0 82255.0
24592.0 81979.0
24801.0 81741.0
25513.0 81717.0
27690.0 81681.0
27913.0 81570.0
28187.0 81048.0
28763.0 80495.0
40279.0 80201.0
40355.0 79832.0
50950.0 79693.0
63874.0 77944.0

18016.0 104551.0
18092.0 98094.0
20178.0 97912.0
20387.0 95182.0
22263.0 91193.0
24976.0 90767.0
29755.0 87686.0
45858.0 87636.0

18016.0 104551.0
18092.0 98094.0
20178.0 97912.0
20387.0 95182.0
22263.0 91193.0
24976.0 90767.0
25890.0 87697.0
29755.0 87686.0
37237.0 87372.0

17492.0 89587.0
18092.0 82257.0
18545.0 81870.0
18596.0 81819.0
18615.0 81027.0
19587.0 80985.0
19912.0 80850.0
20387.0 80810.0
21342.0 80328.0
21708.0 80028.0
24516.0 80025.0
24592.0 79933.0
24820.0 79918.0
25513.0 79701.0
27766.0 79700.0
27842.0 79665.0
28763.0 79409.0
31937.0 79408.0
32013.0 79373.0
32934.0 79156.0
35263.0 79144.0
36184.0 78923.0
39358.0 78922.0
39434.0 78808.0
40355.0 78685.0
43605.0 78626.0

17345.0 91328.0
17492.0 84844.0
17996.0 84325.0
18016.0 84322.0
18092.0 81980.0
18596.0 81380.0
18615.0 81378.0
19946.0 81366.0
20387.0 81354.0
21266.0 81353.0
21342.0 80804.0
21708.0 80735.0
24592.0 80540.0
24801.0 80263.0
25513.0 80164.0
27766.0 80156.0
28763.0 79963.0
36184.0 79804.0

17345.0 91328.0
17492.0 84844.0
17996.0 84325.0
18016.0 84322.0
18092.0 81980.0
18596.0 81380.0
18615.0 81378.0
19946.0 81366.0
20387.0 81354.0
21266.0 81353.0
21342.0 80804.0
21708.0 80735.0
24592.0 80540.0
24801.0 80263.0
25513.0 80164.0
27766.0 80156.0
28763.0 79963.0
36184.0 79804.0

17345.0 91328.0
17492.0 84844.0
17996.0 84325.0
18016.0 84322.0
18092.0 81980.0
18596.0 81380.0
18615.0 81378.0
19946.0 81366.0
20387.0 81354.0
21266.0 81353.0
21342.0 80804.0
21708.0 80735.0
24592.0 80540.0
24801.0 80263.0
25513.0 80164.0
27766.0 80156.0
28763.0 79963.0
36184.0 79804.0

17345.0 91328.0
17492.0 84844.0
17996.0 84325.0
18016.0 84322.0
18092.0 81980.0
18596.0 81380.0
18615.0 81378.0
19946.0 81366.0
20387.0 81354.0
21266.0 81353.0
21342.0 80804.0
21708.0 80735.0
24592.0 80540.0
24801.0 80263.0
25513.0 80164.0
27766.0 80156.0
28763.0 79963.0
36184.0 79804.0

17345.0 91328.0
17492.0 84844.0
17996.0 84325.0
18016.0 84322.0
18092.0 81980.0
18596.0 81380.0
18615.0 81378.0
19946.0 81366.0
20387.0 81354.0
21266.0 81353.0
21342.0 80804.0
21708.0 80735.0
24592.0 80540.0
24801.0 80263.0
25513.0 80164.0
27766.0 80156.0
28763.0 79963.0
36184.0 79804.0

17345.0 91328.0
17492.0 84844.0
17996.0 84325.0
18016.0 84322.0
18092.0 81980.0
18596.0 81380.0
18615.0 81378.0
19946.0 81366.0
20387.0 81354.0
21266.0 81353.0
21342.0 80804.0
21708.0 80735.0
24592.0 80540.0
24801.0 80263.0
25513.0 80164.0
27766.0 80156.0
28763.0 79963.0
36184.0 79804.0

17345.0 91328.0
17492.0 84844.0
17996.0 84325.0
18016.0 84322.0
18092.0 81980.0
18596.0 81380.0
18615.0 81378.0
19946.0 81366.0
20387.0 81354.0
21266.0 81353.0
21342.0 80804.0
21708.0 80735.0
24592.0 80540.0
24801.0 80263.0
25513.0 80164.0
27766.0 80156.0
28763.0 79963.0
36184.0 79804.0

17345.0 91328.0
17492.0 84844.0
17996.0 84325.0
18016.0 84322.0
18092.0 81980.0
18596.0 81380.0
18615.0 81378.0
19946.0 81366.0
20387.0 81354.0
21266.0 81353.0
21342.0 80804.0
21708.0 80735.0
24592.0 80540.0
24801.0 80263.0
25513.0 80164.0
27766.0 80156.0
28763.0 79963.0
36184.0 79804.0

17345.0 91328.0
17492.0 84844.0
17996.0 84325.0
18016.0 84322.0
18092.0 81980.0
18596.0 81380.0
18615.0 81378.0
19946.0 81366.0
20387.0 81354.0
21266.0 81353.0
21342.0 80804.0
21708.0 80735.0
24592.0 80540.0
24801.0 80263.0
25513.0 80164.0
27766.0 80156.0
28763.0 79963.0
36184.0 79804.0

17345.0 91328.0
17492.0 84844.0
17996.0 84325.0
18016.0 84322.0
18092.0 81980.0
18596.0 81380.0
18615.0 81378.0
19946.0 81366.0
20387.0 81354.0
21266.0 81353.0
21342.0 80804.0
21708.0 80735.0
24592.0 80540.0
24801.0 80263.0
25513.0 80164.0
27766.0 80156.0
28763.0 79963.0
36184.0 79804.0


