16816.0 87404.0
16956.0 86340.0
16990.0 83316.0
17516.0 82940.0
18092.0 81148.0
18596.0 80690.0
19912.0 80666.0
21266.0 80662.0
21342.0 80318.0
21708.0 80017.0
24516.0 80014.0
24592.0 79831.0
24820.0 79780.0
27766.0 79777.0
27842.0 79744.0
27913.0 79693.0
28763.0 79329.0
32013.0 79144.0
35263.0 79109.0
36184.0 79085.0
39434.0 78940.0

16023.0 104840.0
16156.0 104117.0
16256.0 104047.0
16515.0 99905.0
16870.0 91752.0
17492.0 91195.0
17516.0 88344.0
18092.0 84739.0
18596.0 83341.0
21266.0 83103.0
21342.0 82978.0
21708.0 82512.0
22263.0 82272.0
24592.0 82129.0
24801.0 82072.0
25513.0 81539.0
27843.0 81451.0
28763.0 81034.0
29684.0 80740.0
31937.0 80706.0
32858.0 80188.0
32934.0 80179.0
36184.0 79766.0
42108.0 79706.0
63874.0 77944.0

18122.0 104325.0
18596.0 95077.0
21108.0 94168.0
22020.0 89025.0
28687.0 88946.0

18122.0 104325.0
18596.0 95077.0
21108.0 94168.0
22020.0 89025.0
22950.0 88506.0
28687.0 87917.0
28763.0 87664.0
29684.0 83225.0
29916.0 83025.0
31025.0 82554.0

16990.0 83894.0
17516.0 83191.0
17745.0 82947.0
18016.0 82913.0
18092.0 81747.0
18526.0 81649.0
18596.0 81294.0
19912.0 81267.0
19946.0 81246.0
21266.0 81245.0
21342.0 80575.0
21708.0 80275.0
24516.0 80271.0
24592.0 80112.0
24820.0 79962.0
25513.0 79562.0
28763.0 79409.0
31937.0 79406.0
32013.0 79343.0
32934.0 79096.0
36184.0 78892.0
39434.0 78766.0
43605.0 78583.0
46855.0 78533.0

17095.0 92207.0
17492.0 84262.0
18016.0 83372.0
18092.0 81574.0
18545.0 81451.0
18596.0 81106.0
19912.0 81042.0
21342.0 80290.0
24516.0 80247.0
24801.0 80078.0
28763.0 79489.0
36184.0 79439.0

17095.0 92207.0
17492.0 84262.0
18016.0 83372.0
18092.0 81574.0
18545.0 81451.0
18596.0 81106.0
19912.0 81042.0
21342.0 80290.0
24516.0 80247.0
24801.0 80078.0
28763.0 79489.0
36184.0 79439.0

17095.0 92207.0
17492.0 84262.0
18016.0 83372.0
18092.0 81574.0
18545.0 81451.0
18596.0 81106.0
19912.0 81042.0
21342.0 80290.0
24516.0 80247.0
24801.0 80078.0
28763.0 79489.0
36184.0 79439.0

17095.0 92207.0
17492.0 84262.0
18016.0 83372.0
18092.0 81574.0
18545.0 81451.0
18596.0 81106.0
19912.0 81042.0
21342.0 80290.0
24516.0 80247.0
24801.0 80078.0
28763.0 79489.0
36184.0 79439.0

17095.0 92207.0
17492.0 84262.0
18016.0 83372.0
18092.0 81574.0
18545.0 81451.0
18596.0 81106.0
19912.0 81042.0
21342.0 80290.0
24516.0 80247.0
24801.0 80078.0
28763.0 79489.0
36184.0 79439.0

17095.0 92207.0
17492.0 84262.0
18016.0 83372.0
18092.0 81574.0
18545.0 81451.0
18596.0 81106.0
19912.0 81042.0
21342.0 80290.0
24516.0 80247.0
24801.0 80078.0
28763.0 79489.0
36184.0 79439.0

17095.0 92207.0
17492.0 84262.0
18016.0 83372.0
18092.0 81574.0
18545.0 81451.0
18596.0 81106.0
19912.0 81042.0
21342.0 80290.0
24516.0 80247.0
24801.0 80078.0
28763.0 79489.0
36184.0 79439.0

17095.0 92207.0
17492.0 84262.0
18016.0 83372.0
18092.0 81574.0
18545.0 81451.0
18596.0 81106.0
19912.0 81042.0
21342.0 80290.0
24516.0 80247.0
24801.0 80078.0
28763.0 79489.0
36184.0 79439.0

17095.0 92207.0
17492.0 84262.0
18016.0 83372.0
18092.0 81574.0
18545.0 81451.0
18596.0 81106.0
19912.0 81042.0
21342.0 80290.0
24516.0 80247.0
24801.0 80078.0
28763.0 79489.0
36184.0 79439.0

17095.0 92207.0
17492.0 84262.0
18016.0 83372.0
18092.0 81574.0
18545.0 81451.0
18596.0 81106.0
19912.0 81042.0
21342.0 80290.0
24516.0 80247.0
24801.0 80078.0
28763.0 79489.0
36184.0 79439.0


