17095.0 82991.0
17171.0 82041.0
18545.0 82007.0
18596.0 81830.0
18615.0 81274.0
20387.0 81086.0
21342.0 80426.0
21657.0 80404.0
21708.0 80258.0
24592.0 80029.0
27766.0 80028.0
27862.0 79817.0
28763.0 79371.0
32013.0 79245.0
36184.0 79017.0
43605.0 78792.0

16256.0 98718.0
16290.0 97416.0
16745.0 96797.0
17279.0 93147.0
17396.0 90477.0
17996.0 88391.0
18092.0 87564.0
18513.0 86866.0
18596.0 82890.0
21342.0 82820.0
21657.0 81363.0
28763.0 81223.0
31937.0 80445.0
45782.0 80290.0
50950.0 80269.0
63874.0 77944.0

18922.0 94654.0
23940.0 92176.0

18922.0 94654.0
23392.0 94251.0
23463.0 93766.0
23940.0 92176.0

17492.0 84557.0
18092.0 82221.0
18596.0 81912.0
18615.0 80887.0
19912.0 80847.0
20387.0 80823.0
21342.0 80317.0
21708.0 79950.0
24516.0 79944.0
24592.0 79887.0
24750.0 79872.0
24820.0 79858.0
25513.0 79715.0
27766.0 79714.0
28763.0 79263.0
31937.0 79262.0
32013.0 79186.0
35187.0 79182.0
36184.0 78821.0
40355.0 78719.0
43605.0 78646.0
46855.0 78416.0

17345.0 89558.0
17492.0 85198.0
17726.0 83785.0
18016.0 83666.0
18092.0 81481.0
18526.0 81295.0
18545.0 81273.0
18596.0 80962.0
19112.0 80938.0
20766.0 80923.0
21266.0 80891.0
21342.0 80812.0
21638.0 80809.0
21708.0 80752.0
22263.0 80642.0
24592.0 80625.0
24801.0 80606.0
25513.0 79828.0
32934.0 79718.0
43605.0 79442.0

17345.0 89558.0
17492.0 85198.0
17726.0 83785.0
18016.0 83666.0
18092.0 81481.0
18526.0 81295.0
18545.0 81273.0
18596.0 80962.0
19112.0 80938.0
20766.0 80923.0
21266.0 80891.0
21342.0 80812.0
21638.0 80809.0
21708.0 80752.0
22263.0 80642.0
24592.0 80625.0
24801.0 80606.0
25513.0 79828.0
32934.0 79718.0
43605.0 79442.0

17345.0 89558.0
17492.0 85198.0
17726.0 83785.0
18016.0 83666.0
18092.0 81481.0
18526.0 81295.0
18545.0 81273.0
18596.0 80962.0
19112.0 80938.0
20766.0 80923.0
21266.0 80891.0
21342.0 80812.0
21638.0 80809.0
21708.0 80752.0
22263.0 80642.0
24592.0 80625.0
24801.0 80606.0
25513.0 79828.0
32934.0 79718.0
43605.0 79442.0

17345.0 89558.0
17492.0 85198.0
17726.0 83785.0
18016.0 83666.0
18092.0 81481.0
18526.0 81295.0
18545.0 81273.0
18596.0 80962.0
19112.0 80938.0
20766.0 80923.0
21266.0 80891.0
21342.0 80812.0
21638.0 80809.0
21708.0 80752.0
22263.0 80642.0
24592.0 80625.0
24801.0 80606.0
25513.0 79828.0
32934.0 79718.0
43605.0 79442.0

17345.0 89558.0
17492.0 85198.0
17726.0 83785.0
18016.0 83666.0
18092.0 81481.0
18526.0 81295.0
18545.0 81273.0
18596.0 80962.0
19112.0 80938.0
20766.0 80923.0
21266.0 80891.0
21342.0 80812.0
21638.0 80809.0
21708.0 80752.0
22263.0 80642.0
24592.0 80625.0
24801.0 80606.0
25513.0 79828.0
32934.0 79718.0
43605.0 79442.0

17345.0 89558.0
17492.0 85198.0
17726.0 83785.0
18016.0 83666.0
18092.0 81481.0
18526.0 81295.0
18545.0 81273.0
18596.0 80962.0
19112.0 80938.0
20766.0 80923.0
21266.0 80891.0
21342.0 80812.0
21638.0 80809.0
21708.0 80752.0
22263.0 80642.0
24592.0 80625.0
24801.0 80606.0
25513.0 79828.0
32934.0 79718.0
43605.0 79442.0

17345.0 89558.0
17492.0 85198.0
17726.0 83785.0
18016.0 83666.0
18092.0 81481.0
18526.0 81295.0
18545.0 81273.0
18596.0 80962.0
19112.0 80938.0
20766.0 80923.0
21266.0 80891.0
21342.0 80812.0
21638.0 80809.0
21708.0 80752.0
22263.0 80642.0
24592.0 80625.0
24801.0 80606.0
25513.0 79828.0
32934.0 79718.0
43605.0 79442.0

17345.0 89558.0
17492.0 85198.0
17726.0 83785.0
18016.0 83666.0
18092.0 81481.0
18526.0 81295.0
18545.0 81273.0
18596.0 80962.0
19112.0 80938.0
20766.0 80923.0
21266.0 80891.0
21342.0 80812.0
21638.0 80809.0
21708.0 80752.0
22263.0 80642.0
24592.0 80625.0
24801.0 80606.0
25513.0 79828.0
32934.0 79718.0
43605.0 79442.0

17345.0 89558.0
17492.0 85198.0
17726.0 83785.0
18016.0 83666.0
18092.0 81481.0
18526.0 81295.0
18545.0 81273.0
18596.0 80962.0
19112.0 80938.0
20766.0 80923.0
21266.0 80891.0
21342.0 80812.0
21638.0 80809.0
21708.0 80752.0
22263.0 80642.0
24592.0 80625.0
24801.0 80606.0
25513.0 79828.0
32934.0 79718.0
43605.0 79442.0

17345.0 89558.0
17492.0 85198.0
17726.0 83785.0
18016.0 83666.0
18092.0 81481.0
18526.0 81295.0
18545.0 81273.0
18596.0 80962.0
19112.0 80938.0
20766.0 80923.0
21266.0 80891.0
21342.0 80812.0
21638.0 80809.0
21708.0 80752.0
22263.0 80642.0
24592.0 80625.0
24801.0 80606.0
25513.0 79828.0
32934.0 79718.0
43605.0 79442.0


