18092.0 81528.0
18545.0 81489.0
18596.0 81345.0
18615.0 81344.0
19946.0 81287.0
20387.0 81182.0
21266.0 81181.0
21342.0 80524.0
21708.0 80105.0
24516.0 80102.0
24592.0 79957.0
24820.0 79904.0
25513.0 79674.0
28763.0 79355.0
32013.0 79237.0
32934.0 79148.0
36184.0 78889.0
39358.0 78886.0
39434.0 78771.0
42684.0 78735.0
46855.0 78589.0

16136.0 101334.0
16290.0 98992.0
16515.0 96353.0
16990.0 91420.0
17516.0 86437.0
18526.0 85610.0
18596.0 84283.0
18856.0 84185.0
19146.0 83633.0
19313.0 83017.0
21342.0 82680.0
22263.0 82367.0
23531.0 82120.0
24699.0 81888.0
24801.0 81834.0
25513.0 81280.0
29684.0 81017.0
31937.0 80943.0
32358.0 80737.0
36184.0 80699.0
38361.0 80318.0
41611.0 80175.0
49032.0 79758.0
56453.0 78762.0
63874.0 77944.0

18122.0 101764.0
20066.0 101620.0
20438.0 97789.0
20690.0 97462.0
21708.0 94876.0
22263.0 93654.0
23416.0 91460.0
27043.0 90538.0

18122.0 101764.0
20066.0 101620.0
20438.0 97789.0
20690.0 97462.0
20955.0 93458.0
21021.0 92750.0
21108.0 91344.0
23316.0 90257.0
25513.0 90039.0
30737.0 89818.0
31437.0 89041.0
35608.0 88824.0

18016.0 83420.0
18092.0 81707.0
18545.0 81626.0
18596.0 81509.0
18615.0 80908.0
19912.0 80898.0
20387.0 80874.0
21266.0 80834.0
21342.0 80281.0
21708.0 80103.0
24516.0 80101.0
24592.0 79938.0
27843.0 79931.0
28763.0 79346.0
32013.0 79309.0
36184.0 79171.0
39434.0 79078.0
43605.0 78867.0

17095.0 90829.0
17171.0 84168.0
17492.0 83886.0
17516.0 82282.0
18092.0 81809.0
18526.0 81640.0
18596.0 81259.0
19247.0 81213.0
19912.0 81189.0
20345.0 81138.0
21342.0 80668.0
21708.0 80657.0
24592.0 80378.0
25513.0 80312.0
27766.0 80268.0
28763.0 79891.0
32934.0 79435.0
36184.0 79189.0

17095.0 90829.0
17171.0 84168.0
17492.0 83886.0
17516.0 82282.0
18092.0 81809.0
18526.0 81640.0
18596.0 81259.0
19247.0 81213.0
19912.0 81189.0
20345.0 81138.0
21342.0 80668.0
21708.0 80657.0
24592.0 80378.0
25513.0 80312.0
27766.0 80268.0
28763.0 79891.0
32934.0 79435.0
36184.0 79189.0

17095.0 90829.0
17171.0 84168.0
17492.0 83886.0
17516.0 82282.0
18092.0 81809.0
18526.0 81640.0
18596.0 81259.0
19247.0 81213.0
19912.0 81189.0
20345.0 81138.0
21342.0 80668.0
21708.0 80657.0
24592.0 80378.0
25513.0 80312.0
27766.0 80268.0
28763.0 79891.0
32934.0 79435.0
36184.0 79189.0

17095.0 90829.0
17171.0 84168.0
17492.0 83886.0
17516.0 82282.0
18092.0 81809.0
18526.0 81640.0
18596.0 81259.0
19247.0 81213.0
19912.0 81189.0
20345.0 81138.0
21342.0 80668.0
21708.0 80657.0
24592.0 80378.0
25513.0 80312.0
27766.0 80268.0
28763.0 79891.0
32934.0 79435.0
36184.0 79189.0

17095.0 90829.0
17171.0 84168.0
17492.0 83886.0
17516.0 82282.0
18092.0 81809.0
18526.0 81640.0
18596.0 81259.0
19247.0 81213.0
19912.0 81189.0
20345.0 81138.0
21342.0 80668.0
21708.0 80657.0
24592.0 80378.0
25513.0 80312.0
27766.0 80268.0
28763.0 79891.0
32934.0 79435.0
36184.0 79189.0

17095.0 90829.0
17171.0 84168.0
17492.0 83886.0
17516.0 82282.0
18092.0 81809.0
18526.0 81640.0
18596.0 81259.0
19247.0 81213.0
19912.0 81189.0
20345.0 81138.0
21342.0 80668.0
21708.0 80657.0
24592.0 80378.0
25513.0 80312.0
27766.0 80268.0
28763.0 79891.0
32934.0 79435.0
36184.0 79189.0

17095.0 90829.0
17171.0 84168.0
17492.0 83886.0
17516.0 82282.0
18092.0 81809.0
18526.0 81640.0
18596.0 81259.0
19247.0 81213.0
19912.0 81189.0
20345.0 81138.0
21342.0 80668.0
21708.0 80657.0
24592.0 80378.0
25513.0 80312.0
27766.0 80268.0
28763.0 79891.0
32934.0 79435.0
36184.0 79189.0

17095.0 90829.0
17171.0 84168.0
17492.0 83886.0
17516.0 82282.0
18092.0 81809.0
18526.0 81640.0
18596.0 81259.0
19247.0 81213.0
19912.0 81189.0
20345.0 81138.0
21342.0 80668.0
21708.0 80657.0
24592.0 80378.0
25513.0 80312.0
27766.0 80268.0
28763.0 79891.0
32934.0 79435.0
36184.0 79189.0

17095.0 90829.0
17171.0 84168.0
17492.0 83886.0
17516.0 82282.0
18092.0 81809.0
18526.0 81640.0
18596.0 81259.0
19247.0 81213.0
19912.0 81189.0
20345.0 81138.0
21342.0 80668.0
21708.0 80657.0
24592.0 80378.0
25513.0 80312.0
27766.0 80268.0
28763.0 79891.0
32934.0 79435.0
36184.0 79189.0

17095.0 90829.0
17171.0 84168.0
17492.0 83886.0
17516.0 82282.0
18092.0 81809.0
18526.0 81640.0
18596.0 81259.0
19247.0 81213.0
19912.0 81189.0
20345.0 81138.0
21342.0 80668.0
21708.0 80657.0
24592.0 80378.0
25513.0 80312.0
27766.0 80268.0
28763.0 79891.0
32934.0 79435.0
36184.0 79189.0


