18092.0 122824.0
18545.0 122761.0
18596.0 122218.0
19912.0 121578.0
21266.0 121535.0
21342.0 121113.0
21708.0 120235.0
24516.0 120232.0
24592.0 119959.0
24750.0 119942.0
25513.0 119749.0
27913.0 119647.0
28763.0 119066.0
32013.0 118990.0
32934.0 118720.0
36184.0 118198.0
39434.0 118121.0
43605.0 118063.0

18016.0 138564.0
18092.0 124071.0
18545.0 122809.0
18596.0 121834.0
19912.0 121810.0
19946.0 121753.0
20421.0 121608.0
21266.0 121566.0
21342.0 121040.0
21708.0 120556.0
24516.0 120531.0
24592.0 120495.0
25513.0 120210.0
28763.0 120024.0
31937.0 119987.0
32013.0 119751.0
35111.0 119750.0
35263.0 119727.0
36184.0 119435.0
39434.0 119426.0
43605.0 119385.0

18016.0 138564.0
18092.0 124071.0
18545.0 122589.0
18596.0 121834.0
18615.0 121756.0
19912.0 121732.0
20421.0 121608.0
21266.0 121566.0
21342.0 121040.0
21657.0 121023.0
21708.0 120556.0
24516.0 120531.0
24592.0 120495.0
25513.0 120210.0
28763.0 120024.0
31937.0 119987.0
32013.0 119751.0
32934.0 119707.0
36184.0 119368.0
40355.0 119215.0

17996.0 138460.0
18092.0 123365.0
18545.0 122129.0
18596.0 121663.0
18615.0 121502.0
19912.0 121478.0
20387.0 121333.0
21266.0 121308.0
21342.0 120895.0
21708.0 120532.0
24516.0 120531.0
24592.0 120311.0
25513.0 120210.0
27766.0 120209.0
27842.0 119962.0
28763.0 119619.0
32013.0 119560.0
35263.0 119283.0
36184.0 119279.0

18016.0 132457.0
18092.0 124071.0
18545.0 122129.0
18596.0 121820.0
19912.0 121810.0
19946.0 121753.0
20421.0 121584.0
21266.0 121566.0
21342.0 120852.0
21708.0 120325.0
24592.0 119904.0
24750.0 119892.0
27913.0 119889.0
28763.0 119695.0
32013.0 119070.0
39434.0 118727.0

17996.0 138460.0
18092.0 124071.0
18545.0 122194.0
18596.0 121773.0
18615.0 121373.0
20387.0 121333.0
21266.0 121308.0
21342.0 120793.0
21708.0 120309.0
24592.0 120248.0
25513.0 120085.0
28763.0 119742.0
32013.0 119611.0
35263.0 119595.0
35608.0 119546.0
36184.0 119279.0
40355.0 119215.0

18016.0 138564.0
18092.0 123044.0
18545.0 121998.0
18596.0 121773.0
18615.0 121726.0
19912.0 121702.0
20345.0 121677.0
20421.0 121347.0
21266.0 121344.0
21342.0 121032.0
21657.0 121023.0
21708.0 120556.0
24016.0 120546.0
24516.0 120376.0
24592.0 120201.0
27842.0 120158.0
28763.0 119691.0
32013.0 119644.0
35187.0 119529.0
36184.0 119236.0
43605.0 119186.0

18016.0 138564.0
18092.0 124071.0
18545.0 121922.0
18596.0 121548.0
19912.0 121524.0
21266.0 121374.0
21342.0 120885.0
21708.0 120556.0
24016.0 120546.0
24516.0 120376.0
24592.0 120341.0
24801.0 120330.0
25513.0 120210.0
27842.0 120105.0
28763.0 119448.0
32013.0 119411.0
43605.0 119385.0

18016.0 132457.0
18092.0 123016.0
18545.0 121998.0
18596.0 121773.0
18615.0 121397.0
20387.0 121373.0
21266.0 121354.0
21342.0 120923.0
21708.0 120440.0
24516.0 120376.0
24592.0 120341.0
24801.0 120330.0
25513.0 120210.0
27842.0 120158.0
28763.0 119907.0
31437.0 119624.0
35187.0 119529.0
36184.0 119331.0
40355.0 119302.0

17996.0 138179.0
18092.0 124071.0
18545.0 122469.0
18596.0 121548.0
18615.0 121447.0
19912.0 121423.0
20345.0 121398.0
21266.0 121380.0
21342.0 120680.0
21708.0 120349.0
24592.0 120201.0
24750.0 120193.0
25513.0 120053.0
28687.0 120027.0
28763.0 119448.0
32013.0 119411.0
36184.0 119188.0
43605.0 119138.0

18016.0 138564.0
18092.0 122935.0
18545.0 122560.0
18596.0 121773.0
18615.0 121535.0
19912.0 121511.0
20421.0 121363.0
21266.0 121342.0
21342.0 120958.0
21657.0 120865.0
21708.0 120532.0
24516.0 120531.0
24592.0 120051.0
25513.0 119899.0
27894.0 119593.0
28763.0 119537.0
35263.0 119326.0
39358.0 119298.0
43605.0 119143.0


