18092.0 124093.0
18596.0 122661.0
18615.0 121337.0
19912.0 121297.0
20387.0 121249.0
20421.0 121213.0
21266.0 121210.0
21342.0 120813.0
21638.0 120812.0
22263.0 120671.0
24516.0 120650.0
24592.0 120316.0
25513.0 119837.0
27894.0 119657.0
28687.0 119642.0
28763.0 119191.0
31937.0 119094.0
32934.0 119002.0
35187.0 118905.0
36108.0 118841.0
36184.0 118543.0
39358.0 118267.0
43605.0 118095.0
46855.0 117989.0
47776.0 117976.0
51026.0 117971.0

18016.0 128016.0
18092.0 123892.0
18545.0 122880.0
18596.0 122082.0
19146.0 122024.0
19946.0 121943.0
20345.0 121912.0
21302.0 121881.0
21342.0 121269.0
21708.0 120897.0
24516.0 120843.0
24592.0 120409.0
27766.0 120348.0
28687.0 120271.0
28763.0 119709.0
32013.0 119417.0
36184.0 119392.0
39434.0 118929.0

18016.0 128016.0
18092.0 123892.0
18545.0 122880.0
18596.0 122082.0
19146.0 122024.0
19946.0 121943.0
20345.0 121912.0
21302.0 121765.0
21342.0 121269.0
21708.0 120767.0
24592.0 120409.0
27766.0 120312.0
28687.0 120271.0
28763.0 119709.0
32013.0 119417.0
36184.0 119184.0
39434.0 118929.0

18016.0 128016.0
18092.0 123892.0
18545.0 122880.0
18596.0 121907.0
19112.0 121784.0
19912.0 121714.0
21266.0 121689.0
21342.0 120920.0
21689.0 120880.0
21708.0 120664.0
24592.0 120369.0
25513.0 120244.0
28763.0 119653.0
32013.0 119417.0
36184.0 119235.0
39434.0 118929.0

18016.0 128016.0
18092.0 123611.0
18545.0 122880.0
18596.0 121041.0
21266.0 121016.0
21342.0 120669.0
21708.0 120554.0
24516.0 120445.0
24592.0 120148.0
24820.0 120128.0
25513.0 119942.0
28687.0 119938.0
28763.0 119461.0
32013.0 119417.0
32934.0 119386.0
35187.0 119109.0
39434.0 118929.0

17612.0 131456.0
17745.0 129774.0
18016.0 128016.0
18092.0 122917.0
18526.0 122242.0
18545.0 122225.0
18596.0 121677.0
19946.0 121315.0
20766.0 121307.0
21266.0 121244.0
21342.0 120705.0
21638.0 120687.0
21657.0 120670.0
21708.0 120354.0
24592.0 120259.0
25513.0 120173.0
27043.0 120115.0
28687.0 119805.0
28763.0 119499.0
32013.0 119199.0
36184.0 119080.0
38858.0 119066.0
39434.0 118929.0

18016.0 128016.0
18092.0 123892.0
18545.0 122880.0
18596.0 122082.0
19146.0 122024.0
19946.0 121767.0
20766.0 121759.0
21266.0 121538.0
21342.0 121075.0
21638.0 121013.0
21708.0 120767.0
22263.0 120746.0
24592.0 120409.0
27766.0 120312.0
28687.0 120271.0
28763.0 119709.0
32013.0 119417.0
36184.0 119167.0
39434.0 118929.0

18016.0 128016.0
18092.0 122572.0
18545.0 122550.0
18596.0 121651.0
19912.0 121546.0
21266.0 121437.0
21342.0 120852.0
21708.0 120186.0
24592.0 120127.0
25513.0 120102.0
28687.0 119967.0
28763.0 119411.0
31937.0 119285.0
32013.0 119119.0
36108.0 119037.0
36184.0 118886.0
43529.0 118604.0

18016.0 128016.0
18092.0 123390.0
18545.0 122880.0
18596.0 121475.0
19946.0 121373.0
20421.0 121337.0
21266.0 121312.0
21342.0 120644.0
21657.0 120608.0
21708.0 120514.0
24516.0 120360.0
24592.0 120131.0
24820.0 120128.0
25513.0 120017.0
27913.0 119992.0
28763.0 119655.0
32013.0 119372.0
36184.0 119167.0
39434.0 118929.0

17996.0 127593.0
18016.0 127094.0
18092.0 122734.0
18526.0 122242.0
18545.0 122225.0
18596.0 121854.0
18671.0 121821.0
19471.0 121751.0
20345.0 121730.0
21266.0 121482.0
21342.0 120829.0
21638.0 120526.0
21657.0 120509.0
21708.0 120354.0
24592.0 120259.0
25513.0 120188.0
27766.0 120167.0
27862.0 120118.0
28687.0 119788.0
28763.0 119528.0
31937.0 119518.0
32013.0 119212.0
36184.0 119049.0
39434.0 118929.0
43605.0 118706.0

18016.0 128016.0
18092.0 123892.0
18545.0 122880.0
18596.0 121570.0
19146.0 121512.0
19946.0 121401.0
21266.0 121351.0
21342.0 120718.0
21708.0 120517.0
24516.0 120496.0
24592.0 120142.0
24820.0 120091.0
25513.0 119741.0
28763.0 119610.0
29684.0 119358.0
32013.0 119261.0
32934.0 119099.0
35263.0 119042.0
36184.0 118864.0
39434.0 118846.0
43605.0 118601.0
46779.0 118521.0


