16023.0 42375.0
16156.0 41932.0
16595.0 41700.0
16956.0 41589.0
17171.0 41475.0
18092.0 40595.0
18596.0 40337.0
19912.0 40313.0
21266.0 40310.0
21342.0 40064.0
21708.0 39975.0
24516.0 39972.0
24592.0 39916.0
24820.0 39865.0
25513.0 39758.0
27894.0 39757.0
28763.0 39631.0
32013.0 39573.0
32934.0 39511.0
39434.0 39491.0
40355.0 39430.0

16023.0 44801.0
16156.0 43047.0
16515.0 41473.0
16595.0 41241.0
17171.0 40859.0
18092.0 40466.0
18545.0 40449.0
18596.0 40353.0
19912.0 40343.0
21266.0 40340.0
21342.0 40064.0
21708.0 39975.0
25513.0 39798.0
28763.0 39696.0
32934.0 39622.0
36184.0 39499.0

16023.0 44801.0
16156.0 43047.0
16515.0 41473.0
16595.0 41241.0
17171.0 40859.0
18092.0 40466.0
18545.0 40449.0
18596.0 40353.0
19912.0 40343.0
21266.0 40340.0
21342.0 40064.0
21708.0 39975.0
25513.0 39798.0
28763.0 39632.0
31937.0 39631.0
32934.0 39622.0
36184.0 39386.0
39358.0 39385.0

16023.0 44801.0
16156.0 43047.0
16515.0 41473.0
16595.0 41241.0
17171.0 40859.0
18092.0 40466.0
18545.0 40449.0
18596.0 40353.0
19912.0 40343.0
21266.0 40340.0
21342.0 40064.0
21708.0 39975.0
25513.0 39798.0
28763.0 39696.0
32934.0 39622.0
36184.0 39499.0

16023.0 44801.0
16156.0 43047.0
16515.0 41473.0
16595.0 41241.0
17171.0 40859.0
18092.0 40466.0
18545.0 40449.0
18596.0 40353.0
19912.0 40343.0
21266.0 40340.0
21342.0 40064.0
21708.0 39975.0
25513.0 39798.0
28763.0 39672.0
32934.0 39622.0
36184.0 39499.0

16023.0 43737.0
16156.0 42155.0
16515.0 41473.0
16595.0 41241.0
17095.0 41160.0
17171.0 40768.0
18092.0 40466.0
18545.0 40449.0
18596.0 40353.0
19912.0 40343.0
21266.0 40340.0
21342.0 40064.0
21708.0 39975.0
25513.0 39798.0
28763.0 39672.0
32934.0 39622.0
36184.0 39499.0

16023.0 44445.0
16156.0 41999.0
16515.0 41473.0
16595.0 41241.0
17171.0 40859.0
18092.0 40466.0
18545.0 40449.0
18596.0 40353.0
19912.0 40343.0
21266.0 40340.0
21342.0 40064.0
21708.0 39975.0
24592.0 39916.0
24820.0 39865.0
25513.0 39798.0
28763.0 39632.0
32013.0 39573.0
35187.0 39572.0
36184.0 39386.0
39358.0 39385.0

16023.0 44445.0
16156.0 41999.0
16515.0 41473.0
16595.0 41241.0
17095.0 41178.0
17171.0 40859.0
18092.0 40466.0
18545.0 40449.0
18596.0 40337.0
19912.0 40313.0
21266.0 40312.0
21342.0 40064.0
21708.0 39975.0
24592.0 39916.0
24820.0 39865.0
25513.0 39798.0
28763.0 39632.0
31937.0 39631.0
32013.0 39573.0
35187.0 39572.0
36184.0 39386.0
39358.0 39385.0
46279.0 39215.0

16023.0 44445.0
16156.0 41999.0
16515.0 41473.0
16595.0 41241.0
17171.0 40859.0
18092.0 40466.0
18545.0 40449.0
18596.0 40353.0
19912.0 40343.0
21266.0 40340.0
21342.0 40064.0
21708.0 39975.0
24592.0 39916.0
24820.0 39865.0
25513.0 39798.0
28763.0 39632.0
31937.0 39631.0
32013.0 39573.0
35187.0 39572.0
36184.0 39386.0
39358.0 39385.0

16023.0 43063.0
16156.0 41999.0
16515.0 41473.0
16595.0 41241.0
17095.0 41178.0
17171.0 40859.0
18092.0 40466.0
18545.0 40449.0
18596.0 40337.0
19912.0 40313.0
21342.0 40064.0
21708.0 39975.0
24516.0 39974.0
24592.0 39916.0
24820.0 39865.0
25513.0 39798.0
28763.0 39632.0
31937.0 39631.0
32013.0 39573.0
32934.0 39536.0
36184.0 39386.0
39358.0 39385.0
40355.0 39303.0
43605.0 39177.0

16023.0 42375.0
16156.0 41932.0
16515.0 41267.0
16595.0 41035.0
17095.0 40972.0
17171.0 40768.0
18092.0 40466.0
18545.0 40444.0
18596.0 40337.0
19912.0 40313.0
21266.0 40310.0
21342.0 40064.0
21708.0 39975.0
24516.0 39972.0
24592.0 39916.0
25513.0 39758.0
27894.0 39757.0
28763.0 39632.0
31937.0 39631.0
32013.0 39573.0
32934.0 39512.0
36108.0 39511.0
36184.0 39386.0
39434.0 39374.0
40355.0 39302.0
43605.0 39153.0


