16515.0 45885.0
16726.0 43251.0
16816.0 41366.0
17516.0 41134.0
18016.0 41053.0
18092.0 40618.0
18526.0 40596.0
18596.0 40337.0
19912.0 40313.0
21266.0 40312.0
21342.0 40064.0
21708.0 39975.0
24592.0 39915.0
24820.0 39865.0
25513.0 39758.0
27894.0 39757.0
28763.0 39631.0
32013.0 39572.0
32934.0 39511.0
36184.0 39385.0
39434.0 39326.0
43605.0 39303.0

16023.0 42733.0
16156.0 42290.0
16595.0 42058.0
16816.0 41888.0
16990.0 41488.0
17516.0 41256.0
18016.0 41193.0
18092.0 40561.0
18545.0 40525.0
18596.0 40402.0
19912.0 40378.0
21342.0 40104.0
21657.0 40082.0
21708.0 40064.0
24516.0 40039.0
24801.0 40014.0
25513.0 39847.0
27843.0 39830.0
28763.0 39632.0
32934.0 39614.0
36184.0 39488.0
39434.0 39429.0

16023.0 42733.0
16156.0 42290.0
16595.0 42058.0
16816.0 41888.0
16990.0 41488.0
17516.0 41256.0
18016.0 41193.0
18092.0 40561.0
18545.0 40525.0
18596.0 40402.0
19912.0 40378.0
21342.0 40104.0
21657.0 40082.0
21708.0 40064.0
24516.0 40039.0
24801.0 40014.0
25513.0 39847.0
27843.0 39830.0
28763.0 39632.0
32934.0 39614.0
36184.0 39488.0
39434.0 39429.0

16023.0 42733.0
16156.0 42174.0
16515.0 41334.0
16595.0 41102.0
17095.0 41039.0
17171.0 40744.0
18092.0 40496.0
18545.0 40449.0
18596.0 40367.0
19912.0 40343.0
21342.0 40104.0
21657.0 40082.0
21708.0 40040.0
24516.0 40039.0
24592.0 39980.0
25513.0 39817.0
28763.0 39632.0
32934.0 39525.0
36184.0 39488.0
39434.0 39326.0
42608.0 39325.0

16023.0 42733.0
16156.0 42174.0
16595.0 41942.0
16816.0 41888.0
16956.0 41865.0
16990.0 41417.0
17516.0 41185.0
18016.0 41104.0
18092.0 40496.0
18545.0 40449.0
18596.0 40367.0
19912.0 40343.0
21266.0 40342.0
21342.0 40104.0
21657.0 40082.0
21708.0 40064.0
24516.0 40039.0
24801.0 40014.0
25513.0 39847.0
27843.0 39830.0
28763.0 39632.0
32934.0 39614.0
36108.0 39589.0
36184.0 39488.0
39434.0 39429.0
42608.0 39404.0

16023.0 42733.0
16156.0 42235.0
16595.0 42003.0
16816.0 41752.0
16956.0 41641.0
16990.0 41417.0
17516.0 41185.0
18016.0 41104.0
18092.0 40496.0
18545.0 40474.0
18596.0 40367.0
19912.0 40313.0
21266.0 40312.0
21342.0 40064.0
21708.0 39975.0
24516.0 39974.0
25513.0 39758.0
28763.0 39632.0
32934.0 39549.0
36184.0 39453.0
39358.0 39452.0
39434.0 39429.0

16023.0 42733.0
16156.0 42290.0
16595.0 42058.0
16816.0 41888.0
16990.0 41488.0
17516.0 41256.0
18016.0 41193.0
18092.0 40466.0
18545.0 40444.0
18596.0 40337.0
19912.0 40313.0
21266.0 40312.0
21342.0 40064.0
21708.0 39975.0
24516.0 39974.0
25513.0 39823.0
27894.0 39822.0
28763.0 39632.0
32013.0 39597.0
32934.0 39536.0
36184.0 39410.0
39434.0 39351.0

16023.0 42733.0
16156.0 42290.0
16515.0 41576.0
16519.0 41524.0
16595.0 41181.0
17171.0 41075.0
17745.0 40881.0
18092.0 40466.0
18545.0 40444.0
18596.0 40337.0
19912.0 40313.0
21266.0 40312.0
21342.0 40064.0
21708.0 39975.0
24516.0 39974.0
24820.0 39908.0
25513.0 39758.0
28763.0 39631.0
32013.0 39597.0
32934.0 39536.0
36184.0 39386.0
39358.0 39385.0
39434.0 39351.0

16023.0 42733.0
16156.0 42174.0
16595.0 41942.0
16816.0 41888.0
16990.0 41488.0
17516.0 41256.0
18016.0 41175.0
18092.0 40466.0
18545.0 40444.0
18596.0 40337.0
19912.0 40313.0
21266.0 40312.0
21342.0 40064.0
21708.0 39975.0
24516.0 39974.0
24820.0 39908.0
25513.0 39758.0
28763.0 39632.0
32013.0 39597.0
32934.0 39525.0
36108.0 39511.0
36184.0 39410.0
39434.0 39351.0

16023.0 42733.0
16156.0 42290.0
16595.0 42058.0
16816.0 41888.0
16990.0 41396.0
17516.0 41164.0
18016.0 41101.0
18092.0 40496.0
18545.0 40449.0
18596.0 40353.0
19912.0 40313.0
21266.0 40312.0
21342.0 40064.0
21708.0 39975.0
24516.0 39974.0
24820.0 39908.0
25513.0 39758.0
27894.0 39757.0
28687.0 39755.0
28763.0 39632.0
32013.0 39573.0
32934.0 39511.0
36184.0 39386.0
39358.0 39385.0
39434.0 39327.0
42608.0 39326.0

16023.0 42389.0
16156.0 41946.0
16595.0 41714.0
16956.0 41641.0
16990.0 41387.0
17516.0 41155.0
18016.0 41074.0
18092.0 40466.0
18545.0 40444.0
18596.0 40337.0
19912.0 40313.0
21266.0 40310.0
21342.0 40064.0
21708.0 39975.0
24516.0 39974.0
24592.0 39915.0
24820.0 39865.0
25513.0 39758.0
28687.0 39754.0
28763.0 39631.0
31937.0 39630.0
32013.0 39573.0
32934.0 39511.0
36184.0 39386.0
39434.0 39327.0
40355.0 39279.0
43605.0 39153.0


