16816.0 42337.0
16956.0 42267.0
17516.0 41872.0
17745.0 41668.0
18092.0 40701.0
18545.0 40679.0
18596.0 40472.0
18615.0 40443.0
20387.0 40419.0
21266.0 40416.0
21342.0 40064.0
21708.0 39975.0
24516.0 39974.0
24592.0 39916.0
24820.0 39865.0
27766.0 39862.0
28763.0 39656.0
32013.0 39643.0
36184.0 39609.0

16023.0 42375.0
16156.0 41932.0
16595.0 41700.0
16956.0 41589.0
16990.0 41396.0
17516.0 41164.0
18016.0 41101.0
18092.0 40466.0
18545.0 40444.0
18596.0 40337.0
21266.0 40310.0
21342.0 40064.0
21708.0 39975.0
24592.0 39934.0
24820.0 39924.0
25513.0 39798.0
28763.0 39632.0
32013.0 39591.0
36184.0 39549.0
39434.0 39345.0

16023.0 42375.0
16156.0 41932.0
16595.0 41700.0
16956.0 41589.0
16990.0 41396.0
17516.0 41164.0
18016.0 41101.0
18092.0 40466.0
18545.0 40444.0
18596.0 40337.0
21266.0 40310.0
21342.0 40064.0
21708.0 39975.0
24592.0 39934.0
24820.0 39924.0
25513.0 39798.0
28687.0 39796.0
28763.0 39632.0
32013.0 39591.0
32934.0 39552.0
36184.0 39426.0
39434.0 39345.0

16023.0 42375.0
16156.0 41932.0
16595.0 41700.0
16956.0 41589.0
16990.0 41396.0
17516.0 41164.0
18016.0 41101.0
18092.0 40466.0
18545.0 40444.0
18596.0 40337.0
21266.0 40310.0
21342.0 40064.0
21708.0 39975.0
24516.0 39974.0
24592.0 39934.0
24820.0 39924.0
25513.0 39798.0
28763.0 39632.0
31937.0 39631.0
32013.0 39591.0
36184.0 39549.0
39434.0 39345.0

16023.0 42375.0
16156.0 41932.0
16595.0 41700.0
16956.0 41589.0
16990.0 41396.0
17516.0 41164.0
18016.0 41083.0
18092.0 40466.0
18545.0 40444.0
18596.0 40337.0
19912.0 40313.0
21266.0 40310.0
21342.0 40064.0
21708.0 39975.0
24592.0 39915.0
25513.0 39798.0
28687.0 39797.0
28763.0 39632.0
32013.0 39591.0
36184.0 39549.0
39434.0 39345.0

16023.0 42375.0
16156.0 41932.0
16595.0 41700.0
16956.0 41589.0
16990.0 41396.0
17516.0 41164.0
18016.0 41101.0
18092.0 40466.0
18545.0 40444.0
18596.0 40337.0
21266.0 40310.0
21342.0 40064.0
21708.0 39975.0
24516.0 39974.0
24592.0 39916.0
25513.0 39798.0
28763.0 39632.0
31937.0 39631.0
32013.0 39591.0
36184.0 39495.0
39434.0 39345.0

16023.0 42375.0
16156.0 41932.0
16595.0 41700.0
16956.0 41589.0
16990.0 41396.0
17516.0 41164.0
18016.0 41101.0
18092.0 40466.0
18545.0 40444.0
18596.0 40337.0
21266.0 40310.0
21342.0 40064.0
21708.0 39975.0
24592.0 39934.0
24820.0 39924.0
25513.0 39798.0
28763.0 39632.0
32013.0 39591.0
36184.0 39549.0
39434.0 39345.0

16023.0 42375.0
16156.0 41932.0
16595.0 41700.0
16956.0 41589.0
16990.0 41396.0
17516.0 41164.0
18016.0 41101.0
18092.0 40466.0
18545.0 40444.0
18596.0 40337.0
19912.0 40313.0
21266.0 40310.0
21342.0 40064.0
21708.0 39975.0
24516.0 39974.0
24592.0 39916.0
24820.0 39865.0
25513.0 39758.0
28687.0 39757.0
28763.0 39632.0
31937.0 39630.0
32013.0 39591.0
32934.0 39552.0
36184.0 39399.0
39434.0 39345.0

16023.0 42375.0
16156.0 41932.0
16595.0 41700.0
16816.0 41687.0
16956.0 41589.0
16990.0 41396.0
17516.0 41164.0
18016.0 41083.0
18092.0 40466.0
18545.0 40444.0
18596.0 40337.0
21266.0 40310.0
21342.0 40064.0
21708.0 39975.0
24592.0 39915.0
24820.0 39865.0
25513.0 39798.0
28763.0 39632.0
32013.0 39591.0
36184.0 39549.0
39434.0 39345.0

16023.0 42375.0
16156.0 41932.0
16595.0 41700.0
16956.0 41589.0
16990.0 41396.0
17516.0 41164.0
18016.0 41101.0
18092.0 40466.0
18545.0 40444.0
18596.0 40337.0
21266.0 40310.0
21342.0 40064.0
21708.0 39975.0
24516.0 39974.0
24592.0 39916.0
24820.0 39865.0
25513.0 39798.0
28763.0 39632.0
31937.0 39631.0
32013.0 39591.0
36184.0 39495.0
39434.0 39345.0

16023.0 42375.0
16156.0 41932.0
16595.0 41700.0
16956.0 41589.0
16990.0 41396.0
17516.0 41164.0
18016.0 41083.0
18092.0 40466.0
18545.0 40444.0
18596.0 40337.0
19912.0 40313.0
21266.0 40310.0
21342.0 40064.0
21708.0 39975.0
24516.0 39972.0
24592.0 39915.0
24820.0 39865.0
25513.0 39758.0
27894.0 39757.0
28763.0 39631.0
31937.0 39629.0
32013.0 39591.0
32934.0 39511.0
36184.0 39427.0
39358.0 39384.0
39434.0 39345.0
43605.0 39170.0
46779.0 39151.0


