18092.0 215022.0
18545.0 210689.0
18596.0 208166.0
19280.0 207846.0
19946.0 207440.0
19980.0 207120.0
20766.0 207073.0
21342.0 206546.0
21638.0 205496.0
21708.0 203861.0
22263.0 203198.0
23950.0 202956.0
24592.0 202878.0
24750.0 202732.0
24801.0 202520.0
25513.0 201280.0
27266.0 201222.0
27766.0 201185.0
27913.0 201068.0
28187.0 201045.0
28687.0 200712.0
29684.0 200556.0
30440.0 200345.0
32013.0 200166.0
32858.0 199756.0
33690.0 199632.0
35263.0 199518.0
36184.0 199308.0
37861.0 199027.0
39434.0 198969.0
40279.0 198887.0
41111.0 198701.0

19505.0 210599.0
19746.0 210390.0
19912.0 209974.0
20546.0 209786.0
21342.0 206568.0
21638.0 206149.0
21689.0 205487.0
21708.0 204800.0
22263.0 203949.0
23316.0 203663.0
24592.0 203548.0
24731.0 203498.0
25513.0 202823.0
27894.0 202732.0
28187.0 202695.0
28763.0 202146.0
32013.0 202142.0
32934.0 201280.0
34611.0 200705.0

18922.0 221799.0
19471.0 215664.0
19505.0 210599.0
19746.0 210036.0
19912.0 209974.0
20546.0 209786.0
21342.0 206568.0
21638.0 206149.0
21689.0 205487.0
21708.0 204800.0
22263.0 203949.0
23316.0 203663.0
24592.0 203548.0
24731.0 203498.0
25513.0 202823.0
27894.0 202732.0
28187.0 202695.0
28763.0 202146.0
30136.0 202051.0
32013.0 201689.0
32934.0 200761.0
34611.0 200705.0

18615.0 207535.0
20766.0 206967.0
20955.0 206301.0
21342.0 206164.0
21638.0 206149.0
21689.0 205291.0
21708.0 204592.0
22263.0 203612.0
23316.0 203438.0
24801.0 203227.0
25513.0 202060.0
29684.0 201681.0
32013.0 201669.0
32934.0 200734.0
34611.0 200567.0
36184.0 200528.0

18922.0 215301.0
19505.0 210599.0
19746.0 210390.0
19912.0 209974.0
20546.0 209786.0
21342.0 206568.0
21638.0 206149.0
21689.0 205487.0
21708.0 204800.0
22263.0 203949.0
23316.0 203663.0
24592.0 203548.0
24731.0 203498.0
25513.0 202823.0
27894.0 202732.0
28187.0 202695.0
28763.0 202146.0
32013.0 201689.0
32934.0 200761.0
34611.0 200705.0

18615.0 210205.0
19112.0 208268.0
19146.0 207318.0
21342.0 205816.0
21661.0 205491.0
21689.0 205487.0
21708.0 204209.0
22263.0 203134.0
23940.0 203114.0
24516.0 202783.0
25513.0 202065.0
27894.0 202012.0
29684.0 201713.0
32013.0 201615.0
32934.0 200761.0
34611.0 200566.0

19505.0 210599.0
19746.0 210390.0
19912.0 209974.0
20546.0 209786.0
21342.0 206568.0
21638.0 206149.0
21689.0 205487.0
21708.0 204800.0
22263.0 203949.0
23316.0 203663.0
24592.0 203348.0
24820.0 203106.0
25513.0 202672.0
27190.0 202619.0
28763.0 202146.0
31937.0 202038.0
32013.0 201974.0
32934.0 201183.0
34611.0 200705.0

18615.0 210289.0
19146.0 209866.0
19505.0 208819.0
19912.0 207311.0
20838.0 207175.0
21342.0 204610.0
21638.0 204593.0
21689.0 204440.0
21708.0 203975.0
22263.0 203590.0
24516.0 203198.0
24820.0 202840.0
25513.0 202162.0
28763.0 202146.0
31937.0 202140.0
32013.0 201677.0
32934.0 200744.0
34611.0 200705.0
36184.0 200511.0

19505.0 210599.0
19746.0 210390.0
19912.0 209974.0
20546.0 209786.0
21342.0 206568.0
21638.0 206149.0
21689.0 205487.0
21708.0 204800.0
22263.0 203949.0
23316.0 203663.0
24592.0 203348.0
24820.0 203106.0
25513.0 202672.0
27190.0 202619.0
28763.0 202146.0
31937.0 202038.0
32013.0 201974.0
32934.0 201183.0
34611.0 200705.0

18615.0 210439.0
18922.0 209826.0
19505.0 209102.0
19912.0 207443.0
21342.0 205499.0
21689.0 205487.0
21708.0 203936.0
22263.0 203129.0
24820.0 202826.0
25513.0 202626.0
27266.0 202620.0
27843.0 202567.0
28763.0 201653.0
31937.0 201623.0
32013.0 200899.0
32934.0 200612.0
36184.0 200379.0

18671.0 210669.0
19313.0 210316.0
19505.0 208856.0
21266.0 205276.0
21342.0 205058.0
21638.0 204059.0
21689.0 202498.0
21708.0 202439.0
24801.0 201705.0
25513.0 200766.0
29684.0 199560.0


