24773.0 229049.0
24913.0 224775.0
26592.0 224207.0
26807.0 222815.0
29685.0 222376.0

24201.0 243354.0
24785.0 239973.0
27243.0 235163.0
27913.0 234032.0

24201.0 243354.0
24785.0 239973.0
27243.0 235163.0
27913.0 234032.0

24201.0 243354.0
24785.0 239973.0
27243.0 235163.0
27913.0 234032.0

24201.0 243354.0
24785.0 239973.0
27243.0 235163.0
27913.0 234032.0

24201.0 243354.0
24785.0 239973.0
27243.0 235163.0
27913.0 234032.0

24201.0 243354.0
24785.0 239973.0
27243.0 235163.0
27913.0 234032.0

24201.0 243354.0
24785.0 239973.0
27243.0 235163.0
27913.0 234032.0

24201.0 243354.0
24785.0 239973.0
27243.0 235163.0
27913.0 234032.0

24201.0 243354.0
24785.0 239973.0
27243.0 235163.0
27913.0 234032.0

24201.0 243354.0
24785.0 239973.0
27243.0 235163.0
27913.0 234032.0


