23550.0 230139.0
26043.0 228663.0
27300.0 226449.0
27313.0 224044.0
29684.0 223829.0
30837.0 223027.0

21708.0 244369.0
24310.0 243304.0
27243.0 240707.0
28187.0 235649.0

21708.0 244369.0
24310.0 243304.0
27243.0 240707.0
28187.0 235649.0

21708.0 244369.0
24310.0 243304.0
27243.0 240707.0
28187.0 235649.0

21708.0 244369.0
24310.0 243304.0
27243.0 240707.0
28187.0 235649.0

21708.0 244369.0
24310.0 243304.0
27243.0 240707.0
28187.0 235649.0

21708.0 244369.0
24310.0 243304.0
27243.0 240707.0
28187.0 235649.0

21708.0 244369.0
24310.0 243304.0
27243.0 240707.0
28187.0 235649.0

21708.0 244369.0
24310.0 243304.0
27243.0 240707.0
28187.0 235649.0

21708.0 244369.0
24310.0 243304.0
27243.0 240707.0
28187.0 235649.0

21708.0 244369.0
24310.0 243304.0
27243.0 240707.0
28187.0 235649.0


