18092.0 124018.0
18596.0 123846.0
18615.0 122673.0
19471.0 122638.0
19912.0 122631.0
20345.0 122628.0
20421.0 122473.0
21342.0 121030.0
21689.0 120931.0
21708.0 120817.0
24516.0 120547.0
24592.0 120098.0
24801.0 120010.0
25513.0 119721.0
27766.0 119718.0
27842.0 119662.0
28687.0 119661.0
32013.0 119164.0
35187.0 119128.0
35263.0 119069.0
39434.0 119046.0

17996.0 132434.0
18092.0 129900.0
18545.0 124765.0
18596.0 123118.0
18615.0 121967.0
19912.0 121943.0
21266.0 121900.0
21342.0 121276.0
21638.0 121187.0
21708.0 121059.0
24592.0 120882.0
24750.0 120818.0
24820.0 120759.0
28763.0 120092.0
36184.0 119625.0

17996.0 132434.0
18092.0 129900.0
18545.0 124434.0
18596.0 122884.0
18615.0 121967.0
19912.0 121943.0
21266.0 121900.0
21342.0 121239.0
21638.0 121158.0
21708.0 121059.0
24516.0 120810.0
24820.0 120759.0
25513.0 120601.0
27766.0 120600.0
28763.0 120092.0
32934.0 119998.0
35187.0 119946.0
36184.0 119625.0
39434.0 119574.0

17996.0 132434.0
18092.0 125027.0
18148.0 124851.0
18545.0 123935.0
18596.0 123118.0
18615.0 121918.0
19912.0 121894.0
20766.0 121757.0
21342.0 120874.0
24592.0 120758.0
25513.0 120597.0
27043.0 120437.0
28763.0 119963.0
32013.0 119806.0
32934.0 119730.0
36184.0 119447.0
39434.0 119446.0

17996.0 132434.0
18092.0 126415.0
18545.0 124434.0
18596.0 123118.0
18615.0 121967.0
19912.0 121943.0
19946.0 121859.0
20269.0 121856.0
20345.0 121693.0
21266.0 121617.0
21342.0 121239.0
21638.0 121158.0
21708.0 121059.0
24516.0 120810.0
24750.0 120670.0
24820.0 120619.0
25513.0 120584.0
28763.0 119903.0
32013.0 119462.0
36184.0 119420.0

17996.0 132434.0
18092.0 124014.0
18545.0 123952.0
18596.0 121646.0
21266.0 121597.0
21342.0 120874.0
21657.0 120721.0
24592.0 120513.0
24750.0 120301.0
27766.0 120269.0
28763.0 119922.0
32013.0 119894.0
32934.0 119751.0
36184.0 119472.0
39434.0 119421.0

17996.0 132434.0
18092.0 129900.0
18545.0 124434.0
18596.0 123118.0
18615.0 121738.0
19912.0 121714.0
20345.0 121662.0
21342.0 121099.0
21708.0 121038.0
24516.0 120810.0
24592.0 120327.0
24820.0 120115.0
28763.0 119694.0
31937.0 119670.0
32013.0 119424.0
39358.0 119113.0

17996.0 132434.0
18092.0 126415.0
18545.0 124434.0
18596.0 122760.0
18615.0 121663.0
19912.0 121623.0
21266.0 121598.0
21342.0 120815.0
21657.0 120662.0
21708.0 120450.0
24592.0 120327.0
24820.0 120115.0
28763.0 119694.0
31937.0 119670.0
32013.0 119234.0
39358.0 119113.0

17996.0 132434.0
18092.0 126415.0
18545.0 124434.0
18596.0 123118.0
18615.0 121738.0
19912.0 121714.0
20345.0 121662.0
21342.0 121099.0
21708.0 121038.0
24516.0 120810.0
24592.0 120571.0
24750.0 120549.0
24820.0 120115.0
28763.0 119694.0
31937.0 119670.0
32013.0 119234.0
39358.0 119113.0

17996.0 132434.0
18092.0 124014.0
18545.0 123952.0
18596.0 123118.0
18615.0 121738.0
19912.0 121714.0
21266.0 121671.0
21342.0 120874.0
21708.0 120697.0
24516.0 120689.0
24592.0 120409.0
28763.0 119879.0
32013.0 119793.0
36184.0 119432.0

17996.0 132434.0
18092.0 129900.0
18122.0 127619.0
18545.0 123592.0
18596.0 123118.0
18615.0 121967.0
19912.0 121943.0
21266.0 121778.0
21342.0 120873.0
21657.0 120785.0
21708.0 120604.0
24592.0 120370.0
24750.0 120276.0
24801.0 120248.0
25513.0 120167.0
27766.0 120090.0
28763.0 119645.0
32013.0 119425.0
32934.0 119153.0
36184.0 118863.0
39358.0 118862.0
39434.0 118746.0
40355.0 118730.0
43605.0 118708.0
46855.0 118380.0
56453.0 117609.0
63874.0 116916.0


