22020.0 244850.0
22620.0 232314.0
23480.0 230609.0
24820.0 229128.0
28087.0 229057.0
29994.0 228959.0
30406.0 228929.0
32648.0 228316.0

23316.0 241765.0
24310.0 241541.0
25010.0 240092.0
25953.0 236989.0
28163.0 235141.0

23316.0 241765.0
24310.0 241541.0
25010.0 240092.0
25953.0 236989.0
28163.0 235141.0

23316.0 241765.0
24310.0 241541.0
25010.0 240092.0
25953.0 236989.0
28163.0 235141.0

23316.0 241765.0
24310.0 241541.0
25010.0 240092.0
25953.0 236989.0
28163.0 235141.0

23316.0 241765.0
24310.0 241541.0
25010.0 240092.0
25953.0 236989.0
28163.0 235141.0

23316.0 241765.0
24310.0 241541.0
25010.0 240092.0
25953.0 236989.0
28163.0 235141.0

23316.0 241765.0
24310.0 241541.0
25010.0 240092.0
25953.0 236989.0
28163.0 235141.0

23316.0 241765.0
24310.0 241541.0
25010.0 240092.0
25953.0 236989.0
28163.0 235141.0

23316.0 241765.0
24310.0 241541.0
25010.0 240092.0
25953.0 236989.0
28163.0 235141.0

23316.0 241765.0
24310.0 241541.0
25010.0 240092.0
25953.0 236989.0
28163.0 235141.0


