17745.0 136945.0
18092.0 126597.0
18545.0 126150.0
18596.0 122772.0
18615.0 122021.0
19587.0 121986.0
19912.0 121824.0
20387.0 121800.0
21266.0 121767.0
21342.0 120648.0
21708.0 120348.0
24516.0 120342.0
24592.0 120050.0
25513.0 119753.0
27842.0 119717.0
27913.0 119684.0
28763.0 119251.0
32013.0 118900.0
32934.0 118799.0
35187.0 118778.0
35263.0 118742.0
36184.0 118530.0
38437.0 118431.0
39434.0 118305.0
42108.0 118238.0
42608.0 118198.0
45858.0 118072.0
46855.0 118025.0
50029.0 117906.0

18092.0 126504.0
18513.0 125295.0
18526.0 125248.0
18545.0 124938.0
18596.0 122450.0
18615.0 121889.0
19912.0 121865.0
21266.0 121751.0
21342.0 121134.0
21638.0 121119.0
21708.0 120907.0
24516.0 120906.0
24801.0 120621.0
25513.0 120492.0
27766.0 120484.0
27894.0 120481.0
28687.0 120477.0
28763.0 119902.0
36108.0 119648.0

18092.0 124453.0
18526.0 124259.0
18596.0 122450.0
18615.0 121889.0
19912.0 121865.0
20421.0 121424.0
21266.0 121423.0
21342.0 121069.0
21708.0 120907.0
24516.0 120906.0
24592.0 120773.0
24801.0 120621.0
25513.0 120492.0
27766.0 120484.0
27842.0 120348.0
28763.0 119902.0
32934.0 119676.0
36108.0 119648.0

18092.0 126504.0
18513.0 125295.0
18526.0 125248.0
18545.0 124938.0
18596.0 122450.0
18615.0 121636.0
20345.0 121611.0
20387.0 121596.0
20421.0 121448.0
21342.0 120738.0
21708.0 120520.0
24592.0 120502.0
25513.0 120408.0
27842.0 120226.0
28763.0 119529.0
35263.0 119460.0

18092.0 126504.0
18513.0 125295.0
18526.0 125248.0
18545.0 124694.0
18596.0 122450.0
18615.0 121889.0
19112.0 121888.0
19587.0 121865.0
19912.0 121849.0
20387.0 121754.0
20421.0 121424.0
21342.0 121029.0
21689.0 120835.0
24516.0 120832.0
24592.0 120226.0
24820.0 120175.0
27842.0 119863.0
32013.0 119690.0
32934.0 119613.0
40355.0 119600.0

18092.0 124105.0
18526.0 124003.0
18596.0 122450.0
18615.0 121889.0
19912.0 121865.0
20421.0 121424.0
21342.0 121029.0
21689.0 120859.0
24516.0 120839.0
24592.0 120773.0
24801.0 120621.0
25513.0 120425.0
27842.0 120283.0
28763.0 119902.0
35263.0 119775.0
36108.0 119648.0

18092.0 126504.0
18513.0 125295.0
18526.0 125248.0
18545.0 124076.0
18596.0 122450.0
18615.0 121889.0
19912.0 121865.0
20421.0 121424.0
21342.0 121134.0
21638.0 121119.0
21689.0 120842.0
24516.0 120839.0
24592.0 120773.0
24801.0 120621.0
25513.0 120492.0
27766.0 120484.0
27842.0 120432.0
28763.0 119890.0
32934.0 119711.0
36108.0 119648.0

18092.0 124056.0
18526.0 123905.0
18596.0 122013.0
18615.0 121679.0
19912.0 121655.0
20421.0 121400.0
21342.0 121029.0
21657.0 120924.0
21689.0 120842.0
21708.0 120614.0
24592.0 120420.0
24801.0 120385.0
27842.0 120283.0
28763.0 119817.0
32934.0 119630.0
36184.0 119473.0
40355.0 119299.0
43605.0 118957.0

18092.0 126504.0
18513.0 125295.0
18526.0 125248.0
18545.0 124076.0
18596.0 122450.0
18615.0 121889.0
19112.0 121888.0
19587.0 121865.0
19912.0 121841.0
20387.0 121730.0
20421.0 121400.0
21342.0 120733.0
21638.0 120641.0
21708.0 120492.0
24592.0 120420.0
24801.0 120280.0
27894.0 120267.0
28763.0 119890.0
32934.0 119711.0
36108.0 119648.0
43605.0 119604.0

18092.0 126504.0
18513.0 125295.0
18526.0 125248.0
18545.0 124076.0
18596.0 122450.0
18615.0 121889.0
19912.0 121865.0
20421.0 121424.0
21342.0 121093.0
21657.0 121076.0
21689.0 120842.0
24516.0 120839.0
24592.0 120685.0
24801.0 120621.0
24820.0 120530.0
25513.0 120492.0
27766.0 120484.0
27842.0 120307.0
28763.0 119890.0
32013.0 119718.0
32934.0 119582.0

18092.0 123212.0
18545.0 122234.0
18596.0 122101.0
18615.0 121844.0
19912.0 121804.0
19946.0 121799.0
21266.0 121730.0
21342.0 120783.0
21638.0 120556.0
21657.0 120498.0
21708.0 120457.0
24592.0 120085.0
24750.0 119986.0
25513.0 119898.0
27894.0 119389.0
28763.0 119134.0
36184.0 118761.0
39434.0 118687.0


