18092.0 124088.0
18596.0 123719.0
18615.0 122449.0
19146.0 122414.0
19946.0 122344.0
21266.0 122343.0
21342.0 120901.0
21708.0 120659.0
24516.0 120656.0
24592.0 120475.0
24750.0 120454.0
25513.0 120199.0
28763.0 119155.0

18596.0 125081.0
18615.0 121816.0
19912.0 121768.0
21266.0 121743.0
21342.0 121133.0
21657.0 121070.0
21708.0 120802.0
24592.0 120766.0
25513.0 120497.0
28763.0 120299.0
32013.0 120230.0
32934.0 120154.0
36184.0 119956.0

18596.0 125081.0
18615.0 121816.0
19912.0 121768.0
21266.0 121743.0
21342.0 121133.0
21657.0 121070.0
21708.0 120802.0
24592.0 120766.0
25513.0 120497.0
27843.0 120487.0
28763.0 120281.0
32013.0 120230.0
32934.0 120154.0
36184.0 119956.0

18596.0 125081.0
18615.0 121816.0
19912.0 121744.0
21266.0 121701.0
21342.0 121063.0
21708.0 120802.0
24516.0 120799.0
24592.0 120653.0
25513.0 120497.0
28763.0 120274.0
32013.0 120230.0
32934.0 120154.0
36184.0 119956.0

18596.0 122890.0
18615.0 121816.0
19912.0 121744.0
21266.0 121701.0
21342.0 121063.0
21708.0 120732.0
24516.0 120729.0
25513.0 120497.0
27843.0 120487.0
28763.0 120187.0
32934.0 120154.0
36184.0 119938.0

18596.0 125081.0
18615.0 121816.0
19912.0 121768.0
21266.0 121743.0
21342.0 121133.0
21657.0 121070.0
21708.0 120802.0
24592.0 120766.0
25513.0 120497.0
27843.0 120487.0
28763.0 120299.0
32013.0 120230.0
32934.0 120154.0
36184.0 119956.0

18596.0 125081.0
18615.0 121816.0
19912.0 121768.0
21266.0 121743.0
21342.0 121133.0
21657.0 121070.0
21708.0 120802.0
24592.0 120766.0
25513.0 120497.0
27843.0 120487.0
28763.0 120281.0
32013.0 120230.0
32934.0 120154.0
36184.0 119956.0

18596.0 125081.0
18615.0 121816.0
19912.0 121768.0
21266.0 121743.0
21342.0 121063.0
21708.0 120732.0
24516.0 120729.0
24592.0 120583.0
24820.0 120569.0
25513.0 120492.0
27843.0 120487.0
28763.0 119933.0
31937.0 119908.0
32934.0 119880.0

18596.0 122890.0
18615.0 121816.0
19912.0 121744.0
21266.0 121701.0
21342.0 121063.0
21708.0 120732.0
24516.0 120729.0
25513.0 120497.0
27843.0 120487.0
28763.0 120187.0
32934.0 120154.0
36184.0 119956.0

18596.0 125081.0
18615.0 121816.0
19912.0 121768.0
21266.0 121743.0
21342.0 121133.0
21657.0 121070.0
21708.0 120802.0
24592.0 120766.0
25513.0 120497.0
27843.0 120487.0
28763.0 120299.0
32013.0 120230.0
32934.0 120154.0
36184.0 119956.0

18596.0 125081.0
18615.0 121816.0
19912.0 121768.0
21266.0 121743.0
21342.0 121063.0
21708.0 120732.0
24516.0 120729.0
24592.0 120653.0
24820.0 120639.0
25513.0 120492.0
27913.0 120489.0
28763.0 119933.0
31937.0 119908.0
32934.0 119880.0


