18615.0 170915.0
18623.0 170799.0
19145.0 168951.0
19146.0 168432.0
19980.0 166878.0
20742.0 165867.0
21302.0 165707.0
21342.0 164007.0
21587.0 163669.0
21657.0 163409.0
22263.0 162377.0
24801.0 162066.0
25513.0 161750.0
28763.0 161206.0
32934.0 161147.0
36184.0 160926.0

18615.0 170915.0
18623.0 170799.0
19145.0 168951.0
19146.0 168432.0
19980.0 166878.0
20742.0 165867.0
21302.0 165707.0
21342.0 164007.0
21587.0 163669.0
21657.0 163409.0
22263.0 162377.0
24801.0 162066.0
25513.0 161750.0
28763.0 161206.0
32934.0 161147.0
36184.0 160926.0

18615.0 170915.0
18623.0 170799.0
19145.0 168951.0
19146.0 168432.0
19980.0 166878.0
20742.0 165867.0
21302.0 165707.0
21342.0 164007.0
21587.0 163669.0
21657.0 163409.0
22263.0 162377.0
24801.0 162066.0
25513.0 161750.0
28763.0 161206.0
32934.0 161147.0
36184.0 160926.0

18615.0 170915.0
18623.0 170799.0
19145.0 168951.0
19146.0 168432.0
19980.0 166878.0
20742.0 165867.0
21302.0 165707.0
21342.0 164007.0
21587.0 163669.0
21657.0 163409.0
22263.0 162377.0
24801.0 162066.0
25513.0 161750.0
28763.0 161206.0
32934.0 161147.0
36184.0 160926.0

18615.0 170915.0
18623.0 170799.0
19145.0 168951.0
19146.0 168432.0
19980.0 166878.0
20742.0 165867.0
21302.0 165707.0
21342.0 164007.0
21587.0 163669.0
21657.0 163409.0
22263.0 162377.0
24801.0 162066.0
25513.0 161750.0
28763.0 161206.0
32934.0 161147.0
36184.0 160926.0

18615.0 170915.0
18623.0 170799.0
19145.0 168951.0
19146.0 168432.0
19980.0 166878.0
20742.0 165867.0
21302.0 165707.0
21342.0 164007.0
21587.0 163669.0
21657.0 163409.0
22263.0 162377.0
24801.0 162066.0
25513.0 161750.0
28763.0 161206.0
32934.0 161147.0
36184.0 160926.0

18615.0 170915.0
18623.0 170799.0
19145.0 168951.0
19146.0 168432.0
19980.0 166878.0
20742.0 165867.0
21302.0 165707.0
21342.0 164007.0
21587.0 163669.0
21657.0 163409.0
22263.0 162377.0
24801.0 162066.0
25513.0 161750.0
28763.0 161206.0
32934.0 161147.0
36184.0 160926.0

18615.0 170915.0
18623.0 170799.0
19145.0 168951.0
19146.0 168432.0
19980.0 166878.0
20742.0 165867.0
21302.0 165707.0
21342.0 164007.0
21587.0 163669.0
21657.0 163409.0
22263.0 162377.0
24801.0 162066.0
25513.0 161750.0
28763.0 161206.0
32934.0 161147.0
36184.0 160926.0

18615.0 170915.0
18623.0 170799.0
19145.0 168951.0
19146.0 168432.0
19980.0 166878.0
20742.0 165867.0
21302.0 165707.0
21342.0 164007.0
21587.0 163669.0
21657.0 163409.0
22263.0 162377.0
24801.0 162066.0
25513.0 161750.0
28763.0 161206.0
32934.0 161147.0
36184.0 160926.0

18615.0 170915.0
18623.0 170799.0
19145.0 168951.0
19146.0 168432.0
19980.0 166878.0
20742.0 165867.0
21302.0 165707.0
21342.0 164007.0
21587.0 163669.0
21657.0 163409.0
22263.0 162377.0
24801.0 162066.0
25513.0 161750.0
28763.0 161206.0
32934.0 161147.0
36184.0 160926.0

18615.0 170915.0
18623.0 170799.0
19145.0 168951.0
19146.0 168432.0
19980.0 166878.0
20742.0 165867.0
21302.0 165707.0
21342.0 164007.0
21587.0 163669.0
21657.0 163409.0
22263.0 162377.0
24801.0 162066.0
25513.0 161750.0
28763.0 161206.0
32934.0 161147.0
36184.0 160926.0


