16816.0 42995.0
16894.0 42770.0
17145.0 42483.0
17492.0 41942.0
18092.0 40561.0
18545.0 40539.0
18596.0 40432.0
21266.0 40429.0
21342.0 40193.0
21708.0 40064.0
25513.0 39935.0
28763.0 39720.0
32934.0 39614.0

16816.0 42995.0
16894.0 42770.0
17145.0 42483.0
17492.0 41942.0
18092.0 40561.0
18545.0 40539.0
18596.0 40432.0
21266.0 40429.0
21342.0 40193.0
21708.0 40064.0
25513.0 39935.0
28763.0 39720.0
32934.0 39614.0

16816.0 42995.0
16894.0 42770.0
17145.0 42483.0
17492.0 41942.0
18092.0 40561.0
18545.0 40539.0
18596.0 40432.0
21266.0 40429.0
21342.0 40193.0
21708.0 40064.0
25513.0 39935.0
28763.0 39720.0
32934.0 39614.0

16816.0 42995.0
16894.0 42770.0
17145.0 42483.0
17492.0 41942.0
18092.0 40561.0
18545.0 40539.0
18596.0 40432.0
21266.0 40429.0
21342.0 40193.0
21708.0 40064.0
25513.0 39935.0
28763.0 39720.0
32934.0 39614.0

16816.0 42995.0
16894.0 42770.0
17145.0 42483.0
17492.0 41942.0
18092.0 40561.0
18545.0 40539.0
18596.0 40432.0
21266.0 40429.0
21342.0 40193.0
21708.0 40064.0
25513.0 39935.0
28763.0 39720.0
32934.0 39614.0

16816.0 42995.0
16894.0 42770.0
17145.0 42483.0
17492.0 41942.0
18092.0 40561.0
18545.0 40539.0
18596.0 40432.0
21266.0 40429.0
21342.0 40193.0
21708.0 40064.0
25513.0 39935.0
28763.0 39720.0
32934.0 39614.0

16816.0 42995.0
16894.0 42770.0
17145.0 42483.0
17492.0 41942.0
18092.0 40561.0
18545.0 40539.0
18596.0 40432.0
21266.0 40429.0
21342.0 40193.0
21708.0 40064.0
25513.0 39935.0
28763.0 39720.0
32934.0 39614.0

16816.0 42995.0
16894.0 42770.0
17145.0 42483.0
17492.0 41942.0
18092.0 40561.0
18545.0 40539.0
18596.0 40432.0
21266.0 40429.0
21342.0 40193.0
21708.0 40064.0
25513.0 39935.0
28763.0 39720.0
32934.0 39614.0

16816.0 42995.0
16894.0 42770.0
17145.0 42483.0
17492.0 41942.0
18092.0 40561.0
18545.0 40539.0
18596.0 40432.0
21266.0 40429.0
21342.0 40193.0
21708.0 40064.0
25513.0 39935.0
28763.0 39720.0
32934.0 39614.0

16816.0 42995.0
16894.0 42770.0
17145.0 42483.0
17492.0 41942.0
18092.0 40561.0
18545.0 40539.0
18596.0 40432.0
21266.0 40429.0
21342.0 40193.0
21708.0 40064.0
25513.0 39935.0
28763.0 39720.0
32934.0 39614.0

16816.0 42995.0
16894.0 42770.0
17145.0 42483.0
17492.0 41942.0
18092.0 40561.0
18545.0 40539.0
18596.0 40432.0
21266.0 40429.0
21342.0 40193.0
21708.0 40064.0
25513.0 39935.0
28763.0 39720.0
32934.0 39614.0


