18596.0 207821.0
19980.0 206751.0
20766.0 206264.0
21342.0 205003.0
21689.0 203938.0
22263.0 202571.0
24516.0 202508.0
24592.0 202384.0
24801.0 202383.0
24937.0 202368.0
25513.0 201601.0
27843.0 201573.0
28687.0 201547.0
28763.0 200566.0
29684.0 200407.0
31937.0 200321.0
32934.0 199852.0
39358.0 199786.0

18596.0 214575.0
18615.0 208573.0
19313.0 207481.0
19912.0 207429.0
20857.0 207333.0
21342.0 205564.0
21638.0 205562.0
21689.0 204890.0
21708.0 203869.0
22263.0 202988.0
24516.0 202889.0
24750.0 202594.0
24782.0 202015.0
27843.0 201653.0
28763.0 201554.0
32013.0 201513.0
32858.0 201287.0
36184.0 201044.0
39434.0 200873.0

18596.0 214575.0
18615.0 208573.0
19313.0 207481.0
19912.0 207429.0
20857.0 207333.0
21342.0 203880.0
21689.0 203172.0
21708.0 203038.0
22263.0 202925.0
24516.0 202889.0
24592.0 202810.0
24731.0 202523.0
24782.0 201944.0
27843.0 201653.0
28763.0 200944.0
36184.0 200840.0

18596.0 214575.0
18615.0 208029.0
19313.0 207481.0
19912.0 207359.0
20857.0 207333.0
21266.0 207150.0
21342.0 204091.0
21638.0 203782.0
21689.0 203640.0
21708.0 203347.0
22263.0 202574.0
24516.0 202503.0
24750.0 202436.0
24782.0 202015.0
27843.0 201653.0
28763.0 201554.0
31006.0 201382.0
32858.0 200797.0
39434.0 200505.0

18596.0 208586.0
18615.0 208573.0
19313.0 207481.0
19912.0 207429.0
20857.0 206441.0
21342.0 203764.0
21708.0 203184.0
22263.0 202925.0
24516.0 202889.0
24592.0 202810.0
24731.0 202523.0
24782.0 201944.0
27843.0 201653.0
28763.0 201547.0
32013.0 201513.0
32858.0 201216.0
36184.0 201037.0
39434.0 200873.0

18446.0 215629.0
18596.0 208026.0
19112.0 207415.0
19146.0 206666.0
21266.0 206618.0
21342.0 203174.0
21708.0 202830.0
24516.0 202709.0
24750.0 202594.0
24782.0 202015.0
27843.0 201653.0
28763.0 201554.0
32013.0 201513.0
32858.0 201248.0
36184.0 201044.0
39434.0 200873.0

18596.0 214575.0
18615.0 208573.0
19313.0 207481.0
19912.0 207429.0
19946.0 206754.0
21266.0 206192.0
21342.0 204404.0
21657.0 204060.0
21689.0 204049.0
21708.0 203797.0
22263.0 202925.0
24516.0 202889.0
24750.0 202531.0
24782.0 201952.0
25513.0 201701.0
27843.0 201653.0
28763.0 201547.0
32013.0 201344.0
32858.0 201090.0
36184.0 201037.0
39434.0 200747.0

18596.0 214575.0
18615.0 206372.0
19112.0 206129.0
19505.0 205494.0
20766.0 205175.0
21342.0 203224.0
22263.0 202925.0
24516.0 202889.0
24750.0 202594.0
24782.0 202015.0
25513.0 201701.0
27843.0 201653.0
28763.0 201547.0
32013.0 201344.0
32858.0 201090.0
36184.0 201037.0
39434.0 200747.0

18596.0 214575.0
18615.0 206648.0
19505.0 206129.0
19587.0 205438.0
21342.0 204693.0
21657.0 204060.0
21689.0 204049.0
21708.0 203499.0
22263.0 202925.0
24516.0 202889.0
24592.0 202761.0
24750.0 202531.0
24782.0 201952.0
25513.0 201701.0
27843.0 201653.0
28763.0 201533.0
32013.0 201332.0
32858.0 201090.0
36184.0 200989.0
39434.0 200747.0

18446.0 215629.0
18596.0 214320.0
18615.0 208573.0
18856.0 206612.0
19505.0 205352.0
19946.0 204713.0
20838.0 204232.0
21266.0 203902.0
21342.0 203771.0
21638.0 203743.0
21657.0 203737.0
21708.0 202946.0
22263.0 202896.0
24516.0 202889.0
24731.0 202547.0
24782.0 202015.0
27843.0 201561.0
28687.0 201201.0
31361.0 201165.0
31861.0 201139.0
32013.0 201103.0
32858.0 201069.0
32934.0 200962.0
39434.0 200771.0
43605.0 200619.0

18122.0 214942.0
18596.0 210776.0
18615.0 208573.0
19313.0 207481.0
19471.0 207419.0
19912.0 205448.0
20269.0 204263.0
20387.0 204098.0
21342.0 203781.0
21689.0 203403.0
21708.0 202089.0
24782.0 202015.0
24801.0 200538.0
25513.0 200125.0
28763.0 199745.0
29684.0 199054.0


