18615.0 208001.0
19471.0 206428.0
19980.0 206313.0
21342.0 203982.0
21708.0 203558.0
22263.0 202438.0
23931.0 202314.0
23950.0 202273.0
24016.0 202237.0
24516.0 201615.0
24592.0 201465.0
24801.0 201425.0
25513.0 201274.0
28187.0 200833.0
28763.0 199782.0
32934.0 199751.0
35608.0 199731.0
36108.0 199637.0
36184.0 198872.0
43605.0 198789.0

18615.0 214335.0
18623.0 213286.0
19471.0 210616.0
19505.0 209236.0
20345.0 207799.0
21138.0 206795.0
21342.0 204265.0
21657.0 203735.0
21708.0 203454.0
24516.0 203410.0
25513.0 203006.0
27266.0 202596.0
28763.0 201859.0
32013.0 201116.0

18615.0 214335.0
18623.0 213286.0
19471.0 210149.0
19505.0 209236.0
20345.0 207799.0
20766.0 207271.0
20857.0 207023.0
21138.0 206255.0
21266.0 206085.0
21342.0 204265.0
21657.0 203735.0
21708.0 203454.0
24516.0 203394.0
25513.0 202187.0
27843.0 201999.0
28687.0 201575.0
28763.0 201468.0
32013.0 201116.0

18615.0 208976.0
19313.0 208233.0
19946.0 207880.0
20345.0 207799.0
20766.0 206391.0
21190.0 206278.0
21266.0 205491.0
21342.0 204265.0
21657.0 203735.0
21708.0 203391.0
22495.0 203197.0
25513.0 202736.0
27266.0 202596.0
28687.0 202145.0
28763.0 201859.0
32013.0 201116.0

18615.0 214335.0
18623.0 213286.0
19471.0 210149.0
19505.0 209236.0
20345.0 207799.0
20766.0 207271.0
21138.0 206255.0
21266.0 205699.0
21342.0 204265.0
21657.0 203735.0
21708.0 203338.0
23595.0 203330.0
23950.0 203021.0
24016.0 202717.0
24516.0 202539.0
24592.0 201973.0
25451.0 201852.0
28687.0 201611.0
28763.0 200810.0
36184.0 200661.0

18615.0 210111.0
19313.0 209825.0
19471.0 209822.0
19505.0 208499.0
19845.0 207008.0
20766.0 206454.0
20857.0 205502.0
21266.0 205302.0
21342.0 203977.0
21657.0 203735.0
21708.0 203233.0
22495.0 203072.0
25513.0 202706.0
27266.0 202596.0
28763.0 201859.0
31437.0 201792.0
32013.0 201116.0

18615.0 214335.0
18623.0 213286.0
19471.0 210616.0
19505.0 209236.0
20345.0 207799.0
21138.0 206795.0
21342.0 203819.0
21657.0 203735.0
21708.0 203454.0
24016.0 203384.0
24617.0 203076.0
24801.0 202884.0
25513.0 202383.0
28763.0 201859.0
32013.0 201116.0
36184.0 200108.0

18615.0 211822.0
18922.0 211596.0
19471.0 210616.0
19505.0 209236.0
20345.0 207799.0
21138.0 206795.0
21342.0 204260.0
21657.0 203735.0
21708.0 203233.0
24651.0 203143.0
25513.0 202688.0
27266.0 202350.0
28763.0 201859.0
32013.0 201116.0

18615.0 214335.0
18623.0 213286.0
19471.0 210616.0
19505.0 209236.0
20345.0 207799.0
21138.0 206795.0
21342.0 203505.0
21638.0 203257.0
24617.0 203076.0
24801.0 202884.0
25513.0 202383.0
28763.0 201859.0
32013.0 201116.0
36184.0 200108.0

18615.0 211027.0
18856.0 209627.0
19505.0 208499.0
19946.0 208119.0
20066.0 207413.0
20766.0 207271.0
20857.0 206779.0
21342.0 203977.0
21657.0 203735.0
21708.0 202963.0
24592.0 202789.0
25513.0 202499.0
27487.0 202472.0
27913.0 202350.0
28687.0 202066.0
28763.0 201394.0
32013.0 201080.0
43529.0 200903.0
47776.0 200676.0

18615.0 214335.0
18623.0 213286.0
18922.0 212520.0
19169.0 212484.0
19471.0 210616.0
19505.0 209236.0
19745.0 208921.0
20345.0 207799.0
20857.0 207036.0
21138.0 206795.0
21342.0 203494.0
21708.0 202380.0
25513.0 201173.0
27913.0 200534.0
28687.0 200323.0
28763.0 199345.0
32013.0 199120.0
35111.0 198687.0
42532.0 198281.0


