17996.0 126942.0
18092.0 122441.0
18596.0 121514.0
19912.0 121257.0
21266.0 121254.0
21342.0 120604.0
21708.0 120296.0
24516.0 120289.0
24592.0 120003.0
24750.0 119963.0
27766.0 119883.0
27913.0 119680.0
28763.0 119318.0
31016.0 119317.0
31937.0 119097.0
32013.0 118970.0
35187.0 118805.0
36184.0 118734.0
39434.0 118365.0
40355.0 118227.0

17996.0 129732.0
18092.0 123611.0
18545.0 122800.0
18596.0 122001.0
18615.0 121511.0
19471.0 121471.0
19912.0 121431.0
20345.0 121428.0
21266.0 121420.0
21342.0 121136.0
21708.0 120973.0
24516.0 120617.0
24750.0 120583.0
25513.0 120210.0
27043.0 120123.0
27913.0 120025.0
32013.0 119507.0
36184.0 119196.0

17996.0 129732.0
18092.0 123316.0
18545.0 122800.0
18596.0 121931.0
18615.0 121511.0
19471.0 121471.0
19912.0 121431.0
20345.0 121428.0
21266.0 121420.0
21342.0 121015.0
21708.0 120832.0
24016.0 120648.0
24516.0 120617.0
24750.0 120549.0
25513.0 120105.0
27913.0 119956.0
28687.0 119950.0
32013.0 119507.0
36184.0 119196.0

17996.0 129732.0
18092.0 123611.0
18545.0 122800.0
18596.0 121931.0
18615.0 121511.0
19471.0 121471.0
19912.0 121431.0
20345.0 121428.0
21266.0 121420.0
21342.0 121050.0
21708.0 120669.0
23950.0 120547.0
24801.0 120433.0
25513.0 120105.0
27913.0 119956.0
28763.0 119771.0
32013.0 119507.0
36184.0 119196.0

17996.0 129732.0
18092.0 123575.0
18526.0 123258.0
18545.0 122800.0
18596.0 121931.0
18615.0 121511.0
19471.0 121471.0
19912.0 121431.0
20345.0 121428.0
21266.0 121420.0
21342.0 120956.0
21708.0 120832.0
23950.0 120628.0
24516.0 120617.0
24592.0 120489.0
25513.0 120105.0
27913.0 119956.0
31437.0 119875.0
32013.0 119507.0
36184.0 119196.0

17996.0 129732.0
18092.0 123611.0
18447.0 123536.0
18545.0 122800.0
18596.0 121840.0
18615.0 121511.0
19471.0 121455.0
19912.0 121431.0
20345.0 121428.0
21266.0 121420.0
21342.0 120826.0
21708.0 120615.0
24592.0 120467.0
25513.0 120101.0
27766.0 120016.0
28687.0 119840.0
28763.0 119642.0
32013.0 119420.0
36184.0 119196.0
43529.0 119190.0

17996.0 129732.0
18092.0 123611.0
18545.0 122800.0
18596.0 121800.0
18615.0 121511.0
19471.0 121471.0
19912.0 121431.0
20345.0 121428.0
21266.0 121420.0
21342.0 121136.0
21708.0 120922.0
24516.0 120617.0
24750.0 120571.0
25513.0 120159.0
27043.0 120123.0
27913.0 120025.0
28763.0 119993.0
31937.0 119990.0
32013.0 119507.0
35187.0 119506.0
36184.0 119196.0

17996.0 129732.0
18092.0 123611.0
18447.0 123564.0
18545.0 122800.0
18596.0 121800.0
18615.0 121511.0
19471.0 121471.0
19912.0 121431.0
20345.0 121428.0
21266.0 121420.0
21342.0 121084.0
21689.0 121081.0
21708.0 120922.0
23950.0 120859.0
24516.0 120617.0
24750.0 120571.0
24801.0 120433.0
25513.0 120054.0
27913.0 120025.0
28763.0 119980.0
31937.0 119977.0
32013.0 119507.0
35187.0 119499.0
36184.0 119196.0

17996.0 129732.0
18092.0 123494.0
18447.0 123403.0
18526.0 123258.0
18545.0 122800.0
18596.0 121800.0
18615.0 121511.0
19471.0 121455.0
19912.0 121431.0
20345.0 121428.0
21266.0 121420.0
21342.0 121063.0
21708.0 120922.0
23950.0 120628.0
24516.0 120617.0
24592.0 120574.0
25513.0 120159.0
27043.0 120123.0
27913.0 120025.0
28763.0 119993.0
31437.0 119868.0
32013.0 119507.0
36184.0 119196.0

17996.0 129732.0
18092.0 123611.0
18545.0 122800.0
18596.0 121800.0
18615.0 121511.0
19471.0 121471.0
19912.0 121431.0
20345.0 121428.0
21266.0 121420.0
21342.0 120827.0
21708.0 120631.0
24516.0 120617.0
24592.0 120430.0
24801.0 120405.0
25513.0 120159.0
27043.0 120123.0
27913.0 120025.0
28763.0 119843.0
32013.0 119507.0
35187.0 119499.0
36184.0 119196.0

17996.0 129732.0
18092.0 123611.0
18545.0 122800.0
18596.0 121800.0
18615.0 121511.0
19471.0 121471.0
19912.0 121431.0
20345.0 121428.0
21266.0 121420.0
21342.0 121037.0
21689.0 120912.0
21708.0 120673.0
24516.0 120617.0
24592.0 120517.0
24750.0 120296.0
24820.0 120141.0
25513.0 119912.0
27913.0 119579.0
31861.0 119459.0
32013.0 119410.0
32934.0 118896.0
38361.0 118764.0


