16515.0 42553.0
16519.0 42321.0
16816.0 41687.0
16956.0 41576.0
16990.0 41423.0
17516.0 41191.0
18016.0 41110.0
18092.0 40466.0
18545.0 40444.0
18596.0 40337.0
19912.0 40313.0
21266.0 40310.0
21342.0 40064.0
21708.0 39975.0
24516.0 39972.0
24592.0 39916.0
24820.0 39865.0
25513.0 39758.0
27894.0 39757.0
28687.0 39754.0
28763.0 39631.0
31937.0 39629.0
32013.0 39572.0
32934.0 39512.0
36184.0 39385.0
39358.0 39383.0
39434.0 39327.0
40355.0 39279.0
43529.0 39276.0
43605.0 39152.0
46779.0 39150.0
46855.0 39094.0
51026.0 39071.0

16527.0 44608.0
16595.0 42091.0
16956.0 41868.0
16990.0 41387.0
17516.0 41155.0
18016.0 41074.0
18092.0 40624.0
18545.0 40602.0
18596.0 40337.0
19912.0 40313.0
21266.0 40312.0
21342.0 40064.0
21708.0 39975.0
24592.0 39916.0
24820.0 39905.0
25513.0 39758.0
28763.0 39656.0
32013.0 39573.0
32934.0 39549.0
39434.0 39491.0

16527.0 44608.0
16595.0 42091.0
16956.0 41868.0
16990.0 41387.0
17516.0 41155.0
18016.0 41074.0
18092.0 40624.0
18545.0 40602.0
18596.0 40337.0
19912.0 40313.0
21266.0 40312.0
21342.0 40064.0
21708.0 39975.0
24592.0 39916.0
24820.0 39905.0
25513.0 39758.0
28687.0 39755.0
28763.0 39632.0
31937.0 39629.0
32013.0 39573.0
32934.0 39549.0
39434.0 39491.0

16515.0 45747.0
16527.0 44608.0
16595.0 42091.0
16816.0 41908.0
16956.0 41641.0
16990.0 41387.0
17516.0 41155.0
18016.0 41074.0
18092.0 40466.0
18545.0 40444.0
18596.0 40337.0
19912.0 40313.0
21266.0 40312.0
21342.0 40064.0
21708.0 39975.0
24592.0 39916.0
24820.0 39905.0
25513.0 39758.0
28763.0 39632.0
32013.0 39573.0
32934.0 39549.0
36184.0 39426.0
39358.0 39425.0

16527.0 44608.0
16595.0 42091.0
16816.0 41938.0
16956.0 41868.0
16990.0 41387.0
17516.0 41155.0
18016.0 41074.0
18092.0 40466.0
18545.0 40444.0
18596.0 40337.0
19912.0 40313.0
21266.0 40312.0
21342.0 40064.0
21708.0 39975.0
24592.0 39916.0
24820.0 39905.0
25513.0 39758.0
28763.0 39656.0
32013.0 39573.0
32934.0 39549.0
39434.0 39491.0

16515.0 42007.0
16595.0 41775.0
16956.0 41641.0
16990.0 41387.0
17516.0 41155.0
18016.0 41074.0
18092.0 40531.0
18545.0 40514.0
18596.0 40337.0
19912.0 40313.0
21266.0 40312.0
21342.0 40064.0
21708.0 39975.0
24592.0 39916.0
24820.0 39905.0
25513.0 39758.0
28763.0 39656.0
32013.0 39573.0
32934.0 39512.0
39434.0 39491.0

16527.0 44608.0
16595.0 42091.0
16816.0 41938.0
16956.0 41868.0
16990.0 41387.0
17516.0 41155.0
18016.0 41074.0
18092.0 40624.0
18545.0 40602.0
18596.0 40337.0
19912.0 40313.0
21266.0 40312.0
21342.0 40064.0
21708.0 39975.0
24592.0 39916.0
24820.0 39905.0
25513.0 39758.0
28763.0 39632.0
31937.0 39629.0
32013.0 39573.0
32934.0 39549.0
39434.0 39491.0

16515.0 45747.0
16527.0 44608.0
16595.0 42091.0
16816.0 41908.0
16956.0 41868.0
16990.0 41387.0
17516.0 41155.0
18016.0 41074.0
18092.0 40624.0
18545.0 40602.0
18596.0 40337.0
19912.0 40313.0
21266.0 40312.0
21342.0 40064.0
21708.0 39975.0
24516.0 39972.0
24592.0 39916.0
24820.0 39905.0
25513.0 39758.0
28687.0 39755.0
28763.0 39632.0
31937.0 39629.0
32013.0 39573.0
32934.0 39536.0
39434.0 39491.0

16527.0 44608.0
16595.0 42091.0
16816.0 41938.0
16956.0 41868.0
16990.0 41387.0
17516.0 41155.0
18016.0 41074.0
18092.0 40466.0
18545.0 40444.0
18596.0 40337.0
19912.0 40313.0
21266.0 40312.0
21342.0 40064.0
21708.0 39975.0
24592.0 39916.0
24820.0 39905.0
25513.0 39758.0
28763.0 39632.0
31937.0 39629.0
32013.0 39573.0
32934.0 39549.0
39434.0 39491.0

16515.0 42007.0
16595.0 41775.0
16956.0 41641.0
16990.0 41387.0
17516.0 41155.0
18016.0 41074.0
18092.0 40557.0
18545.0 40540.0
18596.0 40337.0
19912.0 40313.0
21266.0 40310.0
21342.0 40064.0
21708.0 39975.0
24592.0 39916.0
24820.0 39905.0
25513.0 39758.0
28763.0 39632.0
32013.0 39573.0
32934.0 39512.0
36184.0 39474.0
39358.0 39473.0
40355.0 39430.0

16290.0 43610.0
16515.0 41587.0
16519.0 41524.0
16990.0 41387.0
17516.0 41155.0
18016.0 41074.0
18092.0 40466.0
18545.0 40444.0
18596.0 40337.0
19912.0 40313.0
21266.0 40310.0
21342.0 40064.0
21708.0 39975.0
24516.0 39972.0
24592.0 39916.0
24820.0 39865.0
25513.0 39758.0
28687.0 39755.0
28763.0 39631.0
31937.0 39629.0
32013.0 39573.0
32934.0 39512.0
36184.0 39386.0
39434.0 39340.0
40355.0 39319.0
43605.0 39153.0
46855.0 39117.0


