18092.0 128812.0
18596.0 123266.0
19912.0 123242.0
21266.0 123206.0
21342.0 121729.0
24801.0 121446.0
28187.0 121434.0
28687.0 121335.0
28763.0 120869.0

18092.0 128812.0
18596.0 123266.0
19912.0 123242.0
21266.0 123206.0
21342.0 121729.0
24801.0 121446.0
28187.0 121434.0
28687.0 121335.0
28763.0 120869.0

18092.0 128812.0
18596.0 123266.0
19912.0 123242.0
21266.0 123206.0
21342.0 121729.0
24801.0 121446.0
28187.0 121434.0
28687.0 121335.0
28763.0 120869.0

18092.0 128812.0
18596.0 123266.0
19912.0 123242.0
21266.0 123206.0
21342.0 121729.0
24801.0 121446.0
28187.0 121434.0
28687.0 121335.0
28763.0 120869.0

18092.0 128812.0
18596.0 123266.0
19912.0 123242.0
21266.0 123206.0
21342.0 121729.0
24801.0 121446.0
28187.0 121434.0
28687.0 121335.0
28763.0 120869.0

18092.0 128812.0
18596.0 123266.0
19912.0 123242.0
21266.0 123206.0
21342.0 121729.0
24801.0 121446.0
28187.0 121434.0
28687.0 121335.0
28763.0 120869.0

18092.0 128812.0
18596.0 123266.0
19912.0 123242.0
21266.0 123206.0
21342.0 121729.0
24801.0 121446.0
28187.0 121434.0
28687.0 121335.0
28763.0 120869.0

18092.0 128812.0
18596.0 123266.0
19912.0 123242.0
21266.0 123206.0
21342.0 121729.0
24801.0 121446.0
28187.0 121434.0
28687.0 121335.0
28763.0 120869.0

18092.0 128812.0
18596.0 123266.0
19912.0 123242.0
21266.0 123206.0
21342.0 121729.0
24801.0 121446.0
28187.0 121434.0
28687.0 121335.0
28763.0 120869.0

18092.0 128812.0
18596.0 123266.0
19912.0 123242.0
21266.0 123206.0
21342.0 121729.0
24801.0 121446.0
28187.0 121434.0
28687.0 121335.0
28763.0 120869.0

18092.0 128812.0
18596.0 123266.0
19912.0 123242.0
21266.0 123206.0
21342.0 121729.0
24801.0 121446.0
28187.0 121434.0
28687.0 121335.0
28763.0 120869.0


