16515.0 45319.0
16571.0 43353.0
16816.0 42108.0
16956.0 42038.0
16990.0 41607.0
17345.0 41445.0
17516.0 41194.0
18016.0 41113.0
18092.0 40636.0
18545.0 40614.0
18596.0 40367.0
19912.0 40343.0
21266.0 40340.0
21342.0 40281.0
21708.0 40042.0
25513.0 39758.0
28763.0 39745.0
32934.0 39525.0
36108.0 39524.0
36184.0 39489.0
40355.0 39319.0
46855.0 39094.0

16515.0 41473.0
16519.0 41463.0
16595.0 41259.0
17171.0 40835.0
18092.0 40466.0
18545.0 40444.0
18596.0 40337.0
19912.0 40313.0
21266.0 40312.0
21342.0 40128.0
21708.0 40015.0
24516.0 39972.0
25513.0 39822.0
27894.0 39821.0
28763.0 39672.0
32934.0 39588.0
36184.0 39553.0

16515.0 41473.0
16519.0 41463.0
16595.0 41259.0
17095.0 41039.0
17171.0 40835.0
18092.0 40466.0
18545.0 40444.0
18596.0 40337.0
19912.0 40313.0
21266.0 40312.0
21342.0 40104.0
21708.0 40015.0
24516.0 39972.0
25513.0 39798.0
28763.0 39672.0
31937.0 39671.0
32934.0 39552.0
36184.0 39439.0

16023.0 43239.0
16156.0 42058.0
16515.0 41334.0
16595.0 41102.0
17095.0 41021.0
17171.0 40835.0
18092.0 40466.0
18545.0 40444.0
18596.0 40337.0
19912.0 40313.0
21266.0 40310.0
21342.0 40104.0
21708.0 40015.0
24516.0 39972.0
24592.0 39956.0
24820.0 39905.0
25513.0 39758.0
27894.0 39757.0
28763.0 39672.0
32934.0 39525.0

16515.0 41473.0
16519.0 41463.0
16595.0 41120.0
17095.0 41021.0
17171.0 40835.0
18092.0 40466.0
18545.0 40444.0
18596.0 40337.0
19912.0 40313.0
21266.0 40312.0
21342.0 40104.0
21708.0 40015.0
24516.0 39972.0
24592.0 39956.0
25513.0 39798.0
28763.0 39672.0
31937.0 39629.0
32934.0 39588.0
36184.0 39553.0

16515.0 41473.0
16519.0 41463.0
16595.0 41259.0
17171.0 40835.0
18092.0 40466.0
18545.0 40444.0
18596.0 40337.0
19912.0 40313.0
21266.0 40312.0
21342.0 40104.0
21708.0 40015.0
24516.0 39972.0
25513.0 39822.0
27843.0 39805.0
28763.0 39672.0
32934.0 39565.0
36184.0 39553.0

16515.0 41473.0
16519.0 41463.0
16595.0 41259.0
17095.0 41039.0
17171.0 40835.0
18092.0 40466.0
18545.0 40444.0
18596.0 40337.0
19912.0 40313.0
21266.0 40312.0
21342.0 40128.0
21708.0 40015.0
24516.0 39972.0
25513.0 39758.0
27894.0 39757.0
28763.0 39672.0
32934.0 39552.0
36184.0 39439.0

16515.0 41473.0
16519.0 41463.0
16595.0 41120.0
17095.0 41039.0
17171.0 40835.0
18092.0 40466.0
18545.0 40444.0
18596.0 40337.0
19912.0 40313.0
21266.0 40312.0
21342.0 40128.0
21708.0 40015.0
24516.0 39972.0
25513.0 39758.0
27894.0 39757.0
28763.0 39672.0
32934.0 39552.0
36184.0 39439.0

16515.0 41473.0
16519.0 41463.0
16595.0 41120.0
17095.0 41021.0
17171.0 40835.0
18092.0 40466.0
18545.0 40444.0
18596.0 40337.0
19912.0 40313.0
21266.0 40312.0
21342.0 40104.0
21708.0 40015.0
24516.0 39972.0
24592.0 39956.0
25513.0 39758.0
27894.0 39757.0
28763.0 39672.0
31937.0 39629.0
32934.0 39552.0
36184.0 39439.0

16515.0 41473.0
16519.0 41463.0
16595.0 41259.0
17171.0 40835.0
18092.0 40466.0
18545.0 40444.0
18596.0 40337.0
19912.0 40313.0
21266.0 40312.0
21342.0 40104.0
21708.0 40015.0
24516.0 39972.0
25513.0 39758.0
27894.0 39757.0
28763.0 39672.0
31937.0 39629.0
32934.0 39565.0
36184.0 39553.0
39358.0 39396.0

16515.0 41473.0
16519.0 41463.0
16595.0 41120.0
17095.0 41039.0
17171.0 40835.0
18092.0 40466.0
18545.0 40444.0
18596.0 40337.0
19912.0 40313.0
21266.0 40312.0
21342.0 40104.0
21708.0 40015.0
24516.0 39972.0
25513.0 39758.0
27894.0 39757.0
28763.0 39672.0
32013.0 39636.0
32934.0 39565.0
36108.0 39545.0
36184.0 39462.0
39434.0 39427.0
40355.0 39342.0
46855.0 39181.0


