18092.0 124777.0
18447.0 124573.0
18545.0 123414.0
18596.0 122154.0
19912.0 122073.0
21266.0 121833.0
21342.0 121091.0
21708.0 120788.0
24516.0 120580.0
24750.0 120485.0
25513.0 119769.0
27792.0 119752.0
28763.0 119382.0
31937.0 119357.0
32934.0 119112.0
36184.0 118825.0
39358.0 118801.0
40355.0 118490.0
43605.0 118200.0
50029.0 118118.0

18092.0 127579.0
18545.0 123409.0
18615.0 122791.0
19146.0 122641.0
19946.0 122568.0
20838.0 122475.0
21266.0 122283.0
21342.0 121661.0
21708.0 121334.0
24516.0 121162.0
24592.0 120863.0
25513.0 120447.0
28763.0 120269.0
32013.0 119922.0
39434.0 119759.0

18092.0 127579.0
18545.0 123409.0
18615.0 122791.0
19146.0 122641.0
19946.0 122568.0
20838.0 122475.0
21266.0 122283.0
21342.0 121661.0
21708.0 121097.0
24516.0 121096.0
24592.0 120863.0
25513.0 120447.0
28763.0 120129.0
32013.0 119922.0
39434.0 119759.0

18092.0 127579.0
18545.0 123409.0
18596.0 122258.0
18615.0 122046.0
19980.0 121832.0
21266.0 121585.0
21342.0 121516.0
21587.0 121330.0
21708.0 121119.0
24016.0 121111.0
24516.0 121096.0
24592.0 120863.0
24801.0 120408.0
25513.0 120307.0
28687.0 120173.0
28763.0 120074.0
31937.0 119981.0
32013.0 119922.0
36184.0 119482.0

18092.0 127579.0
18545.0 123409.0
18596.0 122258.0
18615.0 121966.0
19112.0 121746.0
19912.0 121635.0
21266.0 121592.0
21342.0 121097.0
21708.0 121037.0
24592.0 120863.0
25513.0 120267.0
28763.0 120080.0
32013.0 119922.0
36184.0 119482.0

18092.0 126690.0
18545.0 123409.0
18596.0 122258.0
18615.0 122046.0
20857.0 121993.0
21266.0 121874.0
21342.0 121192.0
21708.0 121191.0
24516.0 121162.0
24592.0 120863.0
24801.0 120803.0
24820.0 120515.0
25513.0 120318.0
28763.0 119910.0
32013.0 119807.0
36184.0 119482.0

18092.0 127579.0
18545.0 123409.0
18596.0 122258.0
18615.0 122046.0
20857.0 121993.0
21266.0 121874.0
21342.0 121345.0
21708.0 121073.0
24016.0 121065.0
24592.0 120863.0
25513.0 120423.0
28763.0 120024.0
32013.0 119922.0
32934.0 119807.0
36184.0 119482.0

18092.0 127579.0
18545.0 123409.0
18596.0 122258.0
18615.0 122046.0
20857.0 121993.0
21266.0 121874.0
21342.0 121345.0
21708.0 121073.0
24016.0 121065.0
24592.0 120863.0
25513.0 120318.0
28763.0 120024.0
32013.0 119922.0
32934.0 119807.0
36184.0 119482.0

18092.0 127579.0
18545.0 123409.0
18596.0 122258.0
18615.0 121589.0
19912.0 121565.0
21266.0 121521.0
21342.0 121143.0
21657.0 121121.0
21708.0 120863.0
24516.0 120819.0
24801.0 120591.0
25513.0 120100.0
28687.0 120036.0
28763.0 119715.0
36184.0 119466.0
43605.0 119376.0

18092.0 126690.0
18545.0 123409.0
18596.0 122258.0
18615.0 122046.0
20857.0 121993.0
21266.0 121874.0
21342.0 121204.0
21689.0 121116.0
21708.0 121068.0
22263.0 120564.0
24516.0 120493.0
25513.0 120318.0
28763.0 120025.0
32013.0 119922.0
32934.0 119790.0
36184.0 119482.0

18092.0 124523.0
18545.0 123409.0
18596.0 123253.0
18615.0 121751.0
19112.0 121727.0
21266.0 121613.0
21342.0 121031.0
21708.0 120819.0
24516.0 120816.0
24592.0 120671.0
24801.0 120577.0
25513.0 120357.0
28763.0 119229.0
32013.0 119141.0
32934.0 118709.0
40355.0 118342.0


