16256.0 43726.0
16745.0 42966.0
16816.0 41843.0
16990.0 41396.0
17516.0 41164.0
18016.0 41083.0
18092.0 40466.0
18545.0 40444.0
18596.0 40337.0
19912.0 40313.0
21266.0 40310.0
21342.0 40064.0
21708.0 39975.0
24516.0 39972.0
24592.0 39915.0
24820.0 39865.0
25513.0 39758.0
27894.0 39757.0
28687.0 39754.0
28763.0 39631.0
31937.0 39629.0
32013.0 39572.0
32934.0 39511.0
36108.0 39508.0
36184.0 39385.0
39434.0 39326.0
40355.0 39278.0
43529.0 39275.0
43605.0 39152.0
46855.0 39093.0
50029.0 39092.0

16515.0 41267.0
16595.0 41035.0
17095.0 41021.0
17171.0 40768.0
18092.0 40466.0
18545.0 40449.0
18596.0 40337.0
19912.0 40313.0
21266.0 40310.0
21342.0 40104.0
21708.0 39975.0
24516.0 39974.0
24592.0 39939.0
24820.0 39889.0
25513.0 39758.0
28763.0 39632.0
32013.0 39591.0
32934.0 39542.0
35263.0 39537.0
36108.0 39509.0
36184.0 39410.0
39434.0 39350.0
40355.0 39319.0
42684.0 39291.0
46855.0 39224.0

16515.0 41267.0
16595.0 41035.0
17095.0 41021.0
17171.0 40768.0
18092.0 40466.0
18545.0 40444.0
18596.0 40337.0
19912.0 40313.0
21266.0 40310.0
21342.0 40104.0
21708.0 39975.0
24516.0 39972.0
24592.0 39915.0
24820.0 39889.0
25513.0 39758.0
28687.0 39757.0
28763.0 39632.0
32013.0 39572.0
32934.0 39512.0
36108.0 39509.0
36184.0 39410.0
39434.0 39350.0
40355.0 39319.0
42684.0 39291.0
43605.0 39193.0
46855.0 39134.0

16515.0 41267.0
16595.0 41035.0
17095.0 40954.0
17171.0 40744.0
18092.0 40466.0
18545.0 40444.0
18596.0 40337.0
19912.0 40313.0
21266.0 40310.0
21342.0 40064.0
21708.0 39975.0
24516.0 39972.0
24592.0 39916.0
24820.0 39865.0
25513.0 39758.0
28763.0 39632.0
32013.0 39591.0
32934.0 39525.0
36108.0 39509.0
36184.0 39410.0
39434.0 39350.0
40355.0 39319.0
42684.0 39291.0
46855.0 39224.0

16515.0 41267.0
16595.0 41035.0
17095.0 40954.0
17171.0 40768.0
18092.0 40466.0
18545.0 40444.0
18596.0 40337.0
19912.0 40313.0
21266.0 40310.0
21342.0 40064.0
21708.0 39975.0
24516.0 39972.0
24592.0 39939.0
24820.0 39889.0
25513.0 39758.0
28763.0 39632.0
32013.0 39573.0
32934.0 39519.0
36108.0 39509.0
36184.0 39410.0
39434.0 39334.0
40355.0 39279.0
43605.0 39193.0
46855.0 39134.0

16515.0 41267.0
16595.0 41035.0
17095.0 40954.0
17171.0 40768.0
18092.0 40466.0
18545.0 40444.0
18596.0 40337.0
19912.0 40313.0
21266.0 40310.0
21342.0 40064.0
21708.0 39975.0
24516.0 39972.0
24592.0 39916.0
24820.0 39865.0
25513.0 39758.0
27894.0 39757.0
28687.0 39755.0
28763.0 39631.0
32013.0 39572.0
32934.0 39512.0
36108.0 39509.0
36184.0 39386.0
39434.0 39327.0
40355.0 39279.0
43605.0 39193.0

16515.0 41267.0
16595.0 41035.0
17095.0 41021.0
17171.0 40744.0
18092.0 40466.0
18545.0 40444.0
18596.0 40337.0
19912.0 40313.0
21266.0 40310.0
21342.0 40088.0
21708.0 39975.0
24516.0 39974.0
24592.0 39915.0
24820.0 39889.0
25513.0 39758.0
28687.0 39755.0
28763.0 39632.0
31937.0 39630.0
32013.0 39572.0
32934.0 39512.0
36108.0 39509.0
36184.0 39410.0
39358.0 39397.0
39434.0 39350.0
40355.0 39319.0
42684.0 39291.0
43605.0 39193.0
46855.0 39134.0

16515.0 41267.0
16595.0 41035.0
17095.0 40954.0
17171.0 40744.0
18092.0 40466.0
18545.0 40444.0
18596.0 40337.0
19912.0 40313.0
21266.0 40310.0
21342.0 40064.0
21708.0 39975.0
24516.0 39974.0
24592.0 39915.0
24820.0 39889.0
25513.0 39758.0
28687.0 39755.0
28763.0 39632.0
31937.0 39629.0
32013.0 39572.0
32934.0 39512.0
36108.0 39509.0
36184.0 39386.0
39358.0 39385.0
39434.0 39327.0
40355.0 39303.0
42684.0 39291.0
43605.0 39177.0
46855.0 39134.0

16515.0 41267.0
16595.0 41035.0
17095.0 40954.0
17171.0 40768.0
18092.0 40466.0
18545.0 40444.0
18596.0 40337.0
19912.0 40313.0
21266.0 40310.0
21342.0 40064.0
21708.0 39975.0
24516.0 39974.0
24592.0 39916.0
24820.0 39889.0
25513.0 39758.0
27894.0 39757.0
28687.0 39756.0
28763.0 39632.0
31937.0 39629.0
32013.0 39573.0
32934.0 39512.0
36108.0 39509.0
36184.0 39399.0
39358.0 39397.0
39434.0 39350.0
40355.0 39279.0
43605.0 39193.0
46855.0 39134.0
54276.0 39052.0

16515.0 41267.0
16595.0 41035.0
17095.0 40954.0
17171.0 40768.0
18092.0 40466.0
18545.0 40444.0
18596.0 40337.0
19912.0 40313.0
21266.0 40310.0
21342.0 40064.0
21708.0 39975.0
24516.0 39972.0
24592.0 39915.0
24820.0 39889.0
25513.0 39758.0
27894.0 39757.0
28687.0 39755.0
28763.0 39631.0
31937.0 39629.0
32013.0 39572.0
32934.0 39512.0
36108.0 39509.0
36184.0 39386.0
39434.0 39327.0
40355.0 39279.0
43605.0 39160.0
46855.0 39101.0

16256.0 46256.0
16515.0 41267.0
16595.0 41035.0
17095.0 40954.0
17171.0 40744.0
18092.0 40466.0
18545.0 40444.0
18596.0 40337.0
19912.0 40313.0
21266.0 40310.0
21342.0 40064.0
21708.0 39975.0
24516.0 39972.0
24592.0 39916.0
24820.0 39865.0
25513.0 39758.0
28687.0 39755.0
28763.0 39631.0
31937.0 39629.0
32013.0 39573.0
32934.0 39512.0
36108.0 39509.0
36184.0 39386.0
39434.0 39350.0
40355.0 39279.0
43605.0 39152.0
46855.0 39118.0
51026.0 39089.0


