18596.0 213916.0
18615.0 207470.0
21266.0 207175.0
21342.0 206137.0
21638.0 205957.0
22263.0 204395.0
24820.0 204092.0
25437.0 204018.0
25513.0 203281.0
27062.0 202797.0
28763.0 202617.0
32858.0 202228.0
35263.0 202187.0

19587.0 216827.0
20066.0 215142.0
20166.0 214613.0
20190.0 214034.0
20238.0 213690.0
20387.0 213180.0
20742.0 208331.0
21108.0 207944.0
21138.0 207312.0
21342.0 204358.0
21708.0 203825.0
24801.0 203792.0
25513.0 203445.0
28687.0 203386.0
28763.0 202914.0
32934.0 202816.0
34099.0 202734.0
36184.0 202235.0

19146.0 218473.0
19505.0 213040.0
19946.0 209932.0
20066.0 206691.0
20838.0 205554.0
21266.0 205299.0
21342.0 204358.0
21708.0 203439.0
24516.0 203399.0
25513.0 203139.0
28687.0 202666.0
28763.0 202076.0
39358.0 202046.0

18922.0 218349.0
19471.0 216911.0
19505.0 215636.0
19946.0 209932.0
20066.0 206691.0
20838.0 205416.0
21266.0 205259.0
21342.0 203944.0
21657.0 203657.0
24801.0 203560.0
25513.0 203166.0
28687.0 202730.0
36184.0 202191.0
39358.0 202174.0

19280.0 210559.0
19505.0 207463.0
19980.0 206796.0
20066.0 206691.0
20838.0 205416.0
21266.0 205259.0
21342.0 204358.0
21657.0 204315.0
21708.0 203825.0
24592.0 203741.0
24801.0 203583.0
24820.0 203410.0
25513.0 203157.0
28687.0 202730.0
31937.0 202134.0

18922.0 219527.0
19471.0 212588.0
19505.0 210069.0
20166.0 210009.0
20742.0 208331.0
21108.0 207944.0
21138.0 207312.0
21266.0 207002.0
21342.0 204160.0
21708.0 203825.0
24801.0 203583.0
25513.0 203445.0
28687.0 203187.0
28763.0 202631.0
31937.0 202451.0
34099.0 202138.0
46779.0 201700.0

19587.0 216827.0
20066.0 215142.0
20166.0 214613.0
20190.0 214034.0
20238.0 213690.0
20387.0 213180.0
20742.0 208331.0
21108.0 207944.0
21138.0 207312.0
21342.0 204358.0
21708.0 203825.0
24801.0 203792.0
25513.0 203445.0
28687.0 203386.0
28763.0 202914.0
32934.0 202816.0
34099.0 202734.0
36184.0 202235.0

18596.0 217387.0
18805.0 213291.0
19280.0 212845.0
19505.0 209335.0
19980.0 208485.0
20742.0 208331.0
21108.0 207944.0
21138.0 207312.0
21266.0 205776.0
21342.0 204203.0
21708.0 203825.0
24801.0 203792.0
25513.0 203445.0
27913.0 203279.0
28687.0 203125.0
28763.0 202914.0
31937.0 202692.0
36184.0 202235.0
46779.0 202157.0
50029.0 201975.0

19505.0 218326.0
19587.0 216827.0
19980.0 213932.0
20066.0 208357.0
20438.0 207570.0
20838.0 205551.0
21342.0 204358.0
21657.0 204311.0
21708.0 203825.0
24801.0 203367.0
28687.0 203341.0
28763.0 202914.0
32934.0 202816.0
34099.0 202734.0
36184.0 202235.0

18922.0 211243.0
19146.0 207684.0
19946.0 207031.0
21266.0 206442.0
21342.0 204358.0
21708.0 203825.0
24801.0 203667.0
25513.0 203129.0
28687.0 203128.0
28763.0 202914.0
31937.0 202660.0
36184.0 202235.0

19471.0 221217.0
19505.0 220750.0
19587.0 216827.0
19980.0 215268.0
20066.0 211794.0
20690.0 211549.0
20742.0 208331.0
21108.0 207944.0
21138.0 207312.0
21342.0 204357.0
21638.0 203902.0
21689.0 203379.0
21708.0 203278.0
22263.0 203269.0
24592.0 203241.0
24801.0 202589.0
25513.0 201943.0
27894.0 201033.0
28763.0 200995.0
31937.0 200600.0
38437.0 198872.0
49032.0 197881.0


