17516.0 126764.0
18545.0 126272.0
18596.0 125805.0
18615.0 122333.0
19112.0 122105.0
19587.0 122066.0
19845.0 121672.0
19912.0 121602.0
20345.0 121573.0
20387.0 121391.0
20421.0 121243.0
21266.0 121240.0
21342.0 120774.0
21708.0 120216.0
24516.0 120213.0
24592.0 120121.0
24820.0 120102.0
25513.0 119929.0
27842.0 119893.0
27894.0 119878.0
28687.0 119875.0
28763.0 119084.0
31937.0 119083.0
32013.0 118983.0
35263.0 118948.0
36184.0 118375.0
38858.0 118368.0
39358.0 118305.0
39434.0 118275.0
42108.0 118268.0
42608.0 118205.0
43605.0 118188.0
46855.0 117953.0

17745.0 129981.0
18092.0 126151.0
18312.0 124723.0
18475.0 123765.0
18545.0 123368.0
18596.0 121799.0
19112.0 121518.0
19912.0 121494.0
20766.0 121486.0
21266.0 121423.0
21342.0 121287.0
21638.0 121281.0
21708.0 121103.0
24516.0 120977.0
24592.0 120706.0
24820.0 120464.0
25513.0 120314.0
28687.0 120192.0
28763.0 119959.0
31937.0 119912.0
32013.0 119344.0
39434.0 119159.0
46855.0 118913.0

17745.0 129981.0
18092.0 125796.0
18312.0 124723.0
18475.0 123765.0
18545.0 123085.0
18596.0 121799.0
19112.0 121518.0
19912.0 121494.0
20766.0 121486.0
21266.0 121423.0
21342.0 121287.0
21638.0 121281.0
21708.0 121053.0
22263.0 120915.0
24592.0 120656.0
24820.0 120414.0
25513.0 120057.0
28687.0 119984.0
28763.0 119844.0
32013.0 119344.0
36184.0 119215.0
39434.0 119079.0
46855.0 118913.0

17745.0 129981.0
18092.0 123782.0
18475.0 123765.0
18545.0 123238.0
18596.0 121472.0
19912.0 121408.0
21342.0 120866.0
21708.0 120711.0
24516.0 120694.0
24592.0 120656.0
24820.0 120414.0
25513.0 120033.0
28687.0 119983.0
28763.0 119513.0
31937.0 119410.0
32013.0 119344.0
36184.0 119295.0
39434.0 119079.0
46855.0 118913.0

17745.0 129981.0
18092.0 125796.0
18312.0 124723.0
18475.0 123765.0
18513.0 123690.0
18545.0 123085.0
18596.0 121311.0
19912.0 121287.0
21266.0 121284.0
21342.0 120759.0
21708.0 120707.0
24516.0 120664.0
24592.0 120307.0
24750.0 120290.0
25513.0 119934.0
27843.0 119912.0
28687.0 119895.0
28763.0 119435.0
31937.0 119427.0
32013.0 119344.0
36184.0 119030.0
46855.0 118913.0

17745.0 129981.0
18016.0 129875.0
18056.0 129792.0
18092.0 124935.0
18312.0 124723.0
18475.0 123765.0
18545.0 123368.0
18596.0 121738.0
19112.0 121518.0
19912.0 121494.0
20766.0 121486.0
21266.0 121423.0
21342.0 120954.0
21708.0 120610.0
24516.0 120585.0
24592.0 120544.0
24750.0 120408.0
25513.0 120033.0
28687.0 120032.0
28763.0 119772.0
32013.0 119344.0
39434.0 119159.0
46855.0 118913.0

17745.0 129981.0
18092.0 125796.0
18312.0 124723.0
18475.0 123765.0
18545.0 123268.0
18596.0 121799.0
19112.0 121518.0
19912.0 121494.0
20766.0 121486.0
21266.0 121423.0
21342.0 121151.0
21708.0 121045.0
22263.0 120910.0
24516.0 120837.0
24592.0 120706.0
24820.0 120464.0
25513.0 120057.0
28687.0 119984.0
28763.0 119804.0
32013.0 119344.0
36184.0 119128.0
46855.0 118913.0

17745.0 129981.0
18092.0 122326.0
18596.0 121408.0
21266.0 121383.0
21342.0 120939.0
21638.0 120897.0
21708.0 120892.0
22263.0 120884.0
24516.0 120837.0
24592.0 120575.0
24801.0 120519.0
24820.0 120464.0
25513.0 120057.0
28187.0 120025.0
28687.0 119984.0
28763.0 119779.0
32013.0 119344.0
36184.0 119128.0
46855.0 118913.0

17745.0 129981.0
18092.0 125796.0
18312.0 124723.0
18475.0 123765.0
18545.0 123268.0
18596.0 121327.0
19912.0 121247.0
21342.0 120597.0
21657.0 120550.0
21708.0 120330.0
24592.0 120294.0
24750.0 120188.0
25513.0 119945.0
28763.0 119763.0
32013.0 119288.0
36184.0 119121.0
46855.0 118913.0

17745.0 129959.0
18016.0 129875.0
18056.0 129792.0
18092.0 124565.0
18312.0 124402.0
18475.0 123765.0
18545.0 123238.0
18596.0 121738.0
19112.0 121518.0
19912.0 121424.0
21266.0 121422.0
21342.0 121212.0
21708.0 121092.0
22263.0 120884.0
24592.0 120706.0
24801.0 120692.0
24820.0 120464.0
25513.0 119950.0
28763.0 119645.0
32013.0 119344.0
36184.0 119145.0
46855.0 118913.0

17745.0 129694.0
18092.0 122158.0
18545.0 122141.0
18596.0 121233.0
19912.0 121209.0
21342.0 120564.0
21708.0 120352.0
24592.0 120316.0
25513.0 119683.0
28763.0 119326.0
32934.0 119149.0
36184.0 119128.0
41611.0 118811.0


