16816.0 42722.0
16990.0 41658.0
17516.0 41426.0
18016.0 41363.0
18092.0 40496.0
18545.0 40449.0
18596.0 40367.0
19912.0 40343.0
21266.0 40342.0
21342.0 40173.0
21708.0 40042.0
24516.0 40041.0
24592.0 39956.0
25513.0 39868.0
28763.0 39820.0
32934.0 39622.0
36184.0 39530.0

16816.0 42722.0
16990.0 41658.0
17516.0 41426.0
18016.0 41363.0
18092.0 40496.0
18545.0 40449.0
18596.0 40367.0
19912.0 40343.0
21266.0 40342.0
21342.0 40173.0
21708.0 40042.0
24516.0 40041.0
24592.0 39956.0
25513.0 39868.0
28763.0 39820.0
32934.0 39622.0
36184.0 39530.0

16816.0 42722.0
16990.0 41658.0
17516.0 41426.0
18016.0 41363.0
18092.0 40496.0
18545.0 40449.0
18596.0 40367.0
19912.0 40343.0
21266.0 40342.0
21342.0 40173.0
21708.0 40042.0
24516.0 40041.0
24592.0 39956.0
25513.0 39868.0
28763.0 39820.0
32934.0 39622.0
36184.0 39530.0

16816.0 42722.0
16990.0 41658.0
17516.0 41426.0
18016.0 41363.0
18092.0 40496.0
18545.0 40449.0
18596.0 40367.0
19912.0 40343.0
21266.0 40342.0
21342.0 40173.0
21708.0 40042.0
24516.0 40041.0
24592.0 39956.0
25513.0 39868.0
28763.0 39820.0
32934.0 39622.0
36184.0 39530.0

16816.0 42722.0
16990.0 41658.0
17516.0 41426.0
18016.0 41363.0
18092.0 40496.0
18545.0 40449.0
18596.0 40367.0
19912.0 40343.0
21266.0 40342.0
21342.0 40173.0
21708.0 40042.0
24516.0 40041.0
24592.0 39956.0
25513.0 39868.0
28763.0 39820.0
32934.0 39622.0
36184.0 39530.0

16816.0 42722.0
16990.0 41658.0
17516.0 41426.0
18016.0 41363.0
18092.0 40496.0
18545.0 40449.0
18596.0 40367.0
19912.0 40343.0
21266.0 40342.0
21342.0 40173.0
21708.0 40042.0
24516.0 40041.0
24592.0 39956.0
25513.0 39868.0
28763.0 39820.0
32934.0 39622.0
36184.0 39530.0

16816.0 42722.0
16990.0 41658.0
17516.0 41426.0
18016.0 41363.0
18092.0 40496.0
18545.0 40449.0
18596.0 40367.0
19912.0 40343.0
21266.0 40342.0
21342.0 40173.0
21708.0 40042.0
24516.0 40041.0
24592.0 39956.0
25513.0 39868.0
28763.0 39820.0
32934.0 39622.0
36184.0 39530.0

16816.0 42722.0
16990.0 41658.0
17516.0 41426.0
18016.0 41363.0
18092.0 40496.0
18545.0 40449.0
18596.0 40367.0
19912.0 40343.0
21266.0 40342.0
21342.0 40173.0
21708.0 40042.0
24516.0 40041.0
24592.0 39956.0
25513.0 39868.0
28763.0 39820.0
32934.0 39622.0
36184.0 39530.0

16816.0 42722.0
16990.0 41658.0
17516.0 41426.0
18016.0 41363.0
18092.0 40496.0
18545.0 40449.0
18596.0 40367.0
19912.0 40343.0
21266.0 40342.0
21342.0 40173.0
21708.0 40042.0
24516.0 40041.0
24592.0 39956.0
25513.0 39868.0
28763.0 39820.0
32934.0 39622.0
36184.0 39530.0

16816.0 42722.0
16990.0 41658.0
17516.0 41426.0
18016.0 41363.0
18092.0 40496.0
18545.0 40449.0
18596.0 40367.0
19912.0 40343.0
21266.0 40342.0
21342.0 40173.0
21708.0 40042.0
24516.0 40041.0
24592.0 39956.0
25513.0 39868.0
28763.0 39820.0
32934.0 39622.0
36184.0 39530.0

16816.0 42722.0
16990.0 41658.0
17516.0 41426.0
18016.0 41363.0
18092.0 40496.0
18545.0 40449.0
18596.0 40367.0
19912.0 40343.0
21266.0 40342.0
21342.0 40173.0
21708.0 40042.0
24516.0 40041.0
24592.0 39956.0
25513.0 39868.0
28763.0 39820.0
32934.0 39622.0
36184.0 39530.0


