18092.0 129335.0
18148.0 126945.0
18447.0 126156.0
18596.0 123255.0
18671.0 123197.0
19112.0 123162.0
19247.0 123083.0
19471.0 123051.0
19912.0 122977.0
20421.0 122638.0
21266.0 122524.0
21342.0 120609.0
21708.0 120558.0
24516.0 120557.0
24592.0 120250.0
25513.0 119532.0
27894.0 119530.0
28687.0 119467.0
28763.0 119263.0
32013.0 119245.0
32934.0 118837.0
36184.0 118630.0
39434.0 118565.0
40355.0 118555.0
43529.0 118474.0

18092.0 124114.0
18596.0 122906.0
18615.0 121868.0
19112.0 121844.0
19912.0 121820.0
21266.0 121706.0
21342.0 120762.0
21657.0 120706.0
24592.0 120596.0
25513.0 120285.0
28687.0 120212.0
28763.0 119857.0
32013.0 119854.0
32934.0 119754.0
36108.0 119236.0
36184.0 119139.0
40355.0 119003.0

18092.0 124114.0
18596.0 122811.0
18615.0 121868.0
19112.0 121844.0
19912.0 121820.0
21266.0 121706.0
21342.0 120761.0
21657.0 120706.0
24592.0 120596.0
25513.0 120285.0
28687.0 120212.0
28763.0 119857.0
32013.0 119854.0
32934.0 119754.0
36108.0 119236.0
36184.0 119139.0
40355.0 119003.0

18092.0 124114.0
18545.0 123750.0
18596.0 122906.0
18615.0 121868.0
19112.0 121844.0
19912.0 121820.0
21266.0 121706.0
21342.0 120614.0
21708.0 120520.0
24592.0 120410.0
25513.0 120285.0
28687.0 120212.0
28763.0 119834.0
32013.0 119693.0
36108.0 119236.0
36184.0 119139.0
40355.0 119003.0

18016.0 126201.0
18092.0 124114.0
18545.0 122177.0
18615.0 121730.0
19912.0 121682.0
20421.0 121656.0
20766.0 121641.0
21342.0 120762.0
21657.0 120706.0
21708.0 120651.0
24592.0 120596.0
25513.0 120285.0
28687.0 120212.0
28763.0 119857.0
32013.0 119854.0
32934.0 119621.0
36108.0 119236.0
36184.0 119139.0
40355.0 119003.0

18092.0 122566.0
18545.0 122549.0
18596.0 122548.0
18615.0 121868.0
19112.0 121844.0
19912.0 121820.0
21266.0 121706.0
21342.0 120614.0
21657.0 120516.0
24592.0 120406.0
24820.0 120353.0
25513.0 120285.0
28687.0 120212.0
28763.0 119830.0
32013.0 119734.0
36108.0 119236.0
36184.0 119139.0
40355.0 119003.0

18092.0 124114.0
18596.0 122811.0
18615.0 121868.0
19112.0 121844.0
19912.0 121820.0
21266.0 121706.0
21342.0 120614.0
24592.0 120504.0
25513.0 120285.0
28687.0 120212.0
28763.0 119857.0
32013.0 119854.0
32934.0 119754.0
36108.0 119236.0
36184.0 119139.0
40355.0 119003.0

18092.0 123953.0
18446.0 123666.0
18545.0 122733.0
18596.0 121874.0
18615.0 121868.0
19112.0 121844.0
19912.0 121820.0
21266.0 121706.0
21342.0 120609.0
21708.0 120563.0
24592.0 120499.0
24801.0 120450.0
25513.0 120285.0
28687.0 120212.0
28763.0 119857.0
32013.0 119854.0
32934.0 119754.0
36108.0 119236.0
36184.0 119139.0
40355.0 119003.0

18092.0 124114.0
18596.0 122435.0
18615.0 121659.0
19912.0 121611.0
21266.0 121610.0
21342.0 120761.0
21657.0 120706.0
24592.0 120596.0
25513.0 120285.0
28687.0 120212.0
28763.0 119857.0
32013.0 119854.0
32934.0 119754.0
36108.0 119236.0
36184.0 119139.0
40355.0 119003.0

18092.0 123953.0
18596.0 122906.0
18615.0 121868.0
19112.0 121844.0
19912.0 121820.0
21266.0 121706.0
21342.0 120762.0
21657.0 120706.0
21708.0 120538.0
24516.0 120537.0
25513.0 120285.0
28687.0 120212.0
28763.0 119857.0
32013.0 119557.0
35187.0 119549.0
36108.0 119236.0
36184.0 119139.0
40355.0 119003.0

18092.0 124114.0
18596.0 122841.0
18615.0 121868.0
19112.0 121844.0
19912.0 121820.0
21266.0 121706.0
21342.0 120608.0
21708.0 120481.0
24516.0 120463.0
24592.0 120234.0
25513.0 119950.0
27913.0 119942.0
28763.0 119519.0
32013.0 119466.0
32934.0 119234.0
36184.0 119139.0
40355.0 119003.0


