17736.0 137824.0
17745.0 135489.0
18016.0 127499.0
18092.0 122802.0
18545.0 121881.0
18596.0 121873.0
19946.0 121743.0
20838.0 121576.0
21266.0 121506.0
21342.0 120818.0
21638.0 120801.0
21708.0 120625.0
24516.0 120535.0
24592.0 120173.0
25513.0 119657.0
27862.0 119651.0
27894.0 119568.0
28687.0 119562.0
28763.0 119014.0
32013.0 118861.0
32934.0 118706.0
36184.0 118552.0
39358.0 118316.0
39434.0 118257.0
42608.0 118187.0

18016.0 130653.0
18092.0 123064.0
18545.0 122696.0
18596.0 121598.0
19912.0 121574.0
19946.0 121550.0
21266.0 121531.0
21342.0 121106.0
21708.0 120850.0
23880.0 120824.0
24516.0 120736.0
24801.0 120676.0
25513.0 120226.0
28763.0 119471.0
30085.0 119441.0
39434.0 119323.0

18016.0 130653.0
18092.0 123064.0
18545.0 122696.0
18596.0 121598.0
19912.0 121574.0
19946.0 121550.0
21266.0 121531.0
21342.0 121030.0
21708.0 120850.0
23880.0 120824.0
23950.0 120822.0
24516.0 120736.0
24801.0 120619.0
25513.0 120226.0
28763.0 119471.0
30085.0 119441.0
35187.0 119347.0
36184.0 119291.0

18016.0 130653.0
18092.0 122008.0
18596.0 121351.0
19912.0 121346.0
19946.0 121322.0
21266.0 121244.0
21342.0 120983.0
21708.0 120600.0
24592.0 120310.0
24820.0 120268.0
25513.0 120179.0
27043.0 119973.0
28687.0 119814.0
28763.0 119259.0
32013.0 119251.0
36184.0 119054.0

18016.0 130653.0
18092.0 123064.0
18545.0 122696.0
18596.0 121412.0
21266.0 121369.0
21342.0 121061.0
21708.0 120600.0
24592.0 120592.0
24801.0 120549.0
24820.0 120268.0
25513.0 120226.0
27043.0 120163.0
28763.0 119259.0
32013.0 119251.0
36184.0 119054.0

18016.0 130653.0
18092.0 122799.0
18545.0 122696.0
18596.0 121598.0
19912.0 121574.0
19946.0 121550.0
21266.0 121507.0
21342.0 120956.0
21708.0 120600.0
24592.0 120310.0
24820.0 120268.0
25513.0 120226.0
28763.0 119259.0
32013.0 119251.0
36184.0 119054.0

18016.0 130653.0
18092.0 123064.0
18545.0 122696.0
18596.0 121598.0
19912.0 121574.0
19946.0 121550.0
21266.0 121531.0
21342.0 120808.0
21657.0 120715.0
21708.0 120498.0
24516.0 120497.0
24592.0 120404.0
24750.0 120370.0
25513.0 120181.0
28763.0 119215.0
32013.0 119156.0
36184.0 118958.0

18016.0 130653.0
18092.0 122799.0
18545.0 122696.0
18596.0 121598.0
19912.0 121574.0
19946.0 121550.0
21266.0 121507.0
21342.0 120808.0
21657.0 120715.0
21708.0 120498.0
24516.0 120497.0
24592.0 120404.0
24750.0 120370.0
25513.0 120080.0
28763.0 119215.0
32013.0 119156.0
36184.0 118958.0

18016.0 130653.0
18092.0 123064.0
18545.0 122696.0
18596.0 121436.0
21342.0 120808.0
21657.0 120715.0
21708.0 120498.0
24516.0 120497.0
24592.0 120404.0
24750.0 120317.0
25513.0 120122.0
27190.0 120097.0
28763.0 119215.0
32013.0 119156.0
36184.0 118958.0

18016.0 130653.0
18092.0 122926.0
18545.0 122696.0
18596.0 121598.0
19912.0 121574.0
19946.0 121550.0
21266.0 121470.0
21342.0 120972.0
21638.0 120919.0
21708.0 120621.0
24592.0 120613.0
24750.0 120505.0
25513.0 120080.0
28763.0 119290.0
32013.0 119232.0
36184.0 118958.0

18016.0 130653.0
18092.0 123064.0
18526.0 122426.0
18545.0 121938.0
18596.0 121507.0
19912.0 121483.0
19946.0 121459.0
21266.0 121416.0
21342.0 120792.0
21708.0 120520.0
24592.0 120334.0
24750.0 120288.0
24820.0 120274.0
25513.0 119779.0
28763.0 119194.0
32013.0 119171.0
36184.0 119061.0
46855.0 119012.0


