16515.0 43983.0
16526.0 43739.0
16726.0 42570.0
16816.0 41481.0
17516.0 41249.0
18016.0 41168.0
18092.0 40804.0
18545.0 40684.0
18596.0 40444.0
18615.0 40443.0
19912.0 40313.0
21342.0 40064.0
21708.0 39975.0
24516.0 39972.0
24592.0 39915.0
24820.0 39865.0
25513.0 39758.0
27894.0 39757.0
28687.0 39754.0
28763.0 39632.0
31937.0 39628.0
32013.0 39572.0
32934.0 39511.0
36184.0 39385.0
39358.0 39383.0
39434.0 39358.0
40355.0 39279.0
43605.0 39153.0
46779.0 39150.0

16023.0 42375.0
16515.0 41576.0
16595.0 41181.0
17095.0 41082.0
18092.0 40531.0
18545.0 40514.0
18596.0 40337.0
19912.0 40313.0
21266.0 40310.0
21342.0 40064.0
21708.0 39975.0
24592.0 39916.0
24820.0 39865.0
25513.0 39782.0
28687.0 39779.0
28763.0 39656.0
31937.0 39652.0
32013.0 39597.0
36184.0 39575.0
39434.0 39364.0

16023.0 42375.0
16515.0 41576.0
16595.0 41181.0
17095.0 41082.0
18092.0 40531.0
18545.0 40514.0
18596.0 40337.0
19912.0 40313.0
21266.0 40310.0
21342.0 40064.0
21708.0 39975.0
24592.0 39916.0
24820.0 39865.0
25513.0 39782.0
28687.0 39779.0
28763.0 39656.0
31937.0 39652.0
32013.0 39597.0
36184.0 39423.0
39434.0 39364.0

16023.0 42375.0
16156.0 41932.0
16515.0 41267.0
16595.0 41035.0
17095.0 40972.0
18092.0 40531.0
18545.0 40509.0
18596.0 40337.0
19912.0 40313.0
21266.0 40310.0
21342.0 40064.0
21708.0 39975.0
24516.0 39974.0
24592.0 39916.0
24820.0 39865.0
25513.0 39758.0
28763.0 39631.0
32013.0 39597.0
32934.0 39552.0
36184.0 39385.0
39434.0 39364.0
43605.0 39303.0
46779.0 39302.0

16023.0 42375.0
16156.0 41932.0
16515.0 41267.0
16595.0 41035.0
17095.0 40954.0
18092.0 40466.0
18545.0 40444.0
18596.0 40337.0
19912.0 40313.0
21266.0 40310.0
21342.0 40064.0
21708.0 39975.0
24592.0 39916.0
24820.0 39865.0
25513.0 39758.0
28763.0 39632.0
32013.0 39572.0
36184.0 39386.0
39434.0 39364.0
43605.0 39303.0

16023.0 42375.0
16156.0 41932.0
16515.0 41267.0
16595.0 41035.0
17095.0 40954.0
17171.0 40768.0
18092.0 40466.0
18596.0 40337.0
19912.0 40313.0
21266.0 40310.0
21342.0 40064.0
21708.0 39975.0
24592.0 39916.0
24820.0 39865.0
25513.0 39758.0
28763.0 39632.0
32013.0 39572.0
36184.0 39386.0
39434.0 39364.0
43605.0 39303.0

16023.0 42375.0
16515.0 41576.0
16595.0 41181.0
17095.0 41082.0
18092.0 40531.0
18545.0 40509.0
18596.0 40337.0
19912.0 40313.0
21266.0 40310.0
21342.0 40064.0
21708.0 39975.0
24592.0 39916.0
24820.0 39865.0
25513.0 39782.0
27894.0 39781.0
28687.0 39779.0
28763.0 39631.0
32013.0 39597.0
36184.0 39385.0
39434.0 39364.0
43605.0 39303.0

16023.0 42375.0
16156.0 41932.0
16515.0 41267.0
16595.0 41035.0
17095.0 40954.0
17171.0 40768.0
18092.0 40466.0
18545.0 40444.0
18596.0 40337.0
19912.0 40313.0
21266.0 40310.0
21342.0 40064.0
21708.0 39975.0
24592.0 39915.0
24820.0 39865.0
25513.0 39782.0
27894.0 39781.0
28687.0 39779.0
28763.0 39631.0
32013.0 39597.0
35263.0 39583.0
36184.0 39385.0
39434.0 39364.0
43605.0 39303.0

16023.0 42375.0
16156.0 41932.0
16515.0 41267.0
16595.0 41035.0
17095.0 40954.0
18092.0 40466.0
18545.0 40444.0
18596.0 40337.0
19912.0 40313.0
21266.0 40310.0
21342.0 40064.0
21708.0 39975.0
24592.0 39916.0
24820.0 39865.0
25513.0 39758.0
28763.0 39631.0
32013.0 39572.0
36184.0 39385.0
39434.0 39364.0
43605.0 39303.0

16023.0 42375.0
16156.0 41932.0
16515.0 41509.0
16595.0 41114.0
17095.0 41015.0
18092.0 40496.0
18545.0 40474.0
18596.0 40337.0
19912.0 40313.0
21266.0 40310.0
21342.0 40064.0
21708.0 39975.0
24592.0 39916.0
24820.0 39865.0
25513.0 39758.0
28687.0 39754.0
28763.0 39631.0
32013.0 39572.0
32934.0 39525.0
36184.0 39385.0
39434.0 39364.0
40355.0 39303.0

16023.0 42369.0
16156.0 42088.0
16515.0 41382.0
16595.0 41114.0
17095.0 41015.0
17171.0 40744.0
18092.0 40466.0
18545.0 40444.0
18596.0 40337.0
19912.0 40313.0
21266.0 40310.0
21342.0 40064.0
21708.0 39975.0
24516.0 39972.0
24592.0 39915.0
24820.0 39865.0
25513.0 39758.0
27894.0 39757.0
28687.0 39755.0
28763.0 39631.0
31937.0 39628.0
32013.0 39572.0
32934.0 39511.0
36184.0 39385.0
39434.0 39350.0
40355.0 39303.0
43605.0 39177.0
46855.0 39118.0
54200.0 39069.0


