17996.0 129021.0
18092.0 127340.0
18447.0 126217.0
18596.0 122523.0
19471.0 122498.0
19946.0 122045.0
21266.0 122020.0
21342.0 121532.0
21708.0 120842.0
24516.0 120716.0
25513.0 119877.0
27043.0 119837.0
28763.0 119483.0
30085.0 119461.0
32934.0 119106.0
39358.0 118853.0
43605.0 118607.0

18092.0 127579.0
18545.0 123409.0
18615.0 122791.0
19146.0 122641.0
19946.0 122568.0
20838.0 122475.0
21266.0 122283.0
21342.0 121661.0
21708.0 121334.0
24516.0 121162.0
24592.0 120863.0
25513.0 120447.0
28763.0 120269.0
32013.0 119922.0
39434.0 119759.0

18092.0 127579.0
18545.0 123409.0
18596.0 122258.0
18615.0 122046.0
20857.0 121993.0
21266.0 121874.0
21342.0 121637.0
21708.0 121334.0
24516.0 121162.0
24592.0 120863.0
25513.0 120423.0
28763.0 120080.0
32013.0 119922.0
36184.0 119482.0

18092.0 127579.0
18545.0 123409.0
18615.0 122564.0
19980.0 122344.0
20387.0 122320.0
21266.0 122283.0
21342.0 121410.0
21657.0 121198.0
21708.0 121186.0
24016.0 121178.0
24516.0 121161.0
24592.0 120702.0
24801.0 120507.0
25513.0 120447.0
27862.0 120432.0
28763.0 119919.0
32013.0 119434.0
39434.0 119411.0

18092.0 127579.0
18545.0 123409.0
18615.0 122044.0
20421.0 121689.0
20838.0 121496.0
21266.0 121401.0
21689.0 121400.0
21708.0 121334.0
24516.0 121162.0
24592.0 120863.0
25513.0 120447.0
28763.0 120269.0
31016.0 120264.0
32013.0 119922.0
39434.0 119759.0

18092.0 126690.0
18545.0 123409.0
18596.0 122258.0
18615.0 122046.0
20857.0 121993.0
21266.0 121874.0
21342.0 121556.0
21657.0 121363.0
21708.0 120935.0
24016.0 120928.0
24592.0 120863.0
25513.0 120423.0
28763.0 119943.0
32013.0 119922.0
32934.0 119686.0
36184.0 119482.0

18092.0 127579.0
18545.0 123409.0
18596.0 122258.0
18615.0 122046.0
20857.0 121993.0
21266.0 121874.0
21342.0 121345.0
21708.0 121073.0
24016.0 121065.0
24592.0 120863.0
25513.0 120423.0
28763.0 120024.0
32013.0 119922.0
32934.0 119807.0
36184.0 119482.0

18092.0 127579.0
18545.0 123409.0
18596.0 122258.0
18615.0 122046.0
20857.0 121993.0
21266.0 121874.0
21342.0 121485.0
21708.0 121097.0
24016.0 121089.0
24592.0 120863.0
25513.0 120423.0
28763.0 120024.0
32013.0 119922.0
32934.0 119807.0
36184.0 119482.0

18092.0 127579.0
18545.0 123409.0
18596.0 122258.0
18615.0 122046.0
20857.0 121993.0
21266.0 121874.0
21342.0 121345.0
21708.0 121073.0
24016.0 121065.0
24592.0 120863.0
25513.0 120423.0
28763.0 120024.0
32013.0 119922.0
32934.0 119807.0
36184.0 119482.0

18092.0 126690.0
18545.0 123409.0
18596.0 122258.0
18615.0 122046.0
20857.0 121993.0
21266.0 121874.0
21342.0 121196.0
21708.0 120932.0
24016.0 120924.0
24592.0 120863.0
24820.0 120788.0
25513.0 120423.0
27862.0 120264.0
28763.0 119645.0
32934.0 119400.0

18092.0 127579.0
18545.0 123409.0
18615.0 122537.0
19146.0 122502.0
19946.0 122454.0
21266.0 122283.0
21342.0 121661.0
21708.0 121242.0
24016.0 121234.0
24516.0 121162.0
24592.0 120863.0
25513.0 120447.0
28763.0 120269.0
31937.0 120222.0
32013.0 119200.0
40355.0 118441.0
43605.0 118221.0


