18092.0 122409.0
18545.0 122311.0
18596.0 121663.0
19912.0 121660.0
19946.0 121510.0
21342.0 120684.0
21708.0 120262.0
24516.0 120259.0
24592.0 119949.0
24820.0 119796.0
25513.0 119538.0
27913.0 119537.0
28763.0 119215.0
32013.0 118969.0
36184.0 118761.0
43605.0 118640.0

18092.0 127846.0
18447.0 126263.0
18545.0 122669.0
18596.0 122302.0
18615.0 122064.0
19112.0 122029.0
19912.0 121935.0
20345.0 121934.0
21266.0 121910.0
21342.0 121446.0
21638.0 121434.0
21708.0 121259.0
24592.0 121239.0
24750.0 121219.0
24801.0 121097.0
25437.0 121072.0
25513.0 120618.0
28187.0 120576.0
28763.0 119958.0
36184.0 119805.0

18092.0 123456.0
18545.0 122456.0
18596.0 122262.0
18615.0 122064.0
19112.0 122029.0
19912.0 121935.0
20345.0 121934.0
21266.0 121910.0
21342.0 121270.0
21638.0 121198.0
24592.0 121163.0
24750.0 121021.0
25513.0 120607.0
28187.0 120576.0
28687.0 120513.0
28763.0 119705.0

18092.0 123456.0
18545.0 122456.0
18596.0 122262.0
18615.0 122064.0
19112.0 122029.0
19912.0 121935.0
19946.0 121906.0
20766.0 121873.0
21342.0 121400.0
21657.0 121374.0
21708.0 121188.0
24592.0 121153.0
24801.0 120974.0
25513.0 120476.0
28687.0 120357.0
28763.0 119917.0
36184.0 119764.0

18092.0 123456.0
18545.0 122456.0
18596.0 122262.0
18615.0 122064.0
19112.0 122029.0
19912.0 121935.0
20345.0 121934.0
21266.0 121910.0
21342.0 121270.0
21638.0 121198.0
24592.0 121163.0
24750.0 121021.0
25513.0 120607.0
28187.0 120576.0
28687.0 120513.0
28763.0 119705.0

18092.0 123456.0
18545.0 122456.0
18596.0 122262.0
18615.0 122064.0
19112.0 122029.0
19912.0 121935.0
20345.0 121934.0
21266.0 121881.0
21342.0 121270.0
21638.0 121198.0
21708.0 121138.0
24516.0 120828.0
25513.0 120616.0
28187.0 120576.0
28763.0 119705.0

18092.0 123411.0
18545.0 122456.0
18596.0 122262.0
18615.0 122064.0
19112.0 122029.0
19912.0 121935.0
20345.0 121934.0
21266.0 121910.0
21342.0 121392.0
21638.0 121198.0
24592.0 121001.0
25513.0 120616.0
28187.0 120576.0
28687.0 120513.0
28763.0 119705.0

17745.0 131874.0
18016.0 126447.0
18092.0 122964.0
18545.0 122456.0
18596.0 122262.0
18615.0 122064.0
19112.0 122029.0
19912.0 121935.0
19946.0 121906.0
21266.0 121880.0
21342.0 121392.0
21638.0 121198.0
21708.0 121188.0
24592.0 121153.0
24750.0 121021.0
25513.0 120476.0
27843.0 120425.0
28687.0 120357.0
28763.0 119705.0

18092.0 123411.0
18545.0 122456.0
18596.0 122262.0
18615.0 122064.0
19112.0 122029.0
19912.0 121935.0
20345.0 121934.0
21266.0 121910.0
21342.0 121392.0
21638.0 121198.0
24592.0 121001.0
25513.0 120616.0
28187.0 120576.0
28687.0 120513.0
28763.0 119705.0

18092.0 123730.0
18545.0 122456.0
18596.0 121905.0
19946.0 121887.0
20766.0 121879.0
21266.0 121834.0
21342.0 121389.0
21638.0 121198.0
21708.0 120926.0
24516.0 120855.0
24801.0 120716.0
25513.0 120503.0
28763.0 119705.0
36184.0 119652.0

18092.0 123411.0
18545.0 122456.0
18596.0 122221.0
18615.0 122064.0
19112.0 122029.0
19912.0 121935.0
20345.0 121934.0
21266.0 121881.0
21342.0 120916.0
21638.0 120899.0
21708.0 120883.0
24516.0 120847.0
24592.0 120582.0
24750.0 120319.0
25513.0 119984.0
28763.0 119450.0
36184.0 119436.0


