18016.0 127625.0
18092.0 123286.0
18545.0 123224.0
18596.0 122119.0
19912.0 121975.0
21266.0 121932.0
21342.0 121029.0
21689.0 121014.0
21708.0 120710.0
24440.0 120709.0
24516.0 120319.0
24820.0 119889.0
27766.0 119741.0
27913.0 119704.0
28763.0 119336.0
32013.0 118863.0
38437.0 118788.0
39434.0 118302.0
46855.0 118274.0

18092.0 126605.0
18545.0 124235.0
18596.0 121988.0
18615.0 121701.0
19912.0 121403.0
20387.0 121363.0
21266.0 121360.0
21342.0 120975.0
21708.0 120530.0
22263.0 120528.0
24592.0 120492.0
24750.0 120474.0
25513.0 120055.0
28687.0 120053.0
28763.0 119496.0
32934.0 119185.0
36184.0 119103.0
40355.0 119046.0

18092.0 126605.0
18545.0 124235.0
18596.0 121594.0
19912.0 121403.0
20387.0 121363.0
21266.0 121360.0
21342.0 120975.0
21708.0 120508.0
24516.0 120507.0
24592.0 120492.0
24750.0 120474.0
25513.0 119987.0
28763.0 119475.0
32934.0 119163.0
36184.0 119081.0
40355.0 119024.0

18092.0 123197.0
18596.0 121570.0
19912.0 121403.0
20387.0 121363.0
21266.0 121360.0
21342.0 120975.0
21708.0 120530.0
22263.0 120520.0
24592.0 120485.0
24750.0 120450.0
25513.0 119987.0
28687.0 119958.0
28763.0 119496.0
32934.0 119185.0
36184.0 119103.0
40355.0 119046.0

18092.0 126605.0
18545.0 124235.0
18596.0 121594.0
18615.0 121451.0
19912.0 121403.0
20387.0 121363.0
21266.0 121360.0
21342.0 120975.0
21708.0 120508.0
24516.0 120507.0
24592.0 120485.0
24750.0 120450.0
24820.0 120344.0
25513.0 119987.0
28763.0 119475.0
32934.0 119163.0
36184.0 119081.0
40355.0 119024.0

18092.0 123197.0
18596.0 121570.0
19912.0 121403.0
20387.0 121363.0
21266.0 121360.0
21342.0 120975.0
21708.0 120508.0
24516.0 120507.0
24592.0 120492.0
24750.0 120474.0
25513.0 119987.0
28763.0 119475.0
32934.0 119163.0
36184.0 119081.0
40355.0 119024.0

18092.0 126605.0
18545.0 124235.0
18596.0 121911.0
18615.0 121701.0
19912.0 121403.0
20387.0 121363.0
21266.0 121360.0
21342.0 120772.0
21708.0 120508.0
24516.0 120507.0
24592.0 120492.0
24750.0 120474.0
24801.0 120401.0
25513.0 120032.0
28763.0 119354.0
32934.0 119163.0
36184.0 119081.0
40355.0 119024.0

18092.0 123197.0
18596.0 121570.0
19912.0 121403.0
20387.0 121363.0
21266.0 121360.0
21342.0 120975.0
21708.0 120508.0
24516.0 120507.0
24592.0 120492.0
24750.0 120474.0
25513.0 119987.0
28763.0 119475.0
32934.0 119163.0
36184.0 119081.0
40355.0 119024.0

18092.0 126605.0
18545.0 124235.0
18596.0 121594.0
18615.0 121451.0
19912.0 121403.0
20387.0 121363.0
21266.0 121360.0
21342.0 120975.0
21708.0 120508.0
24516.0 120507.0
24592.0 120492.0
24750.0 120474.0
25513.0 119987.0
28763.0 119475.0
32934.0 119163.0
36184.0 119081.0
40355.0 119024.0

18092.0 123766.0
18596.0 121594.0
19912.0 121403.0
20387.0 121363.0
21266.0 121360.0
21342.0 120920.0
21657.0 120822.0
21708.0 120508.0
24516.0 120507.0
24592.0 120492.0
24750.0 120474.0
25513.0 120032.0
28763.0 119475.0
32934.0 119163.0
36184.0 119081.0
40355.0 119024.0

18092.0 123681.0
18545.0 122791.0
18596.0 121832.0
18615.0 121701.0
19912.0 121403.0
20387.0 121363.0
21266.0 121359.0
21342.0 120766.0
21708.0 120490.0
24516.0 120489.0
24750.0 120474.0
24820.0 120400.0
25513.0 120013.0
28763.0 119456.0
32934.0 119145.0
36184.0 118900.0
40355.0 118379.0


