22020.0 238293.0
22263.0 235350.0
23916.0 229848.0
24310.0 227762.0
24820.0 226809.0
24913.0 224524.0
24937.0 223239.0
25451.0 222618.0
27913.0 222320.0

23340.0 253254.0
24237.0 239775.0
25513.0 237550.0
27913.0 235038.0
28687.0 232132.0

24237.0 239775.0
25513.0 237550.0
27913.0 235038.0
28687.0 232132.0

24237.0 239775.0
25513.0 237550.0
27913.0 235038.0
28687.0 232132.0

24237.0 239775.0
25513.0 237550.0
27913.0 235038.0
28687.0 232132.0

24237.0 239775.0
25513.0 237550.0
27913.0 235038.0
28687.0 232132.0

24237.0 239775.0
25513.0 237550.0
27913.0 235038.0
28687.0 232132.0

24237.0 239775.0
25513.0 237550.0
27913.0 235038.0
28687.0 232132.0

24237.0 239775.0
25513.0 237550.0
27913.0 235038.0
28687.0 232132.0

24237.0 239775.0
24801.0 239019.0
25513.0 237550.0
27913.0 235038.0
28687.0 232132.0

24237.0 239775.0
25513.0 237550.0
27913.0 235038.0
28687.0 232132.0


