22495.0 226774.0
23397.0 225914.0
24263.0 225396.0
24913.0 222724.0
25451.0 222301.0
28000.0 219253.0

24201.0 266797.0
24719.0 253275.0
25010.0 243267.0
25286.0 239881.0
28087.0 239529.0
28163.0 238470.0
38158.0 236937.0

24201.0 266797.0
24719.0 253275.0
25010.0 243267.0
25286.0 239881.0
28087.0 239529.0
28163.0 238470.0
38158.0 236937.0

24201.0 266797.0
24719.0 253275.0
25010.0 243267.0
25286.0 239881.0
28087.0 239529.0
28163.0 238470.0
38158.0 236937.0

24201.0 266797.0
24719.0 253275.0
25010.0 243267.0
25286.0 239881.0
28087.0 239529.0
28163.0 238470.0
38158.0 236937.0

24201.0 266797.0
24719.0 253275.0
25010.0 243267.0
25286.0 239881.0
28087.0 239529.0
28163.0 238470.0
38158.0 236937.0

24201.0 266797.0
24719.0 253275.0
25010.0 243267.0
25286.0 239881.0
25392.0 239834.0
28087.0 239529.0
28163.0 238470.0
38158.0 236937.0

24201.0 266797.0
24719.0 253275.0
25010.0 243267.0
25286.0 239881.0
28087.0 239529.0
28163.0 238470.0
38158.0 236937.0

24201.0 266797.0
24719.0 253275.0
25010.0 243267.0
25286.0 239881.0
28087.0 239529.0
28163.0 238470.0
38158.0 236937.0

24201.0 266797.0
24719.0 253275.0
25010.0 243267.0
25286.0 239881.0
28087.0 239529.0
28163.0 238470.0
38158.0 236937.0

24201.0 266797.0
24719.0 253275.0
25010.0 243267.0
25286.0 239881.0
28087.0 239529.0
28163.0 238470.0
29806.0 237046.0
38158.0 236937.0


