18615.0 208156.0
19146.0 208019.0
20190.0 208012.0
20766.0 207870.0
20857.0 207696.0
21266.0 206689.0
21342.0 204799.0
22263.0 204509.0
24016.0 203771.0
24592.0 203542.0
24801.0 203056.0
25513.0 201638.0
27894.0 201413.0
27913.0 201001.0
28187.0 200854.0
28763.0 200475.0
30936.0 199863.0
32013.0 199715.0
32934.0 199665.0
36108.0 199489.0
38858.0 199485.0
39434.0 199131.0

19505.0 207671.0
20766.0 207305.0
21266.0 206990.0
21342.0 203890.0
21708.0 203589.0
23950.0 203545.0
24516.0 203082.0
24592.0 202597.0
25513.0 202191.0
27043.0 202113.0
27773.0 201888.0
28187.0 201632.0
32934.0 200744.0
43605.0 200048.0

18615.0 212106.0
19505.0 207671.0
20766.0 207305.0
21266.0 206990.0
21342.0 203890.0
21708.0 203589.0
23950.0 203545.0
24516.0 203082.0
24592.0 202597.0
25513.0 202191.0
27043.0 202113.0
27773.0 201888.0
28187.0 201632.0
32934.0 200744.0
43605.0 200048.0

18615.0 208983.0
19246.0 208835.0
19471.0 207597.0
19505.0 206747.0
20421.0 206085.0
20857.0 206000.0
21266.0 205693.0
21342.0 203410.0
21708.0 203298.0
22263.0 203090.0
24016.0 202946.0
24516.0 202896.0
24592.0 202589.0
24801.0 202219.0
25513.0 201821.0
28187.0 201632.0
30136.0 201519.0
32934.0 200744.0
43605.0 200048.0

18615.0 213560.0
18671.0 207547.0
19247.0 205427.0
19912.0 204972.0
20766.0 204835.0
21342.0 203384.0
21657.0 203312.0
21708.0 202668.0
24592.0 202597.0
25513.0 202191.0
27043.0 202113.0
27773.0 201888.0
28187.0 201632.0
32934.0 200744.0
36184.0 200391.0
39358.0 200331.0
43605.0 200048.0

18615.0 207356.0
19845.0 205844.0
19946.0 205118.0
20066.0 204873.0
21266.0 204100.0
21342.0 203737.0
21708.0 203589.0
23950.0 203530.0
24016.0 203470.0
24516.0 202932.0
24592.0 202589.0
24801.0 202278.0
25513.0 202191.0
27043.0 202113.0
27773.0 201888.0
28187.0 201632.0
32934.0 200744.0
36184.0 200487.0
43605.0 200048.0

19505.0 207671.0
20766.0 207305.0
21266.0 206990.0
21342.0 203707.0
21708.0 203020.0
23950.0 203011.0
24592.0 202597.0
25513.0 202191.0
27043.0 202113.0
27773.0 201888.0
28187.0 201632.0
32934.0 200744.0
43605.0 200048.0

18856.0 210883.0
19146.0 208644.0
19471.0 208203.0
19505.0 207671.0
20766.0 206764.0
21266.0 205381.0
21342.0 203170.0
21708.0 202929.0
23950.0 202669.0
24592.0 202597.0
25513.0 202035.0
27773.0 201888.0
28187.0 201632.0
28763.0 201468.0
32934.0 200744.0
36184.0 200487.0
43605.0 200048.0

18856.0 210650.0
19146.0 208555.0
19505.0 206697.0
20766.0 205177.0
21266.0 205158.0
21342.0 203353.0
21657.0 203348.0
21708.0 202213.0
24592.0 202087.0
24801.0 201895.0
24820.0 201778.0
27773.0 201742.0
28187.0 201632.0
28763.0 201336.0
30737.0 201279.0
32934.0 200744.0
36184.0 200352.0
39358.0 199604.0
43605.0 199358.0

18615.0 204174.0
19505.0 204162.0
20387.0 204138.0
20838.0 204031.0
21266.0 203916.0
21342.0 203135.0
21708.0 202379.0
24516.0 202318.0
24592.0 201855.0
28187.0 201632.0
28687.0 201561.0
28763.0 201294.0
32934.0 200744.0
36184.0 200408.0
43605.0 200048.0

18856.0 225383.0
19379.0 209355.0
19505.0 207671.0
20766.0 207305.0
21266.0 206990.0
21342.0 203698.0
21708.0 203452.0
22263.0 202508.0
24016.0 202233.0
24750.0 202170.0
24820.0 201813.0
25513.0 201760.0
27062.0 201709.0
27773.0 201406.0
28187.0 201348.0
28763.0 201273.0
30885.0 201077.0
31025.0 200530.0
31861.0 200361.0
31937.0 200128.0
32934.0 199838.0
34190.0 199637.0
38361.0 199490.0
41611.0 198366.0
49032.0 197116.0


