18092.0 212776.0
18545.0 211566.0
18596.0 209243.0
18615.0 203999.0
19247.0 203980.0
19471.0 203932.0
20066.0 203727.0
20345.0 203726.0
20838.0 203057.0
21342.0 202977.0
24592.0 202910.0
24750.0 202587.0
25513.0 201565.0
27843.0 201535.0
27894.0 201436.0
28763.0 201099.0
29684.0 200750.0
31937.0 200582.0
32934.0 200153.0
36184.0 199988.0
39358.0 199858.0

19146.0 207121.0
20066.0 205929.0
21266.0 204067.0
21342.0 203676.0
21689.0 203613.0
22263.0 202665.0
24592.0 202319.0
25513.0 201810.0
28763.0 201507.0

19112.0 207226.0
19146.0 207006.0
20066.0 205929.0
20766.0 205456.0
21266.0 204031.0
21342.0 203676.0
21689.0 203613.0
22263.0 202665.0
24592.0 202319.0
25513.0 201810.0
28763.0 201507.0
32934.0 201384.0
36184.0 201322.0

18596.0 210619.0
18856.0 210185.0
19112.0 209062.0
19146.0 206523.0
20066.0 205929.0
21266.0 203955.0
21342.0 203631.0
21689.0 203609.0
22136.0 203534.0
22263.0 202665.0
24592.0 202319.0
25513.0 201810.0
28763.0 201507.0

19112.0 207226.0
19146.0 206959.0
20066.0 205929.0
21266.0 203950.0
21342.0 203595.0
21689.0 203331.0
22263.0 202665.0
24016.0 202629.0
24592.0 202319.0
25513.0 201810.0
28763.0 201507.0
36184.0 201440.0

18596.0 211483.0
18615.0 210532.0
18856.0 206515.0
19146.0 204298.0
20838.0 204078.0
21266.0 203869.0
21342.0 203676.0
21657.0 203534.0
21708.0 203510.0
22263.0 202560.0
24592.0 202319.0
25513.0 201810.0
28763.0 201507.0
32934.0 201021.0

19112.0 207226.0
19146.0 207006.0
20066.0 205929.0
20766.0 205456.0
21266.0 203991.0
21342.0 203676.0
21689.0 203613.0
22263.0 202381.0
24592.0 202133.0
25513.0 201643.0
28763.0 201474.0
32013.0 201326.0
36184.0 201254.0

18545.0 209422.0
19112.0 207226.0
19146.0 207006.0
20066.0 205929.0
21266.0 203991.0
21342.0 203640.0
21689.0 203331.0
22263.0 201983.0
24592.0 201947.0
25513.0 201643.0
28687.0 201604.0
28763.0 201390.0
36184.0 201318.0
43605.0 201219.0

18615.0 204758.0
20838.0 204437.0
21266.0 203748.0
21342.0 203376.0
21708.0 202977.0
22263.0 202381.0
24592.0 202133.0
25513.0 201643.0
28763.0 201474.0
31937.0 201466.0
32013.0 201326.0
36184.0 201254.0

18596.0 204751.0
19146.0 204508.0
21266.0 203733.0
21342.0 203562.0
21689.0 203284.0
22263.0 202665.0
24592.0 202319.0
25513.0 201759.0
28187.0 201491.0
28763.0 201246.0
29684.0 201219.0
32934.0 200704.0
38858.0 200693.0

18922.0 213965.0
19112.0 207137.0
19146.0 206917.0
19946.0 206531.0
20066.0 204790.0
20766.0 204410.0
21266.0 203986.0
21342.0 203631.0
21689.0 203138.0
21708.0 201958.0
25513.0 200433.0
28687.0 200064.0
28763.0 199869.0
29684.0 199484.0
31016.0 199463.0
34190.0 199146.0


