21342.0 220587.0
23916.0 219014.0
24516.0 216158.0
24750.0 213858.0
27792.0 213744.0
30155.0 213586.0
34587.0 212735.0

23499.0 248286.0
24820.0 245813.0
24913.0 244896.0
25513.0 234368.0
27525.0 233676.0
30837.0 232549.0
34087.0 232320.0

23499.0 248286.0
24820.0 245813.0
24913.0 244896.0
25513.0 234368.0
27525.0 233676.0
30837.0 232549.0
34087.0 232320.0

23499.0 248286.0
24820.0 245813.0
24913.0 244896.0
25513.0 234368.0
27525.0 233676.0
30837.0 232549.0
34087.0 232320.0

23499.0 248286.0
24820.0 245813.0
24913.0 244896.0
25513.0 234368.0
27525.0 233676.0
30837.0 232549.0
34087.0 232320.0

23499.0 248286.0
24820.0 245813.0
24913.0 244896.0
25513.0 234368.0
27525.0 233676.0
30837.0 232549.0
34087.0 232320.0

23499.0 248286.0
24820.0 245813.0
24913.0 244896.0
25513.0 234368.0
27525.0 233676.0
30837.0 232549.0
34087.0 232320.0

23499.0 248286.0
24820.0 245813.0
24913.0 244896.0
25513.0 234368.0
27525.0 233676.0
30837.0 232549.0
34087.0 232320.0

23499.0 248286.0
24820.0 245813.0
24913.0 244896.0
25513.0 234368.0
27525.0 233676.0
30837.0 232549.0
34087.0 232320.0

23499.0 248286.0
24820.0 245813.0
24913.0 244896.0
25513.0 234368.0
27525.0 233676.0
30837.0 232549.0
34087.0 232320.0

23499.0 248286.0
24820.0 245813.0
24913.0 244896.0
25513.0 234368.0
27525.0 233676.0
30837.0 232549.0
34087.0 232320.0


