22263.0 227019.0
23992.0 223222.0
24750.0 223059.0
24913.0 222438.0
24937.0 219316.0

24201.0 271292.0
24237.0 258054.0
24913.0 236874.0
31413.0 235337.0

24201.0 271292.0
24237.0 258054.0
24913.0 236874.0
31413.0 235337.0

24201.0 271292.0
24237.0 258054.0
24913.0 236874.0
31413.0 235337.0

24201.0 271292.0
24237.0 258054.0
24913.0 236874.0
31413.0 235337.0

24201.0 271292.0
24237.0 258054.0
24913.0 236874.0
31413.0 235337.0

24201.0 271292.0
24237.0 258054.0
24913.0 236874.0
31413.0 235337.0

24201.0 271292.0
24237.0 258054.0
24913.0 236874.0
31413.0 235337.0

24201.0 271292.0
24237.0 258054.0
24913.0 236874.0
31413.0 235337.0

24201.0 271292.0
24237.0 258054.0
24913.0 236874.0
31413.0 235337.0

24201.0 271292.0
24237.0 258054.0
24913.0 236874.0
31413.0 235337.0


