20857.0 229074.0
21708.0 226510.0
22263.0 221147.0
23950.0 220113.0
27043.0 220062.0
27313.0 218860.0
28763.0 218493.0

21708.0 244369.0
22020.0 236608.0
25513.0 233939.0
28163.0 233569.0

21708.0 244369.0
22020.0 236608.0
25513.0 233939.0
28163.0 233569.0
30085.0 227647.0

21708.0 244369.0
22020.0 236608.0
25513.0 233939.0
28163.0 233569.0

21708.0 244369.0
22020.0 236608.0
25513.0 233939.0
28163.0 233569.0

21708.0 244369.0
22020.0 236608.0
25513.0 233939.0
28163.0 233569.0

21708.0 244369.0
22020.0 236608.0
25513.0 233939.0
27843.0 233411.0
29684.0 233357.0
32358.0 232648.0
32858.0 230327.0

21708.0 244369.0
22020.0 236608.0
25513.0 233939.0
28163.0 233569.0
36490.0 233150.0

21708.0 244369.0
22020.0 236608.0
25513.0 233939.0
28163.0 233569.0

21708.0 244369.0
22020.0 236608.0
25513.0 233939.0
28163.0 233569.0

21708.0 244369.0
22020.0 236608.0
25513.0 233939.0
28163.0 233569.0


