18545.0 130594.0
18596.0 124051.0
18615.0 122000.0
19112.0 121872.0
19912.0 121761.0
20345.0 121760.0
20766.0 121616.0
21266.0 121517.0
21342.0 121231.0
21708.0 120939.0
23950.0 120886.0
24516.0 120495.0
24592.0 120459.0
24801.0 120382.0
24820.0 120223.0
27062.0 120170.0
28763.0 119325.0
31937.0 119304.0
32013.0 119097.0
34687.0 119084.0
36184.0 118962.0
39358.0 118859.0

18447.0 136683.0
18545.0 128117.0
18596.0 123953.0
18615.0 122397.0
20387.0 122177.0
21266.0 122161.0
21342.0 121912.0
21708.0 121795.0
22263.0 121372.0
24592.0 121325.0
25513.0 120899.0
28687.0 120896.0
28763.0 120586.0
29684.0 120353.0
32858.0 120312.0
36108.0 120033.0
39434.0 119810.0
40355.0 119602.0
43529.0 119556.0

18447.0 136683.0
18545.0 128117.0
18596.0 123953.0
18615.0 122397.0
20387.0 122177.0
21266.0 122161.0
21342.0 121912.0
21708.0 121795.0
22263.0 121372.0
24592.0 121325.0
25513.0 120899.0
28687.0 120896.0
28763.0 120586.0
29684.0 120353.0
32858.0 120310.0
36108.0 120033.0
39434.0 119810.0
40279.0 119592.0
40355.0 119577.0
43529.0 119556.0

18447.0 136683.0
18545.0 128117.0
18596.0 123953.0
18615.0 122204.0
20387.0 121984.0
21266.0 121983.0
21342.0 121481.0
21638.0 121480.0
21657.0 121418.0
21708.0 121223.0
24516.0 121222.0
24592.0 120733.0
24750.0 120682.0
24820.0 120550.0
27842.0 120514.0
27862.0 120508.0
28763.0 120466.0
29684.0 120353.0
32013.0 119994.0
39434.0 119810.0
40355.0 119577.0
43529.0 119556.0

18447.0 136683.0
18545.0 128117.0
18596.0 123953.0
18615.0 122397.0
20387.0 122177.0
21266.0 122116.0
21342.0 121319.0
24592.0 120848.0
24820.0 120699.0
28763.0 120586.0
29684.0 120353.0
32858.0 120312.0
32934.0 120201.0
36108.0 120033.0
39434.0 119810.0
40355.0 119577.0
43529.0 119556.0

18447.0 136683.0
18545.0 128117.0
18596.0 123953.0
18615.0 122397.0
20387.0 122079.0
21342.0 121215.0
24592.0 120848.0
24820.0 120699.0
25513.0 120581.0
28763.0 120103.0
31437.0 120048.0
32013.0 119892.0
39434.0 119810.0
40355.0 119577.0
43529.0 119556.0

18447.0 136683.0
18545.0 128117.0
18596.0 122028.0
19946.0 121956.0
21266.0 121953.0
21342.0 121491.0
21708.0 121067.0
24516.0 121064.0
24750.0 121042.0
25513.0 120806.0
27843.0 120609.0
28763.0 120035.0
31937.0 119989.0
32934.0 119728.0
36184.0 119539.0

18447.0 136683.0
18545.0 128117.0
18596.0 122028.0
19946.0 121956.0
21266.0 121953.0
21342.0 121319.0
21708.0 121067.0
24516.0 121064.0
24592.0 120848.0
24820.0 120699.0
25513.0 120581.0
28763.0 120035.0
31937.0 119989.0
32013.0 119892.0
32934.0 119728.0
36184.0 119539.0

18447.0 136683.0
18545.0 128117.0
18596.0 122028.0
19946.0 121956.0
21266.0 121953.0
21342.0 121319.0
21708.0 121067.0
24516.0 121064.0
24592.0 120848.0
24820.0 120699.0
25513.0 120581.0
28763.0 120035.0
31937.0 119989.0
32013.0 119892.0
32934.0 119728.0
36184.0 119539.0

18447.0 136683.0
18545.0 128117.0
18596.0 122028.0
19946.0 121956.0
21266.0 121953.0
21342.0 121491.0
21708.0 121067.0
24516.0 121064.0
24592.0 120848.0
24820.0 120716.0
27843.0 120587.0
28763.0 120035.0
31937.0 119989.0
32934.0 119728.0
36184.0 119539.0

18447.0 136683.0
18545.0 128117.0
18596.0 123953.0
18615.0 122397.0
20387.0 122177.0
21266.0 122161.0
21342.0 121457.0
21708.0 121456.0
22263.0 121371.0
24516.0 121352.0
24592.0 121325.0
24782.0 120562.0
25513.0 120168.0
28763.0 119293.0
36184.0 118745.0


