16745.0 44058.0
16816.0 42892.0
16990.0 41828.0
17516.0 41566.0
18016.0 41485.0
18092.0 40606.0
18545.0 40584.0
18596.0 40337.0
19912.0 40313.0
21266.0 40310.0
21342.0 40064.0
21708.0 39975.0
24516.0 39974.0
24592.0 39915.0
25513.0 39758.0
27894.0 39757.0
28687.0 39755.0
28763.0 39631.0
31937.0 39629.0
32013.0 39572.0
32934.0 39512.0
36184.0 39385.0
39434.0 39326.0
40355.0 39279.0
50029.0 39265.0

16515.0 41334.0
17171.0 40835.0
18092.0 40619.0
18545.0 40602.0
18596.0 40425.0
19912.0 40401.0
21266.0 40398.0
21342.0 40186.0
21708.0 40063.0
24516.0 40062.0
24592.0 39915.0
25513.0 39846.0
28763.0 39720.0
31937.0 39709.0
32013.0 39572.0
35187.0 39569.0
36184.0 39474.0
39358.0 39471.0
39434.0 39339.0
43605.0 39241.0

16515.0 41334.0
17171.0 40835.0
18092.0 40466.0
18545.0 40449.0
18596.0 40337.0
19912.0 40313.0
21266.0 40310.0
21342.0 40064.0
21708.0 39975.0
24592.0 39915.0
25513.0 39846.0
28763.0 39720.0
31937.0 39709.0
32013.0 39572.0
35187.0 39569.0
36184.0 39474.0
39358.0 39471.0
39434.0 39339.0
43605.0 39241.0

16515.0 41267.0
16595.0 41035.0
17095.0 40954.0
17171.0 40744.0
18092.0 40595.0
18545.0 40578.0
18596.0 40337.0
19912.0 40313.0
21266.0 40312.0
21342.0 40064.0
21708.0 39975.0
24516.0 39974.0
24592.0 39915.0
25513.0 39846.0
27894.0 39757.0
28763.0 39631.0
32013.0 39572.0
35187.0 39569.0
36184.0 39474.0
39358.0 39471.0
39434.0 39339.0
43605.0 39241.0

16515.0 41267.0
16595.0 41035.0
17095.0 40972.0
17171.0 40744.0
18092.0 40466.0
18545.0 40449.0
18596.0 40337.0
19912.0 40313.0
21266.0 40310.0
21342.0 40064.0
21708.0 39975.0
24592.0 39915.0
25513.0 39846.0
28687.0 39822.0
28763.0 39720.0
31937.0 39709.0
32013.0 39572.0
35187.0 39569.0
36184.0 39474.0
39358.0 39471.0
39434.0 39339.0
43605.0 39241.0

16023.0 43636.0
16156.0 43193.0
16495.0 43130.0
16515.0 41267.0
16595.0 41035.0
17095.0 40972.0
17171.0 40744.0
18092.0 40531.0
18545.0 40509.0
18596.0 40402.0
19912.0 40401.0
21266.0 40377.0
21342.0 40064.0
21708.0 40063.0
24516.0 40062.0
24592.0 39915.0
25513.0 39846.0
28687.0 39822.0
28763.0 39720.0
31937.0 39709.0
32013.0 39572.0
35187.0 39569.0
35263.0 39537.0
36184.0 39474.0
39358.0 39471.0
39434.0 39339.0
42684.0 39315.0
43605.0 39241.0

16515.0 41334.0
17171.0 40835.0
18092.0 40466.0
18545.0 40444.0
18596.0 40337.0
19912.0 40313.0
21266.0 40310.0
21342.0 40064.0
21708.0 39975.0
24592.0 39915.0
25513.0 39758.0
27894.0 39757.0
28763.0 39631.0
31937.0 39629.0
32013.0 39572.0
35187.0 39569.0
35263.0 39537.0
36184.0 39386.0
39358.0 39383.0
39434.0 39339.0
42608.0 39336.0
42684.0 39304.0
43605.0 39153.0

16515.0 41334.0
16595.0 41102.0
17095.0 41021.0
17171.0 40744.0
18092.0 40466.0
18545.0 40444.0
18596.0 40337.0
19912.0 40313.0
21266.0 40310.0
21342.0 40064.0
21708.0 39975.0
24592.0 39915.0
25513.0 39758.0
27894.0 39757.0
28763.0 39631.0
31937.0 39629.0
32013.0 39572.0
35187.0 39569.0
35263.0 39537.0
36184.0 39386.0
39358.0 39383.0
39434.0 39339.0
42608.0 39336.0
42684.0 39304.0
43605.0 39153.0

16515.0 41267.0
16595.0 41035.0
17095.0 40972.0
17171.0 40744.0
18092.0 40466.0
18545.0 40449.0
18596.0 40337.0
19912.0 40313.0
21342.0 40064.0
21708.0 39975.0
24592.0 39915.0
25513.0 39846.0
27894.0 39757.0
28763.0 39631.0
32013.0 39572.0
35187.0 39569.0
36184.0 39398.0
39434.0 39339.0
43605.0 39241.0

16515.0 41267.0
16595.0 41035.0
17095.0 40972.0
17171.0 40744.0
18092.0 40466.0
18545.0 40449.0
18596.0 40337.0
19912.0 40313.0
21266.0 40312.0
21342.0 40064.0
21708.0 39975.0
24592.0 39915.0
25513.0 39846.0
27894.0 39757.0
28763.0 39631.0
32013.0 39572.0
32934.0 39525.0
36184.0 39385.0
39434.0 39339.0
43605.0 39241.0

16290.0 43259.0
16515.0 41334.0
16595.0 41102.0
17095.0 41021.0
17171.0 40768.0
18092.0 40466.0
18545.0 40444.0
18596.0 40337.0
19912.0 40313.0
21266.0 40310.0
21342.0 40064.0
21708.0 39975.0
24516.0 39972.0
24592.0 39915.0
25513.0 39758.0
28687.0 39757.0
28763.0 39631.0
32013.0 39572.0
32934.0 39535.0
36184.0 39399.0
39434.0 39339.0
40355.0 39279.0
43605.0 39241.0


