16023.0 42316.0
16156.0 42035.0
16595.0 41640.0
16956.0 41570.0
17095.0 41471.0
18092.0 40619.0
18596.0 40337.0
19912.0 40313.0
21266.0 40310.0
21342.0 40064.0
21708.0 39975.0
24516.0 39972.0
24592.0 39915.0
24820.0 39865.0
25513.0 39758.0
27894.0 39757.0
28687.0 39754.0
28763.0 39631.0
31937.0 39629.0
32013.0 39572.0
32934.0 39511.0
36108.0 39510.0
36184.0 39385.0
39358.0 39384.0
39434.0 39326.0
40355.0 39278.0
43529.0 39277.0
43605.0 39152.0
46855.0 39093.0
50105.0 39065.0
53279.0 39057.0

16156.0 43351.0
16515.0 41473.0
16519.0 41463.0
16595.0 41241.0
17095.0 41178.0
18016.0 41104.0
18092.0 40606.0
18545.0 40584.0
18596.0 40337.0
19912.0 40313.0
21266.0 40312.0
21342.0 40064.0
21708.0 39975.0
24516.0 39974.0
24592.0 39915.0
24820.0 39889.0
25513.0 39758.0
28763.0 39631.0
31937.0 39628.0
32013.0 39572.0
32934.0 39512.0
36108.0 39511.0
36184.0 39386.0
39434.0 39363.0
40355.0 39279.0
43605.0 39241.0
49529.0 39213.0

16156.0 43351.0
16515.0 41473.0
16519.0 41463.0
16595.0 41241.0
17095.0 41178.0
18016.0 41104.0
18092.0 40606.0
18545.0 40584.0
18596.0 40337.0
19912.0 40313.0
21266.0 40312.0
21342.0 40064.0
21708.0 39975.0
24516.0 39974.0
24592.0 39915.0
24820.0 39865.0
25513.0 39758.0
28763.0 39631.0
31937.0 39628.0
32013.0 39572.0
32934.0 39512.0
36108.0 39511.0
36184.0 39386.0
39434.0 39363.0
40355.0 39279.0
43605.0 39152.0

16156.0 43351.0
16515.0 41267.0
16595.0 41035.0
17095.0 40972.0
17171.0 40768.0
18092.0 40466.0
18545.0 40449.0
18596.0 40337.0
19912.0 40313.0
21266.0 40310.0
21342.0 40064.0
21708.0 39975.0
24516.0 39974.0
24592.0 39915.0
24820.0 39865.0
25513.0 39758.0
28763.0 39631.0
31937.0 39628.0
32013.0 39572.0
32934.0 39512.0
36108.0 39511.0
36184.0 39386.0
39358.0 39385.0
39434.0 39339.0
40355.0 39279.0
43605.0 39177.0
46779.0 39150.0
51026.0 39071.0

16156.0 43351.0
16515.0 41382.0
16595.0 41150.0
17095.0 41069.0
17171.0 40744.0
18092.0 40466.0
18545.0 40444.0
18596.0 40337.0
19912.0 40313.0
21266.0 40312.0
21342.0 40064.0
21708.0 39975.0
24516.0 39974.0
24592.0 39915.0
24820.0 39865.0
25513.0 39758.0
28763.0 39631.0
31937.0 39628.0
32013.0 39572.0
32934.0 39512.0
36108.0 39511.0
36184.0 39386.0
39358.0 39385.0
39434.0 39363.0
40355.0 39279.0
43605.0 39177.0
46779.0 39150.0
51026.0 39071.0

16023.0 46759.0
16156.0 43190.0
16515.0 41473.0
16519.0 41427.0
16595.0 41241.0
17095.0 41178.0
17171.0 40768.0
18092.0 40466.0
18545.0 40444.0
18596.0 40337.0
19912.0 40313.0
21266.0 40312.0
21342.0 40064.0
21708.0 39975.0
24516.0 39972.0
24592.0 39915.0
24820.0 39884.0
25513.0 39758.0
28763.0 39631.0
31937.0 39628.0
32013.0 39572.0
32934.0 39512.0
36108.0 39511.0
36184.0 39386.0
39358.0 39385.0
39434.0 39334.0
40355.0 39279.0
43605.0 39177.0
46779.0 39150.0
51026.0 39071.0

16023.0 42684.0
16156.0 42403.0
16515.0 41473.0
16519.0 41463.0
16595.0 41241.0
17095.0 41178.0
18016.0 41104.0
18092.0 40606.0
18545.0 40584.0
18596.0 40337.0
19912.0 40313.0
21266.0 40312.0
21342.0 40064.0
21708.0 39975.0
24516.0 39972.0
24592.0 39915.0
24820.0 39865.0
25513.0 39758.0
27894.0 39757.0
28763.0 39631.0
31937.0 39628.0
32013.0 39572.0
32934.0 39512.0
36108.0 39511.0
36184.0 39386.0
39358.0 39385.0
39434.0 39363.0
40355.0 39279.0
43605.0 39152.0
46779.0 39150.0
51026.0 39071.0

16023.0 42684.0
16156.0 42403.0
16515.0 41267.0
16595.0 41035.0
17095.0 40972.0
17171.0 40768.0
18092.0 40466.0
18545.0 40444.0
18596.0 40337.0
19912.0 40313.0
21266.0 40312.0
21342.0 40064.0
21708.0 39975.0
24516.0 39972.0
24592.0 39915.0
24820.0 39865.0
25513.0 39758.0
27894.0 39757.0
28687.0 39756.0
28763.0 39631.0
31937.0 39628.0
32013.0 39572.0
32934.0 39512.0
36108.0 39511.0
36184.0 39386.0
39358.0 39385.0
39434.0 39340.0
40355.0 39279.0
43605.0 39152.0
46779.0 39150.0
51026.0 39071.0

16023.0 42684.0
16156.0 42403.0
16515.0 41382.0
16595.0 41150.0
17095.0 41069.0
17171.0 40744.0
18092.0 40466.0
18545.0 40444.0
18596.0 40337.0
19912.0 40313.0
21266.0 40312.0
21342.0 40064.0
21708.0 39975.0
24516.0 39972.0
24592.0 39915.0
24820.0 39865.0
25513.0 39758.0
27894.0 39757.0
28763.0 39631.0
31937.0 39628.0
32013.0 39572.0
32934.0 39512.0
36108.0 39511.0
36184.0 39386.0
39358.0 39385.0
39434.0 39363.0
40355.0 39279.0
43605.0 39152.0
46779.0 39150.0
51026.0 39071.0

16023.0 42684.0
16156.0 42242.0
16515.0 41334.0
16595.0 41102.0
17095.0 41039.0
17745.0 40935.0
18092.0 40557.0
18545.0 40535.0
18596.0 40337.0
19912.0 40313.0
21266.0 40312.0
21342.0 40064.0
21708.0 39975.0
24516.0 39972.0
24592.0 39915.0
24820.0 39865.0
25513.0 39758.0
27894.0 39757.0
28763.0 39631.0
31937.0 39628.0
32013.0 39572.0
32934.0 39512.0
36108.0 39511.0
36184.0 39386.0
39358.0 39385.0
39434.0 39339.0
40355.0 39279.0
43605.0 39152.0
46779.0 39150.0
51026.0 39071.0

15590.0 47468.0
16023.0 42369.0
16156.0 42088.0
16515.0 41334.0
16595.0 41053.0
17095.0 40954.0
17171.0 40768.0
18092.0 40466.0
18545.0 40444.0
18596.0 40337.0
19912.0 40313.0
21266.0 40310.0
21342.0 40064.0
21708.0 39975.0
24516.0 39972.0
24592.0 39915.0
24820.0 39865.0
25513.0 39758.0
27894.0 39757.0
28687.0 39756.0
28763.0 39631.0
31937.0 39628.0
32013.0 39572.0
32934.0 39511.0
36184.0 39386.0
39434.0 39327.0
40355.0 39279.0
43605.0 39160.0
46855.0 39124.0
50029.0 39093.0
54276.0 39012.0


