25513.0 248148.0
26296.0 243300.0
27843.0 226786.0
27913.0 224132.0

22254.0 250681.0
22792.0 242772.0
25437.0 240919.0
25992.0 240626.0
35608.0 229218.0
37211.0 228289.0

22254.0 250681.0
22792.0 242772.0
24176.0 239227.0
26466.0 238694.0
33505.0 234733.0
35608.0 229218.0
37211.0 228289.0

22254.0 250681.0
22792.0 242772.0
23940.0 239212.0
24310.0 237664.0
35608.0 229218.0
37211.0 228289.0

22254.0 250681.0
22792.0 242772.0
25437.0 240919.0
25992.0 240626.0
35608.0 229218.0
37211.0 228289.0

22254.0 250681.0
22792.0 242772.0
25437.0 240919.0
25992.0 240626.0
35608.0 229218.0
37211.0 228289.0

22254.0 250681.0
22792.0 242772.0
25437.0 240919.0
25992.0 240626.0
35608.0 229218.0
37211.0 228289.0

22254.0 250681.0
22792.0 242772.0
25437.0 240919.0
25992.0 240626.0
35608.0 229218.0
37211.0 228289.0

22254.0 250681.0
22792.0 242772.0
25437.0 240919.0
25992.0 240626.0
35608.0 229218.0
37211.0 228289.0

22254.0 250681.0
22792.0 242772.0
25437.0 240919.0
25992.0 240626.0
35608.0 229218.0
37211.0 228289.0

22254.0 250681.0
22792.0 242772.0
25437.0 240919.0
25992.0 240626.0
35608.0 229218.0
37211.0 228289.0


