17713.0 137663.0
18092.0 122725.0
18545.0 122703.0
18596.0 121948.0
19471.0 121924.0
19912.0 121884.0
21266.0 121752.0
21342.0 121283.0
21708.0 121071.0
22263.0 120714.0
24016.0 120699.0
24516.0 120600.0
24592.0 120566.0
24782.0 120565.0
24801.0 120541.0
25513.0 119774.0
27842.0 119739.0
27862.0 119688.0
28763.0 119403.0
29684.0 119401.0
31937.0 119393.0
32934.0 118886.0
36108.0 118878.0
36184.0 118625.0
39434.0 118574.0
40355.0 118260.0
43605.0 118030.0
46855.0 117948.0

18092.0 125581.0
18596.0 124250.0
18615.0 121511.0
19471.0 121471.0
19912.0 121431.0
20345.0 121428.0
21266.0 121420.0
21342.0 121136.0
21708.0 120973.0
24516.0 120617.0
24750.0 120583.0
25513.0 120210.0
27043.0 120123.0
27913.0 120025.0
32013.0 119507.0
36184.0 119196.0

18092.0 125581.0
18596.0 124250.0
18615.0 121511.0
19471.0 121471.0
19912.0 121431.0
20345.0 121428.0
21266.0 121420.0
21342.0 121015.0
21708.0 120832.0
24516.0 120617.0
24750.0 120549.0
25513.0 120105.0
27913.0 119956.0
32013.0 119507.0
36184.0 119196.0

18092.0 125581.0
18447.0 124166.0
18596.0 121910.0
18615.0 121511.0
19471.0 121471.0
19912.0 121431.0
20345.0 121428.0
21266.0 121420.0
21342.0 120895.0
22263.0 120647.0
24516.0 120617.0
24750.0 120549.0
24801.0 120433.0
25513.0 120042.0
27913.0 119893.0
32013.0 119507.0
36184.0 119196.0

18092.0 125581.0
18596.0 122533.0
18615.0 121400.0
19912.0 121341.0
20345.0 121338.0
21266.0 121267.0
21342.0 120905.0
21708.0 120832.0
24516.0 120617.0
24592.0 120579.0
24750.0 120439.0
25513.0 120105.0
27913.0 119956.0
32013.0 119507.0
36184.0 119196.0

18092.0 124915.0
18526.0 123258.0
18596.0 121992.0
18615.0 121511.0
19471.0 121471.0
19912.0 121431.0
20345.0 121428.0
21266.0 121420.0
21342.0 120808.0
21708.0 120668.0
24516.0 120617.0
24592.0 120584.0
24750.0 120549.0
25513.0 120054.0
27913.0 119893.0
28763.0 119779.0
32013.0 119507.0
36184.0 119196.0

18092.0 125581.0
18596.0 124250.0
18615.0 121511.0
19471.0 121471.0
19912.0 121431.0
20345.0 121428.0
21266.0 121420.0
21342.0 121136.0
21708.0 120922.0
24516.0 120617.0
24750.0 120571.0
25513.0 120159.0
27043.0 120123.0
27913.0 120025.0
28763.0 119993.0
31937.0 119990.0
32013.0 119507.0
35187.0 119506.0
36184.0 119196.0

18092.0 124915.0
18596.0 122767.0
18615.0 121511.0
19471.0 121471.0
19912.0 121431.0
20345.0 121428.0
21266.0 121420.0
21342.0 120768.0
24516.0 120617.0
24592.0 120446.0
25513.0 120054.0
27913.0 120025.0
28763.0 119942.0
32013.0 119507.0
35187.0 119506.0
36184.0 119196.0

18092.0 125581.0
18596.0 122533.0
18615.0 121351.0
19912.0 121295.0
20345.0 121294.0
21266.0 121269.0
21342.0 120709.0
24516.0 120525.0
24592.0 120467.0
24801.0 120436.0
25513.0 120128.0
27043.0 120123.0
27913.0 120025.0
28763.0 119993.0
31937.0 119990.0
32013.0 119507.0
35187.0 119506.0
36184.0 119196.0

18092.0 125581.0
18447.0 125560.0
18596.0 122115.0
18615.0 121511.0
19471.0 121471.0
19912.0 121431.0
20345.0 121428.0
21266.0 121420.0
21342.0 120949.0
21638.0 120944.0
21657.0 120886.0
21708.0 120766.0
24516.0 120617.0
24750.0 120571.0
24801.0 120370.0
25513.0 120050.0
27913.0 120025.0
28763.0 119732.0
32013.0 119507.0
36184.0 119196.0

18092.0 125519.0
18596.0 122930.0
18615.0 121511.0
19471.0 121455.0
19912.0 121431.0
20345.0 121428.0
21266.0 121420.0
21342.0 120704.0
21708.0 120515.0
22902.0 120482.0
24516.0 120390.0
24801.0 120320.0
24820.0 120269.0
25513.0 120159.0
27043.0 120123.0
27766.0 120091.0
27913.0 119512.0
28763.0 119142.0
36184.0 118808.0


