23480.0 256938.0
27525.0 244050.0
30406.0 243719.0
31413.0 241409.0
32334.0 240282.0
35584.0 233749.0
38758.0 233335.0
42008.0 232895.0

26705.0 249690.0
29136.0 247145.0
29684.0 228874.0
30237.0 228745.0
31337.0 228431.0
35584.0 227483.0
35961.0 226098.0

26705.0 249690.0
29136.0 247145.0
29684.0 228874.0
30237.0 228745.0
31337.0 228431.0
35584.0 227483.0
35961.0 226098.0

26705.0 249690.0
29136.0 247145.0
29684.0 228874.0
30237.0 228745.0
31337.0 228431.0
35584.0 227483.0
35961.0 226098.0

26705.0 249690.0
29136.0 247145.0
29684.0 228874.0
30237.0 228745.0
31337.0 228431.0
35584.0 227483.0
35961.0 226098.0

26705.0 249690.0
29136.0 247145.0
29684.0 228874.0
30237.0 228745.0
31337.0 228431.0
35584.0 227483.0
35961.0 226098.0

26705.0 249690.0
29136.0 247145.0
29684.0 228874.0
30237.0 228745.0
31337.0 228431.0
35584.0 227483.0
35961.0 226098.0

26705.0 249690.0
29136.0 247145.0
29684.0 228874.0
30237.0 228745.0
31337.0 228431.0
35584.0 227483.0
35961.0 226098.0

26705.0 249690.0
29136.0 247145.0
29684.0 228874.0
30237.0 228745.0
31337.0 228431.0
35584.0 227483.0
35961.0 226098.0

26705.0 249690.0
29136.0 247145.0
29684.0 228874.0
30237.0 228745.0
31337.0 228431.0
35584.0 227483.0
35961.0 226098.0

26705.0 249690.0
29136.0 247145.0
29684.0 228874.0
30237.0 228745.0
31337.0 228431.0
35584.0 227483.0
35961.0 226098.0


