18446.0 218195.0
18447.0 216575.0
18545.0 213410.0
18596.0 208976.0
18922.0 208626.0
19505.0 207013.0
20766.0 206408.0
21266.0 206282.0
21342.0 203286.0
21708.0 202938.0
24016.0 202874.0
24516.0 202848.0
24592.0 202835.0
24750.0 202632.0
24801.0 202517.0
25513.0 201336.0
27894.0 201081.0
28687.0 200585.0
28763.0 199914.0
30085.0 199913.0
31937.0 199877.0
32013.0 199836.0
32934.0 199455.0
36108.0 199351.0
36184.0 199085.0
38158.0 199010.0
39358.0 198932.0
39434.0 198703.0
40355.0 198457.0
42684.0 198450.0
43029.0 198071.0
43605.0 197821.0
46779.0 197750.0

18615.0 211681.0
19247.0 210883.0
19505.0 208929.0
19946.0 208407.0
20166.0 208035.0
20766.0 206913.0
20857.0 206847.0
21342.0 203977.0
21708.0 203762.0
25010.0 203245.0
25513.0 202658.0
28763.0 202399.0
32013.0 201946.0
32934.0 201565.0
36108.0 201326.0
39434.0 201216.0

18615.0 211681.0
19247.0 210213.0
19505.0 208929.0
19946.0 208407.0
20166.0 207944.0
20766.0 206913.0
20857.0 206327.0
21342.0 203977.0
21708.0 203762.0
24016.0 203605.0
24592.0 202977.0
25513.0 202658.0
28687.0 202623.0
28763.0 202399.0
29684.0 202048.0
31016.0 201463.0
32934.0 201450.0
36108.0 201224.0
39434.0 201216.0

18596.0 211336.0
18922.0 210785.0
19313.0 210270.0
19505.0 207050.0
19946.0 206022.0
20766.0 206015.0
21266.0 205479.0
21342.0 203694.0
21638.0 203461.0
23950.0 203322.0
24592.0 203058.0
24731.0 202816.0
24801.0 202600.0
24937.0 202207.0
25513.0 202103.0
28187.0 201986.0
28763.0 201927.0
31016.0 201472.0
31937.0 201344.0
36108.0 201233.0
39434.0 201216.0

18615.0 211681.0
19247.0 210213.0
19313.0 209653.0
19505.0 208929.0
19946.0 208407.0
20166.0 207944.0
20766.0 206913.0
20857.0 206847.0
21266.0 206529.0
21342.0 203260.0
21708.0 202907.0
24516.0 202552.0
24592.0 201949.0
24820.0 201926.0
25513.0 201432.0
27766.0 201399.0
28763.0 201064.0
31937.0 200880.0
32013.0 200802.0

18092.0 214505.0
18446.0 208193.0
18545.0 208176.0
18596.0 207947.0
18922.0 207485.0
19946.0 206944.0
20766.0 206913.0
20857.0 205774.0
21266.0 205626.0
21342.0 203612.0
21638.0 203393.0
22020.0 202756.0
24801.0 202579.0
25513.0 202487.0
28763.0 201351.0
36108.0 201233.0
39434.0 201216.0

18615.0 211681.0
19247.0 210883.0
19505.0 208929.0
19946.0 208407.0
20166.0 208035.0
20766.0 206913.0
20857.0 206847.0
21342.0 203977.0
21708.0 203762.0
24592.0 202977.0
25513.0 202658.0
28763.0 202399.0
31937.0 202007.0
32013.0 201842.0
32934.0 201565.0
36108.0 201326.0
39434.0 201216.0

18615.0 207482.0
19313.0 207297.0
19946.0 207038.0
20766.0 206913.0
20857.0 206847.0
21266.0 205710.0
21342.0 203672.0
21708.0 203523.0
24516.0 203425.0
25010.0 203245.0
25513.0 201879.0
28763.0 201762.0
32934.0 201565.0
36108.0 201326.0
39434.0 201216.0

18615.0 211681.0
19247.0 210883.0
19505.0 208929.0
19946.0 208407.0
20166.0 207944.0
20766.0 206913.0
20857.0 206847.0
21266.0 206320.0
21342.0 202904.0
21689.0 202669.0
24016.0 202322.0
24516.0 202266.0
25513.0 201977.0
28763.0 201717.0
31437.0 201542.0
36108.0 201326.0
39434.0 201216.0

18513.0 209370.0
18615.0 208991.0
18623.0 207594.0
19145.0 206564.0
19471.0 206252.0
20857.0 205608.0
21266.0 205190.0
21342.0 203766.0
21708.0 203554.0
24516.0 203519.0
24801.0 203066.0
25513.0 202487.0
28763.0 202110.0
29684.0 202095.0
31016.0 201543.0
36108.0 201304.0
39434.0 201216.0

18615.0 208156.0
18922.0 207271.0
19146.0 206951.0
19505.0 205676.0
19946.0 205614.0
20421.0 204314.0
21266.0 203960.0
21342.0 203329.0
21638.0 203009.0
21689.0 202859.0
21708.0 202599.0
24801.0 201618.0
25513.0 199923.0
28763.0 199345.0
29684.0 199145.0
32013.0 199083.0


