18092.0 125753.0
18526.0 125632.0
18615.0 122138.0
19587.0 122080.0
20387.0 121969.0
21342.0 120971.0
21708.0 120662.0
24592.0 120607.0
25513.0 119955.0
28763.0 119074.0
31937.0 119045.0
32013.0 118961.0
35187.0 118941.0
36184.0 118582.0
39358.0 118328.0
39434.0 118177.0

18092.0 124972.0
18513.0 124211.0
18545.0 122065.0
18596.0 121871.0
18615.0 121785.0
19912.0 121745.0
21342.0 121090.0
21638.0 120999.0
21657.0 120978.0
22263.0 120922.0
24516.0 120901.0
24592.0 120755.0
24801.0 120591.0
25513.0 120243.0
28763.0 119837.0
36184.0 119571.0

18092.0 124972.0
18513.0 124211.0
18545.0 122065.0
18596.0 121871.0
18615.0 121785.0
19912.0 121745.0
21342.0 120932.0
21708.0 120759.0
24516.0 120739.0
24592.0 120717.0
24801.0 120552.0
25513.0 120117.0
28763.0 119801.0
32013.0 119766.0
36184.0 119287.0

18092.0 124419.0
18513.0 124211.0
18545.0 121984.0
18596.0 121790.0
18615.0 121785.0
19912.0 121745.0
21266.0 121741.0
21342.0 120995.0
21657.0 120978.0
21708.0 120766.0
24592.0 120681.0
24801.0 120591.0
25513.0 120243.0
28763.0 119837.0
36108.0 119703.0
36184.0 119534.0

18092.0 124972.0
18513.0 124211.0
18545.0 121984.0
18596.0 121790.0
18615.0 121785.0
19912.0 121745.0
21266.0 121704.0
21342.0 121050.0
21638.0 120999.0
21657.0 120954.0
21708.0 120838.0
24516.0 120795.0
24592.0 120755.0
24750.0 120741.0
24801.0 120591.0
25513.0 120243.0
28763.0 119837.0
36184.0 119571.0

18092.0 124972.0
18513.0 124211.0
18545.0 122065.0
18596.0 121871.0
18615.0 121785.0
19912.0 121745.0
21342.0 120858.0
21708.0 120742.0
24592.0 120678.0
24801.0 120469.0
25513.0 120243.0
27843.0 120232.0
28763.0 119812.0
36184.0 119287.0

18092.0 124972.0
18513.0 124211.0
18545.0 122065.0
18596.0 121871.0
18615.0 121785.0
19912.0 121745.0
21342.0 120875.0
21638.0 120874.0
24016.0 120595.0
24750.0 120504.0
25513.0 120066.0
28763.0 119780.0
32013.0 119767.0
36184.0 119305.0
39358.0 119284.0

18092.0 123109.0
18545.0 122065.0
18596.0 121871.0
18615.0 121785.0
19912.0 121745.0
21266.0 121720.0
21342.0 120875.0
21638.0 120874.0
24016.0 120595.0
24750.0 120504.0
25513.0 120066.0
28763.0 119780.0
32013.0 119767.0
32934.0 119475.0
36184.0 119287.0
39358.0 119262.0

18092.0 124972.0
18513.0 124211.0
18545.0 122065.0
18596.0 121871.0
18615.0 121785.0
19912.0 121745.0
21342.0 120875.0
21638.0 120874.0
24016.0 120595.0
24750.0 120356.0
25513.0 120066.0
28763.0 119728.0
32013.0 119647.0
36184.0 119305.0
39358.0 119284.0
43605.0 119171.0

18092.0 124972.0
18513.0 124211.0
18545.0 122065.0
18596.0 121871.0
18615.0 121785.0
19912.0 121745.0
21266.0 121720.0
21342.0 120834.0
21657.0 120728.0
21708.0 120516.0
24592.0 120332.0
24801.0 120279.0
25513.0 120160.0
28763.0 119753.0
32013.0 119303.0
36184.0 119041.0

18092.0 124972.0
18513.0 124211.0
18545.0 122048.0
18596.0 121864.0
18615.0 121785.0
19912.0 121678.0
19946.0 121643.0
21266.0 121635.0
21342.0 120940.0
21638.0 120939.0
21708.0 120712.0
24592.0 120492.0
24801.0 120387.0
25513.0 119880.0
28763.0 119170.0
32934.0 118895.0
36184.0 118410.0


