21708.0 231142.0
22263.0 228508.0
22461.0 228334.0
24820.0 226168.0
29684.0 223380.0

23316.0 243685.0
25513.0 240895.0
26887.0 239354.0
27166.0 236857.0
28763.0 234303.0

23316.0 243685.0
25513.0 240895.0
26887.0 239354.0
27166.0 236857.0
28763.0 234303.0

23316.0 243685.0
25513.0 240895.0
26887.0 239354.0
27166.0 236857.0
28763.0 234303.0

23316.0 243685.0
25513.0 235165.0
28763.0 234303.0
30791.0 232274.0

23316.0 243685.0
25513.0 240895.0
26887.0 239354.0
27166.0 236857.0
28763.0 234303.0

23316.0 243685.0
25513.0 240895.0
26887.0 239354.0
27166.0 236857.0
28763.0 234303.0

23316.0 243685.0
25513.0 240895.0
26887.0 239354.0
27166.0 236857.0
28763.0 234303.0

23316.0 243685.0
25513.0 240895.0
26887.0 239354.0
27166.0 236857.0
28763.0 234303.0

23316.0 243685.0
25513.0 240895.0
26887.0 239354.0
27166.0 236857.0
28763.0 234303.0

23316.0 243685.0
25513.0 240895.0
26887.0 239354.0
27166.0 236857.0
28763.0 234303.0


