18092.0 123468.0
18475.0 123451.0
18526.0 123434.0
18615.0 122505.0
18671.0 122226.0
19471.0 121946.0
20387.0 121922.0
21342.0 120884.0
21708.0 120671.0
24516.0 120646.0
24592.0 120552.0
24801.0 120531.0
25513.0 120323.0
27894.0 120092.0
27913.0 119942.0
28763.0 119544.0
32013.0 119263.0
32934.0 119213.0
36184.0 119052.0
40355.0 118967.0

18513.0 136163.0
18545.0 124235.0
18596.0 121988.0
18615.0 121701.0
19912.0 121403.0
20387.0 121363.0
21266.0 121360.0
21342.0 120975.0
21708.0 120530.0
24516.0 120529.0
24801.0 120507.0
25513.0 120055.0
28687.0 120053.0
28763.0 119496.0
32934.0 119185.0
36184.0 119103.0
40355.0 119046.0

18513.0 136163.0
18545.0 124235.0
18596.0 121977.0
18615.0 121701.0
19912.0 121403.0
20387.0 121363.0
21266.0 121360.0
21342.0 120975.0
21708.0 120530.0
24516.0 120529.0
24801.0 120506.0
25513.0 120054.0
28687.0 120053.0
28763.0 119496.0
32934.0 119185.0
36184.0 119103.0
40355.0 119046.0

18513.0 136163.0
18545.0 124235.0
18596.0 121988.0
18615.0 121701.0
19912.0 121403.0
20387.0 121363.0
21266.0 121360.0
21342.0 120975.0
21708.0 120530.0
24516.0 120529.0
24801.0 120507.0
25513.0 120055.0
28687.0 120053.0
28763.0 119496.0
32934.0 119185.0
36184.0 119103.0
40355.0 119046.0

18513.0 136163.0
18545.0 124235.0
18596.0 121977.0
18615.0 121701.0
19912.0 121403.0
20387.0 121363.0
21266.0 121360.0
21342.0 120975.0
21708.0 120530.0
24516.0 120529.0
24801.0 120506.0
25513.0 120054.0
28687.0 120053.0
28763.0 119496.0
32934.0 119185.0
36184.0 119103.0
40355.0 119046.0

18513.0 136163.0
18545.0 124235.0
18596.0 121977.0
18615.0 121701.0
19912.0 121403.0
20387.0 121363.0
21266.0 121360.0
21342.0 120975.0
21708.0 120508.0
24516.0 120507.0
25513.0 120033.0
28687.0 120032.0
28763.0 119475.0
32934.0 119163.0
36184.0 119081.0
40355.0 119024.0

18513.0 136163.0
18545.0 124235.0
18596.0 121977.0
18615.0 121701.0
19912.0 121403.0
20387.0 121363.0
21266.0 121360.0
21342.0 120975.0
21708.0 120508.0
24516.0 120507.0
25513.0 120032.0
28763.0 119475.0
32934.0 119163.0
36184.0 119081.0
40355.0 119024.0

18513.0 136163.0
18545.0 124235.0
18596.0 121988.0
18615.0 121701.0
19912.0 121403.0
20387.0 121363.0
21266.0 121360.0
21342.0 120975.0
21708.0 120508.0
24516.0 120507.0
25513.0 120032.0
28763.0 119475.0
32934.0 119163.0
36184.0 119081.0
40355.0 119024.0

18513.0 136163.0
18545.0 124235.0
18596.0 121977.0
18615.0 121701.0
19912.0 121403.0
20387.0 121363.0
21266.0 121360.0
21342.0 120975.0
21708.0 120508.0
24516.0 120507.0
25513.0 120032.0
28763.0 119475.0
32934.0 119163.0
36184.0 119081.0
40355.0 119024.0

18513.0 136163.0
18545.0 124235.0
18596.0 121988.0
18615.0 121701.0
19912.0 121403.0
20387.0 121363.0
21266.0 121360.0
21342.0 120975.0
21708.0 120508.0
24516.0 120507.0
25513.0 120032.0
28763.0 119475.0
32934.0 119163.0
36184.0 119081.0
40355.0 119024.0

18513.0 136163.0
18545.0 124235.0
18596.0 121988.0
18615.0 121701.0
19912.0 121403.0
20387.0 121363.0
21266.0 121360.0
21342.0 120975.0
21708.0 120508.0
24516.0 120507.0
25513.0 120032.0
28763.0 119496.0
32934.0 119185.0
36184.0 119103.0
40355.0 119046.0


