16023.0 49764.0
16290.0 46551.0
16515.0 46498.0
16745.0 45048.0
16816.0 41687.0
16956.0 41576.0
16990.0 41423.0
17516.0 41191.0
18016.0 41110.0
18092.0 40646.0
18545.0 40629.0
18596.0 40337.0
19912.0 40313.0
21266.0 40310.0
21342.0 40064.0
21708.0 39975.0
24516.0 39972.0
24592.0 39915.0
24820.0 39865.0
25513.0 39758.0
27894.0 39757.0
28687.0 39755.0
28763.0 39631.0
31937.0 39629.0
32013.0 39572.0
32934.0 39511.0
36108.0 39509.0
36184.0 39385.0
39434.0 39340.0
40355.0 39278.0
43605.0 39152.0
46855.0 39094.0

16023.0 44303.0
16156.0 44022.0
16494.0 43172.0
16515.0 42148.0
16571.0 41846.0
16595.0 41163.0
17095.0 41100.0
17171.0 40768.0
18092.0 40466.0
18545.0 40444.0
18596.0 40337.0
19912.0 40313.0
21266.0 40312.0
21342.0 40088.0
21657.0 40071.0
21708.0 39999.0
24516.0 39974.0
25513.0 39758.0
28763.0 39657.0
32013.0 39614.0
32934.0 39558.0
36184.0 39464.0
46855.0 39288.0

16023.0 44303.0
16156.0 44022.0
16494.0 43172.0
16515.0 42148.0
16571.0 41718.0
16595.0 41163.0
17095.0 41100.0
17171.0 40768.0
18092.0 40466.0
18545.0 40444.0
18596.0 40337.0
19912.0 40313.0
21266.0 40312.0
21342.0 40088.0
21657.0 40071.0
21708.0 39975.0
24516.0 39972.0
24592.0 39939.0
25513.0 39758.0
28763.0 39632.0
32013.0 39596.0
32934.0 39525.0
36184.0 39386.0
46855.0 39288.0

16023.0 44205.0
16156.0 44022.0
16494.0 43172.0
16515.0 41334.0
16595.0 41102.0
17095.0 41021.0
17171.0 40768.0
18092.0 40466.0
18545.0 40444.0
18596.0 40337.0
19912.0 40313.0
21266.0 40310.0
21342.0 40064.0
21708.0 39975.0
24516.0 39974.0
24592.0 39963.0
25513.0 39758.0
28687.0 39757.0
28763.0 39632.0
32013.0 39614.0
32934.0 39525.0
36184.0 39464.0
46855.0 39288.0

16023.0 44303.0
16156.0 44022.0
16494.0 43172.0
16515.0 41395.0
16595.0 41163.0
17095.0 41021.0
17171.0 40768.0
18092.0 40466.0
18545.0 40444.0
18596.0 40337.0
19912.0 40313.0
21266.0 40312.0
21342.0 40088.0
21657.0 40071.0
21708.0 39999.0
24516.0 39974.0
25513.0 39758.0
28763.0 39656.0
31937.0 39631.0
32013.0 39603.0
32934.0 39558.0
36184.0 39464.0
43605.0 39413.0
46855.0 39288.0

16023.0 44303.0
16156.0 44022.0
16290.0 43037.0
16515.0 41267.0
16595.0 41035.0
17095.0 40972.0
17171.0 40768.0
18092.0 40466.0
18545.0 40444.0
18596.0 40337.0
19912.0 40313.0
21266.0 40310.0
21342.0 40064.0
21708.0 39975.0
24516.0 39972.0
25513.0 39758.0
28687.0 39757.0
28763.0 39656.0
32013.0 39603.0
32934.0 39532.0
36184.0 39406.0
46855.0 39288.0

16023.0 44303.0
16156.0 44022.0
16494.0 43172.0
16515.0 42148.0
16571.0 41718.0
16595.0 41163.0
17095.0 41100.0
17171.0 40768.0
18092.0 40466.0
18545.0 40444.0
18596.0 40337.0
19912.0 40313.0
21266.0 40310.0
21342.0 40064.0
21708.0 39975.0
24516.0 39974.0
24592.0 39939.0
25513.0 39758.0
27894.0 39757.0
28687.0 39755.0
28763.0 39632.0
32013.0 39596.0
32934.0 39558.0
36184.0 39386.0
43605.0 39193.0

16023.0 44303.0
16156.0 43924.0
16290.0 43153.0
16515.0 41515.0
16595.0 41120.0
17095.0 41021.0
17171.0 40768.0
18092.0 40466.0
18545.0 40444.0
18596.0 40337.0
19912.0 40313.0
21266.0 40312.0
21342.0 40064.0
21708.0 39975.0
24516.0 39974.0
24592.0 39923.0
25513.0 39758.0
28687.0 39757.0
28763.0 39632.0
32013.0 39573.0
32934.0 39525.0
36108.0 39524.0
36184.0 39399.0
40355.0 39303.0
43605.0 39153.0

16023.0 44303.0
16156.0 44022.0
16494.0 43172.0
16515.0 41515.0
16595.0 41120.0
17095.0 41021.0
17171.0 40768.0
18092.0 40466.0
18545.0 40444.0
18596.0 40337.0
19912.0 40313.0
21266.0 40310.0
21342.0 40064.0
21708.0 39975.0
24516.0 39974.0
24592.0 39939.0
25513.0 39758.0
27894.0 39757.0
28687.0 39755.0
28763.0 39632.0
31937.0 39631.0
32013.0 39573.0
32934.0 39549.0
36184.0 39386.0
43605.0 39193.0

16023.0 44303.0
16156.0 44022.0
16290.0 43037.0
16515.0 41334.0
16595.0 41102.0
17095.0 41100.0
17171.0 40768.0
18092.0 40466.0
18545.0 40444.0
18596.0 40337.0
19912.0 40313.0
21266.0 40310.0
21342.0 40064.0
21708.0 39975.0
24516.0 39972.0
24592.0 39939.0
25513.0 39758.0
27894.0 39757.0
28763.0 39632.0
32013.0 39596.0
32934.0 39525.0
36108.0 39524.0
36184.0 39406.0
39434.0 39350.0
40355.0 39279.0
43605.0 39177.0

16023.0 42322.0
16156.0 41879.0
16515.0 41267.0
16595.0 41035.0
17095.0 40954.0
17171.0 40744.0
18092.0 40466.0
18545.0 40444.0
18596.0 40337.0
19912.0 40313.0
21266.0 40310.0
21342.0 40064.0
21708.0 39975.0
24516.0 39972.0
24592.0 39915.0
24820.0 39865.0
25513.0 39758.0
27894.0 39757.0
28687.0 39755.0
28763.0 39631.0
31937.0 39629.0
32013.0 39573.0
32934.0 39512.0
36184.0 39386.0
39434.0 39327.0
40355.0 39279.0
43605.0 39153.0
46779.0 39150.0
46855.0 39094.0
51026.0 39071.0
54276.0 39036.0


