17996.0 131569.0
18092.0 122582.0
18526.0 122565.0
18545.0 122505.0
18596.0 122013.0
19946.0 121973.0
21266.0 121963.0
21342.0 120951.0
21638.0 120912.0
21708.0 120426.0
24516.0 120401.0
24592.0 120278.0
25513.0 119592.0
27843.0 119575.0
27894.0 119487.0
28687.0 119484.0
28763.0 119175.0
31937.0 119132.0
32013.0 118949.0
36184.0 118469.0
39358.0 118404.0
42608.0 118221.0

17996.0 126344.0
18016.0 126193.0
18092.0 124194.0
18545.0 123146.0
18596.0 121643.0
19946.0 121387.0
21266.0 121346.0
21342.0 121202.0
21708.0 121031.0
22263.0 120960.0
24592.0 120691.0
24750.0 120600.0
24801.0 120490.0
25513.0 120275.0
27842.0 120068.0
27843.0 120051.0
28763.0 119861.0
29684.0 119770.0
32934.0 119456.0
36184.0 119317.0
46855.0 119117.0

17996.0 126344.0
18016.0 126193.0
18092.0 124194.0
18545.0 123146.0
18596.0 121411.0
19912.0 121369.0
19946.0 121348.0
21266.0 121323.0
21342.0 121202.0
21657.0 121197.0
21708.0 120808.0
24592.0 120543.0
24801.0 120490.0
25437.0 120465.0
25513.0 120138.0
27842.0 120068.0
27843.0 120051.0
28763.0 119767.0
32934.0 119456.0
36184.0 119117.0
46855.0 118931.0

17492.0 127647.0
17745.0 125053.0
18092.0 124194.0
18545.0 123057.0
18596.0 121268.0
19912.0 121228.0
19946.0 121204.0
21342.0 120714.0
24592.0 120543.0
24750.0 120503.0
24801.0 120490.0
25513.0 119837.0
28763.0 119641.0
32934.0 119216.0
36184.0 119152.0
39434.0 118950.0
40355.0 118949.0
43605.0 118948.0
46855.0 118602.0

17996.0 126344.0
18016.0 126193.0
18092.0 124114.0
18545.0 123146.0
18596.0 121281.0
19912.0 121257.0
21266.0 121169.0
21342.0 120820.0
21708.0 120440.0
24516.0 120367.0
24801.0 120332.0
25513.0 119917.0
28763.0 119493.0
32934.0 119278.0
36184.0 119076.0
40355.0 119071.0
43605.0 118728.0

17745.0 128830.0
17996.0 126264.0
18016.0 126193.0
18092.0 124194.0
18545.0 123146.0
18596.0 121411.0
19946.0 121387.0
21266.0 121346.0
21342.0 121088.0
21657.0 120965.0
21708.0 120963.0
22263.0 120960.0
24592.0 120522.0
24801.0 120490.0
25513.0 120065.0
27843.0 120051.0
28687.0 120022.0
28763.0 119493.0
32934.0 119278.0
36184.0 119076.0
40355.0 119075.0
43605.0 118728.0

17996.0 126344.0
18016.0 126193.0
18092.0 124194.0
18545.0 123146.0
18596.0 121411.0
19946.0 121387.0
21266.0 121346.0
21342.0 121202.0
21657.0 121127.0
21708.0 121031.0
22263.0 120932.0
24592.0 120543.0
24801.0 120490.0
25513.0 119990.0
28763.0 119664.0
32934.0 119456.0
36184.0 119142.0
46855.0 118909.0

17996.0 126344.0
18016.0 126193.0
18092.0 124114.0
18545.0 123146.0
18596.0 121481.0
19112.0 121447.0
19146.0 121442.0
19946.0 121348.0
21266.0 121320.0
21342.0 120937.0
21638.0 120920.0
21708.0 120708.0
24592.0 120474.0
25513.0 119752.0
28763.0 119373.0
32013.0 119370.0
32934.0 119164.0
36184.0 119089.0
39434.0 118932.0
40355.0 118931.0
42684.0 118879.0
46855.0 118584.0

17996.0 126344.0
18016.0 126193.0
18092.0 124114.0
18545.0 123146.0
18596.0 121481.0
19112.0 121428.0
19146.0 121423.0
19912.0 121329.0
21266.0 121304.0
21342.0 121117.0
21708.0 121031.0
22263.0 120852.0
24592.0 120503.0
24801.0 120490.0
25437.0 120478.0
25513.0 119734.0
28687.0 119709.0
28763.0 119589.0
32013.0 119351.0
32934.0 119239.0
36184.0 119036.0
39434.0 118910.0
40355.0 118898.0
42684.0 118732.0
43605.0 118724.0
46855.0 118562.0
50105.0 118396.0

17996.0 126264.0
18016.0 126193.0
18092.0 122498.0
18596.0 121411.0
19946.0 121387.0
21266.0 121346.0
21342.0 120960.0
21708.0 120549.0
24592.0 120469.0
24750.0 120394.0
25513.0 120014.0
28763.0 119519.0
31937.0 119465.0
32934.0 119435.0
36184.0 119037.0
39434.0 118790.0
43605.0 118728.0
47776.0 118510.0

17996.0 126344.0
18016.0 126193.0
18092.0 123511.0
18545.0 123146.0
18596.0 121411.0
19912.0 121329.0
21266.0 121303.0
21342.0 120966.0
21708.0 120212.0
25513.0 119733.0
28763.0 119281.0
32934.0 119270.0
36184.0 119058.0
39434.0 118859.0
42684.0 118755.0
46855.0 118544.0


