16290.0 47898.0
16480.0 43644.0
16494.0 43400.0
16515.0 42117.0
16816.0 41366.0
17516.0 41134.0
18016.0 41053.0
18092.0 40618.0
18526.0 40596.0
18596.0 40337.0
19912.0 40313.0
21266.0 40310.0
21342.0 40186.0
21708.0 39975.0
24516.0 39972.0
25513.0 39758.0
27894.0 39757.0
28763.0 39631.0
32934.0 39524.0
36184.0 39399.0
43605.0 39316.0

16093.0 44692.0
16290.0 43628.0
16816.0 42217.0
16990.0 41691.0
17516.0 41459.0
18016.0 41396.0
18092.0 40636.0
18545.0 40619.0
18596.0 40367.0
21266.0 40342.0
21342.0 40241.0
21708.0 40093.0
24592.0 40034.0
25513.0 39847.0
27843.0 39830.0
28763.0 39750.0
32013.0 39717.0
32934.0 39646.0
36184.0 39439.0
39434.0 39364.0
43605.0 39227.0
46855.0 39101.0

16093.0 44692.0
16290.0 43628.0
16816.0 42217.0
16990.0 41691.0
17516.0 41459.0
18016.0 41396.0
18092.0 40561.0
18545.0 40539.0
18596.0 40367.0
21266.0 40342.0
21342.0 40104.0
21708.0 40015.0
24592.0 39956.0
25513.0 39847.0
27843.0 39830.0
28763.0 39721.0
31937.0 39709.0
32013.0 39698.0
32934.0 39536.0
36184.0 39439.0
39434.0 39364.0
43605.0 39227.0
46855.0 39101.0

16093.0 44692.0
16290.0 43628.0
16816.0 41955.0
16990.0 41511.0
17516.0 41279.0
18092.0 40636.0
18545.0 40619.0
18596.0 40353.0
21266.0 40340.0
21342.0 40104.0
21708.0 40015.0
24592.0 39956.0
25513.0 39798.0
28763.0 39721.0
31937.0 39709.0
32013.0 39698.0
32934.0 39536.0
36184.0 39439.0
39434.0 39364.0
43605.0 39227.0
46855.0 39101.0

16093.0 44692.0
16290.0 43628.0
16816.0 42217.0
16990.0 41691.0
17516.0 41459.0
18016.0 41396.0
18092.0 40561.0
18545.0 40539.0
18596.0 40367.0
21266.0 40342.0
21342.0 40104.0
21708.0 40015.0
24592.0 39956.0
25513.0 39847.0
27843.0 39830.0
28763.0 39715.0
31937.0 39709.0
32934.0 39536.0
36184.0 39423.0
39434.0 39364.0
43605.0 39227.0
46855.0 39101.0

16093.0 44692.0
16290.0 43628.0
16816.0 42217.0
16990.0 41691.0
17516.0 41459.0
18016.0 41396.0
18092.0 40561.0
18545.0 40539.0
18596.0 40367.0
21266.0 40342.0
21342.0 40104.0
21708.0 40015.0
24592.0 39956.0
25513.0 39847.0
27843.0 39830.0
28763.0 39715.0
31937.0 39709.0
32934.0 39536.0
36184.0 39423.0
39434.0 39364.0
43605.0 39227.0
46855.0 39101.0

16093.0 44692.0
16290.0 43628.0
16816.0 42217.0
16990.0 41691.0
17516.0 41459.0
18016.0 41396.0
18092.0 40466.0
18545.0 40444.0
18596.0 40337.0
21342.0 40104.0
21708.0 39999.0
24516.0 39996.0
24592.0 39956.0
25513.0 39782.0
27894.0 39781.0
28687.0 39779.0
28763.0 39656.0
32013.0 39620.0
32934.0 39536.0
36184.0 39410.0
39434.0 39364.0
43605.0 39227.0
46855.0 39101.0

16093.0 44692.0
16290.0 43628.0
16515.0 42833.0
16571.0 42612.0
16816.0 41955.0
16990.0 41691.0
17516.0 41459.0
18016.0 41396.0
18092.0 40466.0
18545.0 40444.0
18596.0 40337.0
21266.0 40310.0
21342.0 40104.0
21708.0 39999.0
24516.0 39974.0
24592.0 39956.0
25513.0 39782.0
27843.0 39765.0
28763.0 39650.0
31937.0 39631.0
32013.0 39620.0
32934.0 39536.0
36184.0 39410.0
39434.0 39364.0
43605.0 39227.0
46855.0 39101.0

16093.0 44692.0
16290.0 43628.0
16816.0 42217.0
16990.0 41691.0
17516.0 41459.0
18016.0 41396.0
18092.0 40466.0
18545.0 40444.0
18596.0 40337.0
21342.0 40104.0
21708.0 39999.0
24516.0 39996.0
24592.0 39956.0
25513.0 39782.0
27894.0 39781.0
28687.0 39779.0
28763.0 39656.0
32013.0 39620.0
32934.0 39536.0
36184.0 39410.0
39434.0 39364.0
43605.0 39227.0
46855.0 39101.0

16093.0 44692.0
16290.0 43628.0
16816.0 42217.0
16990.0 41691.0
17516.0 41459.0
18016.0 41396.0
18092.0 40466.0
18545.0 40444.0
18596.0 40337.0
21342.0 40104.0
21708.0 39999.0
24516.0 39996.0
24592.0 39956.0
25513.0 39782.0
27894.0 39781.0
28687.0 39779.0
28763.0 39656.0
32013.0 39620.0
32934.0 39536.0
36184.0 39410.0
39434.0 39364.0
43605.0 39227.0
46855.0 39101.0

15590.0 46177.0
16070.0 45662.0
16093.0 44440.0
16290.0 43259.0
16816.0 41678.0
16990.0 41387.0
17516.0 41155.0
18016.0 41074.0
18092.0 40466.0
18545.0 40444.0
18596.0 40337.0
19912.0 40313.0
21266.0 40312.0
21342.0 40064.0
21708.0 39975.0
24516.0 39974.0
24592.0 39915.0
24820.0 39865.0
25513.0 39758.0
27894.0 39757.0
28763.0 39631.0
32013.0 39572.0
32934.0 39512.0
36184.0 39410.0
39434.0 39327.0
43605.0 39227.0
46855.0 39101.0


