18596.0 221143.0
18615.0 211695.0
18856.0 209910.0
19146.0 208564.0
19505.0 207797.0
21138.0 206990.0
21266.0 206848.0
21342.0 204771.0
21708.0 203405.0
23595.0 202959.0
24016.0 202685.0
24592.0 201011.0
24801.0 200781.0
24820.0 200730.0
27913.0 200536.0
28763.0 200049.0
32013.0 199454.0
33248.0 199324.0
35187.0 199272.0
36184.0 198554.0
39434.0 198472.0
43605.0 198314.0
45782.0 198047.0
46855.0 197913.0
54276.0 197591.0

19112.0 209549.0
19946.0 209351.0
20766.0 209262.0
20787.0 207988.0
20838.0 207358.0
21342.0 205386.0
21657.0 205252.0
21708.0 205005.0
22263.0 204109.0
24016.0 203975.0
24516.0 203496.0
24592.0 203245.0
24801.0 202794.0
27690.0 202532.0
27766.0 202482.0
28763.0 202184.0
29684.0 202064.0
31016.0 201754.0
31437.0 201596.0
35263.0 201469.0

18615.0 209170.0
20066.0 208250.0
20787.0 207988.0
20838.0 207358.0
21342.0 205153.0
21638.0 205036.0
21657.0 204516.0
21708.0 202384.0
24516.0 202105.0
24592.0 201602.0
29684.0 201581.0
31937.0 201406.0
32013.0 201379.0
36184.0 201135.0

18092.0 209651.0
18596.0 206495.0
19587.0 205855.0
19912.0 205750.0
20766.0 205582.0
21342.0 204544.0
21708.0 204318.0
22263.0 203636.0
24016.0 203577.0
24516.0 203496.0
24592.0 202779.0
24801.0 202743.0
27266.0 202477.0
27766.0 202340.0
27842.0 202076.0
29684.0 201581.0
35263.0 201469.0
36184.0 200999.0

19112.0 209549.0
19946.0 209351.0
20766.0 209262.0
20787.0 207988.0
20838.0 207358.0
21342.0 205386.0
21657.0 205252.0
21708.0 204518.0
22263.0 204109.0
24016.0 203420.0
24592.0 203011.0
24699.0 202771.0
24750.0 202640.0
27266.0 202173.0
27766.0 202170.0
28763.0 202161.0
29684.0 201581.0
35263.0 201469.0
36184.0 201135.0

18615.0 211658.0
18922.0 210833.0
19112.0 209199.0
19912.0 207719.0
20766.0 207169.0
20838.0 206258.0
21342.0 204952.0
21638.0 204897.0
21657.0 204519.0
22263.0 203236.0
24592.0 202889.0
24801.0 202794.0
27266.0 202710.0
27690.0 202532.0
27766.0 201695.0
31016.0 201287.0
36184.0 201051.0

18615.0 211413.0
19112.0 209549.0
19146.0 206666.0
19471.0 206331.0
19505.0 206067.0
20857.0 205385.0
21342.0 203684.0
21661.0 203646.0
24516.0 203347.0
24592.0 202147.0
27766.0 201873.0
28763.0 201837.0
29684.0 201581.0
35263.0 201469.0
36184.0 201135.0

18596.0 208934.0
19505.0 207462.0
20838.0 207358.0
21266.0 206481.0
21342.0 204548.0
21638.0 204277.0
21708.0 203600.0
24016.0 203599.0
24516.0 203332.0
24592.0 202128.0
27690.0 201912.0
29684.0 201581.0
35263.0 201469.0
36184.0 200999.0

18615.0 211413.0
19112.0 209549.0
19146.0 206666.0
19471.0 206331.0
19505.0 206067.0
20857.0 205385.0
21342.0 203684.0
21661.0 203646.0
24516.0 203347.0
24592.0 202147.0
27766.0 201873.0
28763.0 201837.0
29684.0 201581.0
35263.0 201469.0
36184.0 201135.0

18596.0 207422.0
19112.0 207317.0
19146.0 206633.0
20766.0 206319.0
21266.0 206006.0
21342.0 203939.0
21638.0 203829.0
21708.0 203062.0
24516.0 202712.0
24592.0 201683.0
28763.0 201495.0
31937.0 201222.0

18596.0 207807.0
19146.0 206825.0
19471.0 205307.0
20269.0 204828.0
21342.0 203947.0
21708.0 203480.0
22263.0 202707.0
25513.0 201349.0
27894.0 200293.0
32934.0 200090.0


