24085.0 245829.0
24750.0 224245.0
24801.0 221272.0
24937.0 221050.0
24976.0 219353.0
28763.0 219173.0

23350.0 244167.0
24201.0 242705.0
25010.0 240986.0
25513.0 240153.0
27563.0 237713.0
27587.0 237196.0
28163.0 235015.0
28187.0 234715.0
30237.0 233400.0
31397.0 231412.0

23350.0 244167.0
24201.0 242705.0
25010.0 240986.0
25513.0 240153.0
27563.0 237713.0
27587.0 237196.0
28163.0 235015.0
28187.0 234715.0
30237.0 233400.0
31397.0 231412.0

23350.0 244167.0
24201.0 242705.0
25010.0 240986.0
25513.0 240153.0
27563.0 237713.0
27587.0 237196.0
28163.0 235015.0
28187.0 234715.0
30237.0 233400.0
31397.0 231412.0

23350.0 244167.0
24201.0 242705.0
25010.0 240986.0
25513.0 239006.0
27563.0 237713.0
27587.0 237196.0
28163.0 235015.0
28187.0 234715.0
30237.0 233400.0
31397.0 231412.0

23350.0 244167.0
24201.0 242705.0
25010.0 240986.0
25513.0 240153.0
27563.0 237713.0
27587.0 237196.0
28163.0 235015.0
28187.0 234715.0
30237.0 233400.0
31397.0 231412.0

23350.0 244167.0
24201.0 242705.0
25010.0 240986.0
25513.0 240153.0
27563.0 237713.0
27587.0 237196.0
28163.0 235015.0
28187.0 234715.0
30237.0 233400.0
31397.0 231412.0

23350.0 244167.0
24201.0 242705.0
25010.0 240986.0
25513.0 240153.0
27563.0 237713.0
27587.0 237196.0
28163.0 235015.0
28187.0 234715.0
30237.0 233400.0
31397.0 231412.0

23350.0 244167.0
24201.0 242705.0
25010.0 240986.0
25513.0 240153.0
27563.0 237713.0
27587.0 237196.0
28163.0 235015.0
28187.0 234715.0
30237.0 233400.0
31397.0 231412.0

23350.0 244167.0
24201.0 242705.0
25010.0 240986.0
25513.0 240153.0
27563.0 237713.0
27587.0 237196.0
28163.0 235015.0
28187.0 234715.0
30237.0 233400.0
31397.0 231412.0

23350.0 244167.0
24201.0 242705.0
25010.0 240986.0
25192.0 238078.0
27563.0 237713.0
27587.0 237196.0
28163.0 235015.0
28187.0 234715.0
30237.0 233400.0
31397.0 231412.0


