22020.0 227975.0
22640.0 227243.0
22716.0 223468.0
23240.0 215333.0
23950.0 215154.0
24731.0 214551.0
24820.0 214004.0
25437.0 213872.0
30155.0 213762.0

22716.0 252518.0
24085.0 242216.0
26296.0 234983.0
28163.0 234473.0
28187.0 231929.0
33248.0 231475.0
45579.0 229618.0

22716.0 252518.0
24085.0 242216.0
26296.0 234983.0
28163.0 234473.0
28187.0 231929.0
33248.0 231475.0
45579.0 229618.0

22020.0 249299.0
23392.0 248355.0
24085.0 242216.0
24820.0 239535.0
26296.0 234983.0
28163.0 234473.0
28187.0 231929.0
33248.0 231475.0
36360.0 230758.0
45579.0 229618.0

22020.0 247926.0
23992.0 246982.0
24085.0 242216.0
26296.0 234983.0
27313.0 233568.0
28187.0 231929.0
33248.0 231475.0
45579.0 229618.0

22020.0 249299.0
23392.0 248355.0
24085.0 242216.0
26296.0 234983.0
28163.0 234473.0
28187.0 231929.0
33248.0 231475.0
45579.0 229618.0

22716.0 252518.0
24085.0 242216.0
26296.0 234983.0
28163.0 234473.0
28187.0 231929.0
33248.0 231475.0
45579.0 229618.0

22716.0 252518.0
24085.0 242216.0
26296.0 234983.0
28163.0 234473.0
28187.0 231929.0
33248.0 231475.0
45579.0 229618.0

22716.0 252518.0
24085.0 242216.0
26296.0 234983.0
27313.0 233568.0
28187.0 231929.0
33248.0 231475.0
45579.0 229618.0

22716.0 252518.0
24085.0 242216.0
26296.0 234983.0
28163.0 234473.0
28187.0 231929.0
33248.0 231475.0
45579.0 229618.0

22716.0 252518.0
24085.0 242216.0
26296.0 234983.0
28163.0 234473.0
28187.0 231929.0
33248.0 231475.0
45579.0 229618.0


