17996.0 132046.0
18092.0 130826.0
18122.0 130617.0
18615.0 122892.0
19112.0 122881.0
19845.0 122873.0
19912.0 122763.0
20421.0 122691.0
21342.0 121432.0
21708.0 120559.0
24592.0 120385.0
24750.0 120222.0
27913.0 120153.0
28763.0 119741.0
32013.0 119256.0
39434.0 119125.0

18092.0 127123.0
18545.0 127025.0
18596.0 122487.0
18615.0 121678.0
21266.0 121635.0
21342.0 121032.0
21708.0 120789.0
24750.0 120726.0
25513.0 120450.0
28763.0 120438.0
31937.0 120173.0
36184.0 119757.0
39434.0 119361.0

18092.0 127123.0
18545.0 127025.0
18596.0 122487.0
18615.0 121678.0
21266.0 121635.0
21342.0 121032.0
21708.0 120416.0
27913.0 120365.0
28763.0 120073.0
32013.0 120030.0
36184.0 119757.0
39434.0 119361.0

18092.0 126334.0
18596.0 122487.0
18615.0 121678.0
21266.0 121635.0
21342.0 121032.0
21708.0 120416.0
27913.0 120365.0
28763.0 120073.0
32013.0 120030.0
36184.0 119407.0
39434.0 119361.0

18092.0 127123.0
18545.0 127025.0
18596.0 122487.0
18615.0 121678.0
21266.0 121635.0
21342.0 121032.0
21708.0 120416.0
27913.0 120365.0
28763.0 120073.0
32013.0 120030.0
36184.0 119757.0
39434.0 119361.0

18092.0 126334.0
18596.0 122487.0
18615.0 121678.0
21266.0 121635.0
21342.0 121032.0
21708.0 120416.0
27913.0 120365.0
28763.0 120073.0
32013.0 120030.0
36184.0 119447.0
39434.0 119361.0

18092.0 127123.0
18545.0 127025.0
18596.0 122487.0
18615.0 121678.0
21266.0 121635.0
21342.0 121032.0
21708.0 120416.0
27913.0 120365.0
28763.0 120073.0
32013.0 120030.0
36184.0 119757.0
39434.0 119361.0

18092.0 126334.0
18545.0 126026.0
18596.0 122487.0
18615.0 121678.0
21266.0 121635.0
21342.0 121032.0
21708.0 120416.0
27913.0 120365.0
28763.0 120073.0
32013.0 119979.0
36184.0 119700.0
39434.0 119361.0

18092.0 127123.0
18545.0 127025.0
18596.0 122487.0
18615.0 121678.0
21266.0 121635.0
21342.0 121032.0
21708.0 120416.0
27913.0 120365.0
28763.0 120073.0
32013.0 120030.0
36184.0 119757.0
39434.0 119361.0

18092.0 126334.0
18596.0 122487.0
18615.0 121678.0
21266.0 121635.0
21342.0 121032.0
21708.0 120416.0
27913.0 120365.0
28763.0 120073.0
32013.0 120030.0
36184.0 119757.0
39434.0 119361.0

18092.0 127123.0
18545.0 127025.0
18596.0 122487.0
18615.0 121678.0
21266.0 121635.0
21342.0 121032.0
21708.0 120416.0
27913.0 120365.0
28763.0 119745.0
31937.0 119474.0
32013.0 119355.0
36184.0 118779.0
39434.0 118773.0
42684.0 118734.0
54276.0 118659.0


