18412.0 134315.0
18596.0 123663.0
18615.0 121944.0
19471.0 121775.0
21266.0 121738.0
21342.0 121289.0
21657.0 121267.0
21708.0 120901.0
24516.0 120876.0
24592.0 120554.0
24750.0 120502.0
24820.0 120290.0
25513.0 120006.0
27043.0 119955.0
27842.0 119802.0
28763.0 119565.0
32013.0 119186.0

18092.0 125469.0
18545.0 123409.0
18615.0 122791.0
19146.0 122641.0
19946.0 122568.0
20838.0 122475.0
21266.0 122283.0
21342.0 121500.0
21708.0 121059.0
24592.0 120863.0
25513.0 120447.0
28763.0 120225.0
32013.0 119817.0
39434.0 119759.0

18092.0 125469.0
18545.0 123409.0
18596.0 122860.0
18615.0 122019.0
18787.0 121967.0
19471.0 121913.0
19587.0 121808.0
19912.0 121768.0
20766.0 121753.0
21342.0 121251.0
21708.0 121059.0
24592.0 120614.0
25513.0 120428.0
28763.0 120180.0
32013.0 119817.0
39434.0 119564.0

18092.0 125180.0
18545.0 123409.0
18596.0 122258.0
18615.0 121778.0
19112.0 121609.0
20345.0 121566.0
20387.0 121526.0
21266.0 121523.0
21342.0 121171.0
21708.0 121059.0
24592.0 120677.0
24820.0 120579.0
25513.0 120318.0
28763.0 119783.0
32013.0 119506.0
36184.0 119482.0

18092.0 124638.0
18545.0 123409.0
18596.0 122258.0
18615.0 121966.0
19112.0 121746.0
19912.0 121635.0
21266.0 121592.0
21342.0 121214.0
21708.0 120933.0
24592.0 120614.0
25513.0 120172.0
28763.0 119841.0
32013.0 119817.0
36184.0 119482.0

18092.0 124597.0
18526.0 124154.0
18545.0 123409.0
18596.0 122258.0
18615.0 121877.0
19112.0 121853.0
19587.0 121792.0
19912.0 121768.0
20766.0 121753.0
21266.0 121696.0
21342.0 121413.0
21708.0 120935.0
24016.0 120794.0
24516.0 120548.0
25513.0 120358.0
27894.0 120306.0
28763.0 120080.0
32013.0 119817.0
36184.0 119482.0

18092.0 125469.0
18545.0 123409.0
18596.0 122258.0
18615.0 121845.0
20838.0 121782.0
21266.0 121663.0
21342.0 121259.0
21638.0 121059.0
21708.0 120898.0
24592.0 120719.0
25513.0 120388.0
27842.0 120339.0
27843.0 120337.0
28763.0 119784.0
32013.0 119444.0
36184.0 119364.0

18092.0 125469.0
18545.0 123409.0
18596.0 122258.0
18615.0 122046.0
19112.0 122022.0
20857.0 121993.0
21266.0 121595.0
21342.0 121206.0
21708.0 121026.0
24592.0 120719.0
24801.0 120657.0
25513.0 120318.0
28687.0 120066.0
28763.0 119951.0
32013.0 119733.0
36184.0 119482.0
39434.0 119396.0

18092.0 125469.0
18545.0 123409.0
18596.0 122258.0
18615.0 121589.0
19912.0 121565.0
21266.0 121521.0
21342.0 121143.0
21657.0 121121.0
21708.0 120848.0
24516.0 120819.0
24592.0 120719.0
24801.0 120591.0
25513.0 120100.0
28687.0 120036.0
28763.0 119715.0
32013.0 119444.0
36184.0 119364.0

18092.0 125180.0
18545.0 123409.0
18596.0 122150.0
18615.0 121877.0
19112.0 121853.0
20838.0 121782.0
21266.0 121696.0
21342.0 121318.0
21638.0 121059.0
21708.0 120898.0
24592.0 120719.0
24801.0 120646.0
25437.0 120637.0
25513.0 120400.0
27842.0 120339.0
28763.0 120039.0
32013.0 119733.0
32934.0 119678.0
36184.0 119482.0
39434.0 119118.0

18092.0 122604.0
18596.0 121533.0
19112.0 121509.0
19912.0 121469.0
21342.0 121031.0
21708.0 120967.0
22263.0 120890.0
24516.0 120821.0
24592.0 120648.0
24750.0 120623.0
25513.0 119760.0
28763.0 119095.0
43605.0 118565.0


