16745.0 44773.0
16816.0 41949.0
16956.0 41838.0
16990.0 41423.0
17516.0 41191.0
18016.0 41110.0
18092.0 40646.0
18545.0 40629.0
18596.0 40337.0
19912.0 40313.0
21266.0 40310.0
21342.0 40064.0
21708.0 39975.0
24516.0 39972.0
24592.0 39915.0
25513.0 39758.0
27894.0 39757.0
28763.0 39631.0
32013.0 39572.0
32934.0 39512.0
36184.0 39385.0
39434.0 39326.0
40355.0 39279.0
43605.0 39153.0
46779.0 39149.0
50029.0 39114.0

16023.0 43712.0
16515.0 42353.0
16595.0 41958.0
16816.0 41678.0
16990.0 41423.0
17516.0 41191.0
18016.0 41128.0
18092.0 40466.0
18545.0 40444.0
18596.0 40337.0
19912.0 40313.0
21266.0 40310.0
21342.0 40064.0
21708.0 39975.0
24592.0 39916.0
25513.0 39758.0
28687.0 39757.0
28763.0 39656.0
32013.0 39590.0
32934.0 39524.0
36184.0 39466.0
39434.0 39345.0
43605.0 39220.0

15590.0 53522.0
16023.0 43712.0
16515.0 42353.0
16595.0 41958.0
16816.0 41678.0
16990.0 41423.0
17516.0 41191.0
18016.0 41128.0
18092.0 40466.0
18545.0 40444.0
18596.0 40337.0
19912.0 40313.0
21266.0 40310.0
21342.0 40064.0
21708.0 39975.0
24516.0 39972.0
24592.0 39916.0
24820.0 39905.0
25513.0 39758.0
27894.0 39757.0
28763.0 39631.0
32013.0 39573.0
32934.0 39524.0
36184.0 39399.0
39434.0 39340.0
43605.0 39220.0

16023.0 43712.0
16515.0 42316.0
16595.0 41867.0
16816.0 41678.0
16990.0 41423.0
17516.0 41191.0
18016.0 41128.0
18092.0 40466.0
18545.0 40444.0
18596.0 40337.0
19912.0 40313.0
21266.0 40310.0
21342.0 40064.0
21708.0 39975.0
24516.0 39974.0
24592.0 39915.0
25513.0 39758.0
27894.0 39757.0
28687.0 39756.0
28763.0 39632.0
32013.0 39573.0
32934.0 39511.0
36184.0 39466.0
39434.0 39340.0
43605.0 39220.0

16023.0 43712.0
16515.0 42353.0
16595.0 41867.0
16816.0 41678.0
16990.0 41423.0
17516.0 41191.0
18016.0 41128.0
18092.0 40466.0
18545.0 40444.0
18596.0 40337.0
19912.0 40313.0
21266.0 40310.0
21342.0 40064.0
21708.0 39975.0
24516.0 39974.0
24592.0 39915.0
25513.0 39758.0
27894.0 39757.0
28763.0 39632.0
32013.0 39590.0
32934.0 39511.0
36184.0 39466.0
39434.0 39340.0
43605.0 39220.0

16023.0 43712.0
16515.0 42316.0
16595.0 41867.0
16816.0 41678.0
16990.0 41423.0
17516.0 41191.0
18016.0 41128.0
18092.0 40466.0
18545.0 40444.0
18596.0 40337.0
19912.0 40313.0
21266.0 40310.0
21342.0 40064.0
21708.0 39975.0
24516.0 39974.0
24592.0 39915.0
24820.0 39905.0
25513.0 39758.0
27894.0 39757.0
28763.0 39632.0
32013.0 39590.0
32934.0 39511.0
36184.0 39463.0
39434.0 39340.0
43605.0 39220.0

16023.0 43712.0
16515.0 42353.0
16595.0 41958.0
16816.0 41678.0
16990.0 41423.0
17516.0 41191.0
18016.0 41128.0
18092.0 40466.0
18545.0 40444.0
18596.0 40337.0
19912.0 40313.0
21266.0 40310.0
21342.0 40064.0
21708.0 39975.0
24516.0 39972.0
24592.0 39916.0
24820.0 39905.0
25513.0 39758.0
28687.0 39757.0
28763.0 39631.0
32013.0 39573.0
32934.0 39524.0
36184.0 39399.0
39434.0 39340.0
43605.0 39220.0

16023.0 43426.0
16156.0 43145.0
16515.0 42353.0
16595.0 41958.0
16816.0 41678.0
16990.0 41423.0
17516.0 41191.0
18016.0 41128.0
18092.0 40466.0
18545.0 40444.0
18596.0 40337.0
19912.0 40313.0
21266.0 40310.0
21342.0 40064.0
21708.0 39975.0
24516.0 39972.0
24592.0 39916.0
24820.0 39865.0
25513.0 39758.0
27894.0 39757.0
28763.0 39631.0
32013.0 39573.0
32934.0 39511.0
36184.0 39399.0
39434.0 39340.0
43605.0 39220.0

16023.0 43712.0
16515.0 42353.0
16595.0 41867.0
16816.0 41678.0
16990.0 41423.0
17516.0 41191.0
18016.0 41128.0
18092.0 40466.0
18545.0 40444.0
18596.0 40337.0
19912.0 40313.0
21266.0 40310.0
21342.0 40064.0
21708.0 39975.0
24516.0 39972.0
24592.0 39916.0
24820.0 39865.0
25513.0 39758.0
27894.0 39757.0
28763.0 39631.0
32013.0 39573.0
32934.0 39511.0
36184.0 39399.0
39434.0 39340.0
43605.0 39220.0

16023.0 43712.0
16515.0 42316.0
16595.0 41867.0
16816.0 41678.0
16990.0 41423.0
17516.0 41191.0
18016.0 41128.0
18092.0 40466.0
18545.0 40444.0
18596.0 40337.0
19912.0 40313.0
21266.0 40310.0
21342.0 40064.0
21708.0 39975.0
24516.0 39972.0
24592.0 39915.0
24820.0 39865.0
25513.0 39758.0
28687.0 39757.0
28763.0 39631.0
32013.0 39573.0
32934.0 39511.0
36184.0 39398.0
39434.0 39340.0
43605.0 39220.0

16023.0 42442.0
16156.0 41999.0
16595.0 41767.0
16816.0 41678.0
16990.0 41387.0
17516.0 41155.0
18016.0 41083.0
18092.0 40466.0
18545.0 40444.0
18596.0 40337.0
19912.0 40313.0
21266.0 40310.0
21342.0 40064.0
21708.0 39975.0
24516.0 39972.0
24592.0 39915.0
24820.0 39889.0
25513.0 39758.0
28687.0 39755.0
28763.0 39631.0
32013.0 39572.0
32934.0 39524.0
36108.0 39522.0
36184.0 39386.0
39434.0 39327.0
40355.0 39303.0
43605.0 39153.0
51026.0 39111.0


