16094.0 46820.0
16290.0 44795.0
16480.0 43343.0
16494.0 42949.0
16816.0 42451.0
16990.0 41387.0
17516.0 41155.0
18016.0 41092.0
18092.0 40606.0
18545.0 40584.0
18596.0 40337.0
19912.0 40313.0
21266.0 40310.0
21342.0 40064.0
21708.0 39975.0
24516.0 39972.0
24592.0 39915.0
24820.0 39865.0
25513.0 39758.0
27894.0 39757.0
28687.0 39755.0
28763.0 39631.0
31937.0 39629.0
32013.0 39572.0
32934.0 39511.0
36108.0 39508.0
36184.0 39385.0
39358.0 39382.0
39434.0 39326.0
40355.0 39279.0
43605.0 39152.0
46779.0 39150.0
46855.0 39093.0

16515.0 43091.0
16571.0 41718.0
16990.0 41511.0
17171.0 40744.0
18092.0 40466.0
18545.0 40444.0
18596.0 40337.0
19912.0 40313.0
21266.0 40310.0
21342.0 40088.0
21708.0 39975.0
24516.0 39974.0
24592.0 39916.0
24820.0 39865.0
25513.0 39758.0
28763.0 39632.0
32013.0 39573.0
32934.0 39512.0
36184.0 39399.0
39434.0 39340.0

16341.0 54639.0
16515.0 43091.0
16571.0 41718.0
16990.0 41511.0
17171.0 40744.0
18092.0 40466.0
18545.0 40444.0
18596.0 40337.0
19912.0 40313.0
21266.0 40310.0
21342.0 40064.0
21708.0 39975.0
24516.0 39972.0
24592.0 39916.0
24820.0 39865.0
25513.0 39758.0
28763.0 39632.0
32013.0 39573.0
32934.0 39512.0
36184.0 39399.0
39434.0 39340.0

16515.0 41448.0
16595.0 41053.0
17095.0 40954.0
17171.0 40744.0
18092.0 40466.0
18545.0 40444.0
18596.0 40337.0
19912.0 40313.0
21266.0 40310.0
21342.0 40064.0
21708.0 39975.0
24516.0 39974.0
24592.0 39916.0
24820.0 39865.0
25513.0 39758.0
28763.0 39632.0
31937.0 39631.0
32013.0 39573.0
32934.0 39512.0
36184.0 39399.0
39434.0 39340.0

16515.0 43091.0
16571.0 41718.0
16990.0 41511.0
17171.0 40744.0
18092.0 40466.0
18545.0 40444.0
18596.0 40337.0
19912.0 40313.0
21266.0 40310.0
21342.0 40064.0
21708.0 39975.0
24516.0 39974.0
24592.0 39916.0
24820.0 39865.0
25513.0 39758.0
28763.0 39632.0
32013.0 39573.0
32934.0 39512.0
36184.0 39399.0
39434.0 39340.0

16515.0 42948.0
16571.0 41718.0
16990.0 41481.0
17171.0 40744.0
18092.0 40466.0
18545.0 40444.0
18596.0 40337.0
19912.0 40313.0
21266.0 40310.0
21342.0 40064.0
21708.0 39975.0
24516.0 39972.0
24592.0 39916.0
24820.0 39865.0
25513.0 39758.0
28687.0 39757.0
28763.0 39632.0
31937.0 39629.0
32013.0 39573.0
32934.0 39512.0
36184.0 39399.0
39434.0 39340.0
42608.0 39339.0

16515.0 41267.0
17095.0 40954.0
17171.0 40744.0
18092.0 40466.0
18545.0 40444.0
18596.0 40337.0
19912.0 40313.0
21266.0 40310.0
21342.0 40064.0
21708.0 39975.0
24516.0 39972.0
24592.0 39915.0
24820.0 39865.0
25513.0 39758.0
28687.0 39757.0
28763.0 39632.0
32013.0 39572.0
32934.0 39512.0
36184.0 39399.0
39434.0 39340.0
40355.0 39279.0
43605.0 39153.0

16515.0 41267.0
16595.0 41035.0
17095.0 40954.0
17171.0 40744.0
18092.0 40466.0
18545.0 40444.0
18596.0 40337.0
19912.0 40313.0
21266.0 40310.0
21342.0 40064.0
21708.0 39975.0
24516.0 39972.0
24592.0 39915.0
24820.0 39865.0
25513.0 39758.0
28687.0 39757.0
28763.0 39631.0
31937.0 39629.0
32013.0 39572.0
32934.0 39512.0
36184.0 39399.0
39434.0 39327.0
40355.0 39279.0
43605.0 39153.0

16515.0 41267.0
16595.0 41035.0
17095.0 40954.0
17171.0 40744.0
18092.0 40466.0
18545.0 40444.0
18596.0 40337.0
19912.0 40313.0
21266.0 40310.0
21342.0 40064.0
21708.0 39975.0
24516.0 39972.0
24592.0 39915.0
24820.0 39865.0
25513.0 39758.0
28763.0 39632.0
32013.0 39572.0
32934.0 39512.0
36184.0 39386.0
39434.0 39340.0
40355.0 39279.0
43605.0 39153.0

16515.0 41267.0
17095.0 40954.0
17171.0 40744.0
18092.0 40466.0
18545.0 40444.0
18596.0 40337.0
19912.0 40313.0
21266.0 40310.0
21342.0 40064.0
21708.0 39975.0
24516.0 39972.0
24592.0 39915.0
24820.0 39865.0
25513.0 39758.0
28687.0 39757.0
28763.0 39631.0
32013.0 39572.0
32934.0 39512.0
36184.0 39399.0
39434.0 39340.0
40355.0 39279.0
43605.0 39153.0

16515.0 41267.0
16595.0 41035.0
17095.0 40954.0
17171.0 40744.0
18092.0 40466.0
18545.0 40444.0
18596.0 40337.0
19912.0 40313.0
21266.0 40310.0
21342.0 40064.0
21708.0 39975.0
24516.0 39972.0
24592.0 39915.0
24820.0 39865.0
25513.0 39758.0
27894.0 39757.0
28687.0 39755.0
28763.0 39631.0
31937.0 39629.0
32013.0 39572.0
32934.0 39512.0
36184.0 39386.0
39434.0 39326.0
40355.0 39278.0
43605.0 39176.0
46855.0 39093.0
54276.0 39011.0


