16515.0 42033.0
16595.0 41710.0
16990.0 41426.0
17516.0 41194.0
18016.0 41113.0
18092.0 40496.0
18545.0 40474.0
18596.0 40337.0
19912.0 40313.0
21266.0 40310.0
21342.0 40064.0
21708.0 39975.0
24516.0 39972.0
24592.0 39915.0
24820.0 39865.0
25513.0 39758.0
27894.0 39757.0
28687.0 39755.0
28763.0 39631.0
31937.0 39629.0
32013.0 39572.0
32934.0 39511.0
36184.0 39386.0

16290.0 45004.0
16494.0 42979.0
16515.0 41923.0
16595.0 41420.0
17171.0 40996.0
18092.0 40496.0
18545.0 40474.0
18596.0 40337.0
21266.0 40312.0
21342.0 40088.0
21708.0 39999.0
24592.0 39916.0
25513.0 39817.0
28687.0 39816.0
28763.0 39672.0
32013.0 39670.0
32934.0 39549.0
36184.0 39404.0

16290.0 45004.0
16494.0 42979.0
16515.0 41923.0
16571.0 41883.0
16595.0 41259.0
17171.0 40835.0
18092.0 40466.0
18545.0 40444.0
18596.0 40337.0
21266.0 40312.0
21342.0 40088.0
21708.0 39975.0
24516.0 39974.0
24592.0 39915.0
24820.0 39884.0
25513.0 39758.0
28763.0 39632.0
32013.0 39573.0
32934.0 39512.0
36184.0 39399.0
39434.0 39396.0
40355.0 39349.0
43605.0 39289.0
46855.0 39163.0

16290.0 45004.0
16494.0 42979.0
16515.0 41847.0
16595.0 41259.0
17171.0 40835.0
18092.0 40466.0
18545.0 40444.0
18596.0 40337.0
21266.0 40312.0
21342.0 40064.0
21708.0 39975.0
24516.0 39974.0
24592.0 39915.0
24820.0 39884.0
25513.0 39758.0
28763.0 39632.0
32013.0 39573.0
32934.0 39512.0
36184.0 39399.0
39434.0 39396.0
40355.0 39349.0
43605.0 39289.0
46855.0 39163.0

16290.0 45004.0
16494.0 42979.0
16515.0 41654.0
16595.0 41259.0
17095.0 41160.0
17171.0 40835.0
18092.0 40466.0
18545.0 40444.0
18596.0 40337.0
19912.0 40313.0
21266.0 40312.0
21342.0 40088.0
21708.0 39975.0
24516.0 39974.0
24592.0 39915.0
24820.0 39884.0
25513.0 39758.0
28687.0 39757.0
28763.0 39632.0
32013.0 39573.0
32934.0 39511.0
36184.0 39399.0
39434.0 39396.0
40355.0 39349.0
43605.0 39289.0
46855.0 39163.0

16290.0 43759.0
16475.0 43365.0
16494.0 42979.0
16515.0 41923.0
16571.0 41883.0
16595.0 41259.0
17095.0 41178.0
17171.0 40835.0
18092.0 40466.0
18545.0 40444.0
18596.0 40337.0
19912.0 40313.0
21266.0 40310.0
21342.0 40064.0
21708.0 39975.0
24516.0 39972.0
24592.0 39916.0
24820.0 39889.0
25513.0 39758.0
28763.0 39632.0
32013.0 39580.0
32934.0 39512.0
36184.0 39404.0

16290.0 45004.0
16494.0 42979.0
16515.0 41923.0
16571.0 41883.0
16595.0 41259.0
17171.0 40835.0
18092.0 40496.0
18545.0 40474.0
18596.0 40337.0
19912.0 40313.0
21266.0 40310.0
21342.0 40088.0
21708.0 39975.0
24516.0 39974.0
24592.0 39915.0
24820.0 39884.0
25513.0 39758.0
28687.0 39755.0
28763.0 39632.0
31937.0 39631.0
32013.0 39573.0
32934.0 39511.0
36184.0 39399.0
39434.0 39396.0
40355.0 39349.0
43605.0 39289.0
46855.0 39163.0

16256.0 44441.0
16494.0 42979.0
16515.0 41382.0
16595.0 41150.0
17095.0 41069.0
17171.0 40835.0
18092.0 40466.0
18545.0 40444.0
18596.0 40337.0
19912.0 40313.0
21266.0 40310.0
21342.0 40088.0
21657.0 40071.0
21708.0 39975.0
24516.0 39974.0
24592.0 39915.0
24820.0 39884.0
25513.0 39758.0
28687.0 39755.0
28763.0 39632.0
31937.0 39631.0
32013.0 39573.0
32934.0 39511.0
36184.0 39399.0
39434.0 39396.0
40355.0 39349.0
43605.0 39289.0
46855.0 39163.0

16256.0 44441.0
16494.0 42979.0
16515.0 41382.0
16595.0 41150.0
17095.0 41069.0
17171.0 40744.0
18092.0 40466.0
18545.0 40444.0
18596.0 40337.0
19912.0 40313.0
21266.0 40310.0
21342.0 40088.0
21657.0 40071.0
21708.0 39975.0
24516.0 39974.0
24592.0 39915.0
24820.0 39884.0
25513.0 39758.0
28687.0 39755.0
28763.0 39632.0
31937.0 39631.0
32013.0 39573.0
32934.0 39511.0
36184.0 39399.0
39434.0 39396.0
40355.0 39349.0
43605.0 39289.0
46855.0 39163.0

16290.0 45004.0
16480.0 43373.0
16494.0 42979.0
16515.0 41473.0
16595.0 41241.0
17095.0 41178.0
17171.0 40744.0
18092.0 40466.0
18545.0 40444.0
18596.0 40337.0
19912.0 40313.0
21266.0 40310.0
21342.0 40064.0
21708.0 39975.0
24516.0 39972.0
24592.0 39915.0
24820.0 39884.0
25513.0 39758.0
28687.0 39755.0
28763.0 39632.0
31937.0 39630.0
32013.0 39573.0
32934.0 39511.0
36184.0 39398.0
39434.0 39346.0
43605.0 39289.0
46855.0 39163.0

16023.0 42375.0
16156.0 41932.0
16515.0 41448.0
16595.0 41053.0
17095.0 40954.0
17171.0 40744.0
18092.0 40466.0
18545.0 40444.0
18596.0 40337.0
19912.0 40313.0
21266.0 40310.0
21342.0 40064.0
21708.0 39975.0
24516.0 39972.0
24592.0 39915.0
24820.0 39865.0
25513.0 39758.0
27894.0 39757.0
28687.0 39755.0
28763.0 39631.0
31937.0 39629.0
32013.0 39572.0
32934.0 39512.0
36108.0 39509.0
36184.0 39386.0
39434.0 39326.0
40355.0 39278.0
43605.0 39153.0
46779.0 39150.0
46855.0 39117.0
50105.0 39058.0
54276.0 39030.0


