18092.0 127645.0
18545.0 122338.0
19946.0 121925.0
21266.0 121746.0
21342.0 121149.0
21708.0 120632.0
22263.0 120505.0
24516.0 120504.0
24592.0 120418.0
24731.0 120357.0
24820.0 120306.0
25513.0 119830.0
27843.0 119738.0
27894.0 119562.0
28763.0 119135.0
31937.0 119114.0
32013.0 118991.0
32934.0 118859.0
36184.0 118522.0
39358.0 118519.0
39434.0 118310.0
42608.0 118184.0
45782.0 118181.0
46855.0 118144.0
50950.0 118106.0

18016.0 130653.0
18092.0 123064.0
18545.0 122696.0
18596.0 121598.0
19912.0 121574.0
19946.0 121550.0
21266.0 121531.0
21342.0 121106.0
21708.0 120850.0
23880.0 120824.0
24516.0 120736.0
24801.0 120676.0
25513.0 120226.0
28763.0 119471.0
30085.0 119441.0
39434.0 119323.0

18016.0 130653.0
18092.0 123064.0
18545.0 122696.0
18596.0 121598.0
19912.0 121574.0
19946.0 121550.0
21266.0 121531.0
21342.0 121061.0
21708.0 120600.0
24592.0 120592.0
24801.0 120549.0
24820.0 120268.0
25513.0 120226.0
28763.0 119259.0
32013.0 119251.0
36184.0 119054.0

18016.0 130653.0
18092.0 123064.0
18545.0 122696.0
18596.0 121598.0
19912.0 121574.0
19946.0 121550.0
21266.0 121531.0
21342.0 121061.0
21657.0 121000.0
21708.0 120600.0
24592.0 120592.0
24750.0 120590.0
24801.0 120549.0
24820.0 120268.0
25513.0 120226.0
27842.0 120160.0
28763.0 119259.0
32013.0 119251.0
36184.0 119054.0

18016.0 130653.0
18092.0 123064.0
18545.0 122696.0
18596.0 121399.0
21266.0 121372.0
21342.0 121061.0
21708.0 120600.0
22263.0 120436.0
24820.0 120268.0
25513.0 120226.0
28687.0 120126.0
28763.0 119259.0
32013.0 119251.0
36184.0 119054.0

18016.0 130653.0
18092.0 122844.0
18545.0 122696.0
18596.0 121598.0
19912.0 121574.0
19946.0 121550.0
21266.0 121507.0
21342.0 120864.0
21708.0 120454.0
24592.0 120418.0
24750.0 120358.0
24820.0 120268.0
25513.0 120226.0
28763.0 119259.0
32013.0 119251.0
36184.0 119054.0

18016.0 130653.0
18092.0 123064.0
18545.0 122696.0
18596.0 121598.0
19912.0 121574.0
19946.0 121550.0
21266.0 121531.0
21342.0 120808.0
21657.0 120715.0
21708.0 120498.0
24516.0 120497.0
24592.0 120404.0
24750.0 120370.0
25513.0 120181.0
28763.0 119215.0
32013.0 119156.0
36184.0 118958.0

18016.0 130653.0
18092.0 122891.0
18545.0 122696.0
18596.0 121598.0
19912.0 121574.0
19946.0 121550.0
21266.0 121507.0
21342.0 120808.0
21657.0 120715.0
21708.0 120498.0
24516.0 120497.0
24592.0 120404.0
24750.0 120370.0
25513.0 120080.0
28763.0 119215.0
32013.0 119156.0
36184.0 118958.0

18016.0 130653.0
18092.0 123064.0
18545.0 122696.0
18596.0 121396.0
19912.0 121348.0
21266.0 121345.0
21342.0 120808.0
21657.0 120715.0
21708.0 120498.0
24516.0 120497.0
24592.0 120404.0
24750.0 120370.0
25513.0 120181.0
27043.0 120108.0
27842.0 120051.0
28687.0 119829.0
28763.0 119215.0
32013.0 119156.0
36184.0 118958.0

18016.0 130653.0
18092.0 122844.0
18545.0 122696.0
18596.0 121598.0
19912.0 121574.0
19946.0 121550.0
21266.0 121531.0
21342.0 120831.0
21657.0 120790.0
21708.0 120548.0
24592.0 120469.0
25513.0 120181.0
28687.0 120161.0
28763.0 119215.0
32013.0 119156.0
36184.0 118958.0

18016.0 130653.0
18092.0 122526.0
18545.0 121943.0
18596.0 121507.0
19912.0 121483.0
19946.0 121459.0
21266.0 121440.0
21342.0 120791.0
21708.0 120387.0
24592.0 120351.0
24750.0 120297.0
24820.0 120246.0
25513.0 119555.0
27894.0 119467.0
28763.0 119141.0
32013.0 118944.0
36184.0 118772.0


