21089.0 212778.0
21342.0 204966.0
21708.0 202709.0
23950.0 202499.0
24801.0 202257.0
25513.0 201403.0
27043.0 201350.0
27894.0 200999.0
28763.0 199720.0
32013.0 199427.0
36108.0 199106.0
36184.0 198822.0
39434.0 198703.0

19246.0 215524.0
19505.0 211949.0
20635.0 211573.0
20690.0 211193.0
20766.0 207287.0
21108.0 207251.0
21266.0 206502.0
21342.0 205571.0
21708.0 204130.0
22263.0 203460.0
23940.0 203457.0
23950.0 203442.0
24592.0 203389.0
24801.0 203388.0
24820.0 203232.0
24937.0 202820.0
27913.0 202653.0
28763.0 201169.0
35187.0 200721.0
36184.0 199902.0
39358.0 199780.0

18615.0 207776.0
18623.0 207010.0
19146.0 206160.0
20857.0 206121.0
21342.0 203750.0
22263.0 203375.0
24016.0 203088.0
24801.0 202916.0
24937.0 202820.0
25513.0 201967.0
27913.0 201932.0
28687.0 201760.0
28763.0 201169.0
31937.0 200673.0
36184.0 199902.0
39358.0 199780.0

18615.0 210447.0
18856.0 207620.0
19112.0 207176.0
19505.0 206326.0
20766.0 206325.0
20838.0 205425.0
21342.0 203750.0
22263.0 203374.0
24016.0 203088.0
24801.0 202911.0
24937.0 202820.0
25513.0 202471.0
26566.0 202401.0
27766.0 202227.0
27913.0 201932.0
28687.0 201760.0
28763.0 200484.0
35187.0 200157.0
36184.0 199881.0
39358.0 199277.0

19146.0 211396.0
19246.0 211318.0
19313.0 209754.0
19946.0 208185.0
20766.0 207287.0
21108.0 207251.0
21266.0 205290.0
21342.0 204584.0
21657.0 204306.0
21689.0 203983.0
22102.0 203924.0
22263.0 203375.0
24016.0 203088.0
24801.0 202916.0
24937.0 202820.0
25513.0 201967.0
27913.0 201932.0
28687.0 201760.0
28763.0 201068.0
30737.0 200874.0
32013.0 200822.0
35187.0 200368.0
36184.0 199795.0
39358.0 199780.0

18587.0 216567.0
18596.0 213346.0
18922.0 213324.0
19505.0 211949.0
19980.0 209578.0
20066.0 209493.0
20766.0 207013.0
20838.0 206332.0
21266.0 206051.0
21342.0 204776.0
21689.0 204118.0
21708.0 203906.0
22263.0 202623.0
24592.0 202245.0
25513.0 201999.0
28763.0 200957.0
30737.0 200769.0
35187.0 200218.0
36184.0 199683.0
39358.0 199277.0

18615.0 207776.0
18623.0 207010.0
19146.0 206160.0
20857.0 206121.0
21342.0 203750.0
22263.0 203375.0
24016.0 203088.0
24801.0 202916.0
24937.0 202820.0
25513.0 201664.0
28687.0 201356.0
28763.0 200893.0
31937.0 200673.0
35187.0 200528.0
36184.0 199587.0
39434.0 199567.0

18447.0 211619.0
18596.0 205369.0
20857.0 204423.0
21342.0 203718.0
21708.0 203506.0
22263.0 203267.0
24016.0 203088.0
24592.0 202989.0
24801.0 202916.0
24937.0 202726.0
25513.0 201080.0
28763.0 200946.0
32013.0 200705.0
35608.0 200411.0
36184.0 199902.0
39358.0 199593.0
39434.0 199142.0

19146.0 211396.0
19246.0 211318.0
19313.0 209754.0
19946.0 208185.0
20766.0 207287.0
20787.0 207060.0
21266.0 205290.0
21342.0 203750.0
22263.0 203375.0
24016.0 203088.0
24699.0 202582.0
24731.0 202318.0
24820.0 202267.0
25513.0 201664.0
28687.0 201356.0
28763.0 200963.0
31437.0 200818.0
32013.0 200456.0
35608.0 200411.0
36184.0 199902.0
39358.0 199780.0
39434.0 199142.0

19246.0 215524.0
19505.0 211949.0
19638.0 211028.0
19946.0 209944.0
20766.0 207287.0
21108.0 206737.0
21266.0 206502.0
21302.0 206335.0
21342.0 204582.0
21708.0 204130.0
22263.0 203074.0
23940.0 203071.0
24516.0 202792.0
24699.0 202591.0
24731.0 202178.0
25513.0 201838.0
27913.0 201753.0
28687.0 201639.0
28763.0 201110.0
30661.0 200958.0
31937.0 200643.0
32013.0 200352.0
35187.0 200234.0
36184.0 199293.0
39434.0 199023.0

18545.0 212739.0
18596.0 211161.0
18615.0 208405.0
18922.0 207923.0
19505.0 207380.0
19946.0 206708.0
20457.0 206624.0
21266.0 206502.0
21342.0 203749.0
21708.0 201940.0
22263.0 201566.0
25513.0 201513.0
27690.0 200549.0
27894.0 200259.0
28763.0 199663.0
30940.0 199326.0
31016.0 199167.0


