22263.0 233467.0
24128.0 232105.0
24131.0 230621.0
24801.0 222463.0
25513.0 219941.0
36108.0 219791.0

24016.0 260877.0
24750.0 246914.0
25010.0 242187.0
25451.0 241548.0
25513.0 234600.0
28687.0 233076.0
29555.0 231057.0

24016.0 260877.0
24750.0 246914.0
25010.0 242187.0
25451.0 241548.0
25513.0 234600.0
28687.0 233076.0
29555.0 231057.0

24016.0 260877.0
24750.0 246914.0
25010.0 242187.0
25451.0 241548.0
25513.0 234600.0
28687.0 233076.0
29555.0 231057.0

24016.0 260877.0
24750.0 246914.0
25010.0 242187.0
25451.0 241548.0
25513.0 234600.0
28687.0 233076.0
29555.0 231057.0

24016.0 260877.0
24750.0 246914.0
25010.0 242187.0
25451.0 241548.0
25513.0 234600.0
28687.0 233076.0
29555.0 231057.0

24016.0 260877.0
24750.0 246914.0
25010.0 242187.0
25451.0 241548.0
25513.0 234600.0
28687.0 233076.0
29555.0 231057.0

24016.0 260877.0
24750.0 246914.0
25010.0 242187.0
25451.0 241548.0
25513.0 234600.0
28687.0 233076.0
29555.0 231057.0

24016.0 260877.0
24750.0 246914.0
25010.0 242187.0
25451.0 241548.0
25513.0 234600.0
28687.0 233076.0
29555.0 231057.0

24016.0 260877.0
24750.0 246914.0
25010.0 242187.0
25451.0 241548.0
25513.0 234600.0
28687.0 233076.0
29555.0 231057.0

24016.0 260877.0
24750.0 246914.0
25010.0 242187.0
25451.0 241548.0
25513.0 234600.0
28687.0 233076.0
29555.0 231057.0


