21108.0 247610.0
22263.0 230044.0
23550.0 228865.0
24592.0 226712.0
24801.0 224257.0
25437.0 224015.0
27043.0 222921.0

23392.0 263957.0
23916.0 254496.0
24516.0 251283.0
24719.0 244785.0
24976.0 243559.0
27266.0 241026.0
28163.0 238346.0
28536.0 236924.0
34961.0 235816.0
35008.0 234774.0

23392.0 263957.0
23916.0 254496.0
24516.0 251283.0
24719.0 244785.0
24976.0 243559.0
27266.0 241026.0
28163.0 238346.0
28536.0 236924.0
34961.0 235816.0
35008.0 234774.0

23392.0 263957.0
23916.0 254496.0
24516.0 251283.0
24719.0 244785.0
24976.0 243559.0
25010.0 243179.0
27266.0 241026.0
28163.0 238346.0
28536.0 236924.0
34961.0 235816.0
35008.0 234774.0

23392.0 263957.0
23916.0 254496.0
24516.0 251283.0
24719.0 244785.0
24976.0 243559.0
27266.0 241026.0
28163.0 238346.0
28536.0 236924.0
34961.0 235816.0
35008.0 234774.0

23392.0 263957.0
23916.0 254496.0
24516.0 251283.0
24719.0 244785.0
24976.0 243559.0
27266.0 241026.0
28163.0 238346.0
28536.0 236924.0
34961.0 235816.0
35008.0 234774.0

23392.0 263957.0
23916.0 254496.0
24516.0 251283.0
24719.0 244785.0
24976.0 243559.0
27266.0 241026.0
28163.0 238346.0
28536.0 236924.0
34961.0 235816.0
35008.0 234774.0

23392.0 263957.0
23916.0 254496.0
24516.0 251283.0
24719.0 244785.0
24976.0 243559.0
27266.0 241026.0
28163.0 238346.0
28536.0 236924.0
34961.0 235816.0
35008.0 234774.0

23392.0 263957.0
23916.0 254496.0
24516.0 251283.0
24719.0 244785.0
24976.0 243559.0
27266.0 241026.0
28163.0 238346.0
28536.0 236924.0
34961.0 235816.0
35008.0 234774.0

23392.0 263957.0
23916.0 254496.0
24516.0 251283.0
24719.0 244785.0
24976.0 243559.0
27266.0 241026.0
28163.0 238346.0
28536.0 236924.0
34961.0 235816.0
35008.0 234774.0

23392.0 263957.0
23916.0 254496.0
24516.0 251283.0
24719.0 244785.0
24976.0 243559.0
27266.0 241026.0
28163.0 238346.0
28536.0 236924.0
34961.0 235816.0
35008.0 234774.0


