18615.0 209568.0
19145.0 209463.0
19505.0 207690.0
20066.0 206890.0
20690.0 206771.0
20766.0 206499.0
20787.0 206498.0
21266.0 206058.0
21342.0 205429.0
21708.0 204787.0
23950.0 204617.0
24016.0 204605.0
24592.0 204435.0
25513.0 203740.0
25792.0 203566.0
27641.0 203539.0
28687.0 203058.0
28763.0 202658.0
32934.0 202263.0

20066.0 215142.0
20166.0 214613.0
20190.0 214034.0
20387.0 213180.0
20742.0 208331.0
21108.0 207944.0
21138.0 207312.0
21342.0 204358.0
21708.0 203825.0
24801.0 203792.0
25513.0 203445.0
28687.0 203386.0
28763.0 202914.0
32934.0 202816.0
34099.0 202734.0
36184.0 202235.0

19505.0 215636.0
19946.0 209932.0
20066.0 206691.0
20838.0 205416.0
21266.0 205259.0
21342.0 204358.0
21657.0 204315.0
21708.0 203825.0
24801.0 203583.0
25513.0 203166.0
28687.0 202730.0
34099.0 202555.0
36184.0 202180.0

18922.0 224822.0
19505.0 217703.0
20066.0 212373.0
20742.0 208331.0
21108.0 207944.0
21138.0 207312.0
21266.0 207279.0
21342.0 204358.0
21708.0 203825.0
24750.0 203706.0
25513.0 203445.0
28687.0 203386.0
28763.0 202914.0
32934.0 202816.0
34099.0 202734.0
36184.0 202235.0

19505.0 215636.0
19946.0 209932.0
20066.0 206691.0
20838.0 205416.0
21266.0 205259.0
21342.0 204358.0
21657.0 204315.0
21708.0 203825.0
24801.0 203603.0
25513.0 203166.0
28687.0 202730.0
36184.0 202180.0

20066.0 215142.0
20166.0 214319.0
20190.0 212824.0
20742.0 208331.0
21108.0 207944.0
21138.0 207312.0
21266.0 207038.0
21342.0 204358.0
21708.0 203825.0
24750.0 203743.0
25513.0 203445.0
28687.0 203386.0
28763.0 202914.0
32934.0 202816.0
34099.0 202734.0
36184.0 202191.0

20066.0 215142.0
20166.0 214613.0
20190.0 214034.0
20387.0 213180.0
20742.0 208331.0
21108.0 207944.0
21138.0 207312.0
21342.0 204358.0
21708.0 203825.0
24801.0 203792.0
25513.0 203445.0
28687.0 203386.0
28763.0 202914.0
32934.0 202816.0
34099.0 202734.0
36184.0 202235.0

19505.0 218049.0
20066.0 215142.0
20166.0 214319.0
20190.0 214034.0
20387.0 213180.0
20742.0 208331.0
21108.0 207944.0
21138.0 207312.0
21266.0 207083.0
21342.0 204358.0
21708.0 203825.0
24801.0 203583.0
25513.0 203445.0
28687.0 203386.0
28763.0 202735.0
31937.0 202313.0
34099.0 202138.0
36184.0 201855.0

19505.0 218326.0
20066.0 208357.0
20438.0 207570.0
20838.0 205551.0
21342.0 204358.0
21708.0 203825.0
24801.0 203367.0
28763.0 202914.0
32934.0 202816.0
34099.0 202734.0
36184.0 202235.0

18596.0 219486.0
18615.0 218880.0
19246.0 215766.0
19471.0 211149.0
20066.0 210839.0
20438.0 210692.0
20742.0 208307.0
21108.0 207944.0
21138.0 207312.0
21342.0 204358.0
21708.0 203744.0
25513.0 203445.0
28187.0 202817.0
28763.0 202719.0
36184.0 202235.0

20066.0 215142.0
20166.0 214613.0
20190.0 213640.0
20387.0 213180.0
20742.0 208331.0
21108.0 207944.0
21138.0 207312.0
21266.0 207212.0
21342.0 204358.0
21708.0 202389.0
25513.0 201494.0
34190.0 199073.0


