16515.0 41770.0
16816.0 41366.0
17516.0 41134.0
18016.0 41053.0
18092.0 40466.0
18545.0 40444.0
18596.0 40337.0
19912.0 40313.0
21266.0 40310.0
21342.0 40064.0
21708.0 39975.0
24516.0 39972.0
24592.0 39915.0
24820.0 39865.0
25513.0 39758.0
27894.0 39757.0
28687.0 39755.0
28763.0 39631.0
31937.0 39628.0
32013.0 39572.0
32934.0 39511.0
36184.0 39385.0
39358.0 39382.0
39434.0 39326.0
40355.0 39278.0
43605.0 39152.0
46855.0 39093.0

16136.0 60276.0
16515.0 42266.0
16595.0 41871.0
16990.0 41461.0
17516.0 41229.0
18016.0 41166.0
18092.0 40466.0
18545.0 40444.0
18596.0 40337.0
19912.0 40313.0
21266.0 40310.0
21342.0 40064.0
21708.0 39975.0
24516.0 39974.0
24592.0 39956.0
24820.0 39948.0
25513.0 39758.0
28763.0 39632.0
32013.0 39573.0
32934.0 39519.0
36184.0 39426.0
39434.0 39391.0

16136.0 60276.0
16515.0 42266.0
16595.0 41871.0
16990.0 41461.0
17516.0 41229.0
18016.0 41166.0
18092.0 40466.0
18545.0 40444.0
18596.0 40337.0
19912.0 40313.0
21266.0 40310.0
21342.0 40064.0
21708.0 39975.0
24516.0 39974.0
24592.0 39956.0
24820.0 39948.0
25513.0 39758.0
28687.0 39756.0
28763.0 39632.0
32013.0 39573.0
32934.0 39519.0
36184.0 39426.0
39434.0 39391.0

16136.0 60276.0
16515.0 42266.0
16595.0 41871.0
16990.0 41461.0
17516.0 41229.0
18016.0 41166.0
18092.0 40466.0
18545.0 40444.0
18596.0 40337.0
19912.0 40313.0
21266.0 40310.0
21342.0 40064.0
21708.0 39975.0
24516.0 39974.0
24592.0 39915.0
25513.0 39758.0
28687.0 39756.0
28763.0 39632.0
31937.0 39631.0
32013.0 39573.0
32934.0 39519.0
36184.0 39426.0
39434.0 39391.0

16136.0 60276.0
16515.0 42266.0
16595.0 41871.0
16990.0 41396.0
17516.0 41209.0
17745.0 41171.0
18016.0 41083.0
18092.0 40466.0
18545.0 40444.0
18596.0 40337.0
19912.0 40313.0
21266.0 40310.0
21342.0 40064.0
21708.0 39975.0
24516.0 39974.0
24592.0 39940.0
25513.0 39758.0
28763.0 39632.0
32013.0 39572.0
32934.0 39519.0
36184.0 39426.0
39434.0 39391.0

16023.0 42432.0
16156.0 42035.0
16515.0 41267.0
16595.0 41035.0
17095.0 40972.0
18092.0 40466.0
18545.0 40444.0
18596.0 40337.0
19912.0 40313.0
21266.0 40310.0
21342.0 40064.0
21708.0 39975.0
24516.0 39974.0
24592.0 39916.0
24820.0 39889.0
25513.0 39758.0
27894.0 39757.0
28763.0 39631.0
32013.0 39572.0
32934.0 39512.0
36184.0 39386.0
39434.0 39351.0
43605.0 39328.0

16136.0 60276.0
16515.0 42266.0
16595.0 41871.0
16990.0 41396.0
17516.0 41164.0
18016.0 41101.0
18092.0 40466.0
18545.0 40444.0
18596.0 40337.0
19912.0 40313.0
21266.0 40310.0
21342.0 40064.0
21708.0 39975.0
24516.0 39972.0
24592.0 39939.0
25513.0 39758.0
28687.0 39756.0
28763.0 39632.0
31937.0 39631.0
32013.0 39573.0
32934.0 39519.0
36184.0 39426.0
39434.0 39391.0
43605.0 39344.0

16023.0 47746.0
16156.0 44899.0
16290.0 44411.0
16495.0 44301.0
16515.0 41267.0
16595.0 41035.0
17095.0 40972.0
17171.0 40744.0
18092.0 40466.0
18545.0 40444.0
18596.0 40337.0
19912.0 40313.0
21266.0 40310.0
21342.0 40064.0
21708.0 39975.0
24516.0 39972.0
24592.0 39916.0
25513.0 39758.0
27894.0 39757.0
28687.0 39756.0
28763.0 39632.0
31937.0 39630.0
32013.0 39573.0
32934.0 39519.0
36184.0 39393.0
39434.0 39391.0
43605.0 39344.0

16136.0 60276.0
16515.0 42266.0
16595.0 41871.0
16990.0 41396.0
17516.0 41164.0
18016.0 41083.0
18092.0 40466.0
18545.0 40444.0
18596.0 40337.0
19912.0 40313.0
21266.0 40310.0
21342.0 40064.0
21708.0 39975.0
24516.0 39972.0
24592.0 39939.0
25513.0 39758.0
28687.0 39756.0
28763.0 39632.0
31937.0 39631.0
32013.0 39573.0
32934.0 39519.0
36184.0 39426.0
39434.0 39391.0
43605.0 39344.0

16136.0 49882.0
16256.0 49812.0
16515.0 41267.0
16595.0 41035.0
17095.0 40954.0
17171.0 40768.0
18092.0 40466.0
18545.0 40444.0
18596.0 40337.0
19912.0 40313.0
21266.0 40310.0
21342.0 40064.0
21708.0 39975.0
24516.0 39974.0
24592.0 39916.0
25513.0 39758.0
27894.0 39757.0
28687.0 39756.0
28763.0 39632.0
32013.0 39573.0
32934.0 39519.0
36184.0 39393.0
39434.0 39391.0
43605.0 39341.0

16023.0 45218.0
16156.0 44937.0
16515.0 41267.0
16595.0 41035.0
17095.0 40954.0
17171.0 40768.0
18092.0 40466.0
18545.0 40444.0
18596.0 40337.0
19912.0 40313.0
21266.0 40310.0
21342.0 40064.0
21708.0 39975.0
24516.0 39972.0
24592.0 39915.0
24820.0 39865.0
25513.0 39758.0
27894.0 39757.0
28687.0 39755.0
28763.0 39631.0
31937.0 39628.0
32013.0 39572.0
32934.0 39512.0
36108.0 39511.0
36184.0 39385.0
39358.0 39382.0
39434.0 39339.0
40355.0 39279.0
43605.0 39153.0
46855.0 39117.0
57526.0 39016.0


