18596.0 122692.0
18671.0 122441.0
19471.0 122371.0
20345.0 122336.0
20421.0 122323.0
21342.0 121090.0
21689.0 121025.0
21708.0 120748.0
23950.0 120721.0
24516.0 120626.0
24592.0 120592.0
24801.0 120445.0
24820.0 120254.0
25513.0 120041.0
27766.0 119998.0
28763.0 119390.0
32013.0 119186.0
35263.0 119124.0
36184.0 118793.0
39434.0 118682.0
42684.0 118607.0

18092.0 135168.0
18526.0 124690.0
18545.0 123802.0
18615.0 121983.0
19471.0 121878.0
21342.0 121540.0
21638.0 121539.0
21708.0 121327.0
24750.0 121093.0
25513.0 120745.0
27766.0 120665.0
28763.0 120336.0

18092.0 135168.0
18526.0 124690.0
18545.0 123802.0
18615.0 121983.0
19471.0 121878.0
20269.0 121877.0
21342.0 121456.0
21708.0 121260.0
24516.0 121190.0
24750.0 120852.0
25513.0 120625.0
28763.0 120320.0

18092.0 135168.0
18526.0 124690.0
18545.0 123802.0
18596.0 122655.0
18615.0 121580.0
19112.0 121545.0
19912.0 121435.0
21266.0 121434.0
21342.0 121308.0
21708.0 121075.0
24750.0 120869.0
25513.0 120622.0
28763.0 120336.0

18092.0 135168.0
18526.0 124690.0
18545.0 123802.0
18615.0 121983.0
19471.0 121878.0
20269.0 121877.0
21342.0 121473.0
21638.0 121455.0
21708.0 121260.0
24592.0 121201.0
24750.0 120852.0
25513.0 120625.0
28763.0 120320.0

18092.0 135168.0
18526.0 124690.0
18545.0 123802.0
18615.0 121983.0
19471.0 121878.0
20269.0 121877.0
21342.0 121523.0
21708.0 121327.0
24750.0 121093.0
25513.0 120739.0
27766.0 120665.0
28763.0 120336.0

18092.0 135168.0
18526.0 124690.0
18545.0 123802.0
18615.0 121983.0
19471.0 121878.0
20269.0 121877.0
21342.0 121452.0
21708.0 121327.0
24750.0 121093.0
24801.0 121092.0
25513.0 120460.0
28763.0 120336.0

18092.0 135168.0
18513.0 135130.0
18526.0 124566.0
18545.0 123802.0
18615.0 121983.0
18671.0 121948.0
19471.0 121878.0
19912.0 121564.0
21266.0 121563.0
21342.0 121272.0
21708.0 121146.0
24750.0 121093.0
24801.0 121060.0
25513.0 120622.0
28763.0 120336.0

18092.0 135168.0
18526.0 124690.0
18545.0 123802.0
18615.0 121983.0
19471.0 121878.0
19912.0 121854.0
20269.0 121853.0
21342.0 121382.0
21708.0 121327.0
24750.0 121093.0
24801.0 121079.0
25513.0 120693.0
27766.0 120665.0
28763.0 120336.0

18092.0 135099.0
18526.0 124690.0
18545.0 123802.0
18615.0 121726.0
19912.0 121509.0
21266.0 121508.0
21342.0 121382.0
21708.0 121325.0
24750.0 121093.0
25513.0 120661.0
28763.0 120336.0

18092.0 135168.0
18526.0 124690.0
18545.0 123802.0
18596.0 122684.0
18615.0 121983.0
19471.0 121878.0
21266.0 121877.0
21342.0 121347.0
21708.0 121134.0
24516.0 121064.0
24592.0 120925.0
24750.0 120683.0
27766.0 120665.0
28763.0 120230.0
31937.0 120005.0
49032.0 118084.0
56453.0 117464.0


