18092.0 128107.0
18312.0 126171.0
18447.0 125937.0
18596.0 123373.0
18615.0 122604.0
19112.0 122364.0
19912.0 122323.0
21266.0 121832.0
21342.0 121649.0
21708.0 121345.0
24016.0 121021.0
24516.0 120985.0
24801.0 120934.0
27266.0 120676.0
28687.0 120494.0
31937.0 120323.0

18092.0 128362.0
18596.0 122013.0
19912.0 121908.0
21266.0 121905.0
21342.0 121086.0
21708.0 120621.0
24516.0 120578.0
24592.0 120266.0
24801.0 120262.0
27894.0 120085.0
28763.0 119618.0
32013.0 119536.0
36184.0 119526.0
39434.0 119158.0

18092.0 128362.0
18596.0 122013.0
19912.0 121908.0
21266.0 121905.0
21342.0 121086.0
21708.0 120621.0
24516.0 120578.0
24592.0 120266.0
24801.0 120262.0
27894.0 120085.0
28687.0 120042.0
28763.0 119615.0
31937.0 119605.0
32013.0 119237.0
39434.0 119158.0

18092.0 126497.0
18596.0 122013.0
19912.0 121908.0
21266.0 121905.0
21342.0 121086.0
21708.0 120621.0
24516.0 120578.0
24592.0 120266.0
24801.0 120262.0
27894.0 120085.0
28687.0 120042.0
28763.0 119608.0
32013.0 119240.0
39434.0 119158.0

18092.0 128362.0
18596.0 122013.0
19912.0 121908.0
21266.0 121865.0
21342.0 121086.0
21708.0 120621.0
24516.0 120578.0
24592.0 120266.0
24801.0 120262.0
27894.0 120085.0
28687.0 120082.0
28763.0 119615.0
31937.0 119605.0
32013.0 119237.0
39434.0 119158.0

18092.0 126542.0
18596.0 122013.0
19912.0 121908.0
21266.0 121905.0
21342.0 121086.0
21708.0 120621.0
24516.0 120578.0
24592.0 120266.0
24801.0 120262.0
27894.0 120085.0
28687.0 120042.0
28763.0 119608.0
32013.0 119240.0
39434.0 119158.0

18092.0 128362.0
18596.0 122013.0
19912.0 121908.0
21266.0 121905.0
21342.0 121086.0
21708.0 120621.0
24516.0 120578.0
24592.0 120266.0
24801.0 120262.0
27894.0 120085.0
28763.0 119608.0
31937.0 119605.0
32013.0 119240.0
39434.0 119158.0

18092.0 126542.0
18596.0 122013.0
19912.0 121908.0
21266.0 121865.0
21342.0 121085.0
21708.0 120621.0
24516.0 120578.0
24592.0 120266.0
24801.0 120262.0
27894.0 120085.0
28763.0 119608.0
31937.0 119565.0
32013.0 119240.0
39434.0 119158.0

18092.0 128362.0
18596.0 122013.0
19912.0 121908.0
21266.0 121865.0
21342.0 121086.0
21708.0 120621.0
24516.0 120578.0
24592.0 120266.0
24801.0 120262.0
27894.0 120085.0
28763.0 119608.0
31937.0 119605.0
32013.0 119240.0
39434.0 119158.0

18092.0 126542.0
18596.0 122013.0
19912.0 121908.0
21266.0 121904.0
21342.0 121086.0
21708.0 120621.0
24516.0 120578.0
24592.0 120266.0
24801.0 120262.0
27894.0 120085.0
28763.0 119608.0
32013.0 119240.0
39434.0 119158.0

18092.0 123618.0
18545.0 123529.0
18596.0 122013.0
19912.0 121908.0
21266.0 121905.0
21342.0 121086.0
21708.0 120621.0
24516.0 120578.0
24592.0 120266.0
24801.0 119989.0
28763.0 119465.0
32013.0 119240.0
39434.0 119158.0


