18092.0 125314.0
18545.0 123397.0
18596.0 122092.0
19471.0 121981.0
19912.0 121957.0
20345.0 121861.0
21342.0 121006.0
21708.0 120544.0
24516.0 120149.0
24592.0 120113.0
25513.0 119952.0
27913.0 119937.0
28763.0 119292.0
31937.0 119133.0
32013.0 119011.0
32934.0 118998.0
35111.0 118935.0
36184.0 118591.0
39434.0 118466.0
50029.0 118323.0

18092.0 124405.0
18312.0 124047.0
18596.0 121590.0
19112.0 121398.0
21342.0 121151.0
21708.0 120767.0
24592.0 120659.0
24820.0 120590.0
25513.0 120542.0
28687.0 120475.0
28763.0 119870.0
31437.0 119704.0
32013.0 119614.0
36184.0 119431.0
39358.0 119421.0

18092.0 124405.0
18312.0 124047.0
18596.0 121590.0
19112.0 121398.0
21342.0 121151.0
21708.0 120549.0
24592.0 120490.0
24820.0 120299.0
28763.0 119663.0
32013.0 119614.0
36184.0 119431.0
39358.0 119421.0

18092.0 123920.0
18596.0 121352.0
19912.0 121328.0
21266.0 121327.0
21342.0 121068.0
21689.0 121065.0
21708.0 120509.0
24592.0 120423.0
24820.0 120180.0
27766.0 120097.0
28763.0 119846.0
31437.0 119704.0
32013.0 119533.0
32934.0 119237.0
36108.0 119179.0
40355.0 119004.0

18092.0 123293.0
18596.0 121433.0
19112.0 121398.0
19912.0 121328.0
21266.0 121303.0
21342.0 120795.0
21638.0 120778.0
21708.0 120447.0
24592.0 120337.0
24801.0 120304.0
25513.0 120055.0
27913.0 119967.0
28763.0 119848.0
31437.0 119704.0
32013.0 119516.0
36184.0 119408.0

18092.0 123567.0
18596.0 121352.0
19912.0 121328.0
21266.0 121327.0
21342.0 121043.0
21708.0 120509.0
24592.0 120376.0
25513.0 120322.0
27766.0 120192.0
28763.0 119614.0
32013.0 119419.0
36184.0 119103.0
39434.0 118859.0

18092.0 124405.0
18312.0 124047.0
18596.0 121590.0
19112.0 121398.0
21342.0 121151.0
21708.0 120767.0
24592.0 120490.0
25513.0 120225.0
27766.0 120097.0
28763.0 119870.0
31437.0 119704.0
32013.0 119614.0
32934.0 119237.0
36108.0 119179.0
40355.0 119004.0

18092.0 123567.0
18596.0 121567.0
19112.0 121398.0
19912.0 121350.0
20838.0 121349.0
21342.0 121066.0
21708.0 120549.0
24592.0 120438.0
24820.0 120306.0
25513.0 120225.0
27766.0 120097.0
27842.0 120009.0
28763.0 119575.0
32013.0 119492.0
32934.0 119237.0
36108.0 119179.0
39358.0 119018.0
40355.0 119004.0
42608.0 118611.0

18092.0 124405.0
18312.0 124047.0
18596.0 121368.0
19912.0 121280.0
21266.0 121279.0
21342.0 120896.0
21708.0 120661.0
24592.0 120417.0
24801.0 120233.0
25513.0 119890.0
28763.0 119451.0
32934.0 119291.0
36184.0 119157.0
39434.0 118875.0

18092.0 124001.0
18596.0 121590.0
19112.0 121398.0
19912.0 121374.0
21266.0 121373.0
21342.0 121085.0
21708.0 120306.0
24516.0 120282.0
24592.0 120247.0
24820.0 120237.0
25513.0 120090.0
28763.0 119553.0
32013.0 119492.0
32934.0 119267.0
36184.0 119259.0
39434.0 118977.0

18092.0 124405.0
18312.0 124047.0
18596.0 121567.0
19112.0 121398.0
19912.0 121304.0
21342.0 120775.0
21708.0 120484.0
24516.0 120471.0
24592.0 120415.0
24801.0 120229.0
25513.0 119901.0
27894.0 119553.0
28763.0 119073.0
32934.0 118717.0
36184.0 118579.0
39434.0 118470.0
46855.0 118236.0


