23463.0 236224.0
24937.0 227882.0
31006.0 227111.0

21364.0 244901.0
22263.0 242636.0
23550.0 239793.0
24310.0 238950.0
27525.0 236434.0
33499.0 236181.0

21364.0 244901.0
22263.0 242636.0
23550.0 239793.0
24310.0 238950.0
27525.0 236434.0
33499.0 236181.0

21364.0 244901.0
22263.0 242636.0
23550.0 239793.0
24310.0 238950.0
27525.0 236434.0
33499.0 236181.0

21364.0 244901.0
22263.0 242636.0
23550.0 239793.0
24310.0 238950.0
26600.0 232456.0

21364.0 244901.0
22263.0 242636.0
23550.0 239793.0
24310.0 238950.0
27525.0 236434.0
33499.0 236181.0

21364.0 244901.0
22263.0 242636.0
23550.0 239793.0
24310.0 238950.0
27525.0 236434.0
33499.0 236181.0

21364.0 244901.0
22263.0 242636.0
23550.0 239793.0
24310.0 238950.0
27525.0 236434.0
33499.0 236181.0

21364.0 244901.0
22263.0 242636.0
23550.0 239793.0
24310.0 238950.0
27525.0 236434.0
33499.0 236181.0

21364.0 244901.0
22263.0 242636.0
23550.0 239793.0
24310.0 238950.0
27525.0 236434.0
33499.0 236181.0

21364.0 244901.0
22263.0 242636.0
23550.0 239793.0
24310.0 238950.0
27525.0 236434.0
33499.0 236181.0


