18092.0 124016.0
18545.0 123894.0
18596.0 121679.0
19912.0 121655.0
21266.0 121630.0
21342.0 120660.0
21657.0 120598.0
21708.0 120294.0
24516.0 120168.0
24592.0 119861.0
27266.0 119829.0
27842.0 119633.0
27913.0 119624.0
28763.0 119143.0
31861.0 119142.0
31937.0 119109.0
32013.0 118929.0
35187.0 118870.0
35263.0 118801.0
36184.0 118431.0
39358.0 118330.0
39434.0 118217.0
43605.0 118103.0
46855.0 117683.0

18092.0 124914.0
18526.0 124524.0
18545.0 122589.0
18596.0 122067.0
19112.0 122004.0
19505.0 121850.0
21266.0 121807.0
21342.0 121379.0
21657.0 121365.0
21708.0 121076.0
24750.0 121008.0
24801.0 120670.0
25513.0 120648.0
28687.0 120433.0
28763.0 120028.0
32934.0 120027.0
36184.0 119782.0

18092.0 124914.0
18526.0 124524.0
18545.0 122589.0
18596.0 122067.0
19112.0 122004.0
19505.0 121850.0
21266.0 121807.0
21342.0 121379.0
21657.0 121365.0
21708.0 120925.0
24592.0 120699.0
24699.0 120674.0
24801.0 120666.0
25513.0 120427.0
28763.0 120028.0
32934.0 120027.0
35263.0 119721.0

18092.0 124914.0
18526.0 124524.0
18545.0 122428.0
18596.0 121707.0
19112.0 121596.0
19912.0 121502.0
21266.0 121477.0
21342.0 121124.0
21708.0 120700.0
24592.0 120653.0
25513.0 120587.0
27862.0 120551.0
28187.0 120522.0
28687.0 120074.0
28763.0 119917.0
31937.0 119827.0
35263.0 119721.0
36184.0 119405.0

18092.0 124914.0
18526.0 124524.0
18545.0 122442.0
18596.0 121881.0
19112.0 121800.0
19912.0 121706.0
21266.0 121660.0
21342.0 121090.0
21657.0 121027.0
24750.0 120938.0
24801.0 120670.0
25513.0 120648.0
27842.0 120636.0
28187.0 120379.0
28763.0 120028.0
32934.0 120027.0
35263.0 119989.0
36184.0 119656.0

18092.0 124914.0
18526.0 124524.0
18545.0 121966.0
18596.0 121741.0
19112.0 121630.0
19912.0 121536.0
21266.0 121535.0
21342.0 121157.0
21708.0 121005.0
24750.0 120967.0
24801.0 120666.0
25513.0 120244.0
28763.0 119656.0

18092.0 124914.0
18526.0 124524.0
18545.0 122589.0
18596.0 121558.0
19112.0 121435.0
19912.0 121341.0
21342.0 120962.0
21708.0 120810.0
24801.0 120670.0
25513.0 119746.0
27894.0 119713.0
28763.0 119318.0
39434.0 119276.0

18092.0 124914.0
18526.0 124524.0
18545.0 122589.0
18596.0 121558.0
19112.0 121435.0
19912.0 121341.0
21342.0 120962.0
21708.0 120810.0
24592.0 120677.0
24750.0 120614.0
25513.0 119746.0
27894.0 119713.0
28763.0 119318.0
39434.0 119276.0

18092.0 124914.0
18526.0 124524.0
18545.0 122589.0
18596.0 121558.0
19112.0 121435.0
19912.0 121341.0
19946.0 121325.0
21266.0 121316.0
21342.0 120962.0
21708.0 120723.0
24592.0 120487.0
24801.0 120354.0
25513.0 119746.0
27894.0 119713.0
28763.0 119318.0
39434.0 119276.0

18092.0 124914.0
18526.0 124524.0
18545.0 122428.0
18596.0 122015.0
19112.0 121904.0
19505.0 121850.0
19912.0 121810.0
21266.0 121736.0
21342.0 121123.0
21587.0 121115.0
21708.0 120659.0
24750.0 120614.0
25513.0 120188.0
28763.0 120028.0
32013.0 119995.0
32934.0 119767.0
35263.0 119458.0

18092.0 123619.0
18545.0 122589.0
18596.0 121654.0
19912.0 121606.0
20421.0 121525.0
21342.0 120807.0
21657.0 120767.0
21708.0 120458.0
24592.0 120368.0
25513.0 119644.0
28763.0 119019.0
32934.0 118848.0
36184.0 118753.0
41611.0 118492.0


