18092.0 127256.0
18545.0 124901.0
18596.0 124083.0
18615.0 121600.0
19946.0 121578.0
20387.0 121576.0
21266.0 121530.0
21342.0 120522.0
21708.0 120196.0
24516.0 120153.0
24592.0 120003.0
24820.0 119850.0
25513.0 119562.0
28687.0 119561.0
28763.0 119182.0
30936.0 119173.0
31937.0 119147.0
32013.0 119031.0
32934.0 118822.0
36184.0 118774.0
39434.0 118705.0
42684.0 118667.0
43605.0 118623.0
46855.0 118599.0

18092.0 126504.0
18148.0 125808.0
18513.0 125295.0
18526.0 125248.0
18545.0 124938.0
18589.0 124353.0
18596.0 122450.0
18615.0 121889.0
19912.0 121865.0
21266.0 121751.0
21342.0 121134.0
21638.0 121119.0
21708.0 120907.0
24516.0 120906.0
24801.0 120621.0
25513.0 120492.0
27766.0 120484.0
27894.0 120481.0
28687.0 120477.0
28763.0 119902.0
36108.0 119648.0

18092.0 124019.0
18526.0 123921.0
18596.0 122450.0
18615.0 121889.0
19912.0 121865.0
20421.0 121424.0
21266.0 121423.0
21342.0 121069.0
21689.0 120859.0
24516.0 120856.0
24592.0 120773.0
24801.0 120621.0
25513.0 120492.0
27766.0 120484.0
27842.0 120348.0
27894.0 120291.0
28763.0 119902.0
32934.0 119862.0
36108.0 119648.0

18092.0 126504.0
18148.0 125465.0
18513.0 125295.0
18526.0 125248.0
18545.0 124938.0
18589.0 124346.0
18596.0 122008.0
18615.0 121889.0
19912.0 121865.0
20421.0 121384.0
21342.0 121029.0
21689.0 120842.0
22263.0 120705.0
24516.0 120702.0
24592.0 120655.0
24801.0 120621.0
25513.0 120336.0
27842.0 120243.0
27913.0 120119.0
28763.0 119902.0
32013.0 119775.0
32934.0 119757.0
36108.0 119648.0
36184.0 119590.0

18092.0 126504.0
18148.0 124887.0
18545.0 124395.0
18589.0 124346.0
18596.0 122450.0
18615.0 121889.0
19587.0 121865.0
19912.0 121849.0
20421.0 121424.0
21342.0 121069.0
21657.0 121052.0
21689.0 120835.0
24516.0 120832.0
24592.0 120420.0
27766.0 120404.0
27894.0 120381.0
28763.0 119902.0
36108.0 119648.0

18092.0 126504.0
18148.0 125465.0
18513.0 125295.0
18526.0 125248.0
18545.0 123813.0
18596.0 122450.0
18615.0 121818.0
19912.0 121794.0
20421.0 121384.0
21266.0 121383.0
21342.0 121029.0
21689.0 120842.0
24516.0 120839.0
24592.0 120524.0
25513.0 120406.0
27842.0 120208.0
27894.0 120155.0
27913.0 120119.0
28763.0 119831.0
32013.0 119493.0
35263.0 119407.0

18092.0 126504.0
18148.0 124992.0
18545.0 124076.0
18596.0 122450.0
18615.0 121889.0
19912.0 121865.0
20421.0 121424.0
21342.0 121134.0
21638.0 121119.0
21689.0 120842.0
24516.0 120839.0
24592.0 120773.0
24801.0 120621.0
25513.0 120492.0
27766.0 120484.0
27842.0 120432.0
28763.0 119890.0
32934.0 119711.0
36108.0 119648.0

18092.0 126150.0
18148.0 124887.0
18526.0 124658.0
18545.0 124076.0
18596.0 122256.0
18615.0 121889.0
19912.0 121865.0
20421.0 121424.0
21342.0 121029.0
21689.0 120842.0
24516.0 120839.0
24592.0 120773.0
24801.0 120621.0
25513.0 120425.0
27842.0 120248.0
27913.0 120159.0
28763.0 119885.0
32013.0 119832.0
32934.0 119593.0
36184.0 119542.0

18092.0 126504.0
18148.0 124992.0
18545.0 124076.0
18596.0 122450.0
18615.0 121889.0
19112.0 121881.0
19587.0 121865.0
19912.0 121841.0
20387.0 121730.0
20421.0 121400.0
21342.0 121029.0
21657.0 121012.0
21689.0 120835.0
24516.0 120832.0
24592.0 120420.0
27842.0 120283.0
27894.0 120267.0
28763.0 119890.0
32934.0 119711.0
36108.0 119648.0

18092.0 126504.0
18148.0 125570.0
18513.0 125295.0
18526.0 125248.0
18545.0 124076.0
18596.0 122450.0
18615.0 121889.0
19912.0 121865.0
20421.0 121424.0
21342.0 121029.0
21689.0 120842.0
21708.0 120799.0
23899.0 120784.0
24516.0 120781.0
24592.0 120725.0
24801.0 120621.0
24820.0 120530.0
25513.0 120492.0
27766.0 120484.0
27842.0 120248.0
28763.0 119890.0
32013.0 119694.0
35263.0 119625.0

18092.0 124240.0
18526.0 124089.0
18545.0 123813.0
18596.0 121659.0
19912.0 121635.0
21266.0 121632.0
21342.0 120575.0
21638.0 120517.0
21708.0 120476.0
24592.0 120441.0
24801.0 120250.0
25513.0 119769.0
27690.0 119749.0
28763.0 119286.0
32013.0 119191.0
32934.0 119019.0
36184.0 118935.0
39282.0 118894.0
43605.0 118697.0
46855.0 118512.0


