17095.0 126213.0
17171.0 125165.0
17745.0 124400.0
18016.0 124382.0
18447.0 124123.0
18545.0 123894.0
18596.0 123535.0
18615.0 121962.0
20387.0 121938.0
20766.0 121935.0
21266.0 121495.0
21342.0 120644.0
21638.0 120604.0
21708.0 120361.0
24592.0 120213.0
24750.0 120198.0
24801.0 120101.0
25513.0 119720.0
27843.0 119698.0
27894.0 119647.0
28687.0 119533.0
28763.0 119258.0
31937.0 119132.0
32934.0 118966.0
36108.0 118955.0
36184.0 118358.0
39434.0 118323.0
40355.0 118066.0
50105.0 118008.0

18092.0 123878.0
18545.0 122065.0
18596.0 121871.0
18615.0 121785.0
19912.0 121745.0
21342.0 121090.0
21638.0 120999.0
21657.0 120978.0
22263.0 120922.0
24516.0 120901.0
24592.0 120755.0
24801.0 120591.0
25513.0 120234.0
28763.0 119768.0
36184.0 119571.0
42684.0 119325.0

18092.0 123878.0
18545.0 122065.0
18596.0 121871.0
18615.0 121785.0
19912.0 121745.0
21342.0 120932.0
21708.0 120742.0
24516.0 120739.0
24592.0 120717.0
24801.0 120552.0
25513.0 120117.0
28763.0 119768.0
36184.0 119287.0
39434.0 119221.0

18092.0 123878.0
18545.0 121984.0
18596.0 121771.0
18615.0 121581.0
19912.0 121541.0
21266.0 121538.0
21342.0 120995.0
21657.0 120978.0
21708.0 120647.0
24516.0 120644.0
24801.0 120530.0
25513.0 120117.0
28763.0 119768.0
32013.0 119689.0
32934.0 119345.0
36184.0 119305.0

18092.0 123015.0
18545.0 121765.0
18596.0 121524.0
19146.0 121465.0
19946.0 121395.0
21342.0 120886.0
21638.0 120883.0
21657.0 120709.0
24516.0 120666.0
24592.0 120454.0
25513.0 120117.0
28763.0 119768.0
32934.0 119641.0
36184.0 119287.0

18092.0 123878.0
18545.0 122065.0
18596.0 121582.0
19912.0 121542.0
19946.0 121518.0
21266.0 121515.0
21342.0 120858.0
21708.0 120756.0
24592.0 120338.0
24820.0 120165.0
25513.0 120164.0
27913.0 120095.0
28763.0 119750.0
32013.0 119689.0
32934.0 119512.0
36184.0 119287.0

18092.0 123878.0
18545.0 122065.0
18596.0 121871.0
18615.0 121785.0
19912.0 121745.0
21342.0 120875.0
21638.0 120874.0
24016.0 120595.0
24750.0 120504.0
25513.0 120066.0
28763.0 119768.0
32013.0 119767.0
32934.0 119543.0
36184.0 119305.0
39358.0 119284.0
39434.0 119234.0

18092.0 123878.0
18513.0 123578.0
18545.0 121743.0
18596.0 121549.0
19146.0 121514.0
19946.0 121490.0
21266.0 121489.0
21342.0 120874.0
21708.0 120645.0
24016.0 120595.0
24516.0 120592.0
24592.0 120466.0
25513.0 119876.0
28763.0 119748.0
32013.0 119665.0
32934.0 119543.0
36184.0 119287.0
39358.0 119284.0
39434.0 119234.0
51026.0 119114.0

18092.0 123878.0
18545.0 121694.0
18596.0 121500.0
19146.0 121465.0
19946.0 121395.0
21266.0 121357.0
21342.0 120847.0
21708.0 120751.0
24016.0 120595.0
24592.0 120477.0
24750.0 120386.0
24801.0 120144.0
25513.0 119837.0
28763.0 119728.0
30955.0 119701.0
32013.0 119517.0
36184.0 119305.0
39358.0 119284.0
39434.0 119234.0

18092.0 123878.0
18545.0 121984.0
18596.0 121771.0
19912.0 121745.0
20421.0 121613.0
20857.0 121536.0
21266.0 121535.0
21342.0 120834.0
21708.0 120623.0
24516.0 120620.0
24592.0 120475.0
24750.0 120356.0
25513.0 120144.0
28763.0 119485.0
36184.0 119041.0

18092.0 123878.0
18545.0 122065.0
18596.0 121871.0
18615.0 121630.0
19112.0 121595.0
19912.0 121525.0
20421.0 121296.0
21266.0 121253.0
21342.0 120824.0
21657.0 120728.0
21708.0 120282.0
24516.0 120279.0
24592.0 120220.0
24750.0 120219.0
25513.0 120070.0
27792.0 120026.0
28763.0 119607.0
30940.0 119371.0
31937.0 119355.0
32013.0 119178.0
32934.0 118838.0
36184.0 118638.0
38361.0 118636.0


