18056.0 222331.0
18092.0 218366.0
18596.0 211334.0
18615.0 210878.0
19112.0 208939.0
20766.0 208931.0
20838.0 208623.0
20955.0 208225.0
21266.0 208076.0
21342.0 203165.0
21638.0 202936.0
24516.0 202862.0
24592.0 202507.0
24750.0 202482.0
25513.0 201905.0
27843.0 201888.0
28687.0 201852.0
28763.0 200844.0
29684.0 200772.0
31437.0 200712.0
32013.0 200660.0
32934.0 200172.0
36184.0 199822.0
39358.0 199774.0

18922.0 209012.0
19313.0 207497.0
20066.0 207208.0
20345.0 205718.0
21266.0 205593.0
21342.0 204971.0
21689.0 204812.0
21708.0 204251.0
22263.0 204022.0
24516.0 203908.0
24592.0 203299.0
24801.0 203168.0
25513.0 202591.0
27913.0 202482.0
28763.0 202010.0

18922.0 209012.0
19313.0 207497.0
20066.0 207208.0
20345.0 205436.0
21342.0 203624.0
21657.0 203464.0
21708.0 203201.0
24592.0 202914.0
25513.0 202064.0
28763.0 201470.0
31937.0 201428.0
36184.0 201176.0

18671.0 210278.0
18922.0 209012.0
19146.0 207507.0
19313.0 207497.0
20066.0 207141.0
20345.0 205436.0
21266.0 205391.0
21342.0 203591.0
21708.0 203214.0
24016.0 202815.0
24801.0 202518.0
25513.0 202083.0
28763.0 201594.0
32934.0 201336.0
40355.0 201082.0

18615.0 210779.0
18922.0 209012.0
19313.0 207497.0
20066.0 207208.0
20345.0 205436.0
21342.0 204510.0
21708.0 203640.0
24592.0 203253.0
24750.0 203155.0
24801.0 203070.0
25513.0 201916.0
32013.0 201768.0
32934.0 201754.0

18596.0 207344.0
18615.0 206310.0
19505.0 205460.0
19769.0 205452.0
20838.0 205424.0
21266.0 205189.0
21342.0 204046.0
21708.0 201843.0
23899.0 201789.0
24516.0 201488.0
24801.0 201432.0
28763.0 200905.0
31937.0 200776.0
36184.0 200659.0

18856.0 218291.0
18922.0 209012.0
19313.0 207497.0
20066.0 207208.0
20345.0 205718.0
21266.0 205453.0
21342.0 204971.0
21657.0 204856.0
21689.0 204812.0
21708.0 204043.0
22263.0 203887.0
24016.0 203773.0
24516.0 203760.0
24592.0 203299.0
24750.0 203237.0
24801.0 203106.0
25513.0 202591.0
27913.0 202482.0
28763.0 202010.0
36184.0 201801.0
40355.0 201742.0

18856.0 218291.0
18922.0 209012.0
19313.0 206699.0
20066.0 205963.0
20345.0 205718.0
21266.0 204956.0
21342.0 204641.0
21689.0 204182.0
21708.0 203885.0
22263.0 203591.0
23316.0 203463.0
24592.0 202524.0
24750.0 202470.0
24801.0 201937.0
27690.0 201905.0
28763.0 201838.0
32013.0 201811.0
32934.0 201771.0
35263.0 201686.0
37937.0 201678.0
39358.0 201566.0
42532.0 201558.0

18856.0 218291.0
18922.0 209012.0
19313.0 207497.0
20066.0 207208.0
20345.0 205718.0
21266.0 204855.0
21689.0 204812.0
21708.0 204043.0
22263.0 203887.0
24016.0 203773.0
24516.0 203760.0
24592.0 203299.0
24750.0 203217.0
24801.0 203130.0
25513.0 202591.0
27913.0 202482.0
28763.0 202010.0
32934.0 201771.0
40355.0 201742.0

18596.0 208874.0
18856.0 208682.0
18922.0 208212.0
19313.0 207341.0
19946.0 205974.0
20345.0 205718.0
20838.0 205692.0
21266.0 205307.0
21342.0 204226.0
21657.0 204220.0
21708.0 203724.0
22263.0 203054.0
24516.0 202595.0
24592.0 202208.0
25513.0 201962.0
27766.0 201924.0
32934.0 201700.0
42608.0 201671.0

18615.0 204210.0
19946.0 203435.0
21266.0 203335.0
21342.0 203209.0
21638.0 203094.0
21657.0 202897.0
21708.0 202384.0
24801.0 201971.0
24820.0 200508.0
25513.0 200224.0
27894.0 199643.0
28763.0 199331.0
31937.0 199261.0


