18615.0 210571.0
18922.0 209660.0
19112.0 209000.0
20766.0 207663.0
21266.0 207339.0
21342.0 205633.0
21708.0 205069.0
22263.0 204656.0
23940.0 204613.0
24937.0 204542.0
25513.0 202687.0
27043.0 202638.0
28187.0 202380.0
28763.0 202030.0
29684.0 201900.0
32013.0 201520.0
32934.0 200815.0
35263.0 200732.0
35608.0 200684.0
36184.0 200648.0
38282.0 200623.0
43605.0 200498.0

18623.0 218086.0
19246.0 215229.0
19280.0 214038.0
19313.0 211777.0
20066.0 209001.0
21342.0 206017.0
21689.0 205604.0
21708.0 205461.0
22263.0 204819.0
24016.0 203714.0
28763.0 203048.0
32934.0 202910.0

18596.0 213940.0
19313.0 211777.0
20066.0 209001.0
20838.0 208886.0
20857.0 208838.0
21266.0 207329.0
21342.0 206017.0
21689.0 205604.0
21708.0 205461.0
22263.0 204819.0
24016.0 203714.0
28687.0 203634.0
28763.0 203048.0
32934.0 202910.0

18596.0 214332.0
18856.0 208752.0
19946.0 208506.0
20438.0 208140.0
21342.0 206017.0
21619.0 205934.0
21689.0 205061.0
22263.0 204819.0
23499.0 204734.0
24016.0 203714.0
25513.0 202462.0
31437.0 202347.0
32934.0 202330.0
40355.0 202017.0

18596.0 213842.0
19112.0 208247.0
19946.0 206073.0
21342.0 205045.0
21638.0 204996.0
22263.0 204410.0
24016.0 203714.0
25513.0 202461.0
28687.0 202264.0
29684.0 202122.0
32934.0 202111.0

18596.0 213344.0
19313.0 211777.0
19946.0 209415.0
19987.0 208814.0
20066.0 208114.0
20457.0 207496.0
21342.0 205913.0
21689.0 205191.0
21708.0 204969.0
22263.0 204608.0
22461.0 204518.0
24016.0 203714.0
24731.0 202999.0
25513.0 202268.0
28687.0 201904.0

18596.0 214038.0
19313.0 211777.0
20066.0 209001.0
20838.0 208886.0
21342.0 206017.0
21689.0 205604.0
21708.0 205461.0
22263.0 204819.0
24016.0 203714.0
28763.0 203048.0
31437.0 202783.0

18092.0 215243.0
18596.0 213940.0
19313.0 211777.0
20066.0 209001.0
20838.0 208886.0
21038.0 208830.0
21342.0 205795.0
21689.0 205604.0
21708.0 205261.0
22263.0 204819.0
24016.0 203714.0
28763.0 203048.0
31437.0 202781.0

18596.0 214038.0
19313.0 211777.0
20066.0 209001.0
20838.0 208886.0
21342.0 206017.0
21689.0 205604.0
21708.0 205461.0
22263.0 204819.0
24016.0 203714.0
28763.0 203048.0
31437.0 202783.0

18596.0 213940.0
19313.0 211777.0
20066.0 209001.0
20766.0 208620.0
21342.0 205891.0
21689.0 205604.0
21708.0 205461.0
22263.0 204819.0
24016.0 203714.0
25513.0 203574.0
28763.0 203048.0
31437.0 202781.0

18545.0 213236.0
18615.0 212558.0
18856.0 208186.0
20742.0 207883.0
20766.0 206500.0
21266.0 206492.0
21342.0 203816.0
21638.0 203705.0
22263.0 203372.0
24801.0 202082.0
25513.0 201548.0
28763.0 200444.0
30940.0 199897.0
41611.0 199310.0
45782.0 198403.0
49032.0 197129.0


