18596.0 209009.0
18615.0 207279.0
19946.0 206789.0
20345.0 206588.0
20766.0 206199.0
21266.0 206100.0
21342.0 205165.0
21689.0 205160.0
21708.0 204686.0
23080.0 204619.0
23550.0 204039.0
23950.0 203769.0
24016.0 203691.0
24516.0 203419.0
24801.0 203358.0
24820.0 203008.0
24937.0 202689.0
25513.0 201163.0
28687.0 201074.0
28763.0 200139.0
32358.0 199891.0
32934.0 199823.0
36108.0 199706.0
36184.0 199470.0
37105.0 199386.0
43605.0 199360.0

19246.0 215524.0
19505.0 211949.0
20635.0 211573.0
20690.0 211193.0
20766.0 207287.0
21108.0 207251.0
21266.0 206502.0
21342.0 205571.0
21708.0 204130.0
22263.0 203460.0
23940.0 203457.0
23950.0 203442.0
24592.0 203389.0
24801.0 203388.0
24820.0 203232.0
24937.0 202820.0
27913.0 202653.0
28763.0 201169.0
35187.0 200721.0
36184.0 199902.0
39358.0 199780.0

18596.0 213815.0
18615.0 207776.0
18623.0 207010.0
19146.0 206160.0
20857.0 206121.0
21342.0 204584.0
21657.0 204306.0
21689.0 203983.0
22102.0 203924.0
22263.0 203375.0
24016.0 203088.0
24801.0 202916.0
24937.0 202820.0
25513.0 202471.0
26566.0 202401.0
27913.0 201932.0
28687.0 201760.0
28763.0 200796.0
30737.0 200721.0
32013.0 200110.0
36184.0 199902.0
39358.0 199571.0

18545.0 211989.0
18596.0 210361.0
18615.0 207355.0
18623.0 207162.0
19112.0 206817.0
19146.0 206384.0
19946.0 206238.0
21266.0 205547.0
21342.0 203636.0
22263.0 202984.0
23950.0 202978.0
24592.0 202683.0
24820.0 202546.0
25513.0 201775.0
28687.0 201603.0
28763.0 200464.0
36184.0 199902.0
39358.0 199571.0

18596.0 213815.0
18922.0 211288.0
19064.0 210887.0
19313.0 210356.0
19505.0 209373.0
20766.0 207287.0
21108.0 207251.0
21266.0 206502.0
21342.0 204576.0
21657.0 204306.0
21689.0 203983.0
21708.0 203651.0
22263.0 203375.0
23950.0 203352.0
24016.0 203088.0
24750.0 202804.0
25513.0 201912.0
28687.0 201760.0
28763.0 201169.0
30737.0 201044.0
31937.0 200989.0
32013.0 200398.0
35187.0 200165.0
36184.0 199224.0

18615.0 218690.0
18671.0 216458.0
18856.0 215391.0
18922.0 213505.0
19146.0 213453.0
19505.0 211824.0
19587.0 207773.0
20766.0 206325.0
21266.0 206051.0
21342.0 204365.0
21708.0 204130.0
22263.0 203070.0
22936.0 203052.0
24750.0 202985.0
24937.0 202820.0
25513.0 201684.0
28763.0 201002.0
31937.0 200201.0
36184.0 199800.0
39358.0 199487.0

18615.0 207776.0
18623.0 207010.0
19146.0 206160.0
20857.0 206121.0
21342.0 203750.0
22263.0 203375.0
24016.0 203088.0
24750.0 202999.0
24801.0 202916.0
24937.0 202820.0
25513.0 201664.0
28687.0 201356.0
28763.0 201112.0
30737.0 200988.0
32013.0 200843.0
35187.0 200721.0
36184.0 199796.0
39358.0 199780.0

18619.0 215495.0
19471.0 210766.0
20066.0 210706.0
20345.0 209991.0
20742.0 209170.0
20766.0 207287.0
21108.0 207251.0
21138.0 206061.0
21342.0 203750.0
21708.0 203206.0
23950.0 203185.0
24016.0 203088.0
24516.0 202921.0
24801.0 202916.0
24820.0 202909.0
24937.0 202820.0
25513.0 201471.0
28763.0 201094.0
31937.0 200946.0
32013.0 200461.0
36184.0 199902.0
39358.0 199642.0

18922.0 212545.0
19146.0 207075.0
21266.0 206502.0
21342.0 203750.0
21708.0 203587.0
22263.0 203375.0
24016.0 203088.0
24651.0 202940.0
24801.0 202916.0
24937.0 202820.0
25513.0 201664.0
28687.0 201356.0
28763.0 200963.0
32013.0 199857.0
39358.0 199780.0
39434.0 199142.0

18596.0 213780.0
18922.0 207252.0
19980.0 207028.0
20766.0 205525.0
21342.0 204663.0
21708.0 203714.0
22020.0 203298.0
22263.0 202882.0
24016.0 202808.0
24516.0 202733.0
25513.0 201647.0
28763.0 201110.0
31937.0 201025.0
32013.0 200379.0
36184.0 199693.0

18615.0 206094.0
18671.0 205870.0
19912.0 205133.0
20269.0 204387.0
21342.0 203711.0
21708.0 201720.0
25513.0 200285.0
28763.0 199419.0
36184.0 197774.0


