18545.0 212876.0
18596.0 206902.0
18615.0 206219.0
19471.0 205870.0
19505.0 204726.0
21342.0 204168.0
21638.0 204026.0
21708.0 203237.0
22263.0 202688.0
24592.0 202652.0
24750.0 202594.0
25513.0 201184.0
26973.0 201171.0
27843.0 201086.0
28687.0 200894.0
28763.0 200126.0
31437.0 200012.0
31937.0 199707.0
32013.0 199649.0
32934.0 199258.0
36108.0 199143.0
36184.0 198680.0
38858.0 198495.0
39358.0 198191.0

18596.0 211272.0
18671.0 210015.0
18922.0 209053.0
19505.0 206929.0
19946.0 205818.0
21266.0 205518.0
21342.0 203497.0
21708.0 203447.0
23950.0 203345.0
24801.0 203274.0
25513.0 202982.0
27842.0 202934.0
28687.0 202826.0
28763.0 201612.0
36184.0 201356.0

18446.0 211064.0
18447.0 210950.0
18596.0 207225.0
19505.0 206929.0
19946.0 205818.0
20766.0 205697.0
21266.0 205104.0
21342.0 203497.0
21689.0 203496.0
21708.0 203447.0
23950.0 203345.0
24016.0 203123.0
24801.0 203039.0
25513.0 202339.0
28763.0 201612.0
36184.0 201356.0

18092.0 213723.0
18596.0 207127.0
19505.0 206919.0
19946.0 205818.0
21266.0 204943.0
21342.0 203304.0
21638.0 203233.0
21657.0 203104.0
24016.0 203061.0
24516.0 202948.0
24592.0 202877.0
24750.0 202737.0
24820.0 202666.0
24937.0 202439.0
25437.0 202396.0
28763.0 201612.0
36108.0 201594.0
36184.0 201356.0

18596.0 207225.0
19505.0 206929.0
19946.0 205818.0
21266.0 205518.0
21342.0 203101.0
22263.0 202888.0
23940.0 202810.0
24516.0 202747.0
24592.0 202421.0
25437.0 202351.0
25513.0 202185.0
28687.0 201983.0
28763.0 201612.0
32013.0 201500.0
32858.0 201380.0
36184.0 201356.0

18092.0 213723.0
18447.0 207893.0
18545.0 207730.0
18596.0 207225.0
19146.0 207143.0
19505.0 206929.0
19946.0 205818.0
21266.0 205104.0
21342.0 203497.0
21689.0 203490.0
21708.0 203249.0
23950.0 203150.0
24592.0 203133.0
25513.0 202472.0
28763.0 201612.0
36184.0 201356.0

18596.0 207225.0
19505.0 206929.0
19946.0 205818.0
21266.0 205518.0
21342.0 203497.0
21689.0 203496.0
21708.0 202476.0
24592.0 202247.0
24801.0 201914.0
28763.0 201361.0
32013.0 201265.0
42532.0 201257.0

18596.0 207225.0
19505.0 206929.0
19946.0 205818.0
21266.0 205518.0
21342.0 203386.0
21708.0 203377.0
23950.0 203345.0
24516.0 202948.0
24937.0 202791.0
25513.0 202339.0
28763.0 201612.0
32013.0 201466.0
36184.0 201356.0

18596.0 207225.0
19505.0 206929.0
19946.0 205818.0
21266.0 205518.0
21342.0 203181.0
21708.0 202430.0
24592.0 202201.0
25437.0 202125.0
27913.0 202068.0
28763.0 201566.0
32013.0 201138.0
39358.0 201126.0

18545.0 211273.0
18596.0 207225.0
19505.0 206929.0
19838.0 206037.0
19946.0 205818.0
20066.0 205802.0
20438.0 204643.0
21342.0 203287.0
21708.0 203238.0
22263.0 203076.0
24516.0 202868.0
25513.0 202339.0
28687.0 202102.0
28763.0 201612.0
36184.0 201356.0

18596.0 207225.0
18856.0 206382.0
19146.0 206139.0
19946.0 205743.0
20066.0 205583.0
20345.0 203931.0
21342.0 203096.0
21708.0 203015.0
22263.0 201992.0
24801.0 201313.0
25513.0 201063.0
27913.0 200846.0
28763.0 199354.0
32013.0 199228.0
39434.0 198257.0


