16480.0 43780.0
16816.0 42487.0
16990.0 41396.0
17516.0 41164.0
18016.0 41101.0
18092.0 40466.0
18545.0 40444.0
18596.0 40337.0
19912.0 40313.0
21266.0 40310.0
21342.0 40064.0
21708.0 39975.0
24516.0 39972.0
24592.0 39915.0
24820.0 39865.0
25513.0 39758.0
27894.0 39757.0
28687.0 39755.0
28763.0 39631.0
31937.0 39628.0
32013.0 39572.0
32934.0 39511.0
36108.0 39510.0
36184.0 39385.0
39358.0 39383.0
39434.0 39326.0
40355.0 39278.0
43605.0 39152.0
46855.0 39093.0
50029.0 39090.0
50105.0 39058.0
54276.0 39011.0
57526.0 38976.0

16070.0 46779.0
16290.0 44695.0
16515.0 41492.0
16595.0 41260.0
17095.0 41179.0
17171.0 40805.0
18092.0 40466.0
18545.0 40444.0
18596.0 40337.0
19912.0 40313.0
21266.0 40310.0
21342.0 40064.0
21708.0 39975.0
24516.0 39974.0
24592.0 39915.0
24820.0 39884.0
25513.0 39758.0
28763.0 39631.0
32013.0 39614.0
32934.0 39536.0
36108.0 39509.0
36184.0 39475.0
39358.0 39472.0
39434.0 39404.0
42608.0 39379.0
43605.0 39321.0

16070.0 46779.0
16290.0 44695.0
16515.0 41492.0
16595.0 41260.0
17095.0 41179.0
17171.0 40805.0
18092.0 40466.0
18545.0 40444.0
18596.0 40337.0
19912.0 40313.0
21266.0 40310.0
21342.0 40064.0
21708.0 39975.0
24516.0 39974.0
24592.0 39915.0
24820.0 39884.0
25513.0 39758.0
28763.0 39631.0
32013.0 39597.0
32934.0 39536.0
36108.0 39509.0
36184.0 39475.0
39358.0 39472.0
39434.0 39404.0
42608.0 39379.0
43605.0 39321.0

16070.0 46779.0
16290.0 44695.0
16515.0 41267.0
16595.0 41035.0
17095.0 40954.0
17171.0 40805.0
18092.0 40466.0
18545.0 40444.0
18596.0 40337.0
19912.0 40313.0
21266.0 40310.0
21342.0 40064.0
21708.0 39975.0
24516.0 39974.0
24592.0 39915.0
24820.0 39884.0
25513.0 39758.0
28687.0 39757.0
28763.0 39631.0
32013.0 39614.0
32934.0 39536.0
36108.0 39509.0
36184.0 39423.0
39434.0 39380.0
42608.0 39379.0
43605.0 39321.0

16070.0 46779.0
16290.0 44695.0
16515.0 41334.0
16595.0 41102.0
17095.0 41021.0
17171.0 40805.0
18092.0 40466.0
18545.0 40444.0
18596.0 40337.0
19912.0 40313.0
21266.0 40310.0
21342.0 40064.0
21708.0 39975.0
24516.0 39974.0
24592.0 39915.0
24820.0 39884.0
25513.0 39758.0
28687.0 39757.0
28763.0 39631.0
32013.0 39597.0
32934.0 39536.0
36108.0 39509.0
36184.0 39475.0
39358.0 39472.0
39434.0 39380.0
42608.0 39379.0
43605.0 39321.0

16070.0 46779.0
16290.0 44695.0
16515.0 41267.0
16595.0 41035.0
17095.0 40954.0
17171.0 40805.0
18092.0 40466.0
18545.0 40444.0
18596.0 40337.0
19912.0 40313.0
21266.0 40310.0
21342.0 40064.0
21708.0 39975.0
24516.0 39972.0
24592.0 39915.0
24820.0 39865.0
25513.0 39758.0
28687.0 39757.0
28763.0 39631.0
32013.0 39572.0
32934.0 39536.0
36108.0 39509.0
36184.0 39410.0
39434.0 39326.0
43605.0 39177.0
54276.0 39035.0

16070.0 46779.0
16290.0 44695.0
16515.0 41267.0
16595.0 41035.0
17095.0 40954.0
17171.0 40768.0
18092.0 40466.0
18545.0 40444.0
18596.0 40337.0
19912.0 40313.0
21266.0 40310.0
21342.0 40064.0
21708.0 39975.0
24516.0 39972.0
24592.0 39915.0
24820.0 39884.0
25513.0 39758.0
28687.0 39755.0
28763.0 39631.0
32013.0 39573.0
32934.0 39512.0
36108.0 39509.0
36184.0 39399.0
39358.0 39385.0
39434.0 39380.0
40355.0 39303.0
46855.0 39269.0

15590.0 46866.0
16070.0 46779.0
16290.0 44695.0
16515.0 41267.0
16595.0 41035.0
17095.0 40954.0
17171.0 40744.0
18092.0 40466.0
18545.0 40444.0
18596.0 40337.0
19912.0 40313.0
21266.0 40310.0
21342.0 40064.0
21708.0 39975.0
24516.0 39974.0
24592.0 39915.0
24820.0 39884.0
25513.0 39758.0
27894.0 39757.0
28687.0 39755.0
28763.0 39631.0
31937.0 39629.0
32013.0 39596.0
32934.0 39512.0
36108.0 39509.0
36184.0 39386.0
39358.0 39385.0
39434.0 39351.0
40355.0 39303.0
46855.0 39268.0

16070.0 46779.0
16290.0 44695.0
16515.0 41267.0
16595.0 41035.0
17095.0 40954.0
17171.0 40744.0
18092.0 40466.0
18545.0 40444.0
18596.0 40337.0
19912.0 40313.0
21266.0 40310.0
21342.0 40064.0
21708.0 39975.0
24516.0 39974.0
24592.0 39915.0
24820.0 39884.0
25513.0 39758.0
28687.0 39755.0
28763.0 39631.0
32013.0 39596.0
32934.0 39512.0
36108.0 39509.0
36184.0 39410.0
39434.0 39350.0
40355.0 39303.0
46855.0 39269.0

15590.0 47102.0
16070.0 46573.0
16290.0 44459.0
16515.0 41267.0
16595.0 41035.0
17095.0 40954.0
17171.0 40744.0
18092.0 40466.0
18545.0 40444.0
18596.0 40337.0
19912.0 40313.0
21266.0 40310.0
21342.0 40064.0
21708.0 39975.0
24516.0 39972.0
24592.0 39915.0
24820.0 39884.0
25513.0 39758.0
27894.0 39757.0
28687.0 39755.0
28763.0 39631.0
32013.0 39596.0
32934.0 39512.0
36108.0 39509.0
36184.0 39393.0
39434.0 39351.0
40355.0 39303.0
43605.0 39177.0

15590.0 46866.0
16070.0 46351.0
16093.0 45414.0
16290.0 43330.0
16515.0 41267.0
16595.0 41035.0
17095.0 40954.0
17171.0 40744.0
18092.0 40466.0
18545.0 40444.0
18596.0 40337.0
19912.0 40313.0
21266.0 40310.0
21342.0 40064.0
21708.0 39975.0
24516.0 39972.0
24592.0 39915.0
24820.0 39865.0
25513.0 39758.0
27894.0 39757.0
28687.0 39755.0
28763.0 39631.0
31937.0 39629.0
32013.0 39572.0
32934.0 39512.0
36108.0 39509.0
36184.0 39386.0
39358.0 39385.0
39434.0 39327.0
40355.0 39279.0
43529.0 39278.0
43605.0 39176.0
46855.0 39093.0
51026.0 39071.0


