16515.0 41770.0
16816.0 41366.0
17516.0 41134.0
18016.0 41053.0
18092.0 40804.0
18545.0 40787.0
18596.0 40495.0
18615.0 40443.0
20387.0 40419.0
21266.0 40416.0
21342.0 40064.0
21708.0 39975.0
24516.0 39972.0
24592.0 39916.0
24820.0 39865.0
25513.0 39782.0
28763.0 39632.0
31937.0 39631.0
32013.0 39573.0
35187.0 39572.0
36184.0 39386.0
39434.0 39327.0

16023.0 42520.0
16156.0 42239.0
16595.0 41844.0
16816.0 41810.0
16956.0 41740.0
16990.0 41568.0
17171.0 41530.0
17516.0 41173.0
18016.0 41074.0
18092.0 40618.0
18526.0 40596.0
18596.0 40337.0
19912.0 40313.0
21342.0 40210.0
21638.0 40193.0
21708.0 40042.0
24592.0 39915.0
24820.0 39884.0
25513.0 39855.0
28687.0 39837.0
28763.0 39699.0
32013.0 39573.0
39434.0 39409.0

16023.0 42457.0
16156.0 42176.0
16595.0 41781.0
16956.0 41711.0
16990.0 41568.0
17171.0 41530.0
17516.0 41173.0
18016.0 41074.0
18092.0 40618.0
18526.0 40596.0
18596.0 40337.0
19912.0 40313.0
21342.0 40187.0
21708.0 39975.0
24592.0 39915.0
24820.0 39884.0
25513.0 39855.0
28687.0 39837.0
28763.0 39632.0
31937.0 39629.0
32013.0 39573.0
35187.0 39570.0
39434.0 39327.0

16023.0 42520.0
16156.0 42239.0
16595.0 41728.0
16956.0 41658.0
16990.0 41568.0
17171.0 41530.0
17516.0 41173.0
18016.0 41074.0
18092.0 40618.0
18526.0 40596.0
18596.0 40337.0
19912.0 40313.0
21266.0 40310.0
21342.0 40194.0
21638.0 40193.0
21708.0 40042.0
24516.0 40039.0
24592.0 39915.0
24820.0 39884.0
25513.0 39758.0
28763.0 39699.0
32013.0 39573.0
39434.0 39409.0

16023.0 42520.0
16156.0 42123.0
16595.0 41728.0
16816.0 41539.0
17171.0 41530.0
17516.0 41173.0
18016.0 41074.0
18092.0 40618.0
18526.0 40596.0
18596.0 40337.0
19912.0 40313.0
21342.0 40088.0
21708.0 40042.0
24592.0 39915.0
24820.0 39884.0
25513.0 39855.0
28687.0 39837.0
28763.0 39699.0
32013.0 39573.0
39434.0 39409.0

16023.0 42404.0
16156.0 42239.0
16595.0 41844.0
16816.0 41810.0
16956.0 41740.0
16990.0 41568.0
17171.0 41530.0
17516.0 41173.0
18016.0 41074.0
18092.0 40618.0
18526.0 40596.0
18596.0 40337.0
19912.0 40313.0
21266.0 40310.0
21342.0 40210.0
21638.0 40193.0
21708.0 40042.0
24516.0 40039.0
24592.0 39915.0
24820.0 39884.0
25513.0 39758.0
28763.0 39699.0
32013.0 39573.0
39434.0 39409.0

16023.0 42457.0
16156.0 42176.0
16595.0 41781.0
16956.0 41711.0
16990.0 41568.0
17171.0 41530.0
17516.0 41173.0
18016.0 41074.0
18092.0 40618.0
18526.0 40596.0
18596.0 40337.0
19912.0 40313.0
21342.0 40187.0
21708.0 39975.0
24516.0 39972.0
24592.0 39915.0
24820.0 39884.0
25513.0 39855.0
28687.0 39837.0
28763.0 39632.0
32013.0 39573.0
35187.0 39570.0
39434.0 39327.0

16023.0 42457.0
16156.0 42176.0
16515.0 41563.0
16595.0 41168.0
17095.0 41069.0
17171.0 40744.0
18092.0 40618.0
18526.0 40596.0
18596.0 40337.0
19912.0 40313.0
21266.0 40312.0
21342.0 40187.0
21708.0 39975.0
24516.0 39972.0
24592.0 39915.0
24820.0 39865.0
25513.0 39855.0
27894.0 39840.0
28687.0 39837.0
28763.0 39632.0
32013.0 39573.0
35187.0 39570.0
39434.0 39327.0

16023.0 42457.0
16156.0 42176.0
16515.0 41563.0
16595.0 41168.0
17095.0 41069.0
17171.0 40744.0
18092.0 40618.0
18526.0 40596.0
18596.0 40337.0
19912.0 40313.0
21266.0 40312.0
21342.0 40088.0
21708.0 39975.0
24516.0 39972.0
24592.0 39915.0
24820.0 39865.0
25513.0 39758.0
28687.0 39757.0
28763.0 39632.0
32013.0 39573.0
32934.0 39549.0
36184.0 39423.0
39434.0 39327.0
40355.0 39303.0
43605.0 39177.0
46855.0 39118.0

16023.0 42404.0
16156.0 42176.0
16595.0 41781.0
16956.0 41677.0
16990.0 41568.0
17171.0 41530.0
17516.0 41173.0
18016.0 41074.0
18092.0 40606.0
18526.0 40596.0
18545.0 40584.0
18596.0 40337.0
19912.0 40313.0
21266.0 40310.0
21342.0 40088.0
21708.0 39975.0
24592.0 39915.0
24820.0 39865.0
25513.0 39758.0
28763.0 39632.0
32013.0 39573.0
32934.0 39536.0
36184.0 39502.0
39434.0 39327.0

16023.0 42404.0
16156.0 42123.0
16595.0 41728.0
16816.0 41678.0
16956.0 41567.0
16990.0 41387.0
17516.0 41152.0
18016.0 41053.0
18092.0 40466.0
18545.0 40444.0
18596.0 40337.0
19912.0 40313.0
21266.0 40310.0
21342.0 40064.0
21708.0 39975.0
24516.0 39972.0
24592.0 39915.0
24820.0 39865.0
25513.0 39758.0
28687.0 39755.0
28763.0 39631.0
32013.0 39573.0
32934.0 39525.0
36108.0 39509.0
36184.0 39386.0
39434.0 39326.0
40355.0 39279.0
43605.0 39177.0
46855.0 39117.0
57450.0 39032.0


