17996.0 130962.0
18092.0 122394.0
18596.0 122024.0
19112.0 121966.0
19471.0 121942.0
19912.0 121831.0
21266.0 121684.0
21342.0 120940.0
21708.0 120032.0
24516.0 119988.0
24592.0 119803.0
24801.0 119802.0
24820.0 119752.0
27766.0 119751.0
27842.0 119706.0
28763.0 119149.0
31937.0 118995.0
32013.0 118774.0
36184.0 118612.0
39434.0 118528.0

18092.0 123185.0
18545.0 122682.0
18596.0 122029.0
19146.0 121994.0
19912.0 121889.0
19946.0 121819.0
21266.0 121818.0
21342.0 121343.0
21708.0 121252.0
24516.0 121231.0
24592.0 120732.0
27913.0 120691.0
28763.0 120231.0
35608.0 120189.0
36184.0 119738.0

18092.0 122188.0
18545.0 122171.0
18596.0 122029.0
19146.0 121994.0
19912.0 121619.0
21266.0 121618.0
21342.0 121250.0
21657.0 121200.0
21708.0 121189.0
24016.0 121134.0
24592.0 120732.0
25513.0 120706.0
27266.0 120693.0
27862.0 120595.0
28763.0 120143.0
32013.0 120058.0
32934.0 119919.0
36184.0 119738.0
46279.0 119513.0

18092.0 123104.0
18545.0 122682.0
18596.0 121839.0
18615.0 121507.0
19912.0 121314.0
19946.0 121290.0
21342.0 120630.0
21638.0 120589.0
21708.0 120378.0
24592.0 120252.0
24820.0 120201.0
25513.0 120041.0
28763.0 119238.0
36184.0 119156.0

18092.0 123172.0
18545.0 122682.0
18596.0 121839.0
19912.0 121619.0
21266.0 121618.0
21342.0 121209.0
21657.0 121122.0
21689.0 121103.0
21708.0 120945.0
22263.0 120726.0
24516.0 120725.0
24592.0 120516.0
24731.0 120304.0
25513.0 119947.0
28763.0 119728.0
32013.0 119600.0
32934.0 119588.0
36184.0 119506.0

18092.0 123104.0
18545.0 122682.0
18596.0 121839.0
19912.0 121619.0
21266.0 121618.0
21342.0 120936.0
21657.0 120926.0
22263.0 120726.0
24592.0 120664.0
24820.0 120614.0
25513.0 120349.0
28687.0 120112.0
28763.0 119517.0
32013.0 119344.0
36184.0 118908.0

18092.0 122388.0
18545.0 122371.0
18596.0 121724.0
19912.0 121619.0
21342.0 121173.0
21587.0 121158.0
21638.0 121042.0
21708.0 120588.0
24516.0 120567.0
24592.0 120480.0
27843.0 120376.0
28763.0 119527.0
46279.0 119279.0

18092.0 123096.0
18545.0 122074.0
18596.0 121421.0
19146.0 121386.0
19912.0 121235.0
21266.0 121234.0
21342.0 120909.0
21689.0 120908.0
21708.0 120681.0
24592.0 120608.0
24820.0 120522.0
25513.0 120507.0
27043.0 120404.0
27843.0 120264.0
28187.0 120235.0
28763.0 119610.0
31937.0 119455.0
32013.0 119396.0
36184.0 119141.0

18092.0 123096.0
18545.0 122458.0
18596.0 121472.0
19112.0 121467.0
19912.0 121327.0
21266.0 121326.0
21342.0 120916.0
21708.0 120493.0
24516.0 120468.0
24801.0 120334.0
25513.0 119662.0
28763.0 119242.0
36184.0 119141.0

18092.0 123096.0
18545.0 122458.0
18596.0 121724.0
19912.0 121619.0
21342.0 121224.0
21657.0 121200.0
21708.0 120945.0
24516.0 120920.0
24592.0 120570.0
24820.0 120526.0
25513.0 120507.0
27766.0 120478.0
27843.0 120417.0
28763.0 119892.0
30885.0 119890.0
31937.0 119850.0
32013.0 119600.0
36184.0 119372.0
37105.0 119126.0

18092.0 122415.0
18545.0 122118.0
18596.0 122029.0
18615.0 121763.0
19112.0 121570.0
19912.0 121515.0
21266.0 121514.0
21342.0 121034.0
21657.0 121033.0
21689.0 120959.0
21708.0 120821.0
24016.0 120763.0
24516.0 120672.0
24592.0 120364.0
24782.0 120161.0
25513.0 119662.0
28763.0 119130.0


