18092.0 124956.0
18545.0 122979.0
18615.0 122133.0
19146.0 122058.0
19471.0 122034.0
19946.0 121923.0
20387.0 121916.0
20766.0 121889.0
20838.0 121886.0
21266.0 121496.0
21342.0 120801.0
21708.0 120691.0
24516.0 120641.0
24592.0 120479.0
24801.0 120237.0
24820.0 120224.0
25513.0 119950.0
27062.0 119856.0
27266.0 119849.0
27766.0 119824.0
27862.0 119773.0
28763.0 119618.0
30516.0 119600.0
31016.0 119592.0
31937.0 119541.0
32013.0 118971.0
35263.0 118956.0
36108.0 118879.0
36184.0 118625.0
39358.0 118548.0
39434.0 118372.0
42608.0 118371.0
42684.0 118178.0
45858.0 118177.0
46779.0 118124.0
46855.0 118057.0
50105.0 117930.0

17923.0 141265.0
18092.0 124113.0
18545.0 123897.0
18596.0 122304.0
18615.0 122019.0
21266.0 121905.0
21342.0 120966.0
21708.0 120809.0
24516.0 120806.0
24592.0 120534.0
24801.0 120525.0
24820.0 120411.0
27842.0 120410.0
27862.0 120360.0
27913.0 120271.0
28763.0 119672.0
31937.0 119650.0
32013.0 119428.0
36184.0 118707.0
39434.0 118695.0

17923.0 141265.0
18092.0 123417.0
18526.0 123288.0
18545.0 122806.0
18596.0 122304.0
18615.0 122019.0
20345.0 121981.0
21266.0 121905.0
21342.0 120966.0
21708.0 120809.0
24016.0 120784.0
24592.0 120534.0
24801.0 120525.0
24820.0 120411.0
25513.0 120316.0
27766.0 120285.0
27913.0 120265.0
28763.0 119672.0
31937.0 119650.0
32013.0 119428.0
36184.0 118707.0
39434.0 118695.0

17923.0 141265.0
18092.0 123451.0
18526.0 123061.0
18545.0 122775.0
18596.0 122304.0
18615.0 122019.0
19912.0 121922.0
20345.0 121897.0
20387.0 121759.0
21342.0 120861.0
21708.0 120772.0
24516.0 120746.0
24592.0 120446.0
24820.0 120411.0
27766.0 120175.0
28763.0 119672.0
31937.0 119650.0
32013.0 119428.0
36184.0 118707.0
39434.0 118695.0

17923.0 141265.0
18092.0 123417.0
18526.0 123288.0
18545.0 122806.0
18596.0 122304.0
18615.0 121813.0
19112.0 121802.0
19912.0 121620.0
21266.0 121577.0
21342.0 120966.0
21708.0 120606.0
24592.0 120534.0
24801.0 120525.0
24820.0 120411.0
25513.0 120316.0
27913.0 120265.0
28763.0 119672.0
31937.0 119650.0
32013.0 119428.0
36184.0 118707.0
39434.0 118695.0

17923.0 141265.0
17996.0 130844.0
18092.0 122410.0
18545.0 122355.0
18596.0 121996.0
18615.0 121832.0
20345.0 121829.0
20387.0 121759.0
21342.0 120861.0
21708.0 120649.0
24516.0 120623.0
24592.0 120476.0
24801.0 120387.0
24820.0 120264.0
27766.0 120175.0
28763.0 119672.0
31937.0 119650.0
32013.0 119428.0
36184.0 118707.0
39434.0 118695.0

17923.0 141265.0
18092.0 123417.0
18526.0 123050.0
18545.0 122806.0
18596.0 122028.0
18615.0 122019.0
19946.0 121956.0
21266.0 121905.0
21342.0 120966.0
21708.0 120809.0
24016.0 120784.0
24592.0 120446.0
24820.0 120395.0
27766.0 120175.0
28763.0 119672.0
31937.0 119650.0
32013.0 119428.0
36184.0 118707.0
39434.0 118695.0

17923.0 141265.0
18092.0 123482.0
18526.0 123150.0
18545.0 122749.0
18596.0 122189.0
18615.0 121924.0
19112.0 121913.0
19587.0 121889.0
19912.0 121731.0
21266.0 121688.0
21342.0 120966.0
21689.0 120911.0
21708.0 120742.0
24592.0 120446.0
24820.0 120395.0
25513.0 120339.0
27766.0 120175.0
28763.0 119672.0
31937.0 119650.0
32013.0 119403.0
36184.0 118707.0
39434.0 118695.0

17923.0 141265.0
18092.0 124113.0
18545.0 123897.0
18596.0 122028.0
18615.0 121809.0
19946.0 121785.0
20345.0 121743.0
20387.0 121721.0
21266.0 121718.0
21342.0 120966.0
21708.0 120782.0
24016.0 120580.0
24592.0 120446.0
24801.0 120432.0
24820.0 120381.0
25513.0 120210.0
27766.0 120175.0
27913.0 120048.0
28763.0 119400.0
32013.0 119341.0
36184.0 118707.0
39434.0 118695.0

17923.0 141265.0
18092.0 123168.0
18545.0 123089.0
18596.0 122304.0
18615.0 122019.0
20345.0 121911.0
21266.0 121905.0
21342.0 120966.0
21708.0 120809.0
24516.0 120667.0
24592.0 120345.0
24782.0 120319.0
24820.0 120264.0
25513.0 119925.0
28763.0 119672.0
31937.0 119650.0
32013.0 119403.0
36184.0 118707.0
39434.0 118695.0

17923.0 141265.0
18092.0 122645.0
18545.0 122623.0
18596.0 121871.0
19146.0 121750.0
19912.0 121680.0
19946.0 121586.0
21266.0 121585.0
21342.0 120966.0
21638.0 120930.0
21689.0 120754.0
21708.0 120576.0
24440.0 120575.0
24592.0 120281.0
24801.0 120125.0
25513.0 119638.0
28763.0 118998.0
36184.0 118707.0
39434.0 118695.0


