23445.0 245966.0
24937.0 221833.0
25513.0 220212.0
32934.0 218893.0

22263.0 254973.0
22950.0 248769.0
23350.0 246820.0
24176.0 239842.0
27166.0 238466.0
29155.0 237717.0
30737.0 237688.0

22263.0 254973.0
22950.0 248769.0
23350.0 246820.0
24176.0 239842.0
27166.0 238466.0
29155.0 237717.0
30737.0 237688.0

22263.0 254973.0
22950.0 248769.0
23350.0 246820.0
24176.0 239842.0
27166.0 238466.0
29155.0 237717.0
30737.0 237688.0

22263.0 254973.0
22950.0 248769.0
23350.0 246820.0
24176.0 239842.0
27166.0 238466.0
29155.0 237717.0
30737.0 237688.0

22263.0 254973.0
22950.0 248769.0
23350.0 246820.0
24176.0 239842.0
27166.0 238466.0
29155.0 237717.0
30737.0 237688.0

22263.0 254973.0
22950.0 248769.0
23350.0 246820.0
24176.0 239842.0
27166.0 238466.0
29155.0 237717.0
30737.0 237688.0

22263.0 254973.0
22950.0 248769.0
23350.0 246820.0
24176.0 239842.0
27166.0 238466.0
29155.0 237717.0
30737.0 237688.0

22263.0 254973.0
22950.0 248769.0
23350.0 246820.0
24176.0 239842.0
27166.0 238466.0
29155.0 237717.0
30737.0 237688.0

22263.0 254973.0
22950.0 248769.0
23350.0 246820.0
24176.0 239842.0
27166.0 238466.0
29155.0 237717.0
30737.0 237688.0

22263.0 254973.0
22950.0 248769.0
23350.0 246820.0
24176.0 239842.0
27166.0 238466.0
29155.0 237717.0
30737.0 237688.0


