18092.0 123648.0
18526.0 122655.0
18596.0 122512.0
18671.0 122291.0
19471.0 122251.0
19912.0 122249.0
19946.0 122225.0
21190.0 122224.0
21266.0 122077.0
21342.0 121317.0
21708.0 120701.0
24592.0 119810.0
24820.0 119760.0
27766.0 119759.0
27842.0 119587.0
28763.0 119322.0
32013.0 119011.0
35263.0 118948.0
36184.0 118887.0
39434.0 118679.0

18092.0 124740.0
18447.0 124038.0
18596.0 121398.0
21266.0 121355.0
21342.0 120841.0
21708.0 120434.0
24592.0 120104.0
25513.0 120043.0
28687.0 119929.0
28763.0 119761.0
32013.0 119515.0
39434.0 119454.0
40355.0 119224.0

18092.0 124740.0
18447.0 124038.0
18596.0 121398.0
19912.0 121374.0
21266.0 121331.0
21342.0 120834.0
21708.0 120410.0
24592.0 120080.0
25513.0 120043.0
28687.0 119929.0
28763.0 119737.0
32013.0 119491.0
36184.0 119481.0
39434.0 119326.0
40355.0 119224.0
43605.0 119108.0

18092.0 123585.0
18596.0 121398.0
19912.0 121374.0
21266.0 121349.0
21342.0 120841.0
21708.0 120434.0
24592.0 120104.0
25513.0 120043.0
28687.0 119929.0
28763.0 119761.0
32013.0 119478.0
39434.0 119454.0
40355.0 119224.0

18092.0 124740.0
18447.0 124038.0
18596.0 121369.0
19912.0 121337.0
21266.0 121331.0
21342.0 120834.0
21708.0 120410.0
24592.0 120080.0
25513.0 119885.0
28763.0 119574.0
31937.0 119553.0
32013.0 119412.0
32934.0 119341.0
36184.0 119225.0
40355.0 119224.0

18092.0 124327.0
18447.0 123985.0
18545.0 123678.0
18596.0 121398.0
19112.0 121378.0
20345.0 121353.0
21266.0 121264.0
21342.0 120841.0
21708.0 120434.0
24592.0 120104.0
25513.0 120018.0
28687.0 119929.0
28763.0 119731.0
32013.0 119515.0
39434.0 119454.0
40355.0 119224.0

18092.0 124740.0
18447.0 124038.0
18596.0 121398.0
19912.0 121374.0
21266.0 121331.0
21342.0 120834.0
21708.0 120410.0
24516.0 120385.0
24592.0 120080.0
25513.0 120043.0
28687.0 119929.0
28763.0 119737.0
32013.0 119491.0
36184.0 119419.0
40355.0 119224.0

18092.0 124740.0
18447.0 124038.0
18596.0 121258.0
19912.0 121210.0
21342.0 120834.0
21708.0 120410.0
24516.0 120385.0
24592.0 120080.0
25513.0 119888.0
28763.0 119737.0
32013.0 119491.0
32934.0 119317.0
40355.0 119224.0

18092.0 124740.0
18447.0 124038.0
18596.0 121385.0
19912.0 121350.0
21266.0 121308.0
21342.0 120834.0
21708.0 120410.0
24516.0 120385.0
24592.0 120080.0
25513.0 119932.0
27894.0 119918.0
28687.0 119880.0
28763.0 119670.0
32013.0 119491.0
32934.0 119427.0
36184.0 119361.0
40355.0 119224.0

18092.0 124291.0
18447.0 124038.0
18596.0 121398.0
21266.0 121355.0
21342.0 120841.0
21708.0 120434.0
24592.0 120104.0
25513.0 120018.0
28687.0 119929.0
28763.0 119738.0
32013.0 119515.0
32934.0 119507.0
36184.0 119423.0
39434.0 119387.0
40355.0 119224.0

18092.0 124740.0
18447.0 124038.0
18596.0 121398.0
19912.0 121374.0
21266.0 121331.0
21342.0 120834.0
21708.0 120410.0
24592.0 120080.0
25513.0 119525.0
28763.0 119177.0
32934.0 118954.0
43605.0 118852.0


