16816.0 42697.0
16990.0 41633.0
17345.0 41471.0
17516.0 41238.0
18092.0 40531.0
18545.0 40514.0
18596.0 40418.0
19912.0 40378.0
21266.0 40375.0
21342.0 40169.0
21708.0 40080.0
25513.0 39952.0
28763.0 39737.0
32013.0 39678.0
32934.0 39630.0
36184.0 39528.0
39434.0 39445.0

16816.0 42697.0
16990.0 41633.0
17345.0 41471.0
17516.0 41238.0
18092.0 40531.0
18545.0 40514.0
18596.0 40418.0
19912.0 40378.0
21266.0 40375.0
21342.0 40169.0
21708.0 40080.0
25513.0 39952.0
28763.0 39737.0
32013.0 39678.0
32934.0 39630.0
36184.0 39528.0
39434.0 39445.0

16816.0 42697.0
16990.0 41633.0
17345.0 41471.0
17516.0 41238.0
18092.0 40531.0
18545.0 40514.0
18596.0 40418.0
19912.0 40378.0
21266.0 40375.0
21342.0 40169.0
21708.0 40080.0
25513.0 39952.0
28763.0 39737.0
32013.0 39678.0
32934.0 39630.0
36184.0 39528.0
39434.0 39445.0

16816.0 42697.0
16990.0 41633.0
17345.0 41471.0
17516.0 41238.0
18092.0 40531.0
18545.0 40514.0
18596.0 40418.0
19912.0 40378.0
21266.0 40375.0
21342.0 40169.0
21708.0 40080.0
25513.0 39952.0
28763.0 39737.0
32013.0 39678.0
32934.0 39630.0
36184.0 39528.0
39434.0 39445.0

16816.0 42697.0
16990.0 41633.0
17345.0 41471.0
17516.0 41238.0
18092.0 40531.0
18545.0 40514.0
18596.0 40418.0
19912.0 40378.0
21266.0 40375.0
21342.0 40169.0
21708.0 40080.0
25513.0 39952.0
28763.0 39737.0
32013.0 39678.0
32934.0 39630.0
36184.0 39528.0
39434.0 39445.0

16816.0 42697.0
16990.0 41633.0
17345.0 41471.0
17516.0 41238.0
18092.0 40531.0
18545.0 40514.0
18596.0 40418.0
19912.0 40378.0
21266.0 40375.0
21342.0 40169.0
21708.0 40080.0
25513.0 39952.0
28763.0 39737.0
32013.0 39678.0
32934.0 39630.0
36184.0 39528.0
39434.0 39445.0

16816.0 42697.0
16990.0 41633.0
17345.0 41471.0
17516.0 41238.0
18092.0 40531.0
18545.0 40514.0
18596.0 40418.0
19912.0 40378.0
21266.0 40375.0
21342.0 40169.0
21708.0 40080.0
25513.0 39952.0
28763.0 39737.0
32013.0 39678.0
32934.0 39630.0
36184.0 39528.0
39434.0 39445.0

16816.0 42697.0
16990.0 41633.0
17345.0 41471.0
17516.0 41238.0
18092.0 40531.0
18545.0 40514.0
18596.0 40418.0
19912.0 40378.0
21266.0 40375.0
21342.0 40169.0
21708.0 40080.0
25513.0 39952.0
28763.0 39737.0
32013.0 39678.0
32934.0 39630.0
36184.0 39528.0
39434.0 39445.0

16816.0 42697.0
16990.0 41633.0
17345.0 41471.0
17516.0 41238.0
18092.0 40531.0
18545.0 40514.0
18596.0 40418.0
19912.0 40378.0
21266.0 40375.0
21342.0 40169.0
21708.0 40080.0
25513.0 39952.0
28763.0 39737.0
32013.0 39678.0
32934.0 39630.0
36184.0 39528.0
39434.0 39445.0

16816.0 42697.0
16990.0 41633.0
17345.0 41471.0
17516.0 41238.0
18092.0 40531.0
18545.0 40514.0
18596.0 40418.0
19912.0 40378.0
21266.0 40375.0
21342.0 40169.0
21708.0 40080.0
25513.0 39952.0
28763.0 39737.0
32013.0 39678.0
32934.0 39630.0
36184.0 39528.0
39434.0 39445.0

16816.0 42697.0
16990.0 41633.0
17345.0 41471.0
17516.0 41238.0
18092.0 40531.0
18545.0 40514.0
18596.0 40418.0
19912.0 40378.0
21266.0 40375.0
21342.0 40169.0
21708.0 40080.0
25513.0 39952.0
28763.0 39737.0
32013.0 39678.0
32934.0 39630.0
36184.0 39528.0
39434.0 39445.0


