18016.0 126090.0
18092.0 125274.0
18596.0 124165.0
18615.0 121953.0
19912.0 121725.0
20345.0 121722.0
21266.0 121721.0
21342.0 120335.0
21708.0 120244.0
24516.0 120241.0
24592.0 120186.0
24801.0 120113.0
25513.0 119810.0
28687.0 119789.0
28763.0 119197.0
31937.0 119193.0
32013.0 119012.0
32934.0 118830.0
35263.0 118813.0
36184.0 118517.0
39434.0 118253.0
40355.0 118122.0
43605.0 117850.0
46855.0 117778.0

18092.0 123114.0
18596.0 122098.0
21266.0 122073.0
21342.0 121500.0
21708.0 121055.0
24592.0 120863.0
24750.0 120498.0
24801.0 120497.0
25513.0 120154.0
28763.0 119908.0
32013.0 119817.0
32934.0 119668.0
36184.0 119623.0

18092.0 123114.0
18596.0 122098.0
18615.0 122019.0
19471.0 121913.0
19587.0 121808.0
19912.0 121768.0
20766.0 121753.0
21342.0 121099.0
21638.0 120857.0
24592.0 120614.0
24750.0 120432.0
25513.0 120154.0
28763.0 119908.0
32013.0 119817.0
32934.0 119620.0
36184.0 119411.0
39434.0 119184.0

18092.0 123114.0
18596.0 122098.0
18615.0 121762.0
21266.0 121737.0
21342.0 121352.0
21638.0 121083.0
21708.0 120898.0
24592.0 120743.0
24750.0 120432.0
25513.0 120154.0
28763.0 119908.0
32013.0 119817.0
32934.0 119668.0
36184.0 119482.0

18092.0 123114.0
18545.0 122568.0
18596.0 121350.0
19912.0 121278.0
21266.0 121277.0
21342.0 120935.0
21708.0 120934.0
22263.0 120901.0
24592.0 120601.0
24750.0 120498.0
24801.0 120497.0
25513.0 119954.0
28763.0 119742.0
32013.0 119544.0
32934.0 119511.0
36184.0 119482.0

18092.0 122900.0
18596.0 121350.0
19912.0 121278.0
21342.0 120911.0
21708.0 120599.0
24516.0 120596.0
24592.0 120451.0
24820.0 120400.0
25513.0 120154.0
28763.0 119858.0
32013.0 119817.0
32934.0 119668.0
36184.0 119482.0

18092.0 123114.0
18596.0 122098.0
18615.0 122046.0
20766.0 121897.0
20838.0 121782.0
21266.0 121663.0
21342.0 121259.0
21638.0 121059.0
21708.0 120898.0
24592.0 120719.0
24750.0 120432.0
25513.0 120154.0
28763.0 119784.0
32013.0 119444.0
36184.0 119434.0
39434.0 119396.0

18092.0 122900.0
18596.0 121585.0
19912.0 121561.0
20838.0 121522.0
21266.0 121521.0
21342.0 121206.0
21708.0 121055.0
24592.0 120719.0
24750.0 120432.0
25513.0 120154.0
28763.0 119908.0
32013.0 119655.0
32934.0 119620.0
36184.0 119482.0
39434.0 119118.0

18092.0 123114.0
18596.0 121478.0
19912.0 121406.0
21342.0 121258.0
21638.0 121059.0
21708.0 120898.0
24592.0 120719.0
24750.0 120432.0
25513.0 120154.0
28763.0 119908.0
32013.0 119682.0
32934.0 119620.0
36184.0 119482.0

18092.0 122900.0
18596.0 121478.0
19912.0 121406.0
21342.0 121259.0
21708.0 121055.0
24592.0 120779.0
24750.0 120498.0
24801.0 120497.0
25513.0 120148.0
28763.0 119908.0
32013.0 119682.0
32934.0 119620.0
36184.0 119482.0
39434.0 119437.0

18092.0 122226.0
18596.0 121838.0
21266.0 121814.0
21342.0 120928.0
21638.0 120911.0
21708.0 120700.0
24592.0 120442.0
24750.0 120432.0
24801.0 120302.0
25513.0 119967.0
28687.0 119732.0
28763.0 119270.0
32934.0 118902.0
36184.0 118807.0
43529.0 118450.0
46779.0 118382.0


