16475.0 44762.0
16515.0 42411.0
16816.0 41687.0
16956.0 41576.0
16990.0 41396.0
17516.0 41164.0
17745.0 41162.0
18016.0 41101.0
18092.0 40466.0
18545.0 40444.0
18596.0 40337.0
19912.0 40313.0
21266.0 40310.0
21342.0 40064.0
21708.0 39975.0
24516.0 39972.0
24592.0 39915.0
25513.0 39758.0
27894.0 39757.0
28687.0 39755.0
28763.0 39631.0
31937.0 39628.0
32013.0 39572.0
32934.0 39511.0
36108.0 39510.0
36184.0 39385.0
39358.0 39384.0
39434.0 39326.0
40355.0 39278.0
43605.0 39152.0
46855.0 39093.0

16290.0 44726.0
16495.0 44663.0
16515.0 41688.0
16595.0 41293.0
17095.0 41194.0
17171.0 40805.0
18092.0 40466.0
18545.0 40444.0
18596.0 40337.0
19912.0 40313.0
21266.0 40310.0
21342.0 40064.0
21708.0 39975.0
24516.0 39972.0
24592.0 39915.0
25513.0 39758.0
28763.0 39632.0
32013.0 39572.0
32934.0 39512.0
36184.0 39399.0
42608.0 39323.0
43605.0 39193.0
51026.0 39111.0

16290.0 44726.0
16495.0 44663.0
16515.0 41688.0
16595.0 41293.0
17095.0 41194.0
17171.0 40805.0
18092.0 40466.0
18545.0 40444.0
18596.0 40337.0
19912.0 40313.0
21266.0 40310.0
21342.0 40064.0
21708.0 39975.0
24516.0 39972.0
24592.0 39915.0
25513.0 39758.0
28763.0 39631.0
32013.0 39572.0
32934.0 39512.0
36184.0 39399.0
39434.0 39326.0
42608.0 39323.0
43605.0 39193.0
51026.0 39111.0

16290.0 44565.0
16495.0 44502.0
16515.0 41576.0
16595.0 41293.0
17095.0 41082.0
17171.0 40805.0
18092.0 40466.0
18545.0 40444.0
18596.0 40337.0
19912.0 40313.0
21266.0 40310.0
21342.0 40064.0
21708.0 39975.0
24516.0 39972.0
24592.0 39915.0
24820.0 39884.0
25513.0 39758.0
27894.0 39757.0
28763.0 39631.0
32013.0 39572.0
32934.0 39512.0
36184.0 39386.0
42608.0 39323.0
43605.0 39193.0
51026.0 39111.0

16290.0 44726.0
16495.0 44663.0
16515.0 41576.0
16595.0 41293.0
17095.0 41082.0
17171.0 40805.0
18092.0 40466.0
18545.0 40444.0
18596.0 40337.0
19912.0 40313.0
21266.0 40310.0
21342.0 40064.0
21708.0 39975.0
24516.0 39972.0
24592.0 39915.0
25513.0 39758.0
28763.0 39632.0
32013.0 39572.0
32934.0 39512.0
36184.0 39399.0
39434.0 39326.0
42608.0 39323.0
43605.0 39193.0
51026.0 39111.0

16290.0 44726.0
16495.0 44663.0
16515.0 41576.0
16595.0 41293.0
17095.0 41082.0
17171.0 40805.0
18092.0 40466.0
18545.0 40444.0
18596.0 40337.0
19912.0 40313.0
21266.0 40310.0
21342.0 40064.0
21708.0 39975.0
24516.0 39972.0
24592.0 39915.0
25513.0 39758.0
27894.0 39757.0
28763.0 39632.0
32013.0 39572.0
32934.0 39512.0
36184.0 39386.0
39434.0 39339.0
42608.0 39323.0
43605.0 39193.0
50029.0 39090.0

16290.0 44726.0
16495.0 44663.0
16515.0 41576.0
16595.0 41293.0
17095.0 41082.0
17171.0 40805.0
18092.0 40466.0
18545.0 40444.0
18596.0 40337.0
19912.0 40313.0
21266.0 40310.0
21342.0 40064.0
21708.0 39975.0
24516.0 39972.0
24592.0 39915.0
25513.0 39758.0
27894.0 39757.0
28763.0 39632.0
32013.0 39572.0
32934.0 39512.0
36184.0 39399.0
39434.0 39326.0
42608.0 39323.0
43605.0 39193.0
51026.0 39111.0

16023.0 45907.0
16290.0 44726.0
16495.0 44663.0
16515.0 41576.0
16595.0 41293.0
17095.0 41082.0
17171.0 40805.0
18092.0 40466.0
18545.0 40444.0
18596.0 40337.0
19912.0 40313.0
21266.0 40310.0
21342.0 40064.0
21708.0 39975.0
24516.0 39972.0
24592.0 39915.0
25513.0 39758.0
27894.0 39757.0
28763.0 39631.0
32013.0 39572.0
32934.0 39512.0
36184.0 39399.0
39434.0 39326.0
42608.0 39323.0
43605.0 39193.0
51026.0 39111.0

16290.0 44726.0
16495.0 44663.0
16515.0 41576.0
16595.0 41293.0
17095.0 41082.0
17171.0 40805.0
18092.0 40466.0
18545.0 40444.0
18596.0 40337.0
19912.0 40313.0
21266.0 40310.0
21342.0 40064.0
21708.0 39975.0
24516.0 39972.0
24592.0 39915.0
25513.0 39758.0
27894.0 39757.0
28763.0 39631.0
32013.0 39572.0
32934.0 39512.0
36184.0 39399.0
39434.0 39326.0
42608.0 39323.0
43605.0 39193.0
51026.0 39111.0

16290.0 44726.0
16495.0 44663.0
16515.0 41515.0
16595.0 41120.0
17095.0 41021.0
17171.0 40805.0
18092.0 40466.0
18545.0 40444.0
18596.0 40337.0
19912.0 40313.0
21266.0 40310.0
21342.0 40064.0
21708.0 39975.0
24516.0 39972.0
24592.0 39915.0
24820.0 39884.0
25513.0 39758.0
28763.0 39631.0
31937.0 39630.0
32013.0 39572.0
32934.0 39512.0
36184.0 39386.0
42608.0 39323.0
43605.0 39193.0
51026.0 39111.0

16023.0 43355.0
16156.0 42174.0
16515.0 41328.0
16595.0 41096.0
17095.0 41015.0
17171.0 40744.0
18092.0 40466.0
18545.0 40444.0
18596.0 40337.0
19912.0 40313.0
21266.0 40310.0
21342.0 40064.0
21708.0 39975.0
24516.0 39972.0
24592.0 39915.0
24820.0 39865.0
25513.0 39758.0
27894.0 39757.0
28687.0 39755.0
28763.0 39631.0
31937.0 39629.0
32013.0 39572.0
32934.0 39512.0
36108.0 39509.0
36184.0 39385.0
39358.0 39383.0
39434.0 39327.0
40355.0 39279.0
43605.0 39153.0
46855.0 39093.0
51026.0 39071.0


