23899.0 230371.0
24016.0 222760.0
24516.0 221741.0
24913.0 220186.0
27894.0 216964.0

22263.0 249845.0
24237.0 236585.0
25513.0 230258.0
29155.0 229530.0
32934.0 228296.0

22263.0 249845.0
24237.0 236585.0
25513.0 230258.0
29155.0 229530.0
32934.0 228296.0

22263.0 249845.0
24237.0 236585.0
25513.0 230258.0
29155.0 229530.0
32934.0 228296.0

22263.0 249845.0
24237.0 236585.0
25513.0 230258.0
29155.0 229530.0
32934.0 228296.0

22263.0 249845.0
24237.0 236585.0
25513.0 230258.0
29155.0 229530.0
32934.0 228296.0

22263.0 249845.0
24237.0 236585.0
25513.0 230258.0
29155.0 229530.0
32934.0 228296.0

22263.0 249845.0
24237.0 236585.0
25513.0 230258.0
29155.0 229530.0
32934.0 228296.0

22263.0 249845.0
24237.0 236585.0
25513.0 230258.0
29155.0 229530.0
32934.0 228296.0

22263.0 249845.0
24237.0 236585.0
25513.0 230258.0
29155.0 229530.0
32934.0 228296.0

22263.0 249845.0
24237.0 236585.0
25513.0 230258.0
29155.0 229530.0
32934.0 228296.0


