17736.0 126278.0
17745.0 125796.0
18016.0 125489.0
18092.0 122927.0
18545.0 122829.0
18615.0 121657.0
19946.0 121479.0
21342.0 120859.0
21708.0 120768.0
22263.0 120293.0
24516.0 120292.0
25437.0 120290.0
25513.0 119749.0
27894.0 119720.0
27913.0 119718.0
28763.0 119183.0
31937.0 119091.0
32013.0 119007.0
36184.0 118382.0
39358.0 118376.0
43605.0 118110.0

18092.0 125194.0
18447.0 124084.0
18545.0 123292.0
18596.0 121891.0
21266.0 121848.0
21342.0 121305.0
21708.0 121093.0
24016.0 120960.0
24516.0 120959.0
25513.0 120284.0
27792.0 120259.0
28187.0 120241.0
28763.0 119974.0
32013.0 119938.0
32934.0 119767.0
36184.0 119482.0
39434.0 119465.0

18092.0 125194.0
18447.0 124084.0
18545.0 123292.0
18596.0 121891.0
19946.0 121820.0
21266.0 121640.0
21342.0 121187.0
21708.0 120975.0
24016.0 120960.0
24516.0 120959.0
24592.0 120937.0
24801.0 120801.0
25513.0 120284.0
27792.0 120259.0
28187.0 120241.0
28763.0 119974.0
32013.0 119905.0
32934.0 119767.0
36184.0 119482.0
39434.0 119465.0

18092.0 124258.0
18447.0 124084.0
18545.0 123292.0
18596.0 121722.0
19112.0 121656.0
19912.0 121632.0
21266.0 121612.0
21342.0 120876.0
21708.0 120634.0
24801.0 120484.0
25513.0 120081.0
28763.0 119762.0
32934.0 119557.0
36184.0 119474.0
39434.0 119348.0

18092.0 125194.0
18447.0 124084.0
18545.0 123292.0
18596.0 121549.0
19912.0 121461.0
21266.0 121460.0
21342.0 120678.0
21708.0 120665.0
24592.0 120469.0
24801.0 120266.0
25513.0 120080.0
28763.0 119478.0
36184.0 119327.0

17492.0 128743.0
18056.0 128497.0
18092.0 123409.0
18545.0 122607.0
18596.0 121538.0
19471.0 121520.0
19912.0 121480.0
21266.0 121476.0
21342.0 120789.0
21708.0 120556.0
24516.0 120483.0
24801.0 120155.0
27913.0 120140.0
28763.0 119829.0
32934.0 119495.0
36184.0 119234.0

18092.0 123740.0
18545.0 123292.0
18596.0 121891.0
19146.0 121834.0
19912.0 121794.0
19946.0 121754.0
20387.0 121643.0
21266.0 121640.0
21342.0 120856.0
21657.0 120644.0
24820.0 120593.0
25513.0 120284.0
27792.0 120259.0
27843.0 120171.0
28763.0 119921.0
32013.0 119769.0
32934.0 119412.0
36184.0 119376.0

18016.0 131316.0
18092.0 122933.0
18545.0 122835.0
18596.0 121698.0
21266.0 121618.0
21342.0 120857.0
21657.0 120685.0
24516.0 120567.0
24592.0 120511.0
24801.0 120310.0
25513.0 120054.0
28763.0 119566.0
32013.0 119522.0
36108.0 119461.0
36184.0 119120.0

18092.0 125194.0
18447.0 124084.0
18545.0 123292.0
18596.0 121891.0
19146.0 121810.0
19912.0 121562.0
21342.0 120696.0
21657.0 120685.0
21708.0 120322.0
24516.0 120314.0
25513.0 120244.0
27843.0 120171.0
28687.0 120116.0
28763.0 119722.0
32934.0 119412.0
36184.0 119376.0

17996.0 130689.0
18092.0 122933.0
18545.0 122607.0
18596.0 121536.0
19112.0 121438.0
19912.0 121303.0
21342.0 120857.0
21657.0 120723.0
21708.0 120511.0
24592.0 120499.0
24801.0 120406.0
25513.0 120179.0
27843.0 120171.0
28763.0 119869.0
32013.0 119724.0
32934.0 119497.0
36184.0 119376.0
39434.0 119341.0

18092.0 123504.0
18447.0 123388.0
18545.0 122882.0
18596.0 121550.0
21342.0 120708.0
21657.0 120615.0
21708.0 120473.0
24592.0 120443.0
24801.0 120261.0
25513.0 119899.0
28763.0 119154.0
32934.0 119018.0
36184.0 118921.0
43605.0 118819.0


