20857.0 225903.0
21342.0 223687.0
23950.0 223185.0
26443.0 222316.0
31937.0 221523.0

23899.0 258173.0
24801.0 252108.0
25286.0 245232.0
25392.0 245194.0
26443.0 244256.0
27966.0 242564.0
29536.0 237577.0
29995.0 235431.0
31658.0 231027.0
33197.0 230139.0
36011.0 226434.0

23899.0 258173.0
24801.0 252108.0
25286.0 245232.0
25392.0 245194.0
26443.0 244256.0
27966.0 242564.0
29536.0 237577.0
29995.0 235431.0
31658.0 231027.0
33197.0 230139.0
36011.0 226434.0

23899.0 258173.0
24801.0 252108.0
25286.0 245232.0
25392.0 245194.0
26443.0 244256.0
27966.0 242564.0
29536.0 237577.0
29995.0 235431.0
31658.0 231027.0
33197.0 230139.0
36011.0 226434.0

23899.0 258173.0
24801.0 252108.0
25286.0 245232.0
25392.0 245194.0
26443.0 244256.0
27966.0 242564.0
29536.0 237577.0
29995.0 235431.0
31658.0 231027.0
33197.0 230139.0
36011.0 226434.0

23899.0 258173.0
24801.0 252108.0
25286.0 245232.0
25392.0 245194.0
26443.0 244256.0
27966.0 242564.0
29536.0 237577.0
29995.0 235431.0
31658.0 231027.0
33197.0 230139.0
36011.0 226434.0

23899.0 258173.0
24801.0 252108.0
25286.0 245232.0
25392.0 245194.0
26443.0 244256.0
27966.0 242564.0
29536.0 237577.0
29995.0 235431.0
31658.0 231027.0
33197.0 230139.0
36011.0 226434.0

23899.0 258173.0
24801.0 252108.0
25286.0 245232.0
25392.0 245194.0
26443.0 244256.0
27966.0 242564.0
29536.0 237577.0
29995.0 235431.0
31658.0 231027.0
33197.0 230139.0
36011.0 226434.0

23899.0 258173.0
24801.0 252108.0
25286.0 245232.0
25392.0 245194.0
25513.0 239377.0
29536.0 233290.0
31658.0 231027.0
33197.0 230139.0
36011.0 226434.0

23899.0 258173.0
24801.0 252108.0
25286.0 245232.0
25392.0 245194.0
26443.0 244256.0
27966.0 242564.0
29536.0 237577.0
29995.0 235431.0
31658.0 231027.0
33197.0 230139.0
36011.0 226434.0

23899.0 258173.0
24801.0 252108.0
25286.0 245232.0
25392.0 245194.0
26443.0 244256.0
27966.0 242564.0
29536.0 237577.0
29995.0 235431.0
31658.0 231027.0
33197.0 230139.0
36011.0 226434.0


