18596.0 209486.0
18623.0 208962.0
18922.0 207280.0
19146.0 207275.0
19821.0 206651.0
19946.0 205620.0
20421.0 204643.0
21266.0 204627.0
21342.0 202822.0
21708.0 202567.0
22263.0 202449.0
24516.0 202323.0
24592.0 202216.0
24801.0 201976.0
24820.0 201276.0
25437.0 201089.0
25513.0 200439.0
27266.0 200277.0
27842.0 200186.0
27894.0 200081.0
28687.0 199893.0
28763.0 199632.0
31437.0 199630.0
31937.0 199506.0
32013.0 199079.0
35111.0 198990.0
36108.0 198910.0
36184.0 198338.0
39358.0 198120.0
39434.0 197823.0
43605.0 197234.0
46779.0 197065.0
51026.0 196832.0

18615.0 208067.0
18671.0 207346.0
20421.0 207177.0
20838.0 204586.0
21266.0 204394.0
21342.0 203822.0
22263.0 203272.0
22461.0 203053.0
24516.0 202949.0
24592.0 202677.0
24801.0 202458.0
24820.0 202304.0
28763.0 202135.0
36184.0 202098.0
39358.0 201786.0
39434.0 201361.0

18596.0 211901.0
18615.0 207997.0
18671.0 207346.0
20421.0 207177.0
20838.0 204586.0
21266.0 204394.0
21342.0 203822.0
21708.0 203706.0
22263.0 203259.0
22461.0 203053.0
24516.0 202949.0
24592.0 202677.0
24801.0 202458.0
24820.0 202304.0
28687.0 202144.0
28763.0 202135.0
30737.0 201552.0
36108.0 201005.0

18615.0 207583.0
18623.0 207578.0
18671.0 207346.0
19505.0 207332.0
19587.0 207183.0
20387.0 207154.0
20766.0 206801.0
20838.0 204457.0
21266.0 204394.0
21342.0 203822.0
21708.0 203818.0
22263.0 203272.0
22461.0 203053.0
24516.0 202949.0
24592.0 202677.0
24801.0 202458.0
24820.0 202304.0
28763.0 202042.0
33987.0 201986.0
36108.0 201822.0
39358.0 201786.0
39434.0 201361.0
51026.0 201252.0

18615.0 208067.0
18671.0 207346.0
20421.0 207177.0
20838.0 204586.0
21266.0 204394.0
21342.0 203822.0
22263.0 203221.0
22461.0 203053.0
23950.0 202856.0
24592.0 202677.0
24801.0 202458.0
24820.0 202304.0
25513.0 201851.0
27913.0 201766.0
28763.0 201731.0
30737.0 201552.0
36108.0 201023.0

18615.0 207188.0
19505.0 206711.0
19980.0 206619.0
20387.0 206377.0
20766.0 204656.0
20838.0 204457.0
21266.0 204394.0
21342.0 203822.0
22263.0 203183.0
22461.0 203053.0
24516.0 202949.0
24592.0 202677.0
24801.0 202458.0
24820.0 202304.0
28763.0 202107.0
29684.0 202054.0
32013.0 201811.0
39358.0 201786.0
39434.0 201361.0
51026.0 201252.0

18615.0 207997.0
18671.0 207346.0
20387.0 207317.0
20421.0 207177.0
20838.0 204586.0
21266.0 204394.0
21342.0 203822.0
21708.0 203791.0
22263.0 203271.0
22461.0 203053.0
23950.0 202811.0
24592.0 202659.0
24801.0 202458.0
24820.0 202304.0
25513.0 202110.0
28687.0 202070.0
28763.0 201310.0
30737.0 201227.0
32934.0 201143.0
36108.0 201070.0
36184.0 200629.0
40355.0 200342.0

18513.0 216085.0
18596.0 208394.0
18615.0 207997.0
18671.0 207346.0
19471.0 206735.0
19946.0 206634.0
20345.0 206609.0
20766.0 206015.0
20838.0 204457.0
21266.0 204394.0
21342.0 203822.0
21708.0 203479.0
22263.0 203211.0
22461.0 203053.0
23950.0 202811.0
24592.0 202516.0
24801.0 202458.0
24820.0 202304.0
25513.0 202097.0
28687.0 202014.0
28763.0 201307.0
30737.0 201224.0
36108.0 201070.0
36184.0 200677.0
40355.0 200342.0

18615.0 206966.0
20766.0 206693.0
20838.0 204586.0
21266.0 204394.0
21342.0 203372.0
22263.0 203271.0
22461.0 203053.0
23950.0 202811.0
24592.0 202659.0
24801.0 202458.0
24820.0 202304.0
25513.0 202110.0
28687.0 202070.0
28763.0 201310.0
30737.0 201227.0
32934.0 201143.0
36108.0 201070.0
36184.0 200629.0
40355.0 200342.0

18596.0 209914.0
18615.0 207237.0
19587.0 207183.0
20345.0 206973.0
20838.0 204421.0
21266.0 204358.0
21342.0 203355.0
21708.0 202985.0
23950.0 202811.0
24592.0 202659.0
24801.0 202270.0
25513.0 201827.0
28763.0 201522.0
36108.0 201070.0
36184.0 200806.0

18092.0 209909.0
18596.0 208747.0
18615.0 207486.0
18671.0 207346.0
19471.0 206265.0
19505.0 204321.0
19845.0 203430.0
20766.0 203422.0
21342.0 202976.0
21689.0 202401.0
24016.0 202269.0
24592.0 202114.0
24801.0 201947.0
25513.0 201746.0
27913.0 201054.0
32013.0 200943.0
32934.0 200490.0
34190.0 200117.0
35111.0 199014.0
35187.0 198859.0
38361.0 198813.0
41611.0 197785.0
49032.0 197005.0
50029.0 196902.0


