18092.0 127320.0
18447.0 126987.0
18545.0 124232.0
18596.0 121738.0
19112.0 121703.0
19912.0 121633.0
19946.0 121585.0
21266.0 121582.0
21342.0 120629.0
21657.0 120607.0
21708.0 120166.0
24516.0 120145.0
24592.0 119979.0
24820.0 119841.0
28763.0 119259.0
31937.0 119256.0
32013.0 119223.0
35187.0 119010.0
36184.0 118616.0

18092.0 125469.0
18545.0 123409.0
18615.0 122791.0
19146.0 122641.0
19946.0 122568.0
20838.0 122475.0
21266.0 122283.0
21342.0 121500.0
21708.0 121059.0
24592.0 120863.0
25513.0 120447.0
28763.0 120265.0
32013.0 119817.0
39434.0 119759.0

18092.0 125469.0
18545.0 123409.0
18615.0 122791.0
19146.0 122641.0
19505.0 122351.0
20387.0 122311.0
21266.0 122222.0
21342.0 121500.0
21708.0 121059.0
24592.0 120863.0
25513.0 120447.0
28763.0 120129.0
32013.0 119817.0
36184.0 119737.0
39434.0 119564.0

18092.0 125469.0
18545.0 123409.0
18615.0 122791.0
19112.0 122777.0
19146.0 122638.0
19946.0 122568.0
20838.0 122475.0
21266.0 122283.0
21342.0 121500.0
21708.0 121059.0
24592.0 120863.0
25513.0 120318.0
27894.0 120306.0
28763.0 120091.0
32013.0 119817.0
32934.0 119748.0
36184.0 119734.0

18092.0 125469.0
18545.0 123409.0
18596.0 122258.0
18615.0 121589.0
19912.0 121565.0
21266.0 121522.0
21342.0 120847.0
24592.0 120520.0
24801.0 120313.0
28763.0 120017.0
32013.0 119817.0
36184.0 119482.0

18092.0 125261.0
18545.0 123409.0
18596.0 122258.0
18615.0 122046.0
20857.0 121993.0
21266.0 121874.0
21342.0 121500.0
21657.0 121405.0
21708.0 121019.0
24592.0 120859.0
24820.0 120845.0
25513.0 120423.0
28763.0 120080.0
32013.0 119682.0
32934.0 119647.0
36184.0 119482.0

18092.0 125469.0
18545.0 123409.0
18596.0 122258.0
18615.0 122046.0
20766.0 121897.0
20838.0 121782.0
21266.0 121663.0
21342.0 121345.0
21708.0 121059.0
24592.0 120863.0
24750.0 120847.0
25513.0 120423.0
28763.0 119806.0
32013.0 119514.0
36184.0 119482.0
39434.0 119396.0

18092.0 125469.0
18545.0 123409.0
18596.0 122258.0
18615.0 122046.0
19112.0 122022.0
20857.0 121969.0
21266.0 121850.0
21342.0 121289.0
21708.0 121059.0
22263.0 120892.0
24592.0 120714.0
24750.0 120663.0
24801.0 120657.0
25513.0 120355.0
28763.0 119976.0
32013.0 119747.0
32934.0 119718.0
36184.0 119482.0
39434.0 119392.0

18092.0 125469.0
18545.0 123409.0
18596.0 122258.0
18615.0 121589.0
19912.0 121565.0
21266.0 121521.0
21342.0 121143.0
21657.0 121121.0
21708.0 120863.0
24516.0 120819.0
24801.0 120591.0
25513.0 120100.0
28687.0 120036.0
28763.0 119715.0
32013.0 119682.0
36184.0 119466.0
39434.0 119396.0
43605.0 119376.0

18092.0 125469.0
18545.0 123409.0
18596.0 122258.0
18615.0 122046.0
20766.0 121897.0
20838.0 121782.0
21266.0 121725.0
21342.0 121196.0
21689.0 121116.0
21708.0 120932.0
22263.0 120564.0
24516.0 120493.0
25513.0 120318.0
27862.0 120264.0
28763.0 119645.0
32934.0 119400.0
39434.0 119396.0

18092.0 124523.0
18545.0 123409.0
18596.0 121819.0
18615.0 121751.0
19112.0 121727.0
21266.0 121613.0
21342.0 120940.0
21708.0 120715.0
24592.0 120355.0
25513.0 120038.0
27894.0 119987.0
28763.0 119571.0
29684.0 119398.0
32934.0 119034.0
36184.0 118655.0
46779.0 118506.0
50105.0 118502.0


