23392.0 234634.0
23550.0 230385.0
24310.0 226326.0
24937.0 225452.0
25513.0 222833.0
28187.0 222409.0

24588.0 245464.0
26694.0 238000.0
27587.0 234216.0
29684.0 228874.0
30237.0 228745.0
31337.0 228431.0
35584.0 227483.0
35961.0 226098.0

24588.0 245464.0
26694.0 238000.0
27587.0 234216.0
29684.0 228874.0
30237.0 228745.0
31337.0 228431.0
35584.0 227483.0
35961.0 226098.0

24588.0 245464.0
26694.0 238000.0
27587.0 234216.0
29684.0 228874.0
30237.0 228745.0
31337.0 228431.0
35584.0 227483.0
35961.0 226098.0

24588.0 245464.0
26694.0 238000.0
27587.0 234216.0
29684.0 228874.0
30237.0 228745.0
31337.0 228431.0
35584.0 227483.0
35961.0 226098.0

24263.0 240928.0
24801.0 239547.0
26694.0 238000.0
27587.0 234216.0
29684.0 228874.0
30237.0 228745.0
31337.0 228431.0
35584.0 227483.0
35961.0 226098.0

24588.0 245464.0
26694.0 238000.0
27587.0 234216.0
29684.0 228874.0
30237.0 228745.0
31337.0 228431.0
35584.0 227483.0
35961.0 226098.0

24588.0 245464.0
26694.0 238000.0
27587.0 234216.0
29684.0 228874.0
30237.0 228745.0
31337.0 228431.0
35584.0 227483.0
35961.0 226098.0

24588.0 245464.0
26694.0 238000.0
27587.0 234216.0
29684.0 228874.0
30237.0 228745.0
31337.0 228431.0
35584.0 227483.0
35961.0 226098.0

24588.0 245464.0
26694.0 238000.0
27587.0 234216.0
29684.0 228874.0
30237.0 228745.0
31337.0 228431.0
35584.0 227483.0
35961.0 226098.0

24588.0 245464.0
26694.0 237209.0
27587.0 234216.0
29684.0 228874.0
30237.0 228745.0
31337.0 228431.0
35584.0 227483.0
35961.0 226098.0


