17492.0 133921.0
17923.0 133317.0
17945.0 132604.0
18092.0 125673.0
18412.0 124336.0
18596.0 121434.0
19912.0 121346.0
21266.0 121303.0
21342.0 120808.0
21708.0 120444.0
24516.0 120441.0
24592.0 119770.0
24820.0 119669.0
27766.0 119644.0
27913.0 119618.0
28763.0 119428.0
30936.0 119427.0
31861.0 119408.0
31937.0 119389.0
32013.0 119055.0
32934.0 118956.0
35187.0 118937.0
36108.0 118752.0
36184.0 118640.0
39358.0 118619.0
39434.0 118613.0
40355.0 118403.0
42608.0 118387.0

18545.0 124253.0
18596.0 122637.0
18615.0 121816.0
19912.0 121768.0
21266.0 121743.0
21342.0 121078.0
21657.0 121016.0
21708.0 120802.0
24592.0 120766.0
24801.0 120520.0
25513.0 120497.0
28763.0 120095.0
30885.0 120060.0
32013.0 119800.0

18545.0 124253.0
18596.0 122637.0
18615.0 121816.0
19912.0 121768.0
21266.0 121743.0
21342.0 121078.0
21657.0 120951.0
21708.0 120802.0
24592.0 120764.0
24699.0 120551.0
24801.0 120519.0
25513.0 120497.0
28763.0 120095.0
30885.0 120060.0
32013.0 119800.0

18545.0 124253.0
18596.0 122637.0
18615.0 121816.0
19912.0 121768.0
20387.0 121752.0
21266.0 121743.0
21342.0 120708.0
21708.0 120496.0
24592.0 120457.0
25513.0 120220.0
28763.0 119968.0
31937.0 119947.0
32013.0 119800.0

18545.0 124253.0
18596.0 121714.0
18615.0 121685.0
19912.0 121476.0
19946.0 121452.0
21266.0 121449.0
21342.0 120784.0
21638.0 120781.0
21657.0 120728.0
21708.0 120481.0
24440.0 120456.0
24592.0 120318.0
24750.0 120317.0
24801.0 120079.0
25513.0 120038.0
28763.0 119670.0
30955.0 119635.0
32013.0 119074.0

18092.0 126119.0
18545.0 122462.0
18615.0 121816.0
19912.0 121768.0
21266.0 121717.0
21342.0 121063.0
21657.0 121016.0
21708.0 120732.0
24440.0 120539.0
24592.0 120476.0
24801.0 120264.0
27913.0 120254.0
28687.0 120251.0
28763.0 120056.0
31006.0 119988.0
31937.0 119921.0
32013.0 119800.0
36184.0 119774.0

18545.0 124253.0
18596.0 122637.0
18615.0 121816.0
19912.0 121768.0
21266.0 121743.0
21342.0 121078.0
21657.0 120951.0
21708.0 120802.0
24592.0 120353.0
27913.0 120131.0
28687.0 120128.0
28763.0 120088.0
30885.0 120060.0
31937.0 120010.0
32013.0 119800.0

18092.0 125019.0
18447.0 124122.0
18545.0 122812.0
18596.0 122499.0
18615.0 121816.0
19912.0 121768.0
21266.0 121743.0
21342.0 121063.0
21657.0 120951.0
21708.0 120732.0
24516.0 120729.0
24592.0 120353.0
27913.0 120131.0
28687.0 120128.0
28763.0 119933.0
31937.0 119868.0
32013.0 119800.0

18526.0 128493.0
18545.0 123339.0
18596.0 121966.0
18615.0 121755.0
19912.0 121707.0
19946.0 121640.0
21342.0 120862.0
21708.0 120802.0
23950.0 120620.0
24516.0 120501.0
24592.0 120353.0
27913.0 120131.0
28687.0 120128.0
28763.0 120059.0
31937.0 120010.0
32013.0 119800.0
39358.0 119764.0
43605.0 119399.0
54200.0 118996.0

18092.0 124309.0
18447.0 123896.0
18545.0 122586.0
18615.0 121816.0
19912.0 121768.0
21266.0 121743.0
21342.0 121063.0
21657.0 120951.0
21708.0 120732.0
24516.0 120729.0
24592.0 120476.0
24801.0 120264.0
25513.0 120220.0
28687.0 120039.0
28763.0 119507.0
32013.0 119367.0
39434.0 118832.0

18545.0 124253.0
18596.0 122428.0
18615.0 121816.0
19912.0 121768.0
21266.0 121743.0
21342.0 121037.0
21657.0 120887.0
21708.0 120269.0
25513.0 119712.0
28763.0 119572.0
32013.0 119373.0
36184.0 119113.0


