22020.0 219719.0
24750.0 219268.0
27913.0 218054.0

22263.0 249845.0
24310.0 243743.0
24592.0 243233.0
25496.0 240595.0
25513.0 230258.0
29155.0 229530.0
32934.0 228296.0

22263.0 249845.0
24310.0 243743.0
24592.0 243233.0
25496.0 240595.0
25513.0 230258.0
29155.0 229530.0
32934.0 228296.0

22263.0 249845.0
24310.0 243743.0
24592.0 243233.0
25496.0 240595.0
25513.0 230258.0
29155.0 229530.0
32934.0 228296.0

22263.0 249845.0
24310.0 243743.0
24592.0 243233.0
25496.0 240595.0
25513.0 230258.0
29155.0 229530.0
32934.0 228296.0

22263.0 249845.0
24310.0 243743.0
24592.0 243233.0
25496.0 240595.0
25513.0 230258.0
29155.0 229530.0
32934.0 228296.0

22263.0 249845.0
24310.0 243743.0
24592.0 243233.0
25496.0 240595.0
25513.0 230258.0
29155.0 229530.0
32934.0 228296.0

22263.0 249845.0
24310.0 243743.0
24592.0 243233.0
25496.0 240595.0
25513.0 230258.0
29155.0 229530.0
32934.0 228296.0

22263.0 249845.0
24310.0 243743.0
24592.0 243233.0
25496.0 240595.0
25513.0 230258.0
29155.0 229530.0
32934.0 228296.0

22263.0 249845.0
24310.0 243743.0
24592.0 243233.0
25496.0 240595.0
25513.0 230258.0
29155.0 229530.0
32934.0 228296.0

22263.0 249845.0
24310.0 243743.0
24592.0 243233.0
25496.0 240595.0
25513.0 230258.0
29155.0 229530.0
32934.0 228296.0


