24820.0 247018.0
24913.0 242306.0
26296.0 240340.0
27525.0 238713.0
27862.0 238256.0
43314.0 238254.0

24913.0 236904.0
25843.0 235167.0
28187.0 232772.0
28763.0 232098.0
29537.0 231244.0

24913.0 236904.0
25843.0 235167.0
28187.0 232772.0
28763.0 232098.0
29537.0 231244.0

24913.0 236904.0
25843.0 235167.0
28187.0 232772.0
28763.0 232098.0
29537.0 231244.0

24913.0 236904.0
25843.0 235167.0
28187.0 232772.0
28763.0 232098.0
29537.0 231244.0

24913.0 236904.0
25843.0 235167.0
28187.0 232772.0
28763.0 232098.0
29537.0 231244.0

24913.0 236904.0
25843.0 235167.0
28187.0 232772.0
28763.0 232098.0
29537.0 231244.0

24913.0 236904.0
25843.0 235167.0
28187.0 232772.0
28763.0 232098.0
29537.0 231244.0

24913.0 236904.0
25843.0 235167.0
28187.0 232772.0
28763.0 232098.0
29537.0 231244.0

24913.0 236904.0
25843.0 235167.0
28187.0 232772.0
28763.0 232098.0
29537.0 231244.0

24913.0 236904.0
25843.0 235167.0
28187.0 232772.0
28763.0 232098.0
29537.0 231244.0


