18016.0 140399.0
18092.0 127776.0
18545.0 126864.0
18615.0 122624.0
19146.0 122431.0
19980.0 122377.0
20766.0 122362.0
21266.0 122263.0
21342.0 121021.0
21689.0 120827.0
21708.0 120718.0
22263.0 120412.0
24516.0 120411.0
24592.0 120352.0
24731.0 120111.0
24820.0 120061.0
25513.0 119560.0
27842.0 119524.0
27843.0 119473.0
27894.0 119472.0
28763.0 119434.0
32013.0 119158.0
32934.0 118776.0
35187.0 118709.0
36184.0 118457.0
39358.0 118454.0
39434.0 118252.0
40355.0 118230.0
43605.0 117978.0

18545.0 130368.0
18596.0 122458.0
18615.0 122110.0
19112.0 122087.0
19912.0 122017.0
20387.0 121960.0
21342.0 121321.0
21708.0 120823.0
24516.0 120820.0
24750.0 120813.0
24801.0 120695.0
25513.0 120371.0
28763.0 119887.0
32858.0 119853.0
36184.0 119646.0

18545.0 130368.0
18596.0 122458.0
18615.0 122110.0
19112.0 122087.0
19912.0 122017.0
20387.0 121960.0
21342.0 121297.0
21708.0 120823.0
24516.0 120820.0
24750.0 120813.0
24801.0 120695.0
25513.0 120371.0
28763.0 119887.0
32858.0 119853.0
36184.0 119646.0

18092.0 122920.0
18545.0 122726.0
18596.0 122413.0
18615.0 122041.0
19912.0 121727.0
21266.0 121724.0
21342.0 121082.0
21708.0 120823.0
24516.0 120820.0
24592.0 120752.0
24801.0 120695.0
25513.0 120155.0
28763.0 119809.0
36184.0 119646.0

18092.0 131827.0
18545.0 126566.0
18596.0 122458.0
18615.0 121862.0
19912.0 121848.0
19946.0 121750.0
20421.0 121619.0
20766.0 121613.0
20857.0 121566.0
21342.0 121321.0
21708.0 120823.0
24516.0 120820.0
24592.0 120728.0
24801.0 120671.0
25513.0 120371.0
28687.0 120321.0
28763.0 119887.0
32858.0 119853.0
36184.0 119646.0

18545.0 130368.0
18596.0 122413.0
18615.0 121720.0
19146.0 121685.0
19946.0 121615.0
20387.0 121591.0
21266.0 121567.0
21342.0 121112.0
21708.0 120823.0
24516.0 120820.0
24750.0 120813.0
24801.0 120598.0
25513.0 120241.0
28687.0 120217.0
28763.0 119887.0
32858.0 119853.0
35608.0 119766.0
36184.0 119646.0

18545.0 130368.0
18596.0 122192.0
18615.0 122073.0
19112.0 121911.0
19912.0 121841.0
21266.0 121840.0
21342.0 121312.0
21708.0 120813.0
24592.0 120765.0
24801.0 120585.0
24820.0 120366.0
25437.0 120365.0
25513.0 120217.0
28687.0 120123.0
28763.0 119887.0
32858.0 119853.0
32934.0 119829.0
35608.0 119749.0
36184.0 119646.0

18092.0 123409.0
18545.0 122822.0
18596.0 122262.0
18615.0 122041.0
19912.0 121990.0
20387.0 121896.0
21342.0 121312.0
21708.0 120813.0
24592.0 120535.0
24820.0 120406.0
25437.0 120365.0
25513.0 120217.0
28687.0 120123.0
28763.0 119887.0
32013.0 119676.0
32934.0 119665.0
35263.0 119335.0

18092.0 123434.0
18545.0 123372.0
18596.0 122458.0
18615.0 121855.0
19912.0 121824.0
19946.0 121717.0
20421.0 121523.0
21342.0 121174.0
21708.0 120813.0
24516.0 120812.0
24592.0 120621.0
24801.0 120218.0
25513.0 120217.0
28687.0 120189.0
28763.0 119887.0
32013.0 119862.0
32858.0 119853.0
35263.0 119596.0
39358.0 119514.0

18545.0 130368.0
18596.0 122413.0
18615.0 122026.0
19587.0 122014.0
19912.0 121767.0
20387.0 121697.0
20857.0 121620.0
21342.0 120889.0
21708.0 120573.0
24592.0 120537.0
24801.0 120310.0
25513.0 120217.0
28763.0 119887.0
32858.0 119853.0
36184.0 119646.0

18545.0 130368.0
18596.0 122052.0
18615.0 121505.0
20421.0 121276.0
21342.0 121111.0
21708.0 120706.0
24516.0 120686.0
24801.0 120239.0
25513.0 119815.0
27894.0 119814.0
28763.0 119789.0
30940.0 119439.0
32934.0 119424.0
36184.0 119215.0


