18596.0 124976.0
18615.0 123361.0
19946.0 123267.0
21266.0 122983.0
21342.0 121975.0
21708.0 121916.0
22263.0 121180.0
24016.0 121158.0
24516.0 121155.0
24592.0 121100.0
24801.0 120877.0
25437.0 120874.0
25513.0 120657.0
27843.0 120613.0
28763.0 120341.0
29684.0 120291.0
32858.0 120228.0
32934.0 120197.0
36184.0 120088.0

18545.0 124610.0
18596.0 123831.0
18615.0 122750.0
19112.0 122726.0
20345.0 122690.0
21342.0 121454.0
21638.0 121323.0
21708.0 121103.0
24516.0 120977.0
24592.0 120706.0
24820.0 120464.0
28687.0 120404.0
28763.0 119959.0
31937.0 119912.0
32013.0 119344.0
39434.0 119159.0
46855.0 118913.0

18545.0 124610.0
18596.0 123831.0
18615.0 122750.0
19112.0 122726.0
20345.0 122690.0
21342.0 121397.0
21638.0 121323.0
21708.0 121053.0
24516.0 120939.0
24592.0 120542.0
24820.0 120414.0
28687.0 120404.0
28763.0 119804.0
32013.0 119344.0
36184.0 119215.0
39434.0 119079.0
46855.0 118913.0

18545.0 124610.0
18596.0 123831.0
18615.0 122750.0
19112.0 122726.0
20345.0 122690.0
21342.0 121437.0
21638.0 121323.0
21708.0 121053.0
24516.0 120929.0
24592.0 120656.0
24820.0 120414.0
28687.0 120404.0
28763.0 119844.0
32013.0 119344.0
36184.0 119215.0
39434.0 119079.0
46855.0 118913.0

18545.0 124610.0
18596.0 123544.0
18615.0 122246.0
19112.0 122222.0
19946.0 122002.0
21342.0 121454.0
21638.0 121323.0
21708.0 121103.0
24516.0 120977.0
24592.0 120706.0
24820.0 120464.0
28687.0 120404.0
28763.0 119700.0
32013.0 119344.0
39434.0 119079.0
46855.0 118913.0

18545.0 124610.0
18596.0 123831.0
18615.0 122750.0
19112.0 122726.0
20345.0 122690.0
21342.0 121397.0
21638.0 121323.0
21708.0 121103.0
24516.0 120977.0
24592.0 120706.0
24820.0 120464.0
28687.0 120404.0
28763.0 119804.0
32013.0 119344.0
39434.0 119079.0
46855.0 118913.0

18545.0 124610.0
18596.0 123831.0
18615.0 122750.0
19112.0 122726.0
20345.0 122690.0
21342.0 121257.0
21657.0 121247.0
21708.0 121045.0
24516.0 120837.0
24592.0 120706.0
24820.0 120464.0
28687.0 120404.0
28763.0 119804.0
32013.0 119344.0
36184.0 119128.0
46855.0 118913.0

18545.0 124610.0
18596.0 123544.0
18615.0 122246.0
19112.0 122222.0
19946.0 122002.0
21342.0 121280.0
21657.0 121247.0
21708.0 121085.0
24516.0 120837.0
24592.0 120706.0
24820.0 120464.0
28687.0 120404.0
28763.0 119804.0
32013.0 119344.0
36184.0 119128.0
46855.0 118913.0

18545.0 124610.0
18596.0 123544.0
18615.0 122246.0
19112.0 122222.0
19946.0 122002.0
21342.0 121280.0
21657.0 121247.0
21708.0 121085.0
24516.0 120837.0
24592.0 120706.0
24820.0 120464.0
28687.0 120404.0
28763.0 119643.0
32013.0 119344.0
36184.0 119128.0
46855.0 118913.0

18545.0 124610.0
18596.0 123831.0
18615.0 122750.0
19112.0 122726.0
20345.0 122690.0
21342.0 121388.0
21638.0 121323.0
21708.0 121086.0
24516.0 120837.0
24592.0 120706.0
24820.0 120464.0
28687.0 120404.0
28763.0 119804.0
32013.0 119344.0
36184.0 119128.0
46855.0 118913.0

18545.0 124610.0
18596.0 123831.0
18615.0 122750.0
19112.0 122726.0
20345.0 122690.0
21342.0 121397.0
21638.0 121323.0
21657.0 120991.0
21708.0 120567.0
24516.0 120453.0
24592.0 120384.0
24801.0 120351.0
25513.0 120105.0
28763.0 119650.0
32013.0 119344.0
36184.0 118770.0


