21708.0 225404.0
21761.0 224035.0
22263.0 223440.0
22495.0 222936.0
22840.0 221501.0
25451.0 220331.0
25513.0 219173.0

22740.0 249191.0
24785.0 242379.0
24820.0 241363.0
25010.0 235515.0
27913.0 228742.0
28763.0 228727.0

22740.0 249191.0
24785.0 242379.0
24820.0 241363.0
25010.0 235515.0
27913.0 228742.0
28763.0 228727.0

22740.0 249191.0
24785.0 242379.0
24820.0 241363.0
25010.0 235515.0
27913.0 228742.0
28763.0 228727.0

22740.0 249191.0
24785.0 242379.0
24820.0 241363.0
25010.0 235515.0
27913.0 228742.0
28763.0 228727.0

22740.0 249191.0
24197.0 236449.0
25010.0 234662.0
27913.0 228742.0
28763.0 228727.0

22740.0 249191.0
24785.0 242379.0
24820.0 241363.0
25010.0 235515.0
27913.0 228742.0
28763.0 228727.0

22740.0 249191.0
24785.0 242379.0
24820.0 241363.0
25010.0 235515.0
27913.0 228742.0
28763.0 228727.0

22740.0 249191.0
24785.0 242379.0
24820.0 241363.0
25010.0 235515.0
25513.0 234102.0
27842.0 232951.0
27913.0 228742.0
28763.0 228727.0

22740.0 249191.0
24785.0 242379.0
24820.0 241363.0
25010.0 235515.0
27913.0 228742.0
28763.0 228727.0

22740.0 249191.0
24785.0 242379.0
24820.0 241363.0
25010.0 235515.0
27913.0 228742.0
28763.0 228727.0


