19505.0 209303.0
19912.0 208358.0
19946.0 205603.0
20190.0 205107.0
20766.0 205099.0
21638.0 204349.0
21708.0 202718.0
22263.0 202290.0
24592.0 202262.0
24750.0 202138.0
25513.0 201403.0
28187.0 201089.0
28687.0 201069.0
28763.0 200806.0
36184.0 200499.0

19505.0 210599.0
19746.0 210390.0
19912.0 209974.0
20546.0 209786.0
21342.0 207620.0
21638.0 207229.0
21661.0 206387.0
21708.0 204802.0
22263.0 204002.0
23316.0 203663.0
24592.0 203548.0
24731.0 203498.0
25513.0 202882.0
27894.0 202732.0
28187.0 202695.0
28763.0 202146.0
32013.0 202142.0
32934.0 201280.0
34611.0 200705.0

18922.0 221799.0
19471.0 215664.0
19505.0 210599.0
19746.0 210390.0
19912.0 209974.0
20546.0 209786.0
21342.0 207620.0
21638.0 207229.0
21661.0 206387.0
21708.0 204802.0
22263.0 204002.0
23316.0 203663.0
24592.0 203548.0
24731.0 203498.0
25513.0 202882.0
27894.0 202732.0
28187.0 202695.0
28763.0 202146.0
30136.0 202051.0
32013.0 201689.0
32934.0 200761.0
34611.0 200705.0

18922.0 215277.0
19505.0 210523.0
19746.0 210036.0
19912.0 208978.0
20066.0 208636.0
20742.0 208511.0
20766.0 208510.0
21342.0 205721.0
21689.0 204816.0
21708.0 203173.0
22902.0 203057.0
24592.0 203038.0
25513.0 202767.0
27894.0 202640.0
28763.0 202069.0
32013.0 201258.0
32934.0 200607.0
36184.0 200190.0

18922.0 215301.0
19505.0 210599.0
19746.0 210036.0
19912.0 209974.0
20546.0 209786.0
21342.0 207620.0
21638.0 207229.0
21661.0 206387.0
21708.0 204802.0
22263.0 204002.0
23316.0 203663.0
24592.0 203548.0
24731.0 203498.0
25513.0 202463.0
28687.0 202342.0
28763.0 202146.0
32013.0 201689.0
32934.0 200761.0
34611.0 200705.0

18922.0 217305.0
19471.0 215664.0
19505.0 210523.0
19746.0 210390.0
19912.0 209765.0
20546.0 209636.0
20889.0 209347.0
21342.0 206797.0
21661.0 206387.0
21708.0 204677.0
22263.0 203507.0
24516.0 203467.0
24820.0 203352.0
25513.0 202134.0
28763.0 202070.0
29684.0 201713.0
32013.0 201564.0
32934.0 201043.0
34611.0 200705.0
36184.0 200472.0

19505.0 210599.0
19746.0 210390.0
19912.0 209974.0
20546.0 209786.0
21342.0 207620.0
21638.0 207229.0
21661.0 206387.0
21708.0 204802.0
22263.0 204002.0
23316.0 203663.0
24592.0 203348.0
24820.0 203106.0
25513.0 202672.0
27190.0 202619.0
28763.0 202146.0
31937.0 202038.0
32013.0 201974.0
32934.0 201183.0
34611.0 200705.0

18922.0 217305.0
19505.0 210523.0
19746.0 209827.0
19912.0 209689.0
20546.0 209636.0
20742.0 209604.0
20838.0 209366.0
21342.0 204106.0
21638.0 204008.0
21689.0 204003.0
21708.0 202842.0
24750.0 202820.0
24801.0 202751.0
25513.0 202303.0
27913.0 202253.0
28187.0 202128.0
32013.0 201613.0
32934.0 200685.0
36184.0 200587.0
39434.0 200530.0

19505.0 210599.0
19746.0 210390.0
19912.0 209974.0
20546.0 209786.0
21342.0 207620.0
21638.0 207229.0
21661.0 206387.0
21708.0 204802.0
22263.0 204002.0
23316.0 203663.0
24592.0 203348.0
24820.0 203106.0
25513.0 202672.0
27190.0 202619.0
28763.0 202146.0
31937.0 202038.0
32013.0 201974.0
32934.0 201183.0
34611.0 200705.0

18922.0 217305.0
19471.0 215664.0
19505.0 210523.0
19746.0 208411.0
19912.0 207443.0
20857.0 207226.0
21342.0 204315.0
21689.0 204302.0
21708.0 204181.0
22263.0 203590.0
23880.0 203588.0
24592.0 203390.0
25513.0 202882.0
27894.0 202732.0
28187.0 202695.0
28763.0 202146.0
32013.0 201613.0
32934.0 200685.0
36184.0 200587.0
39434.0 200530.0

18922.0 217117.0
19471.0 215257.0
19505.0 209793.0
19912.0 209786.0
20546.0 209577.0
21266.0 208823.0
21342.0 205379.0
21638.0 203332.0
21689.0 202350.0
25513.0 201280.0
27690.0 200808.0
28763.0 199839.0
32013.0 199322.0
32934.0 198797.0


