16816.0 42451.0
16990.0 41387.0
17516.0 41155.0
18016.0 41074.0
18092.0 40606.0
18545.0 40589.0
18596.0 40337.0
19912.0 40313.0
21266.0 40310.0
21342.0 40064.0
21708.0 39975.0
24516.0 39972.0
24592.0 39916.0
24820.0 39865.0
25513.0 39758.0
27894.0 39757.0
28687.0 39755.0
28763.0 39631.0
31937.0 39628.0
32013.0 39573.0
32934.0 39512.0
36184.0 39385.0
39434.0 39327.0
40355.0 39279.0
43605.0 39193.0
46855.0 39094.0

16515.0 42516.0
16990.0 41768.0
17345.0 41677.0
17516.0 41373.0
18016.0 41274.0
18092.0 40466.0
18545.0 40444.0
18596.0 40337.0
19912.0 40313.0
21266.0 40310.0
21342.0 40064.0
21708.0 39975.0
24516.0 39972.0
24592.0 39916.0
25513.0 39758.0
28763.0 39632.0
32013.0 39573.0
32934.0 39525.0
36184.0 39386.0

16515.0 41712.0
16595.0 41317.0
18016.0 41274.0
18092.0 40466.0
18545.0 40444.0
18596.0 40337.0
19912.0 40313.0
21266.0 40310.0
21342.0 40064.0
21708.0 39975.0
24516.0 39972.0
24592.0 39916.0
25513.0 39758.0
28763.0 39632.0
32013.0 39573.0
32934.0 39525.0
36184.0 39386.0
43605.0 39304.0

16515.0 42358.0
16595.0 41963.0
16990.0 41768.0
17345.0 41596.0
17516.0 41182.0
18016.0 41083.0
18092.0 40466.0
18545.0 40444.0
18596.0 40337.0
19912.0 40313.0
21266.0 40310.0
21342.0 40064.0
21708.0 39975.0
24516.0 39972.0
24592.0 39916.0
25513.0 39758.0
28763.0 39631.0
32013.0 39573.0
32934.0 39525.0
36184.0 39386.0
43605.0 39328.0

16515.0 42516.0
16990.0 41768.0
17345.0 41677.0
17516.0 41373.0
18016.0 41274.0
18092.0 40466.0
18545.0 40444.0
18596.0 40337.0
19912.0 40313.0
21266.0 40310.0
21342.0 40064.0
21708.0 39975.0
24516.0 39972.0
24592.0 39916.0
25513.0 39758.0
28763.0 39631.0
32013.0 39573.0
32934.0 39525.0
36184.0 39386.0

16515.0 42358.0
16595.0 41963.0
16990.0 41768.0
17345.0 41596.0
17516.0 41182.0
18016.0 41083.0
18092.0 40466.0
18545.0 40444.0
18596.0 40337.0
19912.0 40313.0
21266.0 40310.0
21342.0 40064.0
21708.0 39975.0
24516.0 39972.0
24592.0 39916.0
25513.0 39758.0
28763.0 39631.0
32013.0 39573.0
32934.0 39525.0
36184.0 39386.0

16515.0 42516.0
16990.0 41768.0
17345.0 41677.0
17516.0 41373.0
18016.0 41274.0
18092.0 40466.0
18545.0 40444.0
18596.0 40337.0
19912.0 40313.0
21266.0 40310.0
21342.0 40064.0
21708.0 39975.0
24516.0 39972.0
24592.0 39916.0
25513.0 39758.0
28763.0 39631.0
32013.0 39573.0
32934.0 39525.0
36184.0 39386.0
43605.0 39304.0

16023.0 42505.0
16156.0 42062.0
16515.0 41334.0
16595.0 41102.0
17095.0 40954.0
17171.0 40744.0
18092.0 40466.0
18545.0 40444.0
18596.0 40337.0
19912.0 40313.0
21266.0 40310.0
21342.0 40064.0
21708.0 39975.0
24516.0 39972.0
24592.0 39916.0
24820.0 39865.0
25513.0 39758.0
28763.0 39631.0
32013.0 39573.0
32934.0 39525.0
36108.0 39524.0
36184.0 39386.0
40355.0 39279.0

16515.0 42516.0
16990.0 41768.0
17345.0 41677.0
17516.0 41373.0
18016.0 41274.0
18092.0 40466.0
18545.0 40444.0
18596.0 40337.0
19912.0 40313.0
21266.0 40310.0
21342.0 40064.0
21708.0 39975.0
24516.0 39972.0
24592.0 39916.0
25513.0 39758.0
28763.0 39631.0
32013.0 39573.0
32934.0 39525.0
36184.0 39386.0
43605.0 39304.0

16515.0 42358.0
16595.0 41963.0
16990.0 41768.0
17345.0 41596.0
17516.0 41182.0
18016.0 41083.0
18092.0 40466.0
18545.0 40444.0
18596.0 40337.0
19912.0 40313.0
21266.0 40310.0
21342.0 40064.0
21708.0 39975.0
24516.0 39972.0
24592.0 39916.0
25513.0 39758.0
28763.0 39631.0
32013.0 39573.0
32934.0 39525.0
36184.0 39386.0
43605.0 39304.0

16515.0 41267.0
16595.0 41035.0
17095.0 40954.0
18092.0 40466.0
18545.0 40444.0
18596.0 40337.0
19912.0 40313.0
21266.0 40310.0
21342.0 40064.0
21708.0 39975.0
24516.0 39972.0
24592.0 39916.0
24820.0 39865.0
25513.0 39758.0
27894.0 39757.0
28763.0 39631.0
32013.0 39572.0
32934.0 39512.0
36184.0 39386.0
39434.0 39327.0
40355.0 39279.0
43605.0 39195.0
46855.0 39094.0
54200.0 39070.0


