18016.0 124305.0
18092.0 123635.0
18545.0 123045.0
18596.0 122335.0
19912.0 122328.0
19946.0 122255.0
21342.0 121493.0
21638.0 121251.0
21657.0 121138.0
21708.0 120926.0
24516.0 120565.0
24592.0 120404.0
24750.0 120261.0
27766.0 120142.0
27894.0 119963.0
27913.0 119785.0
28687.0 119679.0
28763.0 119299.0
31937.0 119293.0
32013.0 119264.0
35187.0 119258.0
39434.0 119207.0

18092.0 131092.0
18545.0 130671.0
18596.0 123804.0
18615.0 122162.0
20387.0 122138.0
21266.0 122135.0
21342.0 121501.0
21638.0 121412.0
24016.0 121319.0
24750.0 121256.0
24801.0 121110.0
24820.0 121014.0
25513.0 120622.0
27842.0 120471.0
28763.0 120286.0
31437.0 120135.0
36184.0 119685.0

18092.0 131092.0
18545.0 130671.0
18577.0 124240.0
18596.0 123804.0
18615.0 122162.0
19912.0 122138.0
21266.0 122135.0
21342.0 121501.0
21638.0 121412.0
21708.0 121317.0
24750.0 121256.0
24801.0 120962.0
25513.0 120622.0
27842.0 120471.0
28763.0 120226.0
31437.0 120135.0
32013.0 120032.0
36184.0 119685.0

18092.0 131092.0
18148.0 130944.0
18545.0 130523.0
18577.0 124240.0
18596.0 123804.0
18615.0 122162.0
19505.0 122075.0
21342.0 121501.0
21638.0 121412.0
24016.0 121319.0
24592.0 121156.0
24801.0 120701.0
25513.0 120622.0
27842.0 120471.0
28763.0 120231.0
31437.0 120135.0
36184.0 119622.0
40355.0 119570.0

18092.0 131092.0
18545.0 130671.0
18577.0 124240.0
18596.0 123804.0
18615.0 122162.0
20387.0 122138.0
21266.0 122135.0
21342.0 121501.0
21638.0 121412.0
21708.0 121317.0
24750.0 121256.0
24801.0 121015.0
24820.0 120964.0
25513.0 120622.0
27842.0 120471.0
28763.0 120286.0
31437.0 120135.0
32013.0 120054.0
36184.0 119685.0

18092.0 126251.0
18545.0 126078.0
18577.0 124171.0
18596.0 123292.0
18615.0 122162.0
19912.0 122138.0
20345.0 122133.0
20421.0 121778.0
20766.0 121770.0
21342.0 121402.0
21708.0 121317.0
24516.0 121218.0
24592.0 120684.0
24801.0 120471.0
24820.0 120420.0
27190.0 120412.0
28763.0 119732.0
32013.0 119606.0

18092.0 131092.0
18545.0 130671.0
18577.0 124240.0
18596.0 123804.0
18615.0 122162.0
19912.0 122138.0
21266.0 122135.0
21342.0 121501.0
21638.0 121412.0
21708.0 121317.0
24750.0 121256.0
24801.0 120962.0
25513.0 120622.0
27842.0 120471.0
28763.0 120202.0
31437.0 120135.0
32013.0 120132.0
36184.0 119685.0

18092.0 131092.0
18545.0 130671.0
18577.0 124240.0
18596.0 122933.0
18615.0 122162.0
19912.0 122138.0
21266.0 122018.0
21342.0 121501.0
21638.0 121412.0
21708.0 121317.0
24516.0 121245.0
24592.0 120770.0
24801.0 120576.0
24820.0 120525.0
27190.0 120517.0
27842.0 120471.0
28763.0 120202.0
31437.0 120135.0
32013.0 120054.0
36184.0 119685.0

18092.0 131092.0
18545.0 130671.0
18577.0 124240.0
18596.0 123804.0
18615.0 122162.0
19912.0 122138.0
21266.0 122135.0
21342.0 121501.0
21638.0 121412.0
21708.0 121317.0
24750.0 121256.0
24801.0 120962.0
25513.0 120622.0
27842.0 120471.0
28763.0 120202.0
31437.0 120135.0
32013.0 120132.0
36184.0 119685.0

18092.0 130033.0
18577.0 124171.0
18596.0 123676.0
18615.0 122162.0
19146.0 122149.0
19912.0 122138.0
19946.0 122014.0
21266.0 121892.0
21342.0 121331.0
21657.0 121274.0
21708.0 120850.0
24516.0 120825.0
24801.0 120638.0
25513.0 120622.0
27842.0 120471.0
28763.0 119467.0

18092.0 130033.0
18545.0 123104.0
18615.0 122162.0
19912.0 122138.0
20387.0 122114.0
21266.0 121813.0
21342.0 121465.0
21638.0 121244.0
21708.0 120963.0
24801.0 120774.0
25513.0 120129.0
27913.0 119881.0
28763.0 119568.0
36184.0 118824.0


