18545.0 123343.0
18596.0 121586.0
19912.0 121546.0
19946.0 121393.0
21342.0 121262.0
21689.0 121216.0
21708.0 120992.0
22263.0 120493.0
24516.0 120490.0
24592.0 120345.0
25513.0 119785.0
27766.0 119784.0
27913.0 119734.0
28687.0 119713.0
28763.0 119234.0
31937.0 119233.0
32013.0 119198.0
32934.0 118858.0
35187.0 118857.0
36108.0 118770.0
36184.0 118696.0
39358.0 118644.0
42608.0 118608.0

18092.0 125581.0
18596.0 125182.0
18615.0 121511.0
19471.0 121471.0
19912.0 121431.0
20345.0 121428.0
21266.0 121420.0
21342.0 121136.0
21708.0 120973.0
24516.0 120617.0
24750.0 120583.0
25513.0 120448.0
28763.0 120176.0
32013.0 119507.0
36184.0 119196.0

18092.0 125581.0
18596.0 125182.0
18615.0 121511.0
19471.0 121471.0
19912.0 121431.0
20345.0 121428.0
21266.0 121420.0
21342.0 121136.0
21708.0 120973.0
24516.0 120617.0
24750.0 120571.0
25513.0 120448.0
28763.0 120152.0
32013.0 119507.0
36184.0 119196.0

18092.0 125581.0
18596.0 122647.0
18615.0 121511.0
19471.0 121471.0
19912.0 121431.0
20345.0 121428.0
21266.0 121420.0
21342.0 120972.0
21657.0 120794.0
24516.0 120617.0
24750.0 120549.0
25513.0 120448.0
27913.0 120413.0
28763.0 119884.0
32013.0 119507.0
36184.0 119196.0

18092.0 125581.0
18596.0 122448.0
18615.0 121511.0
19471.0 121471.0
19912.0 121431.0
20345.0 121428.0
21266.0 121420.0
21342.0 120813.0
21657.0 120750.0
21708.0 120699.0
23950.0 120608.0
24750.0 120549.0
24801.0 120379.0
25513.0 120224.0
27842.0 120118.0
28763.0 119808.0
31437.0 119800.0
32013.0 119507.0
36184.0 119196.0

18092.0 125581.0
18596.0 121896.0
18615.0 121511.0
19471.0 121471.0
19912.0 121431.0
20345.0 121428.0
21266.0 121420.0
21342.0 121136.0
21708.0 120973.0
24516.0 120617.0
24750.0 120571.0
25513.0 120375.0
28763.0 120176.0
32013.0 119507.0
36184.0 119196.0

18092.0 125581.0
18596.0 125182.0
18615.0 121511.0
19471.0 121471.0
19912.0 121431.0
20345.0 121428.0
21266.0 121420.0
21342.0 121136.0
21708.0 120922.0
24516.0 120617.0
24750.0 120571.0
25513.0 120128.0
28763.0 119993.0
31937.0 119990.0
32013.0 119507.0
35187.0 119506.0
36184.0 119196.0

18092.0 125581.0
18596.0 125182.0
18615.0 121511.0
19471.0 121455.0
19912.0 121431.0
20345.0 121428.0
21266.0 121420.0
21342.0 121136.0
21708.0 120922.0
24516.0 120617.0
24750.0 120571.0
25513.0 120128.0
28763.0 119993.0
31937.0 119990.0
32013.0 119507.0
35187.0 119506.0
36184.0 119196.0

18092.0 125581.0
18596.0 122647.0
18615.0 121511.0
19471.0 121471.0
19912.0 121431.0
20345.0 121428.0
21266.0 121420.0
21342.0 121063.0
21708.0 120922.0
23950.0 120628.0
24516.0 120617.0
24750.0 120571.0
25513.0 120353.0
27766.0 120345.0
27894.0 120313.0
28763.0 119993.0
31437.0 119868.0
32013.0 119507.0
35187.0 119506.0
36184.0 119196.0

18092.0 125581.0
18596.0 122115.0
18615.0 121511.0
19471.0 121455.0
19912.0 121431.0
20345.0 121428.0
21266.0 121420.0
21342.0 121084.0
21638.0 121056.0
21657.0 120872.0
21708.0 120821.0
24516.0 120617.0
24750.0 120549.0
24801.0 120518.0
25513.0 120353.0
27766.0 120345.0
27894.0 120313.0
28763.0 119993.0
31937.0 119990.0
32013.0 119507.0
35187.0 119506.0
36184.0 119196.0

18092.0 125581.0
18596.0 121950.0
18615.0 121511.0
19471.0 121455.0
19912.0 121431.0
20345.0 121428.0
21266.0 121420.0
21342.0 121123.0
21708.0 120894.0
24516.0 120617.0
24750.0 120571.0
25513.0 119818.0
27894.0 119376.0
29684.0 119367.0
32934.0 118791.0
36184.0 118767.0
40355.0 118419.0


