21795.0 229980.0
21821.0 226642.0
22020.0 223442.0
22263.0 219568.0
24750.0 219323.0
27166.0 216650.0

24237.0 249731.0
24263.0 247476.0
24801.0 244469.0
25010.0 233467.0
26643.0 232403.0
27313.0 231022.0

24237.0 249731.0
24263.0 247476.0
24801.0 244469.0
25010.0 233467.0
26643.0 232403.0
27313.0 231022.0

24237.0 249731.0
24263.0 247476.0
24801.0 244469.0
25010.0 233467.0
26643.0 232403.0
27313.0 231022.0

24237.0 249731.0
24263.0 247476.0
24801.0 244469.0
25010.0 233467.0
26643.0 232403.0
27313.0 231022.0

24237.0 249731.0
24263.0 247476.0
24801.0 244469.0
25010.0 233467.0
26643.0 232403.0
27313.0 231022.0

24237.0 249731.0
24263.0 247476.0
24801.0 244469.0
25010.0 233467.0
26643.0 232403.0
27313.0 231022.0

24237.0 249731.0
24263.0 247476.0
24801.0 244469.0
25010.0 233467.0
26643.0 232403.0
27313.0 231022.0

24237.0 249731.0
24263.0 247476.0
24801.0 244469.0
25010.0 233467.0
26643.0 232403.0
27313.0 231022.0

24237.0 249731.0
24263.0 247476.0
24801.0 244469.0
25010.0 233467.0
26643.0 232403.0
27313.0 231022.0

24237.0 249731.0
24263.0 247476.0
24801.0 244469.0
25010.0 233467.0
26643.0 232403.0
27313.0 231022.0


