17492.0 128670.0
17516.0 127660.0
17647.0 127548.0
17745.0 126874.0
18092.0 123437.0
18545.0 123128.0
18596.0 121548.0
19912.0 121476.0
21266.0 121473.0
21342.0 120817.0
21638.0 120816.0
21657.0 120738.0
21708.0 120555.0
24516.0 120554.0
24592.0 120460.0
24801.0 120333.0
25513.0 119778.0
27894.0 119727.0
28763.0 119285.0
31937.0 119264.0
32013.0 118950.0
32934.0 118906.0
36184.0 118410.0
39434.0 118289.0
42684.0 118156.0
46855.0 118096.0
50105.0 117924.0
57526.0 117871.0

18092.0 125194.0
18447.0 124084.0
18545.0 123292.0
18596.0 121891.0
21266.0 121688.0
21342.0 121262.0
21708.0 121064.0
24016.0 120960.0
24516.0 120959.0
25513.0 120284.0
27792.0 120259.0
28187.0 120241.0
28763.0 119974.0
32013.0 119938.0
32934.0 119767.0
36184.0 119482.0
39434.0 119465.0

18092.0 125194.0
18447.0 124084.0
18545.0 123292.0
18596.0 121891.0
19912.0 121865.0
19946.0 121754.0
20766.0 121739.0
21266.0 121627.0
21342.0 121004.0
21657.0 120792.0
21689.0 120703.0
24801.0 120692.0
24820.0 120652.0
25513.0 120284.0
27792.0 120259.0
27843.0 120171.0
28763.0 119967.0
30085.0 119950.0
32013.0 119905.0
32934.0 119633.0
36184.0 119376.0

18092.0 123409.0
18545.0 122607.0
18596.0 121538.0
19471.0 121520.0
19912.0 121480.0
21342.0 120913.0
21657.0 120792.0
21689.0 120703.0
24516.0 120315.0
25513.0 120179.0
27843.0 120171.0
27913.0 120140.0
28763.0 119789.0
32013.0 119679.0
32934.0 119633.0
36184.0 119325.0
39434.0 119290.0

18092.0 122521.0
18475.0 122215.0
18545.0 122153.0
18596.0 121891.0
19112.0 121827.0
19146.0 121810.0
19946.0 121659.0
21266.0 121611.0
21342.0 120857.0
21657.0 120685.0
21708.0 120427.0
24516.0 120314.0
25513.0 120284.0
27792.0 120259.0
28187.0 120241.0
28687.0 120116.0
28763.0 119974.0
31937.0 119942.0
32013.0 119688.0
35187.0 119682.0
36184.0 119320.0

18092.0 123409.0
18545.0 122607.0
18596.0 121538.0
19471.0 121520.0
19912.0 121480.0
21266.0 121479.0
21342.0 120868.0
21708.0 120864.0
24516.0 120678.0
24592.0 120547.0
25513.0 120179.0
28763.0 119883.0
32013.0 119712.0
32934.0 119614.0
36184.0 119320.0

18092.0 123740.0
18545.0 123292.0
18596.0 121891.0
19146.0 121834.0
19912.0 121794.0
19946.0 121754.0
20387.0 121643.0
21266.0 121640.0
21342.0 120856.0
21657.0 120644.0
24820.0 120593.0
25513.0 120284.0
27792.0 120259.0
27843.0 120171.0
28763.0 119921.0
32013.0 119769.0
32934.0 119547.0
36184.0 119376.0

18092.0 123409.0
18545.0 122607.0
18596.0 121538.0
19471.0 121520.0
19912.0 121480.0
21342.0 120913.0
21657.0 120644.0
24801.0 120529.0
25513.0 120179.0
27843.0 120171.0
28763.0 119893.0
31937.0 119711.0
32934.0 119274.0
36184.0 119227.0
38858.0 119183.0
39434.0 118982.0
40355.0 118765.0

18092.0 125194.0
18447.0 124084.0
18545.0 123292.0
18596.0 121474.0
19912.0 121450.0
21266.0 121449.0
21342.0 120773.0
21657.0 120685.0
24516.0 120393.0
24801.0 120290.0
25513.0 119924.0
28763.0 119511.0
32934.0 119480.0
36184.0 119376.0

18092.0 125194.0
18447.0 124084.0
18545.0 123131.0
18596.0 121722.0
19471.0 121721.0
19912.0 121698.0
20345.0 121686.0
21266.0 121622.0
21342.0 120889.0
21657.0 120795.0
21708.0 120389.0
24592.0 120350.0
25513.0 120042.0
27843.0 120020.0
28763.0 119342.0
31937.0 119300.0
32013.0 119006.0
36184.0 118992.0
39434.0 118872.0

18092.0 125194.0
18447.0 124084.0
18545.0 122945.0
18596.0 121722.0
19912.0 121698.0
21266.0 121591.0
21342.0 120890.0
21657.0 120772.0
21708.0 120525.0
24516.0 120477.0
24592.0 120367.0
24801.0 120321.0
25513.0 119629.0
27894.0 119479.0
28763.0 119168.0
32934.0 118875.0
36184.0 118810.0


