18092.0 122548.0
18545.0 122417.0
18596.0 122218.0
18671.0 122160.0
19112.0 122128.0
19471.0 121730.0
19912.0 121706.0
21266.0 121703.0
21342.0 121012.0
21708.0 120538.0
24516.0 120495.0
24592.0 120033.0
24820.0 119974.0
25513.0 119740.0
27766.0 119684.0
28687.0 119680.0
28763.0 119557.0
31016.0 119522.0
32013.0 119013.0
35187.0 119012.0
35263.0 118977.0
36184.0 118665.0
39358.0 118662.0
39434.0 118254.0
43605.0 118077.0
46855.0 117811.0

18092.0 123935.0
18545.0 123855.0
18596.0 122906.0
18615.0 121808.0
19912.0 121784.0
20387.0 121760.0
21266.0 121588.0
21342.0 120762.0
21657.0 120706.0
24592.0 120596.0
24801.0 120483.0
24820.0 120247.0
27266.0 120227.0
28687.0 120185.0
28763.0 119857.0
32013.0 119854.0
32934.0 119754.0
36108.0 119236.0
36184.0 119139.0
40355.0 119003.0

18016.0 126201.0
18092.0 123935.0
18545.0 122177.0
18615.0 121808.0
19912.0 121784.0
20387.0 121760.0
21266.0 121588.0
21342.0 120732.0
21657.0 120677.0
24516.0 120674.0
24592.0 120571.0
24801.0 120483.0
24820.0 120247.0
27266.0 120227.0
28687.0 120185.0
28763.0 119857.0
32013.0 119498.0
36108.0 119236.0
36184.0 119139.0
40355.0 119003.0

18092.0 122414.0
18596.0 121857.0
18615.0 121808.0
19912.0 121784.0
20387.0 121760.0
21266.0 121587.0
21342.0 120614.0
21708.0 120469.0
24592.0 120410.0
24820.0 120247.0
27266.0 120227.0
28687.0 120185.0
28763.0 119664.0
32013.0 119491.0
36108.0 119236.0
36184.0 119139.0
40355.0 119003.0

18016.0 126201.0
18092.0 123935.0
18545.0 122177.0
18615.0 121635.0
19912.0 121611.0
20387.0 121556.0
21266.0 121553.0
21342.0 120762.0
21657.0 120706.0
21708.0 120651.0
24592.0 120596.0
24801.0 120483.0
24820.0 120247.0
27266.0 120227.0
28687.0 120185.0
28763.0 119795.0
32013.0 119681.0
32934.0 119621.0
36108.0 119236.0
36184.0 119139.0
40355.0 119003.0

18092.0 122252.0
18596.0 121989.0
18615.0 121808.0
19912.0 121784.0
20387.0 121760.0
20421.0 121462.0
21266.0 121454.0
21342.0 120761.0
21657.0 120706.0
21708.0 120684.0
24516.0 120616.0
24592.0 120522.0
24801.0 120483.0
24820.0 120247.0
25513.0 120221.0
28687.0 120185.0
28763.0 119664.0
32013.0 119542.0
36108.0 119236.0
36184.0 119139.0
40355.0 119003.0

18092.0 123935.0
18545.0 123855.0
18596.0 122811.0
18615.0 121808.0
19912.0 121784.0
20387.0 121760.0
21266.0 121588.0
21342.0 120614.0
24592.0 120504.0
24801.0 120483.0
24820.0 120247.0
27266.0 120227.0
28687.0 120185.0
28763.0 119857.0
32013.0 119854.0
32934.0 119754.0
36108.0 119236.0
36184.0 119139.0
40355.0 119003.0

18092.0 122252.0
18596.0 121750.0
19946.0 121695.0
21266.0 121587.0
21342.0 120614.0
21708.0 120563.0
24592.0 120503.0
24801.0 120396.0
24820.0 120246.0
25513.0 120229.0
27266.0 120227.0
27862.0 120172.0
28187.0 120006.0
28763.0 119576.0
32013.0 119468.0
36108.0 119236.0
36184.0 119139.0
40355.0 119003.0

18092.0 123935.0
18545.0 123855.0
18596.0 122567.0
18615.0 121587.0
19912.0 121563.0
21266.0 121509.0
21342.0 120761.0
21657.0 120706.0
24516.0 120673.0
24592.0 120560.0
24801.0 120378.0
24820.0 120136.0
25513.0 120035.0
28187.0 119913.0
28763.0 119701.0
32013.0 119360.0
36108.0 119236.0
36184.0 119139.0
39434.0 118884.0

18092.0 122252.0
18596.0 121989.0
18615.0 121808.0
19912.0 121784.0
20387.0 121760.0
21266.0 121587.0
21342.0 120632.0
21657.0 120493.0
21708.0 120442.0
24516.0 120306.0
24820.0 120180.0
25513.0 119951.0
28187.0 119942.0
28763.0 119428.0
32013.0 119280.0
36108.0 119236.0
36184.0 119139.0
40355.0 119003.0

18092.0 122738.0
18545.0 122371.0
18596.0 121989.0
18615.0 121780.0
19112.0 121756.0
19912.0 121732.0
21266.0 121587.0
21342.0 120528.0
21657.0 120515.0
21708.0 120387.0
24516.0 120370.0
24592.0 120290.0
24750.0 120268.0
24820.0 120247.0
25513.0 119730.0
28763.0 119019.0
32013.0 119002.0
43605.0 118673.0


