16816.0 41856.0
16956.0 41745.0
16990.0 41396.0
17516.0 41164.0
18016.0 41101.0
18092.0 40697.0
18596.0 40594.0
18615.0 40443.0
20387.0 40419.0
21266.0 40416.0
21342.0 40064.0
21708.0 39975.0
24516.0 39972.0
24592.0 39915.0
25513.0 39758.0
27894.0 39757.0
28687.0 39754.0
28763.0 39631.0
31937.0 39629.0
32013.0 39572.0
32934.0 39511.0
36184.0 39385.0
39358.0 39382.0
39434.0 39326.0
40355.0 39278.0
43529.0 39276.0
43605.0 39152.0
46855.0 39093.0
51026.0 39070.0
54276.0 39011.0

16816.0 41662.0
16990.0 41536.0
17516.0 41267.0
18016.0 41168.0
18092.0 40531.0
18545.0 40509.0
18596.0 40337.0
19912.0 40313.0
21266.0 40312.0
21342.0 40088.0
21708.0 39975.0
24516.0 39972.0
24592.0 39916.0
25513.0 39758.0
28763.0 39656.0
32013.0 39596.0
32934.0 39512.0
36184.0 39410.0
39434.0 39350.0
42684.0 39315.0

16816.0 41662.0
16990.0 41536.0
17345.0 41471.0
17516.0 41220.0
18016.0 41139.0
18092.0 40531.0
18545.0 40509.0
18596.0 40337.0
19912.0 40313.0
21266.0 40312.0
21342.0 40064.0
21708.0 39975.0
24516.0 39972.0
24592.0 39916.0
24820.0 39889.0
25513.0 39758.0
28763.0 39656.0
32013.0 39596.0
32934.0 39512.0
36184.0 39410.0
39434.0 39350.0
42684.0 39315.0

16816.0 41481.0
17516.0 41247.0
18016.0 41148.0
18092.0 40531.0
18545.0 40509.0
18596.0 40337.0
19912.0 40313.0
21266.0 40312.0
21342.0 40088.0
21657.0 40071.0
21708.0 39975.0
24516.0 39972.0
24592.0 39916.0
24820.0 39889.0
25513.0 39758.0
28763.0 39656.0
32013.0 39596.0
32934.0 39512.0
36184.0 39410.0
39434.0 39350.0
42684.0 39315.0

16816.0 41662.0
16990.0 41536.0
17516.0 41173.0
18016.0 41074.0
18092.0 40531.0
18545.0 40509.0
18596.0 40337.0
19912.0 40313.0
21266.0 40310.0
21342.0 40064.0
21708.0 39975.0
24516.0 39972.0
24592.0 39916.0
25513.0 39758.0
28763.0 39632.0
32013.0 39596.0
32934.0 39512.0
36184.0 39386.0
39434.0 39350.0
42684.0 39315.0

16816.0 41662.0
16990.0 41536.0
17345.0 41501.0
17516.0 41250.0
18016.0 41168.0
18092.0 40466.0
18545.0 40444.0
18596.0 40337.0
19912.0 40313.0
21266.0 40312.0
21342.0 40088.0
21657.0 40071.0
21708.0 39975.0
24516.0 39972.0
24592.0 39915.0
24820.0 39889.0
25513.0 39758.0
28763.0 39632.0
32013.0 39572.0
32934.0 39512.0
36184.0 39386.0
39434.0 39350.0
42684.0 39315.0
47776.0 39309.0

16816.0 41662.0
16990.0 41536.0
17516.0 41267.0
18016.0 41168.0
18092.0 40466.0
18545.0 40444.0
18596.0 40337.0
19912.0 40313.0
21266.0 40312.0
21342.0 40088.0
21657.0 40071.0
21708.0 39975.0
24516.0 39972.0
24592.0 39916.0
24820.0 39865.0
25513.0 39758.0
28763.0 39631.0
32013.0 39573.0
32934.0 39512.0
36184.0 39385.0
39434.0 39350.0
42684.0 39315.0
43605.0 39177.0

16816.0 41481.0
16990.0 41396.0
17516.0 41164.0
18016.0 41101.0
18092.0 40466.0
18545.0 40444.0
18596.0 40337.0
19912.0 40313.0
21266.0 40312.0
21342.0 40064.0
21708.0 39975.0
24516.0 39972.0
24592.0 39915.0
24820.0 39865.0
25513.0 39758.0
28763.0 39631.0
32013.0 39573.0
32934.0 39512.0
36108.0 39511.0
36184.0 39385.0
39434.0 39350.0
42684.0 39315.0
43605.0 39177.0

16816.0 41662.0
16990.0 41536.0
17516.0 41173.0
18016.0 41074.0
18092.0 40466.0
18545.0 40444.0
18596.0 40337.0
19912.0 40313.0
21266.0 40310.0
21342.0 40064.0
21708.0 39975.0
24516.0 39972.0
24592.0 39916.0
24820.0 39865.0
25513.0 39758.0
28763.0 39631.0
32013.0 39573.0
32934.0 39512.0
36184.0 39385.0
39434.0 39350.0
42684.0 39315.0
43605.0 39177.0

16816.0 41662.0
16990.0 41396.0
17516.0 41250.0
17745.0 41202.0
18016.0 41101.0
18092.0 40466.0
18545.0 40444.0
18596.0 40337.0
19912.0 40313.0
21266.0 40310.0
21342.0 40064.0
21708.0 39975.0
24516.0 39972.0
24592.0 39916.0
24820.0 39865.0
25513.0 39758.0
28763.0 39631.0
32013.0 39573.0
32934.0 39512.0
36184.0 39385.0
39434.0 39350.0
42684.0 39315.0
43605.0 39177.0

16515.0 42815.0
16571.0 41785.0
16816.0 41542.0
16990.0 41396.0
17171.0 40835.0
18092.0 40466.0
18545.0 40444.0
18596.0 40337.0
19912.0 40313.0
21266.0 40310.0
21342.0 40064.0
21708.0 39975.0
24516.0 39972.0
24592.0 39915.0
24820.0 39865.0
25513.0 39758.0
28687.0 39757.0
28763.0 39631.0
31937.0 39629.0
32013.0 39572.0
32934.0 39512.0
36184.0 39385.0
39434.0 39350.0
40355.0 39286.0
43529.0 39278.0
43605.0 39177.0
50029.0 39133.0
57450.0 39051.0


