20838.0 219471.0
21342.0 215208.0
21436.0 214725.0
23416.0 214040.0
23916.0 213109.0
23951.0 212796.0
24651.0 212511.0
25513.0 210910.0
28763.0 210621.0

22254.0 250681.0
22461.0 236241.0
27843.0 235148.0
28804.0 234338.0
29155.0 234006.0
29538.0 231022.0
30481.0 230851.0
35608.0 229218.0
37211.0 228289.0

22254.0 250681.0
22461.0 236241.0
24976.0 232991.0
27266.0 229537.0
30481.0 229504.0
35608.0 229218.0
37211.0 228289.0

22140.0 246446.0
22461.0 236241.0
24976.0 232991.0
27266.0 229537.0
30481.0 229504.0
35608.0 229218.0
37211.0 228289.0

22140.0 246446.0
22461.0 236241.0
24976.0 232991.0
27266.0 229537.0
30481.0 229504.0
35608.0 229218.0
37211.0 228289.0

22254.0 250681.0
22461.0 236241.0
24976.0 232991.0
27266.0 229537.0
30481.0 229504.0
35608.0 229218.0
37211.0 228289.0

22254.0 250681.0
22461.0 236241.0
24976.0 232991.0
27266.0 229537.0
30481.0 229504.0
35608.0 229218.0
37211.0 228289.0

22254.0 250681.0
22461.0 236241.0
27843.0 235148.0
28804.0 234338.0
29155.0 234006.0
29538.0 231022.0
30481.0 230851.0
32771.0 229963.0
35608.0 229218.0
37211.0 228289.0

22140.0 246446.0
22461.0 236241.0
26705.0 230590.0
35608.0 229218.0
37211.0 228289.0

21689.0 246648.0
22461.0 236241.0
27843.0 235148.0
28804.0 234338.0
29155.0 234006.0
29538.0 231022.0
30481.0 230851.0
35608.0 229218.0
37211.0 228289.0

22254.0 250681.0
22461.0 236241.0
27843.0 235148.0
27966.0 231690.0
29538.0 231022.0
30161.0 226759.0


