16745.0 46288.0
16816.0 42217.0
16990.0 41691.0
17516.0 41459.0
18016.0 41396.0
18092.0 40872.0
18545.0 40850.0
18596.0 40563.0
19946.0 40515.0
21266.0 40514.0
21342.0 40300.0
21638.0 40299.0
21657.0 40292.0
21708.0 40093.0
24592.0 40034.0
25513.0 39876.0
27843.0 39854.0
28763.0 39750.0
32934.0 39697.0
36184.0 39439.0

16745.0 46288.0
16816.0 42217.0
16990.0 41691.0
17516.0 41459.0
18016.0 41396.0
18092.0 40872.0
18545.0 40850.0
18596.0 40563.0
19946.0 40515.0
21266.0 40514.0
21342.0 40300.0
21638.0 40299.0
21657.0 40292.0
21708.0 40093.0
24592.0 40034.0
25513.0 39876.0
27843.0 39854.0
28763.0 39750.0
32934.0 39697.0
36184.0 39439.0

16745.0 46288.0
16816.0 42217.0
16990.0 41691.0
17516.0 41459.0
18016.0 41396.0
18092.0 40872.0
18545.0 40850.0
18596.0 40563.0
19946.0 40515.0
21266.0 40514.0
21342.0 40300.0
21638.0 40299.0
21657.0 40292.0
21708.0 40093.0
24592.0 40034.0
25513.0 39876.0
27843.0 39854.0
28763.0 39750.0
32934.0 39697.0
36184.0 39439.0

16745.0 46288.0
16816.0 42217.0
16990.0 41691.0
17516.0 41459.0
18016.0 41396.0
18092.0 40872.0
18545.0 40850.0
18596.0 40563.0
19946.0 40515.0
21266.0 40514.0
21342.0 40300.0
21638.0 40299.0
21657.0 40292.0
21708.0 40093.0
24592.0 40034.0
25513.0 39876.0
27843.0 39854.0
28763.0 39750.0
32934.0 39697.0
36184.0 39439.0

16745.0 46288.0
16816.0 42217.0
16990.0 41691.0
17516.0 41459.0
18016.0 41396.0
18092.0 40872.0
18545.0 40850.0
18596.0 40563.0
19946.0 40515.0
21266.0 40514.0
21342.0 40300.0
21638.0 40299.0
21657.0 40292.0
21708.0 40093.0
24592.0 40034.0
25513.0 39876.0
27843.0 39854.0
28763.0 39750.0
32934.0 39697.0
36184.0 39439.0

16745.0 46288.0
16816.0 42217.0
16990.0 41691.0
17516.0 41459.0
18016.0 41396.0
18092.0 40872.0
18545.0 40850.0
18596.0 40563.0
19946.0 40515.0
21266.0 40514.0
21342.0 40300.0
21638.0 40299.0
21657.0 40292.0
21708.0 40093.0
24592.0 40034.0
25513.0 39876.0
27843.0 39854.0
28763.0 39750.0
32934.0 39697.0
36184.0 39439.0

16745.0 46288.0
16816.0 42217.0
16990.0 41691.0
17516.0 41459.0
18016.0 41396.0
18092.0 40872.0
18545.0 40850.0
18596.0 40563.0
19946.0 40515.0
21266.0 40514.0
21342.0 40300.0
21638.0 40299.0
21657.0 40292.0
21708.0 40093.0
24592.0 40034.0
25513.0 39876.0
27843.0 39854.0
28763.0 39750.0
32934.0 39697.0
36184.0 39439.0

16745.0 46288.0
16816.0 42217.0
16990.0 41691.0
17516.0 41459.0
18016.0 41396.0
18092.0 40872.0
18545.0 40850.0
18596.0 40563.0
19946.0 40515.0
21266.0 40514.0
21342.0 40300.0
21638.0 40299.0
21657.0 40292.0
21708.0 40093.0
24592.0 40034.0
25513.0 39876.0
27843.0 39854.0
28763.0 39750.0
32934.0 39697.0
36184.0 39439.0

16745.0 46288.0
16816.0 42217.0
16990.0 41691.0
17516.0 41459.0
18016.0 41396.0
18092.0 40872.0
18545.0 40850.0
18596.0 40563.0
19946.0 40515.0
21266.0 40514.0
21342.0 40300.0
21638.0 40299.0
21657.0 40292.0
21708.0 40093.0
24592.0 40034.0
25513.0 39876.0
27843.0 39854.0
28763.0 39750.0
32934.0 39697.0
36184.0 39439.0

16745.0 46288.0
16816.0 42217.0
16990.0 41691.0
17516.0 41459.0
18016.0 41396.0
18092.0 40872.0
18545.0 40850.0
18596.0 40563.0
19946.0 40515.0
21266.0 40514.0
21342.0 40300.0
21638.0 40299.0
21657.0 40292.0
21708.0 40093.0
24592.0 40034.0
25513.0 39876.0
27843.0 39854.0
28763.0 39750.0
32934.0 39697.0
36184.0 39439.0

16745.0 46288.0
16816.0 42217.0
16990.0 41691.0
17516.0 41459.0
18016.0 41396.0
18092.0 40872.0
18545.0 40850.0
18596.0 40563.0
19946.0 40515.0
21266.0 40514.0
21342.0 40300.0
21638.0 40299.0
21657.0 40292.0
21708.0 40093.0
24592.0 40034.0
25513.0 39876.0
27843.0 39854.0
28763.0 39750.0
32934.0 39697.0
36184.0 39439.0


