18513.0 133957.0
18596.0 124047.0
18615.0 122671.0
19471.0 122157.0
20345.0 122114.0
21266.0 122093.0
21342.0 121702.0
21638.0 121526.0
21708.0 121481.0
22263.0 121135.0
24592.0 120800.0
25513.0 120715.0
27913.0 120558.0
28763.0 120144.0
31937.0 119809.0
36108.0 119797.0
36184.0 119784.0
39358.0 119605.0

18615.0 122242.0
19146.0 122207.0
19946.0 122137.0
21266.0 121933.0
21342.0 121136.0
24516.0 120617.0
24750.0 120595.0
28763.0 120274.0
33911.0 120093.0
39358.0 120079.0

18615.0 122242.0
19146.0 122207.0
19946.0 122137.0
21266.0 121933.0
21342.0 121136.0
24516.0 120617.0
24750.0 120549.0
28763.0 120274.0
33911.0 120093.0
39358.0 120079.0

18596.0 122767.0
18615.0 122242.0
19146.0 122151.0
19912.0 122127.0
21266.0 121933.0
21342.0 121073.0
21708.0 120621.0
24516.0 120617.0
24750.0 120318.0
28763.0 120071.0

18596.0 122767.0
18615.0 122242.0
19146.0 122191.0
19912.0 122167.0
19946.0 122137.0
21266.0 121933.0
21342.0 121063.0
23950.0 120628.0
24516.0 120617.0
24750.0 120549.0
27043.0 120517.0
28763.0 120098.0
31437.0 119875.0

18596.0 121992.0
19912.0 121799.0
21266.0 121796.0
21342.0 121136.0
21638.0 121130.0
21708.0 120947.0
24516.0 120617.0
24750.0 120549.0
25513.0 120457.0
28763.0 120155.0
33911.0 120093.0
39358.0 120079.0

18615.0 122242.0
19146.0 122207.0
19946.0 122137.0
21266.0 121933.0
21342.0 121136.0
24516.0 120617.0
24750.0 120571.0
28763.0 120152.0
33911.0 120093.0
39358.0 120079.0

18596.0 122715.0
18615.0 122190.0
19946.0 122137.0
21266.0 121933.0
21342.0 121136.0
21708.0 120830.0
23950.0 120665.0
24516.0 120617.0
24750.0 120571.0
24820.0 120453.0
28763.0 119939.0
31437.0 119932.0
43605.0 119843.0

18596.0 122767.0
18615.0 122242.0
19146.0 122191.0
19912.0 122167.0
19946.0 122137.0
21266.0 121933.0
21342.0 121063.0
23950.0 120628.0
24516.0 120617.0
24750.0 120571.0
27043.0 120517.0
28763.0 120098.0
31437.0 119868.0

18596.0 122115.0
19912.0 122055.0
19946.0 121944.0
21266.0 121933.0
21342.0 121136.0
24516.0 120617.0
24750.0 120571.0
28763.0 120152.0
33911.0 120093.0
39358.0 120079.0

18092.0 125660.0
18596.0 122382.0
18615.0 121585.0
19946.0 121561.0
21266.0 121558.0
21342.0 120853.0
21708.0 120788.0
22263.0 120572.0
24516.0 120392.0
24750.0 120370.0
25513.0 120170.0
28763.0 119715.0
31937.0 119281.0
32934.0 118902.0
38361.0 118730.0
43605.0 118438.0


