23316.0 227897.0
23840.0 227678.0
24201.0 225754.0
24913.0 225220.0
27062.0 224677.0
27913.0 223881.0
30406.0 222027.0
30737.0 221239.0

24197.0 261586.0
24913.0 245311.0
25513.0 240895.0
26887.0 239354.0
27166.0 236857.0
28763.0 234303.0

24197.0 261586.0
24913.0 245311.0
25513.0 240895.0
26887.0 239354.0
27166.0 236857.0
28763.0 234303.0

24197.0 261586.0
24913.0 245311.0
25513.0 240895.0
26887.0 239354.0
27166.0 236857.0
28763.0 234303.0

24197.0 261586.0
24913.0 245311.0
25513.0 240895.0
26887.0 239354.0
27166.0 236857.0
28763.0 234303.0

24197.0 261586.0
24913.0 245311.0
25513.0 240895.0
26887.0 239354.0
27166.0 236857.0
28763.0 234303.0

24197.0 261586.0
24913.0 245311.0
25513.0 240895.0
26887.0 239354.0
27166.0 236857.0
28763.0 234303.0

24197.0 261586.0
24913.0 245311.0
25513.0 240895.0
26887.0 239354.0
27166.0 236857.0
28763.0 234303.0

24197.0 261586.0
24913.0 245311.0
25513.0 237019.0
27166.0 236857.0
28763.0 234303.0

24197.0 261586.0
24913.0 245311.0
25513.0 240895.0
26887.0 239354.0
27166.0 236857.0
28763.0 234303.0

24197.0 261586.0
24913.0 245311.0
25513.0 240895.0
26887.0 239354.0
27166.0 236857.0
28763.0 234303.0


