24263.0 227487.0
25437.0 226016.0
25513.0 223353.0
28687.0 221581.0
28763.0 220703.0

22263.0 243089.0
23054.0 240256.0
25192.0 237841.0
28285.0 236620.0
28763.0 232042.0

22263.0 243089.0
23054.0 240256.0
25192.0 237841.0
28285.0 236620.0
28763.0 232042.0

22263.0 243089.0
23054.0 240256.0
25192.0 237841.0
28285.0 236620.0
28763.0 232042.0

22263.0 243089.0
23054.0 240256.0
25192.0 237841.0
28285.0 236620.0
28763.0 232042.0

22263.0 243089.0
23054.0 240256.0
25192.0 237841.0
28285.0 236620.0
28763.0 232042.0

22263.0 243089.0
23054.0 240256.0
25192.0 237841.0
28285.0 236620.0
28763.0 232042.0

22263.0 243089.0
23054.0 240256.0
25192.0 237841.0
28285.0 236620.0
28763.0 232042.0

22263.0 243089.0
23054.0 240256.0
25192.0 237841.0
28285.0 236620.0
28763.0 232042.0

22263.0 243089.0
23054.0 240256.0
25192.0 237841.0
28285.0 236620.0
28763.0 232042.0

22263.0 243089.0
23054.0 240256.0
25192.0 237841.0
28285.0 236620.0
28418.0 232387.0
28763.0 232042.0


