18446.0 127219.0
18545.0 121896.0
18596.0 121843.0
19112.0 121773.0
19946.0 121670.0
21342.0 121162.0
21638.0 121090.0
24592.0 121055.0
25513.0 120337.0
28187.0 120305.0
32934.0 120142.0
36184.0 120094.0

18446.0 127219.0
18545.0 121896.0
18596.0 121843.0
19112.0 121773.0
19946.0 121670.0
21342.0 121162.0
21638.0 121090.0
24592.0 121055.0
25513.0 120337.0
28187.0 120305.0
32934.0 120142.0
36184.0 120094.0

18446.0 127219.0
18545.0 121896.0
18596.0 121843.0
19112.0 121773.0
19946.0 121670.0
21342.0 121162.0
21638.0 121090.0
24592.0 121055.0
25513.0 120337.0
28187.0 120305.0
32934.0 120142.0
36184.0 120094.0

18446.0 127219.0
18545.0 121896.0
18596.0 121843.0
19112.0 121773.0
19946.0 121670.0
21342.0 121162.0
21638.0 121090.0
24592.0 121055.0
25513.0 120337.0
28187.0 120305.0
32934.0 120142.0
36184.0 120094.0

18446.0 127219.0
18545.0 121896.0
18596.0 121843.0
19112.0 121773.0
19946.0 121670.0
21342.0 121162.0
21638.0 121090.0
24592.0 121055.0
25513.0 120337.0
28187.0 120305.0
32934.0 120142.0
36184.0 120094.0

18446.0 127219.0
18545.0 121896.0
18596.0 121843.0
19112.0 121773.0
19946.0 121670.0
21342.0 121162.0
21638.0 121090.0
24592.0 121055.0
25513.0 120337.0
28187.0 120305.0
32934.0 120142.0
36184.0 120094.0

18446.0 127219.0
18545.0 121896.0
18596.0 121843.0
19112.0 121773.0
19946.0 121670.0
21342.0 121162.0
21638.0 121090.0
24592.0 121055.0
25513.0 120337.0
28187.0 120305.0
32934.0 120142.0
36184.0 120094.0

18446.0 127219.0
18545.0 121896.0
18596.0 121843.0
19112.0 121773.0
19946.0 121670.0
21342.0 121162.0
21638.0 121090.0
24592.0 121055.0
25513.0 120337.0
28187.0 120305.0
32934.0 120142.0
36184.0 120094.0

18446.0 127219.0
18545.0 121896.0
18596.0 121843.0
19112.0 121773.0
19946.0 121670.0
21342.0 121162.0
21638.0 121090.0
24592.0 121055.0
25513.0 120337.0
28187.0 120305.0
32934.0 120142.0
36184.0 120094.0

18446.0 127219.0
18545.0 121896.0
18596.0 121843.0
19112.0 121773.0
19946.0 121670.0
21342.0 121162.0
21638.0 121090.0
24592.0 121055.0
25513.0 120337.0
28187.0 120305.0
32934.0 120142.0
36184.0 120094.0

18446.0 127219.0
18545.0 121896.0
18596.0 121843.0
19112.0 121773.0
19946.0 121670.0
21342.0 121162.0
21638.0 121090.0
24592.0 121055.0
25513.0 120337.0
28187.0 120305.0
32934.0 120142.0
36184.0 120094.0


