18092.0 122917.0
18447.0 122836.0
18526.0 122814.0
18545.0 122613.0
18596.0 122549.0
18671.0 122544.0
19471.0 122322.0
19912.0 122298.0
20438.0 122206.0
21266.0 122126.0
21342.0 121180.0
21689.0 120997.0
21708.0 120785.0
24516.0 120711.0
24592.0 120586.0
27766.0 120545.0
27894.0 120057.0
28687.0 119880.0
28763.0 119604.0
31937.0 119456.0
32013.0 119415.0
35608.0 119314.0
36184.0 118931.0
38858.0 118783.0
39358.0 118602.0
43605.0 118328.0
46779.0 118130.0

18092.0 129734.0
18122.0 128770.0
18545.0 127650.0
18596.0 122428.0
18615.0 122162.0
20387.0 122138.0
20838.0 121558.0
21342.0 121063.0
21708.0 120907.0
24516.0 120835.0
24592.0 120581.0
24750.0 120288.0
27842.0 120282.0
28763.0 119415.0
32013.0 119012.0
39358.0 118958.0
39434.0 118810.0

18092.0 122517.0
18596.0 122404.0
18615.0 122162.0
19912.0 122138.0
20766.0 121676.0
20838.0 121534.0
21342.0 121063.0
21708.0 120883.0
24516.0 120835.0
24592.0 120530.0
24750.0 120264.0
27842.0 120258.0
28763.0 119415.0
32013.0 119012.0
39358.0 118907.0
39434.0 118759.0

18092.0 122517.0
18545.0 122337.0
18596.0 122028.0
19946.0 121923.0
20387.0 121434.0
21342.0 121063.0
21708.0 120822.0
24516.0 120378.0
24592.0 120318.0
24750.0 120288.0
27842.0 120282.0
28763.0 119415.0
32013.0 119012.0
39358.0 118958.0
39434.0 118810.0

18092.0 122456.0
18545.0 122341.0
18596.0 121839.0
19912.0 121741.0
20766.0 121565.0
20838.0 121534.0
21342.0 120885.0
21708.0 120643.0
24516.0 120599.0
24592.0 120506.0
24750.0 120264.0
27842.0 120258.0
28763.0 119415.0
32013.0 118988.0
39358.0 118907.0
39434.0 118759.0

18092.0 122517.0
18545.0 122341.0
18596.0 122032.0
19946.0 121741.0
20766.0 121565.0
20838.0 121534.0
21342.0 120982.0
21657.0 120965.0
21708.0 120874.0
24516.0 120599.0
24592.0 120506.0
24750.0 120264.0
27842.0 120258.0
28763.0 119415.0
32013.0 118988.0
39358.0 118907.0
39434.0 118759.0

18092.0 129734.0
18122.0 128770.0
18545.0 127650.0
18577.0 124240.0
18596.0 121689.0
19112.0 121619.0
20766.0 121565.0
20838.0 121534.0
21266.0 121509.0
21342.0 120982.0
21657.0 120965.0
21708.0 120740.0
24516.0 120599.0
24592.0 120506.0
24750.0 120264.0
27842.0 120258.0
28687.0 120006.0
28763.0 119415.0
32013.0 118988.0
39358.0 118907.0
39434.0 118759.0

18092.0 123521.0
18526.0 123185.0
18545.0 122693.0
18596.0 121689.0
19112.0 121619.0
20766.0 121565.0
20838.0 121534.0
21266.0 121509.0
21342.0 120982.0
21657.0 120965.0
21708.0 120740.0
24516.0 120599.0
24592.0 120506.0
24750.0 120264.0
27842.0 120258.0
27843.0 119975.0
28763.0 119415.0
32013.0 118988.0
39358.0 118907.0
39434.0 118759.0

18092.0 129734.0
18122.0 128770.0
18545.0 127650.0
18577.0 124240.0
18596.0 121558.0
20838.0 121534.0
21266.0 121412.0
21342.0 120980.0
21657.0 120965.0
21708.0 120410.0
24592.0 120380.0
24750.0 120264.0
27842.0 120258.0
27913.0 120055.0
28687.0 120006.0
28763.0 119375.0
32013.0 118988.0
36184.0 118979.0
39358.0 118842.0
39434.0 118694.0

18092.0 124903.0
18526.0 122833.0
18545.0 122341.0
18596.0 121689.0
19112.0 121619.0
20766.0 121565.0
20838.0 121534.0
21266.0 121509.0
21342.0 120982.0
21657.0 120965.0
21708.0 120740.0
24516.0 120599.0
24592.0 120506.0
24750.0 120264.0
27842.0 120258.0
28687.0 120246.0
28763.0 119415.0
32013.0 118988.0
39358.0 118907.0
39434.0 118759.0

18092.0 123874.0
18577.0 123457.0
18596.0 121765.0
19112.0 121760.0
19912.0 121690.0
20766.0 121676.0
20838.0 121534.0
21266.0 121509.0
21342.0 120952.0
21708.0 120710.0
24516.0 120667.0
24592.0 120362.0
24750.0 120288.0
24820.0 120052.0
25513.0 119996.0
27842.0 119873.0
28763.0 118939.0
39434.0 118760.0
42608.0 118477.0


