22020.0 227904.0
22699.0 226713.0
23331.0 223298.0
24201.0 223194.0
25010.0 222673.0
29461.0 222166.0

21708.0 241759.0
23392.0 237332.0
24913.0 235646.0
26992.0 235338.0
27913.0 235097.0
28687.0 233847.0
30355.0 230521.0

21708.0 241759.0
23392.0 237332.0
24913.0 235646.0
26992.0 235338.0
27313.0 232238.0
27487.0 230949.0
28163.0 229452.0

21708.0 241759.0
23392.0 237332.0
24913.0 235646.0
26992.0 235338.0
27913.0 235097.0
28687.0 233847.0
30355.0 230521.0

21708.0 241759.0
22263.0 235333.0
25513.0 230052.0

21708.0 241759.0
23392.0 237332.0
24651.0 235040.0
28163.0 233413.0
28187.0 233337.0
28687.0 230928.0
31361.0 230432.0

21708.0 241759.0
23392.0 237332.0
24913.0 235646.0
26992.0 235338.0
27913.0 235097.0
28687.0 233847.0
30355.0 233288.0
32358.0 231654.0

21708.0 241759.0
23392.0 237332.0
24913.0 235646.0
26992.0 235338.0
27913.0 235097.0
28687.0 233847.0
30355.0 230521.0

21708.0 241759.0
23392.0 237332.0
24913.0 235646.0
26992.0 235338.0
27913.0 235097.0
28687.0 233847.0
30355.0 230521.0

21708.0 241759.0
23392.0 237332.0
24913.0 234149.0
28687.0 233847.0
28763.0 231615.0

21708.0 241759.0
23392.0 237332.0
24913.0 235646.0
26992.0 235338.0
27913.0 235097.0
28687.0 233847.0
30355.0 230521.0


