18545.0 128943.0
18615.0 122438.0
21266.0 122395.0
21342.0 121049.0
21638.0 121032.0
21708.0 120807.0
24592.0 120508.0
24801.0 120484.0
24820.0 120220.0
32013.0 120137.0
36184.0 119778.0

18545.0 128943.0
18615.0 122438.0
21266.0 122395.0
21342.0 121049.0
21638.0 121032.0
21708.0 120807.0
24592.0 120508.0
24801.0 120484.0
24820.0 120220.0
32013.0 120137.0
36184.0 119778.0

18545.0 128943.0
18615.0 122438.0
21266.0 122395.0
21342.0 121049.0
21638.0 121032.0
21708.0 120807.0
24592.0 120508.0
24801.0 120484.0
24820.0 120220.0
32013.0 120137.0
36184.0 119778.0

18545.0 128943.0
18615.0 122438.0
21266.0 122395.0
21342.0 121049.0
21638.0 121032.0
21708.0 120807.0
24592.0 120508.0
24801.0 120484.0
24820.0 120220.0
32013.0 120137.0
36184.0 119778.0

18545.0 128943.0
18615.0 122438.0
21266.0 122395.0
21342.0 121049.0
21638.0 121032.0
21708.0 120807.0
24592.0 120508.0
24801.0 120484.0
24820.0 120220.0
32013.0 120137.0
36184.0 119778.0

18545.0 128943.0
18615.0 122438.0
21266.0 122395.0
21342.0 121049.0
21638.0 121032.0
21708.0 120807.0
24592.0 120508.0
24801.0 120484.0
24820.0 120220.0
32013.0 120137.0
36184.0 119778.0

18545.0 128943.0
18615.0 122438.0
21266.0 122395.0
21342.0 121049.0
21638.0 121032.0
21708.0 120807.0
24592.0 120508.0
24801.0 120484.0
24820.0 120220.0
32013.0 120137.0
36184.0 119778.0

18545.0 128943.0
18615.0 122438.0
21266.0 122395.0
21342.0 121049.0
21638.0 121032.0
21708.0 120807.0
24592.0 120508.0
24801.0 120484.0
24820.0 120220.0
32013.0 120137.0
36184.0 119778.0

18545.0 128943.0
18615.0 122438.0
21266.0 122395.0
21342.0 121049.0
21638.0 121032.0
21708.0 120807.0
24592.0 120508.0
24801.0 120484.0
24820.0 120220.0
32013.0 120137.0
36184.0 119778.0

18545.0 128943.0
18615.0 122438.0
21266.0 122395.0
21342.0 121049.0
21638.0 121032.0
21708.0 120807.0
24592.0 120508.0
24801.0 120484.0
24820.0 120220.0
32013.0 120137.0
36184.0 119778.0

18545.0 128943.0
18615.0 122438.0
21266.0 122395.0
21342.0 121049.0
21638.0 121032.0
21708.0 120807.0
24592.0 120508.0
24801.0 120484.0
24820.0 120220.0
32013.0 120137.0
36184.0 119778.0


