22020.0 246032.0
23340.0 240531.0
23916.0 236669.0
24310.0 236543.0
24801.0 235525.0
25451.0 234337.0
25513.0 231537.0
27525.0 230503.0
27766.0 229521.0
27913.0 229453.0
28111.0 224092.0

23316.0 241765.0
24310.0 241541.0
24820.0 236745.0
27313.0 232246.0

23316.0 241765.0
24310.0 241541.0
24820.0 236745.0
27313.0 232246.0

23316.0 241765.0
24310.0 241541.0
24820.0 236745.0
27313.0 232246.0

23316.0 241765.0
24310.0 241541.0
24820.0 236745.0
27313.0 232246.0

23316.0 241765.0
24310.0 241541.0
24820.0 236745.0
27313.0 232246.0

23316.0 241765.0
24310.0 241541.0
24820.0 236745.0
27313.0 232246.0

23316.0 241765.0
24310.0 241541.0
24820.0 236745.0
27313.0 232246.0

23316.0 241765.0
24310.0 241541.0
24820.0 236745.0
27313.0 232246.0

23316.0 241765.0
24310.0 241541.0
24820.0 236745.0
27313.0 232246.0

23316.0 241765.0
24310.0 241541.0
24820.0 236745.0
27313.0 232246.0


