18545.0 123654.0
18596.0 122189.0
18615.0 121806.0
19912.0 121766.0
20345.0 121763.0
21266.0 121705.0
21342.0 120680.0
21708.0 120229.0
24516.0 120226.0
24592.0 119919.0
24820.0 119817.0
27766.0 119814.0
27842.0 119707.0
28763.0 119222.0
31937.0 119151.0
32013.0 118847.0
32934.0 118681.0
36108.0 118656.0
36184.0 118555.0
39434.0 118116.0
40355.0 118027.0
42684.0 117992.0
43605.0 117633.0
46779.0 117608.0
46855.0 117549.0

18092.0 123787.0
18545.0 122669.0
18596.0 122292.0
18615.0 122064.0
19112.0 122029.0
19912.0 121935.0
20345.0 121934.0
21266.0 121910.0
21342.0 121446.0
21638.0 121434.0
21708.0 121259.0
24592.0 121195.0
24801.0 120984.0
25513.0 120618.0
28187.0 120576.0
28763.0 119958.0
36184.0 119805.0

18092.0 123456.0
18545.0 122456.0
18596.0 122262.0
18615.0 122064.0
19112.0 122029.0
19912.0 121935.0
20345.0 121934.0
21266.0 121910.0
21342.0 121270.0
21638.0 121198.0
24592.0 121163.0
24750.0 121093.0
24801.0 120984.0
25513.0 120607.0
27913.0 120502.0
28763.0 119705.0

18092.0 123456.0
18545.0 122456.0
18596.0 122246.0
18615.0 121839.0
19112.0 121785.0
19912.0 121691.0
20345.0 121690.0
21266.0 121687.0
21342.0 121173.0
21638.0 121156.0
21708.0 120861.0
24592.0 120826.0
24801.0 120508.0
27913.0 120385.0
28687.0 120352.0
28763.0 119705.0
36184.0 119682.0
43605.0 119543.0

18092.0 123456.0
18545.0 122456.0
18596.0 122181.0
18615.0 122064.0
19112.0 122029.0
19912.0 121935.0
19946.0 121865.0
21266.0 121844.0
21342.0 121270.0
21638.0 121198.0
21708.0 121121.0
24516.0 121108.0
24592.0 120922.0
24801.0 120528.0
27913.0 120310.0
28763.0 119705.0

18092.0 123787.0
18545.0 122456.0
18596.0 122057.0
19112.0 122029.0
19912.0 121935.0
19946.0 121906.0
21266.0 121881.0
21342.0 121024.0
24516.0 120803.0
25513.0 120470.0
28763.0 119705.0
36184.0 119288.0

18092.0 123411.0
18545.0 122456.0
18596.0 121500.0
19912.0 121476.0
21266.0 121475.0
21342.0 121349.0
21638.0 121198.0
21708.0 121151.0
24592.0 121001.0
24801.0 120876.0
25513.0 120616.0
28187.0 120576.0
28687.0 120513.0
28763.0 119705.0

18092.0 123411.0
18545.0 122456.0
18596.0 121500.0
19912.0 121476.0
21266.0 121475.0
21342.0 121349.0
21638.0 121198.0
21708.0 121086.0
24516.0 121085.0
24750.0 120750.0
25513.0 120616.0
28187.0 120576.0
28687.0 120445.0
28763.0 119705.0

18092.0 123411.0
18545.0 122456.0
18596.0 121493.0
19912.0 121348.0
21266.0 121345.0
21342.0 121009.0
21708.0 120900.0
24592.0 120866.0
24801.0 120271.0
28763.0 119705.0

18092.0 123615.0
18545.0 122416.0
18596.0 122135.0
18615.0 122064.0
19112.0 122029.0
19912.0 121935.0
19946.0 121906.0
21266.0 121885.0
21342.0 121385.0
21638.0 121198.0
21708.0 121065.0
24016.0 121001.0
24592.0 120967.0
24750.0 120904.0
24801.0 120891.0
25513.0 120616.0
27043.0 120595.0
28187.0 120576.0
28763.0 119705.0

18092.0 122635.0
18545.0 122629.0
18596.0 122057.0
18615.0 121684.0
21266.0 121681.0
21342.0 121199.0
21638.0 120988.0
21689.0 120970.0
21708.0 120714.0
24592.0 120663.0
24801.0 120420.0
25513.0 120052.0
28763.0 119162.0
36184.0 119128.0
43605.0 118539.0


