18092.0 124992.0
18545.0 124157.0
18596.0 123444.0
21266.0 123374.0
21342.0 121996.0
21638.0 121934.0
21708.0 121511.0
24516.0 121506.0
24592.0 121487.0
24750.0 121482.0
24820.0 121292.0
25513.0 120297.0
28687.0 120133.0
28763.0 119203.0
32013.0 119145.0
36184.0 118912.0

18545.0 130368.0
18596.0 122736.0
18615.0 122255.0
20387.0 121960.0
21342.0 121321.0
21708.0 120837.0
25513.0 120371.0
28763.0 120087.0
32858.0 119853.0
36184.0 119646.0

18545.0 130368.0
18596.0 122736.0
18615.0 122255.0
20387.0 121960.0
21342.0 121321.0
21708.0 120837.0
25513.0 120371.0
28763.0 120087.0
32858.0 119853.0
36184.0 119646.0

18545.0 126112.0
18596.0 122459.0
18615.0 122255.0
20387.0 121896.0
21342.0 121321.0
21708.0 120813.0
24801.0 120686.0
25513.0 120346.0
28763.0 120087.0
32858.0 119853.0
36184.0 119646.0

18545.0 130368.0
18596.0 122736.0
18615.0 122255.0
20387.0 121896.0
21342.0 121321.0
21708.0 120813.0
25513.0 120346.0
28763.0 120087.0
32858.0 119853.0
36184.0 119646.0

18545.0 126235.0
18596.0 122401.0
18615.0 122255.0
19112.0 122120.0
19912.0 122050.0
20387.0 121948.0
21342.0 121321.0
21708.0 120837.0
25513.0 120311.0
28763.0 120051.0
32858.0 119853.0
36184.0 119646.0

18545.0 130368.0
18596.0 122736.0
18615.0 122073.0
19587.0 122014.0
19912.0 121990.0
20387.0 121896.0
21342.0 121321.0
21708.0 120813.0
24801.0 120585.0
24820.0 120366.0
25437.0 120365.0
25513.0 120217.0
28763.0 119989.0
32858.0 119853.0
36184.0 119646.0

18545.0 130368.0
18596.0 122736.0
18615.0 122073.0
19587.0 122014.0
19912.0 121990.0
20387.0 121896.0
21342.0 121321.0
21708.0 120813.0
24592.0 120751.0
24801.0 120585.0
24820.0 120366.0
25437.0 120365.0
25513.0 120217.0
28763.0 119989.0
32858.0 119853.0
36184.0 119646.0

18545.0 130368.0
18596.0 122736.0
18615.0 122073.0
19587.0 122014.0
19912.0 121990.0
20387.0 121896.0
21342.0 121321.0
21708.0 120813.0
24801.0 120585.0
24820.0 120366.0
25437.0 120365.0
25513.0 120217.0
28763.0 119989.0
32858.0 119853.0
36184.0 119646.0

18545.0 130368.0
18596.0 122736.0
18615.0 122073.0
19587.0 122014.0
19912.0 121990.0
20387.0 121896.0
21342.0 121321.0
21708.0 120813.0
24801.0 120642.0
24820.0 120406.0
25437.0 120365.0
25513.0 120217.0
28763.0 119989.0
32858.0 119853.0
36184.0 119646.0

18092.0 130341.0
18545.0 127072.0
18596.0 122736.0
18615.0 122073.0
19112.0 121754.0
20421.0 121718.0
20766.0 121703.0
21266.0 121604.0
21342.0 121321.0
21689.0 121107.0
21708.0 120837.0
24592.0 120777.0
24801.0 120567.0
24820.0 120355.0
25437.0 120354.0
25513.0 119878.0
29684.0 119273.0
32934.0 118961.0


