18092.0 207424.0
18596.0 205356.0
19146.0 205298.0
19946.0 205200.0
20766.0 204813.0
21342.0 204298.0
21638.0 204197.0
21708.0 203985.0
22427.0 203428.0
24516.0 203314.0
24592.0 202851.0
24820.0 202673.0
25417.0 202637.0
25513.0 201685.0
27913.0 200854.0
28187.0 200659.0
28687.0 200566.0
28763.0 199949.0
31437.0 199897.0
31937.0 199826.0
32013.0 199708.0
35608.0 199678.0
39358.0 199554.0

18615.0 219909.0
18922.0 216620.0
19246.0 209818.0
19946.0 208598.0
20766.0 205209.0
21342.0 204595.0
21638.0 204234.0
21708.0 203627.0
22263.0 203095.0
24592.0 202677.0
25513.0 202357.0
28763.0 202319.0
30085.0 201820.0

18545.0 217044.0
18596.0 211692.0
19246.0 209818.0
19280.0 209757.0
19946.0 208598.0
20766.0 205209.0
21342.0 204595.0
21638.0 204234.0
21689.0 203870.0
21708.0 203627.0
22263.0 202875.0
23880.0 202842.0
24592.0 202677.0
24937.0 202545.0
25513.0 202175.0
28187.0 202133.0
28687.0 202038.0
30085.0 201820.0
32934.0 201152.0

18596.0 208669.0
19112.0 205962.0
20766.0 205209.0
21342.0 204146.0
21568.0 204048.0
21638.0 203682.0
21708.0 203627.0
22263.0 203024.0
22495.0 202857.0
23880.0 202789.0
24592.0 202488.0
24937.0 202052.0
28763.0 201468.0
32358.0 200866.0

18615.0 219909.0
18922.0 216620.0
19246.0 209818.0
19946.0 208598.0
20766.0 205209.0
21342.0 204595.0
21638.0 204234.0
21708.0 203627.0
22263.0 202875.0
23880.0 202842.0
24592.0 202677.0
24937.0 202545.0
25513.0 202175.0
28763.0 201929.0
30085.0 201820.0
32934.0 201809.0
36184.0 201788.0
40355.0 201634.0
43605.0 200806.0

18596.0 210306.0
18615.0 209273.0
18623.0 207655.0
19505.0 206771.0
19946.0 206447.0
20766.0 205138.0
21342.0 204291.0
21638.0 204085.0
21708.0 203627.0
22263.0 203095.0
23880.0 202983.0
24592.0 202677.0
24937.0 202052.0
28763.0 202044.0
30085.0 201820.0
31937.0 201726.0

18615.0 219909.0
18922.0 216620.0
19246.0 209818.0
19946.0 208598.0
20766.0 205209.0
21342.0 204595.0
21638.0 204234.0
21689.0 203870.0
21708.0 203627.0
22263.0 203015.0
23880.0 202719.0
24592.0 202488.0
24937.0 202052.0
26992.0 202001.0
28763.0 201929.0
29684.0 200969.0

18615.0 219909.0
18856.0 212065.0
19246.0 209818.0
19946.0 208396.0
20066.0 207306.0
20766.0 205209.0
21342.0 204520.0
21638.0 204234.0
21708.0 203627.0
22263.0 203015.0
23880.0 202719.0
24016.0 202646.0
24592.0 202488.0
24937.0 202052.0
26992.0 202001.0
28763.0 201929.0
29684.0 200969.0

18615.0 219909.0
18922.0 216620.0
19146.0 209817.0
19505.0 207848.0
19980.0 206982.0
20766.0 205209.0
21342.0 204595.0
21638.0 204234.0
21689.0 203870.0
21708.0 203627.0
22263.0 203015.0
23880.0 202719.0
24592.0 202488.0
24937.0 202052.0
26992.0 202001.0
28763.0 201929.0
29684.0 200969.0
43605.0 200806.0

18615.0 210841.0
18856.0 208463.0
19112.0 207591.0
19505.0 205793.0
20766.0 205209.0
21342.0 204289.0
21638.0 203682.0
21708.0 203427.0
22263.0 203095.0
23880.0 202681.0
24592.0 202488.0
24937.0 202052.0
26992.0 202001.0
28763.0 201929.0
30085.0 201820.0
32013.0 201800.0

18596.0 205743.0
19505.0 204872.0
20345.0 204062.0
21342.0 203825.0
21638.0 203658.0
21689.0 202525.0
21708.0 202002.0
24801.0 201323.0
25513.0 200264.0
27894.0 199987.0
27913.0 199334.0
46855.0 199241.0


