18092.0 220021.0
18545.0 218932.0
18615.0 208153.0
19212.0 208072.0
19246.0 207419.0
19247.0 206000.0
19946.0 205079.0
20766.0 204853.0
20838.0 204240.0
21266.0 204133.0
21342.0 203922.0
21657.0 203708.0
21708.0 203162.0
22263.0 202280.0
24016.0 202156.0
24516.0 202132.0
24592.0 201550.0
25513.0 201463.0
27913.0 201365.0
28763.0 200221.0
30440.0 200178.0
36184.0 199982.0
39434.0 199794.0
51026.0 199775.0

18623.0 218086.0
19246.0 215229.0
19280.0 214038.0
19313.0 211777.0
20066.0 209001.0
21104.0 208349.0
21342.0 206017.0
21689.0 205604.0
21708.0 204175.0
23940.0 204126.0
23950.0 203700.0
24516.0 203320.0
25513.0 202779.0
28763.0 202599.0
32358.0 202485.0
32934.0 202166.0
33987.0 201815.0
35532.0 201538.0

18596.0 213940.0
18615.0 206573.0
18856.0 205929.0
19313.0 205525.0
21342.0 204687.0
21619.0 204491.0
21689.0 204388.0
21708.0 204175.0
22263.0 203667.0
24016.0 203459.0
24516.0 203320.0
24731.0 203264.0
25513.0 202779.0
28763.0 202599.0
29684.0 202220.0
32934.0 202166.0
33987.0 201815.0
35532.0 201538.0

18596.0 214332.0
18615.0 211332.0
19379.0 209904.0
20066.0 209001.0
20742.0 208532.0
20766.0 207276.0
21342.0 205797.0
21661.0 205683.0
21689.0 204946.0
21708.0 204175.0
22263.0 203377.0
24516.0 202884.0
25513.0 202543.0
28763.0 202476.0
29684.0 202185.0
32934.0 202166.0
33987.0 201745.0
35532.0 201538.0

18596.0 212678.0
18615.0 204893.0
20766.0 204850.0
21342.0 204178.0
21708.0 204175.0
22263.0 203904.0
22461.0 203593.0
24516.0 203320.0
25513.0 202462.0
27843.0 201921.0
33987.0 201815.0
35532.0 201538.0

18596.0 213940.0
18615.0 211332.0
19069.0 209999.0
19505.0 209170.0
19946.0 207649.0
20066.0 206329.0
20838.0 205988.0
21266.0 204139.0
21638.0 204086.0
22102.0 203908.0
22136.0 203878.0
22263.0 203651.0
22461.0 203555.0
24016.0 203300.0
24516.0 203274.0
24731.0 203206.0
24782.0 203117.0
25513.0 202410.0
27266.0 202072.0
28763.0 201974.0
31361.0 201571.0
34687.0 201493.0
36108.0 201266.0
38782.0 201228.0

18596.0 214038.0
19313.0 211777.0
20066.0 209001.0
20838.0 208886.0
21104.0 208349.0
21342.0 206017.0
21689.0 205604.0
21708.0 204175.0
22263.0 203904.0
23950.0 203700.0
24516.0 203320.0
25513.0 202779.0
28763.0 202599.0
29684.0 202220.0
32934.0 202166.0
33987.0 201815.0
35532.0 201538.0

18615.0 210961.0
19946.0 210319.0
20066.0 209001.0
20766.0 208126.0
20857.0 207391.0
21342.0 205679.0
21638.0 204863.0
21689.0 204558.0
21708.0 203849.0
22263.0 203489.0
23880.0 203412.0
24016.0 203351.0
24516.0 203275.0
24750.0 203033.0
25513.0 202682.0
28763.0 202599.0
29684.0 202220.0
32934.0 202166.0
33987.0 201745.0
35532.0 201538.0

18596.0 214038.0
19313.0 211777.0
20066.0 209001.0
20838.0 208886.0
21104.0 208349.0
21342.0 206017.0
21689.0 205604.0
21708.0 204175.0
22263.0 203904.0
23950.0 203700.0
24516.0 203320.0
25513.0 202779.0
28763.0 202599.0
29684.0 202220.0
32934.0 202166.0
33987.0 201815.0
35532.0 201538.0

18596.0 212326.0
18615.0 210432.0
18856.0 207778.0
19146.0 206467.0
19980.0 205860.0
20838.0 205844.0
21266.0 205613.0
21342.0 204032.0
21708.0 203453.0
24516.0 203274.0
24592.0 202875.0
25513.0 202477.0
27043.0 202453.0
27894.0 202357.0
27913.0 202167.0
28763.0 202013.0
32013.0 201968.0
32934.0 201674.0
35532.0 201538.0

18623.0 218086.0
18856.0 212352.0
19247.0 210381.0
19466.0 210225.0
19471.0 210218.0
20066.0 208605.0
20742.0 208394.0
20766.0 204586.0
21342.0 203351.0
21708.0 202384.0
22263.0 202013.0
24592.0 201797.0
24820.0 201745.0
24937.0 201671.0
27043.0 201666.0
28187.0 201580.0
28763.0 200973.0
32358.0 200888.0
32934.0 200410.0
34190.0 199952.0
41611.0 198630.0
53279.0 198532.0
56453.0 196923.0
60624.0 196006.0
63874.0 194860.0


