18596.0 209015.0
18615.0 204221.0
19112.0 204197.0
19912.0 204149.0
20421.0 203757.0
21342.0 202028.0
21657.0 201608.0
21708.0 201011.0
24516.0 201010.0
24592.0 200952.0
24699.0 200919.0
27266.0 200855.0
27913.0 200678.0
28763.0 199882.0
31937.0 199805.0
32934.0 199749.0
36184.0 199659.0
39434.0 199276.0

19146.0 207121.0
20066.0 205929.0
21266.0 204067.0
21342.0 203676.0
21689.0 203613.0
22263.0 202665.0
24592.0 202319.0
25513.0 201810.0
28763.0 201507.0

19146.0 207121.0
19912.0 207010.0
20066.0 205818.0
21266.0 203991.0
21342.0 203676.0
21689.0 203613.0
22263.0 202665.0
24592.0 202319.0
25513.0 201810.0
28763.0 201507.0
29684.0 201329.0
32934.0 201094.0

18545.0 210016.0
18596.0 208107.0
18615.0 207204.0
19112.0 206732.0
19146.0 206240.0
19505.0 206094.0
19946.0 205933.0
20066.0 205740.0
20766.0 205456.0
21266.0 203870.0
21342.0 203676.0
21689.0 203613.0
21708.0 203539.0
22263.0 202560.0
24592.0 202319.0
25513.0 201810.0
28763.0 201507.0
36184.0 201497.0

19112.0 207226.0
19146.0 207006.0
20066.0 205929.0
20838.0 205700.0
21266.0 203748.0
21342.0 203640.0
21638.0 203412.0
21689.0 203331.0
21708.0 202977.0
22263.0 202665.0
24592.0 202319.0
25513.0 201810.0
28763.0 201507.0
36184.0 201497.0

18596.0 209699.0
18922.0 208838.0
19112.0 207226.0
19146.0 206959.0
19505.0 206393.0
20066.0 205929.0
20766.0 205456.0
21266.0 203991.0
21342.0 203676.0
21689.0 203613.0
21708.0 203539.0
22263.0 202665.0
24592.0 202319.0
25513.0 201810.0
28763.0 201507.0
37105.0 201470.0
40355.0 201427.0
43605.0 201366.0

19112.0 207226.0
19146.0 207006.0
20066.0 205929.0
20766.0 205456.0
21266.0 203991.0
21342.0 203676.0
21689.0 203613.0
22263.0 202381.0
24592.0 202133.0
25513.0 201643.0
28763.0 201474.0
32013.0 201326.0
36184.0 201254.0

19112.0 207225.0
19146.0 207005.0
20066.0 205929.0
20742.0 205195.0
20766.0 205078.0
21266.0 203946.0
21342.0 203439.0
21689.0 203268.0
22263.0 202381.0
24592.0 202133.0
25513.0 201810.0
28763.0 201474.0
31937.0 201440.0
32013.0 201326.0
36184.0 201254.0

18615.0 206917.0
19146.0 206113.0
20066.0 205929.0
20766.0 205599.0
20857.0 205489.0
21266.0 203991.0
21342.0 203400.0
21657.0 203256.0
22263.0 202381.0
24592.0 202133.0
25513.0 201643.0
28763.0 201474.0
32013.0 201326.0
36184.0 201214.0

18596.0 206781.0
18615.0 206050.0
20066.0 205929.0
20838.0 205628.0
21266.0 203946.0
21342.0 203676.0
21689.0 203613.0
22263.0 202665.0
24592.0 202319.0
25513.0 201810.0
28763.0 201507.0
29684.0 201504.0
32934.0 201275.0

18615.0 213241.0
19112.0 207446.0
19146.0 207121.0
19912.0 206887.0
20066.0 205818.0
21266.0 203858.0
21342.0 203641.0
21689.0 203613.0
21708.0 202211.0
24801.0 201755.0
25513.0 200696.0
31437.0 200688.0
32934.0 198584.0


