18092.0 209978.0
18545.0 208684.0
18596.0 208594.0
18615.0 207594.0
19112.0 207570.0
19247.0 207525.0
19313.0 207479.0
20838.0 207376.0
21266.0 207041.0
21342.0 203715.0
22427.0 203647.0
23316.0 203646.0
23931.0 203576.0
23950.0 203261.0
24592.0 202906.0
24937.0 202789.0
25513.0 201238.0
27894.0 200966.0
28187.0 200954.0
28763.0 200750.0
30516.0 200656.0
31937.0 200428.0
35187.0 200408.0
39358.0 200311.0

19146.0 212406.0
19505.0 209033.0
20066.0 208463.0
20438.0 208422.0
20838.0 207009.0
21342.0 205587.0
21587.0 205341.0
21657.0 205335.0
21708.0 203682.0
22263.0 203525.0
23950.0 203509.0
24016.0 203465.0
24516.0 203386.0
24750.0 203170.0
24801.0 202696.0
27913.0 202277.0
28763.0 201776.0
31937.0 201768.0
32013.0 201690.0
39434.0 201561.0
46855.0 201111.0

18615.0 213755.0
18671.0 209733.0
19146.0 208586.0
19505.0 207157.0
20066.0 207012.0
20838.0 207009.0
21266.0 206969.0
21342.0 205402.0
21587.0 205341.0
21638.0 204577.0
21708.0 203363.0
23950.0 203166.0
24516.0 203074.0
24592.0 202863.0
24750.0 202490.0
24801.0 202136.0
28763.0 201530.0
46855.0 201111.0

18596.0 209479.0
19146.0 208748.0
20066.0 208463.0
20438.0 208422.0
20766.0 207637.0
20838.0 207009.0
21342.0 205364.0
21587.0 205341.0
21638.0 204237.0
21708.0 203363.0
23950.0 203166.0
24592.0 202863.0
24750.0 202554.0
24801.0 202409.0
25513.0 202273.0
28763.0 201776.0
31937.0 201768.0
32013.0 201690.0
39434.0 201561.0
46855.0 201111.0

18580.0 213230.0
19146.0 212406.0
19471.0 211321.0
19505.0 209033.0
20066.0 207917.0
20438.0 207874.0
20838.0 207009.0
21342.0 204617.0
21587.0 204376.0
21708.0 203363.0
23950.0 203166.0
24592.0 202315.0
24801.0 201994.0
28763.0 201475.0
39434.0 201194.0
46855.0 201111.0

18596.0 211998.0
18615.0 206943.0
20766.0 206023.0
21342.0 204055.0
21708.0 203440.0
24016.0 203409.0
24516.0 203386.0
24592.0 203314.0
24750.0 203170.0
24801.0 202402.0
25513.0 202286.0
27843.0 202282.0
27913.0 202277.0
28763.0 201530.0
36184.0 201456.0
46855.0 201111.0

19146.0 212328.0
19505.0 209033.0
20066.0 208463.0
20438.0 208422.0
20838.0 207009.0
21342.0 205404.0
21587.0 205341.0
21657.0 205335.0
21689.0 205199.0
21708.0 203519.0
22263.0 202417.0
24016.0 202358.0
24592.0 202305.0
24801.0 201670.0
28763.0 201327.0
31016.0 201244.0
31437.0 200796.0

18545.0 209559.0
19146.0 208748.0
19505.0 208357.0
20066.0 207536.0
20766.0 207344.0
20838.0 206246.0
21342.0 204853.0
21587.0 204832.0
21708.0 203389.0
23950.0 203372.0
24750.0 203170.0
24801.0 202487.0
27913.0 202277.0
28187.0 201935.0
28763.0 201530.0
36184.0 201478.0
43605.0 201028.0

18805.0 208578.0
19980.0 208304.0
20066.0 208072.0
20457.0 207019.0
20838.0 206200.0
21266.0 205480.0
21342.0 204364.0
21708.0 203303.0
22263.0 202417.0
24016.0 202358.0
24592.0 202305.0
24801.0 201670.0
28763.0 201327.0
31016.0 201244.0
31437.0 200796.0

18615.0 213901.0
18805.0 211054.0
18856.0 207654.0
19146.0 207015.0
19946.0 206141.0
20766.0 206060.0
21342.0 204875.0
21638.0 204412.0
21708.0 203419.0
24016.0 203253.0
24750.0 203170.0
24801.0 202278.0
27843.0 202107.0
28187.0 201935.0
28763.0 201530.0
31437.0 201493.0
36184.0 201372.0
43605.0 200922.0

18545.0 210879.0
18596.0 210828.0
19280.0 210817.0
19471.0 207283.0
19912.0 205223.0
21342.0 204243.0
21708.0 202216.0
25513.0 201088.0
27842.0 201051.0
27894.0 201049.0
32013.0 199476.0


