16023.0 49764.0
16515.0 46498.0
16745.0 44325.0
16816.0 42362.0
16871.0 42281.0
16990.0 42021.0
17171.0 41617.0
18016.0 41527.0
18092.0 40646.0
18596.0 40337.0
19912.0 40313.0
21266.0 40310.0
21342.0 40064.0
21708.0 39975.0
24516.0 39972.0
24592.0 39915.0
24820.0 39865.0
25513.0 39758.0
27894.0 39757.0
28763.0 39631.0
32013.0 39572.0
32934.0 39511.0
36184.0 39386.0
39434.0 39340.0
40355.0 39278.0
43605.0 39153.0
46779.0 39152.0
46855.0 39094.0
54276.0 39012.0

16515.0 42148.0
16571.0 41846.0
16595.0 41163.0
17095.0 41100.0
17171.0 40896.0
18092.0 40466.0
18596.0 40402.0
19912.0 40378.0
21266.0 40375.0
21342.0 40292.0
21638.0 40288.0
21708.0 40155.0
24592.0 40111.0
25513.0 39758.0
28763.0 39710.0
32934.0 39558.0
36184.0 39464.0

16515.0 42148.0
16571.0 41846.0
16595.0 41163.0
17095.0 41100.0
17171.0 40896.0
18092.0 40466.0
18596.0 40402.0
19912.0 40378.0
21266.0 40375.0
21342.0 40281.0
21708.0 40082.0
25513.0 39758.0
28763.0 39710.0
32013.0 39696.0
32934.0 39558.0
36184.0 39464.0

16515.0 42148.0
16571.0 41785.0
16595.0 41053.0
17095.0 40954.0
17171.0 40744.0
18092.0 40466.0
18545.0 40449.0
18596.0 40337.0
19912.0 40313.0
21266.0 40310.0
21342.0 40064.0
21708.0 39975.0
24592.0 39939.0
25513.0 39758.0
28763.0 39632.0
32934.0 39558.0
36184.0 39464.0

16515.0 41395.0
16595.0 41163.0
17095.0 41082.0
17171.0 40896.0
18092.0 40466.0
18596.0 40402.0
19912.0 40378.0
21266.0 40375.0
21342.0 40193.0
21657.0 40176.0
21708.0 40155.0
24592.0 40028.0
24820.0 39994.0
25513.0 39758.0
28763.0 39710.0
31937.0 39709.0
32934.0 39558.0
36184.0 39464.0

16515.0 42148.0
16571.0 41846.0
16595.0 41163.0
17095.0 41100.0
17171.0 40896.0
18092.0 40466.0
18596.0 40402.0
19912.0 40378.0
21266.0 40375.0
21342.0 40257.0
21708.0 40015.0
24516.0 40014.0
25513.0 39758.0
28763.0 39710.0
31937.0 39709.0
32013.0 39703.0
32934.0 39558.0
36184.0 39464.0

16515.0 42148.0
16571.0 41846.0
16595.0 41163.0
17095.0 41100.0
17171.0 40896.0
18092.0 40466.0
18545.0 40449.0
18596.0 40337.0
19912.0 40313.0
21266.0 40310.0
21342.0 40064.0
21708.0 39975.0
24592.0 39939.0
25513.0 39758.0
27894.0 39757.0
28687.0 39755.0
28763.0 39632.0
32013.0 39596.0
32934.0 39558.0
36184.0 39386.0
43605.0 39193.0

16515.0 41395.0
16595.0 41120.0
17095.0 41021.0
17171.0 40835.0
18092.0 40466.0
18545.0 40449.0
18596.0 40337.0
19912.0 40313.0
21266.0 40310.0
21342.0 40187.0
21708.0 39975.0
24592.0 39916.0
25513.0 39758.0
27894.0 39757.0
28763.0 39632.0
32013.0 39596.0
32934.0 39519.0
36184.0 39410.0

16515.0 41334.0
16595.0 41102.0
17095.0 41021.0
17171.0 40835.0
18092.0 40466.0
18596.0 40337.0
19912.0 40313.0
21266.0 40310.0
21342.0 40187.0
21708.0 39975.0
24592.0 39939.0
25513.0 39758.0
27894.0 39757.0
28763.0 39632.0
32013.0 39596.0
32934.0 39558.0
36184.0 39410.0

16515.0 41515.0
16595.0 41102.0
17095.0 41021.0
17171.0 40835.0
18092.0 40466.0
18545.0 40449.0
18596.0 40337.0
19912.0 40313.0
21266.0 40310.0
21342.0 40064.0
21708.0 39975.0
24516.0 39972.0
24592.0 39939.0
25513.0 39758.0
27894.0 39757.0
28763.0 39632.0
32013.0 39596.0
32934.0 39536.0
36184.0 39386.0
40355.0 39319.0
43605.0 39160.0

16023.0 43119.0
16515.0 41267.0
16595.0 41053.0
17095.0 40954.0
17171.0 40768.0
18092.0 40466.0
18545.0 40444.0
18596.0 40337.0
19912.0 40313.0
21266.0 40310.0
21342.0 40064.0
21708.0 39975.0
24516.0 39974.0
24592.0 39916.0
24820.0 39889.0
25513.0 39758.0
28687.0 39757.0
28763.0 39632.0
32013.0 39572.0
32934.0 39512.0
36108.0 39511.0
36184.0 39385.0
39434.0 39340.0
40355.0 39279.0
43605.0 39152.0
46779.0 39151.0


