16515.0 41875.0
16595.0 41643.0
16816.0 41366.0
17516.0 41134.0
18016.0 41071.0
18092.0 40635.0
18545.0 40613.0
18596.0 40353.0
19912.0 40313.0
21266.0 40310.0
21342.0 40064.0
21708.0 39975.0
24592.0 39915.0
24820.0 39884.0
25513.0 39758.0
28763.0 39632.0
32013.0 39572.0
32934.0 39512.0
36184.0 39386.0
43605.0 39304.0

16515.0 42003.0
16571.0 41853.0
16595.0 41771.0
16990.0 41623.0
17171.0 40805.0
18092.0 40759.0
18596.0 40506.0
21266.0 40463.0
21342.0 40299.0
24592.0 40181.0
24801.0 40146.0
25513.0 39951.0
28763.0 39803.0

16515.0 41576.0
17095.0 41082.0
17171.0 40805.0
18092.0 40531.0
18545.0 40509.0
18596.0 40418.0
21266.0 40375.0
21342.0 40169.0
21708.0 40168.0
24516.0 40125.0
24592.0 40021.0
25513.0 39863.0
27843.0 39841.0
28763.0 39803.0
32013.0 39678.0
36184.0 39590.0

16515.0 41576.0
16595.0 41181.0
17095.0 41082.0
17171.0 40805.0
18092.0 40619.0
18596.0 40418.0
19912.0 40401.0
21266.0 40375.0
21342.0 40169.0
21708.0 40080.0
24516.0 40037.0
24592.0 40021.0
25513.0 39863.0
28763.0 39737.0

16515.0 41576.0
17095.0 41082.0
17171.0 40805.0
18092.0 40727.0
18545.0 40705.0
18596.0 40418.0
21266.0 40375.0
21342.0 40169.0
21708.0 40080.0
24516.0 40037.0
24592.0 40021.0
25513.0 39863.0
28763.0 39737.0

16515.0 41576.0
17095.0 41082.0
17171.0 40805.0
18092.0 40619.0
18596.0 40418.0
21266.0 40375.0
21342.0 40169.0
21708.0 40080.0
24516.0 40037.0
24592.0 40021.0
25513.0 39863.0
28763.0 39737.0

16515.0 41576.0
17095.0 41082.0
17171.0 40805.0
18092.0 40727.0
18545.0 40705.0
18596.0 40418.0
21342.0 40169.0
21708.0 40168.0
24516.0 40125.0
24592.0 40021.0
25513.0 39951.0
28763.0 39803.0

16515.0 41509.0
16595.0 41114.0
17095.0 41015.0
17171.0 40805.0
18092.0 40531.0
18545.0 40509.0
18596.0 40337.0
19912.0 40313.0
21266.0 40310.0
21342.0 40169.0
21657.0 40147.0
21708.0 39975.0
25513.0 39863.0
27843.0 39841.0
28687.0 39820.0
28763.0 39737.0
32013.0 39678.0
32934.0 39552.0
36184.0 39426.0

16515.0 41576.0
17095.0 41082.0
17171.0 40805.0
18092.0 40727.0
18545.0 40705.0
18596.0 40418.0
21342.0 40169.0
21708.0 40168.0
24516.0 40125.0
24592.0 40021.0
25513.0 39951.0
28763.0 39803.0

16515.0 41576.0
17095.0 41082.0
17171.0 40805.0
18092.0 40727.0
18545.0 40705.0
18596.0 40418.0
21342.0 40169.0
21708.0 40168.0
24516.0 40125.0
24592.0 40021.0
25513.0 39951.0
28763.0 39803.0

16515.0 41507.0
16595.0 41035.0
17095.0 40954.0
17171.0 40744.0
18092.0 40466.0
18545.0 40444.0
18596.0 40337.0
19912.0 40313.0
21266.0 40310.0
21342.0 40064.0
21708.0 39975.0
24516.0 39972.0
24592.0 39916.0
24820.0 39865.0
25513.0 39758.0
28687.0 39755.0
28763.0 39632.0
31937.0 39631.0
32013.0 39573.0
32934.0 39512.0
36184.0 39423.0
39434.0 39347.0
40355.0 39319.0
43605.0 39242.0
51026.0 39160.0
54200.0 39068.0


