16023.0 42493.0
16156.0 42050.0
16515.0 41395.0
16595.0 41163.0
17095.0 41082.0
17171.0 41044.0
18092.0 40619.0
18545.0 40602.0
18596.0 40337.0
19912.0 40313.0
21266.0 40310.0
21342.0 40064.0
21708.0 39975.0
24516.0 39974.0
25513.0 39855.0
28763.0 39729.0
32013.0 39720.0
35263.0 39625.0

16023.0 44801.0
16156.0 43047.0
16571.0 42634.0
16816.0 42037.0
16956.0 41926.0
16990.0 41692.0
17095.0 41628.0
17171.0 41586.0
17516.0 41297.0
18016.0 41198.0
18092.0 40676.0
18545.0 40659.0
18596.0 40367.0
19912.0 40343.0
21266.0 40340.0
21342.0 40064.0
21708.0 39975.0
25513.0 39855.0
28687.0 39852.0
28763.0 39721.0
32013.0 39712.0
32934.0 39622.0
36184.0 39499.0

16023.0 44801.0
16156.0 43047.0
16571.0 42634.0
16816.0 42037.0
16956.0 41926.0
16990.0 41692.0
17095.0 41628.0
17171.0 41586.0
17516.0 41297.0
18016.0 41198.0
18092.0 40676.0
18545.0 40659.0
18596.0 40367.0
19912.0 40343.0
21266.0 40340.0
21342.0 40064.0
21708.0 39975.0
25513.0 39855.0
28687.0 39852.0
28763.0 39721.0
32013.0 39702.0
32934.0 39622.0
36184.0 39499.0

16023.0 44801.0
16156.0 43047.0
16571.0 42634.0
16816.0 42037.0
16956.0 41926.0
16990.0 41692.0
17095.0 41628.0
17171.0 41586.0
17516.0 41297.0
18016.0 41198.0
18092.0 40676.0
18545.0 40659.0
18596.0 40367.0
19912.0 40343.0
21266.0 40340.0
21342.0 40064.0
21708.0 39975.0
25513.0 39855.0
28687.0 39852.0
28763.0 39721.0
32013.0 39712.0
32934.0 39622.0
36184.0 39499.0

16023.0 44801.0
16156.0 43047.0
16571.0 42634.0
16816.0 42037.0
16956.0 41926.0
16990.0 41692.0
17095.0 41628.0
17171.0 41586.0
17516.0 41297.0
18016.0 41198.0
18092.0 40676.0
18545.0 40659.0
18596.0 40367.0
19912.0 40343.0
21266.0 40340.0
21342.0 40064.0
21708.0 39975.0
25513.0 39855.0
28687.0 39852.0
28763.0 39721.0
32013.0 39712.0
32934.0 39622.0
36184.0 39499.0

16023.0 43737.0
16156.0 42155.0
16595.0 41760.0
16990.0 41692.0
17095.0 41628.0
17171.0 41586.0
17345.0 41565.0
17516.0 41297.0
18016.0 41198.0
18092.0 40531.0
18545.0 40514.0
18596.0 40367.0
19912.0 40343.0
21266.0 40340.0
21342.0 40064.0
21708.0 39975.0
25513.0 39855.0
28687.0 39852.0
28763.0 39721.0
31937.0 39718.0
32013.0 39712.0
32934.0 39622.0
36184.0 39499.0

16023.0 44445.0
16156.0 41999.0
16595.0 41767.0
16990.0 41692.0
17095.0 41628.0
17171.0 41586.0
17345.0 41565.0
17516.0 41297.0
18016.0 41198.0
18092.0 40676.0
18545.0 40659.0
18596.0 40367.0
19912.0 40343.0
21266.0 40340.0
21342.0 40064.0
21708.0 39975.0
25513.0 39855.0
28687.0 39852.0
28763.0 39704.0
31937.0 39696.0
32013.0 39645.0
32934.0 39622.0
36184.0 39410.0

16023.0 43063.0
16156.0 41999.0
16595.0 41767.0
16990.0 41692.0
17095.0 41628.0
17171.0 41586.0
17345.0 41565.0
17516.0 41297.0
18016.0 41198.0
18092.0 40676.0
18545.0 40659.0
18596.0 40367.0
19912.0 40343.0
21266.0 40340.0
21342.0 40064.0
21708.0 39975.0
25513.0 39855.0
28687.0 39852.0
28763.0 39704.0
31937.0 39696.0
32013.0 39645.0
32934.0 39622.0
36184.0 39410.0

16023.0 43063.0
16156.0 41999.0
16595.0 41767.0
16990.0 41692.0
17095.0 41628.0
17171.0 41586.0
17345.0 41565.0
17516.0 41297.0
18016.0 41198.0
18092.0 40676.0
18545.0 40659.0
18596.0 40367.0
19912.0 40343.0
21266.0 40340.0
21342.0 40064.0
21708.0 39975.0
25513.0 39855.0
28687.0 39852.0
28763.0 39704.0
31937.0 39696.0
32013.0 39645.0
32934.0 39622.0
36184.0 39410.0

16023.0 43063.0
16156.0 41999.0
16595.0 41767.0
16990.0 41692.0
17095.0 41628.0
17171.0 41586.0
17345.0 41565.0
17516.0 41297.0
18016.0 41198.0
18092.0 40676.0
18545.0 40659.0
18596.0 40367.0
19912.0 40343.0
21266.0 40340.0
21342.0 40064.0
21708.0 39975.0
25513.0 39855.0
28687.0 39852.0
28763.0 39704.0
31937.0 39696.0
32013.0 39645.0
32934.0 39622.0
36184.0 39410.0

16023.0 43737.0
16156.0 42155.0
16595.0 41760.0
16990.0 41546.0
17516.0 41297.0
18016.0 41198.0
18092.0 40531.0
18545.0 40514.0
18596.0 40337.0
19912.0 40313.0
21266.0 40310.0
21342.0 40064.0
21708.0 39975.0
25513.0 39855.0
28687.0 39852.0
28763.0 39721.0
31937.0 39718.0
32013.0 39662.0
32934.0 39622.0
36184.0 39475.0
39434.0 39461.0
43029.0 39430.0
43605.0 39266.0


