18056.0 127808.0
18092.0 123347.0
18526.0 123330.0
18596.0 122065.0
18615.0 121830.0
19912.0 121632.0
20387.0 121562.0
21266.0 121559.0
21342.0 121095.0
21708.0 120536.0
24440.0 120535.0
24516.0 120410.0
24592.0 120385.0
24801.0 120296.0
24820.0 120093.0
25513.0 119750.0
27766.0 119624.0
28763.0 119152.0
32013.0 119081.0
32934.0 118803.0
36108.0 118782.0
36184.0 118346.0
38858.0 118332.0
40355.0 118121.0

18092.0 123012.0
18545.0 122568.0
18596.0 122013.0
18615.0 121951.0
19912.0 121908.0
20766.0 121901.0
21342.0 121086.0
21708.0 120621.0
24516.0 120578.0
24592.0 120266.0
24801.0 120262.0
27894.0 120085.0
28763.0 119618.0
32013.0 119536.0
36184.0 119526.0
39434.0 119158.0

18092.0 122768.0
18545.0 122568.0
18596.0 122013.0
18615.0 121951.0
19912.0 121908.0
20766.0 121901.0
21342.0 121086.0
21708.0 120621.0
24516.0 120578.0
24592.0 120266.0
24801.0 120262.0
27894.0 120085.0
28687.0 120082.0
28763.0 119615.0
32013.0 119536.0
36184.0 119526.0
39434.0 119158.0

18092.0 123012.0
18545.0 122568.0
18596.0 122013.0
18615.0 121813.0
19112.0 121755.0
21266.0 121754.0
21342.0 121085.0
21657.0 120997.0
21708.0 120621.0
24516.0 120578.0
24592.0 120266.0
24801.0 120262.0
25513.0 120249.0
27894.0 120085.0
28687.0 120082.0
28763.0 119608.0
32013.0 119240.0
39434.0 119158.0

18092.0 122768.0
18545.0 122568.0
18596.0 122013.0
18615.0 121830.0
19946.0 121790.0
21266.0 121747.0
21342.0 121086.0
21708.0 120621.0
24516.0 120578.0
24592.0 120266.0
24801.0 120262.0
25513.0 120204.0
27894.0 120085.0
28687.0 120082.0
28763.0 119618.0
32013.0 119536.0
36184.0 119526.0
39434.0 119158.0

18092.0 122723.0
18545.0 122568.0
18596.0 121966.0
18615.0 121951.0
19112.0 121906.0
19912.0 121861.0
21342.0 121086.0
21708.0 120621.0
24516.0 120578.0
24592.0 120266.0
24801.0 120262.0
25513.0 120248.0
27766.0 120205.0
27862.0 120204.0
27894.0 120061.0
28687.0 120042.0
28763.0 119618.0
32013.0 119536.0
32934.0 119455.0
39434.0 119158.0

18092.0 122768.0
18545.0 122568.0
18596.0 122013.0
18615.0 121951.0
19912.0 121908.0
20766.0 121901.0
21342.0 121086.0
21657.0 120853.0
21708.0 120621.0
24516.0 120578.0
24592.0 120266.0
24801.0 120262.0
25513.0 120226.0
27894.0 120085.0
28763.0 119608.0
31937.0 119605.0
32013.0 119240.0
39434.0 119158.0

18092.0 122677.0
18545.0 122568.0
18596.0 122013.0
18615.0 121951.0
19912.0 121908.0
20766.0 121901.0
21342.0 120876.0
21657.0 120853.0
21708.0 120621.0
24516.0 120578.0
24592.0 120266.0
24801.0 120262.0
25513.0 120226.0
27894.0 120085.0
28763.0 119608.0
32013.0 119240.0
36184.0 119221.0
39434.0 118992.0

18092.0 122768.0
18545.0 122568.0
18596.0 122013.0
18615.0 121543.0
19912.0 121519.0
19946.0 121479.0
21266.0 121471.0
21342.0 121086.0
21657.0 120853.0
21708.0 120621.0
24516.0 120578.0
24592.0 120266.0
24801.0 120262.0
25513.0 120183.0
27766.0 120120.0
27894.0 120085.0
28763.0 119608.0
31937.0 119605.0
32013.0 119240.0
39434.0 119158.0

18092.0 122723.0
18545.0 122568.0
18596.0 122013.0
18615.0 121558.0
20421.0 121522.0
21266.0 121498.0
21342.0 121086.0
21708.0 120621.0
24516.0 120578.0
24592.0 120266.0
24801.0 120262.0
25513.0 120147.0
27766.0 120097.0
27894.0 120085.0
28187.0 120060.0
28687.0 119969.0
28763.0 119330.0
32013.0 119131.0

18092.0 122768.0
18545.0 122477.0
18596.0 121641.0
18615.0 121542.0
20345.0 121517.0
20421.0 121506.0
21266.0 121481.0
21342.0 120789.0
21708.0 120264.0
24516.0 120239.0
24820.0 119995.0
25513.0 119822.0
27862.0 119752.0
27894.0 119376.0
28763.0 119086.0
32013.0 119048.0
32934.0 118835.0
36184.0 118582.0


