15590.0 46147.0
16070.0 45632.0
16093.0 44410.0
16290.0 43229.0
16816.0 41807.0
16956.0 41737.0
16990.0 41568.0
17516.0 41228.0
17745.0 41193.0
18016.0 41129.0
18092.0 40466.0
18545.0 40444.0
18596.0 40337.0
19912.0 40313.0
21266.0 40310.0
21342.0 40064.0
21708.0 39975.0
24516.0 39972.0
24592.0 39915.0
24820.0 39865.0
25513.0 39758.0
27894.0 39757.0
28687.0 39754.0
28763.0 39631.0
31937.0 39630.0
32013.0 39572.0
32934.0 39512.0
36184.0 39385.0
39434.0 39326.0
40355.0 39279.0
43529.0 39276.0
43605.0 39152.0
46779.0 39150.0
46855.0 39093.0

16023.0 42855.0
16156.0 42118.0
16515.0 41382.0
16595.0 41120.0
17095.0 41021.0
17171.0 40744.0
18092.0 40466.0
18545.0 40444.0
18596.0 40337.0
19912.0 40313.0
21266.0 40310.0
21342.0 40064.0
21708.0 39975.0
24592.0 39915.0
24820.0 39908.0
25513.0 39782.0
27894.0 39781.0
28687.0 39757.0
28763.0 39632.0
32013.0 39572.0
32934.0 39549.0
36184.0 39399.0
42684.0 39291.0
46855.0 39093.0
50105.0 39058.0
57526.0 38976.0

16023.0 42855.0
16156.0 42118.0
16515.0 41382.0
16595.0 41120.0
17095.0 41021.0
17171.0 40744.0
18092.0 40466.0
18545.0 40444.0
18596.0 40337.0
19912.0 40313.0
21266.0 40310.0
21342.0 40064.0
21708.0 39975.0
24592.0 39915.0
24820.0 39908.0
25513.0 39758.0
28687.0 39757.0
28763.0 39632.0
32013.0 39572.0
32934.0 39524.0
36184.0 39399.0
39434.0 39351.0
42684.0 39291.0
46855.0 39093.0
50105.0 39058.0
57526.0 38976.0

16023.0 42855.0
16156.0 42118.0
16515.0 41267.0
16595.0 41053.0
17095.0 40954.0
17171.0 40744.0
18092.0 40466.0
18545.0 40444.0
18596.0 40337.0
19912.0 40313.0
21266.0 40310.0
21342.0 40064.0
21708.0 39975.0
24516.0 39974.0
24592.0 39915.0
24820.0 39908.0
25513.0 39758.0
28687.0 39757.0
28763.0 39632.0
31937.0 39631.0
32013.0 39572.0
32934.0 39512.0
36184.0 39386.0
39434.0 39351.0
42608.0 39326.0
42684.0 39291.0
46855.0 39093.0
50105.0 39058.0
57526.0 38976.0

16023.0 42855.0
16156.0 42118.0
16515.0 41382.0
16595.0 41120.0
17095.0 41021.0
17171.0 40744.0
18092.0 40466.0
18545.0 40444.0
18596.0 40337.0
19912.0 40313.0
21266.0 40310.0
21342.0 40064.0
21708.0 39975.0
24592.0 39915.0
24820.0 39908.0
25513.0 39758.0
28687.0 39757.0
28763.0 39632.0
32013.0 39572.0
32934.0 39525.0
36184.0 39399.0
40355.0 39367.0
42684.0 39291.0
46855.0 39093.0
50105.0 39058.0
57526.0 38976.0

16023.0 42617.0
16156.0 42118.0
16515.0 41382.0
16595.0 41053.0
17095.0 40954.0
17171.0 40744.0
18092.0 40466.0
18545.0 40444.0
18596.0 40337.0
19912.0 40313.0
21266.0 40310.0
21342.0 40064.0
21708.0 39975.0
24516.0 39974.0
24592.0 39915.0
24820.0 39908.0
25513.0 39758.0
28687.0 39755.0
28763.0 39632.0
32013.0 39572.0
32934.0 39525.0
36184.0 39399.0
39434.0 39351.0
42684.0 39291.0
43605.0 39281.0
46855.0 39093.0
50105.0 39058.0
57526.0 38976.0

16023.0 42855.0
16156.0 42118.0
16515.0 41382.0
16595.0 41053.0
17095.0 40954.0
17171.0 40744.0
18092.0 40466.0
18545.0 40444.0
18596.0 40337.0
19912.0 40313.0
21266.0 40310.0
21342.0 40064.0
21708.0 39975.0
24516.0 39974.0
24592.0 39915.0
24820.0 39908.0
25513.0 39758.0
28687.0 39757.0
28763.0 39632.0
32013.0 39572.0
32934.0 39525.0
36184.0 39398.0
39434.0 39351.0
42684.0 39291.0
46855.0 39093.0
50105.0 39058.0
57526.0 38976.0

16023.0 42855.0
16156.0 42118.0
16515.0 41267.0
16595.0 41053.0
17095.0 40954.0
17171.0 40744.0
18092.0 40466.0
18545.0 40444.0
18596.0 40337.0
19912.0 40313.0
21266.0 40310.0
21342.0 40064.0
21708.0 39975.0
24516.0 39974.0
24592.0 39915.0
24820.0 39889.0
25513.0 39758.0
27894.0 39757.0
28763.0 39631.0
32013.0 39572.0
32934.0 39511.0
36184.0 39385.0
39434.0 39351.0
40355.0 39278.0
46855.0 39093.0
50105.0 39058.0
57526.0 38976.0

16023.0 42855.0
16156.0 42118.0
16515.0 41382.0
16595.0 41053.0
17095.0 40954.0
17171.0 40744.0
18092.0 40466.0
18545.0 40444.0
18596.0 40337.0
19912.0 40313.0
21266.0 40310.0
21342.0 40064.0
21708.0 39975.0
24516.0 39974.0
24592.0 39915.0
24820.0 39908.0
25513.0 39758.0
28687.0 39757.0
28763.0 39632.0
32013.0 39572.0
32934.0 39525.0
36184.0 39398.0
39434.0 39351.0
42684.0 39291.0
43605.0 39266.0
46855.0 39093.0
50105.0 39058.0
57526.0 38976.0

16023.0 42664.0
16156.0 42118.0
16515.0 41382.0
16595.0 41053.0
17095.0 40954.0
17171.0 40744.0
18092.0 40466.0
18545.0 40444.0
18596.0 40337.0
19912.0 40313.0
21266.0 40310.0
21342.0 40064.0
21708.0 39975.0
24516.0 39972.0
24592.0 39915.0
24820.0 39884.0
25513.0 39758.0
27894.0 39757.0
28687.0 39755.0
28763.0 39631.0
32013.0 39572.0
32934.0 39524.0
36184.0 39385.0
39434.0 39351.0
40355.0 39302.0
42684.0 39291.0
43605.0 39266.0
46779.0 39241.0
46855.0 39093.0
50105.0 39058.0
57526.0 38976.0

16023.0 42369.0
16156.0 42088.0
16515.0 41382.0
16595.0 41053.0
17095.0 40954.0
17171.0 40744.0
18092.0 40466.0
18545.0 40444.0
18596.0 40337.0
19912.0 40313.0
21266.0 40310.0
21342.0 40064.0
21708.0 39975.0
24516.0 39972.0
24592.0 39915.0
24820.0 39884.0
25513.0 39758.0
27894.0 39757.0
28763.0 39631.0
32013.0 39572.0
32934.0 39512.0
36108.0 39511.0
36184.0 39386.0
39434.0 39327.0
40355.0 39278.0
43605.0 39152.0
46855.0 39093.0
50105.0 39058.0
57526.0 38976.0


