18615.0 208737.0
19112.0 208523.0
19912.0 207642.0
20766.0 206783.0
21342.0 203791.0
21657.0 203007.0
22263.0 202694.0
24516.0 202692.0
24592.0 202430.0
24820.0 202303.0
25513.0 200823.0
27043.0 200621.0
28687.0 200619.0
28763.0 199910.0
36184.0 199693.0

18596.0 209810.0
18671.0 208636.0
19980.0 207194.0
21266.0 204687.0
21342.0 204358.0
21708.0 203776.0
23817.0 203684.0
24592.0 203658.0
24801.0 203444.0
25437.0 203141.0
27690.0 202855.0
27894.0 202519.0
28763.0 202507.0
31437.0 202387.0
32013.0 202168.0
32934.0 201695.0
34687.0 201365.0
35608.0 201085.0
36184.0 200743.0
36661.0 200720.0

18596.0 209810.0
18671.0 208207.0
19280.0 207902.0
19505.0 207118.0
19946.0 206952.0
19980.0 206460.0
20766.0 206142.0
20838.0 205416.0
21266.0 204687.0
21342.0 203554.0
21708.0 203355.0
22263.0 203248.0
24516.0 202795.0
25513.0 202489.0
27690.0 202386.0
28687.0 202365.0
28763.0 201634.0
32934.0 201187.0
35187.0 200968.0
36184.0 200335.0
36661.0 200312.0

18596.0 209810.0
18671.0 208207.0
19313.0 208132.0
19505.0 207989.0
19769.0 207930.0
19946.0 207255.0
19980.0 207194.0
20066.0 206691.0
20838.0 205416.0
21266.0 204588.0
21342.0 204080.0
21708.0 203776.0
23817.0 203684.0
24592.0 203493.0
24651.0 203419.0
25437.0 203141.0
25513.0 202805.0
27894.0 202519.0
28763.0 202141.0
30155.0 201932.0
32013.0 201850.0
32934.0 201486.0
34687.0 201365.0
35608.0 201085.0
36184.0 200743.0
36661.0 200511.0

18596.0 209810.0
18671.0 208207.0
19280.0 207902.0
19505.0 207118.0
19980.0 206460.0
20766.0 206142.0
20838.0 205416.0
21266.0 204687.0
21342.0 204358.0
21657.0 204315.0
21708.0 203435.0
23950.0 203404.0
24516.0 203152.0
24651.0 202850.0
24750.0 202681.0
25513.0 202507.0
28187.0 202304.0
28763.0 202122.0
32013.0 202066.0
32934.0 201575.0
34687.0 201365.0
35608.0 201085.0
36184.0 200743.0
36661.0 200720.0

18596.0 209810.0
18615.0 206441.0
19112.0 206198.0
19313.0 206152.0
20766.0 206142.0
20838.0 206088.0
21266.0 204617.0
21342.0 203965.0
21638.0 203914.0
21708.0 203328.0
24516.0 203212.0
24592.0 203009.0
25513.0 202701.0
27043.0 202499.0
27913.0 202182.0
28687.0 201450.0
28763.0 201440.0
32013.0 201302.0
32934.0 200985.0
36184.0 200743.0
36661.0 200511.0

18596.0 209810.0
18671.0 208207.0
19280.0 207473.0
19980.0 207194.0
20766.0 206142.0
21266.0 204687.0
21342.0 203626.0
21708.0 203346.0
22263.0 203244.0
24016.0 203193.0
24592.0 203182.0
25437.0 203141.0
25513.0 202850.0
27043.0 201969.0
31437.0 201797.0
32013.0 201704.0
32934.0 201695.0
34687.0 201365.0
35608.0 201085.0
36184.0 200743.0
36661.0 200720.0

18545.0 210396.0
18596.0 209810.0
18671.0 208207.0
19313.0 208132.0
19980.0 207194.0
21104.0 206377.0
21266.0 204616.0
21342.0 203677.0
21708.0 203345.0
24016.0 203147.0
24516.0 203048.0
24592.0 202917.0
25513.0 202616.0
27690.0 202545.0
27894.0 202519.0
28687.0 201902.0
28763.0 201293.0
35608.0 201085.0
36184.0 200743.0
36661.0 200720.0

18596.0 209810.0
18671.0 208207.0
19280.0 207473.0
19505.0 207372.0
19980.0 207194.0
20766.0 206142.0
20838.0 205322.0
21266.0 204687.0
21342.0 204358.0
21657.0 203891.0
21708.0 203346.0
24592.0 203182.0
25437.0 203141.0
27043.0 202510.0
28763.0 202349.0
32013.0 201704.0
32934.0 201695.0
34687.0 201365.0
35608.0 201085.0
36184.0 200743.0
36661.0 200720.0

18545.0 213276.0
18596.0 209810.0
18615.0 209479.0
18671.0 208170.0
19280.0 207473.0
19980.0 207194.0
20438.0 206864.0
20766.0 206142.0
20787.0 205123.0
21266.0 204586.0
21342.0 204333.0
21689.0 204104.0
21708.0 203107.0
24516.0 202797.0
24592.0 202249.0
27842.0 202196.0
28687.0 201871.0
28763.0 201403.0
32013.0 201277.0
32934.0 200962.0
33987.0 200741.0
36661.0 200511.0

18596.0 209019.0
18671.0 208427.0
19280.0 207693.0
19505.0 206679.0
21266.0 203676.0
21342.0 203156.0
21708.0 202469.0
24516.0 202278.0
24592.0 202048.0
24801.0 201722.0
25513.0 201554.0
27690.0 200998.0
27913.0 200073.0
30940.0 199020.0
31937.0 198762.0
35111.0 198678.0
39358.0 198244.0
41611.0 197529.0
49032.0 197157.0
50105.0 197089.0


