22020.0 247923.0
25437.0 247753.0
25513.0 244877.0
26443.0 244681.0
27961.0 243091.0
29633.0 242194.0
32858.0 241046.0

25513.0 239338.0
26043.0 235595.0
32248.0 234385.0

25513.0 239338.0
26043.0 235595.0
32248.0 234385.0

25513.0 239338.0
26043.0 235595.0
32248.0 234385.0

25513.0 239338.0
26043.0 235595.0
32248.0 234385.0

25513.0 239338.0
26043.0 235595.0
32248.0 234385.0

25513.0 239338.0
26043.0 235595.0
32248.0 234385.0

25513.0 239338.0
26043.0 235595.0
32248.0 234385.0

25513.0 239338.0
26043.0 235595.0
32248.0 234385.0

25513.0 239338.0
26043.0 235595.0
32248.0 234385.0

25513.0 239338.0
26043.0 235595.0
32248.0 234385.0


