18092.0 123988.0
18545.0 123350.0
18596.0 122260.0
18615.0 121833.0
19912.0 121593.0
21266.0 121467.0
21342.0 120690.0
21708.0 120347.0
24516.0 120343.0
24592.0 120015.0
27766.0 120011.0
27842.0 119980.0
27913.0 119877.0
28763.0 119241.0
32013.0 119094.0
36108.0 119087.0
36184.0 118749.0
39358.0 118647.0
43605.0 118570.0

18092.0 123763.0
18545.0 123533.0
18596.0 122487.0
18615.0 121678.0
21266.0 121513.0
21342.0 121032.0
21708.0 120789.0
24516.0 120622.0
24801.0 120507.0
25513.0 120450.0
27894.0 120417.0
28187.0 120346.0
28687.0 120159.0
28763.0 119809.0
31937.0 119785.0
32934.0 119338.0
40355.0 119241.0

18092.0 123763.0
18545.0 123533.0
18596.0 122487.0
18615.0 121678.0
20766.0 121606.0
21266.0 121513.0
21342.0 121032.0
21708.0 120416.0
24801.0 120380.0
25513.0 120086.0
27266.0 120070.0
28763.0 119727.0
32934.0 119338.0
40355.0 119241.0

18092.0 123763.0
18545.0 122398.0
18596.0 122309.0
18615.0 121517.0
19912.0 121493.0
20387.0 121469.0
21342.0 121032.0
21708.0 120416.0
27913.0 120365.0
28187.0 120346.0
28687.0 120159.0
28763.0 119739.0
32934.0 119331.0
40355.0 119241.0

18092.0 123763.0
18545.0 123533.0
18596.0 122487.0
18615.0 121477.0
19912.0 121288.0
21342.0 120799.0
21708.0 120416.0
25513.0 119931.0
27843.0 119815.0
28763.0 119785.0
32934.0 119338.0
40355.0 119241.0

18092.0 123727.0
18312.0 123281.0
18545.0 122671.0
18596.0 122487.0
18615.0 121678.0
20766.0 121606.0
21266.0 121491.0
21342.0 121032.0
21657.0 120894.0
21708.0 120416.0
24592.0 120358.0
24801.0 120176.0
25513.0 119943.0
27842.0 119795.0
28763.0 119739.0
31437.0 119696.0
32934.0 119338.0
36184.0 119310.0
39358.0 119151.0

18092.0 123763.0
18545.0 123533.0
18596.0 122487.0
18615.0 121678.0
20766.0 121606.0
21266.0 121451.0
21342.0 121032.0
21708.0 120416.0
24750.0 120403.0
24801.0 120380.0
25513.0 120062.0
28763.0 119727.0
31937.0 119689.0
32934.0 119338.0
40355.0 119241.0

18092.0 123687.0
18526.0 123264.0
18545.0 123166.0
18596.0 122487.0
18615.0 121517.0
19912.0 121493.0
20387.0 121469.0
21266.0 121451.0
21342.0 120748.0
21708.0 120416.0
24516.0 120415.0
24592.0 120268.0
25513.0 120017.0
27913.0 119979.0
28763.0 119623.0
32934.0 119338.0
36184.0 119241.0

18092.0 123763.0
18545.0 123533.0
18596.0 122487.0
18615.0 121477.0
19912.0 121453.0
20387.0 121405.0
21342.0 120799.0
21708.0 120416.0
23950.0 120317.0
24592.0 120275.0
24801.0 120204.0
25513.0 120062.0
28763.0 119727.0
31937.0 119689.0
32013.0 119338.0
39434.0 119173.0

18092.0 123763.0
18545.0 123473.0
18596.0 122487.0
18615.0 121678.0
20766.0 121606.0
21266.0 121451.0
21342.0 120822.0
21708.0 120405.0
24516.0 120404.0
24592.0 120345.0
24801.0 120227.0
25513.0 120062.0
28763.0 119610.0
32013.0 119485.0
32934.0 119338.0
39434.0 119207.0

18092.0 123763.0
18545.0 122142.0
18596.0 121572.0
19946.0 121492.0
21266.0 121430.0
21342.0 120665.0
21638.0 120664.0
21708.0 120282.0
24592.0 120234.0
24750.0 120162.0
25513.0 119873.0
27894.0 119846.0
28763.0 119103.0
32934.0 118731.0


