25437.0 238142.0
27300.0 235773.0
28163.0 232827.0
28763.0 231330.0

26466.0 248824.0
27192.0 246953.0
27266.0 242448.0
28936.0 239930.0
32048.0 239547.0
32671.0 239132.0

26466.0 248824.0
27192.0 246953.0
27266.0 242448.0
28936.0 239930.0
32048.0 239547.0
32671.0 239132.0

26466.0 248824.0
27192.0 246953.0
27266.0 242448.0
28936.0 239930.0
32048.0 239547.0
32671.0 239132.0

26466.0 248824.0
27192.0 246953.0
27266.0 242448.0
28936.0 239930.0
32048.0 239547.0
32671.0 239132.0

26466.0 248824.0
27192.0 246953.0
27266.0 242448.0
28936.0 239930.0
32048.0 239547.0
32671.0 239132.0

26466.0 248824.0
27192.0 246953.0
27266.0 242448.0
28936.0 239930.0
32048.0 239547.0
32671.0 239132.0

26466.0 248824.0
27192.0 246953.0
27266.0 242448.0
28936.0 239930.0
32048.0 239547.0
32671.0 239132.0

26466.0 248824.0
27192.0 246953.0
27266.0 242448.0
28936.0 239930.0
32048.0 239547.0
32671.0 239132.0

26466.0 248824.0
27192.0 246953.0
27266.0 242448.0
28936.0 239930.0
32048.0 239547.0
32671.0 239132.0

26466.0 248824.0
27192.0 246953.0
27266.0 242448.0
28936.0 239930.0
32048.0 239547.0
32671.0 239132.0


