16480.0 44527.0
16494.0 43969.0
16515.0 41828.0
16816.0 41711.0
16875.0 41584.0
16990.0 41387.0
17516.0 41155.0
18016.0 41092.0
18092.0 40624.0
18545.0 40602.0
18596.0 40495.0
18615.0 40443.0
20387.0 40419.0
21342.0 40064.0
21708.0 39975.0
24516.0 39972.0
24592.0 39915.0
24820.0 39865.0
25513.0 39758.0
27894.0 39757.0
28687.0 39755.0
28763.0 39631.0
31937.0 39628.0
32013.0 39572.0
32934.0 39511.0
36108.0 39508.0
36184.0 39385.0
39358.0 39382.0
39434.0 39340.0
40355.0 39278.0
43605.0 39152.0
46855.0 39117.0
50029.0 39114.0
51026.0 39070.0

16023.0 44801.0
16156.0 43047.0
16515.0 41328.0
16595.0 41096.0
17095.0 41015.0
17171.0 40829.0
18092.0 40466.0
18545.0 40449.0
18596.0 40337.0
19912.0 40313.0
21342.0 40064.0
21708.0 39975.0
24592.0 39939.0
25513.0 39758.0
28763.0 39631.0
32013.0 39620.0
32934.0 39525.0
36184.0 39409.0
39434.0 39405.0
46855.0 39323.0

16023.0 44801.0
16156.0 43047.0
16515.0 41328.0
16595.0 41096.0
17095.0 41015.0
17171.0 40829.0
18092.0 40466.0
18545.0 40449.0
18596.0 40337.0
19912.0 40313.0
21342.0 40064.0
21708.0 39975.0
24592.0 39939.0
25513.0 39758.0
28763.0 39631.0
32013.0 39620.0
32934.0 39525.0
36184.0 39386.0
39358.0 39385.0
46855.0 39323.0

16023.0 42670.0
16156.0 42227.0
16515.0 41267.0
16595.0 41035.0
17095.0 40954.0
17171.0 40768.0
18092.0 40466.0
18545.0 40444.0
18596.0 40337.0
19912.0 40313.0
21266.0 40312.0
21342.0 40064.0
21708.0 39975.0
24516.0 39974.0
24592.0 39939.0
24820.0 39884.0
25513.0 39758.0
28763.0 39631.0
32013.0 39603.0
32934.0 39525.0
36108.0 39511.0
36184.0 39386.0
39358.0 39385.0
43605.0 39341.0
46855.0 39245.0

16023.0 43089.0
16156.0 42815.0
16495.0 42752.0
16515.0 41328.0
16595.0 41096.0
17095.0 41015.0
17171.0 40829.0
18092.0 40466.0
18545.0 40449.0
18596.0 40337.0
19912.0 40313.0
21342.0 40064.0
21708.0 39975.0
24592.0 39939.0
25513.0 39758.0
28763.0 39631.0
32013.0 39620.0
32934.0 39524.0
36184.0 39399.0
39434.0 39340.0
40355.0 39279.0
43605.0 39153.0

16023.0 43089.0
16156.0 41999.0
16515.0 41267.0
16595.0 41035.0
17095.0 40972.0
17171.0 40768.0
18092.0 40466.0
18545.0 40449.0
18596.0 40337.0
19912.0 40313.0
21266.0 40312.0
21342.0 40064.0
21708.0 39975.0
24592.0 39916.0
24820.0 39889.0
25513.0 39758.0
28763.0 39631.0
32013.0 39620.0
32934.0 39525.0
36184.0 39399.0
40355.0 39279.0
43605.0 39153.0

16023.0 44445.0
16156.0 41999.0
16515.0 41328.0
16595.0 41096.0
17095.0 41015.0
17171.0 40829.0
18092.0 40466.0
18545.0 40449.0
18596.0 40337.0
19912.0 40313.0
21342.0 40064.0
21708.0 39975.0
24592.0 39916.0
24820.0 39865.0
25513.0 39758.0
28763.0 39631.0
32013.0 39573.0
32934.0 39524.0
36184.0 39386.0
39358.0 39385.0
39434.0 39340.0
40355.0 39279.0
43605.0 39153.0

16023.0 42617.0
16156.0 41999.0
16515.0 41267.0
16595.0 41035.0
17095.0 40954.0
17171.0 40768.0
18092.0 40466.0
18545.0 40449.0
18596.0 40337.0
19912.0 40313.0
21266.0 40312.0
21342.0 40064.0
21708.0 39975.0
24516.0 39974.0
24592.0 39916.0
24820.0 39865.0
25513.0 39758.0
28763.0 39631.0
32013.0 39573.0
32934.0 39525.0
36108.0 39510.0
36184.0 39386.0
39358.0 39384.0
39434.0 39374.0
46855.0 39323.0

16023.0 44445.0
16156.0 41999.0
16515.0 41328.0
16595.0 41096.0
17095.0 41015.0
17171.0 40829.0
18092.0 40466.0
18545.0 40449.0
18596.0 40337.0
19912.0 40313.0
21342.0 40064.0
21708.0 39975.0
24592.0 39916.0
24820.0 39865.0
25513.0 39758.0
28763.0 39631.0
32013.0 39573.0
32934.0 39524.0
36184.0 39386.0
39358.0 39385.0
39434.0 39340.0
40355.0 39279.0
43605.0 39153.0

16023.0 42617.0
16156.0 41999.0
16515.0 41267.0
16595.0 41035.0
17095.0 40954.0
17171.0 40744.0
18092.0 40466.0
18545.0 40449.0
18596.0 40337.0
19912.0 40313.0
21266.0 40312.0
21342.0 40064.0
21708.0 39975.0
24516.0 39974.0
24592.0 39915.0
24820.0 39865.0
25513.0 39758.0
27894.0 39757.0
28687.0 39756.0
28763.0 39631.0
31937.0 39630.0
32013.0 39573.0
32934.0 39511.0
36184.0 39386.0
39358.0 39385.0
40355.0 39278.0
43605.0 39153.0

16023.0 42375.0
16156.0 41932.0
16515.0 41267.0
16595.0 41035.0
17095.0 40954.0
17171.0 40768.0
18092.0 40466.0
18545.0 40444.0
18596.0 40337.0
19912.0 40313.0
21266.0 40310.0
21342.0 40064.0
21708.0 39975.0
24516.0 39972.0
24592.0 39915.0
24820.0 39865.0
25513.0 39758.0
27894.0 39757.0
28687.0 39755.0
28763.0 39631.0
31937.0 39629.0
32013.0 39572.0
32934.0 39512.0
36108.0 39509.0
36184.0 39385.0
39358.0 39383.0
39434.0 39334.0
40355.0 39279.0
43605.0 39153.0
46855.0 39094.0
54276.0 39036.0


