18092.0 125970.0
18312.0 125285.0
18545.0 124420.0
18596.0 121846.0
18615.0 121402.0
19912.0 121164.0
20387.0 121140.0
21266.0 121137.0
21342.0 120665.0
21708.0 120315.0
24516.0 120313.0
24592.0 120093.0
24820.0 120042.0
25513.0 119899.0
27690.0 119898.0
27766.0 119840.0
27894.0 119634.0
28687.0 119631.0
28763.0 119262.0
31937.0 119203.0
32013.0 119106.0
32934.0 118851.0
36108.0 118848.0
36184.0 118420.0
39358.0 118406.0
39434.0 118300.0
43605.0 118118.0
46855.0 118033.0

18092.0 123215.0
18545.0 122947.0
18596.0 121942.0
18615.0 121323.0
20387.0 121299.0
21266.0 121280.0
21342.0 121035.0
21708.0 120464.0
24516.0 120461.0
24592.0 120425.0
24801.0 120293.0
25513.0 120038.0
28763.0 119888.0
31937.0 119762.0
32934.0 119627.0
36184.0 119109.0
39434.0 119090.0

18092.0 123215.0
18545.0 122947.0
18596.0 121942.0
18615.0 121323.0
20387.0 121299.0
21266.0 121280.0
21342.0 120670.0
21708.0 120440.0
24592.0 120425.0
24801.0 120247.0
25513.0 119977.0
28763.0 119769.0
31937.0 119651.0
32934.0 119434.0
36184.0 119109.0
39434.0 119090.0

18092.0 123215.0
18545.0 122437.0
18596.0 121564.0
18615.0 121323.0
20387.0 121299.0
21266.0 121274.0
21342.0 120374.0
24516.0 120242.0
24592.0 120226.0
25513.0 120038.0
27843.0 119957.0
28187.0 119942.0
28687.0 119941.0
28763.0 119577.0
36184.0 119109.0
39434.0 119090.0

18092.0 123215.0
18545.0 122433.0
18596.0 121942.0
18615.0 121323.0
20387.0 121299.0
21266.0 121280.0
21342.0 120670.0
21708.0 120440.0
24592.0 120425.0
24801.0 120247.0
25513.0 120038.0
28763.0 119727.0
32934.0 119411.0
36184.0 119109.0
39434.0 119090.0

18092.0 123089.0
18545.0 122584.0
18596.0 121942.0
18615.0 121323.0
20387.0 121299.0
21266.0 121274.0
21342.0 120374.0
21708.0 120247.0
24516.0 120222.0
24592.0 120183.0
24820.0 120175.0
25513.0 119977.0
28763.0 119430.0
32013.0 119282.0
36184.0 119109.0
39434.0 119090.0

18092.0 123215.0
18545.0 122947.0
18596.0 121942.0
18615.0 121323.0
20387.0 121299.0
21266.0 121280.0
21342.0 120374.0
21708.0 120285.0
24516.0 120242.0
24592.0 120226.0
24820.0 120175.0
25513.0 119977.0
28763.0 119470.0
32934.0 119347.0
36184.0 119109.0
39434.0 119090.0

18092.0 122724.0
18596.0 121564.0
18615.0 121323.0
20387.0 121299.0
21266.0 121274.0
21342.0 120374.0
21708.0 120285.0
24516.0 120242.0
24592.0 120226.0
24820.0 120175.0
25513.0 119977.0
27842.0 119856.0
28763.0 119590.0
32934.0 119347.0
35263.0 119103.0
39434.0 119090.0

18092.0 123215.0
18545.0 122947.0
18596.0 121942.0
18615.0 121315.0
19912.0 121235.0
21266.0 121210.0
21342.0 120374.0
21708.0 120205.0
24516.0 120202.0
24801.0 120115.0
25513.0 119977.0
28763.0 119274.0
36184.0 119065.0

18092.0 122978.0
18545.0 122783.0
18596.0 121936.0
18615.0 121323.0
19912.0 121299.0
20387.0 121275.0
21266.0 121274.0
21342.0 120374.0
21708.0 120285.0
24516.0 120266.0
24592.0 120207.0
24820.0 120179.0
25513.0 119977.0
28763.0 119315.0
36184.0 119002.0

18092.0 123215.0
18545.0 122751.0
18596.0 121564.0
18615.0 121323.0
19912.0 121299.0
20387.0 121275.0
21266.0 121274.0
21342.0 120374.0
21708.0 120248.0
24592.0 120213.0
24820.0 120126.0
25513.0 119557.0
28763.0 119194.0
32934.0 118770.0


