18122.0 129023.0
18596.0 124395.0
18615.0 122791.0
19146.0 122641.0
19946.0 122568.0
20838.0 122475.0
21266.0 122283.0
21342.0 121661.0
21708.0 121334.0
24516.0 121162.0
24592.0 120863.0
25513.0 120447.0
28763.0 120269.0
32013.0 119922.0
39434.0 119759.0

18122.0 129023.0
18596.0 124395.0
18615.0 122791.0
19146.0 122641.0
19946.0 122568.0
20838.0 122475.0
21266.0 122283.0
21342.0 121661.0
21708.0 121334.0
24516.0 121162.0
24592.0 120863.0
25513.0 120447.0
28763.0 120269.0
32013.0 119922.0
39434.0 119759.0

18122.0 129023.0
18596.0 124395.0
18615.0 122791.0
19146.0 122641.0
19946.0 122568.0
20838.0 122475.0
21266.0 122283.0
21342.0 121661.0
21708.0 121334.0
24516.0 121162.0
24592.0 120863.0
25513.0 120447.0
28763.0 120269.0
32013.0 119922.0
39434.0 119759.0

18122.0 129023.0
18596.0 124395.0
18615.0 122791.0
19146.0 122641.0
19946.0 122568.0
20838.0 122475.0
21266.0 122283.0
21342.0 121661.0
21708.0 121334.0
24516.0 121162.0
24592.0 120863.0
25513.0 120447.0
28763.0 120269.0
32013.0 119922.0
39434.0 119759.0

18122.0 129023.0
18596.0 124395.0
18615.0 122791.0
19146.0 122641.0
19946.0 122568.0
20838.0 122475.0
21266.0 122283.0
21342.0 121661.0
21708.0 121334.0
24516.0 121162.0
24592.0 120863.0
25513.0 120447.0
28763.0 120269.0
32013.0 119922.0
39434.0 119759.0

18122.0 129023.0
18596.0 124395.0
18615.0 122791.0
19146.0 122641.0
19946.0 122568.0
20838.0 122475.0
21266.0 122283.0
21342.0 121661.0
21708.0 121334.0
24516.0 121162.0
24592.0 120863.0
25513.0 120447.0
28763.0 120269.0
32013.0 119922.0
39434.0 119759.0

18122.0 129023.0
18596.0 124395.0
18615.0 122791.0
19146.0 122641.0
19946.0 122568.0
20838.0 122475.0
21266.0 122283.0
21342.0 121661.0
21708.0 121334.0
24516.0 121162.0
24592.0 120863.0
25513.0 120447.0
28763.0 120269.0
32013.0 119922.0
39434.0 119759.0

18122.0 129023.0
18596.0 124395.0
18615.0 122791.0
19146.0 122641.0
19946.0 122568.0
20838.0 122475.0
21266.0 122283.0
21342.0 121661.0
21708.0 121334.0
24516.0 121162.0
24592.0 120863.0
25513.0 120447.0
28763.0 120269.0
32013.0 119922.0
39434.0 119759.0

18122.0 129023.0
18596.0 124395.0
18615.0 122791.0
19146.0 122641.0
19946.0 122568.0
20838.0 122475.0
21266.0 122283.0
21342.0 121661.0
21708.0 121334.0
24516.0 121162.0
24592.0 120863.0
25513.0 120447.0
28763.0 120269.0
32013.0 119922.0
39434.0 119759.0

18122.0 129023.0
18596.0 124395.0
18615.0 122791.0
19146.0 122641.0
19946.0 122568.0
20838.0 122475.0
21266.0 122283.0
21342.0 121661.0
21708.0 121334.0
24516.0 121162.0
24592.0 120863.0
25513.0 120447.0
28763.0 120269.0
32013.0 119922.0
39434.0 119759.0

18122.0 129023.0
18596.0 124395.0
18615.0 122791.0
19146.0 122641.0
19946.0 122568.0
20838.0 122475.0
21266.0 122283.0
21342.0 121661.0
21708.0 121334.0
24516.0 121162.0
24592.0 120863.0
25513.0 120447.0
28763.0 120269.0
32013.0 119922.0
39434.0 119759.0


