24937.0 233619.0
24976.0 228567.0
25010.0 227769.0
28000.0 226831.0
30837.0 225613.0
34087.0 224320.0

23350.0 243702.0
23788.0 243559.0
23992.0 238054.0
25437.0 235674.0
27525.0 235592.0
33505.0 235319.0

23350.0 243702.0
23788.0 243559.0
23992.0 238054.0
25437.0 235674.0
27525.0 235592.0
33505.0 235319.0

23350.0 243702.0
23788.0 243559.0
23992.0 238054.0
25437.0 235674.0
27525.0 235592.0
33505.0 235319.0

23350.0 243702.0
23788.0 243559.0
23992.0 238054.0
25437.0 235674.0
27525.0 235592.0
33505.0 235319.0

23350.0 243702.0
23788.0 243559.0
23992.0 238054.0
25437.0 235674.0
27525.0 235592.0
33505.0 235319.0

23350.0 243702.0
23788.0 243559.0
23992.0 238054.0
25437.0 235674.0
27525.0 235592.0
33505.0 235319.0

23350.0 243702.0
23788.0 243559.0
23992.0 238054.0
25437.0 235674.0
27525.0 235592.0
33505.0 235319.0

23350.0 243702.0
23788.0 243559.0
23992.0 238054.0
25437.0 235674.0
27525.0 235592.0
33505.0 235319.0

23350.0 243702.0
23788.0 243559.0
23992.0 238054.0
25437.0 235674.0
27525.0 235592.0
33505.0 235319.0

23350.0 243702.0
23788.0 243559.0
23992.0 238054.0
25437.0 235674.0
27525.0 235592.0
33505.0 235319.0


