18016.0 124366.0
18092.0 123361.0
18545.0 123178.0
18596.0 121907.0
19471.0 121828.0
19912.0 121788.0
20345.0 121763.0
21266.0 121738.0
21342.0 120622.0
21708.0 120244.0
24516.0 120013.0
24592.0 119889.0
27894.0 119883.0
28763.0 119368.0
32013.0 119294.0
32934.0 118915.0
35187.0 118914.0
35263.0 118880.0
36184.0 118570.0
39358.0 118511.0
39434.0 118417.0
40355.0 118416.0
42684.0 118382.0
43529.0 118324.0
43605.0 117998.0

18092.0 125549.0
18447.0 124812.0
18513.0 124013.0
18596.0 122281.0
18615.0 121779.0
19112.0 121668.0
19912.0 121574.0
21342.0 121026.0
21708.0 120452.0
24516.0 120338.0
27913.0 120163.0
28687.0 120126.0
28763.0 119835.0
31937.0 119795.0
32013.0 119687.0
36108.0 119464.0
49453.0 119314.0

18092.0 125549.0
18447.0 124812.0
18513.0 124013.0
18596.0 122281.0
18615.0 121779.0
19112.0 121668.0
19912.0 121574.0
21342.0 121026.0
21708.0 120452.0
24516.0 120338.0
25513.0 120160.0
27842.0 120034.0
28687.0 120000.0
28763.0 119835.0
31937.0 119795.0
32013.0 119687.0
36108.0 119464.0
49453.0 119314.0

18092.0 125237.0
18447.0 124812.0
18513.0 124013.0
18596.0 122233.0
18615.0 121779.0
19112.0 121644.0
19912.0 121574.0
20387.0 121550.0
21342.0 121026.0
21708.0 120452.0
24516.0 120338.0
25513.0 120108.0
27862.0 119985.0
28763.0 119835.0
31937.0 119795.0
32013.0 119499.0
36108.0 119464.0
46279.0 119315.0
49453.0 119314.0

18092.0 125549.0
18447.0 124812.0
18513.0 124013.0
18596.0 122281.0
18615.0 121668.0
19912.0 121574.0
21266.0 121549.0
21342.0 121026.0
21708.0 120452.0
24516.0 120338.0
25513.0 120198.0
27894.0 119891.0
28763.0 119835.0
31937.0 119795.0
32013.0 119687.0
32934.0 119587.0
36108.0 119464.0
39434.0 119395.0
46279.0 119315.0
49453.0 119314.0

18092.0 125329.0
18446.0 125248.0
18447.0 124812.0
18513.0 124013.0
18545.0 123065.0
18596.0 122254.0
18615.0 121779.0
19112.0 121644.0
19912.0 121574.0
20387.0 121550.0
21266.0 121549.0
21342.0 121026.0
21708.0 120452.0
24516.0 120338.0
24801.0 120315.0
25513.0 120104.0
28687.0 120102.0
28763.0 119775.0
31937.0 119635.0
32934.0 119443.0
46279.0 119315.0
49453.0 119314.0

18092.0 125549.0
18447.0 124812.0
18513.0 124013.0
18545.0 123967.0
18596.0 121464.0
21266.0 121439.0
21342.0 121026.0
21708.0 120452.0
24516.0 120338.0
25513.0 120219.0
27766.0 120218.0
27913.0 120139.0
28187.0 119816.0
28763.0 119668.0
32013.0 119482.0
35608.0 119386.0
36184.0 119230.0
39434.0 119039.0
43029.0 118886.0

18092.0 125549.0
18447.0 124812.0
18513.0 124013.0
18596.0 121451.0
19912.0 121403.0
21266.0 121402.0
21342.0 121026.0
21708.0 120428.0
24516.0 120338.0
24750.0 120256.0
25513.0 120054.0
27913.0 119906.0
28763.0 119621.0
32013.0 119482.0
32934.0 119122.0
36184.0 119048.0
38782.0 119047.0
43029.0 118886.0
46203.0 118885.0

18092.0 125549.0
18447.0 124812.0
18513.0 124013.0
18545.0 123967.0
18596.0 121464.0
19912.0 121416.0
21342.0 120767.0
21657.0 120715.0
21708.0 120426.0
24516.0 120338.0
24592.0 120156.0
24820.0 120105.0
25513.0 120054.0
27894.0 119842.0
28187.0 119816.0
28687.0 119800.0
28763.0 119122.0
32013.0 119029.0
36184.0 118848.0
39358.0 118805.0
39434.0 118658.0
46279.0 118576.0

18092.0 123583.0
18596.0 122254.0
18615.0 121779.0
19112.0 121668.0
19912.0 121574.0
20387.0 121550.0
21342.0 120972.0
21708.0 120428.0
24516.0 120338.0
25513.0 120213.0
27894.0 120047.0
28687.0 120039.0
28763.0 119835.0
31937.0 119795.0
32013.0 119482.0
36108.0 119464.0
49453.0 119314.0

18092.0 125549.0
18447.0 124812.0
18513.0 124013.0
18545.0 122115.0
18596.0 121779.0
19112.0 121644.0
19912.0 121506.0
21266.0 121427.0
21342.0 120767.0
21708.0 120406.0
24516.0 120338.0
24592.0 120259.0
25513.0 119756.0
27913.0 119556.0
28763.0 119495.0
32934.0 118908.0
36108.0 118865.0
43605.0 118779.0
46203.0 118707.0


