16515.0 41382.0
16595.0 41150.0
17095.0 41087.0
17345.0 41033.0
18092.0 40618.0
18526.0 40596.0
18596.0 40337.0
19912.0 40313.0
21266.0 40310.0
21342.0 40064.0
21708.0 39975.0
24516.0 39972.0
24592.0 39916.0
25513.0 39758.0
27894.0 39757.0
28687.0 39755.0
28763.0 39631.0
31937.0 39628.0
32013.0 39573.0
32934.0 39511.0
36184.0 39385.0
39434.0 39350.0
40355.0 39278.0
43605.0 39152.0

16515.0 41997.0
16571.0 41779.0
16990.0 41511.0
17095.0 41279.0
17171.0 40805.0
18092.0 40466.0
18545.0 40444.0
18596.0 40337.0
19912.0 40313.0
21266.0 40310.0
21342.0 40064.0
21708.0 39975.0
24516.0 39974.0
24592.0 39940.0
25513.0 39758.0
28763.0 39631.0
32013.0 39614.0
32934.0 39552.0
36108.0 39509.0
36184.0 39475.0
39358.0 39472.0
43605.0 39321.0

16515.0 41997.0
16571.0 41779.0
16990.0 41511.0
17095.0 41279.0
17171.0 40805.0
18092.0 40466.0
18545.0 40444.0
18596.0 40337.0
19912.0 40313.0
21266.0 40310.0
21342.0 40064.0
21708.0 39975.0
24516.0 39974.0
24592.0 39916.0
25513.0 39758.0
28687.0 39755.0
28763.0 39631.0
32013.0 39614.0
32934.0 39512.0
36108.0 39509.0
36184.0 39475.0
39358.0 39472.0
39434.0 39444.0
40355.0 39429.0
43605.0 39321.0

16515.0 41334.0
16595.0 41102.0
17095.0 41039.0
17171.0 40744.0
18092.0 40466.0
18545.0 40444.0
18596.0 40337.0
19912.0 40313.0
21266.0 40310.0
21342.0 40064.0
21708.0 39975.0
24516.0 39974.0
24592.0 39916.0
25513.0 39758.0
28687.0 39755.0
28763.0 39631.0
32013.0 39614.0
32934.0 39512.0
36108.0 39509.0
36184.0 39475.0
39358.0 39472.0
39434.0 39444.0
43605.0 39321.0

16515.0 41997.0
16571.0 41779.0
16595.0 41728.0
16990.0 41453.0
17095.0 41279.0
17171.0 40805.0
18092.0 40466.0
18545.0 40444.0
18596.0 40337.0
19912.0 40313.0
21266.0 40310.0
21342.0 40064.0
21708.0 39975.0
24516.0 39974.0
24592.0 39916.0
25513.0 39758.0
28763.0 39631.0
32013.0 39614.0
32934.0 39552.0
36108.0 39509.0
36184.0 39475.0
39358.0 39472.0
39434.0 39444.0
43605.0 39321.0

16515.0 41576.0
16990.0 41511.0
17095.0 41082.0
17171.0 40805.0
18092.0 40466.0
18545.0 40444.0
18596.0 40337.0
19912.0 40313.0
21266.0 40310.0
21342.0 40064.0
21708.0 39975.0
24516.0 39974.0
24592.0 39916.0
25513.0 39758.0
27894.0 39757.0
28763.0 39631.0
32013.0 39614.0
32934.0 39552.0
36108.0 39509.0
36184.0 39475.0
39358.0 39472.0
39434.0 39444.0
43605.0 39321.0

16515.0 41997.0
16571.0 41779.0
16990.0 41396.0
17095.0 41279.0
17171.0 40805.0
18092.0 40466.0
18545.0 40444.0
18596.0 40337.0
19912.0 40313.0
21266.0 40310.0
21342.0 40064.0
21708.0 39975.0
24516.0 39974.0
24592.0 39916.0
25513.0 39758.0
28687.0 39755.0
28763.0 39631.0
32013.0 39614.0
32934.0 39512.0
36108.0 39509.0
36184.0 39475.0
39358.0 39472.0
39434.0 39444.0
43605.0 39321.0

16515.0 41568.0
16990.0 41396.0
17095.0 41273.0
17171.0 40805.0
18092.0 40466.0
18545.0 40444.0
18596.0 40337.0
19912.0 40313.0
21266.0 40310.0
21342.0 40064.0
21708.0 39975.0
24516.0 39972.0
24592.0 39916.0
24820.0 39865.0
25513.0 39758.0
28687.0 39755.0
28763.0 39631.0
32013.0 39597.0
32934.0 39512.0
36108.0 39509.0
36184.0 39423.0
43605.0 39321.0

16515.0 41267.0
16595.0 41035.0
17095.0 40972.0
17171.0 40805.0
18092.0 40466.0
18545.0 40444.0
18596.0 40337.0
19912.0 40313.0
21266.0 40310.0
21342.0 40064.0
21708.0 39975.0
24516.0 39972.0
24592.0 39915.0
25513.0 39758.0
28687.0 39755.0
28763.0 39631.0
32013.0 39596.0
32934.0 39512.0
36108.0 39509.0
36184.0 39475.0
39358.0 39472.0
39434.0 39444.0
43605.0 39321.0

16515.0 41576.0
16990.0 41423.0
17095.0 41082.0
17171.0 40805.0
18092.0 40466.0
18545.0 40444.0
18596.0 40337.0
19912.0 40313.0
21266.0 40310.0
21342.0 40064.0
21708.0 39975.0
24516.0 39972.0
24592.0 39915.0
25513.0 39758.0
27894.0 39757.0
28687.0 39755.0
28763.0 39631.0
31937.0 39629.0
32013.0 39614.0
32934.0 39512.0
36108.0 39509.0
36184.0 39386.0
39358.0 39383.0
43605.0 39321.0

16515.0 41328.0
16595.0 41096.0
17095.0 41033.0
17171.0 40805.0
18092.0 40466.0
18545.0 40444.0
18596.0 40337.0
19912.0 40313.0
21266.0 40310.0
21342.0 40064.0
21708.0 39975.0
24516.0 39972.0
24592.0 39915.0
24820.0 39865.0
25513.0 39758.0
27894.0 39757.0
28687.0 39756.0
28763.0 39631.0
31937.0 39629.0
32013.0 39572.0
32934.0 39512.0
36108.0 39509.0
36184.0 39399.0
39434.0 39327.0
40355.0 39279.0
43605.0 39159.0
46855.0 39117.0
50029.0 39116.0
51026.0 39094.0


