18545.0 214641.0
18615.0 210209.0
18623.0 208513.0
19946.0 207886.0
20857.0 206804.0
21266.0 205422.0
21342.0 204774.0
21638.0 204396.0
21708.0 204356.0
22263.0 202895.0
24516.0 202894.0
24592.0 202803.0
25513.0 201701.0
27842.0 201264.0
28763.0 200740.0
30885.0 200565.0
32013.0 200180.0
32934.0 199778.0
36184.0 199369.0
39434.0 199300.0
40355.0 199220.0

18615.0 207117.0
19466.0 207038.0
19471.0 206554.0
20066.0 205604.0
20766.0 205372.0
21342.0 203281.0
22263.0 203161.0
23950.0 202971.0
24801.0 202891.0
25513.0 202367.0
26992.0 202331.0
28687.0 202177.0
28763.0 202038.0
31937.0 201637.0

18615.0 207117.0
19466.0 207038.0
19471.0 206554.0
20066.0 205604.0
20766.0 205372.0
20857.0 205070.0
21342.0 203281.0
21708.0 202562.0
22263.0 202224.0
24516.0 202127.0
25437.0 201930.0
25513.0 201557.0
28763.0 201540.0
29684.0 201421.0
32934.0 200811.0
35608.0 200727.0

18615.0 207117.0
18671.0 206264.0
20066.0 205604.0
20766.0 205372.0
21342.0 203266.0
21689.0 203244.0
22263.0 203161.0
23931.0 203083.0
23950.0 202971.0
24592.0 202940.0
24750.0 202558.0
24801.0 202346.0
25513.0 201531.0
28763.0 201306.0
30136.0 201042.0
30936.0 200908.0
32934.0 200770.0

18615.0 207117.0
19466.0 207038.0
19471.0 206554.0
20066.0 205604.0
20766.0 205130.0
21342.0 203217.0
21638.0 203195.0
22263.0 203161.0
23950.0 202971.0
24592.0 202917.0
24750.0 202558.0
24801.0 202507.0
25513.0 202302.0
27190.0 202038.0
28763.0 202001.0
30936.0 201538.0
35187.0 201267.0

18615.0 207117.0
19466.0 207038.0
19471.0 206554.0
20066.0 205604.0
20457.0 205147.0
21266.0 204026.0
21342.0 202763.0
21689.0 202535.0
21708.0 202499.0
23931.0 202474.0
23950.0 202467.0
25513.0 201857.0
28763.0 201150.0
32934.0 201036.0

18615.0 207117.0
19466.0 207038.0
19471.0 206554.0
20066.0 205604.0
20766.0 205372.0
21342.0 203281.0
21638.0 203065.0
21708.0 202823.0
24516.0 202709.0
25513.0 202348.0
26992.0 202331.0
27766.0 202278.0
28687.0 201916.0
28763.0 201453.0
31937.0 201417.0
35187.0 201267.0

18615.0 207117.0
19466.0 207038.0
19471.0 206554.0
20066.0 205604.0
20766.0 205337.0
20857.0 204877.0
21342.0 203281.0
21638.0 203003.0
21708.0 202823.0
23950.0 202741.0
24516.0 202709.0
25513.0 201882.0
26992.0 201831.0
27043.0 201813.0
28187.0 201391.0
28763.0 201355.0
31937.0 201300.0
32934.0 201106.0

18545.0 219049.0
18615.0 207117.0
19466.0 207038.0
19471.0 206554.0
20066.0 205604.0
20766.0 205372.0
21342.0 203217.0
21638.0 203065.0
21708.0 202823.0
24516.0 202709.0
25513.0 202348.0
26992.0 202331.0
27766.0 202278.0
27843.0 202115.0
28687.0 201916.0
28763.0 201453.0
31937.0 201417.0
35187.0 201267.0

18615.0 207117.0
19146.0 207082.0
19466.0 207038.0
19471.0 206554.0
20066.0 205604.0
20766.0 205191.0
21342.0 203281.0
21638.0 203065.0
21708.0 202823.0
24516.0 202709.0
24801.0 202558.0
25513.0 202348.0
26992.0 202331.0
27766.0 202278.0
28687.0 201916.0
28763.0 201453.0
30936.0 201426.0
31937.0 201417.0
32934.0 201190.0

18615.0 205632.0
19946.0 203855.0
21342.0 202512.0
21708.0 201721.0
24801.0 201187.0
25513.0 200979.0
28687.0 200869.0
28763.0 199564.0
30940.0 199032.0


