24440.0 219815.0
24820.0 218273.0
24937.0 216624.0
26887.0 215609.0
27690.0 214913.0
35008.0 214483.0

23392.0 243420.0
24913.0 240508.0
24937.0 239993.0
26662.0 237936.0
28163.0 237242.0
32858.0 235711.0
32934.0 235057.0
33471.0 232975.0

23392.0 243420.0
24913.0 240508.0
24937.0 239993.0
26662.0 237936.0
28163.0 237242.0
32858.0 235711.0
32934.0 235057.0
33471.0 232975.0

23392.0 243420.0
24913.0 240508.0
24937.0 239993.0
26662.0 237936.0
28163.0 237242.0
32858.0 235711.0
32934.0 235057.0
33471.0 232975.0

23392.0 243420.0
24913.0 240508.0
24937.0 239993.0
26662.0 237936.0
28163.0 237242.0
32858.0 235711.0
32934.0 235057.0
33471.0 232975.0

23392.0 243420.0
24913.0 240508.0
24937.0 239993.0
26662.0 237936.0
28163.0 237242.0
32858.0 235711.0
32934.0 235057.0
33471.0 232975.0

23392.0 243420.0
24913.0 240508.0
24937.0 239993.0
26662.0 237936.0
28163.0 237242.0
32858.0 235711.0
32934.0 235057.0
33471.0 232975.0

23392.0 243420.0
24820.0 237654.0
27313.0 237621.0
28163.0 237242.0
32858.0 235711.0
32934.0 235057.0
33471.0 232975.0

23392.0 243420.0
24913.0 240508.0
24937.0 239993.0
26662.0 237936.0
28163.0 237242.0
32858.0 235711.0
32934.0 235057.0
33471.0 232975.0

23392.0 243420.0
24913.0 240508.0
24937.0 239993.0
26662.0 237936.0
28163.0 237242.0
32858.0 235711.0
32934.0 235057.0
33471.0 232975.0

23392.0 243420.0
24913.0 240508.0
24937.0 239993.0
26662.0 237936.0
28163.0 237242.0
32858.0 235711.0
32934.0 235057.0
33471.0 232975.0


