18922.0 221958.0
19247.0 213309.0
19471.0 207916.0
19505.0 206547.0
20269.0 206488.0
21190.0 206165.0
21342.0 205714.0
21657.0 205636.0
21708.0 204628.0
22263.0 204461.0
23950.0 204262.0
24016.0 203710.0
24516.0 203417.0
24592.0 203239.0
24731.0 203162.0
25513.0 201325.0
27843.0 200926.0
28187.0 200771.0
28687.0 200473.0
30155.0 200471.0
31437.0 200179.0
32934.0 199338.0
36108.0 199330.0
36184.0 199278.0
38858.0 198967.0

18596.0 207141.0
18623.0 207064.0
19845.0 205942.0
20766.0 205449.0
20768.0 205360.0
21266.0 204660.0
21342.0 204325.0
22263.0 203856.0
23080.0 203844.0
23931.0 203595.0
24016.0 203531.0
24617.0 203119.0
25513.0 201956.0
28187.0 201843.0
36184.0 200820.0
39434.0 200673.0

18596.0 207141.0
18623.0 207064.0
19845.0 205942.0
20766.0 205449.0
20768.0 205360.0
21266.0 204660.0
21342.0 204325.0
22263.0 203202.0
24617.0 203119.0
25437.0 203088.0
25513.0 201886.0
28187.0 201843.0
28763.0 201660.0
32934.0 201604.0
36184.0 200377.0

18596.0 207141.0
18623.0 207064.0
19146.0 205607.0
20766.0 205449.0
20768.0 205360.0
21266.0 204272.0
22263.0 203481.0
22461.0 203325.0
24592.0 203136.0
24617.0 203119.0
25513.0 201886.0
28187.0 201843.0
28763.0 201660.0
32934.0 201331.0
36184.0 200377.0
43605.0 200250.0

18596.0 207141.0
18623.0 207064.0
19845.0 205942.0
20766.0 205449.0
20768.0 205360.0
21266.0 204660.0
21342.0 204325.0
21708.0 203770.0
22263.0 203586.0
24016.0 203531.0
24617.0 203119.0
25513.0 201886.0
28187.0 201843.0
28763.0 201660.0
32013.0 201649.0
36184.0 200820.0
39434.0 200673.0

18596.0 207141.0
18623.0 207064.0
19146.0 206720.0
19845.0 205942.0
20766.0 205449.0
20768.0 205360.0
21266.0 204660.0
21342.0 204318.0
21708.0 203958.0
22263.0 203729.0
23931.0 203595.0
24016.0 203531.0
24617.0 203119.0
25513.0 201886.0
28187.0 201843.0
28763.0 201660.0
36184.0 200566.0

18596.0 207141.0
18623.0 207064.0
18856.0 206400.0
19505.0 206017.0
19845.0 205942.0
20766.0 205449.0
20768.0 205360.0
21266.0 204660.0
21342.0 204325.0
22263.0 203821.0
23931.0 203595.0
24016.0 203531.0
24617.0 203119.0
25513.0 201867.0
28187.0 201843.0
29684.0 201613.0
32934.0 201333.0
36184.0 200377.0
39434.0 199659.0

18596.0 207141.0
18623.0 206895.0
19845.0 205942.0
20766.0 205449.0
20768.0 205360.0
21266.0 204444.0
21342.0 204318.0
21708.0 203852.0
22263.0 203231.0
24617.0 203119.0
24801.0 203035.0
25513.0 201775.0
28763.0 201538.0
32934.0 200831.0
36184.0 200377.0
39434.0 199659.0

18596.0 207141.0
18615.0 206862.0
18856.0 206400.0
19505.0 205616.0
20457.0 205572.0
20766.0 205449.0
20768.0 205360.0
21266.0 204660.0
21342.0 204325.0
21657.0 203858.0
22263.0 203550.0
24016.0 203531.0
24617.0 203119.0
25513.0 201797.0
28763.0 201660.0
29684.0 201613.0
32013.0 201605.0
32934.0 201510.0
36108.0 201392.0
36184.0 200377.0
39434.0 199584.0

18596.0 207141.0
18623.0 207064.0
19845.0 205942.0
20766.0 205449.0
20768.0 205360.0
21266.0 204444.0
21342.0 204318.0
21708.0 204084.0
22263.0 203741.0
23931.0 203595.0
23950.0 203369.0
24617.0 203119.0
25513.0 201867.0
28187.0 201843.0
28763.0 201660.0
29684.0 201613.0
32934.0 201467.0
36184.0 200355.0
39434.0 199659.0

18596.0 206444.0
19845.0 205942.0
19946.0 203556.0
21266.0 203433.0
21638.0 203260.0
21708.0 202044.0
22263.0 201903.0
25513.0 201664.0
27894.0 201598.0
27913.0 200096.0
28763.0 199799.0
32934.0 199794.0
38361.0 199667.0
41611.0 198375.0


