16094.0 46847.0
16290.0 43790.0
16480.0 43463.0
16494.0 43069.0
16571.0 42984.0
16816.0 41717.0
16956.0 41606.0
16990.0 41423.0
17516.0 41191.0
18016.0 41128.0
18092.0 40466.0
18545.0 40444.0
18596.0 40337.0
19912.0 40313.0
21266.0 40310.0
21342.0 40064.0
21708.0 39975.0
24516.0 39972.0
24592.0 39916.0
24820.0 39865.0
25513.0 39758.0
27894.0 39757.0
28687.0 39754.0
28763.0 39631.0
31937.0 39629.0
32013.0 39572.0
32934.0 39511.0
36108.0 39508.0
36184.0 39385.0
39358.0 39384.0
39434.0 39326.0
40355.0 39278.0
43605.0 39152.0
46779.0 39151.0
46855.0 39093.0
51026.0 39070.0
54200.0 39069.0

16023.0 42733.0
16156.0 42290.0
16515.0 41507.0
16595.0 41275.0
17095.0 41194.0
17171.0 40744.0
18092.0 40557.0
18545.0 40525.0
18596.0 40402.0
19912.0 40378.0
21342.0 40104.0
21657.0 40082.0
21708.0 39975.0
25513.0 39798.0
28763.0 39632.0
32934.0 39552.0
36184.0 39488.0
39434.0 39429.0
42684.0 39420.0

16023.0 42733.0
16156.0 42290.0
16515.0 41507.0
16595.0 41275.0
17095.0 41194.0
17171.0 40744.0
18092.0 40466.0
18545.0 40444.0
18596.0 40337.0
19912.0 40313.0
21266.0 40312.0
21342.0 40064.0
21708.0 39975.0
24516.0 39974.0
24592.0 39916.0
25513.0 39758.0
28763.0 39632.0
32934.0 39552.0
36184.0 39488.0
39434.0 39429.0
42684.0 39420.0

16023.0 42700.0
16156.0 42235.0
16515.0 41382.0
16595.0 41150.0
17095.0 41087.0
17171.0 40744.0
18092.0 40496.0
18545.0 40474.0
18596.0 40337.0
19912.0 40313.0
21266.0 40312.0
21342.0 40064.0
21708.0 39975.0
24516.0 39974.0
24592.0 39916.0
24820.0 39865.0
25513.0 39758.0
28763.0 39632.0
32013.0 39597.0
32934.0 39529.0
36184.0 39410.0
39434.0 39351.0

16023.0 42733.0
16156.0 42290.0
16515.0 41382.0
16595.0 41150.0
17095.0 41087.0
17171.0 40744.0
18092.0 40466.0
18545.0 40444.0
18596.0 40337.0
19912.0 40313.0
21266.0 40312.0
21342.0 40064.0
21708.0 39975.0
24516.0 39974.0
24592.0 39916.0
25513.0 39758.0
28687.0 39757.0
28763.0 39632.0
31937.0 39630.0
32013.0 39573.0
32934.0 39525.0
36184.0 39488.0
39434.0 39429.0
42684.0 39420.0

16023.0 42733.0
16156.0 42235.0
16515.0 41507.0
16595.0 41275.0
17095.0 41194.0
17171.0 40744.0
18092.0 40496.0
18545.0 40474.0
18596.0 40367.0
19912.0 40313.0
21266.0 40312.0
21342.0 40064.0
21708.0 39975.0
24516.0 39974.0
24592.0 39915.0
24820.0 39884.0
25513.0 39758.0
28763.0 39632.0
32013.0 39573.0
32934.0 39512.0
36184.0 39386.0
39434.0 39327.0
42608.0 39326.0

16023.0 42733.0
16156.0 42290.0
16515.0 41507.0
16595.0 41275.0
17095.0 41194.0
17171.0 40744.0
18092.0 40466.0
18545.0 40444.0
18596.0 40337.0
19912.0 40313.0
21266.0 40312.0
21342.0 40064.0
21708.0 39975.0
24516.0 39974.0
24592.0 39916.0
25513.0 39758.0
28763.0 39632.0
32013.0 39573.0
32934.0 39525.0
36184.0 39410.0
39434.0 39351.0

16023.0 42733.0
16156.0 42290.0
16515.0 41382.0
16595.0 41150.0
17095.0 41069.0
17171.0 40744.0
18092.0 40466.0
18545.0 40444.0
18596.0 40337.0
19912.0 40313.0
21266.0 40310.0
21342.0 40064.0
21708.0 39975.0
24516.0 39974.0
24592.0 39916.0
24820.0 39865.0
25513.0 39758.0
28763.0 39632.0
31937.0 39631.0
32013.0 39573.0
32934.0 39525.0
36184.0 39399.0
39434.0 39340.0
40355.0 39279.0
43605.0 39153.0
46855.0 39094.0

16023.0 42733.0
16156.0 42290.0
16515.0 41382.0
16595.0 41150.0
17095.0 41087.0
17171.0 40744.0
18092.0 40466.0
18545.0 40444.0
18596.0 40337.0
19912.0 40313.0
21266.0 40312.0
21342.0 40064.0
21708.0 39975.0
24516.0 39974.0
24592.0 39916.0
24820.0 39865.0
25513.0 39758.0
28763.0 39632.0
32013.0 39573.0
32934.0 39525.0
36184.0 39410.0
39434.0 39327.0
42608.0 39326.0

16023.0 42617.0
16156.0 42174.0
16515.0 41507.0
16595.0 41275.0
17095.0 41194.0
17171.0 40744.0
18092.0 40466.0
18545.0 40444.0
18596.0 40337.0
19912.0 40313.0
21266.0 40312.0
21342.0 40064.0
21708.0 39975.0
24516.0 39974.0
24592.0 39916.0
24820.0 39865.0
25513.0 39758.0
28687.0 39757.0
28763.0 39631.0
32013.0 39573.0
32934.0 39512.0
36108.0 39511.0
36184.0 39399.0
39434.0 39327.0

16023.0 42375.0
16156.0 41932.0
16515.0 41382.0
16595.0 41150.0
17095.0 41087.0
17171.0 40744.0
18092.0 40466.0
18545.0 40444.0
18596.0 40337.0
19912.0 40313.0
21266.0 40310.0
21342.0 40064.0
21708.0 39975.0
24516.0 39972.0
24592.0 39915.0
24820.0 39865.0
25513.0 39758.0
27894.0 39757.0
28687.0 39755.0
28763.0 39631.0
31937.0 39629.0
32013.0 39572.0
32934.0 39511.0
36184.0 39386.0
39358.0 39385.0
39434.0 39326.0
40355.0 39279.0
43605.0 39153.0
51026.0 39095.0


