18579.0 214898.0
18615.0 204433.0
20066.0 204416.0
20766.0 204373.0
20838.0 203916.0
21266.0 203690.0
21342.0 203353.0
21657.0 203255.0
21708.0 202165.0
23950.0 202114.0
24516.0 201708.0
24592.0 201504.0
24801.0 201150.0
27690.0 201113.0
27766.0 200951.0
28763.0 200382.0
31937.0 199570.0
32934.0 199268.0
39358.0 199035.0

19146.0 217572.0
19247.0 216438.0
19946.0 215884.0
20066.0 208089.0
20089.0 207944.0
21342.0 205260.0
21638.0 204684.0
21657.0 204161.0
21708.0 204110.0
22263.0 203656.0
24516.0 203406.0
25513.0 202704.0
27843.0 202692.0
28687.0 202589.0
28763.0 202237.0
32934.0 202169.0
35111.0 202096.0

19146.0 217572.0
19247.0 216438.0
19946.0 208434.0
20066.0 208089.0
20089.0 207944.0
21342.0 204951.0
21638.0 204684.0
21657.0 204161.0
21708.0 202907.0
22263.0 202722.0
24592.0 202367.0
25513.0 201981.0
28763.0 201552.0
31937.0 201336.0
32013.0 201248.0

18615.0 220324.0
18671.0 210515.0
19246.0 209735.0
19471.0 209665.0
19946.0 208492.0
20066.0 208089.0
20089.0 207944.0
20166.0 207920.0
20766.0 207371.0
21108.0 206859.0
21342.0 203711.0
21657.0 203674.0
21708.0 203528.0
22263.0 203447.0
24516.0 203390.0
24592.0 203186.0
25513.0 202452.0
28763.0 202237.0
32013.0 202214.0
32934.0 202169.0
35111.0 202096.0

18615.0 209379.0
20066.0 208089.0
20089.0 207724.0
21266.0 206025.0
21342.0 204946.0
21638.0 204684.0
21657.0 204161.0
21708.0 202907.0
22263.0 202722.0
24516.0 202619.0
24592.0 202367.0
25513.0 201894.0
28687.0 201556.0
28763.0 201378.0
31937.0 201097.0
32934.0 200900.0

18615.0 211165.0
18856.0 210441.0
19280.0 209016.0
19505.0 208024.0
19912.0 207691.0
20457.0 207345.0
20838.0 206988.0
20857.0 206337.0
21266.0 206334.0
21342.0 204004.0
21657.0 203383.0
21708.0 202809.0
22461.0 202667.0
25513.0 202296.0
28763.0 201686.0

18615.0 226200.0
18671.0 222733.0
18856.0 221605.0
19146.0 217572.0
19247.0 216438.0
19505.0 211694.0
20066.0 207933.0
20089.0 207724.0
20857.0 207163.0
21266.0 206579.0
21342.0 203823.0
21708.0 203529.0
22263.0 203138.0
24750.0 203117.0
24801.0 202926.0
25513.0 202493.0
28763.0 201781.0

18922.0 223445.0
19146.0 217572.0
19247.0 216438.0
19505.0 209470.0
19912.0 208127.0
20066.0 207933.0
20089.0 207724.0
20742.0 206173.0
20838.0 206172.0
21266.0 204680.0
21342.0 203632.0
21619.0 203561.0
21689.0 203558.0
21708.0 202924.0
22263.0 202494.0
24592.0 202442.0
24801.0 202424.0
24820.0 202413.0
25513.0 202309.0
28687.0 202278.0
28763.0 201680.0
30737.0 201671.0
36184.0 201568.0

18596.0 218537.0
18615.0 208818.0
20066.0 207933.0
20089.0 207724.0
20857.0 207163.0
21342.0 203823.0
21708.0 202382.0
23950.0 202258.0
24516.0 202255.0
24592.0 201588.0
24820.0 201537.0
25513.0 201384.0
26566.0 201179.0
28187.0 201153.0
31006.0 200957.0
32013.0 200949.0
32934.0 200900.0
36184.0 200498.0
39358.0 200293.0

18615.0 209582.0
18671.0 208060.0
20089.0 207944.0
20421.0 206813.0
20857.0 205161.0
21266.0 205096.0
21342.0 203454.0
21638.0 203175.0
21657.0 203008.0
22902.0 202990.0
24516.0 202895.0
24592.0 202754.0
25513.0 202376.0
28763.0 201858.0

18856.0 211326.0
19247.0 209223.0
19505.0 208467.0
19769.0 208007.0
19987.0 207940.0
20066.0 207782.0
20457.0 207423.0
20838.0 207376.0
21342.0 203957.0
21657.0 203864.0
21689.0 203032.0
21708.0 202782.0
22263.0 202053.0
24750.0 202007.0
24801.0 201905.0
25437.0 201888.0
25513.0 201423.0
27842.0 200662.0
27913.0 199821.0
28687.0 199820.0
30940.0 199344.0
34190.0 198686.0
36184.0 198494.0


