18092.0 214907.0
18596.0 212146.0
18671.0 211535.0
19505.0 209947.0
20269.0 207356.0
21342.0 204551.0
21638.0 204496.0
21708.0 204092.0
24516.0 204091.0
24592.0 202837.0
25437.0 202786.0
25513.0 201268.0
28687.0 200951.0
28763.0 200179.0
32858.0 199649.0
32934.0 198585.0
35263.0 198147.0
40355.0 197893.0
43529.0 197875.0
47776.0 197823.0

18615.0 211681.0
19247.0 210883.0
19505.0 208929.0
19946.0 208407.0
20166.0 208035.0
20766.0 206913.0
20857.0 206847.0
21342.0 203977.0
21708.0 203762.0
25010.0 203245.0
25513.0 202658.0
28763.0 202399.0
32934.0 201565.0
36108.0 201326.0

18615.0 211681.0
19247.0 209938.0
19505.0 208929.0
19946.0 208407.0
20166.0 207944.0
20766.0 206913.0
20857.0 206723.0
21266.0 206610.0
21342.0 203977.0
21708.0 203762.0
24016.0 203421.0
24592.0 202970.0
25513.0 202658.0
27792.0 202226.0
28687.0 202118.0
31016.0 201543.0
32934.0 201450.0
36108.0 201233.0

18615.0 207563.0
20766.0 206913.0
20857.0 206327.0
21266.0 205579.0
21342.0 203735.0
21638.0 203622.0
21708.0 203380.0
24516.0 203182.0
25513.0 202487.0
28687.0 202113.0
28763.0 202082.0
31937.0 201947.0
32934.0 201565.0
36108.0 201304.0

18615.0 211681.0
19247.0 210883.0
19505.0 208929.0
19845.0 208131.0
20166.0 207944.0
20766.0 206913.0
20857.0 206723.0
21342.0 203977.0
21708.0 203762.0
23950.0 203620.0
24592.0 202970.0
25437.0 202742.0
25513.0 202487.0
28763.0 201699.0
31016.0 201472.0
36108.0 201233.0

18580.0 215704.0
18596.0 210221.0
19247.0 206160.0
19505.0 205246.0
21266.0 204666.0
21342.0 203560.0
21708.0 203502.0
22495.0 203451.0
24801.0 203393.0
25010.0 203245.0
25513.0 202487.0
28763.0 202109.0
32858.0 202094.0
32934.0 201565.0
36108.0 201304.0

18615.0 211681.0
19247.0 210883.0
19505.0 208929.0
19946.0 208407.0
20166.0 208035.0
20766.0 206913.0
20857.0 206847.0
21342.0 203977.0
21708.0 203762.0
24592.0 202977.0
25513.0 202658.0
28763.0 202399.0
32013.0 201842.0
32934.0 201565.0
36108.0 201326.0

18596.0 213004.0
18615.0 207072.0
19505.0 206682.0
21266.0 205479.0
21342.0 203898.0
21638.0 203461.0
22263.0 202818.0
24592.0 202510.0
25513.0 201947.0
31016.0 201873.0
32013.0 201842.0
32934.0 201558.0
36108.0 201326.0

18092.0 216162.0
18596.0 205345.0
19471.0 205276.0
19946.0 204688.0
21342.0 203317.0
21638.0 203309.0
21708.0 203266.0
24150.0 203245.0
24516.0 202793.0
24801.0 202581.0
25513.0 201931.0
27843.0 201890.0
28687.0 201837.0
28763.0 201104.0

18092.0 212798.0
18545.0 210325.0
18615.0 207478.0
19313.0 207413.0
19471.0 207122.0
20742.0 206383.0
21266.0 205718.0
21342.0 203847.0
21708.0 203260.0
24592.0 203202.0
25513.0 201909.0
27843.0 201891.0
27894.0 201364.0
36108.0 201326.0

18596.0 224918.0
18615.0 210247.0
19112.0 207255.0
20766.0 206838.0
20857.0 206556.0
21266.0 204236.0
21342.0 203090.0
21708.0 202454.0
24592.0 202190.0
24801.0 202038.0
25513.0 201506.0
28763.0 200998.0
31937.0 200871.0
32934.0 200452.0
35263.0 200095.0
36184.0 199865.0
56453.0 197665.0
63874.0 194860.0


