16816.0 42668.0
16956.0 42117.0
16990.0 41604.0
17516.0 41209.0
18016.0 41110.0
18092.0 40542.0
18596.0 40337.0
19912.0 40313.0
21266.0 40310.0
21342.0 40064.0
21708.0 39975.0
24516.0 39972.0
24592.0 39915.0
24820.0 39865.0
25513.0 39758.0
27894.0 39757.0
28763.0 39631.0
31937.0 39629.0
32013.0 39572.0
32934.0 39512.0
36184.0 39385.0
39434.0 39339.0
43605.0 39152.0

16023.0 46350.0
16156.0 42088.0
16515.0 41448.0
16595.0 41053.0
17095.0 40954.0
18092.0 40466.0
18545.0 40444.0
18596.0 40337.0
19912.0 40313.0
21266.0 40310.0
21342.0 40064.0
21708.0 39975.0
24516.0 39972.0
24592.0 39934.0
24820.0 39884.0
25513.0 39758.0
28687.0 39755.0
28763.0 39632.0
31937.0 39629.0
32013.0 39573.0
32934.0 39549.0
35263.0 39537.0
36184.0 39399.0
39434.0 39340.0

16023.0 46350.0
16156.0 42088.0
16515.0 41448.0
16595.0 41053.0
17095.0 40954.0
18092.0 40466.0
18545.0 40444.0
18596.0 40337.0
19912.0 40313.0
21266.0 40310.0
21342.0 40064.0
21708.0 39975.0
24516.0 39972.0
24592.0 39934.0
24820.0 39884.0
25513.0 39758.0
28687.0 39755.0
28763.0 39632.0
31937.0 39629.0
32013.0 39573.0
32934.0 39549.0
35263.0 39537.0
36184.0 39399.0
39434.0 39340.0
46855.0 39205.0

16023.0 42369.0
16156.0 42088.0
16515.0 41267.0
16595.0 41053.0
17095.0 40954.0
18092.0 40466.0
18545.0 40444.0
18596.0 40337.0
19912.0 40313.0
21266.0 40310.0
21342.0 40064.0
21708.0 39975.0
24516.0 39972.0
24592.0 39923.0
24820.0 39884.0
25513.0 39758.0
28687.0 39755.0
28763.0 39632.0
31937.0 39629.0
32013.0 39573.0
32934.0 39549.0
35263.0 39537.0
36184.0 39399.0
39434.0 39340.0
46855.0 39205.0

16023.0 46350.0
16156.0 42088.0
16515.0 41448.0
16595.0 41053.0
17095.0 40954.0
18092.0 40466.0
18545.0 40444.0
18596.0 40337.0
19912.0 40313.0
21266.0 40310.0
21342.0 40064.0
21708.0 39975.0
24516.0 39972.0
24592.0 39934.0
24820.0 39884.0
25513.0 39758.0
28687.0 39755.0
28763.0 39632.0
31937.0 39629.0
32013.0 39573.0
32934.0 39549.0
35263.0 39537.0
36184.0 39399.0
39434.0 39340.0

16023.0 46350.0
16156.0 42088.0
16515.0 41448.0
16595.0 41053.0
17095.0 40954.0
17171.0 40768.0
18092.0 40466.0
18545.0 40444.0
18596.0 40337.0
19912.0 40313.0
21266.0 40310.0
21342.0 40064.0
21708.0 39975.0
24516.0 39972.0
24592.0 39934.0
24820.0 39884.0
25513.0 39758.0
28687.0 39755.0
28763.0 39632.0
31937.0 39629.0
32013.0 39573.0
32934.0 39549.0
35263.0 39537.0
36184.0 39399.0
39434.0 39340.0

16023.0 46350.0
16156.0 42088.0
16515.0 41448.0
16595.0 41053.0
17095.0 40954.0
18092.0 40466.0
18545.0 40444.0
18596.0 40337.0
19912.0 40313.0
21266.0 40310.0
21342.0 40064.0
21708.0 39975.0
24516.0 39972.0
24592.0 39934.0
24820.0 39884.0
25513.0 39758.0
28687.0 39755.0
28763.0 39632.0
31937.0 39629.0
32013.0 39573.0
32934.0 39549.0
35263.0 39537.0
36184.0 39399.0
39434.0 39340.0

16023.0 43152.0
16156.0 42088.0
16515.0 41396.0
16595.0 41053.0
17095.0 40954.0
18092.0 40466.0
18545.0 40444.0
18596.0 40337.0
19912.0 40313.0
21266.0 40310.0
21342.0 40064.0
21708.0 39975.0
24516.0 39972.0
24592.0 39915.0
24820.0 39884.0
25513.0 39758.0
27894.0 39757.0
28687.0 39755.0
28763.0 39631.0
31937.0 39629.0
32013.0 39572.0
32934.0 39525.0
36184.0 39399.0
39434.0 39340.0

16023.0 46350.0
16156.0 42088.0
16515.0 41448.0
16595.0 41053.0
17095.0 40954.0
18092.0 40466.0
18545.0 40444.0
18596.0 40337.0
19912.0 40313.0
21266.0 40310.0
21342.0 40064.0
21708.0 39975.0
24516.0 39972.0
24592.0 39934.0
24820.0 39884.0
25513.0 39758.0
28687.0 39755.0
28763.0 39632.0
31937.0 39629.0
32013.0 39573.0
32934.0 39549.0
35263.0 39537.0
36184.0 39399.0
39434.0 39340.0

16023.0 46350.0
16156.0 42088.0
16515.0 41448.0
16595.0 41053.0
17095.0 40954.0
17171.0 40768.0
18092.0 40466.0
18545.0 40444.0
18596.0 40337.0
19912.0 40313.0
21266.0 40310.0
21342.0 40064.0
21708.0 39975.0
24516.0 39972.0
24592.0 39934.0
24820.0 39884.0
25513.0 39758.0
28687.0 39755.0
28763.0 39632.0
31937.0 39629.0
32013.0 39573.0
32934.0 39549.0
35263.0 39537.0
36184.0 39399.0
39434.0 39340.0

16023.0 42369.0
16156.0 42088.0
16515.0 41396.0
16595.0 41053.0
17095.0 40954.0
17171.0 40829.0
18092.0 40466.0
18545.0 40444.0
18596.0 40337.0
19912.0 40313.0
21266.0 40310.0
21342.0 40064.0
21708.0 39975.0
24516.0 39972.0
24592.0 39916.0
24820.0 39865.0
25513.0 39758.0
28687.0 39755.0
28763.0 39631.0
31937.0 39629.0
32013.0 39573.0
32934.0 39525.0
36184.0 39386.0
39358.0 39385.0
39434.0 39340.0
40355.0 39279.0
43529.0 39276.0
43605.0 39152.0
46779.0 39151.0
51026.0 39071.0


