18092.0 123660.0
18494.0 123643.0
18545.0 123293.0
18615.0 122179.0
19912.0 122155.0
20387.0 122115.0
21266.0 122112.0
21342.0 120996.0
21708.0 120949.0
22263.0 120737.0
24516.0 120695.0
24592.0 120365.0
24750.0 120343.0
25513.0 120233.0
27266.0 120218.0
27766.0 120212.0
27842.0 120198.0
27862.0 120096.0
28763.0 119426.0
31937.0 119425.0
32013.0 119300.0
32934.0 119207.0
36184.0 119059.0
39358.0 118960.0

17516.0 134777.0
17670.0 132362.0
18092.0 124905.0
18447.0 124716.0
18545.0 122668.0
18596.0 122474.0
18615.0 122266.0
19112.0 122219.0
19471.0 121902.0
20421.0 121867.0
21342.0 120613.0
21708.0 120524.0
24516.0 120447.0
27842.0 120238.0
28763.0 120125.0
31937.0 119882.0
32934.0 119700.0
36108.0 119688.0
39434.0 119543.0
46279.0 119053.0

17516.0 134777.0
17670.0 132362.0
18092.0 124905.0
18447.0 124286.0
18545.0 122668.0
18596.0 122474.0
18615.0 122266.0
19112.0 122219.0
19471.0 121902.0
20421.0 121843.0
21342.0 120613.0
21708.0 120524.0
24516.0 120447.0
27842.0 120238.0
28763.0 119972.0
31937.0 119858.0
32934.0 119700.0
36108.0 119688.0
36184.0 119496.0
43605.0 119413.0
46279.0 118990.0

17516.0 134777.0
17670.0 132362.0
18092.0 123609.0
18545.0 122668.0
18596.0 122120.0
19146.0 122027.0
19471.0 121902.0
20421.0 121843.0
21342.0 120613.0
21708.0 120282.0
24516.0 120279.0
27690.0 120278.0
27842.0 120152.0
28763.0 119938.0
31937.0 119858.0
32013.0 119688.0
36184.0 119518.0
40355.0 119283.0
46279.0 119053.0

17516.0 134777.0
17670.0 132362.0
18092.0 122618.0
18596.0 122169.0
19471.0 121902.0
20421.0 121843.0
21342.0 120572.0
21708.0 120524.0
24516.0 120447.0
27842.0 120238.0
28763.0 119972.0
31937.0 119858.0
32934.0 119700.0
36108.0 119688.0
36184.0 119496.0
43605.0 119495.0
46279.0 118990.0

17516.0 134777.0
17670.0 132362.0
18092.0 123318.0
18545.0 122314.0
18596.0 121943.0
19471.0 121902.0
19912.0 121838.0
21342.0 120613.0
21708.0 120473.0
24516.0 120291.0
27842.0 120152.0
28763.0 119803.0
32934.0 119686.0
35111.0 119685.0
36184.0 119477.0
46279.0 119053.0

17516.0 134777.0
17670.0 132362.0
18092.0 124905.0
18447.0 124286.0
18545.0 122668.0
18596.0 121967.0
19471.0 121902.0
20421.0 121843.0
21342.0 120613.0
21708.0 120524.0
24516.0 120447.0
25513.0 120341.0
27842.0 120152.0
28763.0 119972.0
31937.0 119882.0
32934.0 119636.0
39434.0 119543.0
46279.0 119053.0

17516.0 134777.0
17670.0 132362.0
18092.0 122904.0
18545.0 122233.0
18596.0 122039.0
19471.0 121902.0
20421.0 121843.0
21342.0 120596.0
21708.0 120473.0
24516.0 120447.0
25513.0 120326.0
27842.0 120152.0
28763.0 119803.0
31937.0 119802.0
32934.0 119636.0
39434.0 119543.0
43605.0 119312.0
46279.0 119053.0

17516.0 134777.0
17670.0 132362.0
18092.0 124905.0
18447.0 124286.0
18545.0 122434.0
18596.0 121943.0
19471.0 121902.0
19946.0 121839.0
21266.0 121831.0
21342.0 120589.0
21708.0 120524.0
24516.0 120447.0
25513.0 120341.0
27842.0 120152.0
28763.0 119833.0
32934.0 119636.0
39434.0 119543.0
46279.0 119053.0

17516.0 134777.0
17670.0 132362.0
18092.0 123609.0
18545.0 122668.0
18596.0 121967.0
19471.0 121902.0
20421.0 121843.0
21342.0 120566.0
21708.0 120282.0
24516.0 120257.0
25513.0 120207.0
27842.0 120152.0
28763.0 119795.0
31937.0 119794.0
32934.0 119700.0
36108.0 119688.0
36184.0 119477.0
43605.0 119220.0
46279.0 119053.0
46855.0 119032.0

17516.0 134777.0
17670.0 132362.0
18092.0 123609.0
18545.0 122668.0
18596.0 121912.0
19471.0 121902.0
19912.0 121888.0
20421.0 121843.0
21266.0 121793.0
21342.0 120583.0
21708.0 120282.0
24516.0 120247.0
24592.0 120155.0
25513.0 119715.0
28687.0 119361.0
28763.0 119301.0
32013.0 119287.0
35111.0 119036.0
36184.0 118692.0


