22263.0 234190.0
24131.0 232637.0
24176.0 232204.0
26662.0 230011.0
29684.0 229782.0

22263.0 249845.0
24913.0 245620.0
25437.0 245227.0
27313.0 244544.0
27587.0 240803.0
31337.0 235822.0
38758.0 232559.0

22263.0 249845.0
24913.0 245620.0
25437.0 245227.0
27313.0 244544.0
27587.0 240803.0
31337.0 235822.0
38758.0 232559.0

22263.0 249845.0
24913.0 245620.0
25437.0 245227.0
27313.0 244544.0
27587.0 240803.0
31337.0 235822.0
32858.0 235318.0
38758.0 232559.0

22263.0 249845.0
24913.0 245620.0
25437.0 245227.0
27313.0 244544.0
27587.0 240803.0
31337.0 235822.0
38758.0 232559.0

22263.0 249845.0
24913.0 245620.0
25437.0 245227.0
27313.0 244544.0
27587.0 240803.0
31337.0 235822.0
38758.0 232559.0

22263.0 249845.0
24913.0 245620.0
25437.0 245227.0
27313.0 244544.0
27587.0 240803.0
31337.0 235822.0
38758.0 232559.0

22263.0 249845.0
24913.0 245620.0
25437.0 245227.0
27313.0 244544.0
27587.0 240803.0
31337.0 235822.0
38758.0 232559.0

22263.0 249845.0
24913.0 245620.0
25437.0 245227.0
27313.0 244544.0
27587.0 240803.0
31337.0 235822.0
32858.0 234804.0
38758.0 232559.0

22263.0 249845.0
24913.0 245620.0
25437.0 245227.0
27313.0 244544.0
27587.0 240803.0
31337.0 235822.0
38758.0 232559.0

22263.0 249845.0
24913.0 245620.0
25437.0 245227.0
27313.0 244544.0
27587.0 240803.0
31337.0 235822.0
38758.0 232559.0


