18092.0 123584.0
18494.0 123522.0
18596.0 122980.0
18615.0 121909.0
19912.0 121869.0
21266.0 121866.0
21342.0 120561.0
21708.0 120439.0
24016.0 120431.0
24516.0 120327.0
24750.0 120206.0
25513.0 120127.0
27842.0 120109.0
28687.0 120108.0
28763.0 119547.0
31937.0 119350.0
32013.0 119349.0
32934.0 119244.0
36184.0 118955.0

18092.0 124914.0
18526.0 124524.0
18545.0 122801.0
18596.0 122067.0
19112.0 122004.0
19505.0 121850.0
21266.0 121807.0
21342.0 121379.0
21657.0 121365.0
21708.0 121076.0
24750.0 121008.0
24801.0 120670.0
25513.0 120648.0
28687.0 120433.0
28763.0 120028.0
32934.0 120027.0
36184.0 119782.0

18092.0 124914.0
18526.0 124524.0
18545.0 122801.0
18596.0 122067.0
19112.0 122004.0
19505.0 121850.0
21266.0 121807.0
21342.0 121379.0
21657.0 121365.0
21708.0 121076.0
24750.0 121008.0
24801.0 120670.0
25513.0 120648.0
28187.0 120522.0
28687.0 120433.0
28763.0 120028.0
32013.0 120026.0
35263.0 119721.0

18092.0 124071.0
18312.0 123549.0
18545.0 122801.0
18596.0 122067.0
19112.0 122004.0
19505.0 121850.0
21266.0 121807.0
21342.0 121367.0
21657.0 121365.0
21708.0 121058.0
24516.0 121055.0
24699.0 120858.0
24801.0 120666.0
25513.0 120451.0
28687.0 120433.0
28763.0 120028.0
32013.0 119707.0
35263.0 119385.0

18092.0 124914.0
18526.0 124524.0
18545.0 122801.0
18596.0 121529.0
19112.0 121489.0
19912.0 121411.0
21266.0 121394.0
21342.0 121110.0
21708.0 120686.0
24516.0 120650.0
24592.0 120538.0
25513.0 120347.0
28687.0 120322.0
28763.0 119813.0
32934.0 119804.0
36184.0 119782.0

18092.0 124914.0
18526.0 124524.0
18545.0 122801.0
18596.0 121895.0
19505.0 121850.0
21266.0 121737.0
21342.0 121379.0
21657.0 121365.0
21689.0 121364.0
21708.0 121076.0
24516.0 121010.0
24750.0 121008.0
24801.0 120670.0
25513.0 120451.0
27043.0 120285.0
28763.0 120028.0
32934.0 119830.0
35263.0 119721.0
43605.0 119467.0

18092.0 124914.0
18526.0 124524.0
18545.0 122801.0
18596.0 122067.0
19112.0 122004.0
19505.0 121850.0
21266.0 121807.0
21342.0 121379.0
21657.0 121365.0
21708.0 121076.0
24516.0 121073.0
24750.0 121008.0
24801.0 120670.0
25513.0 120648.0
27913.0 120386.0
28763.0 120028.0
32013.0 120026.0
35263.0 119721.0

18092.0 124914.0
18526.0 124524.0
18545.0 122801.0
18596.0 121722.0
19912.0 121698.0
21266.0 121697.0
21342.0 121379.0
21657.0 121280.0
21708.0 120875.0
24592.0 120737.0
24699.0 120674.0
24750.0 120615.0
28687.0 120357.0
28763.0 120021.0
31937.0 120020.0
32013.0 120018.0
35263.0 119721.0

18092.0 124914.0
18526.0 124524.0
18545.0 122801.0
18596.0 121529.0
19112.0 121489.0
19912.0 121411.0
21266.0 121394.0
21342.0 121150.0
21708.0 120946.0
24440.0 120921.0
24592.0 120454.0
25513.0 120032.0
27913.0 119988.0
28763.0 119792.0
31937.0 119721.0
32934.0 119677.0

18092.0 124914.0
18526.0 124524.0
18545.0 122801.0
18596.0 122067.0
19112.0 122004.0
19505.0 121850.0
21266.0 121807.0
21342.0 121379.0
21657.0 121365.0
21708.0 120706.0
24592.0 120692.0
24801.0 120614.0
25513.0 120525.0
28687.0 120291.0
28763.0 119962.0
32013.0 119808.0
32934.0 119717.0
36184.0 119649.0
43605.0 119526.0

18092.0 123397.0
18545.0 122801.0
18596.0 122067.0
19112.0 122004.0
19471.0 121705.0
20345.0 121694.0
21342.0 121052.0
21708.0 120998.0
22263.0 120982.0
24516.0 120946.0
24801.0 120670.0
24820.0 120307.0
25513.0 120301.0
26769.0 120250.0
28687.0 120187.0
28763.0 119268.0
36184.0 118477.0
43605.0 118086.0


