18056.0 130721.0
18092.0 123455.0
18526.0 122069.0
18596.0 121750.0
19471.0 121719.0
19912.0 121695.0
21266.0 121652.0
21342.0 121122.0
21708.0 120681.0
24592.0 120435.0
24820.0 120384.0
25513.0 120370.0
27913.0 120332.0
28763.0 119714.0
36184.0 119354.0

18596.0 124255.0
18615.0 121929.0
21266.0 121928.0
21342.0 121474.0
24516.0 121473.0
24592.0 121126.0
24731.0 121119.0
24801.0 121102.0
24820.0 120864.0
25513.0 120542.0
28763.0 120223.0
32934.0 119852.0

18596.0 124255.0
18615.0 121929.0
19912.0 121896.0
20345.0 121833.0
21342.0 121474.0
24516.0 121390.0
24592.0 120711.0
24820.0 120660.0
25513.0 120225.0
27766.0 120097.0
28763.0 119930.0
31937.0 119824.0
32013.0 119746.0
32934.0 119237.0
36108.0 119179.0
40355.0 119004.0

18596.0 124255.0
18615.0 121929.0
21266.0 121666.0
21342.0 121473.0
21708.0 121164.0
24592.0 121126.0
24731.0 121119.0
24801.0 120792.0
25513.0 120489.0
28763.0 120223.0
31937.0 120141.0
32934.0 119560.0

18596.0 124255.0
18615.0 121929.0
19912.0 121669.0
21266.0 121663.0
21342.0 121254.0
24516.0 121253.0
24592.0 120882.0
24820.0 120684.0
25513.0 120111.0
28687.0 120110.0
28763.0 119828.0
32013.0 119619.0
32934.0 119133.0
36184.0 118847.0
40355.0 118614.0

18596.0 124255.0
18615.0 121929.0
21266.0 121928.0
21342.0 121474.0
21708.0 121165.0
24516.0 121164.0
24592.0 121126.0
24731.0 121119.0
24801.0 120793.0
25513.0 120493.0
28763.0 120223.0
32934.0 119852.0

18596.0 124255.0
18615.0 121868.0
20345.0 121833.0
21342.0 121254.0
21708.0 121192.0
24592.0 120711.0
24820.0 120660.0
25513.0 120225.0
27766.0 120097.0
28763.0 119930.0
31937.0 119824.0
32013.0 119746.0
32934.0 119237.0
36108.0 119179.0
40355.0 119004.0

18596.0 124255.0
18615.0 121929.0
19912.0 121896.0
20345.0 121833.0
21342.0 121197.0
21708.0 121164.0
24592.0 120711.0
24820.0 120511.0
25513.0 120225.0
27766.0 120097.0
28763.0 119861.0
31937.0 119824.0
32013.0 119746.0
32934.0 119237.0
36108.0 119179.0
39434.0 118886.0
46855.0 118797.0
50105.0 118566.0

18596.0 122730.0
18615.0 121672.0
19912.0 121608.0
20345.0 121607.0
21342.0 120759.0
21657.0 120719.0
21708.0 120416.0
24592.0 119980.0
24820.0 119929.0
27766.0 119928.0
28763.0 119615.0
32013.0 119161.0
39434.0 118869.0
46855.0 118636.0

18596.0 124255.0
18615.0 121929.0
21266.0 121928.0
21342.0 121474.0
21708.0 121165.0
24516.0 121164.0
24592.0 121101.0
24801.0 120793.0
25513.0 120493.0
28763.0 120223.0
32934.0 119560.0

18596.0 123241.0
18615.0 121778.0
19112.0 121667.0
19845.0 121659.0
19912.0 121597.0
20421.0 121561.0
21266.0 121560.0
21342.0 121347.0
21638.0 121325.0
21708.0 121064.0
24592.0 120830.0
25513.0 120332.0
27842.0 120295.0
27894.0 119429.0
29684.0 119234.0
32934.0 118802.0


