24820.0 245036.0
27300.0 243322.0
27411.0 234718.0
27862.0 231094.0
33437.0 229957.0

25513.0 244827.0
29136.0 244306.0
29599.0 242138.0
29684.0 237501.0
35584.0 234997.0
39755.0 233036.0

25513.0 244827.0
29136.0 244306.0
29599.0 242138.0
29684.0 237501.0
35584.0 234997.0
39755.0 233036.0

25513.0 244827.0
29136.0 244306.0
29599.0 242138.0
29684.0 237501.0
35584.0 234997.0
39755.0 233036.0

25513.0 244827.0
29136.0 244306.0
29599.0 242138.0
29684.0 237501.0
35584.0 234997.0
39755.0 233036.0

25513.0 244827.0
29136.0 244306.0
29599.0 242138.0
29684.0 237501.0
35584.0 234997.0
39755.0 233036.0

25513.0 244827.0
28763.0 241205.0
29684.0 237501.0
35584.0 234997.0
39755.0 233036.0

25513.0 244827.0
29136.0 244306.0
29599.0 242138.0
29684.0 237501.0
35584.0 234997.0
39755.0 233036.0

25513.0 244827.0
29136.0 244306.0
29261.0 240746.0
29684.0 237501.0
35584.0 234997.0
39755.0 233036.0

25513.0 244827.0
29136.0 244306.0
29599.0 242138.0
29684.0 237501.0
35584.0 234997.0
39755.0 233036.0

25513.0 244827.0
29136.0 244306.0
29599.0 242138.0
29684.0 237501.0
35584.0 234997.0
39755.0 233036.0
43005.0 230080.0


