16515.0 41395.0
16595.0 41163.0
17095.0 41100.0
18092.0 40700.0
18545.0 40678.0
18596.0 40506.0
19912.0 40466.0
21266.0 40465.0
21342.0 40318.0
24516.0 40317.0
24592.0 40192.0
24801.0 40105.0
25513.0 39930.0
27843.0 39841.0
27894.0 39822.0
28763.0 39763.0
32934.0 39705.0

16515.0 41395.0
16595.0 41163.0
17095.0 41100.0
18092.0 40700.0
18545.0 40678.0
18596.0 40506.0
19912.0 40466.0
21266.0 40465.0
21342.0 40318.0
24516.0 40317.0
24592.0 40192.0
24801.0 40105.0
25513.0 39930.0
27843.0 39841.0
27894.0 39822.0
28763.0 39763.0
32934.0 39705.0

16515.0 41395.0
16595.0 41163.0
17095.0 41100.0
18092.0 40700.0
18545.0 40678.0
18596.0 40506.0
19912.0 40466.0
21266.0 40465.0
21342.0 40318.0
24516.0 40317.0
24592.0 40192.0
24801.0 40105.0
25513.0 39930.0
27843.0 39841.0
27894.0 39822.0
28763.0 39763.0
32934.0 39705.0

16515.0 41395.0
16595.0 41163.0
17095.0 41100.0
18092.0 40700.0
18545.0 40678.0
18596.0 40506.0
19912.0 40466.0
21266.0 40465.0
21342.0 40318.0
24516.0 40317.0
24592.0 40192.0
24801.0 40105.0
25513.0 39930.0
27843.0 39841.0
27894.0 39822.0
28763.0 39763.0
32934.0 39705.0

16515.0 41395.0
16595.0 41163.0
17095.0 41100.0
18092.0 40700.0
18545.0 40678.0
18596.0 40506.0
19912.0 40466.0
21266.0 40465.0
21342.0 40318.0
24516.0 40317.0
24592.0 40192.0
24801.0 40105.0
25513.0 39930.0
27843.0 39841.0
27894.0 39822.0
28763.0 39763.0
32934.0 39705.0

16515.0 41395.0
16595.0 41163.0
17095.0 41100.0
18092.0 40700.0
18545.0 40678.0
18596.0 40506.0
19912.0 40466.0
21266.0 40465.0
21342.0 40318.0
24516.0 40317.0
24592.0 40192.0
24801.0 40105.0
25513.0 39930.0
27843.0 39841.0
27894.0 39822.0
28763.0 39763.0
32934.0 39705.0

16515.0 41395.0
16595.0 41163.0
17095.0 41100.0
18092.0 40700.0
18545.0 40678.0
18596.0 40506.0
19912.0 40466.0
21266.0 40465.0
21342.0 40318.0
24516.0 40317.0
24592.0 40192.0
24801.0 40105.0
25513.0 39930.0
27843.0 39841.0
27894.0 39822.0
28763.0 39763.0
32934.0 39705.0

16515.0 41395.0
16595.0 41163.0
17095.0 41100.0
18092.0 40700.0
18545.0 40678.0
18596.0 40506.0
19912.0 40466.0
21266.0 40465.0
21342.0 40318.0
24516.0 40317.0
24592.0 40192.0
24801.0 40105.0
25513.0 39930.0
27843.0 39841.0
27894.0 39822.0
28763.0 39763.0
32934.0 39705.0

16515.0 41395.0
16595.0 41163.0
17095.0 41100.0
18092.0 40700.0
18545.0 40678.0
18596.0 40506.0
19912.0 40466.0
21266.0 40465.0
21342.0 40318.0
24516.0 40317.0
24592.0 40192.0
24801.0 40105.0
25513.0 39930.0
27843.0 39841.0
27894.0 39822.0
28763.0 39763.0
32934.0 39705.0

16515.0 41395.0
16595.0 41163.0
17095.0 41100.0
18092.0 40700.0
18545.0 40678.0
18596.0 40506.0
19912.0 40466.0
21266.0 40465.0
21342.0 40318.0
24516.0 40317.0
24592.0 40192.0
24801.0 40105.0
25513.0 39930.0
27843.0 39841.0
27894.0 39822.0
28763.0 39763.0
32934.0 39705.0

16515.0 41395.0
16595.0 41163.0
17095.0 41100.0
18092.0 40700.0
18545.0 40678.0
18596.0 40506.0
19912.0 40466.0
21266.0 40465.0
21342.0 40318.0
24516.0 40317.0
24592.0 40192.0
24801.0 40105.0
25513.0 39930.0
27843.0 39841.0
27894.0 39822.0
28763.0 39763.0
32934.0 39705.0


