15590.0 46239.0
16070.0 45724.0
16093.0 44787.0
16290.0 43341.0
16515.0 42144.0
16816.0 41457.0
17516.0 41152.0
18016.0 41053.0
18092.0 40618.0
18526.0 40596.0
18596.0 40337.0
19912.0 40313.0
21266.0 40310.0
21342.0 40064.0
21708.0 39975.0
24516.0 39972.0
24592.0 39915.0
25513.0 39758.0
27894.0 39757.0
28687.0 39756.0
28763.0 39631.0
32013.0 39572.0
32934.0 39511.0
36108.0 39510.0
36184.0 39385.0
39434.0 39326.0
43605.0 39303.0

16023.0 44303.0
16156.0 44022.0
16494.0 43172.0
16515.0 42148.0
16571.0 41846.0
16595.0 41163.0
17095.0 41100.0
17171.0 40768.0
18092.0 40466.0
18545.0 40444.0
18596.0 40337.0
19912.0 40313.0
21266.0 40312.0
21342.0 40088.0
21657.0 40071.0
21708.0 39999.0
24516.0 39974.0
25513.0 39758.0
28763.0 39657.0
32013.0 39614.0
32934.0 39558.0
36184.0 39464.0
46855.0 39288.0

16023.0 44303.0
16156.0 44022.0
16494.0 43172.0
16515.0 42148.0
16571.0 41718.0
16595.0 41163.0
17095.0 41100.0
17171.0 40768.0
18092.0 40466.0
18545.0 40444.0
18596.0 40337.0
19912.0 40313.0
21266.0 40312.0
21342.0 40088.0
21657.0 40071.0
21708.0 39999.0
24516.0 39974.0
25513.0 39758.0
28763.0 39657.0
32013.0 39614.0
32934.0 39558.0
36184.0 39464.0
46855.0 39288.0

16023.0 44303.0
16156.0 44022.0
16494.0 43172.0
16515.0 41448.0
16595.0 41163.0
17095.0 41100.0
17171.0 40768.0
18092.0 40466.0
18545.0 40444.0
18596.0 40337.0
19912.0 40313.0
21266.0 40310.0
21342.0 40064.0
21708.0 39975.0
24516.0 39972.0
24592.0 39916.0
25513.0 39758.0
28763.0 39657.0
32013.0 39573.0
32934.0 39558.0
36184.0 39464.0
46855.0 39288.0

16023.0 44303.0
16156.0 44022.0
16494.0 43172.0
16515.0 41267.0
16595.0 41035.0
17095.0 40972.0
17171.0 40768.0
18092.0 40466.0
18545.0 40444.0
18596.0 40337.0
19912.0 40313.0
21266.0 40312.0
21342.0 40088.0
21657.0 40071.0
21708.0 39999.0
24516.0 39974.0
25513.0 39758.0
28763.0 39657.0
32013.0 39603.0
32934.0 39558.0
36184.0 39464.0
43605.0 39413.0
46855.0 39288.0

16023.0 44303.0
16156.0 44022.0
16290.0 43037.0
16515.0 41395.0
16595.0 41053.0
17095.0 40954.0
17171.0 40768.0
18092.0 40466.0
18545.0 40444.0
18596.0 40337.0
19912.0 40313.0
21266.0 40310.0
21342.0 40064.0
21708.0 39975.0
24516.0 39972.0
24592.0 39939.0
25513.0 39758.0
28763.0 39632.0
31937.0 39631.0
32013.0 39596.0
32934.0 39532.0
36184.0 39406.0
46855.0 39288.0

16023.0 44303.0
16156.0 44022.0
16494.0 43172.0
16515.0 42148.0
16571.0 41718.0
16595.0 41163.0
17095.0 41100.0
17171.0 40768.0
18092.0 40466.0
18545.0 40444.0
18596.0 40337.0
19912.0 40313.0
21266.0 40310.0
21342.0 40064.0
21708.0 39975.0
24516.0 39974.0
24592.0 39939.0
25513.0 39758.0
27894.0 39757.0
28687.0 39755.0
28763.0 39632.0
32013.0 39596.0
32934.0 39558.0
36184.0 39386.0
43605.0 39193.0

16023.0 44303.0
16156.0 43924.0
16494.0 43172.0
16515.0 41267.0
16595.0 41035.0
17095.0 40954.0
17171.0 40768.0
18092.0 40466.0
18545.0 40444.0
18596.0 40337.0
19912.0 40313.0
21266.0 40310.0
21342.0 40064.0
21708.0 39975.0
24516.0 39974.0
24592.0 39939.0
25513.0 39758.0
27894.0 39757.0
28687.0 39755.0
28763.0 39632.0
31937.0 39631.0
32013.0 39596.0
32934.0 39536.0
36184.0 39386.0
43605.0 39193.0

16023.0 44303.0
16156.0 44022.0
16494.0 43172.0
16515.0 41267.0
16595.0 41035.0
17095.0 40972.0
17171.0 40768.0
18092.0 40466.0
18545.0 40444.0
18596.0 40337.0
19912.0 40313.0
21266.0 40310.0
21342.0 40088.0
21657.0 40071.0
21708.0 39975.0
24516.0 39974.0
24592.0 39916.0
25513.0 39758.0
28763.0 39632.0
31937.0 39631.0
32013.0 39573.0
32934.0 39549.0
36184.0 39399.0
46855.0 39288.0

16023.0 42493.0
16515.0 41395.0
16595.0 41163.0
17095.0 41100.0
17171.0 40768.0
18092.0 40466.0
18545.0 40444.0
18596.0 40337.0
19912.0 40313.0
21266.0 40310.0
21342.0 40064.0
21708.0 39975.0
24516.0 39974.0
24592.0 39916.0
25513.0 39758.0
27894.0 39757.0
28763.0 39632.0
32013.0 39573.0
32934.0 39525.0
36184.0 39386.0
39434.0 39327.0
46855.0 39288.0

16023.0 43119.0
16156.0 43013.0
16515.0 41267.0
16595.0 41035.0
17095.0 40954.0
17171.0 40768.0
18092.0 40466.0
18545.0 40444.0
18596.0 40337.0
19912.0 40313.0
21266.0 40310.0
21342.0 40064.0
21708.0 39975.0
24516.0 39972.0
24592.0 39916.0
24820.0 39889.0
25513.0 39758.0
28687.0 39755.0
28763.0 39632.0
31937.0 39629.0
32013.0 39573.0
32934.0 39512.0
36108.0 39511.0
36184.0 39385.0
39358.0 39383.0
39434.0 39327.0
40355.0 39278.0
43605.0 39177.0
46855.0 39119.0
50105.0 39100.0
54276.0 39059.0


