22771.0 234969.0
24094.0 225161.0
24128.0 213737.0
25513.0 213190.0

22263.0 254973.0
22950.0 248769.0
23350.0 246820.0
24176.0 239842.0
27166.0 238466.0
29155.0 237717.0
30737.0 237688.0
31437.0 237453.0
41532.0 236851.0

22263.0 254973.0
22950.0 248769.0
23350.0 246820.0
24176.0 239842.0
27166.0 238466.0
29155.0 237717.0
30737.0 237688.0
31437.0 237453.0
38858.0 236813.0

22263.0 254973.0
22950.0 248769.0
23350.0 246820.0
24176.0 239842.0
27166.0 238466.0
29155.0 237717.0
30737.0 237688.0
31437.0 237453.0
41532.0 236851.0

22263.0 254973.0
22950.0 248769.0
23350.0 246820.0
24176.0 239842.0
27166.0 238466.0
29155.0 237717.0
30737.0 237688.0
31437.0 237453.0
41532.0 236851.0

22263.0 254973.0
22950.0 248769.0
23350.0 246820.0
24176.0 239842.0
27166.0 238466.0
29155.0 237717.0
30737.0 237688.0
31437.0 232873.0

22263.0 254973.0
22950.0 248769.0
23350.0 246820.0
24176.0 239842.0
27166.0 238466.0
29155.0 237717.0
30737.0 237688.0
31437.0 237453.0
41532.0 236851.0

22263.0 254973.0
22950.0 248769.0
23350.0 246820.0
24176.0 239842.0
27166.0 238466.0
29155.0 237717.0
30737.0 237688.0
31437.0 237453.0
41532.0 236851.0

22263.0 254973.0
22950.0 248769.0
23350.0 246820.0
24176.0 239842.0
27166.0 238466.0
27611.0 237396.0
41532.0 236851.0

22263.0 254973.0
22950.0 248769.0
23350.0 246820.0
24176.0 239842.0
27166.0 238466.0
29155.0 237717.0
30737.0 237688.0
31437.0 237453.0
41532.0 236851.0

22263.0 254973.0
22950.0 248769.0
23350.0 246820.0
24176.0 239842.0
27166.0 238466.0
29155.0 237717.0
30737.0 237688.0
31437.0 237453.0
41532.0 236851.0


