18615.0 123045.0
19146.0 123010.0
19769.0 123002.0
19912.0 122876.0
20345.0 122805.0
20421.0 122521.0
21266.0 122478.0
21342.0 121255.0
21638.0 121220.0
21708.0 120910.0
24516.0 120796.0
24592.0 120400.0
24750.0 120383.0
24801.0 120359.0
24820.0 120171.0
27842.0 120129.0
27913.0 119993.0
28763.0 119879.0
31937.0 119536.0
32013.0 119396.0
39358.0 119276.0
39434.0 119235.0

18092.0 130046.0
18148.0 126885.0
18513.0 125295.0
18526.0 125248.0
18596.0 123333.0
18615.0 122012.0
19587.0 121988.0
19912.0 121948.0
21266.0 121874.0
21342.0 121503.0
21708.0 120966.0
23950.0 120931.0
25513.0 120727.0
28763.0 120071.0
32013.0 119974.0

18092.0 124060.0
18526.0 123909.0
18596.0 122897.0
18615.0 122012.0
19247.0 121964.0
19912.0 121940.0
20345.0 121915.0
20421.0 121424.0
21266.0 121423.0
21342.0 121069.0
21708.0 120966.0
23950.0 120931.0
24592.0 120773.0
25513.0 120727.0
27842.0 120347.0
28763.0 120029.0
32013.0 119974.0

18092.0 126593.0
18513.0 125295.0
18526.0 125248.0
18596.0 123024.0
18615.0 122012.0
19247.0 121964.0
19912.0 121940.0
20345.0 121915.0
20421.0 121424.0
21342.0 121069.0
21708.0 120966.0
23950.0 120931.0
24592.0 120695.0
27842.0 120248.0
28763.0 120038.0
32013.0 119974.0
35263.0 119969.0

18092.0 126593.0
18513.0 125295.0
18526.0 125248.0
18596.0 123333.0
18615.0 122012.0
19247.0 121964.0
19912.0 121940.0
20345.0 121915.0
20421.0 121424.0
21342.0 121229.0
21708.0 120966.0
23950.0 120931.0
24592.0 120773.0
25513.0 120727.0
27842.0 120432.0
28763.0 120053.0
32013.0 119974.0

18092.0 126352.0
18513.0 125295.0
18526.0 125248.0
18596.0 122975.0
18615.0 122012.0
19587.0 121988.0
19912.0 121948.0
20766.0 121936.0
21266.0 121874.0
21342.0 120675.0
21708.0 120463.0
24592.0 120234.0
28763.0 120071.0
32013.0 119974.0
34118.0 119808.0

18092.0 126544.0
18513.0 125295.0
18526.0 125248.0
18545.0 124076.0
18596.0 122880.0
18615.0 122012.0
19247.0 121964.0
19912.0 121940.0
20345.0 121915.0
20421.0 121424.0
21342.0 121229.0
21708.0 120949.0
23950.0 120931.0
24592.0 120773.0
25513.0 120727.0
27842.0 120432.0
28763.0 119890.0
32934.0 119711.0

18092.0 126150.0
18513.0 125295.0
18526.0 124658.0
18545.0 124076.0
18596.0 122880.0
18615.0 122012.0
19247.0 121964.0
19912.0 121940.0
20345.0 121915.0
20421.0 121424.0
21342.0 121029.0
21708.0 120949.0
23950.0 120931.0
24592.0 120773.0
24820.0 120764.0
25513.0 120727.0
27824.0 120686.0
27842.0 120248.0
28763.0 119691.0
32934.0 119399.0

18092.0 126544.0
18513.0 125295.0
18526.0 125248.0
18545.0 124076.0
18596.0 122880.0
18615.0 122012.0
19247.0 121964.0
19912.0 121940.0
20345.0 121915.0
20421.0 121424.0
21342.0 121229.0
21708.0 120949.0
23950.0 120931.0
24592.0 120773.0
25513.0 120727.0
27842.0 120432.0
28763.0 119890.0
32934.0 119711.0

18092.0 126544.0
18513.0 125295.0
18526.0 125248.0
18545.0 124076.0
18596.0 122880.0
18615.0 121924.0
19912.0 121900.0
20345.0 121875.0
20387.0 121835.0
21266.0 121706.0
21342.0 121463.0
21708.0 120909.0
24592.0 120085.0
27913.0 120034.0
28763.0 119890.0
32013.0 119472.0

18092.0 124287.0
18526.0 124136.0
18596.0 122989.0
18615.0 121924.0
19912.0 121900.0
20345.0 121875.0
20387.0 121860.0
20421.0 121344.0
21342.0 121029.0
21708.0 120900.0
24592.0 120484.0
24820.0 120312.0
27842.0 120114.0
28763.0 119861.0
32013.0 119506.0
39434.0 119468.0


