18092.0 126051.0
18615.0 122121.0
19912.0 122114.0
19946.0 121928.0
21266.0 121705.0
21342.0 121507.0
21708.0 120962.0
24516.0 120923.0
24592.0 120064.0
24750.0 120048.0
24820.0 120013.0
27842.0 119977.0
28763.0 119818.0
32013.0 119240.0
36184.0 119137.0
39434.0 119065.0

18447.0 136683.0
18545.0 128117.0
18596.0 122304.0
20387.0 122177.0
21266.0 122161.0
21342.0 120966.0
24592.0 120737.0
24801.0 120525.0
27913.0 120477.0
28763.0 119672.0
31937.0 119650.0
32013.0 119428.0
36184.0 118707.0
39434.0 118695.0

18447.0 136683.0
18545.0 128117.0
18596.0 122304.0
20387.0 122177.0
21266.0 122161.0
21342.0 120966.0
24592.0 120694.0
24801.0 120525.0
25513.0 120316.0
27913.0 120265.0
28763.0 119672.0
31937.0 119650.0
32013.0 119428.0
36184.0 118707.0
39434.0 118695.0

18447.0 136683.0
18545.0 128117.0
18596.0 122304.0
20387.0 122177.0
21266.0 122161.0
21342.0 120966.0
24516.0 120923.0
24592.0 120694.0
24801.0 120525.0
25513.0 120316.0
27913.0 120265.0
28763.0 119672.0
31937.0 119650.0
32013.0 119403.0
36184.0 118707.0
39434.0 118695.0

18447.0 136683.0
18545.0 128117.0
18596.0 122060.0
19912.0 121840.0
21266.0 121839.0
21342.0 120966.0
21708.0 120942.0
24516.0 120899.0
24592.0 120694.0
24801.0 120501.0
25513.0 120316.0
27913.0 120265.0
28763.0 119672.0
31937.0 119650.0
32013.0 119428.0
36184.0 118707.0
39434.0 118695.0

18447.0 136683.0
18545.0 128117.0
18596.0 122304.0
18615.0 121978.0
20387.0 121954.0
21266.0 121886.0
21342.0 120966.0
24592.0 120694.0
24801.0 120525.0
25513.0 120316.0
27862.0 120301.0
27913.0 120265.0
28763.0 119672.0
31937.0 119650.0
32013.0 119428.0
35263.0 119412.0
36184.0 118707.0
39434.0 118695.0

18447.0 136683.0
18545.0 128117.0
18596.0 122028.0
19946.0 121956.0
21266.0 121953.0
21342.0 120966.0
24592.0 120737.0
24801.0 120713.0
24820.0 120699.0
25513.0 120528.0
27913.0 120477.0
28763.0 119672.0
31937.0 119650.0
32013.0 119428.0
36184.0 118707.0
39434.0 118695.0

18447.0 136683.0
18545.0 128117.0
18596.0 122189.0
18615.0 122187.0
19912.0 122165.0
19946.0 122117.0
20387.0 121967.0
21342.0 120966.0
24592.0 120737.0
24801.0 120713.0
24820.0 120707.0
25513.0 120528.0
27913.0 120477.0
28763.0 119672.0
31937.0 119650.0
32013.0 119377.0
36184.0 118707.0
39434.0 118695.0

18447.0 136683.0
18545.0 128117.0
18596.0 122028.0
19912.0 122004.0
19946.0 121956.0
21266.0 121513.0
21342.0 120966.0
24592.0 120737.0
24801.0 120713.0
24820.0 120519.0
25513.0 120099.0
28687.0 119853.0
28763.0 119658.0
31937.0 119650.0
32013.0 119428.0
32934.0 119352.0
36184.0 118689.0
39434.0 118677.0

18447.0 136683.0
18545.0 128117.0
18596.0 122212.0
18615.0 122160.0
19587.0 122037.0
19912.0 122032.0
20387.0 121967.0
21342.0 120966.0
24592.0 120737.0
24801.0 120713.0
24820.0 120699.0
25513.0 120528.0
27913.0 120477.0
28763.0 119672.0
31937.0 119650.0
32013.0 119428.0
36184.0 118707.0
39434.0 118695.0

18447.0 136683.0
18545.0 128117.0
18596.0 122241.0
18615.0 122187.0
19912.0 121760.0
21342.0 120966.0
24516.0 120941.0
24592.0 120694.0
24801.0 120500.0
25513.0 120339.0
27862.0 120322.0
28763.0 119326.0
36184.0 118707.0
39434.0 118695.0


