16816.0 42124.0
16956.0 41773.0
17516.0 41378.0
18016.0 41279.0
18092.0 40635.0
18545.0 40613.0
18596.0 40353.0
19912.0 40313.0
21266.0 40312.0
21342.0 40187.0
21708.0 39975.0
24516.0 39972.0
24592.0 39939.0
25513.0 39758.0
28763.0 39672.0
32013.0 39596.0
36184.0 39476.0
39434.0 39350.0

16816.0 42124.0
16956.0 41773.0
17516.0 41378.0
18016.0 41279.0
18092.0 40635.0
18545.0 40613.0
18596.0 40353.0
19912.0 40313.0
21266.0 40312.0
21342.0 40187.0
21708.0 39975.0
24516.0 39972.0
24592.0 39939.0
25513.0 39758.0
28763.0 39672.0
32013.0 39596.0
36184.0 39476.0
39434.0 39350.0

16816.0 42124.0
16956.0 41773.0
17516.0 41378.0
18016.0 41279.0
18092.0 40635.0
18545.0 40613.0
18596.0 40353.0
19912.0 40313.0
21266.0 40312.0
21342.0 40187.0
21708.0 39975.0
24516.0 39972.0
24592.0 39939.0
25513.0 39758.0
28763.0 39672.0
32013.0 39596.0
36184.0 39476.0
39434.0 39350.0

16816.0 42124.0
16956.0 41773.0
17516.0 41378.0
18016.0 41279.0
18092.0 40635.0
18545.0 40613.0
18596.0 40353.0
19912.0 40313.0
21266.0 40312.0
21342.0 40187.0
21708.0 39975.0
24516.0 39972.0
24592.0 39939.0
25513.0 39758.0
28763.0 39672.0
32013.0 39596.0
36184.0 39476.0
39434.0 39350.0

16816.0 42124.0
16956.0 41773.0
17516.0 41378.0
18016.0 41279.0
18092.0 40635.0
18545.0 40613.0
18596.0 40353.0
19912.0 40313.0
21266.0 40312.0
21342.0 40187.0
21708.0 39975.0
24516.0 39972.0
24592.0 39939.0
25513.0 39758.0
28763.0 39672.0
32013.0 39596.0
36184.0 39476.0
39434.0 39350.0

16816.0 42124.0
16956.0 41773.0
17516.0 41378.0
18016.0 41279.0
18092.0 40635.0
18545.0 40613.0
18596.0 40353.0
19912.0 40313.0
21266.0 40312.0
21342.0 40187.0
21708.0 39975.0
24516.0 39972.0
24592.0 39939.0
25513.0 39758.0
28763.0 39672.0
32013.0 39596.0
36184.0 39476.0
39434.0 39350.0

16816.0 42124.0
16956.0 41773.0
17516.0 41378.0
18016.0 41279.0
18092.0 40635.0
18545.0 40613.0
18596.0 40353.0
19912.0 40313.0
21266.0 40312.0
21342.0 40187.0
21708.0 39975.0
24516.0 39972.0
24592.0 39939.0
25513.0 39758.0
28763.0 39672.0
32013.0 39596.0
36184.0 39476.0
39434.0 39350.0

16816.0 42124.0
16956.0 41773.0
17516.0 41378.0
18016.0 41279.0
18092.0 40635.0
18545.0 40613.0
18596.0 40353.0
19912.0 40313.0
21266.0 40312.0
21342.0 40187.0
21708.0 39975.0
24516.0 39972.0
24592.0 39939.0
25513.0 39758.0
28763.0 39672.0
32013.0 39596.0
36184.0 39476.0
39434.0 39350.0

16816.0 42124.0
16956.0 41773.0
17516.0 41378.0
18016.0 41279.0
18092.0 40635.0
18545.0 40613.0
18596.0 40353.0
19912.0 40313.0
21266.0 40312.0
21342.0 40187.0
21708.0 39975.0
24516.0 39972.0
24592.0 39939.0
25513.0 39758.0
28763.0 39672.0
32013.0 39596.0
36184.0 39476.0
39434.0 39350.0

16816.0 42124.0
16956.0 41773.0
17516.0 41378.0
18016.0 41279.0
18092.0 40635.0
18545.0 40613.0
18596.0 40353.0
19912.0 40313.0
21266.0 40312.0
21342.0 40187.0
21708.0 39975.0
24516.0 39972.0
24592.0 39939.0
25513.0 39758.0
28763.0 39672.0
32013.0 39596.0
36184.0 39476.0
39434.0 39350.0

16816.0 42124.0
16956.0 41773.0
17516.0 41378.0
18016.0 41279.0
18092.0 40635.0
18545.0 40613.0
18596.0 40353.0
19912.0 40313.0
21266.0 40312.0
21342.0 40187.0
21708.0 39975.0
24516.0 39972.0
24592.0 39939.0
25513.0 39758.0
28763.0 39672.0
32013.0 39596.0
36184.0 39476.0
39434.0 39350.0


