21708.0 230969.0
21755.0 230920.0
22461.0 229601.0
27966.0 229348.0

22263.0 249845.0
24913.0 245620.0
25437.0 245227.0
27313.0 244544.0
27587.0 240803.0
35008.0 240525.0
39723.0 234731.0
45928.0 234308.0

22263.0 249845.0
24913.0 245620.0
25437.0 245227.0
27313.0 244544.0
27587.0 240803.0
35008.0 240525.0
39723.0 234731.0
45928.0 234308.0

22263.0 249845.0
24913.0 245620.0
25437.0 245227.0
27313.0 244544.0
27587.0 240803.0
35008.0 240525.0
39723.0 234731.0
45928.0 234308.0

22263.0 249845.0
24913.0 245620.0
25437.0 245015.0
27313.0 244544.0
27587.0 240803.0
35008.0 240525.0
39723.0 234731.0
45928.0 234308.0

22263.0 249845.0
24913.0 245620.0
25437.0 245227.0
27313.0 244544.0
27587.0 240803.0
35008.0 240525.0
39723.0 234731.0
45928.0 234308.0

22263.0 249845.0
24913.0 245620.0
25437.0 245113.0
27313.0 244544.0
27587.0 240803.0
35008.0 240525.0
39723.0 234731.0
45928.0 234308.0
50426.0 231416.0

22263.0 249845.0
24913.0 245620.0
25437.0 245227.0
27313.0 244544.0
27587.0 240803.0
35008.0 240525.0
39723.0 234731.0
45928.0 234308.0

22263.0 249845.0
24913.0 245620.0
25437.0 245227.0
27313.0 244544.0
27587.0 240803.0
35008.0 240525.0
39723.0 234731.0
45928.0 234308.0

22263.0 249845.0
24913.0 245620.0
25437.0 245227.0
27313.0 244544.0
27587.0 240803.0
35008.0 240525.0
39723.0 234731.0
45928.0 234308.0

22188.0 272769.0
22263.0 249845.0
24913.0 245620.0
25437.0 245227.0
27313.0 244544.0
27587.0 240803.0
35008.0 240525.0
39723.0 234731.0
45928.0 234308.0


