18526.0 125511.0
18596.0 125277.0
18615.0 121885.0
19912.0 121837.0
20345.0 121834.0
20421.0 121801.0
21342.0 120875.0
21638.0 120874.0
24516.0 120871.0
24592.0 120726.0
24750.0 120632.0
25513.0 120156.0
27843.0 120067.0
28763.0 119642.0
31937.0 119638.0
32013.0 119529.0
32934.0 119447.0
36184.0 118917.0
39358.0 118914.0
39434.0 118752.0
43605.0 118586.0

18092.0 125581.0
18513.0 124013.0
18596.0 122882.0
18615.0 121779.0
19112.0 121668.0
19912.0 121574.0
21342.0 121026.0
21708.0 120452.0
24516.0 120338.0
27913.0 120163.0
28687.0 120126.0
28763.0 119835.0
31937.0 119795.0
32013.0 119687.0
36108.0 119464.0
49453.0 119314.0

18092.0 125581.0
18513.0 124013.0
18596.0 122882.0
18615.0 121779.0
19112.0 121668.0
19912.0 121574.0
21342.0 121026.0
21708.0 120452.0
24516.0 120338.0
25513.0 120219.0
27913.0 120139.0
28687.0 120102.0
28763.0 119835.0
31937.0 119795.0
32013.0 119499.0
35608.0 119386.0
42684.0 119094.0
43029.0 118886.0

18092.0 125581.0
18513.0 124013.0
18596.0 122806.0
18615.0 121779.0
19112.0 121644.0
19912.0 121574.0
20387.0 121550.0
21342.0 121026.0
21708.0 120452.0
24516.0 120338.0
25513.0 120321.0
27913.0 120139.0
28687.0 120102.0
28763.0 119798.0
31937.0 119795.0
32013.0 119687.0
32934.0 119528.0
35608.0 119386.0
42684.0 119094.0
46203.0 118885.0

18092.0 125581.0
18513.0 124013.0
18596.0 122882.0
18615.0 121668.0
19912.0 121574.0
21266.0 121549.0
21342.0 121026.0
21708.0 120452.0
24516.0 120338.0
25513.0 120198.0
27913.0 120139.0
28687.0 120102.0
28763.0 119835.0
31937.0 119795.0
32013.0 119687.0
32934.0 119528.0
35608.0 119386.0
36184.0 119158.0
42684.0 118968.0
43029.0 118886.0

18092.0 125581.0
18513.0 124013.0
18596.0 122806.0
18615.0 121779.0
19112.0 121644.0
19912.0 121574.0
20387.0 121550.0
21342.0 120972.0
21708.0 120428.0
24516.0 120338.0
24750.0 120256.0
27913.0 120139.0
28687.0 120102.0
28763.0 119597.0
32013.0 119537.0
32934.0 119528.0
35608.0 119386.0
42684.0 119094.0
46203.0 118885.0

18092.0 125581.0
18513.0 124013.0
18596.0 122882.0
18615.0 121779.0
19112.0 121668.0
19912.0 121574.0
21342.0 121026.0
21708.0 120452.0
24516.0 120338.0
25513.0 120219.0
27766.0 120218.0
27913.0 120109.0
28687.0 120053.0
28763.0 119835.0
31937.0 119795.0
32013.0 119482.0
35608.0 119386.0
36184.0 119230.0
39434.0 119039.0
43029.0 118886.0

18092.0 125581.0
18513.0 124013.0
18596.0 122882.0
18615.0 121779.0
19112.0 121644.0
19912.0 121574.0
20387.0 121550.0
21342.0 121026.0
21708.0 120406.0
24516.0 120338.0
24592.0 120249.0
25513.0 120032.0
27913.0 119930.0
28687.0 119929.0
28763.0 119597.0
32013.0 119373.0
32934.0 119135.0
36108.0 119092.0
36184.0 119048.0
38782.0 119047.0
43029.0 118886.0
46203.0 118885.0

18092.0 125581.0
18513.0 124013.0
18596.0 122882.0
18615.0 121668.0
19912.0 121574.0
21266.0 121549.0
21342.0 121026.0
21708.0 120452.0
24516.0 120338.0
25513.0 120032.0
27913.0 119930.0
28687.0 119929.0
28763.0 119835.0
29684.0 119740.0
32013.0 119482.0
32934.0 119135.0
36108.0 119092.0
36184.0 119048.0
38782.0 119047.0
43029.0 118886.0
46203.0 118885.0

18092.0 125581.0
18513.0 124013.0
18596.0 122882.0
18615.0 121779.0
19112.0 121644.0
19912.0 121574.0
20387.0 121550.0
21342.0 120972.0
21708.0 120428.0
24516.0 120338.0
24750.0 120256.0
27842.0 120161.0
27913.0 120139.0
28687.0 119819.0
31861.0 119818.0
31937.0 119795.0
32013.0 119482.0
35608.0 119386.0
36108.0 119363.0
36184.0 119203.0
38782.0 119047.0
46203.0 118885.0

18092.0 125581.0
18513.0 124013.0
18596.0 122806.0
18615.0 121700.0
19112.0 121644.0
19912.0 121574.0
20387.0 121550.0
21266.0 121392.0
21342.0 120682.0
21708.0 120378.0
24516.0 120210.0
24592.0 120001.0
24750.0 119964.0
28687.0 119891.0
28763.0 119365.0
31937.0 119364.0
32934.0 119167.0
36184.0 118921.0
39434.0 118893.0
42032.0 118870.0
46279.0 118799.0
49453.0 118798.0


