18615.0 204859.0
19471.0 204852.0
19946.0 204830.0
20345.0 204682.0
20838.0 204636.0
21342.0 204305.0
21708.0 203726.0
22263.0 202497.0
24016.0 202291.0
25513.0 201964.0
26690.0 201944.0
27043.0 201887.0
27894.0 201784.0
27913.0 201344.0
28763.0 200985.0
31861.0 200791.0
32934.0 200056.0
36108.0 199945.0
36184.0 199197.0
39434.0 199172.0
43605.0 199115.0

18615.0 207117.0
19466.0 207038.0
19471.0 206554.0
20066.0 205604.0
20766.0 205372.0
21342.0 203281.0
22263.0 203161.0
23950.0 202971.0
24801.0 202891.0
25513.0 202367.0
26992.0 202331.0
28687.0 202177.0
28763.0 202038.0
31937.0 201637.0

18615.0 207117.0
19466.0 207038.0
19471.0 206554.0
20066.0 205604.0
20766.0 205307.0
21342.0 203281.0
22263.0 203161.0
23950.0 202971.0
24592.0 202848.0
24750.0 202558.0
24801.0 202507.0
25513.0 202367.0
26992.0 202331.0
28687.0 202177.0
28763.0 202037.0
31937.0 201637.0
35187.0 201267.0

18092.0 227013.0
18596.0 212647.0
18615.0 207117.0
18671.0 206264.0
20066.0 205558.0
20766.0 205326.0
21342.0 203247.0
21689.0 203063.0
23950.0 202936.0
24592.0 202555.0
24750.0 202137.0
24801.0 202053.0
28763.0 201197.0
31937.0 201049.0
32013.0 200729.0

18615.0 207117.0
19466.0 207038.0
19471.0 206554.0
20066.0 205604.0
20766.0 205130.0
21342.0 203217.0
21638.0 203195.0
22263.0 203148.0
22461.0 203141.0
23950.0 202971.0
24592.0 202848.0
24801.0 202638.0
25513.0 201455.0
28763.0 201322.0
32934.0 200906.0

18615.0 205811.0
20066.0 205604.0
20766.0 205337.0
21266.0 204994.0
21342.0 203247.0
21689.0 203063.0
23950.0 202936.0
24801.0 202684.0
25513.0 201828.0
27894.0 201634.0
30936.0 201447.0
31937.0 201270.0
32934.0 201134.0

18615.0 207117.0
19466.0 207038.0
19471.0 206554.0
20066.0 205604.0
20766.0 205372.0
21342.0 203281.0
21638.0 203065.0
21708.0 202823.0
24516.0 202709.0
25513.0 202348.0
26992.0 202331.0
27766.0 202278.0
28687.0 201916.0
28763.0 201453.0
31937.0 201417.0
35187.0 201267.0

18615.0 207117.0
19466.0 207038.0
19471.0 206554.0
20066.0 205604.0
20766.0 205191.0
21342.0 203152.0
21638.0 202561.0
21708.0 202319.0
24016.0 202203.0
25513.0 202016.0
28187.0 201693.0
28763.0 200860.0
39358.0 200702.0

18545.0 219049.0
18615.0 207117.0
19466.0 207038.0
19471.0 206554.0
20066.0 205604.0
20766.0 205372.0
21342.0 203281.0
21638.0 203065.0
21708.0 202823.0
24516.0 202709.0
25513.0 202348.0
26992.0 202331.0
27766.0 202278.0
28687.0 201916.0
28763.0 201453.0
31861.0 201253.0

18596.0 211659.0
18615.0 206164.0
19505.0 206126.0
20066.0 205604.0
20766.0 205226.0
20838.0 205225.0
21342.0 203281.0
21638.0 203065.0
21708.0 202823.0
24516.0 202709.0
24801.0 202558.0
25513.0 202348.0
26992.0 202331.0
27766.0 202258.0
27894.0 202125.0
28687.0 201916.0
28763.0 201453.0
31937.0 201417.0
32934.0 201100.0
36184.0 201082.0

18615.0 207047.0
19466.0 206940.0
19471.0 206456.0
19505.0 206054.0
19946.0 204702.0
21342.0 202716.0
21587.0 202519.0
21689.0 202102.0
21708.0 201914.0
24801.0 201616.0
25513.0 200468.0
28763.0 199135.0
32013.0 199017.0


