18446.0 130574.0
18447.0 127846.0
18596.0 122051.0
19912.0 122011.0
21266.0 121984.0
21342.0 120746.0
21657.0 120534.0
21708.0 120445.0
24516.0 120424.0
24592.0 120288.0
24801.0 120076.0
25513.0 119718.0
27843.0 119695.0
27894.0 119688.0
27913.0 119638.0
28763.0 119218.0
32013.0 119200.0
32934.0 118820.0
36184.0 118462.0
40355.0 118217.0

18092.0 125581.0
18596.0 124901.0
18615.0 121511.0
19471.0 121471.0
19912.0 121431.0
20345.0 121428.0
21266.0 121420.0
21342.0 121136.0
21708.0 120973.0
24516.0 120617.0
24750.0 120583.0
25513.0 120210.0
27043.0 120123.0
27913.0 120025.0
32013.0 119507.0
36184.0 119196.0

18092.0 125581.0
18596.0 124901.0
18615.0 121511.0
19471.0 121471.0
19912.0 121431.0
20345.0 121428.0
21266.0 121420.0
21342.0 121136.0
21708.0 120963.0
24516.0 120617.0
24750.0 120583.0
25513.0 120105.0
27913.0 119956.0
32013.0 119507.0
36184.0 119196.0

18092.0 125581.0
18596.0 124901.0
18615.0 121511.0
19471.0 121471.0
19912.0 121431.0
20345.0 121428.0
21266.0 121420.0
21342.0 120924.0
24516.0 120617.0
24750.0 120549.0
25513.0 120105.0
27913.0 119956.0
32013.0 119507.0
36184.0 119196.0

18092.0 125581.0
18589.0 123612.0
18596.0 123184.0
18615.0 121511.0
19471.0 121471.0
19912.0 121431.0
20345.0 121428.0
21266.0 121420.0
21342.0 120897.0
21708.0 120498.0
24592.0 120214.0
25513.0 120035.0
27913.0 119956.0
28763.0 119855.0
32013.0 119507.0
36184.0 119196.0

18092.0 124915.0
18526.0 123258.0
18596.0 121823.0
18615.0 121511.0
19471.0 121471.0
19912.0 121431.0
20345.0 121428.0
21266.0 121420.0
21342.0 121136.0
21708.0 120691.0
24516.0 120617.0
24592.0 120543.0
25513.0 120105.0
27766.0 120099.0
27913.0 119956.0
28763.0 119741.0
31937.0 119589.0
32013.0 119507.0
32934.0 119422.0
36184.0 119196.0

18092.0 125581.0
18596.0 124901.0
18615.0 121511.0
19471.0 121471.0
19912.0 121431.0
20345.0 121428.0
21266.0 121420.0
21342.0 121136.0
21708.0 120922.0
24516.0 120617.0
24750.0 120571.0
25513.0 120159.0
27043.0 120123.0
27913.0 120025.0
28763.0 119993.0
31937.0 119990.0
32013.0 119507.0
35187.0 119506.0
36184.0 119196.0

18092.0 125082.0
18596.0 122903.0
18615.0 121511.0
19471.0 121471.0
19912.0 121431.0
20345.0 121428.0
21266.0 121420.0
21342.0 120610.0
21708.0 120559.0
24592.0 120105.0
25513.0 120008.0
28187.0 119993.0
28763.0 119633.0
32013.0 119449.0
34687.0 119441.0
36184.0 119196.0

18092.0 125581.0
18596.0 122647.0
18615.0 121440.0
19912.0 121431.0
20345.0 121415.0
20421.0 121404.0
21342.0 120927.0
21708.0 120646.0
24516.0 120617.0
24592.0 120531.0
24750.0 120482.0
25513.0 120128.0
27043.0 120123.0
27913.0 120025.0
28763.0 119967.0
31437.0 119950.0
31937.0 119912.0
32013.0 119507.0
35187.0 119506.0
36184.0 119196.0

18092.0 125581.0
18447.0 125536.0
18596.0 124901.0
18615.0 121511.0
19471.0 121455.0
19912.0 121431.0
20345.0 121428.0
21266.0 121420.0
21342.0 120827.0
21708.0 120677.0
24516.0 120617.0
24592.0 120446.0
25513.0 120050.0
27913.0 120025.0
28763.0 119763.0
32013.0 119507.0
32934.0 119493.0
36184.0 119196.0

18092.0 124329.0
18596.0 122145.0
18615.0 121511.0
19471.0 121471.0
19912.0 121431.0
20345.0 121428.0
21266.0 121420.0
21342.0 120704.0
21708.0 120515.0
24592.0 120322.0
24820.0 120282.0
25513.0 120056.0
27913.0 120025.0
28763.0 119110.0
31937.0 119058.0
39358.0 118497.0


