18092.0 123219.0
18596.0 122001.0
19471.0 121877.0
21342.0 121081.0
21708.0 120992.0
24516.0 120989.0
24592.0 120883.0
24750.0 120640.0
24801.0 120441.0
25513.0 119646.0
27894.0 119602.0
28687.0 119601.0
28763.0 119133.0
32013.0 119074.0
32934.0 118812.0
36184.0 118403.0
39434.0 118323.0
40355.0 118170.0
43605.0 118095.0

18092.0 124059.0
18447.0 123344.0
18526.0 123154.0
18545.0 123027.0
18596.0 122110.0
21266.0 122004.0
21342.0 121391.0
21638.0 121311.0
21657.0 121179.0
24516.0 121143.0
24592.0 121031.0
25513.0 120623.0
28763.0 119930.0
31937.0 119776.0
35111.0 119733.0
36184.0 119503.0
40355.0 119079.0
43605.0 119043.0

18092.0 124059.0
18447.0 123344.0
18526.0 123154.0
18545.0 123027.0
18596.0 122110.0
21266.0 122004.0
21342.0 121391.0
21638.0 121311.0
21657.0 121179.0
24516.0 121143.0
24592.0 120464.0
25513.0 120175.0
28687.0 120154.0
28763.0 119890.0
31861.0 119886.0
31937.0 119776.0
32013.0 119774.0
32934.0 119316.0
36108.0 119043.0

18092.0 124059.0
18447.0 123252.0
18526.0 123154.0
18545.0 123027.0
18596.0 122110.0
19912.0 122044.0
21266.0 122004.0
21342.0 121317.0
21638.0 121126.0
21708.0 120771.0
24592.0 120405.0
24820.0 120354.0
27766.0 120311.0
27862.0 120203.0
27913.0 120163.0
28763.0 119890.0
31861.0 119886.0
31937.0 119776.0
32013.0 119647.0
32934.0 119386.0
36108.0 119043.0

18092.0 124059.0
18447.0 123344.0
18526.0 122617.0
18596.0 121812.0
19471.0 121788.0
19912.0 121748.0
21266.0 121729.0
21342.0 120865.0
21708.0 120652.0
24516.0 120630.0
24801.0 120542.0
25437.0 120505.0
25513.0 120142.0
27843.0 120120.0
28687.0 120098.0
28763.0 119383.0
36108.0 119043.0

18092.0 123076.0
18526.0 123003.0
18545.0 122595.0
18596.0 122038.0
19471.0 121814.0
19946.0 121774.0
21266.0 121626.0
21342.0 120975.0
21689.0 120905.0
21708.0 120763.0
24516.0 120615.0
25513.0 120043.0
28763.0 119861.0
31937.0 119776.0
32013.0 119741.0
32934.0 119316.0
36108.0 119043.0
46855.0 118988.0

18092.0 124059.0
18447.0 123344.0
18526.0 123154.0
18545.0 123027.0
18596.0 122110.0
21266.0 122004.0
21342.0 120952.0
21708.0 120758.0
24592.0 120442.0
24750.0 120441.0
25513.0 120175.0
27843.0 120169.0
27913.0 120036.0
28763.0 119744.0
32934.0 119044.0
36108.0 119043.0

18092.0 123249.0
18447.0 123237.0
18526.0 123154.0
18545.0 123027.0
18596.0 121597.0
21266.0 121556.0
21342.0 120952.0
21708.0 120758.0
24592.0 120352.0
24750.0 120110.0
28763.0 119841.0
30955.0 119704.0
32013.0 119567.0
32934.0 119044.0
36108.0 119043.0

18092.0 124059.0
18447.0 123344.0
18526.0 122592.0
18596.0 121916.0
19112.0 121876.0
19471.0 121868.0
19912.0 121758.0
21342.0 120952.0
21638.0 120818.0
21708.0 120758.0
24516.0 120734.0
24592.0 120405.0
24820.0 120188.0
25513.0 120175.0
28687.0 120154.0
28763.0 119766.0
31937.0 119741.0
32013.0 119049.0
32934.0 119044.0
35187.0 119017.0
36184.0 118995.0
39434.0 118794.0

18092.0 124059.0
18447.0 123129.0
18545.0 122978.0
18596.0 121727.0
21266.0 121621.0
21342.0 120759.0
21708.0 120758.0
24516.0 120755.0
24592.0 120611.0
24801.0 120514.0
25513.0 120171.0
28687.0 120154.0
28763.0 119890.0
31861.0 119886.0
31937.0 119776.0
32013.0 119774.0
32934.0 119044.0
36108.0 119043.0

18092.0 124059.0
18447.0 123344.0
18526.0 122299.0
18596.0 121662.0
19471.0 121638.0
21266.0 121556.0
21342.0 120925.0
21708.0 120517.0
24516.0 120433.0
24592.0 120137.0
25513.0 119943.0
27913.0 119895.0
28763.0 119412.0
32013.0 119190.0
32934.0 118868.0
36184.0 118749.0


