16515.0 42232.0
16595.0 41837.0
16990.0 41568.0
17516.0 41255.0
18016.0 41156.0
18092.0 40466.0
18545.0 40444.0
18596.0 40337.0
19912.0 40313.0
21266.0 40310.0
21342.0 40064.0
21708.0 39975.0
24516.0 39974.0
24592.0 39916.0
24820.0 39865.0
25513.0 39758.0
28763.0 39632.0
32013.0 39573.0
32934.0 39512.0
36184.0 39386.0
39434.0 39327.0
42608.0 39324.0

16023.0 44380.0
16122.0 44029.0
16156.0 43191.0
16571.0 42656.0
16595.0 41818.0
16956.0 41741.0
17345.0 41701.0
17516.0 41629.0
18016.0 41532.0
18092.0 40561.0
18545.0 40539.0
18596.0 40415.0
19912.0 40391.0
21266.0 40388.0
21342.0 40193.0
21708.0 40064.0
24592.0 40020.0
24750.0 39998.0
25513.0 39933.0
27843.0 39910.0
28763.0 39720.0
32013.0 39655.0
32934.0 39614.0
36184.0 39516.0
43605.0 39508.0
46855.0 39375.0
51026.0 39275.0

16023.0 44380.0
16122.0 43614.0
16156.0 42762.0
16571.0 42656.0
16595.0 41647.0
16956.0 41570.0
17171.0 41433.0
18092.0 40561.0
18545.0 40509.0
18596.0 40415.0
19912.0 40391.0
21266.0 40388.0
21342.0 40193.0
21657.0 40147.0
21708.0 40064.0
24592.0 39999.0
24750.0 39998.0
25513.0 39847.0
28687.0 39843.0
28763.0 39720.0
32013.0 39655.0
32934.0 39613.0
36184.0 39471.0
40355.0 39386.0
43605.0 39238.0

16023.0 44350.0
16122.0 43999.0
16156.0 42050.0
16595.0 41818.0
16956.0 41741.0
16990.0 41461.0
17516.0 41229.0
18016.0 41175.0
18092.0 40531.0
18545.0 40509.0
18596.0 40402.0
19912.0 40378.0
21266.0 40375.0
21342.0 40193.0
21708.0 40064.0
24592.0 40020.0
24750.0 39998.0
25513.0 39847.0
27894.0 39846.0
28763.0 39720.0
32013.0 39655.0
32934.0 39613.0
36184.0 39487.0
39434.0 39476.0
43605.0 39259.0

16023.0 42472.0
16156.0 42020.0
16595.0 41714.0
16956.0 41603.0
17095.0 41540.0
17171.0 41505.0
18092.0 40561.0
18545.0 40539.0
18596.0 40415.0
19912.0 40391.0
21266.0 40388.0
21342.0 40166.0
21708.0 40064.0
24592.0 40004.0
24750.0 39998.0
25513.0 39933.0
27843.0 39910.0
28763.0 39720.0
32013.0 39655.0
32934.0 39613.0
36184.0 39487.0
39434.0 39428.0
46855.0 39375.0
51026.0 39275.0

16023.0 44380.0
16122.0 44029.0
16156.0 43191.0
16515.0 42327.0
16595.0 41818.0
16956.0 41741.0
16990.0 41669.0
17516.0 41274.0
18016.0 41269.0
18092.0 40531.0
18545.0 40509.0
18596.0 40402.0
19912.0 40378.0
21266.0 40375.0
21342.0 40153.0
21708.0 40064.0
24592.0 40005.0
24750.0 39998.0
24820.0 39954.0
25513.0 39823.0
28763.0 39720.0
32013.0 39655.0
32934.0 39590.0
36184.0 39487.0
39434.0 39476.0
43605.0 39259.0

16023.0 43465.0
16156.0 42050.0
16595.0 41818.0
16956.0 41741.0
16990.0 41461.0
17516.0 41229.0
18092.0 40561.0
18545.0 40539.0
18596.0 40415.0
19912.0 40391.0
21266.0 40388.0
21342.0 40193.0
21708.0 40064.0
24592.0 40020.0
24750.0 39998.0
25513.0 39847.0
27894.0 39846.0
28763.0 39720.0
32013.0 39655.0
32934.0 39613.0
36184.0 39487.0
46855.0 39375.0
51026.0 39275.0

16023.0 43465.0
16156.0 42020.0
16595.0 41788.0
16956.0 41707.0
16990.0 41461.0
17516.0 41229.0
18016.0 41193.0
18092.0 40561.0
18545.0 40539.0
18596.0 40402.0
19912.0 40378.0
21266.0 40375.0
21342.0 40193.0
21708.0 40064.0
24592.0 40004.0
24750.0 39998.0
25513.0 39823.0
28763.0 39720.0
32013.0 39655.0
32934.0 39613.0
36184.0 39487.0
39434.0 39476.0
43605.0 39449.0
46855.0 39375.0
51026.0 39275.0

16023.0 43465.0
16156.0 42020.0
16595.0 41714.0
16956.0 41603.0
16990.0 41461.0
17516.0 41229.0
18092.0 40561.0
18545.0 40539.0
18596.0 40415.0
19912.0 40391.0
21266.0 40388.0
21342.0 40166.0
21708.0 40064.0
24592.0 40020.0
24750.0 39998.0
25513.0 39847.0
27894.0 39846.0
28763.0 39720.0
32013.0 39655.0
32934.0 39613.0
36184.0 39487.0
46855.0 39375.0
51026.0 39275.0

16023.0 43435.0
16156.0 42050.0
16515.0 41534.0
16595.0 41302.0
17095.0 41239.0
17516.0 41164.0
18092.0 40531.0
18545.0 40444.0
18596.0 40402.0
19912.0 40378.0
21266.0 40375.0
21342.0 40193.0
21657.0 40082.0
21708.0 40063.0
24516.0 40039.0
24592.0 39955.0
24750.0 39933.0
25513.0 39823.0
28763.0 39720.0
31937.0 39695.0
32013.0 39590.0
32934.0 39535.0
36184.0 39409.0
40355.0 39302.0
43605.0 39176.0

16023.0 42410.0
16156.0 41967.0
16595.0 41735.0
16816.0 41546.0
16990.0 41396.0
17516.0 41164.0
18016.0 41083.0
18092.0 40466.0
18545.0 40444.0
18596.0 40337.0
19912.0 40313.0
21266.0 40310.0
21342.0 40064.0
21708.0 39975.0
24516.0 39972.0
24592.0 39916.0
24820.0 39889.0
25513.0 39758.0
28763.0 39631.0
31937.0 39629.0
32013.0 39580.0
32934.0 39512.0
36108.0 39511.0
36184.0 39386.0
39434.0 39344.0
40355.0 39286.0
43605.0 39153.0
46855.0 39135.0


