18092.0 210098.0
19146.0 209092.0
19246.0 208817.0
19505.0 208637.0
20066.0 208338.0
20838.0 207765.0
21342.0 206883.0
21657.0 206223.0
21708.0 205964.0
22263.0 202571.0
24592.0 202286.0
24937.0 202195.0
27190.0 202189.0
27862.0 201890.0
31437.0 201593.0
32013.0 201394.0
32858.0 201344.0

20457.0 221708.0
20961.0 221279.0
21342.0 208699.0
21708.0 206363.0
22263.0 204807.0
22902.0 204800.0
23550.0 204766.0
24516.0 204608.0
24592.0 204280.0
25513.0 203889.0
27913.0 203515.0
28763.0 203047.0
30085.0 202601.0
43605.0 202280.0

19471.0 233522.0
19946.0 231889.0
20238.0 224974.0
20387.0 218372.0
20438.0 217087.0
21266.0 209599.0
21342.0 206984.0
21638.0 205668.0
22263.0 204403.0
24516.0 204371.0
24592.0 204200.0
24750.0 204066.0
24801.0 204020.0
25513.0 203623.0
27843.0 203315.0
27913.0 203138.0
28763.0 203047.0
30085.0 202601.0
39358.0 202335.0
43605.0 202280.0

18856.0 221779.0
19471.0 220361.0
19505.0 215631.0
20238.0 211748.0
21266.0 210013.0
21342.0 206258.0
21638.0 205949.0
22263.0 204403.0
24516.0 204371.0
24592.0 204200.0
24750.0 204066.0
24801.0 204020.0
25513.0 203616.0
27913.0 203187.0
28763.0 203047.0
30085.0 202601.0
43605.0 202280.0

19471.0 233522.0
19505.0 231991.0
20387.0 218372.0
20438.0 217087.0
21266.0 210212.0
21342.0 205834.0
21638.0 205305.0
22263.0 204403.0
23316.0 204359.0
24592.0 204200.0
24750.0 204066.0
24801.0 204020.0
25513.0 203623.0
27843.0 203316.0
27913.0 203187.0
28763.0 203047.0
30085.0 202601.0
31937.0 202356.0
43605.0 202280.0

19505.0 222151.0
19946.0 221083.0
20387.0 218372.0
20438.0 217087.0
20766.0 217032.0
20857.0 211695.0
21108.0 211467.0
21342.0 206231.0
22263.0 204709.0
24516.0 204371.0
24592.0 204200.0
24801.0 203995.0
25513.0 203889.0
27043.0 203574.0
27766.0 203573.0
27913.0 203187.0
28763.0 203047.0
30085.0 202601.0
43605.0 202280.0

20438.0 216589.0
21342.0 208475.0
21638.0 207134.0
21708.0 205959.0
22263.0 204403.0
24592.0 204280.0
24801.0 203995.0
25513.0 203889.0
27766.0 203296.0
28687.0 202939.0
30085.0 202601.0
43529.0 202345.0
43605.0 202244.0

20438.0 216589.0
21342.0 208475.0
21638.0 207134.0
21708.0 205959.0
22263.0 204403.0
24592.0 204280.0
24801.0 203995.0
25513.0 203889.0
27766.0 203296.0
28687.0 202939.0
30085.0 202601.0
36184.0 202497.0
43529.0 202345.0
43605.0 202244.0

20438.0 216589.0
21342.0 208475.0
21638.0 207134.0
21708.0 205959.0
22263.0 204403.0
24592.0 204280.0
24801.0 203995.0
25513.0 203889.0
27766.0 203296.0
28687.0 202939.0
30085.0 202601.0
43529.0 202345.0
43605.0 202244.0

20438.0 216589.0
21342.0 208475.0
21638.0 207134.0
21708.0 205959.0
22263.0 204403.0
24592.0 204280.0
24801.0 203995.0
25513.0 203873.0
27043.0 203803.0
27062.0 203626.0
27766.0 203296.0
28687.0 202939.0
30085.0 202601.0
43529.0 202345.0
43605.0 202244.0

20438.0 216589.0
20838.0 212996.0
21266.0 212879.0
21342.0 207191.0
21708.0 205671.0
22263.0 204115.0
22936.0 203940.0
24592.0 203898.0
24750.0 203882.0
25513.0 202976.0
28687.0 202687.0
28763.0 202212.0
29684.0 201851.0
30987.0 199827.0


