16816.0 42578.0
16956.0 42268.0
16990.0 41514.0
17516.0 41282.0
18016.0 41201.0
18092.0 40557.0
18545.0 40540.0
18596.0 40441.0
19912.0 40401.0
21266.0 40398.0
21342.0 40253.0
21708.0 40063.0
24516.0 40060.0
24592.0 39915.0
25513.0 39886.0
27842.0 39848.0
28763.0 39720.0
32013.0 39572.0
35187.0 39569.0
35263.0 39537.0
36184.0 39474.0
39358.0 39473.0
39434.0 39326.0
42608.0 39325.0

16290.0 45004.0
16494.0 42979.0
16816.0 41952.0
16956.0 41841.0
16990.0 41426.0
17516.0 41185.0
18016.0 41122.0
18092.0 40496.0
18545.0 40474.0
18596.0 40367.0
19912.0 40343.0
21266.0 40342.0
21342.0 40104.0
21708.0 40042.0
24516.0 40041.0
24592.0 39916.0
25513.0 39817.0
28687.0 39816.0
28763.0 39672.0
32013.0 39670.0
32934.0 39571.0
36184.0 39404.0

16290.0 45004.0
16494.0 42979.0
16816.0 41952.0
16956.0 41841.0
16990.0 41426.0
17516.0 41185.0
18016.0 41122.0
18092.0 40496.0
18545.0 40474.0
18596.0 40367.0
19912.0 40343.0
21266.0 40342.0
21342.0 40104.0
21708.0 40042.0
24516.0 40041.0
24592.0 39916.0
25513.0 39817.0
28687.0 39816.0
28763.0 39672.0
32013.0 39670.0
32934.0 39571.0
36184.0 39404.0

16290.0 45004.0
16494.0 42979.0
16816.0 41952.0
16956.0 41841.0
16990.0 41426.0
17516.0 41185.0
18016.0 41122.0
18092.0 40496.0
18545.0 40474.0
18596.0 40367.0
19912.0 40343.0
21266.0 40342.0
21342.0 40064.0
21708.0 39975.0
24592.0 39916.0
25513.0 39817.0
28687.0 39816.0
28763.0 39672.0
32013.0 39670.0
32934.0 39571.0
36184.0 39404.0

16290.0 45004.0
16494.0 42979.0
16816.0 41952.0
16956.0 41841.0
16990.0 41417.0
17516.0 41185.0
18016.0 41122.0
18092.0 40496.0
18545.0 40474.0
18596.0 40367.0
19912.0 40343.0
21266.0 40342.0
21342.0 40104.0
21708.0 40042.0
24516.0 40041.0
24592.0 39916.0
25513.0 39817.0
27894.0 39816.0
28763.0 39672.0
32013.0 39670.0
32934.0 39571.0
36184.0 39404.0

16290.0 45004.0
16494.0 42979.0
16816.0 41952.0
16956.0 41841.0
16990.0 41417.0
17516.0 41185.0
18016.0 41122.0
18092.0 40496.0
18545.0 40474.0
18596.0 40337.0
19912.0 40313.0
21266.0 40310.0
21342.0 40064.0
21708.0 39975.0
24516.0 39972.0
24592.0 39916.0
25513.0 39758.0
28763.0 39672.0
32013.0 39670.0
32934.0 39512.0
36184.0 39404.0

16290.0 45004.0
16494.0 42979.0
16816.0 41952.0
16956.0 41841.0
16990.0 41417.0
17516.0 41185.0
18016.0 41113.0
18092.0 40496.0
18545.0 40474.0
18596.0 40367.0
19912.0 40343.0
21266.0 40342.0
21342.0 40104.0
21708.0 39975.0
24592.0 39916.0
25513.0 39817.0
27894.0 39816.0
28763.0 39672.0
32013.0 39631.0
32934.0 39524.0
36184.0 39404.0

16290.0 45004.0
16494.0 42979.0
16515.0 42924.0
16816.0 41952.0
16956.0 41841.0
16990.0 41417.0
17516.0 41185.0
18016.0 41113.0
18092.0 40496.0
18545.0 40474.0
18596.0 40367.0
19912.0 40343.0
21266.0 40342.0
21342.0 40104.0
21708.0 39975.0
24516.0 39974.0
24592.0 39916.0
25513.0 39817.0
27894.0 39816.0
28763.0 39672.0
32013.0 39670.0
32934.0 39524.0
36184.0 39399.0

16290.0 45004.0
16494.0 42979.0
16816.0 41952.0
16956.0 41841.0
16990.0 41417.0
17516.0 41185.0
18016.0 41113.0
18092.0 40496.0
18545.0 40474.0
18596.0 40367.0
19912.0 40343.0
21266.0 40342.0
21342.0 40104.0
21708.0 39975.0
24592.0 39916.0
25513.0 39817.0
27894.0 39816.0
28763.0 39672.0
32013.0 39668.0
32934.0 39524.0
36184.0 39404.0

16290.0 45004.0
16494.0 42979.0
16816.0 41952.0
16956.0 41841.0
16990.0 41417.0
17516.0 41185.0
18016.0 41113.0
18092.0 40496.0
18545.0 40474.0
18596.0 40337.0
19912.0 40313.0
21266.0 40310.0
21342.0 40064.0
21708.0 39975.0
24592.0 39916.0
25513.0 39758.0
28687.0 39755.0
28763.0 39672.0
32013.0 39670.0
32934.0 39512.0
36184.0 39404.0
40355.0 39321.0

16275.0 46432.0
16290.0 44348.0
16494.0 42979.0
16515.0 41960.0
16571.0 41718.0
16816.0 41687.0
16956.0 41570.0
16990.0 41396.0
17171.0 40768.0
18092.0 40466.0
18545.0 40444.0
18596.0 40337.0
19912.0 40313.0
21266.0 40310.0
21342.0 40064.0
21708.0 39975.0
24516.0 39972.0
24592.0 39916.0
24820.0 39889.0
25513.0 39758.0
27894.0 39757.0
28687.0 39755.0
28763.0 39632.0
32013.0 39596.0
32934.0 39512.0
36184.0 39404.0
39434.0 39386.0
40355.0 39278.0
43605.0 39152.0
46855.0 39117.0


