18092.0 123697.0
18596.0 122293.0
18615.0 121414.0
19912.0 121390.0
21266.0 121324.0
21342.0 120956.0
21708.0 120403.0
24516.0 120382.0
24592.0 120331.0
24750.0 120278.0
25513.0 120246.0
27062.0 120121.0
27913.0 120034.0
28763.0 119240.0
32013.0 119070.0
35187.0 119049.0
36184.0 118485.0
39358.0 118464.0
39434.0 118265.0
43605.0 117755.0
46855.0 117553.0

18092.0 122825.0
18596.0 121282.0
19112.0 121242.0
19912.0 121132.0
21266.0 121129.0
21342.0 120800.0
21708.0 120646.0
24750.0 120534.0
24801.0 120376.0
25513.0 120123.0
27913.0 120072.0
28763.0 119746.0
32934.0 119612.0
53279.0 119388.0

18092.0 122825.0
18596.0 121282.0
19112.0 121242.0
19912.0 121132.0
21266.0 121129.0
21342.0 120800.0
21708.0 120646.0
24750.0 120499.0
24801.0 120376.0
25513.0 120123.0
27913.0 120072.0
28763.0 119746.0
32934.0 119612.0
53279.0 119388.0

18092.0 122650.0
18596.0 121212.0
19912.0 121132.0
21266.0 121128.0
21342.0 120800.0
21657.0 120773.0
21708.0 120646.0
24750.0 120499.0
24801.0 120376.0
25513.0 120123.0
27913.0 120072.0
28763.0 119706.0
31937.0 119619.0
32934.0 119612.0
53279.0 119388.0

18092.0 122825.0
18596.0 121212.0
19912.0 121132.0
21266.0 121129.0
21342.0 120800.0
21708.0 120474.0
24592.0 120348.0
24801.0 120264.0
25513.0 120016.0
28763.0 119746.0
32934.0 119612.0
36184.0 119611.0
42608.0 119468.0
53279.0 119388.0

18092.0 122744.0
18545.0 122579.0
18596.0 121282.0
19112.0 121242.0
19912.0 121132.0
21266.0 121129.0
21342.0 120800.0
21657.0 120733.0
21708.0 120646.0
24592.0 120577.0
24750.0 120459.0
24801.0 120376.0
25513.0 120123.0
27913.0 120072.0
28763.0 119746.0
31937.0 119499.0
53279.0 119388.0

18092.0 122825.0
18545.0 122519.0
18596.0 121282.0
19112.0 121242.0
19912.0 121132.0
21266.0 121129.0
21342.0 120800.0
21708.0 120646.0
24592.0 120579.0
24750.0 120499.0
24801.0 120376.0
25513.0 120123.0
27913.0 120072.0
28763.0 119746.0
31937.0 119645.0
32934.0 119612.0
53279.0 119388.0

18092.0 122825.0
18596.0 121282.0
19112.0 121242.0
19912.0 121132.0
21266.0 121129.0
21342.0 120800.0
21657.0 120733.0
21708.0 120646.0
24592.0 120640.0
24750.0 120459.0
24801.0 120376.0
25513.0 120123.0
27913.0 120072.0
28763.0 119746.0
32934.0 119612.0
53279.0 119388.0

18092.0 122825.0
18545.0 122501.0
18596.0 121092.0
19912.0 121044.0
21342.0 120411.0
21708.0 120298.0
24801.0 120253.0
24820.0 120222.0
25513.0 119828.0
28763.0 119561.0
31937.0 119412.0
36184.0 119267.0

18092.0 122825.0
18545.0 122612.0
18596.0 121282.0
19112.0 121242.0
19912.0 121132.0
21266.0 121129.0
21342.0 120800.0
21657.0 120732.0
21708.0 120646.0
24592.0 120577.0
24750.0 120499.0
24801.0 120376.0
25513.0 120123.0
27913.0 120072.0
28763.0 119746.0
32013.0 119709.0
32934.0 119612.0
53279.0 119388.0

18092.0 122590.0
18545.0 122276.0
18596.0 121282.0
19112.0 121225.0
19912.0 121044.0
21266.0 121041.0
21342.0 120685.0
21708.0 120368.0
24516.0 120365.0
24592.0 120251.0
25513.0 119880.0
27894.0 119564.0
28763.0 119199.0
32013.0 118975.0
36184.0 118502.0
45858.0 118242.0


