23392.0 255246.0
24310.0 251721.0
25513.0 249096.0
27913.0 247701.0
29155.0 241566.0

23920.0 245365.0
24913.0 242485.0
26662.0 237201.0
29261.0 235861.0
34832.0 235348.0

23920.0 245365.0
24913.0 242485.0
26662.0 237201.0
29261.0 235861.0
34832.0 235348.0

23920.0 245365.0
24913.0 242485.0
26662.0 237201.0
29261.0 235861.0
34832.0 235348.0

23920.0 245365.0
24913.0 242485.0
26662.0 237201.0
29261.0 235861.0
34832.0 235348.0

23920.0 245365.0
24913.0 242485.0
26662.0 237201.0
29261.0 235861.0
34832.0 235348.0

23920.0 245365.0
24913.0 242485.0
26662.0 237201.0
29261.0 235861.0
34832.0 235348.0

23920.0 245365.0
24913.0 242485.0
26662.0 237201.0
29261.0 235861.0
34832.0 235348.0

23920.0 245365.0
24913.0 242485.0
26662.0 237201.0
29261.0 235861.0
34832.0 235348.0

23920.0 245365.0
24913.0 242485.0
26662.0 237201.0
29261.0 235861.0
34832.0 235348.0

23920.0 245365.0
24913.0 242485.0
26662.0 237201.0
29261.0 235861.0
34832.0 235348.0


