18092.0 129120.0
18475.0 127429.0
18545.0 127153.0
18596.0 123994.0
18615.0 121673.0
20387.0 121566.0
21266.0 121563.0
21342.0 120775.0
21657.0 120753.0
21708.0 120605.0
23950.0 120565.0
24592.0 120189.0
27913.0 120093.0
28763.0 119274.0
31937.0 119271.0
32013.0 119209.0
36184.0 118982.0
39434.0 118969.0

18016.0 138564.0
18092.0 126280.0
18545.0 122809.0
18615.0 121987.0
19912.0 121963.0
20421.0 121608.0
21266.0 121607.0
21342.0 121461.0
21657.0 121410.0
24440.0 121318.0
24516.0 121281.0
24592.0 121076.0
25513.0 120951.0
27842.0 120531.0
28763.0 120366.0
31016.0 120259.0

18016.0 138564.0
18092.0 126280.0
18545.0 122589.0
18615.0 121756.0
19912.0 121732.0
20421.0 121608.0
21266.0 121607.0
21342.0 121403.0
21657.0 121399.0
21708.0 121126.0
24516.0 120942.0
24750.0 120939.0
25513.0 120609.0
27842.0 120303.0
28687.0 120268.0
28763.0 120162.0
32013.0 120090.0
32934.0 120088.0
35263.0 120070.0

18016.0 138564.0
18092.0 126280.0
18545.0 121844.0
19946.0 121830.0
20421.0 121608.0
21266.0 121607.0
21342.0 121296.0
21708.0 120929.0
24516.0 120781.0
24750.0 120730.0
25513.0 120421.0
27842.0 120362.0
28763.0 120278.0
31016.0 120259.0

18016.0 138564.0
18092.0 126280.0
18545.0 122589.0
18615.0 121987.0
19912.0 121963.0
20421.0 121608.0
21266.0 121607.0
21342.0 121403.0
21708.0 121126.0
24516.0 120942.0
24750.0 120939.0
25513.0 120421.0
27842.0 120362.0
28763.0 120283.0
31016.0 120259.0

17996.0 138179.0
18092.0 126280.0
18526.0 125960.0
18545.0 122543.0
18596.0 122447.0
18615.0 121987.0
19146.0 121833.0
20421.0 121608.0
21266.0 121607.0
21342.0 121230.0
21708.0 120907.0
23950.0 120856.0
24516.0 120737.0
24750.0 120663.0
25513.0 120421.0
27842.0 120362.0
28687.0 120203.0
28763.0 120096.0

18016.0 138564.0
18092.0 123044.0
18545.0 121998.0
18596.0 121885.0
20421.0 121608.0
21266.0 121538.0
21342.0 121183.0
21657.0 121166.0
21708.0 121126.0
24516.0 121048.0
24750.0 120968.0
25513.0 120421.0
27842.0 120362.0
29684.0 120354.0
31016.0 120259.0

18016.0 138483.0
18092.0 123044.0
18545.0 121981.0
18596.0 121885.0
19946.0 121878.0
20345.0 121864.0
20421.0 121608.0
21266.0 121514.0
21342.0 121159.0
21708.0 121102.0
24516.0 120922.0
24592.0 120688.0
24801.0 120653.0
25513.0 120421.0
27842.0 120362.0
29684.0 120354.0
31016.0 120259.0
32934.0 120255.0
36184.0 120092.0

18016.0 138564.0
18092.0 123044.0
18545.0 121998.0
18596.0 121885.0
20421.0 121608.0
21266.0 121538.0
21342.0 121183.0
21657.0 121166.0
21708.0 121126.0
24516.0 121048.0
24750.0 120968.0
25513.0 120421.0
27842.0 120362.0
29684.0 120354.0
31016.0 120259.0

18016.0 138483.0
18092.0 121903.0
18545.0 121881.0
18596.0 121682.0
20421.0 121608.0
21266.0 121538.0
21342.0 120882.0
21708.0 120670.0
24516.0 120600.0
24592.0 120529.0
25513.0 120421.0
27842.0 120362.0
28763.0 120112.0
32013.0 120108.0

18016.0 138564.0
18092.0 123342.0
18545.0 122289.0
18596.0 121740.0
19946.0 121716.0
20421.0 121608.0
21266.0 121500.0
21342.0 121061.0
21708.0 120460.0
24592.0 120239.0
24801.0 120187.0
25513.0 120094.0
28763.0 119537.0


