16023.0 44801.0
16156.0 43047.0
16571.0 42634.0
16990.0 41719.0
17095.0 41628.0
17171.0 41586.0
18092.0 40859.0
18545.0 40761.0
18596.0 40729.0
18615.0 40699.0
19845.0 40650.0
20345.0 40551.0
21342.0 40269.0
21657.0 40171.0
24516.0 40133.0
24592.0 40023.0
27766.0 39985.0
28763.0 39828.0
32013.0 39712.0
39358.0 39606.0

16023.0 44801.0
16156.0 43047.0
16571.0 42634.0
16990.0 41719.0
17095.0 41628.0
17171.0 41586.0
18092.0 40859.0
18545.0 40761.0
18596.0 40729.0
18615.0 40699.0
19845.0 40650.0
20345.0 40551.0
21342.0 40269.0
21657.0 40171.0
24516.0 40133.0
24592.0 40023.0
27766.0 39985.0
28763.0 39828.0
32013.0 39712.0
39358.0 39606.0

16023.0 44801.0
16156.0 43047.0
16571.0 42634.0
16990.0 41719.0
17095.0 41628.0
17171.0 41586.0
18092.0 40859.0
18545.0 40761.0
18596.0 40729.0
18615.0 40699.0
19845.0 40650.0
20345.0 40551.0
21342.0 40269.0
21657.0 40171.0
24516.0 40133.0
24592.0 40023.0
27766.0 39985.0
28763.0 39828.0
32013.0 39712.0
39358.0 39606.0

16023.0 44801.0
16156.0 43047.0
16571.0 42634.0
16990.0 41719.0
17095.0 41628.0
17171.0 41586.0
18092.0 40859.0
18545.0 40761.0
18596.0 40729.0
18615.0 40699.0
19845.0 40650.0
20345.0 40551.0
21342.0 40269.0
21657.0 40171.0
24516.0 40133.0
24592.0 40023.0
27766.0 39985.0
28763.0 39828.0
32013.0 39712.0
39358.0 39606.0

16023.0 44801.0
16156.0 43047.0
16571.0 42634.0
16990.0 41719.0
17095.0 41628.0
17171.0 41586.0
18092.0 40859.0
18545.0 40761.0
18596.0 40729.0
18615.0 40699.0
19845.0 40650.0
20345.0 40551.0
21342.0 40269.0
21657.0 40171.0
24516.0 40133.0
24592.0 40023.0
27766.0 39985.0
28763.0 39828.0
32013.0 39712.0
39358.0 39606.0

16023.0 44801.0
16156.0 43047.0
16571.0 42634.0
16990.0 41719.0
17095.0 41628.0
17171.0 41586.0
18092.0 40859.0
18545.0 40761.0
18596.0 40729.0
18615.0 40699.0
19845.0 40650.0
20345.0 40551.0
21342.0 40269.0
21657.0 40171.0
24516.0 40133.0
24592.0 40023.0
27766.0 39985.0
28763.0 39828.0
32013.0 39712.0
39358.0 39606.0

16023.0 44801.0
16156.0 43047.0
16571.0 42634.0
16990.0 41719.0
17095.0 41628.0
17171.0 41586.0
18092.0 40859.0
18545.0 40761.0
18596.0 40729.0
18615.0 40699.0
19845.0 40650.0
20345.0 40551.0
21342.0 40269.0
21657.0 40171.0
24516.0 40133.0
24592.0 40023.0
27766.0 39985.0
28763.0 39828.0
32013.0 39712.0
39358.0 39606.0

16023.0 44801.0
16156.0 43047.0
16571.0 42634.0
16990.0 41719.0
17095.0 41628.0
17171.0 41586.0
18092.0 40859.0
18545.0 40761.0
18596.0 40729.0
18615.0 40699.0
19845.0 40650.0
20345.0 40551.0
21342.0 40269.0
21657.0 40171.0
24516.0 40133.0
24592.0 40023.0
27766.0 39985.0
28763.0 39828.0
32013.0 39712.0
39358.0 39606.0

16023.0 44801.0
16156.0 43047.0
16571.0 42634.0
16990.0 41719.0
17095.0 41628.0
17171.0 41586.0
18092.0 40859.0
18545.0 40761.0
18596.0 40729.0
18615.0 40699.0
19845.0 40650.0
20345.0 40551.0
21342.0 40269.0
21657.0 40171.0
24516.0 40133.0
24592.0 40023.0
27766.0 39985.0
28763.0 39828.0
32013.0 39712.0
39358.0 39606.0

16023.0 44801.0
16156.0 43047.0
16571.0 42634.0
16990.0 41719.0
17095.0 41628.0
17171.0 41586.0
18092.0 40859.0
18545.0 40761.0
18596.0 40729.0
18615.0 40699.0
19845.0 40650.0
20345.0 40551.0
21342.0 40269.0
21657.0 40171.0
24516.0 40133.0
24592.0 40023.0
27766.0 39985.0
28763.0 39828.0
32013.0 39712.0
39358.0 39606.0

16023.0 44801.0
16156.0 43047.0
16571.0 42634.0
16990.0 41719.0
17095.0 41628.0
17171.0 41586.0
18092.0 40859.0
18545.0 40761.0
18596.0 40729.0
18615.0 40699.0
19845.0 40650.0
20345.0 40551.0
21342.0 40269.0
21657.0 40171.0
24516.0 40133.0
24592.0 40023.0
27766.0 39985.0
28763.0 39828.0
32013.0 39712.0
39358.0 39606.0


