16726.0 43218.0
16816.0 42903.0
16990.0 41832.0
17345.0 41677.0
17516.0 41437.0
17745.0 41287.0
18092.0 40466.0
18545.0 40444.0
18596.0 40337.0
19912.0 40313.0
21266.0 40310.0
21342.0 40064.0
21708.0 39975.0
24516.0 39972.0
24592.0 39939.0
25513.0 39758.0
27894.0 39757.0
28687.0 39755.0
28763.0 39632.0
32013.0 39591.0
32934.0 39512.0
36184.0 39386.0
40355.0 39278.0
43605.0 39243.0

16816.0 42487.0
16990.0 41423.0
17516.0 41191.0
18016.0 41128.0
18092.0 40466.0
18545.0 40444.0
18596.0 40337.0
19912.0 40313.0
21266.0 40312.0
21342.0 40064.0
21708.0 39975.0
24592.0 39916.0
25513.0 39758.0
28687.0 39757.0
28763.0 39656.0
32934.0 39524.0
36184.0 39466.0
43605.0 39220.0

16816.0 42487.0
16990.0 41423.0
17516.0 41191.0
18016.0 41128.0
18092.0 40466.0
18545.0 40444.0
18596.0 40337.0
19912.0 40313.0
21266.0 40312.0
21342.0 40064.0
21708.0 39975.0
24516.0 39974.0
24592.0 39916.0
25513.0 39758.0
28687.0 39757.0
28763.0 39631.0
32013.0 39573.0
32934.0 39524.0
36184.0 39399.0
39434.0 39340.0
43605.0 39220.0

16816.0 42487.0
16990.0 41423.0
17516.0 41191.0
18016.0 41128.0
18092.0 40466.0
18545.0 40444.0
18596.0 40337.0
19912.0 40313.0
21266.0 40310.0
21342.0 40064.0
21708.0 39975.0
24516.0 39974.0
24592.0 39916.0
25513.0 39758.0
27894.0 39757.0
28763.0 39632.0
31937.0 39631.0
32934.0 39512.0
36184.0 39463.0
39434.0 39340.0
43605.0 39220.0

16816.0 42487.0
16990.0 41423.0
17516.0 41191.0
18016.0 41128.0
18092.0 40466.0
18545.0 40444.0
18596.0 40337.0
19912.0 40313.0
21266.0 40312.0
21342.0 40064.0
21708.0 39975.0
24592.0 39916.0
25513.0 39758.0
27894.0 39757.0
28763.0 39656.0
32934.0 39524.0
36184.0 39466.0
39434.0 39340.0
43605.0 39220.0

16816.0 42487.0
16990.0 41423.0
17516.0 41191.0
18016.0 41128.0
18092.0 40466.0
18545.0 40444.0
18596.0 40337.0
19912.0 40313.0
21266.0 40312.0
21342.0 40064.0
21708.0 39975.0
24592.0 39916.0
25513.0 39758.0
27894.0 39757.0
28763.0 39656.0
32013.0 39573.0
32934.0 39511.0
36184.0 39466.0
39434.0 39340.0
43605.0 39220.0

16816.0 42487.0
16990.0 41423.0
17516.0 41191.0
18016.0 41128.0
18092.0 40466.0
18545.0 40444.0
18596.0 40337.0
19912.0 40313.0
21266.0 40312.0
21342.0 40064.0
21708.0 39975.0
24516.0 39974.0
24592.0 39916.0
25513.0 39758.0
28687.0 39757.0
28763.0 39631.0
32013.0 39573.0
32934.0 39524.0
36184.0 39399.0
39434.0 39340.0
43605.0 39220.0

16816.0 42487.0
16990.0 41423.0
17516.0 41191.0
18016.0 41128.0
18092.0 40466.0
18545.0 40444.0
18596.0 40337.0
19912.0 40313.0
21266.0 40310.0
21342.0 40064.0
21708.0 39975.0
24516.0 39974.0
24592.0 39916.0
25513.0 39758.0
28687.0 39757.0
28763.0 39631.0
32013.0 39573.0
32934.0 39511.0
36184.0 39399.0
39434.0 39340.0
43605.0 39220.0

16816.0 42487.0
16990.0 41423.0
17516.0 41191.0
18016.0 41128.0
18092.0 40466.0
18545.0 40444.0
18596.0 40337.0
19912.0 40313.0
21266.0 40312.0
21342.0 40064.0
21708.0 39975.0
24516.0 39974.0
24592.0 39916.0
25513.0 39758.0
28687.0 39757.0
28763.0 39631.0
32013.0 39573.0
32934.0 39524.0
36184.0 39399.0
39434.0 39340.0
43605.0 39220.0

16816.0 42487.0
16990.0 41423.0
17516.0 41191.0
18016.0 41128.0
18092.0 40466.0
18545.0 40444.0
18596.0 40337.0
19912.0 40313.0
21266.0 40310.0
21342.0 40064.0
21708.0 39975.0
24516.0 39972.0
24592.0 39916.0
25513.0 39758.0
28687.0 39757.0
28763.0 39631.0
32013.0 39573.0
32934.0 39511.0
36184.0 39398.0
39434.0 39340.0
43605.0 39220.0

16816.0 41687.0
16990.0 41387.0
17516.0 41191.0
18016.0 41128.0
18092.0 40466.0
18545.0 40444.0
18596.0 40337.0
19912.0 40313.0
21266.0 40310.0
21342.0 40064.0
21708.0 39975.0
24516.0 39974.0
24592.0 39916.0
25513.0 39758.0
28687.0 39757.0
28763.0 39631.0
32013.0 39573.0
32934.0 39511.0
36184.0 39399.0
39434.0 39340.0
43605.0 39219.0


