22263.0 224724.0
24201.0 224308.0
24237.0 224279.0
24310.0 223371.0
24801.0 222194.0
24913.0 218194.0
25513.0 217941.0
27894.0 217269.0

21708.0 244369.0
22020.0 236608.0
25513.0 233939.0
28163.0 233569.0

21708.0 244369.0
22020.0 236608.0
25513.0 233939.0
28163.0 233569.0

21708.0 244369.0
22020.0 236608.0
25513.0 233939.0
28163.0 233569.0

21708.0 244369.0
22020.0 236608.0
25513.0 233939.0
28163.0 233569.0

21708.0 244369.0
22020.0 236608.0
25513.0 233939.0
28163.0 233569.0

21708.0 244369.0
22020.0 236608.0
25513.0 233939.0
28163.0 233569.0

21708.0 244369.0
22020.0 236608.0
25513.0 233939.0
28163.0 233569.0

21708.0 244369.0
22020.0 236608.0
25513.0 233939.0
28163.0 233569.0

21708.0 244369.0
22020.0 236608.0
25513.0 233939.0
28163.0 233569.0

21708.0 244369.0
22020.0 236608.0
25513.0 233939.0
28163.0 233569.0


