17345.0 41866.0
17516.0 41615.0
18092.0 40711.0
18545.0 40694.0
18596.0 40402.0
19912.0 40378.0
21342.0 40275.0
21708.0 40268.0
24801.0 40154.0
25513.0 40016.0
27043.0 39892.0
28763.0 39787.0
31937.0 39763.0
32934.0 39724.0
36108.0 39723.0

17345.0 41866.0
17516.0 41615.0
18092.0 40711.0
18545.0 40694.0
18596.0 40402.0
19912.0 40378.0
21342.0 40275.0
21708.0 40268.0
24801.0 40154.0
25513.0 40016.0
27043.0 39892.0
28763.0 39787.0
31937.0 39763.0
32934.0 39724.0
36108.0 39723.0

17345.0 41866.0
17516.0 41615.0
18092.0 40711.0
18545.0 40694.0
18596.0 40402.0
19912.0 40378.0
21342.0 40275.0
21708.0 40268.0
24801.0 40154.0
25513.0 40016.0
27043.0 39892.0
28763.0 39787.0
31937.0 39763.0
32934.0 39724.0
36108.0 39723.0

17345.0 41866.0
17516.0 41615.0
18092.0 40711.0
18545.0 40694.0
18596.0 40402.0
19912.0 40378.0
21342.0 40275.0
21708.0 40268.0
24801.0 40154.0
25513.0 40016.0
27043.0 39892.0
28763.0 39787.0
31937.0 39763.0
32934.0 39724.0
36108.0 39723.0

17345.0 41866.0
17516.0 41615.0
18092.0 40711.0
18545.0 40694.0
18596.0 40402.0
19912.0 40378.0
21342.0 40275.0
21708.0 40268.0
24801.0 40154.0
25513.0 40016.0
27043.0 39892.0
28763.0 39787.0
31937.0 39763.0
32934.0 39724.0
36108.0 39723.0

17345.0 41866.0
17516.0 41615.0
18092.0 40711.0
18545.0 40694.0
18596.0 40402.0
19912.0 40378.0
21342.0 40275.0
21708.0 40268.0
24801.0 40154.0
25513.0 40016.0
27043.0 39892.0
28763.0 39787.0
31937.0 39763.0
32934.0 39724.0
36108.0 39723.0

17345.0 41866.0
17516.0 41615.0
18092.0 40711.0
18545.0 40694.0
18596.0 40402.0
19912.0 40378.0
21342.0 40275.0
21708.0 40268.0
24801.0 40154.0
25513.0 40016.0
27043.0 39892.0
28763.0 39787.0
31937.0 39763.0
32934.0 39724.0
36108.0 39723.0

17345.0 41866.0
17516.0 41615.0
18092.0 40711.0
18545.0 40694.0
18596.0 40402.0
19912.0 40378.0
21342.0 40275.0
21708.0 40268.0
24801.0 40154.0
25513.0 40016.0
27043.0 39892.0
28763.0 39787.0
31937.0 39763.0
32934.0 39724.0
36108.0 39723.0

17345.0 41866.0
17516.0 41615.0
18092.0 40711.0
18545.0 40694.0
18596.0 40402.0
19912.0 40378.0
21342.0 40275.0
21708.0 40268.0
24801.0 40154.0
25513.0 40016.0
27043.0 39892.0
28763.0 39787.0
31937.0 39763.0
32934.0 39724.0
36108.0 39723.0

17345.0 41866.0
17516.0 41615.0
18092.0 40711.0
18545.0 40694.0
18596.0 40402.0
19912.0 40378.0
21342.0 40275.0
21708.0 40268.0
24801.0 40154.0
25513.0 40016.0
27043.0 39892.0
28763.0 39787.0
31937.0 39763.0
32934.0 39724.0
36108.0 39723.0

17345.0 41866.0
17516.0 41615.0
18092.0 40711.0
18545.0 40694.0
18596.0 40402.0
19912.0 40378.0
21342.0 40275.0
21708.0 40268.0
24801.0 40154.0
25513.0 40016.0
27043.0 39892.0
28763.0 39787.0
31937.0 39763.0
32934.0 39724.0
36108.0 39723.0


