21708.0 228073.0
22020.0 226344.0
22716.0 221068.0
23916.0 219743.0
25010.0 219078.0
27166.0 218238.0
28187.0 217872.0
28687.0 217216.0

24128.0 254601.0
24263.0 246770.0
24937.0 244543.0
25513.0 238896.0
27266.0 237918.0
28687.0 237768.0
29755.0 235361.0
30256.0 234246.0
34663.0 233624.0

24128.0 254601.0
24263.0 246770.0
24937.0 244543.0
25513.0 238896.0
27266.0 237918.0
28687.0 237768.0
29755.0 235361.0
30256.0 234246.0
34663.0 233624.0

24128.0 254601.0
24263.0 246770.0
24937.0 244543.0
25513.0 238896.0
27266.0 237918.0
28687.0 237768.0
29755.0 235361.0
30256.0 234246.0
34663.0 233624.0

24128.0 254601.0
24263.0 246770.0
24937.0 244543.0
25513.0 238896.0
27266.0 237918.0
28687.0 237768.0
29755.0 235361.0
30256.0 234246.0
34663.0 233624.0

24128.0 254601.0
24263.0 246770.0
24937.0 244543.0
25513.0 238896.0
27266.0 237918.0
28687.0 237768.0
29755.0 235361.0
30256.0 234246.0
34663.0 233624.0

24128.0 254601.0
24263.0 246770.0
24937.0 244543.0
25513.0 238896.0
27266.0 237918.0
28687.0 237768.0
29755.0 235361.0
30256.0 234246.0
34663.0 233624.0

24128.0 254601.0
24263.0 246770.0
24937.0 244543.0
25513.0 238896.0
27266.0 237918.0
28687.0 237768.0
29755.0 235361.0
30256.0 234246.0
34663.0 233624.0

24128.0 254601.0
24263.0 246770.0
24937.0 244543.0
25513.0 238896.0
27266.0 237918.0
28687.0 237768.0
29755.0 235361.0
30256.0 234246.0
34663.0 233624.0

24128.0 254601.0
24263.0 246770.0
24937.0 244543.0
25513.0 238896.0
27266.0 237918.0
28687.0 237768.0
29755.0 235361.0
30256.0 234246.0
34663.0 233624.0

24128.0 254601.0
24263.0 246770.0
24937.0 244543.0
25513.0 238896.0
27266.0 237918.0
28687.0 237768.0
29755.0 235361.0
30256.0 234246.0
34663.0 233624.0


