17675.0 135853.0
17945.0 135046.0
17996.0 130532.0
18092.0 124166.0
18545.0 124149.0
18596.0 121913.0
19912.0 121744.0
19946.0 121709.0
21266.0 121587.0
21342.0 120589.0
21708.0 120200.0
24516.0 120197.0
24592.0 120074.0
25513.0 119589.0
27766.0 119587.0
27843.0 119567.0
27894.0 119472.0
28763.0 119315.0
30955.0 119218.0
32013.0 118972.0
32934.0 118758.0
35187.0 118750.0
36108.0 118737.0
36184.0 118498.0
39434.0 118195.0
43605.0 118027.0

18092.0 126931.0
18545.0 125622.0
18596.0 122403.0
18615.0 122323.0
19146.0 122256.0
19912.0 122210.0
19946.0 122103.0
21342.0 121355.0
21689.0 121255.0
21708.0 120966.0
24016.0 120952.0
24592.0 120731.0
25513.0 120520.0
27862.0 120473.0
28763.0 119858.0
32013.0 119675.0
36108.0 119663.0
36184.0 119240.0
39358.0 119115.0

18092.0 126931.0
18545.0 125622.0
18596.0 121990.0
19912.0 121966.0
21342.0 120958.0
21708.0 120666.0
24516.0 120622.0
24592.0 120587.0
25513.0 120423.0
28763.0 119772.0
32013.0 119581.0
36184.0 119227.0
39358.0 119032.0
43605.0 118916.0

18092.0 126931.0
18545.0 125281.0
18596.0 122121.0
18615.0 122071.0
19912.0 122023.0
19946.0 121895.0
20066.0 121876.0
21266.0 121395.0
21342.0 121129.0
21638.0 121106.0
21708.0 120935.0
24516.0 120799.0
24592.0 120703.0
24801.0 120599.0
25513.0 120180.0
28763.0 119798.0
31437.0 119766.0
31937.0 119638.0
36184.0 119240.0
39358.0 119050.0
43605.0 118967.0

18092.0 126931.0
18545.0 123756.0
18596.0 121663.0
19912.0 121623.0
21342.0 121240.0
21708.0 120645.0
24516.0 120624.0
24592.0 120483.0
25513.0 120142.0
28763.0 119702.0
32013.0 119675.0
36108.0 119663.0
36184.0 119221.0
39358.0 119050.0
43605.0 118892.0

18016.0 130535.0
18092.0 126931.0
18545.0 125281.0
18596.0 122014.0
18615.0 121993.0
19912.0 121990.0
20066.0 121870.0
20421.0 121845.0
20766.0 121837.0
21266.0 121333.0
21342.0 120807.0
21708.0 120595.0
24592.0 120403.0
24801.0 120383.0
25513.0 120091.0
27913.0 120027.0
28763.0 119617.0
31937.0 119616.0
32013.0 119566.0
32934.0 119488.0
34687.0 119436.0
36184.0 119201.0
39358.0 119056.0
39434.0 118932.0
43605.0 118629.0

18092.0 126931.0
18545.0 125622.0
18596.0 121990.0
19912.0 121966.0
21266.0 121434.0
21342.0 120958.0
21708.0 120666.0
24516.0 120622.0
24592.0 120574.0
24801.0 120569.0
25513.0 120520.0
27862.0 120473.0
27913.0 120328.0
28763.0 119702.0
32013.0 119581.0
35263.0 119469.0
36184.0 119185.0
39358.0 119014.0
43605.0 118856.0

18092.0 126931.0
18447.0 126538.0
18545.0 125622.0
18596.0 121990.0
18615.0 121883.0
19912.0 121836.0
21266.0 121438.0
21342.0 120958.0
21657.0 120941.0
21708.0 120485.0
24516.0 120439.0
24592.0 120359.0
25513.0 120339.0
27913.0 120251.0
28763.0 119702.0
32013.0 119581.0
35263.0 119469.0
36184.0 119185.0
39358.0 119014.0
43605.0 118856.0

18092.0 124804.0
18545.0 124787.0
18596.0 121889.0
18615.0 121749.0
20387.0 121725.0
21266.0 121700.0
21342.0 120958.0
21708.0 120666.0
24516.0 120622.0
24592.0 120492.0
24801.0 120188.0
25513.0 120044.0
28187.0 120028.0
28763.0 119702.0
32013.0 119483.0
35187.0 119469.0
35263.0 119433.0
36184.0 119185.0
39358.0 119014.0
39434.0 118890.0
43605.0 118856.0

18092.0 126931.0
18447.0 126855.0
18545.0 125357.0
18596.0 121990.0
19912.0 121966.0
20345.0 121929.0
20838.0 121873.0
21266.0 121439.0
21342.0 120958.0
21708.0 120486.0
24516.0 120443.0
24592.0 120391.0
27894.0 120271.0
28763.0 119702.0
31937.0 119699.0
32013.0 119581.0
35263.0 119469.0
36184.0 119185.0
39358.0 119014.0
43605.0 118856.0

18016.0 127352.0
18092.0 122754.0
18596.0 121990.0
18615.0 121919.0
19112.0 121808.0
19845.0 121800.0
20345.0 121737.0
20421.0 121629.0
20766.0 121614.0
21266.0 121437.0
21342.0 120949.0
21708.0 120728.0
24516.0 120685.0
24592.0 120467.0
24801.0 120398.0
24820.0 120014.0
25513.0 119920.0
27894.0 119670.0
28763.0 119419.0
32013.0 118954.0


