20742.0 215244.0
20766.0 214656.0
21342.0 208791.0
21708.0 205079.0
22263.0 204477.0
22936.0 204345.0
23440.0 204264.0
24801.0 203151.0
24820.0 203078.0
24937.0 202987.0
25513.0 201928.0
27043.0 201553.0
28187.0 201299.0
28763.0 200797.0
32934.0 200362.0

19505.0 216983.0
19845.0 216742.0
20457.0 214250.0
20857.0 210626.0
20913.0 209640.0
21342.0 206017.0
21689.0 205604.0
21708.0 205461.0
22263.0 204871.0
24016.0 204780.0
24592.0 204250.0
25513.0 204061.0
27190.0 204018.0
28763.0 203693.0
32013.0 203608.0
36184.0 203408.0

19505.0 216189.0
19769.0 213811.0
20766.0 211645.0
20857.0 209431.0
21266.0 209048.0
21342.0 206017.0
21689.0 205604.0
21708.0 205461.0
22263.0 204871.0
24016.0 204780.0
24592.0 204250.0
25513.0 204061.0
27190.0 204018.0
28763.0 203693.0
32013.0 203608.0
36184.0 203408.0

18922.0 215086.0
19146.0 212661.0
19769.0 211378.0
20857.0 208272.0
21266.0 207940.0
21342.0 206017.0
21689.0 205604.0
21708.0 205461.0
22263.0 204820.0
24016.0 204571.0
24592.0 204250.0
25513.0 204061.0
27190.0 204018.0
28763.0 203644.0
32013.0 203608.0
36184.0 203408.0

19505.0 216189.0
19845.0 215171.0
20457.0 214250.0
20766.0 212090.0
20857.0 209975.0
20913.0 209431.0
21342.0 206017.0
21689.0 205604.0
21708.0 205461.0
22263.0 204871.0
24016.0 204780.0
24592.0 204250.0
25513.0 204061.0
27190.0 204018.0
28763.0 203693.0
32013.0 203608.0
36184.0 203408.0

19505.0 216952.0
19769.0 211225.0
20766.0 210886.0
20857.0 209431.0
21266.0 209012.0
21342.0 205997.0
21689.0 205604.0
21708.0 205461.0
22263.0 204871.0
24016.0 204780.0
24592.0 204250.0
25513.0 204025.0
26690.0 203467.0
32934.0 202901.0

19505.0 216983.0
19845.0 216742.0
20457.0 214250.0
20857.0 210626.0
20913.0 209640.0
21342.0 206017.0
21689.0 205604.0
21708.0 205461.0
22263.0 204871.0
24016.0 204777.0
24592.0 204250.0
25513.0 204061.0
27190.0 204018.0
28763.0 203693.0
32013.0 203608.0
36184.0 203408.0

18922.0 216063.0
19769.0 213602.0
20178.0 212509.0
20766.0 210198.0
20857.0 209181.0
21266.0 208967.0
21342.0 205994.0
21689.0 205604.0
21708.0 205461.0
22263.0 204871.0
24016.0 204780.0
24592.0 204250.0
25513.0 204061.0
27190.0 204018.0
28763.0 203693.0
32013.0 203608.0
36184.0 203408.0

19505.0 216983.0
19845.0 216742.0
20457.0 214250.0
20857.0 210626.0
20913.0 209640.0
21342.0 206017.0
21689.0 205604.0
21708.0 205461.0
22263.0 204871.0
24016.0 204777.0
24592.0 204250.0
25513.0 204061.0
27190.0 204018.0
28763.0 203693.0
32013.0 203608.0
36184.0 203408.0

18615.0 222496.0
18922.0 212609.0
19471.0 211091.0
20742.0 210531.0
20766.0 209273.0
20838.0 208068.0
20857.0 207051.0
21342.0 205317.0
21708.0 205154.0
22263.0 204823.0
23880.0 204576.0
24592.0 204250.0
25513.0 204061.0
27190.0 204018.0
28763.0 203693.0
32013.0 203608.0
36184.0 203408.0
38858.0 203039.0

18615.0 206785.0
18671.0 205267.0
20345.0 204499.0
21266.0 204319.0
21342.0 203891.0
21657.0 203547.0
21708.0 203462.0
22427.0 203293.0
24516.0 203021.0
24592.0 202893.0
24801.0 202767.0
25513.0 202449.0
28763.0 202171.0
31937.0 201870.0
34190.0 199979.0


