16745.0 44931.0
16816.0 42218.0
16956.0 42148.0
16990.0 41717.0
17171.0 41467.0
17516.0 41322.0
18016.0 41223.0
18092.0 40619.0
18596.0 40425.0
19912.0 40401.0
21266.0 40398.0
21342.0 40253.0
21708.0 40042.0
24516.0 40041.0
24592.0 39915.0
24820.0 39884.0
25513.0 39846.0
28687.0 39843.0
28763.0 39698.0
31937.0 39697.0
32013.0 39572.0
35187.0 39571.0
35263.0 39537.0
36184.0 39452.0
39434.0 39326.0
42684.0 39304.0
43605.0 39219.0
46855.0 39094.0
50105.0 39058.0
53279.0 39057.0

16515.0 41334.0
16595.0 41102.0
17095.0 41039.0
17171.0 40835.0
18092.0 40466.0
18545.0 40444.0
18596.0 40337.0
21266.0 40312.0
21342.0 40088.0
21657.0 40071.0
21708.0 40066.0
24592.0 39923.0
25513.0 39782.0
28687.0 39757.0
28763.0 39723.0
32013.0 39690.0
32934.0 39549.0
36108.0 39546.0
36184.0 39438.0
39434.0 39379.0
40355.0 39296.0
43605.0 39192.0
46855.0 39133.0

16515.0 41334.0
16595.0 41102.0
17095.0 41039.0
17171.0 40835.0
18092.0 40466.0
18545.0 40444.0
18596.0 40337.0
21266.0 40310.0
21342.0 40088.0
21657.0 40071.0
21708.0 39999.0
24592.0 39923.0
24820.0 39889.0
25513.0 39782.0
28687.0 39757.0
28763.0 39673.0
32013.0 39614.0
32934.0 39549.0
36108.0 39546.0
36184.0 39438.0
39434.0 39379.0
40355.0 39296.0
43605.0 39170.0
46855.0 39133.0

16515.0 41334.0
16595.0 41102.0
17095.0 41021.0
17171.0 40835.0
18092.0 40466.0
18545.0 40444.0
18596.0 40337.0
21266.0 40312.0
21342.0 40088.0
21657.0 40071.0
21708.0 39999.0
24592.0 39923.0
24820.0 39889.0
25513.0 39782.0
28687.0 39757.0
28763.0 39631.0
32013.0 39597.0
32934.0 39536.0
36184.0 39423.0
39358.0 39420.0
39434.0 39364.0
40355.0 39296.0
43605.0 39192.0
46855.0 39133.0

16515.0 41334.0
16595.0 41102.0
17095.0 41021.0
17171.0 40744.0
18092.0 40466.0
18545.0 40444.0
18596.0 40337.0
21266.0 40312.0
21342.0 40088.0
21657.0 40071.0
21708.0 40066.0
24516.0 40041.0
24592.0 39923.0
25513.0 39782.0
28687.0 39757.0
28763.0 39723.0
32013.0 39690.0
32934.0 39549.0
36108.0 39546.0
36184.0 39438.0
39434.0 39379.0
40355.0 39296.0
43605.0 39192.0
46855.0 39133.0

16515.0 41334.0
16595.0 41102.0
17095.0 41021.0
17171.0 40744.0
18092.0 40466.0
18545.0 40444.0
18596.0 40337.0
21266.0 40310.0
21342.0 40088.0
21657.0 40071.0
21708.0 40039.0
24592.0 39923.0
24820.0 39889.0
25513.0 39782.0
28687.0 39757.0
28763.0 39656.0
32013.0 39597.0
32934.0 39536.0
36184.0 39438.0
39434.0 39379.0
40355.0 39296.0
43605.0 39170.0
46855.0 39133.0

16515.0 41334.0
16595.0 41102.0
17095.0 41021.0
17171.0 40835.0
18092.0 40466.0
18545.0 40444.0
18596.0 40337.0
21266.0 40310.0
21342.0 40088.0
21657.0 40071.0
21708.0 39999.0
24516.0 39972.0
24592.0 39923.0
24820.0 39889.0
25513.0 39782.0
27843.0 39776.0
28687.0 39755.0
28763.0 39671.0
31937.0 39629.0
32934.0 39549.0
36108.0 39546.0
36184.0 39438.0
39358.0 39383.0
39434.0 39379.0
40355.0 39296.0
43605.0 39192.0
46855.0 39133.0

16515.0 41334.0
16595.0 41102.0
17095.0 41021.0
17171.0 40744.0
18092.0 40466.0
18545.0 40444.0
18596.0 40337.0
21266.0 40310.0
21342.0 40088.0
21657.0 40071.0
21708.0 39999.0
24516.0 39972.0
24592.0 39923.0
24820.0 39889.0
25513.0 39782.0
27843.0 39776.0
28687.0 39755.0
28763.0 39656.0
31937.0 39629.0
32013.0 39597.0
32934.0 39536.0
36184.0 39423.0
39358.0 39383.0
39434.0 39364.0
40355.0 39296.0
43605.0 39192.0
46855.0 39133.0

16515.0 41267.0
16595.0 41035.0
17095.0 40954.0
17171.0 40835.0
18092.0 40466.0
18545.0 40444.0
18596.0 40337.0
21266.0 40310.0
21342.0 40088.0
21657.0 40071.0
21708.0 39999.0
24516.0 39972.0
24592.0 39923.0
24820.0 39889.0
25513.0 39782.0
27843.0 39776.0
28687.0 39755.0
28763.0 39655.0
31937.0 39629.0
32013.0 39613.0
32934.0 39549.0
36108.0 39546.0
36184.0 39426.0
39358.0 39383.0
39434.0 39367.0
40355.0 39296.0
43605.0 39192.0
46855.0 39133.0

16515.0 41334.0
16595.0 41102.0
17095.0 41021.0
17171.0 40835.0
18092.0 40466.0
18545.0 40444.0
18596.0 40337.0
21266.0 40310.0
21342.0 40088.0
21657.0 40071.0
21708.0 39999.0
24516.0 39972.0
24592.0 39923.0
24820.0 39889.0
25513.0 39782.0
27843.0 39776.0
28687.0 39755.0
28763.0 39655.0
31937.0 39629.0
32013.0 39597.0
32934.0 39536.0
36184.0 39423.0
39358.0 39383.0
39434.0 39379.0
40355.0 39296.0
43605.0 39192.0
46855.0 39133.0

16515.0 41267.0
16595.0 41035.0
17095.0 40954.0
17171.0 40768.0
18092.0 40466.0
18545.0 40444.0
18596.0 40337.0
19912.0 40313.0
21266.0 40310.0
21342.0 40064.0
21708.0 39975.0
24516.0 39972.0
24592.0 39915.0
24820.0 39865.0
25513.0 39758.0
28687.0 39755.0
28763.0 39631.0
31937.0 39630.0
32013.0 39573.0
32934.0 39525.0
36108.0 39511.0
36184.0 39386.0
39358.0 39385.0
39434.0 39340.0
40355.0 39296.0
43605.0 39170.0
46855.0 39118.0


