18596.0 209859.0
19146.0 207506.0
19246.0 206660.0
19471.0 206372.0
19946.0 205850.0
20766.0 205621.0
21342.0 204718.0
21627.0 204694.0
21638.0 203995.0
22263.0 203678.0
24801.0 203140.0
24820.0 202841.0
25437.0 202200.0
25513.0 201504.0
27043.0 201491.0
27894.0 201244.0
27913.0 201220.0
28763.0 200361.0
31937.0 200276.0
32934.0 199862.0
36184.0 199754.0
39779.0 199746.0

18922.0 207149.0
20838.0 207005.0
21342.0 205684.0
21638.0 205603.0
21689.0 204188.0
21708.0 203268.0
23950.0 203232.0
24592.0 203003.0
27843.0 202826.0
28763.0 202431.0
29684.0 201701.0

18922.0 207149.0
20838.0 205894.0
21266.0 205823.0
21342.0 205293.0
21627.0 204672.0
21689.0 204188.0
21708.0 203268.0
23950.0 203232.0
24592.0 203003.0
25513.0 202772.0
28763.0 201726.0
29684.0 201701.0
32934.0 201361.0
36184.0 200979.0

18615.0 213899.0
18922.0 207149.0
20766.0 206180.0
21266.0 205706.0
21342.0 204120.0
21689.0 203856.0
21708.0 203222.0
24592.0 203003.0
26690.0 202541.0
28763.0 202173.0
29684.0 201701.0
36184.0 201665.0

18615.0 206970.0
19471.0 206296.0
20766.0 206197.0
20838.0 206098.0
21266.0 205787.0
21342.0 204134.0
21708.0 203268.0
23950.0 203232.0
24592.0 203003.0
25437.0 202940.0
25513.0 202007.0
27843.0 201935.0
29684.0 201701.0
32858.0 201655.0
39358.0 201349.0

18615.0 207924.0
18922.0 207149.0
19471.0 206296.0
21342.0 204522.0
21627.0 204194.0
21689.0 204188.0
21708.0 203268.0
23950.0 203232.0
24592.0 203003.0
25513.0 202303.0
28187.0 202079.0
28763.0 201874.0
29684.0 201701.0
32013.0 201278.0
32934.0 200913.0
39434.0 200598.0

18922.0 207149.0
20838.0 207005.0
21342.0 205684.0
21638.0 205603.0
21689.0 204188.0
21708.0 203268.0
23950.0 203232.0
24592.0 203003.0
25513.0 202623.0
28187.0 202280.0
28763.0 202035.0
29684.0 201701.0
32013.0 201122.0
36184.0 200569.0

18615.0 211478.0
18922.0 207149.0
19505.0 207120.0
20766.0 206944.0
20838.0 206715.0
20857.0 206695.0
21342.0 204706.0
21657.0 204501.0
21689.0 204188.0
21708.0 203268.0
23950.0 203232.0
24516.0 203196.0
24592.0 203002.0
24750.0 202975.0
24820.0 202948.0
25513.0 202484.0
27842.0 202435.0
27913.0 202434.0
28763.0 201726.0
29684.0 201460.0
32934.0 201361.0
35263.0 200986.0
36184.0 200979.0
39434.0 200753.0

18596.0 209184.0
18615.0 206268.0
21342.0 204065.0
21708.0 203268.0
23950.0 203232.0
24592.0 203003.0
25513.0 202220.0
27842.0 202061.0
28763.0 201726.0
29684.0 201701.0
32013.0 201657.0
32858.0 201638.0
32934.0 200960.0
35608.0 200821.0
39434.0 200753.0
43029.0 200108.0

18615.0 207667.0
18922.0 207149.0
19471.0 206291.0
20345.0 205984.0
21266.0 204853.0
21342.0 204521.0
21627.0 204360.0
21689.0 203947.0
21708.0 203268.0
23950.0 203232.0
24516.0 203231.0
24592.0 203003.0
25513.0 202415.0
27913.0 202249.0
28763.0 202098.0
29684.0 201655.0
34687.0 201654.0

18545.0 208900.0
18596.0 207336.0
18922.0 207149.0
19146.0 206486.0
19912.0 205711.0
19946.0 204215.0
21342.0 203235.0
21708.0 203068.0
23519.0 202740.0
24592.0 202453.0
24801.0 202179.0
24820.0 201881.0
25513.0 200691.0
27690.0 200466.0
28687.0 199911.0
28763.0 199508.0
42532.0 199442.0
43605.0 199160.0


