21755.0 232257.0
22640.0 228659.0
23240.0 223220.0
24516.0 221182.0
24820.0 217010.0
25513.0 215640.0
31337.0 214093.0

25437.0 245446.0
26362.0 243930.0
27313.0 240650.0
27913.0 240191.0
30406.0 237786.0
30837.0 232549.0
34087.0 232320.0

25437.0 245446.0
26362.0 243930.0
27313.0 240650.0
27913.0 240191.0
30406.0 237786.0
30837.0 232549.0
34087.0 232320.0

25437.0 245446.0
26362.0 243930.0
27313.0 240650.0
27913.0 240191.0
30406.0 237786.0
30837.0 232549.0
34087.0 232320.0

25437.0 245446.0
26362.0 243930.0
27313.0 240650.0
27913.0 240191.0
30406.0 237786.0
30837.0 232549.0
34087.0 232320.0

25437.0 245446.0
26362.0 243930.0
27313.0 240650.0
27913.0 240191.0
30406.0 237786.0
30837.0 232549.0
34087.0 232320.0

25437.0 245446.0
26362.0 243930.0
27313.0 240650.0
27913.0 240191.0
30406.0 237786.0
30837.0 232549.0
34087.0 232320.0

25437.0 245446.0
26362.0 243930.0
27313.0 240650.0
27913.0 240191.0
30406.0 237786.0
30837.0 232549.0
34087.0 232320.0

25437.0 245446.0
26362.0 243930.0
27313.0 240650.0
27913.0 240191.0
30406.0 237786.0
30837.0 232549.0
34087.0 232320.0

25437.0 245446.0
26362.0 243930.0
27313.0 240650.0
27913.0 240191.0
30406.0 237786.0
30837.0 232549.0
34087.0 232320.0

25437.0 245446.0
26362.0 243930.0
27313.0 240650.0
27913.0 240191.0
30406.0 237786.0
30837.0 232549.0
34087.0 232320.0


