18596.0 123806.0
18615.0 122814.0
19112.0 122790.0
19505.0 122674.0
19845.0 122665.0
19912.0 122569.0
20066.0 122544.0
20345.0 122541.0
20838.0 122316.0
21342.0 121410.0
21638.0 121294.0
21708.0 121218.0
22263.0 120669.0
24516.0 120626.0
24592.0 120534.0
24820.0 120322.0
25513.0 119925.0
27766.0 119725.0
27913.0 119658.0
28763.0 119294.0
32013.0 119002.0
32934.0 118755.0
35187.0 118712.0
35263.0 118697.0
40355.0 118585.0

17996.0 126670.0
18016.0 126148.0
18092.0 125654.0
18148.0 125489.0
18526.0 125378.0
18545.0 123605.0
18596.0 122934.0
18615.0 122562.0
19112.0 122353.0
19946.0 122190.0
20766.0 122170.0
21266.0 121929.0
21342.0 121363.0
21708.0 121151.0
24516.0 121021.0
24592.0 120765.0
24801.0 120579.0
28687.0 120525.0
28763.0 120254.0
32013.0 119694.0
35187.0 119692.0
39434.0 119484.0

17996.0 126670.0
18016.0 126148.0
18092.0 124961.0
18545.0 123605.0
18596.0 122934.0
18615.0 122216.0
19845.0 122208.0
19946.0 122150.0
20345.0 122145.0
20766.0 122130.0
20838.0 121918.0
21266.0 121790.0
21342.0 121281.0
21638.0 121253.0
21708.0 121041.0
24516.0 121020.0
24592.0 120483.0
24750.0 120461.0
24820.0 120414.0
27766.0 120398.0
28763.0 119972.0
32013.0 119694.0
35187.0 119692.0
36184.0 119432.0
39434.0 119162.0
46855.0 118929.0

17647.0 128891.0
17670.0 126649.0
17745.0 126315.0
18016.0 126148.0
18092.0 124651.0
18545.0 123088.0
18596.0 122651.0
18615.0 122160.0
19112.0 122128.0
19845.0 122058.0
19912.0 121856.0
20421.0 121820.0
21266.0 121813.0
21342.0 121201.0
21708.0 121041.0
23950.0 120942.0
24516.0 120917.0
24592.0 120483.0
24750.0 120461.0
24820.0 120234.0
27766.0 120233.0
28763.0 119785.0
32013.0 119694.0
35187.0 119692.0
39434.0 119484.0

17996.0 126670.0
18016.0 126148.0
18092.0 124961.0
18545.0 123605.0
18596.0 122934.0
18615.0 122146.0
19471.0 122127.0
20345.0 122084.0
20838.0 121918.0
20857.0 121741.0
21266.0 121737.0
21342.0 121294.0
21638.0 121253.0
21708.0 121041.0
23950.0 120967.0
24516.0 120966.0
24592.0 120483.0
24750.0 120461.0
28763.0 119972.0
32013.0 119694.0
35187.0 119692.0
39434.0 119484.0

17095.0 126462.0
18016.0 126112.0
18092.0 123352.0
18526.0 123046.0
18596.0 122153.0
19112.0 122055.0
19146.0 121933.0
19471.0 121893.0
19946.0 121823.0
21266.0 121780.0
21342.0 121294.0
21587.0 121260.0
21638.0 121231.0
21708.0 121035.0
24516.0 120806.0
24592.0 120483.0
24750.0 120461.0
24801.0 120365.0
27190.0 120364.0
27766.0 120295.0
28763.0 119972.0
31937.0 119947.0
32013.0 119694.0
35187.0 119692.0
39434.0 119484.0

17996.0 126670.0
18016.0 126148.0
18092.0 123340.0
18526.0 123242.0
18596.0 122934.0
18615.0 122216.0
19845.0 122207.0
19912.0 122145.0
20345.0 122144.0
20766.0 122130.0
20838.0 121996.0
21266.0 121790.0
21342.0 121294.0
21638.0 121253.0
21708.0 121041.0
23950.0 120918.0
24592.0 120483.0
24750.0 120461.0
27766.0 120421.0
28763.0 119972.0
32013.0 119694.0
35187.0 119692.0
39434.0 119484.0

17996.0 126670.0
18016.0 126148.0
18092.0 122397.0
18545.0 122335.0
18596.0 122102.0
19471.0 122078.0
19912.0 121937.0
20766.0 121681.0
21266.0 121582.0
21342.0 121218.0
21708.0 121041.0
23950.0 120918.0
24516.0 120917.0
24592.0 120462.0
24750.0 120461.0
24820.0 120292.0
27766.0 120233.0
28763.0 119785.0
32013.0 119503.0
39434.0 119484.0

17996.0 126670.0
18016.0 126148.0
18092.0 123340.0
18526.0 123242.0
18596.0 122934.0
18615.0 121665.0
20421.0 121659.0
21266.0 121644.0
21342.0 121102.0
21708.0 120889.0
24592.0 120483.0
24750.0 120461.0
24801.0 120366.0
25513.0 119976.0
28763.0 119901.0
32013.0 119508.0
36184.0 119226.0

17996.0 126670.0
18016.0 126112.0
18092.0 123340.0
18526.0 123242.0
18545.0 123144.0
18596.0 122934.0
18615.0 122082.0
19112.0 122047.0
19845.0 122039.0
20345.0 121976.0
20766.0 121720.0
21266.0 121621.0
21342.0 121294.0
21587.0 121260.0
21638.0 121231.0
21708.0 121041.0
23950.0 120918.0
24592.0 120483.0
24750.0 120461.0
27766.0 120421.0
28763.0 119972.0
32013.0 119694.0
35187.0 119692.0
39434.0 119484.0

17996.0 126670.0
18016.0 126148.0
18092.0 125083.0
18475.0 123972.0
18526.0 122326.0
18545.0 122281.0
18596.0 122053.0
19112.0 121958.0
19146.0 121839.0
19912.0 121769.0
19946.0 121699.0
20345.0 121698.0
20421.0 121663.0
21342.0 121158.0
21708.0 120726.0
24592.0 120458.0
24820.0 120307.0
28763.0 119235.0
36108.0 119005.0


