18615.0 211061.0
18671.0 208068.0
21266.0 207978.0
21346.0 207706.0
21657.0 207570.0
21708.0 205014.0
22263.0 202600.0
24516.0 202390.0
24750.0 202366.0
25437.0 202320.0
25513.0 200999.0
27843.0 200855.0
28763.0 200044.0
29684.0 199869.0
30936.0 199718.0
32934.0 199450.0

18596.0 214575.0
18615.0 208573.0
19313.0 207481.0
19912.0 207429.0
20857.0 207333.0
21342.0 205564.0
21689.0 204890.0
21708.0 203869.0
22263.0 202988.0
24516.0 202889.0
24750.0 202594.0
24782.0 202015.0
27843.0 201653.0
28763.0 201554.0
32013.0 201513.0
32858.0 201287.0
36184.0 201044.0
39434.0 200873.0

18596.0 214575.0
18615.0 208573.0
19313.0 207481.0
19912.0 207429.0
20857.0 206814.0
21342.0 203880.0
21689.0 203172.0
21708.0 203038.0
22263.0 202925.0
24516.0 202889.0
24592.0 202810.0
24731.0 202523.0
24782.0 201944.0
27843.0 201653.0
28763.0 200944.0
36184.0 200840.0

18596.0 209041.0
18615.0 207714.0
19313.0 207481.0
19912.0 207359.0
20766.0 206357.0
21342.0 204091.0
21689.0 203878.0
21708.0 203104.0
22263.0 202925.0
24516.0 202889.0
24750.0 202594.0
24782.0 202015.0
27843.0 201653.0
28763.0 201554.0
32013.0 201513.0
32858.0 201098.0
36184.0 201044.0
39434.0 200747.0

18596.0 208586.0
18615.0 208429.0
19146.0 208180.0
19313.0 206937.0
20838.0 206269.0
21342.0 203447.0
21657.0 203309.0
21708.0 202830.0
24592.0 202810.0
24731.0 202523.0
24782.0 201944.0
27843.0 201653.0
28763.0 201391.0
32013.0 200865.0
39434.0 200656.0
43605.0 200435.0

18545.0 215947.0
18596.0 214575.0
18615.0 208573.0
18856.0 208304.0
19146.0 206834.0
21266.0 206005.0
21342.0 203821.0
21708.0 202862.0
24750.0 202594.0
24782.0 202015.0
27843.0 201653.0
28763.0 201343.0
32858.0 201090.0
36184.0 201044.0
39434.0 200747.0

18596.0 214575.0
18615.0 208573.0
19313.0 207481.0
19912.0 207429.0
19946.0 206754.0
21266.0 206192.0
21342.0 204404.0
21657.0 204060.0
21689.0 204049.0
21708.0 203797.0
22263.0 202925.0
24516.0 202889.0
24750.0 202531.0
24782.0 201952.0
25513.0 201701.0
27843.0 201653.0
28763.0 201547.0
32013.0 201344.0
32858.0 201090.0
36184.0 201037.0
39434.0 200747.0

18596.0 214575.0
18615.0 208573.0
19313.0 207481.0
19587.0 205300.0
20766.0 205280.0
21266.0 205181.0
21342.0 204001.0
21661.0 203933.0
21708.0 203005.0
22263.0 202685.0
24516.0 202614.0
24750.0 202594.0
24782.0 201944.0
25513.0 201701.0
27843.0 201653.0
28763.0 201554.0
32013.0 201407.0
32858.0 201090.0
36184.0 201044.0
39434.0 200747.0

18596.0 214575.0
18615.0 208573.0
19313.0 207481.0
19912.0 206515.0
20857.0 206511.0
21266.0 206172.0
21342.0 203640.0
21657.0 203309.0
22263.0 202925.0
24516.0 202889.0
24750.0 202531.0
24782.0 201952.0
25513.0 201701.0
27843.0 201653.0
28763.0 201547.0
32013.0 201332.0
32858.0 201090.0
36184.0 201037.0
39434.0 200747.0

18446.0 215629.0
18596.0 214344.0
18615.0 205710.0
19505.0 204997.0
19946.0 204377.0
21342.0 203081.0
21689.0 202727.0
23950.0 202515.0
24592.0 202285.0
24782.0 202015.0
25513.0 201863.0
27843.0 201653.0
28763.0 201554.0
32013.0 201406.0
32858.0 201098.0
36184.0 201044.0
39434.0 200747.0

18596.0 210148.0
18615.0 208573.0
18856.0 208022.0
19146.0 205967.0
20766.0 205959.0
21266.0 204989.0
21342.0 203412.0
21708.0 202941.0
22263.0 202685.0
24516.0 202614.0
24592.0 202121.0
24782.0 202015.0
24801.0 200503.0
25513.0 200447.0
30940.0 200185.0
31861.0 199437.0
34190.0 199179.0
35111.0 199156.0
35187.0 199068.0
35263.0 198638.0
41611.0 198554.0


