23445.0 245966.0
24201.0 228961.0
24592.0 222978.0
24751.0 220375.0
25010.0 216263.0
25513.0 214970.0
30256.0 214681.0
32013.0 213599.0

21195.0 250531.0
22211.0 245247.0
24176.0 239842.0
27166.0 238466.0
27243.0 238091.0
29155.0 237717.0
30737.0 237688.0
31437.0 237453.0
33448.0 236908.0
41532.0 236851.0

21195.0 250531.0
22211.0 245247.0
24176.0 239842.0
27166.0 238466.0
27243.0 238091.0
29155.0 237717.0
30737.0 237688.0
31437.0 237453.0
33448.0 236908.0
38858.0 236813.0

21195.0 250531.0
22211.0 245247.0
24176.0 239842.0
27166.0 238466.0
27243.0 238091.0
29155.0 237717.0
30737.0 237688.0
31437.0 237453.0
33448.0 236908.0
41532.0 236851.0

21195.0 250531.0
22211.0 245247.0
24176.0 239842.0
27166.0 238466.0
27243.0 238091.0
29155.0 237717.0
30737.0 237688.0
31437.0 237453.0
33448.0 236908.0
41532.0 236851.0

21195.0 250531.0
22211.0 245247.0
24176.0 239842.0
27166.0 238466.0
27243.0 238091.0
29155.0 237717.0
30737.0 237688.0
31437.0 237453.0
33448.0 236908.0
41532.0 236851.0

21195.0 250531.0
22211.0 245247.0
24176.0 239842.0
27166.0 238466.0
27243.0 238091.0
29155.0 237717.0
30737.0 237688.0
31437.0 237453.0
33448.0 236908.0
41532.0 236851.0

21195.0 250531.0
22211.0 245247.0
24176.0 239842.0
27166.0 238466.0
27243.0 238091.0
29155.0 237717.0
30737.0 237688.0
31437.0 237453.0
33448.0 236908.0
41532.0 236851.0

21195.0 250531.0
22211.0 245247.0
22950.0 241456.0
24176.0 239842.0
25513.0 239546.0
27166.0 238466.0
27243.0 238091.0
29155.0 237717.0
30737.0 237688.0
31437.0 237453.0
33448.0 236908.0
38858.0 236813.0

21195.0 250531.0
22211.0 245247.0
24176.0 239842.0
27166.0 238466.0
27243.0 238091.0
29155.0 237717.0
30737.0 237688.0
31437.0 237453.0
33448.0 236908.0
41532.0 236851.0

21195.0 250531.0
22211.0 245247.0
24176.0 239842.0
27166.0 238466.0
27243.0 238091.0
29155.0 237717.0
30737.0 237688.0
31437.0 237453.0
33448.0 236908.0
41532.0 236851.0


