18092.0 124083.0
18545.0 122918.0
18615.0 121614.0
19112.0 121579.0
19912.0 121493.0
21266.0 121490.0
21342.0 120855.0
21708.0 120110.0
24516.0 120067.0
24592.0 119925.0
24820.0 119889.0
25513.0 119755.0
27894.0 119704.0
28763.0 119324.0
32013.0 119099.0
32934.0 118912.0
36108.0 118886.0
36184.0 118697.0
40355.0 118257.0
43529.0 118249.0
43605.0 118024.0
47776.0 117898.0
51026.0 117675.0

18092.0 123215.0
18545.0 122947.0
18596.0 121942.0
18615.0 121323.0
20387.0 121299.0
21266.0 121280.0
21342.0 121035.0
21708.0 120464.0
24516.0 120461.0
24592.0 120425.0
24801.0 120293.0
25513.0 120038.0
28763.0 119893.0
31937.0 119762.0
32934.0 119627.0
36184.0 119109.0
39434.0 119090.0

18092.0 123215.0
18545.0 122947.0
18596.0 121942.0
18615.0 121323.0
20387.0 121299.0
21266.0 121280.0
21342.0 120374.0
24516.0 120242.0
24592.0 120226.0
25513.0 120038.0
28763.0 119569.0
36184.0 119109.0
39434.0 119090.0

17745.0 127101.0
18092.0 122623.0
18545.0 122081.0
18596.0 121942.0
18615.0 121283.0
20387.0 121235.0
21266.0 121234.0
21342.0 120374.0
21708.0 120183.0
24801.0 120142.0
25513.0 119844.0
28763.0 119414.0
31937.0 119411.0
36184.0 118949.0

18092.0 123215.0
18545.0 122947.0
18596.0 121942.0
18615.0 121299.0
19912.0 121235.0
21266.0 121210.0
21342.0 120508.0
21708.0 120204.0
24516.0 120202.0
24592.0 120186.0
24801.0 120115.0
24820.0 120064.0
25513.0 120038.0
28763.0 119275.0
36184.0 119066.0

18092.0 122748.0
18596.0 121942.0
18615.0 121323.0
20387.0 121299.0
21266.0 121274.0
21342.0 120670.0
21708.0 120440.0
24592.0 120419.0
24750.0 120332.0
24801.0 120247.0
25513.0 119984.0
28763.0 119638.0
31937.0 119636.0
32934.0 119438.0
36184.0 119109.0
39434.0 119090.0

18092.0 123215.0
18545.0 122947.0
18596.0 121942.0
18615.0 121323.0
20387.0 121299.0
21266.0 121280.0
21342.0 120374.0
21708.0 120285.0
24516.0 120242.0
24592.0 120226.0
24820.0 120175.0
25513.0 119977.0
28763.0 119470.0
32934.0 119347.0
36184.0 119109.0
39434.0 119090.0

18092.0 123215.0
18545.0 122871.0
18596.0 121942.0
18615.0 121299.0
20387.0 121275.0
21266.0 121250.0
21342.0 120374.0
21708.0 120247.0
24516.0 120242.0
24592.0 120226.0
24820.0 120175.0
25513.0 119977.0
28763.0 119218.0
31937.0 119215.0
32013.0 119179.0
36184.0 119109.0
39434.0 119090.0

18092.0 123215.0
18545.0 122759.0
18596.0 121942.0
18615.0 121323.0
20387.0 121299.0
21266.0 121280.0
21342.0 120374.0
21708.0 120285.0
24592.0 120226.0
24820.0 120175.0
25513.0 119977.0
28763.0 119514.0
36184.0 119109.0
39434.0 119090.0

18092.0 123089.0
18545.0 122437.0
18596.0 121855.0
18615.0 121323.0
20387.0 121299.0
21266.0 121274.0
21342.0 120670.0
21708.0 120440.0
24516.0 120370.0
24801.0 120247.0
25513.0 119926.0
28763.0 119430.0
31937.0 119427.0
36184.0 119109.0
39434.0 119090.0

18092.0 123215.0
18545.0 122413.0
18596.0 121942.0
18615.0 121323.0
20387.0 121299.0
21266.0 121256.0
21342.0 120350.0
21708.0 120247.0
24516.0 120218.0
24592.0 120166.0
24820.0 120088.0
25513.0 119733.0
27913.0 119485.0
28763.0 119247.0
32013.0 119096.0
32934.0 118938.0


