16515.0 42218.0
16519.0 42119.0
16816.0 41427.0
16990.0 41387.0
17516.0 41155.0
18016.0 41074.0
18092.0 40624.0
18545.0 40602.0
18596.0 40495.0
18615.0 40443.0
19912.0 40343.0
21342.0 40064.0
21708.0 39975.0
24516.0 39972.0
24592.0 39915.0
24820.0 39865.0
25513.0 39758.0
27894.0 39757.0
28687.0 39756.0
28763.0 39631.0
31937.0 39628.0
32013.0 39572.0
32934.0 39511.0
36184.0 39385.0
39434.0 39326.0
40355.0 39278.0
43605.0 39152.0
46855.0 39093.0
51026.0 39070.0

16023.0 43553.0
16156.0 42981.0
16495.0 42918.0
16515.0 41334.0
16595.0 41102.0
17095.0 41039.0
17171.0 40805.0
18092.0 40466.0
18545.0 40444.0
18596.0 40337.0
19912.0 40313.0
21266.0 40312.0
21342.0 40088.0
21657.0 40071.0
21708.0 39975.0
24516.0 39974.0
24592.0 39915.0
24820.0 39865.0
25513.0 39782.0
28687.0 39757.0
28763.0 39632.0
32013.0 39597.0
32934.0 39549.0
36108.0 39546.0
36184.0 39423.0
39434.0 39364.0
40355.0 39296.0
43605.0 39177.0
46855.0 39133.0

16023.0 43321.0
16156.0 42981.0
16495.0 42918.0
16515.0 41334.0
16595.0 41102.0
17095.0 41039.0
17171.0 40805.0
18092.0 40466.0
18545.0 40444.0
18596.0 40337.0
19912.0 40313.0
21266.0 40310.0
21342.0 40088.0
21657.0 40071.0
21708.0 39975.0
24516.0 39974.0
24592.0 39915.0
24820.0 39865.0
25513.0 39782.0
28687.0 39757.0
28763.0 39632.0
32013.0 39597.0
32934.0 39536.0
36184.0 39423.0
39434.0 39364.0
40355.0 39296.0
43605.0 39177.0
46855.0 39133.0

16023.0 42442.0
16156.0 41999.0
16515.0 41267.0
16595.0 41035.0
17095.0 40954.0
17171.0 40768.0
18092.0 40466.0
18545.0 40444.0
18596.0 40337.0
19912.0 40313.0
21266.0 40310.0
21342.0 40064.0
21708.0 39975.0
24516.0 39974.0
24592.0 39915.0
24820.0 39865.0
25513.0 39758.0
28687.0 39757.0
28763.0 39632.0
31937.0 39631.0
32013.0 39573.0
32934.0 39536.0
36184.0 39399.0
39434.0 39364.0
40355.0 39279.0
43605.0 39153.0
46855.0 39133.0

16023.0 43321.0
16156.0 42981.0
16495.0 42918.0
16515.0 41334.0
16595.0 41102.0
17095.0 41021.0
17171.0 40744.0
18092.0 40466.0
18545.0 40444.0
18596.0 40337.0
19912.0 40313.0
21266.0 40310.0
21342.0 40064.0
21708.0 39975.0
24516.0 39974.0
24592.0 39915.0
24820.0 39865.0
25513.0 39782.0
28687.0 39757.0
28763.0 39632.0
32013.0 39573.0
32934.0 39549.0
36108.0 39546.0
36184.0 39399.0
39434.0 39364.0
40355.0 39296.0
43605.0 39153.0
46855.0 39133.0

16023.0 42389.0
16156.0 41946.0
16515.0 41267.0
16595.0 41035.0
17095.0 40954.0
17171.0 40768.0
18092.0 40466.0
18545.0 40444.0
18596.0 40337.0
19912.0 40313.0
21266.0 40310.0
21342.0 40064.0
21708.0 39975.0
24516.0 39974.0
24592.0 39915.0
24820.0 39865.0
25513.0 39782.0
28687.0 39757.0
28763.0 39632.0
31937.0 39631.0
32013.0 39597.0
32934.0 39536.0
36184.0 39393.0
39434.0 39327.0
40355.0 39296.0
43605.0 39153.0
46855.0 39133.0

16023.0 43321.0
16156.0 42981.0
16495.0 42918.0
16515.0 41334.0
16595.0 41102.0
17095.0 41021.0
17171.0 40805.0
18092.0 40466.0
18545.0 40444.0
18596.0 40337.0
19912.0 40313.0
21266.0 40310.0
21342.0 40064.0
21708.0 39975.0
24516.0 39972.0
24592.0 39915.0
24820.0 39865.0
25513.0 39782.0
27843.0 39776.0
28687.0 39755.0
28763.0 39632.0
31937.0 39629.0
32013.0 39573.0
32934.0 39536.0
36184.0 39386.0
39358.0 39383.0
39434.0 39364.0
40355.0 39296.0
43605.0 39153.0
46855.0 39133.0

16023.0 43258.0
16156.0 42815.0
16495.0 42752.0
16515.0 41334.0
16595.0 41102.0
17095.0 41021.0
17171.0 40805.0
18092.0 40466.0
18545.0 40444.0
18596.0 40337.0
19912.0 40313.0
21266.0 40310.0
21342.0 40064.0
21708.0 39975.0
24516.0 39972.0
24592.0 39915.0
24820.0 39865.0
25513.0 39758.0
28687.0 39755.0
28763.0 39632.0
31937.0 39629.0
32013.0 39573.0
32934.0 39536.0
36184.0 39386.0
39358.0 39383.0
39434.0 39364.0
40355.0 39296.0
43605.0 39153.0
46855.0 39133.0

16023.0 43321.0
16156.0 42981.0
16495.0 42918.0
16515.0 41334.0
16595.0 41102.0
17095.0 41021.0
17171.0 40744.0
18092.0 40466.0
18545.0 40444.0
18596.0 40337.0
19912.0 40313.0
21266.0 40310.0
21342.0 40064.0
21708.0 39975.0
24516.0 39972.0
24592.0 39915.0
24820.0 39865.0
25513.0 39782.0
27843.0 39776.0
28687.0 39755.0
28763.0 39632.0
31937.0 39629.0
32013.0 39573.0
32934.0 39525.0
36184.0 39386.0
39358.0 39383.0
39434.0 39364.0
40355.0 39296.0
43605.0 39153.0
46855.0 39133.0

16023.0 42442.0
16156.0 41999.0
16515.0 41267.0
16595.0 41035.0
17095.0 40954.0
17171.0 40744.0
18092.0 40466.0
18545.0 40444.0
18596.0 40337.0
19912.0 40313.0
21266.0 40310.0
21342.0 40064.0
21708.0 39975.0
24516.0 39974.0
24592.0 39915.0
24820.0 39865.0
25513.0 39758.0
28687.0 39757.0
28763.0 39631.0
31937.0 39630.0
32013.0 39573.0
32934.0 39525.0
36184.0 39386.0
39434.0 39340.0
40355.0 39279.0
43605.0 39153.0
46855.0 39133.0

16023.0 42505.0
16156.0 41932.0
16515.0 41267.0
16595.0 41035.0
17095.0 40954.0
17171.0 40744.0
18092.0 40466.0
18545.0 40444.0
18596.0 40337.0
19912.0 40313.0
21266.0 40310.0
21342.0 40064.0
21708.0 39975.0
24516.0 39972.0
24592.0 39915.0
24820.0 39865.0
25513.0 39758.0
27894.0 39757.0
28687.0 39755.0
28763.0 39632.0
31937.0 39629.0
32013.0 39572.0
32934.0 39512.0
36184.0 39386.0
39434.0 39327.0
40355.0 39296.0
43605.0 39153.0
46855.0 39118.0


