18596.0 215479.0
19471.0 209776.0
19505.0 208614.0
20238.0 208132.0
20768.0 208031.0
21138.0 207550.0
21342.0 204531.0
21689.0 204426.0
21708.0 204328.0
22263.0 203210.0
24016.0 202981.0
24592.0 202864.0
25513.0 202090.0
26192.0 202070.0
27266.0 201979.0
27894.0 201919.0
28187.0 201546.0
28763.0 201534.0
32013.0 201147.0
32934.0 201013.0
34687.0 200936.0
43029.0 200781.0
47776.0 200574.0
50450.0 200552.0

20066.0 214452.0
20766.0 213942.0
21089.0 211386.0
21342.0 205240.0
21708.0 204594.0
24016.0 203946.0
24592.0 203692.0
24750.0 203652.0
25513.0 203344.0
27487.0 202860.0
28763.0 202454.0
30737.0 202423.0
34611.0 201729.0
38858.0 201624.0

20066.0 214452.0
20766.0 213942.0
21089.0 211386.0
21342.0 205240.0
21708.0 204273.0
22461.0 204249.0
24016.0 203756.0
24592.0 203353.0
24820.0 203302.0
27266.0 202978.0
27487.0 202860.0
28763.0 202454.0
30737.0 202423.0
34611.0 201729.0
38858.0 201494.0

18856.0 224189.0
19146.0 211042.0
19247.0 210470.0
20345.0 210462.0
20766.0 209370.0
20857.0 209116.0
21266.0 208837.0
21302.0 208215.0
21342.0 205166.0
21708.0 204080.0
23950.0 204071.0
24016.0 203587.0
24592.0 203290.0
25513.0 202761.0
27266.0 202627.0
28763.0 201846.0
32013.0 201643.0
32934.0 201566.0
38858.0 201494.0
42108.0 201421.0

18922.0 220249.0
19146.0 215828.0
19246.0 214290.0
19313.0 210094.0
20742.0 208293.0
20857.0 208007.0
21266.0 207943.0
21342.0 205063.0
21708.0 204273.0
22263.0 204109.0
22461.0 203812.0
24016.0 203780.0
24592.0 203465.0
24820.0 203414.0
25513.0 202417.0
28763.0 201803.0
32013.0 201691.0
32934.0 201684.0
38858.0 201624.0

19505.0 224172.0
20066.0 214452.0
20742.0 214078.0
20766.0 213942.0
20768.0 213822.0
21089.0 211386.0
21108.0 209859.0
21302.0 209330.0
21342.0 205240.0
21661.0 204788.0
21708.0 203953.0
22461.0 203929.0
24016.0 203563.0
24516.0 203457.0
24592.0 203219.0
24750.0 202978.0
25513.0 202496.0
28763.0 201797.0
32013.0 201577.0
32934.0 201473.0

20066.0 214452.0
20766.0 213942.0
21089.0 211386.0
21342.0 205240.0
21708.0 203953.0
22461.0 203929.0
24016.0 203563.0
24516.0 203457.0
24592.0 203160.0
24750.0 202872.0
27266.0 202836.0
28763.0 202024.0
34611.0 201729.0
36184.0 201717.0
38858.0 201624.0

19112.0 213215.0
20345.0 212631.0
20438.0 209681.0
20742.0 209412.0
20838.0 209403.0
21302.0 208103.0
21342.0 205240.0
21657.0 205223.0
21708.0 203953.0
22461.0 203929.0
24016.0 203587.0
24516.0 203457.0
24592.0 203211.0
24750.0 202872.0
25513.0 202800.0
27766.0 202792.0
28763.0 202062.0
34611.0 201729.0
38858.0 201624.0

20066.0 214452.0
20766.0 213942.0
21089.0 211386.0
21342.0 205240.0
21708.0 203953.0
22461.0 203929.0
24016.0 203563.0
24516.0 203457.0
24592.0 203160.0
24750.0 202872.0
27266.0 202836.0
28763.0 202024.0
34611.0 201729.0
36184.0 201717.0
38858.0 201624.0

18922.0 211252.0
19946.0 208403.0
20857.0 208339.0
21266.0 208318.0
21342.0 204828.0
21708.0 203535.0
22461.0 203511.0
24016.0 203287.0
24516.0 203169.0
24592.0 202411.0
25513.0 202287.0
27266.0 202095.0
28763.0 201831.0
31937.0 201725.0
32013.0 201354.0
36184.0 201185.0

18596.0 208709.0
19471.0 207761.0
20838.0 207642.0
21266.0 207632.0
21342.0 203596.0
21708.0 202635.0
23950.0 202332.0
24592.0 201893.0
24750.0 201831.0
27266.0 201580.0
27843.0 200852.0
28763.0 200460.0
31937.0 198830.0
32934.0 198350.0


