17923.0 131066.0
18092.0 122290.0
18545.0 122139.0
18596.0 121422.0
19912.0 121398.0
19946.0 121374.0
21266.0 121354.0
21342.0 120973.0
21708.0 120605.0
22263.0 120417.0
24516.0 120414.0
24592.0 120225.0
24782.0 120224.0
25513.0 119890.0
27043.0 119730.0
27843.0 119583.0
27894.0 119482.0
28763.0 119170.0
31937.0 119169.0
32013.0 119125.0
32934.0 118771.0
36108.0 118763.0
36184.0 118459.0
39434.0 118424.0
40355.0 118253.0
43605.0 117934.0

18092.0 124405.0
18312.0 124047.0
18596.0 121590.0
19112.0 121398.0
21342.0 121151.0
21708.0 120767.0
24592.0 120659.0
24820.0 120590.0
25513.0 120047.0
27766.0 119955.0
28763.0 119688.0
32013.0 119614.0
32934.0 119520.0
36184.0 119206.0
40355.0 119126.0

18092.0 124405.0
18312.0 124047.0
18596.0 121590.0
19112.0 121398.0
21342.0 121151.0
21708.0 120767.0
24592.0 120490.0
24820.0 120433.0
25513.0 120047.0
27766.0 119955.0
28763.0 119688.0
32013.0 119614.0
32934.0 119520.0
36184.0 119206.0
39358.0 118984.0

18092.0 123920.0
18596.0 121352.0
19912.0 121328.0
21266.0 121327.0
21342.0 121068.0
21708.0 120555.0
24592.0 120376.0
25513.0 120047.0
27766.0 119955.0
28763.0 119688.0
32013.0 119597.0
32934.0 119250.0
36184.0 119132.0
40355.0 119040.0
43605.0 118820.0

18092.0 124405.0
18312.0 124047.0
18596.0 121352.0
19912.0 121328.0
21342.0 121027.0
21638.0 121010.0
21657.0 120914.0
21708.0 120719.0
24516.0 120593.0
24592.0 120435.0
25513.0 120047.0
27766.0 119955.0
28763.0 119680.0
32013.0 119516.0
32934.0 119199.0
39434.0 118875.0

18092.0 123567.0
18596.0 121567.0
19112.0 121398.0
19912.0 121374.0
20838.0 121349.0
21342.0 121038.0
21708.0 120479.0
24592.0 120420.0
24801.0 120343.0
24820.0 120304.0
25513.0 120047.0
27766.0 119955.0
28763.0 119478.0
32934.0 119216.0
36108.0 119213.0
36184.0 118999.0
43605.0 118820.0

18092.0 124405.0
18312.0 124047.0
18596.0 121590.0
19112.0 121398.0
21342.0 121151.0
21708.0 120767.0
22263.0 120759.0
24592.0 120490.0
24820.0 120433.0
25513.0 120047.0
27766.0 119955.0
28763.0 119648.0
31437.0 119622.0
32013.0 119614.0
32934.0 119237.0
36108.0 119179.0
39358.0 118984.0

18092.0 124405.0
18312.0 124047.0
18596.0 121567.0
19112.0 121398.0
19912.0 121304.0
21342.0 121020.0
21708.0 120546.0
24016.0 120533.0
24592.0 120490.0
24801.0 120389.0
24820.0 120303.0
25513.0 120047.0
27766.0 119886.0
27862.0 119853.0
28763.0 119455.0
32013.0 119419.0
32934.0 119237.0
36108.0 119179.0
39358.0 118984.0

18092.0 124405.0
18312.0 124047.0
18545.0 123805.0
18596.0 121513.0
19112.0 121398.0
19912.0 121361.0
21266.0 121358.0
21342.0 120882.0
21708.0 120551.0
24592.0 120490.0
24801.0 120420.0
25513.0 120047.0
27766.0 119955.0
28763.0 119648.0
31437.0 119622.0
32013.0 119509.0
32934.0 119279.0
36184.0 119206.0
39358.0 118984.0

18092.0 124405.0
18312.0 124047.0
18596.0 121567.0
19112.0 121398.0
19912.0 121328.0
21342.0 120968.0
21708.0 120549.0
24592.0 120390.0
24820.0 120306.0
25513.0 120025.0
27766.0 119955.0
27862.0 119904.0
28763.0 119491.0
32934.0 119222.0
36184.0 118859.0

18092.0 123920.0
18596.0 121352.0
19912.0 121304.0
21342.0 120832.0
21708.0 120288.0
24516.0 120282.0
24592.0 120229.0
25513.0 119818.0
27894.0 119475.0
28763.0 118998.0
32934.0 118717.0
36184.0 118601.0
40355.0 118254.0


