23916.0 227077.0
24016.0 225045.0
24654.0 224396.0
25513.0 220744.0
28687.0 217692.0
28763.0 216703.0
32934.0 216511.0

22140.0 242821.0
24913.0 236874.0
31413.0 235337.0

22140.0 242821.0
24913.0 236874.0
31413.0 235337.0

22140.0 242821.0
24913.0 236874.0
31413.0 235337.0

22140.0 242821.0
24913.0 236874.0
31413.0 235337.0

22140.0 242821.0
24913.0 236874.0
31413.0 235337.0

22140.0 242821.0
24913.0 236874.0
31413.0 235337.0

22140.0 242821.0
24913.0 236874.0
31413.0 235337.0

22140.0 242821.0
24913.0 236874.0
31413.0 235337.0

22140.0 242821.0
24913.0 236874.0
31413.0 235337.0

22140.0 242821.0
24913.0 236874.0
31413.0 235337.0


