17492.0 128999.0
17516.0 128411.0
17726.0 128375.0
18092.0 123345.0
18545.0 122917.0
18596.0 122602.0
18615.0 121578.0
19912.0 121514.0
19946.0 121479.0
20421.0 121443.0
21266.0 121435.0
21342.0 120872.0
21708.0 120569.0
23950.0 120541.0
24016.0 120521.0
24516.0 120364.0
24592.0 120301.0
25513.0 120045.0
27766.0 119931.0
27843.0 119790.0
28763.0 119433.0
31861.0 119413.0
31937.0 119081.0
35187.0 118955.0
36108.0 118808.0
36184.0 118375.0
39358.0 118350.0
42532.0 118349.0
42608.0 118245.0
43605.0 118079.0
46855.0 118068.0
50029.0 118035.0

18092.0 123185.0
18545.0 122682.0
18596.0 122029.0
19146.0 121994.0
19912.0 121889.0
19946.0 121819.0
21266.0 121818.0
21342.0 121343.0
21708.0 121252.0
24516.0 121231.0
24592.0 120732.0
27913.0 120691.0
28763.0 120231.0
35608.0 120189.0
36184.0 119738.0

18092.0 123172.0
18545.0 122682.0
18596.0 121547.0
21266.0 121546.0
21342.0 121140.0
21657.0 121123.0
21689.0 121120.0
24516.0 121115.0
24592.0 120684.0
24750.0 120589.0
25513.0 120494.0
28763.0 120143.0
32934.0 119858.0
36108.0 119532.0

18092.0 123104.0
18545.0 122652.0
18596.0 121468.0
19912.0 121358.0
21342.0 121008.0
21708.0 120841.0
24516.0 120809.0
24592.0 120621.0
24731.0 120409.0
28763.0 119964.0
31937.0 119939.0
32013.0 119813.0
36108.0 119532.0
40355.0 119249.0
51026.0 118736.0

18092.0 123172.0
18545.0 122682.0
18596.0 121712.0
19912.0 121619.0
19946.0 121584.0
20066.0 121578.0
20387.0 121573.0
20766.0 121322.0
21266.0 121319.0
21342.0 121203.0
21657.0 121122.0
21689.0 121103.0
21708.0 120960.0
22263.0 120726.0
24516.0 120725.0
24592.0 120454.0
25513.0 120201.0
27894.0 120174.0
28763.0 119672.0
32934.0 119588.0
36184.0 119568.0

18092.0 122538.0
18545.0 121947.0
18596.0 121831.0
19112.0 121709.0
19146.0 121603.0
19912.0 121563.0
19946.0 121388.0
21266.0 121367.0
21342.0 120815.0
21638.0 120793.0
21657.0 120695.0
21708.0 120483.0
24592.0 120454.0
24820.0 120435.0
25513.0 120301.0
27843.0 120288.0
28763.0 119672.0
32934.0 119612.0
36108.0 119508.0

18092.0 122388.0
18545.0 122371.0
18596.0 121724.0
19912.0 121619.0
21342.0 121173.0
21587.0 121158.0
21638.0 121042.0
21708.0 120588.0
24516.0 120567.0
24592.0 120480.0
27843.0 120376.0
28763.0 119527.0
46279.0 119279.0

18092.0 122237.0
18545.0 122220.0
18596.0 121389.0
19912.0 121365.0
20766.0 121322.0
21266.0 121321.0
21342.0 121081.0
21708.0 120937.0
24016.0 120894.0
24592.0 120732.0
24801.0 120693.0
24820.0 120526.0
25513.0 119640.0
28763.0 119538.0
32934.0 119199.0

18092.0 122388.0
18545.0 122371.0
18596.0 121308.0
19912.0 121260.0
21266.0 121235.0
21342.0 120885.0
21657.0 120796.0
21708.0 120720.0
24516.0 120719.0
24592.0 120385.0
24801.0 120126.0
24820.0 120039.0
28763.0 119615.0
31006.0 119572.0
31937.0 119502.0
32013.0 119170.0

18092.0 122388.0
18545.0 122371.0
18596.0 121724.0
19912.0 121619.0
21342.0 120689.0
21708.0 120588.0
24592.0 120354.0
25513.0 120252.0
27913.0 120202.0
28763.0 119770.0
32013.0 119600.0
36184.0 119587.0
38361.0 119181.0

18092.0 123023.0
18545.0 122666.0
18596.0 121178.0
21342.0 120978.0
21689.0 120717.0
23950.0 120549.0
24592.0 120401.0
24750.0 120358.0
24820.0 120313.0
25513.0 119709.0
28763.0 119123.0
43605.0 119024.0


