18545.0 126467.0
18596.0 123243.0
18615.0 121843.0
19912.0 121763.0
19946.0 121739.0
20421.0 121727.0
21266.0 121718.0
21342.0 120592.0
21708.0 120172.0
24516.0 120171.0
24592.0 119971.0
24750.0 119878.0
27766.0 119856.0
27842.0 119752.0
28763.0 119251.0
31937.0 119248.0
32013.0 118918.0
35263.0 118859.0
36184.0 118813.0
39434.0 118119.0
46855.0 118019.0

18092.0 123189.0
18545.0 122351.0
18596.0 122042.0
18615.0 121870.0
19946.0 121830.0
20838.0 121777.0
21266.0 121655.0
21342.0 120905.0
21638.0 120843.0
21708.0 120792.0
23950.0 120766.0
24516.0 120628.0
25513.0 120250.0
28763.0 119844.0
31937.0 119758.0
32934.0 119367.0
35187.0 119332.0
36184.0 118989.0
46779.0 118855.0

18092.0 123189.0
18545.0 122351.0
18596.0 122042.0
18615.0 121870.0
19946.0 121830.0
20838.0 121777.0
21266.0 121655.0
21342.0 120905.0
21638.0 120843.0
21708.0 120792.0
23950.0 120763.0
24516.0 120628.0
25513.0 120250.0
28763.0 119844.0
31937.0 119758.0
32934.0 119367.0
35187.0 119332.0
36184.0 118989.0
46779.0 118855.0

18092.0 123189.0
18545.0 122213.0
18596.0 121904.0
18615.0 121870.0
19946.0 121830.0
20838.0 121777.0
21266.0 121655.0
21342.0 120853.0
21638.0 120843.0
21708.0 120604.0
24516.0 120562.0
25513.0 120250.0
28687.0 120247.0
28763.0 119837.0
31937.0 119689.0
32934.0 119367.0
35187.0 119332.0
36184.0 118989.0
40355.0 118884.0
46779.0 118855.0
50029.0 118564.0

18092.0 123189.0
18545.0 122351.0
18596.0 122042.0
18615.0 121398.0
19912.0 121374.0
19946.0 121358.0
20387.0 121334.0
21266.0 121328.0
21342.0 120775.0
21708.0 120337.0
24516.0 120334.0
25513.0 120175.0
28763.0 119788.0
31937.0 119696.0
32934.0 119367.0
35187.0 119332.0
36184.0 118989.0
39358.0 118948.0
40355.0 118760.0
43605.0 118688.0
46779.0 118554.0

18092.0 123171.0
18545.0 122213.0
18596.0 121904.0
18615.0 121870.0
19946.0 121830.0
20766.0 121797.0
20838.0 121777.0
21266.0 121655.0
21342.0 120581.0
21708.0 120491.0
24516.0 120449.0
24820.0 120441.0
25513.0 120216.0
28687.0 120125.0
28763.0 119484.0
32013.0 119471.0
32934.0 119367.0
35187.0 119332.0
36184.0 118989.0
43605.0 118911.0
46779.0 118855.0

18092.0 123189.0
18545.0 122351.0
18596.0 122042.0
18615.0 121870.0
19946.0 121830.0
20838.0 121777.0
21266.0 121655.0
21342.0 120905.0
21638.0 120843.0
21708.0 120693.0
23950.0 120398.0
24750.0 120381.0
25513.0 120250.0
28687.0 120229.0
28763.0 119844.0
31006.0 119776.0
31937.0 119758.0
32013.0 119700.0
32934.0 119367.0
35187.0 119332.0
36184.0 118989.0
46779.0 118855.0

18092.0 123189.0
18545.0 122213.0
18596.0 122035.0
18615.0 121870.0
19112.0 121812.0
19946.0 121772.0
20766.0 121757.0
21266.0 121655.0
21342.0 120764.0
21708.0 120546.0
24016.0 120531.0
24516.0 120516.0
24750.0 120511.0
24801.0 120510.0
24820.0 120458.0
25513.0 120250.0
28763.0 119517.0
31437.0 119502.0
32934.0 119367.0
35187.0 119332.0
36184.0 118989.0
43605.0 118565.0

18092.0 123189.0
18545.0 122351.0
18596.0 122042.0
18615.0 121381.0
19912.0 121276.0
21266.0 121270.0
21342.0 120838.0
21708.0 120368.0
24516.0 120365.0
24750.0 120348.0
25513.0 120127.0
28763.0 119844.0
31006.0 119776.0
31937.0 119758.0
32013.0 119700.0
32934.0 119367.0
35187.0 119332.0
36184.0 118989.0
46779.0 118855.0

18092.0 122551.0
18545.0 122213.0
18596.0 121904.0
18615.0 121870.0
19946.0 121830.0
20766.0 121757.0
21266.0 121655.0
21342.0 120905.0
21638.0 120843.0
21708.0 120693.0
23950.0 120640.0
24016.0 120620.0
24516.0 120518.0
24801.0 120481.0
25513.0 120008.0
28687.0 119987.0
28763.0 119584.0
32858.0 119539.0
32934.0 119367.0
35187.0 119332.0
36184.0 118863.0
43605.0 118691.0

18092.0 122412.0
18545.0 122351.0
18596.0 121735.0
19912.0 121711.0
19946.0 121664.0
21266.0 121492.0
21342.0 120799.0
21638.0 120782.0
21708.0 120672.0
24516.0 120628.0
24750.0 120464.0
24801.0 120340.0
25513.0 119653.0
28763.0 119247.0
29684.0 119207.0
32934.0 118869.0
36184.0 118857.0
43605.0 118316.0


