21708.0 225636.0
22263.0 222101.0
24201.0 220871.0

23899.0 258173.0
24801.0 252108.0
26443.0 244256.0
29085.0 243915.0
29536.0 237577.0
29995.0 235431.0
31658.0 231027.0
33197.0 230139.0
36011.0 226434.0

23899.0 258173.0
24801.0 252108.0
26443.0 244256.0
29085.0 243915.0
29536.0 237577.0
29995.0 235431.0
31658.0 231027.0
33197.0 230139.0
36011.0 226434.0

23899.0 258173.0
24801.0 252108.0
26443.0 244256.0
29085.0 243915.0
29536.0 237577.0
29995.0 235431.0
31658.0 231027.0
33197.0 230139.0
36011.0 226434.0

23899.0 258173.0
24801.0 252108.0
26443.0 244256.0
29085.0 243915.0
29536.0 237577.0
29995.0 235431.0
31658.0 231027.0
33197.0 230139.0
36011.0 226434.0

23899.0 258173.0
24801.0 252108.0
26443.0 244256.0
29085.0 243915.0
29536.0 237577.0
29995.0 235431.0
31658.0 231027.0
33197.0 230139.0
36011.0 226434.0

23899.0 258173.0
24801.0 252108.0
26443.0 244256.0
29085.0 243915.0
29536.0 237577.0
29995.0 235431.0
31658.0 231027.0
33197.0 230139.0
36011.0 226434.0

23899.0 258173.0
24801.0 252108.0
26443.0 244256.0
29085.0 243915.0
29536.0 237577.0
29995.0 235431.0
31658.0 231027.0
33197.0 230139.0
36011.0 226434.0

23899.0 258173.0
24801.0 252108.0
26443.0 244256.0
29085.0 243915.0
29536.0 237577.0
29995.0 235431.0
31658.0 231027.0
33197.0 230139.0
36011.0 226434.0

23899.0 258173.0
24801.0 252108.0
26443.0 244256.0
29085.0 243915.0
29536.0 237577.0
29995.0 235431.0
31658.0 231027.0
33197.0 230139.0
36011.0 226434.0

23316.0 241551.0
27913.0 241341.0
29536.0 237577.0
29995.0 235431.0
31658.0 231027.0
33197.0 230139.0
36011.0 226434.0


