18545.0 210587.0
18596.0 208909.0
18671.0 207145.0
19146.0 207110.0
19505.0 206079.0
19769.0 206071.0
21342.0 205422.0
21638.0 204756.0
21708.0 204373.0
22263.0 203387.0
24016.0 203341.0
24592.0 202924.0
25513.0 200613.0
27894.0 200459.0
28763.0 200155.0
32013.0 199677.0
32934.0 199011.0
35608.0 199010.0
36108.0 199004.0
40355.0 198364.0
43605.0 198003.0
46279.0 197972.0

19145.0 219054.0
19247.0 217313.0
19471.0 215810.0
19746.0 214936.0
19980.0 213309.0
20742.0 212388.0
20838.0 211034.0
21108.0 209310.0
21342.0 206566.0
21661.0 206301.0
21689.0 205202.0
21708.0 204892.0
22495.0 204746.0
23550.0 204038.0
23950.0 203945.0
24937.0 203934.0
25437.0 203464.0
25513.0 202747.0
27842.0 202697.0
28763.0 202505.0
29684.0 202194.0
39434.0 202069.0

18922.0 215595.0
19146.0 209236.0
21266.0 207911.0
21342.0 205549.0
21689.0 205202.0
21708.0 204892.0
22263.0 204521.0
22495.0 204301.0
23550.0 204038.0
23950.0 203945.0
24937.0 203908.0
25437.0 203138.0
25513.0 202747.0
27842.0 202591.0
28763.0 202499.0
29684.0 202159.0
31861.0 202037.0

18596.0 217113.0
18856.0 210312.0
19146.0 209236.0
19313.0 209012.0
19946.0 207878.0
20421.0 206171.0
20827.0 206136.0
21342.0 204746.0
21689.0 204417.0
22263.0 203452.0
25437.0 203151.0
25513.0 202419.0
28763.0 201876.0
35263.0 201711.0
43605.0 201706.0

18856.0 210744.0
19912.0 210606.0
19980.0 209705.0
20766.0 209190.0
21266.0 209148.0
21342.0 204097.0
21708.0 203496.0
24516.0 203422.0
24592.0 202498.0
28763.0 202004.0
31361.0 201955.0
32013.0 201860.0
36184.0 201665.0

18446.0 223658.0
18856.0 210744.0
19112.0 208136.0
20089.0 207451.0
20857.0 207272.0
21266.0 206993.0
21342.0 204476.0
21638.0 204070.0
21689.0 203981.0
21708.0 203893.0
22263.0 203679.0
23950.0 203625.0
24592.0 202664.0
24801.0 202361.0
28763.0 202243.0
29684.0 202087.0
32934.0 202033.0
34687.0 201929.0
38361.0 201905.0

18922.0 215603.0
19505.0 213048.0
20742.0 212388.0
20838.0 209584.0
21108.0 209310.0
21266.0 208410.0
21342.0 205647.0
21638.0 204237.0
21689.0 203587.0
21708.0 203542.0
23931.0 203157.0
24782.0 202910.0
25437.0 202194.0
27690.0 201995.0
28687.0 201869.0
28763.0 201621.0
32013.0 201366.0
35111.0 201122.0

18856.0 218182.0
18922.0 215603.0
19169.0 215085.0
19379.0 212386.0
19471.0 211088.0
19505.0 210824.0
19587.0 208282.0
20838.0 207253.0
21266.0 205272.0
21342.0 203991.0
21638.0 203789.0
21708.0 203397.0
22263.0 202976.0
24592.0 202433.0
24750.0 202381.0
25513.0 202329.0
27913.0 202296.0
28687.0 202141.0
28763.0 202018.0
29684.0 201264.0
32013.0 201021.0
35111.0 200901.0

18922.0 215603.0
19505.0 213048.0
20742.0 212388.0
20838.0 209584.0
21108.0 209310.0
21342.0 206566.0
21661.0 206301.0
21689.0 204958.0
21708.0 204892.0
22263.0 203936.0
23931.0 203157.0
25513.0 202513.0
28763.0 202470.0
29684.0 202159.0
32013.0 202127.0
34687.0 202046.0
35111.0 201572.0

18856.0 213062.0
19471.0 209685.0
19946.0 209314.0
20766.0 208792.0
21342.0 206141.0
21568.0 205836.0
21657.0 205646.0
21689.0 204934.0
21708.0 204719.0
22263.0 203960.0
23931.0 203850.0
24592.0 202844.0
25513.0 202514.0
27043.0 202453.0
28763.0 202290.0
29684.0 202159.0
31937.0 202047.0
34687.0 201837.0
39434.0 201574.0
46855.0 201282.0

18615.0 207639.0
18671.0 207211.0
19912.0 207120.0
19946.0 206860.0
20766.0 206641.0
21342.0 204351.0
21708.0 201887.0
24801.0 201404.0
25513.0 200613.0
27913.0 200204.0
28687.0 199938.0
29684.0 199735.0
35111.0 199330.0
35187.0 198889.0
41611.0 197551.0


