20766.0 229808.0
22263.0 223950.0
23480.0 223884.0
23531.0 222588.0
24128.0 221741.0
28687.0 221164.0
29633.0 221015.0
29684.0 220296.0
30813.0 219420.0

24237.0 249731.0
24263.0 247476.0
24801.0 244469.0
25010.0 233467.0
26643.0 232403.0
27313.0 231022.0

24237.0 249731.0
24263.0 247476.0
24801.0 244469.0
25010.0 233467.0
26643.0 232403.0
27313.0 231022.0

24237.0 249731.0
24263.0 247476.0
24801.0 244469.0
25010.0 233467.0
26643.0 232403.0
27313.0 231022.0

24237.0 249731.0
24263.0 247476.0
24801.0 244469.0
25010.0 233467.0
26643.0 232403.0
27313.0 231022.0

24237.0 249731.0
24263.0 247476.0
24801.0 244469.0
25010.0 233467.0
26643.0 232403.0
27313.0 231022.0

24237.0 249731.0
24263.0 247476.0
24801.0 244469.0
25010.0 233467.0
26643.0 232403.0
27313.0 231022.0

24237.0 249731.0
24263.0 247476.0
24801.0 244469.0
25010.0 233467.0
26643.0 232403.0
27313.0 231022.0

24237.0 249731.0
24263.0 247476.0
24801.0 244469.0
25010.0 233467.0
26643.0 232403.0
27313.0 231022.0

24237.0 249731.0
24263.0 247476.0
24801.0 244469.0
25010.0 233467.0
26643.0 232403.0
27313.0 231022.0

24237.0 249731.0
24263.0 247476.0
24801.0 244469.0
25010.0 233467.0
26643.0 232403.0
27313.0 231022.0


