16515.0 41920.0
16816.0 41481.0
17516.0 41249.0
18016.0 41168.0
18092.0 40618.0
18526.0 40596.0
18596.0 40337.0
19912.0 40313.0
21266.0 40310.0
21342.0 40064.0
21708.0 39975.0
24516.0 39972.0
24592.0 39915.0
24820.0 39865.0
25513.0 39758.0
27894.0 39757.0
28687.0 39754.0
28763.0 39631.0
31937.0 39628.0
32013.0 39572.0
32934.0 39511.0
36108.0 39508.0
36184.0 39385.0
39358.0 39382.0
39434.0 39326.0
40355.0 39278.0
43605.0 39152.0
46779.0 39149.0
46855.0 39093.0
50029.0 39090.0
50105.0 39058.0
57526.0 38976.0

16290.0 49741.0
16515.0 41492.0
16595.0 41260.0
17095.0 41197.0
17171.0 40744.0
18092.0 40466.0
18545.0 40444.0
18596.0 40337.0
19912.0 40313.0
21266.0 40310.0
21342.0 40064.0
21708.0 39975.0
24516.0 39974.0
24592.0 39916.0
25513.0 39782.0
28763.0 39631.0
32013.0 39596.0
32934.0 39576.0
36184.0 39385.0

16290.0 49741.0
16515.0 41492.0
16595.0 41260.0
17095.0 41197.0
17171.0 40744.0
18092.0 40466.0
18545.0 40444.0
18596.0 40337.0
19912.0 40313.0
21266.0 40310.0
21342.0 40064.0
21708.0 39975.0
24516.0 39974.0
24592.0 39916.0
24820.0 39889.0
25513.0 39758.0
27894.0 39757.0
28763.0 39631.0
32013.0 39596.0
32934.0 39524.0
36184.0 39385.0
40355.0 39278.0
43605.0 39176.0

16136.0 49958.0
16290.0 48894.0
16495.0 47226.0
16515.0 41334.0
16595.0 41102.0
17095.0 41039.0
17171.0 40744.0
18092.0 40466.0
18545.0 40444.0
18596.0 40337.0
19912.0 40313.0
21266.0 40310.0
21342.0 40064.0
21708.0 39975.0
24516.0 39972.0
24592.0 39916.0
24820.0 39889.0
25513.0 39758.0
28687.0 39754.0
28763.0 39631.0
31937.0 39629.0
32013.0 39596.0
32934.0 39512.0
36184.0 39385.0
39358.0 39383.0
39434.0 39380.0

16290.0 49741.0
16515.0 41267.0
16595.0 41035.0
17095.0 40954.0
17171.0 40744.0
18092.0 40466.0
18545.0 40444.0
18596.0 40337.0
19912.0 40313.0
21266.0 40310.0
21342.0 40064.0
21708.0 39975.0
24516.0 39974.0
24592.0 39916.0
25513.0 39758.0
28763.0 39631.0
32013.0 39596.0
32934.0 39524.0
36184.0 39385.0
40355.0 39278.0
43605.0 39176.0

16290.0 49741.0
16494.0 46456.0
16515.0 41492.0
16595.0 41260.0
17095.0 41197.0
17171.0 40744.0
18092.0 40466.0
18545.0 40444.0
18596.0 40337.0
19912.0 40313.0
21266.0 40310.0
21342.0 40064.0
21708.0 39975.0
24516.0 39972.0
24592.0 39915.0
24820.0 39865.0
25513.0 39758.0
28763.0 39631.0
31937.0 39629.0
32013.0 39572.0
32934.0 39524.0
36184.0 39385.0
39358.0 39384.0
39434.0 39350.0
40355.0 39278.0
43605.0 39176.0

16290.0 49741.0
16515.0 41492.0
16595.0 41260.0
17095.0 41197.0
17171.0 40744.0
18092.0 40466.0
18545.0 40444.0
18596.0 40337.0
19912.0 40313.0
21266.0 40310.0
21342.0 40064.0
21708.0 39975.0
24516.0 39972.0
24592.0 39916.0
24820.0 39865.0
25513.0 39758.0
27894.0 39757.0
28763.0 39631.0
31937.0 39628.0
32013.0 39573.0
32934.0 39512.0
36184.0 39385.0
39434.0 39350.0
40355.0 39278.0
43605.0 39152.0
46855.0 39117.0
50029.0 39116.0

16290.0 49741.0
16515.0 41448.0
16595.0 41053.0
17095.0 40954.0
17171.0 40744.0
18092.0 40466.0
18545.0 40444.0
18596.0 40337.0
19912.0 40313.0
21266.0 40310.0
21342.0 40064.0
21708.0 39975.0
24516.0 39974.0
24592.0 39916.0
24820.0 39865.0
25513.0 39758.0
27894.0 39757.0
28763.0 39631.0
31937.0 39628.0
32013.0 39572.0
32934.0 39512.0
36184.0 39385.0
39434.0 39350.0
40355.0 39278.0
43605.0 39152.0
46855.0 39117.0
50029.0 39116.0

16290.0 49741.0
16515.0 41267.0
16595.0 41035.0
17171.0 40744.0
18092.0 40466.0
18545.0 40444.0
18596.0 40337.0
19912.0 40313.0
21266.0 40310.0
21342.0 40064.0
21708.0 39975.0
24516.0 39974.0
24592.0 39916.0
24820.0 39865.0
25513.0 39758.0
27894.0 39757.0
28763.0 39631.0
31937.0 39628.0
32013.0 39573.0
32934.0 39512.0
36184.0 39385.0
39434.0 39363.0
40355.0 39278.0
43605.0 39152.0

16290.0 49741.0
16494.0 46456.0
16515.0 41492.0
16595.0 41260.0
17095.0 41197.0
17171.0 40744.0
18092.0 40466.0
18545.0 40444.0
18596.0 40337.0
19912.0 40313.0
21266.0 40310.0
21342.0 40064.0
21708.0 39975.0
24516.0 39972.0
24592.0 39915.0
24820.0 39865.0
25513.0 39758.0
27894.0 39757.0
28763.0 39631.0
31937.0 39628.0
32013.0 39573.0
32934.0 39512.0
36184.0 39385.0
39434.0 39350.0
40355.0 39278.0
43605.0 39152.0

16290.0 49055.0
16494.0 47565.0
16495.0 47226.0
16515.0 41267.0
16595.0 41035.0
17095.0 40954.0
17171.0 40744.0
18092.0 40466.0
18545.0 40444.0
18596.0 40337.0
19912.0 40313.0
21266.0 40310.0
21342.0 40064.0
21708.0 39975.0
24516.0 39972.0
24592.0 39915.0
24820.0 39865.0
25513.0 39758.0
28687.0 39755.0
28763.0 39631.0
32013.0 39573.0
32934.0 39512.0
36184.0 39385.0
39434.0 39327.0
40355.0 39303.0
43529.0 39278.0
43605.0 39153.0
46779.0 39152.0
46855.0 39093.0
51026.0 39071.0
54200.0 39070.0


