22020.0 223975.0
23240.0 222474.0
24176.0 219595.0
24820.0 218746.0
27487.0 216801.0

21708.0 244369.0
22020.0 236608.0
25513.0 233939.0
28163.0 233569.0

21708.0 244369.0
22020.0 236608.0
25513.0 233939.0
28163.0 233569.0

21708.0 244369.0
22020.0 236608.0
25513.0 233939.0
28163.0 233569.0

21708.0 244369.0
22020.0 236608.0
25513.0 233939.0
28163.0 233569.0

21708.0 244369.0
22020.0 236608.0
25513.0 233939.0
28163.0 233569.0

21708.0 244369.0
22020.0 236608.0
24750.0 235260.0
25513.0 233939.0
28163.0 233569.0
30955.0 232031.0

21657.0 256795.0
21708.0 244369.0
22020.0 236608.0
25513.0 233939.0
28163.0 233569.0

21708.0 244369.0
22020.0 236608.0
25513.0 233939.0
28163.0 233569.0

21708.0 244369.0
22020.0 236608.0
25513.0 233939.0
28163.0 233569.0

21708.0 244369.0
22020.0 236608.0
25513.0 233939.0
28163.0 233569.0


