18092.0 123930.0
18596.0 122263.0
19112.0 121855.0
19912.0 121744.0
19946.0 121679.0
21266.0 121676.0
21342.0 121038.0
21708.0 120886.0
24440.0 120885.0
24592.0 120738.0
24801.0 120726.0
24820.0 120484.0
25513.0 119752.0
27842.0 119604.0
28187.0 119589.0
28763.0 119432.0
32013.0 119136.0

18092.0 126893.0
18596.0 122882.0
18615.0 121785.0
20387.0 121761.0
21342.0 121382.0
21638.0 121195.0
21708.0 120835.0
24516.0 120523.0
24592.0 120397.0
27913.0 120163.0
28687.0 120126.0
28763.0 119835.0
31937.0 119795.0
32013.0 119687.0
36108.0 119464.0
49453.0 119314.0

18092.0 126893.0
18596.0 122882.0
18615.0 121785.0
20387.0 121761.0
21342.0 121122.0
21708.0 120835.0
24016.0 120738.0
24516.0 120523.0
24592.0 120375.0
27894.0 120246.0
27913.0 120139.0
28687.0 120000.0
28763.0 119835.0
31937.0 119795.0
32013.0 119499.0
36108.0 119464.0
49453.0 119314.0

18092.0 126893.0
18596.0 122882.0
18615.0 121785.0
20387.0 121761.0
21342.0 121382.0
21638.0 121195.0
21708.0 120835.0
24516.0 120523.0
24592.0 120397.0
27913.0 120139.0
28687.0 120102.0
28763.0 119835.0
31937.0 119795.0
32013.0 119687.0
36108.0 119464.0
49453.0 119314.0

18092.0 126893.0
18596.0 122882.0
18615.0 121785.0
20387.0 121761.0
21266.0 121736.0
21342.0 121382.0
21638.0 121195.0
21708.0 120559.0
24516.0 120523.0
24592.0 120397.0
27913.0 120069.0
28763.0 119818.0
31937.0 119795.0
32013.0 119687.0
36108.0 119464.0
36184.0 119394.0
49453.0 119314.0

18092.0 126893.0
18596.0 122882.0
18615.0 121785.0
20387.0 121761.0
21342.0 121382.0
21638.0 121195.0
21708.0 120835.0
24516.0 120523.0
24592.0 120397.0
24750.0 120256.0
27913.0 120139.0
28687.0 120102.0
28763.0 119792.0
32013.0 119666.0
32934.0 119535.0
36108.0 119464.0
36184.0 119406.0
49453.0 119314.0

18092.0 126893.0
18596.0 122882.0
18615.0 121785.0
20387.0 121761.0
21342.0 121362.0
21638.0 121195.0
21708.0 120835.0
24016.0 120738.0
24516.0 120523.0
24592.0 120375.0
25513.0 120054.0
27913.0 119930.0
28687.0 119929.0
28763.0 119835.0
29684.0 119740.0
32013.0 119482.0
32934.0 119318.0
36108.0 119092.0
36184.0 119048.0
38782.0 119047.0
43029.0 118886.0
46203.0 118885.0

18092.0 126893.0
18596.0 122882.0
18615.0 121785.0
20387.0 121761.0
21342.0 121362.0
21638.0 121195.0
21708.0 120573.0
24516.0 120523.0
24592.0 120249.0
25513.0 120244.0
27913.0 120103.0
28687.0 119896.0
28763.0 119597.0
32013.0 119356.0
32934.0 119325.0
36184.0 119279.0
38782.0 119208.0
42684.0 119093.0
43029.0 118886.0
46203.0 118885.0

18092.0 126893.0
18596.0 122882.0
18615.0 121785.0
20387.0 121761.0
21342.0 121189.0
21708.0 120835.0
24016.0 120738.0
24516.0 120523.0
24592.0 120375.0
25513.0 120054.0
27913.0 119930.0
28687.0 119929.0
28763.0 119835.0
29684.0 119740.0
32013.0 119482.0
32934.0 119318.0
36108.0 119092.0
36184.0 119048.0
38782.0 119047.0
43029.0 118886.0
46203.0 118885.0

18092.0 126893.0
18596.0 122882.0
18615.0 121785.0
20387.0 121761.0
21342.0 121362.0
21638.0 121195.0
21708.0 120835.0
24016.0 120738.0
24516.0 120523.0
24592.0 120375.0
25513.0 120213.0
27913.0 120139.0
28687.0 120102.0
28763.0 119835.0
31937.0 119795.0
32013.0 119482.0
36108.0 119464.0
49453.0 119314.0

18092.0 126333.0
18596.0 122057.0
18615.0 121745.0
20387.0 121721.0
21342.0 120767.0
21708.0 120573.0
23950.0 120451.0
24592.0 120397.0
24820.0 120134.0
27913.0 120084.0
28687.0 119889.0
28763.0 119692.0
31937.0 119570.0
32013.0 119359.0
32934.0 119199.0
36184.0 118427.0


