23931.0 229170.0
24237.0 224100.0
25485.0 221598.0

22020.0 255593.0
24176.0 254740.0
24201.0 253415.0
24750.0 251662.0
24913.0 241636.0
27587.0 241012.0
29155.0 238769.0
30161.0 235524.0
30861.0 234608.0
33146.0 232207.0

22020.0 255593.0
24176.0 254740.0
24201.0 253415.0
24750.0 251662.0
24913.0 241636.0
27587.0 241012.0
29155.0 238769.0
30161.0 235524.0
30861.0 234608.0
33146.0 232207.0

22020.0 255593.0
24176.0 254740.0
24201.0 253415.0
24750.0 251662.0
24913.0 241636.0
27587.0 241012.0
29155.0 238769.0
30161.0 235524.0
30861.0 234608.0
33146.0 232207.0

22020.0 255593.0
24176.0 254740.0
24201.0 253415.0
24750.0 251662.0
24913.0 241636.0
27587.0 241012.0
29155.0 238769.0
30161.0 235524.0
30861.0 234608.0
33146.0 232207.0

22020.0 255593.0
24176.0 254740.0
24201.0 253415.0
24750.0 251662.0
24913.0 241636.0
27587.0 241012.0
29155.0 238769.0
30161.0 235524.0
30861.0 234608.0
33146.0 232207.0

22020.0 255593.0
24176.0 254740.0
24201.0 253415.0
24750.0 251662.0
24913.0 241636.0
27587.0 241012.0
29155.0 238769.0
30161.0 235524.0
30861.0 234608.0
33146.0 232207.0

22020.0 255593.0
24176.0 254740.0
24201.0 253415.0
24750.0 251662.0
24913.0 241636.0
27587.0 241012.0
29155.0 238769.0
30161.0 235524.0
30861.0 234608.0
33146.0 232207.0

22020.0 255593.0
24176.0 254740.0
24201.0 253415.0
24750.0 251662.0
24913.0 241636.0
27587.0 241012.0
29155.0 238769.0
30161.0 235524.0
30861.0 234608.0
33146.0 232207.0

22020.0 255593.0
24176.0 254740.0
24201.0 253415.0
24750.0 251662.0
24913.0 241636.0
27587.0 241012.0
29155.0 238769.0
30161.0 235524.0
30861.0 234608.0
33146.0 232207.0

22020.0 255593.0
24176.0 254740.0
24201.0 253415.0
24750.0 251662.0
24913.0 241636.0
27587.0 241012.0
29155.0 238769.0
30161.0 235524.0
30861.0 234608.0
33146.0 232207.0


