18922.0 216764.0
19505.0 213155.0
20345.0 212667.0
20787.0 211687.0
21089.0 210977.0
21342.0 206462.0
21708.0 205294.0
22263.0 203574.0
23880.0 203540.0
24016.0 202961.0
25513.0 202212.0
26592.0 202197.0
28687.0 202155.0
29684.0 201644.0
32858.0 201500.0
32934.0 201270.0

19505.0 222132.0
19946.0 218614.0
20066.0 216839.0
20438.0 213463.0
20742.0 213325.0
21138.0 210910.0
21266.0 210031.0
21342.0 206566.0
21689.0 205202.0
21708.0 204892.0
22495.0 204746.0
24016.0 204638.0
24516.0 204269.0
24801.0 204186.0
25513.0 202747.0
27842.0 202697.0
28763.0 202505.0
29684.0 202194.0
42684.0 202117.0

19505.0 222132.0
19946.0 218614.0
20066.0 216839.0
20438.0 213463.0
20742.0 213325.0
21138.0 210910.0
21266.0 210031.0
21342.0 206043.0
21689.0 205202.0
21708.0 204892.0
22263.0 204292.0
22495.0 204072.0
23499.0 204068.0
24516.0 204009.0
24592.0 202843.0
24750.0 202540.0
27842.0 202278.0
28187.0 202173.0
28687.0 202074.0
28763.0 201314.0
35263.0 201038.0
42684.0 200995.0
43529.0 200711.0
43605.0 200343.0
46779.0 200060.0

19313.0 217088.0
19505.0 216094.0
20421.0 209650.0
20766.0 208162.0
21342.0 205479.0
21689.0 204831.0
21708.0 204648.0
22263.0 203737.0
24016.0 203678.0
24592.0 202635.0
25513.0 202329.0
28763.0 201916.0
35263.0 201817.0

19313.0 215001.0
19471.0 214650.0
20438.0 213463.0
20742.0 212718.0
21138.0 210910.0
21266.0 210031.0
21342.0 205810.0
21689.0 204808.0
21708.0 204625.0
22263.0 203999.0
22495.0 203779.0
24592.0 203744.0
24801.0 203567.0
25513.0 202702.0
27842.0 202697.0
28763.0 202004.0
31361.0 201955.0
35263.0 201943.0

18615.0 214830.0
18671.0 213149.0
19313.0 213022.0
19505.0 211073.0
20066.0 210580.0
20742.0 208382.0
20838.0 206432.0
21266.0 206397.0
21342.0 204471.0
21638.0 204459.0
21708.0 203892.0
22495.0 203682.0
24750.0 203363.0
25513.0 202696.0
27913.0 202574.0
28763.0 202335.0
29684.0 202060.0
34687.0 201929.0

19505.0 222132.0
19946.0 218614.0
20066.0 216839.0
20438.0 213463.0
20742.0 213325.0
21138.0 210910.0
21266.0 210031.0
21342.0 206566.0
21689.0 204958.0
21708.0 204892.0
22263.0 204588.0
22495.0 204368.0
24516.0 204169.0
24592.0 203768.0
25513.0 202747.0
27842.0 202697.0
28763.0 202470.0
29684.0 202159.0
34687.0 202046.0

19505.0 220097.0
19946.0 218614.0
20066.0 216839.0
20142.0 215525.0
20238.0 214765.0
20438.0 213463.0
20742.0 213227.0
20827.0 212985.0
21138.0 210910.0
21266.0 210031.0
21342.0 204832.0
21708.0 203848.0
22263.0 203003.0
25513.0 202747.0
27043.0 202369.0
29684.0 202194.0
32013.0 202130.0
32934.0 202033.0
34687.0 201829.0

19505.0 222132.0
19946.0 218614.0
20066.0 216839.0
20438.0 213463.0
20742.0 213325.0
21138.0 210910.0
21266.0 210031.0
21342.0 206566.0
21689.0 204958.0
21708.0 204892.0
22263.0 204588.0
22495.0 204368.0
24516.0 204169.0
24592.0 203768.0
25513.0 202747.0
27842.0 202697.0
28763.0 202470.0
29684.0 202159.0
34687.0 202046.0

19505.0 220097.0
19946.0 218614.0
20066.0 216839.0
20438.0 213463.0
20742.0 213325.0
21138.0 210910.0
21266.0 210031.0
21342.0 206566.0
21689.0 204836.0
21708.0 203848.0
22263.0 203003.0
25513.0 202747.0
27043.0 202369.0
29684.0 202194.0
32013.0 202130.0
32934.0 202033.0
34687.0 201829.0

19471.0 210110.0
19946.0 209525.0
21266.0 208457.0
21342.0 204503.0
21708.0 204490.0
22263.0 203880.0
24016.0 203833.0
24516.0 203509.0
24592.0 202944.0
25513.0 200527.0
28763.0 199421.0


