16023.0 43595.0
16156.0 43187.0
16595.0 42919.0
16816.0 41954.0
16990.0 41926.0
17171.0 41475.0
18092.0 40646.0
18545.0 40629.0
18596.0 40337.0
19912.0 40313.0
21266.0 40312.0
21342.0 40187.0
21708.0 39975.0
24516.0 39972.0
24592.0 39915.0
24820.0 39865.0
25513.0 39758.0
28763.0 39632.0
32013.0 39597.0
32934.0 39512.0
36184.0 39386.0
40355.0 39348.0
43605.0 39153.0

16515.0 41815.0
16571.0 41792.0
16595.0 41420.0
17171.0 40744.0
18092.0 40606.0
18545.0 40584.0
18596.0 40528.0
19912.0 40504.0
20421.0 40467.0
21342.0 40186.0
21657.0 40106.0
21708.0 39975.0
24801.0 39974.0
25513.0 39817.0
27894.0 39816.0
28763.0 39632.0
32934.0 39571.0
36184.0 39410.0

16515.0 41815.0
16571.0 41792.0
16595.0 41420.0
17171.0 40744.0
18092.0 40606.0
18545.0 40584.0
18596.0 40528.0
19912.0 40504.0
20421.0 40443.0
21342.0 40064.0
21708.0 39975.0
24516.0 39974.0
24592.0 39939.0
25513.0 39817.0
27894.0 39816.0
28763.0 39632.0
32934.0 39571.0
36184.0 39410.0

16515.0 41815.0
16571.0 41792.0
16595.0 41350.0
17095.0 41251.0
17171.0 40744.0
18092.0 40496.0
18545.0 40474.0
18596.0 40337.0
19912.0 40313.0
21266.0 40310.0
21342.0 40064.0
21708.0 39975.0
24516.0 39974.0
24592.0 39939.0
25513.0 39758.0
28763.0 39632.0
31937.0 39631.0
32013.0 39596.0
32934.0 39512.0
36184.0 39386.0
39434.0 39363.0

16515.0 41815.0
16571.0 41792.0
16595.0 41420.0
17171.0 40744.0
18092.0 40606.0
18545.0 40584.0
18596.0 40528.0
19912.0 40504.0
20421.0 40443.0
21342.0 40064.0
21708.0 39975.0
24516.0 39974.0
24592.0 39939.0
25513.0 39817.0
27894.0 39816.0
28763.0 39632.0
32934.0 39571.0
36184.0 39410.0

16515.0 41815.0
16571.0 41792.0
16595.0 41420.0
17171.0 40744.0
18092.0 40496.0
18545.0 40474.0
18596.0 40367.0
19912.0 40343.0
21342.0 40064.0
21708.0 39975.0
24516.0 39974.0
24592.0 39939.0
25513.0 39758.0
28763.0 39632.0
32934.0 39512.0
36184.0 39410.0
40355.0 39384.0

16515.0 41815.0
16571.0 41792.0
16595.0 41420.0
17171.0 40744.0
18092.0 40606.0
18545.0 40584.0
18596.0 40528.0
18615.0 40443.0
20387.0 40419.0
21266.0 40418.0
21342.0 40064.0
21708.0 39975.0
24516.0 39974.0
24592.0 39915.0
25513.0 39817.0
27894.0 39816.0
28763.0 39632.0
32013.0 39573.0
32934.0 39571.0
35263.0 39561.0
36184.0 39399.0
39434.0 39363.0
42684.0 39291.0
46855.0 39117.0

16515.0 41815.0
16571.0 41792.0
16595.0 41420.0
17171.0 40744.0
18092.0 40496.0
18545.0 40474.0
18596.0 40337.0
19912.0 40313.0
21266.0 40310.0
21342.0 40064.0
21708.0 39975.0
24516.0 39974.0
24592.0 39915.0
24820.0 39884.0
25513.0 39758.0
28687.0 39757.0
28763.0 39632.0
31937.0 39631.0
32013.0 39573.0
32934.0 39512.0
36184.0 39386.0
39434.0 39351.0
40355.0 39303.0
46855.0 39117.0

16515.0 41815.0
16571.0 41792.0
16595.0 41420.0
17171.0 40744.0
18092.0 40606.0
18545.0 40584.0
18596.0 40528.0
18615.0 40443.0
20387.0 40419.0
21266.0 40418.0
21342.0 40064.0
21708.0 39975.0
24516.0 39974.0
24592.0 39915.0
25513.0 39817.0
27894.0 39816.0
28763.0 39632.0
32013.0 39573.0
32934.0 39571.0
35263.0 39561.0
36184.0 39399.0
39434.0 39363.0
42684.0 39291.0
46855.0 39117.0

16515.0 41815.0
16571.0 41792.0
16595.0 41420.0
17171.0 40744.0
18092.0 40496.0
18545.0 40474.0
18596.0 40337.0
19912.0 40313.0
21266.0 40312.0
21342.0 40064.0
21708.0 39975.0
24516.0 39974.0
24592.0 39915.0
25513.0 39758.0
27894.0 39757.0
28763.0 39632.0
32013.0 39573.0
32934.0 39512.0
36184.0 39399.0
39434.0 39363.0
40355.0 39279.0
46855.0 39117.0

16515.0 41563.0
16595.0 41168.0
17095.0 41069.0
17171.0 40744.0
18092.0 40466.0
18545.0 40444.0
18596.0 40337.0
19912.0 40313.0
21266.0 40310.0
21342.0 40064.0
21708.0 39975.0
24516.0 39972.0
24592.0 39915.0
24820.0 39889.0
25513.0 39758.0
27894.0 39757.0
28763.0 39631.0
31937.0 39629.0
32013.0 39596.0
32934.0 39512.0
36184.0 39386.0
39358.0 39385.0
40355.0 39279.0
43605.0 39222.0
46779.0 39150.0
51026.0 39071.0


