18092.0 123720.0
18596.0 122040.0
19112.0 122030.0
19912.0 121990.0
20838.0 121989.0
21266.0 121919.0
21342.0 120826.0
21708.0 120377.0
24516.0 120342.0
24592.0 120282.0
25513.0 120038.0
27766.0 119933.0
27894.0 119620.0
28763.0 119546.0
31937.0 119496.0
32013.0 119276.0
32934.0 119043.0
35187.0 119022.0
36184.0 118622.0
39434.0 118518.0
40355.0 118505.0
43605.0 118192.0
46855.0 118088.0
51026.0 117924.0

18545.0 124253.0
18596.0 122637.0
18615.0 121816.0
19912.0 121768.0
21266.0 121743.0
21342.0 121078.0
21657.0 121016.0
21708.0 120802.0
24592.0 120766.0
24801.0 120520.0
25513.0 120497.0
28763.0 120095.0
30885.0 120060.0
32013.0 119800.0

18545.0 124253.0
18596.0 122637.0
18615.0 121816.0
19912.0 121768.0
21266.0 121743.0
21342.0 121078.0
21657.0 121016.0
21708.0 120802.0
24592.0 120766.0
24699.0 120552.0
24801.0 120428.0
27766.0 120393.0
28763.0 119435.0
32013.0 119376.0
36184.0 119313.0
39434.0 118925.0

18545.0 124253.0
18596.0 122637.0
18615.0 121816.0
19912.0 121768.0
21266.0 121743.0
21342.0 121063.0
21657.0 121016.0
21708.0 120802.0
24516.0 120729.0
24592.0 120614.0
24699.0 120551.0
24801.0 120520.0
25513.0 120497.0
27913.0 120489.0
28763.0 120095.0
30885.0 120060.0
32013.0 119800.0

18545.0 124253.0
18596.0 121784.0
18615.0 121755.0
19912.0 121731.0
21266.0 121701.0
21342.0 121063.0
21657.0 121016.0
21708.0 120732.0
24516.0 120729.0
24592.0 120538.0
24801.0 120520.0
25513.0 120373.0
27913.0 120293.0
28763.0 120077.0
30885.0 120060.0
32013.0 119800.0
39434.0 119760.0

18092.0 126119.0
18545.0 123634.0
18596.0 122637.0
18615.0 121816.0
19912.0 121768.0
21266.0 121743.0
21342.0 120973.0
21708.0 120732.0
24516.0 120729.0
24592.0 120583.0
24699.0 120551.0
24801.0 120520.0
25513.0 120497.0
27843.0 120470.0
28687.0 120287.0
28763.0 119971.0
32013.0 119800.0

18545.0 124253.0
18596.0 122637.0
18615.0 121816.0
19912.0 121768.0
21266.0 121743.0
21342.0 121078.0
21657.0 120951.0
21708.0 120802.0
24592.0 120614.0
24699.0 120551.0
24801.0 120520.0
25513.0 120497.0
27843.0 120487.0
28763.0 120095.0
30885.0 120060.0
32013.0 119800.0

18092.0 126119.0
18545.0 124253.0
18596.0 122438.0
18615.0 121816.0
19912.0 121768.0
21266.0 121743.0
21342.0 121013.0
21657.0 120951.0
21708.0 120732.0
24516.0 120729.0
24592.0 120583.0
24699.0 120551.0
24801.0 120520.0
25513.0 120435.0
28763.0 119906.0
32013.0 119800.0
36184.0 119595.0

18092.0 125549.0
18545.0 124253.0
18596.0 122331.0
18615.0 121409.0
20387.0 121385.0
21342.0 120650.0
21708.0 120422.0
24592.0 120348.0
24801.0 120235.0
25513.0 119956.0
27894.0 119905.0
28763.0 119372.0
30955.0 119321.0
32013.0 119088.0
36184.0 119061.0

18092.0 127300.0
18545.0 124253.0
18596.0 122499.0
18615.0 121816.0
19912.0 121768.0
21266.0 121743.0
21342.0 121013.0
21657.0 120951.0
21708.0 120732.0
24516.0 120729.0
24592.0 120541.0
24801.0 120520.0
25513.0 120379.0
27843.0 120150.0
27913.0 120099.0
28763.0 119917.0
32013.0 119764.0
36184.0 119686.0
39434.0 119531.0

18092.0 123839.0
18545.0 122848.0
18596.0 121296.0
21342.0 120879.0
21657.0 120795.0
21708.0 120681.0
24592.0 120499.0
24750.0 120482.0
24801.0 120370.0
25513.0 119574.0
28763.0 119482.0
32013.0 119198.0
36184.0 118938.0
39434.0 118863.0


