18092.0 213177.0
18545.0 212621.0
18596.0 208786.0
19112.0 207786.0
19505.0 207587.0
20066.0 207511.0
20838.0 207263.0
21342.0 207023.0
21638.0 207019.0
21689.0 205467.0
21708.0 204376.0
22263.0 203427.0
23240.0 203370.0
23950.0 203304.0
24592.0 202326.0
24801.0 202175.0
24937.0 201743.0
25513.0 200779.0
27862.0 200634.0
32013.0 199918.0
32934.0 199720.0
34687.0 199605.0
35608.0 199466.0
40355.0 199096.0
47776.0 198974.0

19112.0 209549.0
19946.0 209351.0
20766.0 209262.0
20787.0 207988.0
20838.0 207358.0
21342.0 206374.0
21638.0 205447.0
21689.0 205286.0
21708.0 205005.0
22263.0 204109.0
24516.0 204009.0
24592.0 203245.0
24801.0 202794.0
27690.0 202532.0
27766.0 202482.0
28763.0 202184.0
29684.0 202064.0
31016.0 201754.0
31437.0 201596.0
35263.0 201469.0

19112.0 209549.0
19146.0 206666.0
19505.0 206067.0
20857.0 205681.0
21342.0 204367.0
21627.0 204041.0
24516.0 203640.0
24592.0 202705.0
27266.0 202449.0
27766.0 201873.0
29684.0 201581.0
32013.0 201328.0
36184.0 201135.0

18615.0 211658.0
19112.0 209549.0
19247.0 208534.0
19505.0 206067.0
20857.0 205707.0
21342.0 204597.0
21689.0 204441.0
21708.0 204244.0
22263.0 203454.0
22902.0 203263.0
24592.0 202705.0
25513.0 202683.0
27266.0 202449.0
27766.0 201873.0
28763.0 201797.0
29684.0 201581.0
35263.0 201469.0
36184.0 201135.0
38858.0 201095.0

18615.0 207121.0
19471.0 205901.0
20766.0 205861.0
20857.0 205707.0
21342.0 204597.0
21708.0 204244.0
22263.0 204109.0
24516.0 203347.0
24592.0 202705.0
27266.0 202449.0
27766.0 201873.0
29684.0 201581.0
35263.0 201469.0
36184.0 201135.0
38858.0 201095.0

18596.0 206572.0
19112.0 206467.0
20838.0 206309.0
21266.0 206199.0
21342.0 204394.0
21587.0 204111.0
21638.0 203925.0
21689.0 203597.0
21708.0 203287.0
24016.0 203252.0
24592.0 202963.0
24801.0 202723.0
27266.0 202668.0
27690.0 202532.0
27766.0 202143.0
29684.0 202064.0
31016.0 201754.0
31437.0 201596.0
35263.0 201469.0

18615.0 211413.0
19112.0 209549.0
19146.0 206666.0
19471.0 206331.0
19505.0 206067.0
20857.0 205385.0
21342.0 203684.0
21661.0 203646.0
24516.0 203347.0
24592.0 202147.0
27766.0 201873.0
28763.0 201837.0
29684.0 201581.0
35263.0 201469.0
36184.0 201135.0

18596.0 206872.0
19146.0 206188.0
19505.0 206067.0
20838.0 205643.0
20857.0 205385.0
21342.0 203707.0
21661.0 203646.0
24516.0 203347.0
24592.0 202147.0
27766.0 201873.0
28763.0 201837.0
29684.0 201581.0
35263.0 201469.0
36184.0 201135.0

18615.0 211413.0
19112.0 209549.0
19146.0 206666.0
19471.0 206331.0
19505.0 206067.0
20857.0 205385.0
21342.0 203684.0
21661.0 203646.0
24516.0 203347.0
24592.0 202147.0
27766.0 201873.0
28763.0 201837.0
29684.0 201581.0
35263.0 201469.0
36184.0 201135.0

18615.0 211413.0
18922.0 207995.0
19912.0 207093.0
21342.0 204975.0
21587.0 204337.0
21638.0 203925.0
21689.0 203499.0
21708.0 203287.0
24016.0 203120.0
24592.0 202431.0
24750.0 202105.0
27766.0 201912.0
31016.0 201754.0
31437.0 201596.0
32013.0 201008.0
36184.0 200857.0

18535.0 218129.0
18545.0 212303.0
18596.0 212227.0
18615.0 207515.0
18671.0 207123.0
19112.0 205985.0
19313.0 205485.0
19471.0 204589.0
20766.0 204193.0
21342.0 203506.0
22461.0 203416.0
24016.0 203244.0
24592.0 202384.0
24801.0 201538.0
27894.0 200009.0
28687.0 199382.0
28763.0 198884.0
39358.0 197920.0


