23440.0 223773.0
23653.0 222134.0
23899.0 219910.0
24820.0 219470.0
27162.0 219386.0
29684.0 219211.0
31025.0 218936.0
33197.0 218621.0

21821.0 239402.0
25010.0 239052.0
30955.0 237298.0
35187.0 233250.0

21821.0 239402.0
25010.0 239052.0
30955.0 237298.0
35187.0 233250.0

21821.0 239402.0
25010.0 239052.0
30955.0 237298.0
35187.0 233250.0

21821.0 239402.0
25010.0 239052.0
30955.0 237298.0
35187.0 233250.0

21821.0 239402.0
25010.0 239052.0
30955.0 237298.0
35187.0 233250.0

21821.0 239402.0
25010.0 239052.0
30955.0 237298.0
35187.0 233250.0

21821.0 239402.0
25010.0 239052.0
30955.0 237298.0
35187.0 233250.0

21821.0 239402.0
25010.0 239052.0
30955.0 237298.0
35187.0 233250.0

21821.0 239402.0
25010.0 239052.0
30955.0 237298.0
35187.0 233250.0

21821.0 239402.0
25010.0 239052.0
30955.0 237298.0
35187.0 233250.0


