18092.0 122879.0
18596.0 121740.0
19912.0 121673.0
20766.0 121576.0
20838.0 121549.0
21342.0 120923.0
21708.0 120733.0
22263.0 120731.0
23950.0 120617.0
24516.0 120614.0
24592.0 120465.0
24801.0 120376.0
25513.0 120114.0
27843.0 120082.0
27913.0 120063.0
28687.0 120044.0
28763.0 119270.0
32013.0 119235.0
36184.0 118978.0

18092.0 124972.0
18513.0 124211.0
18545.0 122065.0
18596.0 121871.0
18615.0 121785.0
19912.0 121745.0
21342.0 121090.0
21638.0 120999.0
21657.0 120978.0
22263.0 120922.0
24516.0 120901.0
24592.0 120755.0
24801.0 120591.0
25513.0 120243.0
28763.0 119837.0
36184.0 119571.0

18092.0 124972.0
18513.0 124211.0
18545.0 122065.0
18596.0 121871.0
18615.0 121785.0
19912.0 121745.0
21342.0 120971.0
21657.0 120954.0
21708.0 120759.0
24592.0 120683.0
24801.0 120547.0
25513.0 120243.0
27843.0 120217.0
28763.0 119837.0
31437.0 119727.0
36184.0 119571.0

18092.0 123707.0
18545.0 121823.0
18596.0 121610.0
19946.0 121586.0
21266.0 121585.0
21342.0 120858.0
21708.0 120756.0
24592.0 120678.0
24801.0 120469.0
25513.0 120100.0
27843.0 120083.0
28763.0 119796.0
32934.0 119690.0
36184.0 119287.0

18092.0 124972.0
18513.0 124211.0
18545.0 122065.0
18596.0 121792.0
18615.0 121785.0
19912.0 121745.0
19946.0 121742.0
21266.0 121704.0
21342.0 120932.0
21708.0 120833.0
22263.0 120764.0
24516.0 120739.0
24592.0 120717.0
24801.0 120552.0
25513.0 120117.0
28763.0 119770.0
32934.0 119641.0
35608.0 119622.0
36184.0 119196.0

18092.0 124972.0
18513.0 124211.0
18545.0 122065.0
18596.0 121871.0
18615.0 121785.0
19912.0 121745.0
21342.0 120932.0
21708.0 120759.0
24516.0 120739.0
24592.0 120717.0
24801.0 120552.0
25513.0 120117.0
28763.0 119787.0
36184.0 119262.0

18092.0 124972.0
18513.0 124211.0
18545.0 122065.0
18596.0 121871.0
18615.0 121785.0
19912.0 121745.0
21342.0 120875.0
21638.0 120874.0
24016.0 120595.0
24750.0 120504.0
25513.0 120066.0
28763.0 119780.0
32013.0 119767.0
36184.0 119305.0
39358.0 119284.0

18092.0 122955.0
18545.0 122065.0
18596.0 121871.0
18615.0 121785.0
19912.0 121745.0
21342.0 120875.0
21638.0 120874.0
24016.0 120595.0
24750.0 120504.0
24820.0 120442.0
25513.0 120117.0
27843.0 120114.0
28763.0 119737.0
32934.0 119475.0
36184.0 119287.0
39358.0 119284.0

18092.0 124972.0
18513.0 124211.0
18545.0 122065.0
18596.0 121871.0
18615.0 121785.0
19912.0 121745.0
19987.0 121694.0
21342.0 120875.0
21638.0 120874.0
24016.0 120595.0
24592.0 120573.0
24750.0 120356.0
25513.0 120044.0
28763.0 119728.0
32013.0 119601.0
36184.0 119305.0
43605.0 119258.0

18092.0 124972.0
18513.0 124211.0
18545.0 122065.0
18596.0 121871.0
18615.0 121785.0
19912.0 121745.0
21342.0 120834.0
21708.0 120783.0
24016.0 120595.0
24592.0 120568.0
24750.0 120356.0
25513.0 120243.0
28763.0 119812.0
32013.0 119596.0
36184.0 119041.0

18092.0 122548.0
18545.0 121904.0
18596.0 121710.0
19146.0 121675.0
19946.0 121570.0
21266.0 121545.0
21342.0 120834.0
21708.0 120569.0
24592.0 120533.0
24801.0 120348.0
24820.0 120225.0
25513.0 120016.0
28763.0 119189.0
35111.0 119169.0
39434.0 119134.0
43605.0 119115.0
44526.0 118918.0


