18596.0 123349.0
18615.0 121914.0
19912.0 121890.0
21266.0 121865.0
21342.0 121382.0
21708.0 120807.0
24516.0 120806.0
24592.0 120274.0
24801.0 120273.0
25513.0 120215.0
27766.0 120214.0
27842.0 120115.0
27894.0 120016.0
27913.0 119850.0
28687.0 119799.0
28763.0 119515.0
31016.0 119456.0
32013.0 119195.0
35187.0 119152.0
35263.0 119103.0
36108.0 118958.0
36184.0 118803.0
39434.0 118491.0
43605.0 118168.0

18016.0 131395.0
18092.0 126911.0
18545.0 123368.0
18596.0 123041.0
18615.0 122750.0
18671.0 122602.0
19471.0 122491.0
21266.0 122488.0
21342.0 121454.0
21638.0 121323.0
21708.0 121103.0
24516.0 120977.0
24592.0 120706.0
24820.0 120464.0
28687.0 120404.0
28763.0 119959.0
31937.0 119912.0
32013.0 119344.0
39434.0 119159.0
46855.0 118913.0

18016.0 131395.0
18092.0 125796.0
18545.0 123085.0
18596.0 122449.0
19471.0 122442.0
20345.0 122441.0
21266.0 122335.0
21342.0 121280.0
21708.0 121053.0
22263.0 120915.0
24516.0 120837.0
24592.0 120656.0
24820.0 120414.0
28687.0 120404.0
28763.0 119844.0
32013.0 119344.0
36184.0 119215.0
39434.0 119079.0
46855.0 118913.0

18016.0 131395.0
18092.0 125321.0
18545.0 123085.0
18596.0 122201.0
19112.0 122177.0
21266.0 122133.0
21342.0 121437.0
21638.0 121323.0
21708.0 121053.0
22263.0 120915.0
24516.0 120861.0
24592.0 120656.0
24820.0 120414.0
25513.0 120366.0
28763.0 119844.0
31937.0 119643.0
32013.0 119344.0
36184.0 119215.0
39434.0 119079.0
46855.0 118913.0

18016.0 131395.0
18092.0 125796.0
18545.0 123085.0
18596.0 122301.0
19471.0 122283.0
20421.0 122175.0
21342.0 121240.0
21708.0 121008.0
22263.0 120915.0
24516.0 120689.0
24592.0 120649.0
24750.0 120145.0
28763.0 119578.0
32013.0 119344.0
36184.0 119208.0
39434.0 119079.0
46855.0 118913.0

18016.0 131395.0
18092.0 125242.0
18545.0 123368.0
18596.0 122103.0
19912.0 122079.0
21266.0 121965.0
21342.0 121454.0
21638.0 121323.0
21708.0 121068.0
22263.0 120843.0
24592.0 120706.0
24820.0 120464.0
25513.0 120358.0
28763.0 119822.0
32013.0 119344.0
39434.0 119159.0
46855.0 118913.0

18016.0 131395.0
18092.0 125796.0
18545.0 123268.0
18596.0 122449.0
19471.0 122442.0
20345.0 122441.0
21266.0 122327.0
21342.0 121257.0
21657.0 121247.0
21708.0 121045.0
24516.0 120837.0
24592.0 120706.0
24820.0 120464.0
28687.0 120404.0
28763.0 119804.0
32013.0 119344.0
36184.0 119128.0
46855.0 118913.0

18016.0 131395.0
18092.0 123436.0
18545.0 122621.0
18596.0 122438.0
18615.0 122075.0
19845.0 122002.0
20345.0 121903.0
21342.0 121280.0
21657.0 121247.0
21708.0 121085.0
24516.0 120748.0
24592.0 120575.0
24820.0 120464.0
28687.0 120404.0
28763.0 119804.0
32013.0 119344.0
36184.0 119128.0
46855.0 118913.0

18016.0 131395.0
18092.0 124327.0
18545.0 123072.0
18596.0 122297.0
19471.0 122266.0
19912.0 122242.0
21266.0 122175.0
21342.0 120957.0
21657.0 120761.0
21708.0 120471.0
24592.0 119927.0
28763.0 119734.0
32013.0 119344.0
36184.0 119128.0
46855.0 118913.0

18016.0 131395.0
18092.0 124522.0
18494.0 123998.0
18545.0 122527.0
18596.0 121909.0
19946.0 121716.0
21266.0 121673.0
21342.0 120817.0
21708.0 120605.0
24516.0 120580.0
24592.0 120546.0
24750.0 120304.0
27766.0 120261.0
28763.0 119641.0
31937.0 119538.0
32013.0 119344.0
36184.0 119162.0
39434.0 119159.0
46855.0 118913.0

18016.0 131395.0
18092.0 125796.0
18545.0 123368.0
18596.0 121979.0
21266.0 121865.0
21342.0 121212.0
21587.0 121137.0
21657.0 121043.0
21708.0 120769.0
24592.0 120689.0
24750.0 120675.0
24801.0 120439.0
25513.0 120170.0
28687.0 120141.0
28763.0 119638.0
32013.0 118973.0
46855.0 118913.0


