18092.0 125669.0
18446.0 125564.0
18545.0 125360.0
18596.0 121641.0
19912.0 121593.0
21266.0 121549.0
21342.0 121273.0
21638.0 121191.0
21689.0 121190.0
21708.0 120978.0
24016.0 120973.0
24440.0 120956.0
24516.0 120829.0
24592.0 120682.0
25437.0 120679.0
25513.0 119542.0
27843.0 119541.0
28687.0 119517.0
28763.0 119253.0
31937.0 119252.0
32934.0 119063.0
36108.0 118922.0
36184.0 118676.0
39358.0 118547.0

18092.0 122562.0
18545.0 122333.0
18596.0 122067.0
19112.0 122004.0
19505.0 121850.0
21266.0 121807.0
21342.0 121379.0
21638.0 121366.0
21657.0 121365.0
21708.0 121076.0
24750.0 121008.0
24801.0 120670.0
25513.0 120648.0
27843.0 120598.0
28687.0 120433.0
28763.0 120028.0
32934.0 120027.0
36184.0 119782.0

18092.0 122562.0
18545.0 121966.0
18596.0 121772.0
19112.0 121630.0
19912.0 121536.0
21342.0 121157.0
21708.0 121005.0
24592.0 120837.0
24801.0 120670.0
25513.0 120243.0
28187.0 120120.0
28763.0 119656.0
38858.0 119569.0
45358.0 119452.0

18092.0 122562.0
18545.0 122333.0
18596.0 121698.0
19112.0 121596.0
19912.0 121502.0
21266.0 121477.0
21342.0 121124.0
21708.0 120707.0
24592.0 120577.0
25513.0 120365.0
27913.0 120345.0
28763.0 119796.0
36184.0 119782.0
39434.0 119705.0
46855.0 119623.0

18092.0 122343.0
18545.0 121966.0
18596.0 121772.0
19112.0 121630.0
19912.0 121536.0
21342.0 121096.0
21708.0 120901.0
24516.0 120876.0
24750.0 120857.0
24801.0 120670.0
25513.0 120243.0
28763.0 119656.0

18092.0 122562.0
18545.0 121966.0
18596.0 121741.0
19112.0 121630.0
19912.0 121536.0
21266.0 121535.0
21342.0 121157.0
21708.0 121005.0
24750.0 120967.0
24801.0 120666.0
25513.0 120244.0
28763.0 119656.0

18092.0 122562.0
18545.0 122333.0
18596.0 121558.0
19112.0 121435.0
19912.0 121341.0
21342.0 120962.0
21708.0 120810.0
24801.0 120670.0
25513.0 119746.0
27894.0 119713.0
28763.0 119318.0
39434.0 119276.0

17713.0 132769.0
18092.0 122326.0
18596.0 121546.0
19112.0 121435.0
19912.0 121341.0
21342.0 120962.0
21708.0 120810.0
24592.0 120583.0
24801.0 120445.0
25513.0 119746.0
27894.0 119713.0
28763.0 119318.0
39434.0 119276.0

18092.0 122562.0
18545.0 122333.0
18596.0 121558.0
19112.0 121435.0
19912.0 121341.0
21266.0 121340.0
21342.0 120962.0
21657.0 120952.0
21708.0 120810.0
24592.0 120408.0
24801.0 120196.0
25513.0 119746.0
27894.0 119713.0
28763.0 119318.0
39434.0 119276.0

18092.0 122380.0
18545.0 122333.0
18596.0 122067.0
19112.0 122004.0
19505.0 121850.0
21266.0 121807.0
21342.0 121059.0
21657.0 121037.0
21708.0 120876.0
24592.0 120677.0
24750.0 120614.0
25513.0 120451.0
28687.0 120321.0
28763.0 120028.0
32013.0 120026.0
32934.0 119925.0
35263.0 119458.0

18092.0 122562.0
18545.0 122175.0
18596.0 121981.0
19505.0 121850.0
21266.0 121736.0
21342.0 121022.0
21587.0 120996.0
21708.0 120500.0
24750.0 120449.0
25513.0 120263.0
27766.0 120229.0
27842.0 119909.0
28763.0 119019.0
32934.0 118902.0
36184.0 118694.0


