18545.0 210479.0
18596.0 208894.0
18615.0 204962.0
19946.0 204241.0
21266.0 204216.0
21342.0 203731.0
21657.0 203532.0
21708.0 202815.0
24016.0 202813.0
24516.0 202243.0
24820.0 202018.0
25513.0 201171.0
27913.0 201170.0
28763.0 200162.0
31437.0 199981.0
32013.0 199521.0
32934.0 198836.0
36184.0 198809.0
39434.0 198472.0

19146.0 214029.0
19505.0 211134.0
20166.0 208406.0
20666.0 208114.0
20690.0 207641.0
20766.0 206381.0
21138.0 206306.0
21342.0 204288.0
21661.0 204271.0
21708.0 203195.0
23931.0 203135.0
24592.0 202999.0
24801.0 202789.0
25513.0 202496.0
27913.0 202308.0
28187.0 202053.0
28687.0 201713.0
35608.0 201416.0
36108.0 201340.0

18615.0 208718.0
19912.0 208598.0
19946.0 206706.0
20766.0 206381.0
21138.0 206306.0
21342.0 203001.0
21657.0 202562.0
24016.0 202345.0
24516.0 202213.0
24750.0 202173.0
25513.0 201830.0
28687.0 201713.0
32013.0 201525.0
35608.0 201416.0
36108.0 201340.0

18122.0 212585.0
18596.0 206721.0
19505.0 206672.0
19912.0 205704.0
20066.0 205531.0
21342.0 202868.0
21657.0 202456.0
24016.0 202345.0
24516.0 202119.0
24750.0 202089.0
25513.0 201749.0
28687.0 201713.0
31937.0 201302.0
39358.0 201001.0

18805.0 210475.0
19505.0 206672.0
19946.0 206227.0
20368.0 205815.0
20742.0 205759.0
20766.0 205298.0
21266.0 204137.0
21342.0 203001.0
21657.0 202275.0
21708.0 202186.0
24592.0 202036.0
24801.0 201952.0
25513.0 201830.0
28187.0 201739.0
28687.0 201713.0
28763.0 200570.0
32934.0 200487.0

18596.0 214699.0
18615.0 210073.0
19212.0 208290.0
19471.0 207768.0
19505.0 205193.0
19769.0 204967.0
20766.0 204726.0
20857.0 204448.0
21266.0 204329.0
21342.0 202974.0
21657.0 202005.0
25513.0 201709.0
27862.0 201665.0
28763.0 201488.0
31437.0 201358.0
32013.0 201261.0
36184.0 200906.0

18615.0 205956.0
20387.0 205313.0
20457.0 205263.0
20838.0 205071.0
21342.0 202270.0
21657.0 202158.0
24016.0 201923.0
24820.0 201818.0
28687.0 201713.0
28763.0 201544.0
32013.0 201414.0
36108.0 201340.0

18615.0 205956.0
20387.0 205313.0
20457.0 205263.0
20838.0 205071.0
21342.0 202324.0
21587.0 202307.0
21657.0 202276.0
23880.0 202187.0
24016.0 202016.0
24516.0 201939.0
27842.0 201595.0
27913.0 201512.0
28763.0 201440.0
32013.0 201128.0

18615.0 205956.0
19505.0 205028.0
20066.0 204926.0
20368.0 204832.0
20766.0 204052.0
21342.0 202514.0
21657.0 202243.0
22102.0 202205.0
23950.0 202071.0
24016.0 202000.0
25513.0 201864.0
27862.0 201796.0
28687.0 201713.0
28763.0 201334.0
36184.0 201126.0

18589.0 215142.0
18615.0 205956.0
19912.0 205764.0
20387.0 205313.0
20457.0 205263.0
20838.0 205071.0
21342.0 203042.0
21708.0 202886.0
23931.0 202839.0
24016.0 202614.0
25513.0 201282.0
28763.0 200905.0
32013.0 200655.0
36184.0 200480.0

18922.0 210001.0
19471.0 209509.0
19505.0 207582.0
19621.0 206284.0
19912.0 205993.0
20066.0 205517.0
20345.0 203732.0
21342.0 202990.0
21657.0 202906.0
21689.0 202705.0
21708.0 202226.0
24801.0 201163.0
27842.0 200174.0
28687.0 199624.0
28763.0 199617.0
32934.0 199577.0
34190.0 199261.0
41611.0 198633.0


