26887.0 241210.0
27913.0 235038.0
28687.0 232132.0

26887.0 241210.0
27913.0 235038.0
28687.0 232132.0

26887.0 241210.0
27913.0 235038.0
28687.0 232132.0

26887.0 241210.0
27913.0 235038.0
28687.0 232132.0

26887.0 241210.0
27913.0 235038.0
28687.0 232132.0

26887.0 241210.0
27913.0 235038.0
28687.0 232132.0

26887.0 241210.0
27913.0 235038.0
28687.0 232132.0

26887.0 241210.0
27913.0 235038.0
28687.0 232132.0

26887.0 241210.0
27913.0 235038.0
28687.0 232132.0

26887.0 241210.0
27913.0 235038.0
28687.0 232132.0

26887.0 241210.0
27913.0 235038.0
28687.0 232132.0


