21708.0 230024.0
22136.0 225977.0
24801.0 222902.0
25010.0 222596.0
27913.0 221442.0
31006.0 220950.0

24750.0 246914.0
25010.0 242187.0
25451.0 241548.0
25513.0 234600.0
28687.0 233076.0
29555.0 231057.0

24750.0 246914.0
25010.0 242187.0
25451.0 241548.0
25513.0 234600.0
28687.0 233076.0
29555.0 231057.0

24750.0 246914.0
25010.0 242187.0
25451.0 241548.0
25513.0 234600.0
28687.0 233076.0
29555.0 231057.0

24750.0 246914.0
25010.0 242187.0
25451.0 241548.0
25513.0 234600.0
28687.0 233076.0
29555.0 231057.0

24750.0 246914.0
25010.0 242187.0
25451.0 241548.0
25513.0 234600.0
28687.0 233076.0
29555.0 231057.0

24750.0 246914.0
25010.0 242187.0
25451.0 241548.0
25513.0 234600.0
28687.0 233076.0
29555.0 231057.0

24750.0 246914.0
25010.0 242187.0
25451.0 241548.0
25513.0 234600.0
28687.0 233076.0
29555.0 231057.0

24750.0 246914.0
25010.0 242187.0
25451.0 241548.0
25513.0 234600.0
28687.0 233076.0
29555.0 231057.0

24750.0 246914.0
25010.0 242187.0
25451.0 241548.0
25513.0 234600.0
28687.0 233076.0
29555.0 231057.0

24750.0 246914.0
25010.0 242187.0
25451.0 241548.0
25513.0 234600.0
28687.0 233076.0
29555.0 231057.0


