18092.0 126805.0
18545.0 126372.0
18596.0 125066.0
18615.0 121734.0
19912.0 121654.0
21266.0 121596.0
21342.0 121059.0
21708.0 120411.0
24516.0 120408.0
24592.0 120205.0
24750.0 120107.0
25513.0 119890.0
27766.0 119887.0
28763.0 119874.0
31437.0 119849.0
31937.0 119764.0
32013.0 119416.0
32934.0 119124.0
35187.0 119103.0
36108.0 118957.0
39434.0 118506.0

18092.0 123892.0
18545.0 122880.0
18596.0 122138.0
19471.0 122067.0
19912.0 122061.0
19946.0 121951.0
20345.0 121912.0
21342.0 121289.0
21708.0 120897.0
24592.0 120409.0
27766.0 120348.0
28687.0 120271.0
28763.0 119709.0
32013.0 119417.0
36184.0 119392.0
43605.0 119159.0

18092.0 123892.0
18545.0 122880.0
18596.0 122138.0
19471.0 122067.0
19912.0 122061.0
19946.0 121951.0
20345.0 121912.0
21342.0 121289.0
21708.0 120767.0
24592.0 120409.0
27766.0 120312.0
28687.0 120271.0
28763.0 119709.0
32013.0 119417.0
36184.0 119392.0
43605.0 119142.0

18092.0 123892.0
18545.0 122880.0
18596.0 122138.0
18615.0 122034.0
19946.0 121933.0
20345.0 121912.0
20421.0 121749.0
21266.0 121742.0
21342.0 121161.0
21638.0 121093.0
21708.0 120517.0
24516.0 120496.0
24592.0 120369.0
25513.0 120217.0
27842.0 120091.0
28687.0 119995.0
28763.0 119709.0
32013.0 119417.0
36184.0 119392.0
43605.0 119142.0

18092.0 123892.0
18545.0 122880.0
18596.0 121899.0
19146.0 121872.0
19505.0 121807.0
19912.0 121776.0
19946.0 121713.0
21266.0 121494.0
21342.0 121283.0
21708.0 120897.0
24592.0 120409.0
27266.0 120406.0
27766.0 120312.0
28687.0 120271.0
28763.0 119709.0
32013.0 119417.0
36184.0 119392.0
43605.0 119142.0

18092.0 123349.0
18494.0 123201.0
18545.0 122472.0
18596.0 121948.0
18671.0 121832.0
19146.0 121827.0
19471.0 121757.0
19946.0 121646.0
21342.0 120920.0
21708.0 120617.0
24592.0 120409.0
27766.0 120312.0
28687.0 120182.0
28763.0 119620.0
32013.0 119328.0
43605.0 119142.0

18092.0 123892.0
18545.0 122880.0
18596.0 122138.0
19471.0 122067.0
19912.0 122061.0
19946.0 121951.0
20345.0 121912.0
21342.0 121289.0
21708.0 120767.0
24592.0 120409.0
27766.0 120312.0
28687.0 120271.0
28763.0 119709.0
32013.0 119417.0
36184.0 119167.0
43605.0 119159.0

18092.0 123892.0
18545.0 122880.0
18596.0 121668.0
19912.0 121458.0
21266.0 121455.0
21342.0 121000.0
21708.0 120594.0
24592.0 120409.0
25513.0 120194.0
28763.0 119708.0
32013.0 119417.0
32934.0 119204.0
36184.0 119167.0
43605.0 119159.0

18092.0 123892.0
18545.0 122880.0
18596.0 121534.0
19112.0 121429.0
19912.0 121149.0
21342.0 121023.0
21708.0 120496.0
24516.0 120493.0
24592.0 120369.0
24801.0 120368.0
25513.0 120146.0
28187.0 119713.0
28763.0 119709.0
32013.0 119417.0
32934.0 119247.0
36184.0 119167.0
43605.0 119159.0

18092.0 123128.0
18545.0 122257.0
18596.0 121948.0
18671.0 121832.0
19146.0 121827.0
19471.0 121757.0
19946.0 121646.0
21266.0 121643.0
21342.0 121289.0
21708.0 120764.0
24516.0 120490.0
24592.0 120333.0
25513.0 120176.0
28763.0 119709.0
32013.0 119417.0
36184.0 119167.0
43605.0 119159.0

18092.0 123892.0
18545.0 122880.0
18596.0 122138.0
18615.0 121937.0
18671.0 121821.0
19471.0 121751.0
20345.0 121730.0
21266.0 121691.0
21342.0 120919.0
21708.0 120434.0
24592.0 120333.0
24801.0 120332.0
27766.0 120312.0
27842.0 120298.0
27894.0 119731.0
27913.0 119514.0
28763.0 119244.0
34190.0 118986.0
43605.0 118984.0


