16515.0 41382.0
16595.0 41150.0
17095.0 41069.0
17171.0 40744.0
18545.0 40722.0
18596.0 40677.0
18615.0 40555.0
19912.0 40313.0
21342.0 40064.0
21708.0 39975.0
24516.0 39972.0
24592.0 39915.0
24820.0 39865.0
25513.0 39758.0
27894.0 39757.0
28687.0 39754.0
28763.0 39631.0
31937.0 39628.0
32013.0 39572.0
32934.0 39511.0
36108.0 39510.0
36184.0 39385.0
39358.0 39384.0
39434.0 39327.0
40355.0 39278.0
43605.0 39152.0
46779.0 39149.0
46855.0 39093.0
54276.0 39035.0

16122.0 44465.0
16515.0 41473.0
16519.0 41463.0
16595.0 41259.0
17171.0 40744.0
18092.0 40466.0
18545.0 40444.0
18596.0 40337.0
19912.0 40313.0
21266.0 40310.0
21342.0 40128.0
21708.0 39975.0
24516.0 39972.0
24592.0 39934.0
25513.0 39758.0
28763.0 39632.0
32934.0 39512.0
36184.0 39386.0
40355.0 39303.0

16122.0 44465.0
16515.0 41473.0
16519.0 41463.0
16595.0 41259.0
17095.0 41039.0
17171.0 40744.0
18092.0 40466.0
18545.0 40444.0
18596.0 40337.0
19912.0 40313.0
21266.0 40310.0
21342.0 40128.0
21708.0 39975.0
24516.0 39972.0
24592.0 39934.0
25513.0 39758.0
27894.0 39757.0
28763.0 39632.0
32934.0 39512.0
36184.0 39386.0
40355.0 39303.0

16122.0 44465.0
16515.0 41382.0
16595.0 41120.0
17095.0 41039.0
17171.0 40744.0
18092.0 40466.0
18545.0 40444.0
18596.0 40337.0
19912.0 40313.0
21266.0 40310.0
21342.0 40064.0
21708.0 39975.0
24516.0 39972.0
24592.0 39916.0
25513.0 39758.0
27894.0 39757.0
28763.0 39632.0
32934.0 39512.0
36184.0 39386.0
40355.0 39303.0
43529.0 39278.0

16122.0 43872.0
16515.0 41473.0
16519.0 41463.0
16595.0 41120.0
17095.0 41021.0
17171.0 40744.0
18092.0 40466.0
18545.0 40444.0
18596.0 40337.0
19912.0 40313.0
21266.0 40310.0
21342.0 40104.0
21708.0 39975.0
24516.0 39972.0
24592.0 39934.0
25513.0 39758.0
28763.0 39632.0
31937.0 39629.0
32934.0 39512.0
36184.0 39386.0
40355.0 39303.0

16023.0 44223.0
16122.0 43872.0
16515.0 41473.0
16519.0 41463.0
16595.0 41259.0
17095.0 41039.0
17171.0 40744.0
18092.0 40466.0
18545.0 40444.0
18596.0 40337.0
19912.0 40313.0
21266.0 40310.0
21342.0 40064.0
21708.0 39975.0
24516.0 39972.0
24592.0 39916.0
25513.0 39758.0
28763.0 39632.0
32934.0 39512.0
36184.0 39386.0
40355.0 39303.0

16122.0 43872.0
16515.0 41473.0
16519.0 41463.0
16595.0 41259.0
17095.0 41039.0
17171.0 40744.0
18092.0 40466.0
18545.0 40444.0
18596.0 40337.0
19912.0 40313.0
21266.0 40310.0
21342.0 40128.0
21708.0 39975.0
24516.0 39972.0
24592.0 39934.0
25513.0 39758.0
27894.0 39757.0
28763.0 39632.0
32934.0 39512.0
36184.0 39386.0
40355.0 39303.0

16122.0 43872.0
16515.0 41473.0
16519.0 41463.0
16595.0 41120.0
17095.0 41039.0
17171.0 40744.0
18092.0 40466.0
18545.0 40444.0
18596.0 40337.0
19912.0 40313.0
21266.0 40310.0
21342.0 40064.0
21708.0 39975.0
24516.0 39972.0
24592.0 39915.0
24820.0 39865.0
25513.0 39758.0
27894.0 39757.0
28763.0 39631.0
31937.0 39629.0
32013.0 39572.0
32934.0 39512.0
36184.0 39386.0
40355.0 39303.0
46779.0 39219.0

16122.0 43872.0
16515.0 41473.0
16519.0 41463.0
16595.0 41120.0
17095.0 41021.0
17171.0 40744.0
18092.0 40466.0
18545.0 40444.0
18596.0 40337.0
19912.0 40313.0
21266.0 40310.0
21342.0 40104.0
21708.0 39975.0
24516.0 39972.0
24592.0 39934.0
25513.0 39758.0
27894.0 39757.0
28763.0 39632.0
31937.0 39629.0
32934.0 39512.0
36184.0 39386.0
40355.0 39303.0

16023.0 44223.0
16122.0 43872.0
16515.0 41473.0
16519.0 41463.0
16595.0 41120.0
17095.0 41039.0
17171.0 40744.0
18092.0 40466.0
18545.0 40444.0
18596.0 40337.0
19912.0 40313.0
21266.0 40310.0
21342.0 40064.0
21708.0 39975.0
24516.0 39972.0
24592.0 39916.0
25513.0 39758.0
27894.0 39757.0
28763.0 39632.0
31937.0 39629.0
32013.0 39573.0
32934.0 39512.0
36184.0 39386.0
40355.0 39303.0

16023.0 42495.0
16156.0 41995.0
16515.0 41267.0
16595.0 41053.0
17095.0 40954.0
17171.0 40744.0
18092.0 40466.0
18545.0 40444.0
18596.0 40337.0
19912.0 40313.0
21266.0 40310.0
21342.0 40064.0
21708.0 39975.0
24516.0 39972.0
24592.0 39915.0
24820.0 39865.0
25513.0 39758.0
28687.0 39757.0
28763.0 39631.0
31937.0 39629.0
32013.0 39573.0
32934.0 39512.0
36108.0 39511.0
36184.0 39386.0
39434.0 39350.0
40355.0 39303.0
43605.0 39153.0
51026.0 39095.0


