21661.0 225393.0
23916.0 224373.0
24237.0 224147.0
24651.0 222241.0
26043.0 221394.0

24237.0 249731.0
24801.0 245158.0
25010.0 233467.0
26643.0 232403.0
27313.0 231022.0

24237.0 249731.0
24801.0 245158.0
25010.0 233467.0
26643.0 232403.0
27313.0 231022.0

24237.0 249731.0
24801.0 245158.0
25010.0 233467.0
26643.0 232403.0
27313.0 231022.0

24237.0 249731.0
24801.0 245158.0
25010.0 233467.0
26643.0 232403.0
27313.0 231022.0

24237.0 249731.0
24801.0 245158.0
25010.0 233467.0
26643.0 232403.0
27313.0 231022.0

24237.0 249731.0
24801.0 245158.0
25010.0 233467.0
26643.0 232403.0
27313.0 231022.0

24237.0 249731.0
24801.0 245158.0
25010.0 233467.0
26643.0 232403.0
27313.0 231022.0

24237.0 249731.0
24801.0 245158.0
25010.0 233467.0
26643.0 232403.0
27313.0 231022.0

24237.0 249731.0
24801.0 245158.0
25010.0 233467.0
26643.0 232403.0
27313.0 231022.0

24237.0 249731.0
24801.0 245158.0
25010.0 233467.0
26643.0 232403.0
27313.0 231022.0


