18092.0 122095.0
18545.0 121899.0
18596.0 121521.0
19471.0 121497.0
19912.0 121439.0
19946.0 121330.0
21342.0 120633.0
21708.0 120179.0
24516.0 120176.0
24592.0 119997.0
24801.0 119938.0
25513.0 119732.0
27690.0 119731.0
27766.0 119696.0
28187.0 119585.0
28687.0 119486.0
28763.0 119216.0
31937.0 119205.0
32013.0 119046.0
32934.0 118707.0
36184.0 118428.0
39434.0 118252.0
40355.0 117986.0

17745.0 131392.0
18092.0 123355.0
18312.0 123311.0
18526.0 122469.0
18596.0 122266.0
18615.0 122226.0
19112.0 121997.0
19912.0 121778.0
20387.0 121558.0
21342.0 121158.0
21657.0 121152.0
21708.0 120865.0
24592.0 120703.0
24801.0 120641.0
25513.0 120481.0
28763.0 120276.0
31016.0 120265.0
31937.0 120239.0
32013.0 120048.0
32934.0 119607.0
36184.0 119548.0

17745.0 131392.0
18092.0 123355.0
18312.0 123311.0
18526.0 122469.0
18596.0 121967.0
18615.0 121584.0
19912.0 121544.0
21266.0 121377.0
21342.0 121142.0
21708.0 120865.0
24516.0 120731.0
24592.0 120582.0
24801.0 120531.0
25513.0 120339.0
28687.0 120260.0
28763.0 120091.0
31437.0 120004.0
32013.0 119672.0
32934.0 119607.0
36108.0 119501.0
36184.0 119133.0
43529.0 119045.0

17745.0 131392.0
18092.0 123355.0
18148.0 123305.0
18526.0 122469.0
18596.0 122266.0
18615.0 121672.0
19912.0 121256.0
21342.0 121004.0
21708.0 120865.0
24592.0 120582.0
24782.0 120532.0
25513.0 120006.0
28763.0 119459.0
36184.0 119305.0

17745.0 129795.0
17977.0 126998.0
18092.0 122302.0
18526.0 122217.0
18545.0 122195.0
18596.0 121966.0
19112.0 121836.0
19912.0 121766.0
20387.0 121550.0
21266.0 121427.0
21342.0 121072.0
21708.0 120815.0
24592.0 120413.0
25513.0 120307.0
27842.0 120298.0
28687.0 120296.0
28763.0 119763.0
32013.0 119672.0
32934.0 119607.0
36184.0 119276.0

17516.0 132322.0
17726.0 131470.0
17745.0 131392.0
18092.0 122840.0
18526.0 122469.0
18545.0 122402.0
18596.0 121967.0
18615.0 121684.0
19912.0 121671.0
20387.0 121491.0
21342.0 121117.0
21708.0 120596.0
24801.0 120582.0
25513.0 120228.0
27913.0 120103.0
28763.0 119930.0
32013.0 119884.0
32934.0 119607.0
36184.0 119259.0

17745.0 131392.0
18092.0 123355.0
18312.0 123311.0
18526.0 122469.0
18596.0 121967.0
18615.0 121944.0
19471.0 121940.0
19845.0 121925.0
19912.0 121778.0
20387.0 121550.0
21342.0 121116.0
21708.0 120500.0
24516.0 120420.0
25513.0 120295.0
28687.0 120292.0
28763.0 119631.0
32934.0 119447.0
36184.0 119388.0
40355.0 119365.0
43605.0 119197.0
46779.0 119190.0

17726.0 132816.0
17745.0 131392.0
18092.0 123259.0
18526.0 122469.0
18545.0 122402.0
18596.0 121967.0
18615.0 121944.0
19146.0 121806.0
19845.0 121269.0
19912.0 121245.0
21342.0 120873.0
21708.0 120500.0
24516.0 120420.0
24592.0 120292.0
25513.0 119989.0
27913.0 119970.0
28763.0 119631.0
32013.0 119596.0
32934.0 119447.0
40355.0 119365.0
43605.0 119162.0

17745.0 131392.0
18092.0 123355.0
18312.0 123311.0
18526.0 122469.0
18596.0 121967.0
18615.0 121531.0
19912.0 121507.0
21266.0 121505.0
21342.0 121116.0
21708.0 120500.0
24516.0 120420.0
25513.0 120259.0
28763.0 119631.0
32934.0 119447.0
36184.0 119388.0
40355.0 119365.0
43605.0 119197.0
46779.0 119190.0

17516.0 132856.0
17745.0 131392.0
17945.0 129862.0
18092.0 122553.0
18526.0 122469.0
18596.0 122266.0
18615.0 121944.0
19112.0 121895.0
19269.0 121648.0
19769.0 121585.0
19912.0 121392.0
21342.0 120911.0
21708.0 120500.0
24516.0 120497.0
24592.0 120441.0
25513.0 119870.0
28763.0 119631.0
32013.0 119596.0
32934.0 119527.0
36184.0 119514.0
39358.0 119471.0
43605.0 119162.0
46779.0 119159.0

17516.0 130931.0
18092.0 122828.0
18526.0 122469.0
18545.0 122150.0
18596.0 121967.0
18615.0 121864.0
18671.0 121843.0
19471.0 121773.0
19946.0 121560.0
20387.0 121558.0
21266.0 121557.0
21342.0 120642.0
21708.0 120409.0
24516.0 120332.0
24592.0 120187.0
25513.0 119811.0
28687.0 119655.0
28763.0 119401.0
29684.0 119331.0
32013.0 119245.0
36108.0 119022.0
36184.0 118860.0
40355.0 118762.0
42608.0 118758.0
43529.0 118586.0
43605.0 118340.0
49953.0 118308.0
54276.0 118025.0
56453.0 117464.0
63874.0 116916.0


