23316.0 229848.0
24080.0 227658.0
25010.0 222978.0
25513.0 218284.0
25966.0 216217.0
27913.0 214738.0

23392.0 263957.0
23916.0 254496.0
24310.0 235931.0
26662.0 232219.0
29652.0 231432.0
32934.0 227868.0

23392.0 263957.0
23916.0 254496.0
24310.0 235931.0
26662.0 232219.0
29652.0 231432.0
32934.0 227868.0

23392.0 263957.0
23916.0 254496.0
24310.0 235931.0
26662.0 232219.0
29652.0 231432.0
32934.0 227868.0

23392.0 263957.0
23916.0 254496.0
24310.0 235931.0
26662.0 232219.0
29652.0 231432.0
32934.0 227868.0

23392.0 263957.0
23916.0 254496.0
24310.0 235931.0
26662.0 232219.0
29652.0 231432.0
32934.0 227868.0

23392.0 263957.0
23916.0 254496.0
24310.0 235931.0
26662.0 232219.0
29652.0 231432.0
32934.0 227868.0

23392.0 263957.0
23916.0 254496.0
24310.0 235931.0
26662.0 232219.0
29652.0 231432.0
32934.0 227868.0

23392.0 263957.0
23916.0 254496.0
24310.0 235931.0
26662.0 232219.0
29652.0 231432.0
32934.0 227868.0

23392.0 263957.0
23916.0 254496.0
24310.0 235931.0
26662.0 232219.0
29652.0 231432.0
32934.0 227868.0

23392.0 263957.0
23916.0 254496.0
24310.0 235931.0
26662.0 232219.0
29652.0 231432.0
32934.0 227868.0


