22131.0 230132.0
24651.0 225502.0
39755.0 225103.0

22020.0 257317.0
24310.0 253430.0
26887.0 246019.0
27862.0 242432.0
29684.0 241779.0
30955.0 237298.0

22020.0 257317.0
24310.0 253430.0
26887.0 246019.0
27862.0 242432.0
29684.0 241779.0
30955.0 237298.0

22020.0 257317.0
24310.0 253430.0
26887.0 246019.0
27862.0 242432.0
29684.0 241779.0
29755.0 236268.0
30837.0 232868.0

22020.0 257317.0
24310.0 253430.0
26753.0 236426.0

22020.0 257317.0
24263.0 238458.0
30955.0 237298.0

22020.0 257317.0
24310.0 253430.0
26887.0 246019.0
27862.0 242432.0
27913.0 237442.0
30955.0 237298.0

22020.0 257317.0
24310.0 253430.0
26887.0 246019.0
27862.0 242432.0
29684.0 241779.0
30955.0 237298.0

22020.0 257317.0
24310.0 253430.0
26887.0 246019.0
27862.0 242432.0
29684.0 241779.0
30955.0 237298.0

22020.0 257317.0
24310.0 253430.0
25513.0 243851.0
27862.0 242432.0
27913.0 237485.0
30955.0 237298.0

22020.0 257317.0
24310.0 253430.0
26887.0 246019.0
27862.0 242432.0
29684.0 241779.0
30955.0 237298.0


