16023.0 45426.0
16745.0 43566.0
16816.0 42124.0
16956.0 41570.0
16990.0 41417.0
17516.0 41185.0
18016.0 41122.0
18092.0 40466.0
18596.0 40367.0
19912.0 40313.0
21342.0 40064.0
21708.0 39975.0
24516.0 39972.0
24592.0 39915.0
24820.0 39865.0
25513.0 39758.0
27894.0 39757.0
28687.0 39755.0
28763.0 39631.0
31937.0 39629.0
32013.0 39572.0
32934.0 39511.0
36108.0 39510.0
36184.0 39385.0
39358.0 39384.0
39434.0 39326.0
40355.0 39278.0
43605.0 39152.0
46855.0 39093.0
51026.0 39070.0
54200.0 39069.0
54276.0 39012.0
57450.0 39011.0

16480.0 44015.0
16494.0 43771.0
16515.0 42033.0
16595.0 41819.0
16990.0 41423.0
17516.0 41191.0
18016.0 41110.0
18092.0 40466.0
18545.0 40444.0
18596.0 40337.0
19912.0 40313.0
21266.0 40310.0
21342.0 40064.0
21708.0 39975.0
24592.0 39916.0
25513.0 39758.0
28687.0 39755.0
28763.0 39672.0
32013.0 39573.0
32934.0 39552.0
39434.0 39387.0
42684.0 39328.0

16290.0 45315.0
16480.0 44015.0
16494.0 43621.0
16515.0 42021.0
16595.0 41789.0
16990.0 41423.0
17516.0 41191.0
18016.0 41110.0
18092.0 40466.0
18545.0 40444.0
18596.0 40337.0
19912.0 40313.0
21266.0 40310.0
21342.0 40064.0
21708.0 39975.0
24516.0 39972.0
24592.0 39916.0
25513.0 39758.0
28687.0 39755.0
28763.0 39632.0
31937.0 39629.0
32013.0 39573.0
32934.0 39552.0
36108.0 39522.0
36184.0 39439.0
39358.0 39396.0
39434.0 39387.0
42684.0 39328.0

16094.0 46496.0
16290.0 45315.0
16480.0 44015.0
16494.0 43621.0
16515.0 42033.0
16595.0 41789.0
16990.0 41387.0
17516.0 41155.0
18016.0 41092.0
18092.0 40466.0
18545.0 40444.0
18596.0 40337.0
19912.0 40313.0
21266.0 40310.0
21342.0 40064.0
21708.0 39975.0
24516.0 39974.0
24592.0 39915.0
25513.0 39758.0
28687.0 39755.0
28763.0 39632.0
31937.0 39631.0
32013.0 39573.0
32934.0 39552.0
36184.0 39513.0
39434.0 39387.0
42684.0 39328.0

16290.0 45315.0
16480.0 44015.0
16494.0 43621.0
16515.0 41942.0
16595.0 41771.0
16990.0 41387.0
17516.0 41155.0
18016.0 41092.0
18092.0 40466.0
18545.0 40444.0
18596.0 40337.0
19912.0 40313.0
21266.0 40310.0
21342.0 40064.0
21708.0 39975.0
24516.0 39974.0
24592.0 39916.0
25513.0 39758.0
28687.0 39755.0
28763.0 39632.0
32013.0 39573.0
32934.0 39549.0
35263.0 39537.0
36184.0 39513.0
39434.0 39387.0
42684.0 39328.0

16290.0 45315.0
16480.0 44015.0
16494.0 43621.0
16515.0 41534.0
16595.0 41302.0
17095.0 41239.0
17171.0 40829.0
18092.0 40466.0
18545.0 40444.0
18596.0 40337.0
19912.0 40313.0
21266.0 40310.0
21342.0 40064.0
21708.0 39975.0
24516.0 39974.0
24592.0 39916.0
25513.0 39758.0
28687.0 39755.0
28763.0 39632.0
32013.0 39573.0
32934.0 39549.0
36184.0 39423.0
39434.0 39351.0
42684.0 39328.0

16290.0 45315.0
16480.0 44015.0
16494.0 43621.0
16515.0 42033.0
16595.0 41819.0
16990.0 41423.0
17516.0 41191.0
18016.0 41110.0
18092.0 40466.0
18545.0 40444.0
18596.0 40337.0
19912.0 40313.0
21266.0 40310.0
21342.0 40064.0
21708.0 39975.0
24516.0 39972.0
24592.0 39916.0
25513.0 39758.0
28687.0 39755.0
28763.0 39632.0
31937.0 39629.0
32013.0 39573.0
32934.0 39552.0
36108.0 39522.0
36184.0 39439.0
39358.0 39396.0
39434.0 39351.0
42684.0 39328.0
46855.0 39118.0

16094.0 46496.0
16290.0 45315.0
16480.0 44015.0
16494.0 43621.0
16515.0 42003.0
16571.0 41846.0
16595.0 41771.0
16990.0 41387.0
17516.0 41155.0
18016.0 41074.0
18092.0 40466.0
18545.0 40444.0
18596.0 40337.0
19912.0 40313.0
21266.0 40310.0
21342.0 40064.0
21708.0 39975.0
24516.0 39972.0
24592.0 39915.0
24820.0 39865.0
25513.0 39758.0
28687.0 39755.0
28763.0 39631.0
31937.0 39629.0
32013.0 39573.0
32934.0 39525.0
36108.0 39522.0
36184.0 39410.0
39358.0 39385.0
39434.0 39351.0
42684.0 39328.0
46855.0 39118.0

16290.0 45315.0
16480.0 44015.0
16494.0 43621.0
16515.0 41942.0
16595.0 41771.0
16990.0 41387.0
17516.0 41155.0
18016.0 41074.0
18092.0 40466.0
18545.0 40444.0
18596.0 40337.0
19912.0 40313.0
21266.0 40310.0
21342.0 40064.0
21708.0 39975.0
24516.0 39972.0
24592.0 39915.0
24820.0 39889.0
25513.0 39758.0
28687.0 39755.0
28763.0 39632.0
31937.0 39629.0
32013.0 39573.0
32934.0 39525.0
36108.0 39522.0
36184.0 39439.0
39358.0 39385.0
39434.0 39351.0
42684.0 39328.0
46855.0 39118.0

16290.0 45315.0
16480.0 44015.0
16494.0 43621.0
16515.0 41942.0
16595.0 41710.0
16990.0 41387.0
17516.0 41155.0
18016.0 41074.0
18092.0 40466.0
18545.0 40444.0
18596.0 40337.0
19912.0 40313.0
21266.0 40310.0
21342.0 40064.0
21708.0 39975.0
24516.0 39972.0
24592.0 39915.0
24820.0 39889.0
25513.0 39758.0
27894.0 39757.0
28687.0 39755.0
28763.0 39631.0
32013.0 39572.0
32934.0 39512.0
36184.0 39386.0
39358.0 39385.0
39434.0 39327.0
40355.0 39319.0
46855.0 39118.0

16094.0 46496.0
16290.0 45315.0
16480.0 44015.0
16494.0 43771.0
16515.0 41267.0
16595.0 41035.0
17095.0 40954.0
17171.0 40768.0
18092.0 40466.0
18545.0 40444.0
18596.0 40337.0
19912.0 40313.0
21266.0 40310.0
21342.0 40064.0
21708.0 39975.0
24516.0 39972.0
24592.0 39915.0
24820.0 39889.0
25513.0 39758.0
28687.0 39755.0
28763.0 39631.0
31937.0 39629.0
32013.0 39573.0
32934.0 39512.0
36184.0 39386.0
39434.0 39327.0
40355.0 39286.0
43529.0 39278.0
43605.0 39153.0
46779.0 39152.0
46855.0 39141.0
51026.0 39071.0


