18615.0 122242.0
19146.0 122207.0
19946.0 122137.0
21266.0 121933.0
21342.0 121136.0
24516.0 120617.0
24750.0 120595.0
28763.0 120274.0
33911.0 120093.0
39358.0 120079.0

18615.0 122242.0
19146.0 122207.0
19946.0 122137.0
21266.0 121933.0
21342.0 121136.0
24516.0 120617.0
24750.0 120595.0
28763.0 120274.0
33911.0 120093.0
39358.0 120079.0

18615.0 122242.0
19146.0 122207.0
19946.0 122137.0
21266.0 121933.0
21342.0 121136.0
24516.0 120617.0
24750.0 120595.0
28763.0 120274.0
33911.0 120093.0
39358.0 120079.0

18615.0 122242.0
19146.0 122207.0
19946.0 122137.0
21266.0 121933.0
21342.0 121136.0
24516.0 120617.0
24750.0 120595.0
28763.0 120274.0
33911.0 120093.0
39358.0 120079.0

18615.0 122242.0
19146.0 122207.0
19946.0 122137.0
21266.0 121933.0
21342.0 121136.0
24516.0 120617.0
24750.0 120595.0
28763.0 120274.0
33911.0 120093.0
39358.0 120079.0

18615.0 122242.0
19146.0 122207.0
19946.0 122137.0
21266.0 121933.0
21342.0 121136.0
24516.0 120617.0
24750.0 120595.0
28763.0 120274.0
33911.0 120093.0
39358.0 120079.0

18615.0 122242.0
19146.0 122207.0
19946.0 122137.0
21266.0 121933.0
21342.0 121136.0
24516.0 120617.0
24750.0 120595.0
28763.0 120274.0
33911.0 120093.0
39358.0 120079.0

18615.0 122242.0
19146.0 122207.0
19946.0 122137.0
21266.0 121933.0
21342.0 121136.0
24516.0 120617.0
24750.0 120595.0
28763.0 120274.0
33911.0 120093.0
39358.0 120079.0

18615.0 122242.0
19146.0 122207.0
19946.0 122137.0
21266.0 121933.0
21342.0 121136.0
24516.0 120617.0
24750.0 120595.0
28763.0 120274.0
33911.0 120093.0
39358.0 120079.0

18615.0 122242.0
19146.0 122207.0
19946.0 122137.0
21266.0 121933.0
21342.0 121136.0
24516.0 120617.0
24750.0 120595.0
28763.0 120274.0
33911.0 120093.0
39358.0 120079.0

18615.0 122242.0
19146.0 122207.0
19946.0 122137.0
21266.0 121933.0
21342.0 121136.0
24516.0 120617.0
24750.0 120595.0
28763.0 120274.0
33911.0 120093.0
39358.0 120079.0


