24237.0 236963.0
24310.0 233251.0
24750.0 232001.0
24913.0 225581.0
25010.0 223103.0
26566.0 221251.0
29684.0 218998.0

22495.0 234194.0
27487.0 232937.0
28687.0 230947.0
30085.0 227290.0

22495.0 234194.0
27487.0 232937.0
28687.0 230947.0
30085.0 227290.0

22495.0 234194.0
27487.0 232937.0
28687.0 230947.0
30085.0 227290.0

22495.0 234194.0
27487.0 232937.0
28687.0 230947.0
30085.0 227290.0

22495.0 234194.0
27487.0 232937.0
28687.0 230947.0
30085.0 227290.0

22495.0 234194.0
27487.0 232937.0
28687.0 230947.0
30085.0 227290.0

22495.0 234194.0
27487.0 232937.0
28687.0 230947.0
30085.0 227290.0

22495.0 234194.0
27487.0 232937.0
28687.0 230947.0
30085.0 227290.0

22495.0 234194.0
27487.0 232937.0
28687.0 230947.0
30085.0 227290.0

22495.0 234194.0
27487.0 232937.0
28687.0 230947.0
30085.0 227290.0


