16515.0 42282.0
16816.0 41457.0
16990.0 41423.0
17516.0 41191.0
18016.0 41128.0
18092.0 40466.0
18545.0 40449.0
18596.0 40337.0
19912.0 40313.0
21266.0 40310.0
21342.0 40064.0
21708.0 39975.0
24516.0 39972.0
24592.0 39915.0
25513.0 39758.0
27894.0 39757.0
28763.0 39632.0
32013.0 39573.0
32934.0 39512.0
36184.0 39386.0
40355.0 39278.0

16494.0 42979.0
16816.0 42620.0
16990.0 41556.0
17345.0 41436.0
17516.0 41185.0
18016.0 41122.0
18092.0 40496.0
18545.0 40474.0
18596.0 40367.0
19912.0 40343.0
21342.0 40217.0
21708.0 40141.0
24516.0 40140.0
24592.0 40124.0
24801.0 40098.0
25513.0 39887.0
27894.0 39881.0
28687.0 39868.0
28763.0 39715.0
31937.0 39712.0
32013.0 39707.0
32934.0 39654.0

16494.0 42979.0
16816.0 42481.0
16990.0 41417.0
17516.0 41185.0
18016.0 41122.0
18092.0 40496.0
18545.0 40474.0
18596.0 40367.0
19912.0 40343.0
21266.0 40342.0
21342.0 40142.0
21708.0 40141.0
24516.0 40140.0
24592.0 40124.0
24801.0 40098.0
24820.0 40091.0
25513.0 39867.0
27894.0 39816.0
28763.0 39690.0
32934.0 39524.0
36184.0 39488.0

16494.0 42979.0
16816.0 42481.0
16990.0 41417.0
17516.0 41185.0
18016.0 41122.0
18092.0 40496.0
18545.0 40474.0
18596.0 40367.0
19912.0 40343.0
21266.0 40342.0
21342.0 40217.0
21708.0 40141.0
24516.0 40140.0
24592.0 40124.0
24801.0 40098.0
25513.0 39857.0
28687.0 39844.0
28763.0 39715.0
31937.0 39712.0
32013.0 39707.0
32934.0 39611.0

16494.0 42979.0
16816.0 42620.0
16990.0 41556.0
17345.0 41436.0
17516.0 41185.0
18016.0 41122.0
18092.0 40496.0
18545.0 40474.0
18596.0 40367.0
19912.0 40343.0
21342.0 40217.0
21708.0 40141.0
24516.0 40140.0
24592.0 40124.0
24801.0 40098.0
25513.0 39887.0
27894.0 39881.0
28687.0 39868.0
28763.0 39715.0
31937.0 39712.0
32013.0 39707.0
32934.0 39654.0

16494.0 42979.0
16816.0 42481.0
16990.0 41417.0
17516.0 41185.0
18016.0 41122.0
18092.0 40496.0
18545.0 40474.0
18596.0 40337.0
19912.0 40313.0
21266.0 40310.0
21342.0 40064.0
21708.0 39975.0
24516.0 39972.0
24592.0 39916.0
25513.0 39758.0
28763.0 39632.0
32934.0 39512.0
40355.0 39409.0

16494.0 42979.0
16816.0 42481.0
16990.0 41417.0
17516.0 41185.0
18016.0 41122.0
18092.0 40496.0
18545.0 40474.0
18596.0 40367.0
19912.0 40343.0
21266.0 40342.0
21342.0 40142.0
21708.0 40120.0
24592.0 40017.0
25513.0 39867.0
27894.0 39816.0
28763.0 39690.0
32013.0 39631.0
32934.0 39524.0
36184.0 39488.0

16494.0 42979.0
16816.0 42481.0
16990.0 41417.0
17516.0 41185.0
18016.0 41122.0
18092.0 40496.0
18545.0 40474.0
18596.0 40367.0
19912.0 40343.0
21266.0 40342.0
21342.0 40064.0
21708.0 39975.0
24516.0 39974.0
25513.0 39867.0
27894.0 39816.0
28763.0 39632.0
32013.0 39631.0
32934.0 39524.0
36184.0 39399.0

16494.0 42979.0
16816.0 42481.0
16990.0 41417.0
17516.0 41185.0
18016.0 41122.0
18092.0 40496.0
18545.0 40474.0
18596.0 40367.0
19912.0 40343.0
21266.0 40342.0
21342.0 40142.0
21708.0 40120.0
24592.0 40017.0
25513.0 39867.0
27894.0 39816.0
28763.0 39690.0
32013.0 39631.0
32934.0 39524.0
36184.0 39488.0

16494.0 42979.0
16816.0 41837.0
16956.0 41767.0
16990.0 41417.0
17516.0 41185.0
18016.0 41122.0
18092.0 40496.0
18545.0 40474.0
18596.0 40367.0
19912.0 40343.0
21266.0 40342.0
21342.0 40064.0
21708.0 39975.0
24516.0 39974.0
25513.0 39867.0
27894.0 39816.0
28763.0 39632.0
32013.0 39631.0
32934.0 39548.0
36184.0 39399.0

16494.0 42979.0
16816.0 42481.0
16990.0 41417.0
17171.0 41084.0
18092.0 40496.0
18545.0 40474.0
18596.0 40367.0
19912.0 40313.0
21342.0 40064.0
21708.0 39975.0
24516.0 39972.0
25513.0 39758.0
28763.0 39632.0
32934.0 39589.0
36184.0 39512.0
40355.0 39278.0


