16816.0 125650.0
16875.0 125406.0
17326.0 125326.0
17675.0 125308.0
17726.0 124831.0
18016.0 124267.0
18092.0 123152.0
18596.0 121732.0
19912.0 121684.0
21342.0 120968.0
21708.0 120774.0
24516.0 120771.0
24592.0 120647.0
24801.0 120646.0
25513.0 120091.0
27766.0 120001.0
28687.0 119958.0
28763.0 119436.0
31937.0 119324.0
32013.0 119274.0
32934.0 119133.0
36184.0 118752.0
39358.0 118534.0
39434.0 118475.0
42684.0 118439.0
43605.0 118205.0
46855.0 118122.0

17996.0 132434.0
18092.0 128136.0
18412.0 124460.0
18545.0 122838.0
18596.0 121942.0
19912.0 121777.0
19946.0 121770.0
21266.0 121767.0
21342.0 121276.0
21638.0 121187.0
21708.0 121059.0
24592.0 120882.0
24750.0 120818.0
24801.0 120621.0
25513.0 120243.0
27766.0 120242.0
28763.0 120092.0
31937.0 120065.0
32013.0 120050.0
35187.0 120049.0
36184.0 119625.0

17996.0 132434.0
18092.0 124037.0
18545.0 122838.0
18596.0 121942.0
19912.0 121777.0
19946.0 121770.0
21266.0 121767.0
21342.0 121245.0
21638.0 121187.0
21657.0 120879.0
24516.0 120810.0
24592.0 120739.0
24750.0 120594.0
24801.0 120586.0
25513.0 120243.0
27766.0 120242.0
28763.0 120078.0
31937.0 120065.0
32013.0 119742.0
35187.0 119672.0
36184.0 119625.0
39434.0 119452.0
42608.0 119450.0

17996.0 132434.0
18092.0 128136.0
18412.0 124460.0
18545.0 122838.0
18596.0 121675.0
18615.0 121545.0
19912.0 121521.0
21266.0 121478.0
21342.0 120622.0
21708.0 120499.0
24516.0 120456.0
24592.0 120450.0
24801.0 120426.0
25513.0 120002.0
28763.0 119681.0
32013.0 119630.0
36184.0 119625.0
39434.0 119481.0
46779.0 119319.0

17996.0 132434.0
18092.0 123274.0
18545.0 122838.0
18596.0 121455.0
19912.0 121407.0
21342.0 120943.0
21708.0 120633.0
24516.0 120630.0
24592.0 120565.0
24750.0 120541.0
24801.0 120452.0
25513.0 120088.0
27894.0 120087.0
28763.0 119749.0
31937.0 119713.0
32934.0 119467.0
36108.0 119442.0
42684.0 119257.0

17996.0 132434.0
18092.0 124461.0
18412.0 124460.0
18545.0 122838.0
18596.0 121850.0
18615.0 121725.0
19912.0 121681.0
20421.0 121583.0
21342.0 120874.0
21657.0 120738.0
21708.0 120733.0
24592.0 120571.0
24750.0 120549.0
24820.0 120320.0
25513.0 120006.0
28763.0 119750.0
32013.0 119630.0
36184.0 119625.0
39434.0 119478.0
46779.0 119319.0

17996.0 132434.0
18092.0 128136.0
18412.0 124460.0
18545.0 122838.0
18596.0 121942.0
18615.0 121645.0
19912.0 121621.0
21266.0 121620.0
21342.0 121099.0
21708.0 120847.0
24516.0 120810.0
24592.0 120327.0
24820.0 120115.0
28763.0 119694.0
31937.0 119670.0
32013.0 119424.0
39358.0 119113.0

17996.0 132434.0
18092.0 122071.0
18545.0 121875.0
18596.0 121489.0
18615.0 121380.0
19912.0 121356.0
19946.0 121309.0
21266.0 121306.0
21342.0 120655.0
21708.0 120566.0
24750.0 120396.0
25513.0 120027.0
27043.0 119991.0
28763.0 119547.0
31937.0 119539.0
32013.0 119318.0
39358.0 119113.0

17996.0 132434.0
18092.0 126415.0
18412.0 124460.0
18545.0 122838.0
18596.0 121791.0
18615.0 121518.0
19912.0 121478.0
21342.0 120863.0
21638.0 120841.0
21708.0 120569.0
24516.0 120526.0
24592.0 120421.0
24820.0 120365.0
25513.0 119888.0
28687.0 119845.0
28763.0 119679.0
31937.0 119439.0
32013.0 119025.0

17996.0 132434.0
18092.0 123034.0
18545.0 122838.0
18596.0 121942.0
18615.0 121380.0
19912.0 121356.0
20387.0 121316.0
21342.0 120874.0
21708.0 120764.0
24592.0 120616.0
24801.0 120586.0
25513.0 120063.0
27843.0 120041.0
28763.0 119677.0
32013.0 119551.0
39358.0 119485.0
43605.0 119455.0
46779.0 119412.0

17996.0 132434.0
18092.0 122791.0
18545.0 122757.0
18596.0 121676.0
18615.0 121533.0
19912.0 121509.0
21266.0 121506.0
21342.0 120753.0
21657.0 120727.0
21708.0 120511.0
24516.0 120496.0
24592.0 120436.0
25513.0 120243.0
27766.0 120242.0
28687.0 120111.0
28763.0 119488.0
32013.0 119194.0
40355.0 118906.0


