16515.0 41267.0
16595.0 41035.0
17095.0 40972.0
17171.0 40744.0
18545.0 40722.0
18615.0 40463.0
19912.0 40439.0
20345.0 40438.0
20387.0 40419.0
20421.0 40403.0
21342.0 40064.0
21708.0 39975.0
24516.0 39972.0
24592.0 39916.0
24820.0 39865.0
27766.0 39862.0
27842.0 39829.0
28763.0 39632.0
31937.0 39629.0
32013.0 39573.0
36184.0 39386.0
39434.0 39327.0
43605.0 39317.0
46855.0 39134.0
50029.0 39133.0

16290.0 45004.0
16494.0 42979.0
16816.0 41952.0
16956.0 41841.0
16990.0 41426.0
17516.0 41185.0
18016.0 41122.0
18092.0 40496.0
18545.0 40474.0
18596.0 40367.0
19912.0 40343.0
21266.0 40342.0
21342.0 40104.0
21708.0 40042.0
24516.0 40041.0
24592.0 39916.0
25513.0 39817.0
28687.0 39816.0
28763.0 39672.0
32013.0 39670.0
32934.0 39571.0
36184.0 39404.0

16290.0 45004.0
16494.0 42979.0
16816.0 41952.0
16956.0 41841.0
16990.0 41417.0
17516.0 41185.0
18016.0 41122.0
18092.0 40466.0
18545.0 40444.0
18596.0 40367.0
19912.0 40343.0
21266.0 40342.0
21342.0 40104.0
21708.0 40039.0
24592.0 39916.0
25513.0 39817.0
28687.0 39816.0
28763.0 39672.0
32013.0 39597.0
32934.0 39571.0
36184.0 39404.0

16290.0 45004.0
16494.0 42979.0
16816.0 41922.0
16956.0 41811.0
16990.0 41417.0
17516.0 41185.0
18016.0 41122.0
18092.0 40466.0
18545.0 40444.0
18596.0 40337.0
21266.0 40312.0
21342.0 40064.0
21708.0 39975.0
24516.0 39974.0
24592.0 39916.0
24820.0 39908.0
25513.0 39817.0
28687.0 39816.0
28763.0 39632.0
32013.0 39580.0
32934.0 39567.0
36184.0 39404.0

16290.0 45004.0
16494.0 42979.0
16816.0 41952.0
16956.0 41841.0
16990.0 41426.0
17516.0 41185.0
18016.0 41122.0
18092.0 40466.0
18545.0 40444.0
18596.0 40337.0
21266.0 40312.0
21342.0 40088.0
21708.0 40039.0
24592.0 39916.0
24820.0 39889.0
25513.0 39817.0
28687.0 39816.0
28763.0 39656.0
32013.0 39580.0
32934.0 39524.0
36184.0 39404.0

16290.0 45004.0
16494.0 42979.0
16816.0 41952.0
16956.0 41841.0
16990.0 41396.0
17516.0 41164.0
18016.0 41083.0
18092.0 40496.0
18545.0 40474.0
18596.0 40337.0
19912.0 40313.0
21266.0 40310.0
21342.0 40064.0
21708.0 39975.0
24516.0 39972.0
24592.0 39916.0
25513.0 39758.0
28763.0 39632.0
32934.0 39512.0
36184.0 39404.0

16023.0 49889.0
16290.0 45004.0
16494.0 42979.0
16816.0 41952.0
16956.0 41841.0
16990.0 41417.0
17516.0 41185.0
18016.0 41113.0
18092.0 40496.0
18545.0 40474.0
18596.0 40367.0
19912.0 40343.0
21266.0 40342.0
21342.0 40088.0
21708.0 39975.0
24592.0 39916.0
24820.0 39889.0
25513.0 39817.0
27894.0 39816.0
28763.0 39672.0
32013.0 39580.0
32934.0 39524.0
36184.0 39404.0

16290.0 45004.0
16494.0 42979.0
16816.0 41952.0
16956.0 41841.0
16990.0 41417.0
17516.0 41185.0
18016.0 41113.0
18092.0 40466.0
18545.0 40444.0
18596.0 40367.0
19912.0 40343.0
21266.0 40340.0
21342.0 40064.0
21708.0 39975.0
24516.0 39972.0
24592.0 39916.0
24820.0 39889.0
25513.0 39817.0
27894.0 39816.0
28763.0 39672.0
32013.0 39580.0
32934.0 39524.0
36184.0 39404.0

16290.0 45004.0
16494.0 42979.0
16816.0 41952.0
16956.0 41841.0
16990.0 41417.0
17516.0 41185.0
18016.0 41113.0
18092.0 40496.0
18545.0 40474.0
18596.0 40367.0
19912.0 40343.0
21266.0 40342.0
21342.0 40088.0
21708.0 39975.0
24592.0 39916.0
24820.0 39889.0
25513.0 39817.0
27894.0 39816.0
28763.0 39672.0
32013.0 39580.0
32934.0 39524.0
36184.0 39404.0

16290.0 45004.0
16494.0 42979.0
16816.0 41922.0
16956.0 41811.0
16990.0 41417.0
17516.0 41185.0
18016.0 41113.0
18092.0 40496.0
18545.0 40474.0
18596.0 40337.0
19912.0 40313.0
21266.0 40310.0
21342.0 40064.0
21708.0 39975.0
24516.0 39972.0
24592.0 39916.0
25513.0 39758.0
28763.0 39672.0
32013.0 39579.0
32934.0 39512.0
36184.0 39404.0
40355.0 39321.0

16275.0 46432.0
16290.0 44348.0
16480.0 43373.0
16494.0 42979.0
16515.0 41756.0
16595.0 41524.0
16990.0 41387.0
17516.0 41155.0
18016.0 41092.0
18092.0 40466.0
18545.0 40444.0
18596.0 40337.0
19912.0 40313.0
21266.0 40310.0
21342.0 40064.0
21708.0 39975.0
24516.0 39972.0
24592.0 39915.0
24820.0 39865.0
25513.0 39758.0
28687.0 39755.0
28763.0 39632.0
31937.0 39629.0
32013.0 39573.0
32934.0 39512.0
36108.0 39509.0
36184.0 39399.0
39434.0 39340.0
40355.0 39279.0
43605.0 39153.0
46855.0 39094.0


