18092.0 125490.0
18545.0 124270.0
18596.0 123361.0
18615.0 122350.0
19112.0 122315.0
20387.0 122146.0
21266.0 122143.0
21342.0 121507.0
21708.0 121009.0
24016.0 120964.0
24516.0 120800.0
24592.0 120791.0
25513.0 120369.0
28763.0 120016.0
31937.0 119953.0
32013.0 119886.0
32934.0 119559.0
36184.0 119296.0

18513.0 129797.0
18589.0 125468.0
18596.0 122934.0
19112.0 122353.0
19946.0 122346.0
20787.0 122345.0
21266.0 122298.0
21342.0 121363.0
21708.0 121151.0
24516.0 121021.0
24592.0 120765.0
28763.0 120254.0
32013.0 119694.0
35187.0 119692.0
39434.0 119484.0

18513.0 129797.0
18545.0 123726.0
18596.0 122934.0
19112.0 122353.0
19912.0 122283.0
19946.0 122276.0
21342.0 121281.0
21638.0 121253.0
21708.0 121041.0
24516.0 121020.0
24592.0 120483.0
24750.0 120461.0
24820.0 120414.0
25513.0 120385.0
28763.0 119972.0
32013.0 119694.0
35187.0 119692.0
36184.0 119485.0
39434.0 119162.0
46855.0 118929.0

18513.0 129797.0
18545.0 123726.0
18596.0 122569.0
19112.0 122353.0
19912.0 122283.0
19946.0 122254.0
21342.0 121254.0
21638.0 121240.0
21708.0 121028.0
24516.0 120988.0
24592.0 120462.0
24750.0 120440.0
24820.0 120414.0
27766.0 120398.0
28763.0 119949.0
32013.0 119694.0
35187.0 119692.0
36184.0 119678.0
39434.0 119162.0
46855.0 118929.0

18513.0 129797.0
18545.0 123726.0
18596.0 122934.0
19112.0 122353.0
19912.0 122283.0
19946.0 122276.0
21342.0 121281.0
21638.0 121253.0
21708.0 121041.0
24516.0 121020.0
24592.0 120483.0
24750.0 120461.0
24820.0 120414.0
25513.0 120385.0
28763.0 119972.0
32013.0 119694.0
35187.0 119692.0
36184.0 119485.0
39434.0 119162.0
46855.0 118929.0

18513.0 129797.0
18545.0 126294.0
18589.0 125468.0
18596.0 122934.0
19112.0 122353.0
19912.0 122283.0
19946.0 122276.0
21342.0 121122.0
21708.0 121041.0
24516.0 121020.0
24592.0 120483.0
24750.0 120461.0
28763.0 119931.0
31937.0 119930.0
32013.0 119664.0
39434.0 119162.0
46855.0 118929.0

18513.0 129797.0
18545.0 123726.0
18596.0 122934.0
19112.0 122353.0
19912.0 122283.0
19946.0 122276.0
21342.0 121294.0
21638.0 121253.0
21708.0 121041.0
23950.0 120918.0
24592.0 120483.0
24750.0 120461.0
27766.0 120421.0
28763.0 119972.0
32013.0 119694.0
35187.0 119692.0
39434.0 119484.0

18513.0 129797.0
18545.0 122627.0
18596.0 122340.0
19912.0 122283.0
19946.0 122276.0
21342.0 121254.0
21638.0 121253.0
21708.0 121041.0
23950.0 120918.0
24592.0 120462.0
24750.0 120461.0
27766.0 120421.0
28763.0 119972.0
31937.0 119951.0
32013.0 119694.0
35187.0 119692.0
39434.0 119484.0

18513.0 129797.0
18545.0 123726.0
18596.0 122934.0
19112.0 122353.0
19912.0 122283.0
19946.0 122276.0
21342.0 121294.0
21638.0 121253.0
21708.0 121041.0
23950.0 120918.0
24592.0 120483.0
24750.0 120461.0
27766.0 120421.0
28763.0 119972.0
32013.0 119694.0
35187.0 119692.0
39434.0 119484.0

18513.0 129797.0
18545.0 126294.0
18589.0 125468.0
18596.0 122934.0
19112.0 122353.0
19912.0 122283.0
19946.0 122276.0
21342.0 121294.0
21638.0 121253.0
21708.0 121041.0
23950.0 120918.0
24592.0 120483.0
24750.0 120461.0
27766.0 120421.0
28763.0 119972.0
32013.0 119694.0
35187.0 119692.0
39434.0 119484.0

18513.0 129797.0
18545.0 123726.0
18596.0 122934.0
19112.0 122353.0
19912.0 121920.0
21342.0 121254.0
21638.0 121253.0
21708.0 121041.0
24516.0 121020.0
24592.0 120483.0
24750.0 120461.0
28763.0 119972.0
32013.0 119694.0
35187.0 119692.0
39434.0 119484.0


