18092.0 126118.0
18312.0 125220.0
18447.0 125083.0
18545.0 123576.0
18596.0 123382.0
18615.0 122256.0
19471.0 122140.0
19845.0 121987.0
20345.0 121888.0
21342.0 121238.0
21708.0 120740.0
24516.0 120633.0
24592.0 120555.0
24801.0 120313.0
25513.0 120194.0
27766.0 120175.0
28763.0 119450.0
32013.0 119416.0
34687.0 119301.0
36184.0 119024.0

18092.0 126407.0
18545.0 124430.0
18596.0 121978.0
19912.0 121954.0
21342.0 121049.0
21638.0 121032.0
21708.0 120807.0
24592.0 120508.0
24801.0 120484.0
24820.0 120220.0
28763.0 120054.0
31937.0 120016.0
36108.0 119884.0
36184.0 119778.0
43529.0 119621.0

18092.0 126407.0
18545.0 124430.0
18596.0 121978.0
18615.0 121946.0
20387.0 121755.0
21342.0 120848.0
21638.0 120831.0
21708.0 120606.0
24592.0 120462.0
24750.0 120445.0
24820.0 120220.0
25513.0 120177.0
28763.0 119837.0
31937.0 119783.0
36108.0 119532.0
43529.0 119350.0

18092.0 125272.0
18545.0 124430.0
18596.0 121978.0
18615.0 121946.0
20387.0 121755.0
21342.0 120848.0
21638.0 120831.0
21708.0 120606.0
24592.0 120462.0
24750.0 120445.0
24782.0 120338.0
24820.0 120220.0
25513.0 120177.0
28763.0 120054.0
31937.0 120016.0
36108.0 119884.0
36184.0 119778.0
43529.0 119621.0

18092.0 126407.0
18545.0 124430.0
18596.0 121978.0
19912.0 121954.0
20345.0 121888.0
21342.0 121049.0
21638.0 121032.0
21708.0 120807.0
24592.0 120508.0
24801.0 120484.0
24820.0 120220.0
28763.0 120054.0
31937.0 120016.0
36108.0 119884.0
36184.0 119778.0
43529.0 119621.0

18092.0 126060.0
18545.0 124430.0
18596.0 121978.0
18615.0 121885.0
20387.0 121694.0
21342.0 120848.0
21708.0 120606.0
24592.0 120462.0
24750.0 120445.0
24820.0 120220.0
28763.0 120054.0
31937.0 120016.0
32013.0 119882.0
36184.0 119778.0
39358.0 119687.0
43529.0 119621.0

18092.0 126407.0
18545.0 124430.0
18596.0 121978.0
18615.0 121955.0
19912.0 121954.0
21266.0 121912.0
21342.0 121049.0
21638.0 121032.0
21708.0 120766.0
24516.0 120757.0
24592.0 120508.0
24750.0 120485.0
24801.0 120484.0
24820.0 120202.0
28763.0 119800.0
31006.0 119749.0
32013.0 119691.0
36184.0 119346.0

18092.0 126407.0
18545.0 124430.0
18596.0 121978.0
18615.0 121955.0
19912.0 121954.0
21266.0 121912.0
21342.0 120909.0
21708.0 120605.0
24592.0 120508.0
24750.0 120485.0
24801.0 120484.0
24820.0 120202.0
27913.0 120101.0
28763.0 119800.0
31006.0 119749.0
31937.0 119608.0
36184.0 119346.0

18092.0 126407.0
18545.0 124430.0
18596.0 121978.0
18615.0 121931.0
19912.0 121851.0
20345.0 121826.0
21342.0 120995.0
21708.0 120689.0
24592.0 120508.0
24750.0 120485.0
24801.0 120444.0
24820.0 120202.0
28763.0 119800.0
31006.0 119749.0
32013.0 119691.0
36184.0 119346.0

18092.0 126060.0
18545.0 124430.0
18596.0 121978.0
18615.0 121931.0
21266.0 121888.0
21342.0 121049.0
21638.0 121032.0
21708.0 120766.0
24592.0 120508.0
24750.0 120485.0
24801.0 120484.0
24820.0 120202.0
28763.0 119783.0
32013.0 119691.0
36184.0 119399.0

18092.0 126407.0
18545.0 124430.0
18596.0 121978.0
18615.0 121955.0
19912.0 121816.0
21342.0 120909.0
21638.0 120740.0
21708.0 120589.0
24592.0 120483.0
24750.0 120386.0
24820.0 120144.0
28763.0 119682.0
31937.0 119359.0
36184.0 118927.0


