18615.0 213013.0
18671.0 213008.0
20178.0 211968.0
20766.0 209752.0
21266.0 209486.0
21342.0 206951.0
21708.0 206462.0
22263.0 205692.0
24516.0 204371.0
24801.0 203611.0
25513.0 203425.0
27266.0 203131.0
27894.0 202884.0
28687.0 201599.0
30136.0 201076.0
32934.0 200895.0
36108.0 200820.0
36184.0 200779.0

18615.0 214335.0
18623.0 213286.0
19505.0 212240.0
20766.0 211944.0
21266.0 208817.0
21342.0 204265.0
21708.0 203454.0
24516.0 203410.0
25513.0 203205.0
28187.0 203120.0
28687.0 202905.0
28763.0 202777.0
30661.0 202194.0

18615.0 214335.0
18623.0 213286.0
19471.0 209384.0
19987.0 209109.0
21190.0 208186.0
21266.0 207949.0
21342.0 204265.0
21708.0 203454.0
24516.0 203394.0
25513.0 203205.0
27043.0 202865.0
28763.0 202720.0
30661.0 202194.0
32934.0 202067.0

18615.0 214335.0
18623.0 213286.0
19313.0 210621.0
19471.0 209771.0
20766.0 209016.0
21266.0 207198.0
21342.0 204265.0
21708.0 203454.0
24516.0 203394.0
25513.0 203205.0
27766.0 203136.0
28187.0 203042.0
28687.0 202905.0
28763.0 202586.0
30661.0 202194.0
32934.0 202168.0

18615.0 214335.0
18623.0 213286.0
19471.0 209384.0
19987.0 208263.0
20838.0 208087.0
21266.0 207223.0
21342.0 203500.0
21708.0 202907.0
23950.0 202610.0
24592.0 201989.0
25513.0 201545.0
27062.0 201499.0
28763.0 200867.0
30155.0 200865.0
36184.0 200803.0

18615.0 214335.0
18623.0 213286.0
19505.0 212240.0
20766.0 211944.0
21266.0 206786.0
21342.0 204265.0
21708.0 203391.0
24516.0 203383.0
24750.0 203374.0
25513.0 203205.0
27766.0 203019.0
27913.0 202839.0
28763.0 202244.0
30661.0 202194.0
31437.0 201792.0
36184.0 201528.0

18615.0 214335.0
18623.0 213286.0
19505.0 212240.0
20742.0 211942.0
21190.0 211303.0
21266.0 208599.0
21342.0 204265.0
21708.0 203454.0
24516.0 203394.0
25513.0 203205.0
28187.0 203042.0
28687.0 202905.0
28763.0 202777.0
30661.0 202194.0
31437.0 202030.0
32934.0 201903.0
36184.0 201737.0

18615.0 214335.0
18623.0 213286.0
19505.0 212031.0
20742.0 211855.0
20838.0 209793.0
21190.0 208502.0
21266.0 205841.0
21342.0 204265.0
21708.0 203454.0
24516.0 203394.0
24750.0 203189.0
27190.0 202745.0
28687.0 202339.0
30661.0 202194.0
31437.0 202030.0
32934.0 201903.0
36184.0 201737.0

18615.0 212389.0
18671.0 210216.0
20066.0 207855.0
20457.0 207643.0
21266.0 207094.0
21342.0 204265.0
21708.0 203454.0
24516.0 203394.0
25513.0 203205.0
28187.0 203042.0
28687.0 202905.0
28763.0 202777.0
30661.0 202194.0
31437.0 202030.0
32934.0 201903.0
36184.0 201737.0

18615.0 214335.0
18623.0 213286.0
19505.0 212240.0
20766.0 211944.0
21266.0 208049.0
21342.0 204265.0
21708.0 203454.0
23950.0 203414.0
24016.0 203036.0
25513.0 202655.0
28187.0 202335.0
28763.0 201981.0
29684.0 201953.0
31937.0 201650.0
36184.0 201162.0

18615.0 213322.0
18623.0 213286.0
19505.0 210040.0
20438.0 209657.0
20838.0 208389.0
21342.0 204265.0
21708.0 203245.0
24516.0 203089.0
24592.0 202691.0
25513.0 201211.0
27913.0 200766.0
28763.0 199582.0


