18092.0 208731.0
18545.0 208585.0
18615.0 208185.0
18856.0 208099.0
18922.0 208073.0
19471.0 206627.0
20766.0 206527.0
20857.0 206422.0
21342.0 206018.0
22263.0 204516.0
23950.0 203878.0
25513.0 201321.0
27266.0 201195.0
27843.0 201122.0
28687.0 200875.0
28763.0 199898.0
31937.0 199866.0
32934.0 199793.0
34611.0 199675.0
35111.0 199528.0
36184.0 199185.0
42608.0 199167.0

18545.0 210013.0
18596.0 205359.0
19313.0 204920.0
19946.0 204913.0
21266.0 204383.0
21342.0 203908.0
22263.0 203640.0
22902.0 203597.0
23950.0 203222.0
24801.0 203162.0
25513.0 201991.0
28763.0 201740.0
32858.0 201434.0

18545.0 210013.0
18596.0 205359.0
19313.0 204920.0
19946.0 204913.0
21266.0 204354.0
21342.0 203908.0
22263.0 203529.0
22495.0 203473.0
22902.0 203317.0
23950.0 203222.0
24801.0 203162.0
25437.0 203091.0
25513.0 201991.0
28687.0 201859.0
28763.0 201703.0
29684.0 201700.0
32858.0 201434.0

18446.0 213341.0
18513.0 209917.0
18545.0 207683.0
18596.0 204343.0
19946.0 204336.0
21266.0 203956.0
21342.0 203672.0
22263.0 203529.0
22495.0 203472.0
23950.0 203222.0
24801.0 203064.0
25513.0 201991.0
27894.0 201956.0
28687.0 201948.0
28763.0 201613.0
32858.0 201434.0

18446.0 213341.0
18513.0 209917.0
18545.0 205606.0
18596.0 204988.0
19313.0 204920.0
19946.0 204429.0
20838.0 204330.0
21342.0 203656.0
21689.0 203347.0
21708.0 203218.0
24516.0 202969.0
24750.0 202725.0
24801.0 202124.0
25513.0 201600.0
28763.0 201382.0
32013.0 201214.0
42608.0 200790.0

18545.0 210013.0
18596.0 204343.0
19946.0 204336.0
21266.0 204328.0
21342.0 203261.0
22263.0 202964.0
22461.0 202788.0
22495.0 202728.0
24592.0 202523.0
25513.0 201965.0
27913.0 201900.0
28687.0 201829.0
28763.0 201634.0
29684.0 201397.0
32934.0 201225.0

18545.0 210013.0
18596.0 205359.0
19313.0 204911.0
19946.0 204880.0
21266.0 204383.0
21342.0 203908.0
21708.0 203562.0
23950.0 203222.0
24801.0 202905.0
25513.0 201991.0
28763.0 201740.0
32858.0 201434.0

18545.0 210013.0
18596.0 205359.0
19313.0 204858.0
19946.0 204851.0
21266.0 204383.0
21342.0 203170.0
22263.0 203139.0
22902.0 203099.0
24516.0 202926.0
24731.0 202869.0
24801.0 202723.0
25513.0 201991.0
27913.0 201924.0
28687.0 201616.0
28763.0 201438.0
30936.0 201348.0
31937.0 201297.0

18545.0 205606.0
18596.0 204482.0
19946.0 204475.0
21266.0 204383.0
21342.0 203650.0
21708.0 203562.0
22263.0 203375.0
23950.0 203222.0
24731.0 203072.0
24801.0 202656.0
25513.0 201754.0
28763.0 201252.0
32013.0 200381.0
39434.0 200282.0

18545.0 210013.0
18596.0 205297.0
18615.0 204703.0
19946.0 204696.0
21266.0 204383.0
21342.0 203908.0
21708.0 203434.0
22902.0 203103.0
24592.0 202999.0
24750.0 202770.0
25513.0 201991.0
28687.0 201829.0
28763.0 201703.0
29684.0 201397.0

18545.0 210013.0
18596.0 205297.0
19313.0 204858.0
19946.0 204844.0
21190.0 204819.0
21266.0 204023.0
21342.0 203908.0
21587.0 203378.0
21708.0 202802.0
22263.0 202367.0
24801.0 201376.0
25513.0 199622.0
28763.0 198933.0
31937.0 198881.0


