22495.0 228953.0
24085.0 226817.0
24785.0 226305.0
25437.0 225043.0
25513.0 221674.0
27166.0 220406.0

22740.0 249191.0
25010.0 241793.0
25490.0 239354.0
28687.0 237617.0

22740.0 249191.0
25010.0 241793.0
25490.0 239354.0
28687.0 237617.0

22740.0 249191.0
25010.0 241793.0
25490.0 239354.0
28687.0 237617.0

22740.0 249191.0
25010.0 241793.0
25490.0 239354.0
28687.0 237617.0

22740.0 249191.0
25010.0 241793.0
25490.0 239354.0
28687.0 237617.0

22740.0 249191.0
25010.0 241793.0
25490.0 239354.0
28687.0 237617.0

22740.0 249191.0
25010.0 241793.0
25490.0 239354.0
28687.0 237617.0

22740.0 249191.0
25010.0 241793.0
25490.0 239354.0
28687.0 237617.0

22740.0 249191.0
25010.0 241793.0
25490.0 239354.0
28687.0 237617.0

22740.0 249191.0
25010.0 241793.0
25490.0 239354.0
28687.0 237617.0


