16816.0 42632.0
16956.0 42496.0
16990.0 41568.0
17516.0 41173.0
18016.0 41074.0
18092.0 40646.0
18596.0 40337.0
19912.0 40313.0
21342.0 40211.0
21708.0 40042.0
25513.0 39855.0
28687.0 39844.0
28763.0 39699.0

16816.0 42632.0
16956.0 42496.0
16990.0 41568.0
17516.0 41173.0
18016.0 41074.0
18092.0 40646.0
18596.0 40337.0
19912.0 40313.0
21342.0 40211.0
21708.0 40042.0
25513.0 39855.0
28687.0 39844.0
28763.0 39699.0

16816.0 42632.0
16956.0 42496.0
16990.0 41568.0
17516.0 41173.0
18016.0 41074.0
18092.0 40646.0
18596.0 40337.0
19912.0 40313.0
21342.0 40211.0
21708.0 40042.0
25513.0 39855.0
28687.0 39844.0
28763.0 39699.0

16816.0 42632.0
16956.0 42496.0
16990.0 41568.0
17516.0 41173.0
18016.0 41074.0
18092.0 40646.0
18596.0 40337.0
19912.0 40313.0
21342.0 40211.0
21708.0 40042.0
25513.0 39855.0
28687.0 39844.0
28763.0 39699.0

16816.0 42632.0
16956.0 42496.0
16990.0 41568.0
17516.0 41173.0
18016.0 41074.0
18092.0 40646.0
18596.0 40337.0
19912.0 40313.0
21342.0 40211.0
21708.0 40042.0
25513.0 39855.0
28687.0 39844.0
28763.0 39699.0

16816.0 42632.0
16956.0 42496.0
16990.0 41568.0
17516.0 41173.0
18016.0 41074.0
18092.0 40646.0
18596.0 40337.0
19912.0 40313.0
21342.0 40211.0
21708.0 40042.0
25513.0 39855.0
28687.0 39844.0
28763.0 39699.0

16816.0 42632.0
16956.0 42496.0
16990.0 41568.0
17516.0 41173.0
18016.0 41074.0
18092.0 40646.0
18596.0 40337.0
19912.0 40313.0
21342.0 40211.0
21708.0 40042.0
25513.0 39855.0
28687.0 39844.0
28763.0 39699.0

16816.0 42632.0
16956.0 42496.0
16990.0 41568.0
17516.0 41173.0
18016.0 41074.0
18092.0 40646.0
18596.0 40337.0
19912.0 40313.0
21342.0 40211.0
21708.0 40042.0
25513.0 39855.0
28687.0 39844.0
28763.0 39699.0

16816.0 42632.0
16956.0 42496.0
16990.0 41568.0
17516.0 41173.0
18016.0 41074.0
18092.0 40646.0
18596.0 40337.0
19912.0 40313.0
21342.0 40211.0
21708.0 40042.0
25513.0 39855.0
28687.0 39844.0
28763.0 39699.0

16816.0 42632.0
16956.0 42496.0
16990.0 41568.0
17516.0 41173.0
18016.0 41074.0
18092.0 40646.0
18596.0 40337.0
19912.0 40313.0
21342.0 40211.0
21708.0 40042.0
25513.0 39855.0
28687.0 39844.0
28763.0 39699.0

16816.0 42632.0
16956.0 42496.0
16990.0 41568.0
17516.0 41173.0
18016.0 41074.0
18092.0 40646.0
18596.0 40337.0
19912.0 40313.0
21342.0 40211.0
21708.0 40042.0
25513.0 39855.0
28687.0 39844.0
28763.0 39699.0


