21689.0 221441.0
22263.0 218400.0
24750.0 217940.0
24937.0 216424.0
25485.0 215388.0
28763.0 215265.0

23416.0 248982.0
24516.0 234920.0
27587.0 234216.0
27913.0 234019.0
28111.0 230764.0
29684.0 228874.0
30237.0 228745.0
31337.0 228431.0
35584.0 227483.0
35961.0 226098.0

23416.0 248982.0
24516.0 234920.0
27587.0 234216.0
27913.0 234019.0
28111.0 230764.0
29684.0 228874.0
30237.0 228745.0
31337.0 228431.0
35584.0 227483.0
35961.0 226098.0

23416.0 248982.0
24516.0 234920.0
27587.0 234216.0
27913.0 234019.0
28111.0 230764.0
29684.0 228874.0
30237.0 228745.0
31337.0 228431.0
35584.0 227483.0
35961.0 226098.0

23416.0 248982.0
24516.0 234920.0
27587.0 234216.0
27913.0 234019.0
28111.0 230764.0
29684.0 228874.0
30237.0 228745.0
31337.0 228431.0
35584.0 227483.0
35961.0 226098.0

23416.0 248982.0
24516.0 234920.0
27587.0 234216.0
27913.0 234019.0
28111.0 230764.0
29684.0 228874.0
30237.0 228745.0
31337.0 228431.0
35584.0 227483.0
35961.0 226098.0

23416.0 248982.0
24516.0 234920.0
27587.0 234216.0
27913.0 234019.0
28111.0 230764.0
29684.0 228874.0
30237.0 228745.0
31337.0 228431.0
35584.0 227483.0
35961.0 226098.0

23416.0 248982.0
24516.0 234920.0
27587.0 234216.0
27913.0 234019.0
28111.0 230764.0
29684.0 228874.0
30237.0 228745.0
31337.0 228431.0
35584.0 227483.0
35961.0 226098.0

23416.0 248982.0
24150.0 235161.0
24516.0 234920.0
27243.0 232725.0
28111.0 230764.0
29684.0 228874.0
30237.0 228745.0
31337.0 228431.0
35584.0 227483.0
35961.0 226098.0

23416.0 248982.0
24516.0 234920.0
27587.0 234216.0
27913.0 234019.0
28111.0 230764.0
29684.0 228874.0
30237.0 228745.0
31337.0 228431.0
35584.0 227483.0
35961.0 226098.0

23416.0 248982.0
24516.0 234920.0
27587.0 234216.0
27913.0 234019.0
28111.0 230764.0
29684.0 228874.0
30237.0 228745.0
31337.0 228431.0
35584.0 227483.0
35961.0 226098.0


