18545.0 126961.0
18596.0 123301.0
18615.0 121802.0
19471.0 121778.0
20345.0 121757.0
20387.0 121738.0
21266.0 121735.0
21342.0 120874.0
21708.0 120548.0
24592.0 120275.0
27843.0 120152.0
28687.0 119897.0
28763.0 119306.0
31937.0 119273.0
36108.0 119059.0
36184.0 118640.0
43605.0 118454.0
46779.0 118427.0

18092.0 130576.0
18545.0 124673.0
18596.0 122132.0
18615.0 121323.0
20387.0 121299.0
21266.0 121280.0
21342.0 121035.0
21708.0 120464.0
24516.0 120461.0
24592.0 120425.0
24801.0 120293.0
25513.0 120038.0
28763.0 119893.0
32934.0 119641.0
36184.0 119503.0
40355.0 119463.0

18092.0 130576.0
18545.0 124673.0
18596.0 122132.0
18615.0 121323.0
20387.0 121299.0
21266.0 121280.0
21342.0 120670.0
21708.0 120440.0
24592.0 120425.0
24801.0 120247.0
25513.0 119971.0
28763.0 119769.0
31937.0 119764.0
32934.0 119419.0

18092.0 130576.0
18545.0 124673.0
18596.0 121989.0
18615.0 121323.0
20387.0 121299.0
21266.0 121274.0
21342.0 120374.0
21708.0 120247.0
24592.0 120208.0
25513.0 120038.0
28763.0 119514.0
36184.0 119459.0

18092.0 130576.0
18545.0 124673.0
18596.0 122108.0
18615.0 121195.0
19912.0 121147.0
21342.0 120631.0
21708.0 120328.0
24516.0 120325.0
24592.0 120269.0
24801.0 120247.0
24820.0 120064.0
25513.0 120038.0
28763.0 119301.0
36184.0 118912.0

18092.0 130576.0
18447.0 125285.0
18545.0 124673.0
18596.0 122021.0
18615.0 121323.0
20387.0 121299.0
21266.0 121274.0
21342.0 120374.0
24516.0 120311.0
24592.0 120233.0
25513.0 120038.0
28763.0 119521.0
36184.0 119503.0
40355.0 119463.0

18092.0 130576.0
18545.0 124673.0
18596.0 122132.0
18615.0 121323.0
20387.0 121299.0
21266.0 121280.0
21342.0 120374.0
21708.0 120285.0
24516.0 120242.0
24592.0 120226.0
24820.0 120175.0
25513.0 119977.0
28763.0 119470.0
32934.0 119347.0
36184.0 119237.0

18092.0 127095.0
18545.0 124673.0
18596.0 122132.0
18615.0 121323.0
20387.0 121299.0
21266.0 121274.0
21342.0 120374.0
21708.0 120285.0
24516.0 120242.0
24592.0 120226.0
25513.0 119977.0
28763.0 119590.0
32934.0 119347.0

18092.0 130576.0
18312.0 124884.0
18545.0 124673.0
18596.0 121657.0
18615.0 121283.0
19912.0 121259.0
21266.0 121234.0
21342.0 120342.0
21708.0 120228.0
24516.0 120225.0
24592.0 120080.0
24820.0 120029.0
25513.0 119870.0
27843.0 119679.0
27894.0 119620.0
28763.0 119443.0
36184.0 119100.0

18092.0 124602.0
18596.0 122021.0
18615.0 121323.0
20387.0 121275.0
21266.0 121274.0
21342.0 120374.0
21708.0 120223.0
24592.0 120208.0
24820.0 120175.0
25513.0 119977.0
28763.0 119194.0
31937.0 119190.0
32013.0 119155.0

18092.0 130576.0
18545.0 122437.0
18596.0 122021.0
18615.0 121323.0
20387.0 121299.0
21266.0 121274.0
21342.0 120374.0
21708.0 120247.0
24516.0 120222.0
24801.0 120207.0
24820.0 120175.0
25513.0 119704.0
28763.0 119218.0
31937.0 119191.0
32013.0 119179.0


