22020.0 230360.0
23531.0 227534.0
25010.0 226214.0
25513.0 223881.0
30955.0 222192.0

21708.0 244369.0
24310.0 243304.0
27243.0 240707.0
27966.0 237413.0
28187.0 235649.0

21708.0 244369.0
24310.0 243304.0
27243.0 240707.0
27966.0 237413.0
28187.0 235649.0

21708.0 244369.0
24310.0 243304.0
27243.0 240707.0
27966.0 237413.0
28187.0 235649.0

21708.0 244369.0
24310.0 243304.0
27243.0 240707.0
27966.0 237413.0
28187.0 235649.0

21708.0 244369.0
24310.0 243304.0
27243.0 240707.0
27966.0 237413.0
28187.0 235649.0

21708.0 244369.0
24310.0 243304.0
27243.0 240707.0
27966.0 237413.0
28187.0 235649.0

21708.0 244369.0
24310.0 243304.0
27243.0 240707.0
27966.0 237413.0
28187.0 235649.0

21708.0 244369.0
24310.0 243304.0
26443.0 240568.0
27966.0 237413.0
28187.0 235649.0

21708.0 244369.0
24310.0 243304.0
27243.0 240707.0
27966.0 237413.0
28187.0 235649.0

21708.0 244369.0
24310.0 243304.0
27243.0 240707.0
27966.0 237413.0
28187.0 235649.0


