16495.0 46247.0
16515.0 41828.0
16816.0 41366.0
17516.0 41134.0
18016.0 41053.0
18092.0 40646.0
18545.0 40629.0
18596.0 40337.0
19912.0 40313.0
21266.0 40310.0
21342.0 40064.0
21708.0 39975.0
24516.0 39972.0
24592.0 39915.0
24820.0 39884.0
25513.0 39758.0
28763.0 39631.0
31937.0 39629.0
32013.0 39572.0
32934.0 39536.0
36184.0 39386.0
39434.0 39326.0

16515.0 41515.0
16595.0 41120.0
17095.0 41021.0
17171.0 40835.0
18092.0 40466.0
18545.0 40444.0
18596.0 40337.0
19912.0 40313.0
21266.0 40312.0
21342.0 40064.0
21708.0 39975.0
25513.0 39782.0
27894.0 39781.0
28687.0 39757.0
28763.0 39632.0
32934.0 39549.0
36184.0 39399.0

16515.0 41448.0
16595.0 41053.0
17095.0 40954.0
17171.0 40768.0
18092.0 40466.0
18545.0 40444.0
18596.0 40337.0
19912.0 40313.0
21266.0 40312.0
21342.0 40064.0
21708.0 39975.0
25513.0 39758.0
28687.0 39757.0
28763.0 39632.0
32934.0 39525.0
36184.0 39399.0

16515.0 41267.0
16595.0 41053.0
17095.0 40954.0
17171.0 40768.0
18092.0 40466.0
18545.0 40444.0
18596.0 40337.0
19912.0 40313.0
21266.0 40312.0
21342.0 40064.0
21708.0 39975.0
24516.0 39974.0
24592.0 39940.0
25513.0 39758.0
28687.0 39757.0
28763.0 39632.0
31937.0 39631.0
32013.0 39597.0
32934.0 39525.0
36184.0 39399.0

16515.0 41448.0
16595.0 41053.0
17095.0 40954.0
17171.0 40768.0
18092.0 40466.0
18545.0 40444.0
18596.0 40337.0
19912.0 40313.0
21266.0 40312.0
21342.0 40064.0
21708.0 39975.0
25513.0 39758.0
28687.0 39757.0
28763.0 39632.0
32934.0 39525.0
36184.0 39399.0

16515.0 41515.0
16595.0 41120.0
17095.0 41021.0
17171.0 40835.0
18092.0 40466.0
18545.0 40444.0
18596.0 40337.0
19912.0 40313.0
21266.0 40312.0
21342.0 40064.0
21708.0 39975.0
25513.0 39758.0
28687.0 39757.0
28763.0 39632.0
32934.0 39525.0
36184.0 39399.0

16515.0 41448.0
16595.0 41053.0
17095.0 40954.0
17171.0 40768.0
18092.0 40466.0
18545.0 40444.0
18596.0 40337.0
19912.0 40313.0
21266.0 40312.0
21342.0 40064.0
21708.0 39975.0
25513.0 39758.0
28687.0 39757.0
28763.0 39632.0
32934.0 39525.0
36184.0 39399.0

16515.0 41448.0
16595.0 41053.0
17095.0 40954.0
17171.0 40768.0
18092.0 40466.0
18545.0 40444.0
18596.0 40337.0
19912.0 40313.0
21266.0 40312.0
21342.0 40064.0
21708.0 39975.0
24592.0 39940.0
25513.0 39758.0
28687.0 39757.0
28763.0 39632.0
32934.0 39525.0
36184.0 39399.0

16515.0 41448.0
16595.0 41053.0
17095.0 40954.0
17171.0 40768.0
18092.0 40466.0
18545.0 40444.0
18596.0 40337.0
19912.0 40313.0
21266.0 40312.0
21342.0 40064.0
21708.0 39975.0
25513.0 39758.0
28687.0 39757.0
28763.0 39632.0
32934.0 39525.0
36184.0 39399.0

16515.0 41448.0
16595.0 41053.0
17095.0 40954.0
17171.0 40768.0
18092.0 40466.0
18545.0 40444.0
18596.0 40337.0
19912.0 40313.0
21266.0 40312.0
21342.0 40064.0
21708.0 39975.0
25513.0 39758.0
28687.0 39757.0
28763.0 39632.0
32934.0 39525.0
36184.0 39399.0

16515.0 41515.0
16595.0 41120.0
17095.0 41021.0
17171.0 40835.0
18092.0 40466.0
18545.0 40444.0
18596.0 40337.0
19912.0 40313.0
21266.0 40312.0
21342.0 40064.0
21708.0 39975.0
25513.0 39782.0
27894.0 39781.0
28687.0 39757.0
28763.0 39632.0
32934.0 39549.0
36184.0 39399.0


