24720.0 261988.0
24751.0 226984.0
25513.0 224115.0
27294.0 223903.0
30256.0 221869.0

20438.0 253105.0
22816.0 252780.0
23854.0 252407.0
23916.0 246162.0
25513.0 235972.0
26600.0 235551.0
28756.0 233409.0
30737.0 230144.0

20438.0 253105.0
22816.0 252780.0
23854.0 252407.0
23916.0 246162.0
25513.0 235972.0
26600.0 235551.0
28756.0 233409.0
30737.0 230144.0

20438.0 253105.0
22816.0 252780.0
23854.0 252407.0
23916.0 246162.0
25513.0 235972.0
26600.0 235551.0
28756.0 233409.0
30737.0 230144.0

20438.0 253105.0
22816.0 252780.0
23854.0 252407.0
23916.0 246162.0
25513.0 235972.0
26600.0 235551.0
28756.0 233409.0
30737.0 230144.0

20438.0 253105.0
22816.0 252780.0
23854.0 252407.0
23916.0 246162.0
25513.0 235972.0
26600.0 235551.0
28756.0 233409.0
30737.0 230144.0

20438.0 253105.0
22816.0 252780.0
23854.0 252407.0
23916.0 246162.0
25513.0 235972.0
26600.0 235551.0
28756.0 233409.0
30737.0 230144.0

20438.0 253105.0
22816.0 252780.0
23854.0 252407.0
23916.0 246162.0
25513.0 235972.0
26600.0 235551.0
28756.0 233409.0
30737.0 230144.0

20438.0 253105.0
22816.0 252780.0
23854.0 252407.0
23916.0 246162.0
25513.0 235972.0
26600.0 235551.0
28756.0 233409.0
30737.0 230144.0

20438.0 253105.0
22816.0 252780.0
23854.0 252407.0
23916.0 246162.0
25513.0 235972.0
26600.0 235551.0
28756.0 233409.0
30737.0 230144.0

20438.0 253105.0
22816.0 252780.0
23854.0 252407.0
23916.0 246162.0
25513.0 235972.0
26600.0 235551.0
28756.0 233409.0
30737.0 230144.0


