16156.0 42050.0
16595.0 41818.0
16956.0 41707.0
17095.0 41644.0
18092.0 40854.0
18596.0 40520.0
18615.0 40508.0
20387.0 40484.0
21266.0 40483.0
21342.0 40129.0
21708.0 40040.0
24592.0 39980.0
28763.0 39825.0
32013.0 39717.0
36184.0 39584.0
39434.0 39460.0

16156.0 42050.0
16595.0 41818.0
16956.0 41707.0
17095.0 41644.0
18092.0 40854.0
18596.0 40520.0
18615.0 40508.0
20387.0 40484.0
21266.0 40483.0
21342.0 40129.0
21708.0 40040.0
24592.0 39980.0
28763.0 39825.0
32013.0 39717.0
36184.0 39584.0
39434.0 39460.0

16156.0 42050.0
16595.0 41818.0
16956.0 41707.0
17095.0 41644.0
18092.0 40854.0
18596.0 40520.0
18615.0 40508.0
20387.0 40484.0
21266.0 40483.0
21342.0 40129.0
21708.0 40040.0
24592.0 39980.0
28763.0 39825.0
32013.0 39717.0
36184.0 39584.0
39434.0 39460.0

16156.0 42050.0
16595.0 41818.0
16956.0 41707.0
17095.0 41644.0
18092.0 40854.0
18596.0 40520.0
18615.0 40508.0
20387.0 40484.0
21266.0 40483.0
21342.0 40129.0
21708.0 40040.0
24592.0 39980.0
28763.0 39825.0
32013.0 39717.0
36184.0 39584.0
39434.0 39460.0

16156.0 42050.0
16595.0 41818.0
16956.0 41707.0
17095.0 41644.0
18092.0 40854.0
18596.0 40520.0
18615.0 40508.0
20387.0 40484.0
21266.0 40483.0
21342.0 40129.0
21708.0 40040.0
24592.0 39980.0
28763.0 39825.0
32013.0 39717.0
36184.0 39584.0
39434.0 39460.0

16156.0 42050.0
16595.0 41818.0
16956.0 41707.0
17095.0 41644.0
18092.0 40854.0
18596.0 40520.0
18615.0 40508.0
20387.0 40484.0
21266.0 40483.0
21342.0 40129.0
21708.0 40040.0
24592.0 39980.0
28763.0 39825.0
32013.0 39717.0
36184.0 39584.0
39434.0 39460.0

16156.0 42050.0
16595.0 41818.0
16956.0 41707.0
17095.0 41644.0
18092.0 40854.0
18596.0 40520.0
18615.0 40508.0
20387.0 40484.0
21266.0 40483.0
21342.0 40129.0
21708.0 40040.0
24592.0 39980.0
28763.0 39825.0
32013.0 39717.0
36184.0 39584.0
39434.0 39460.0

16156.0 42050.0
16595.0 41818.0
16956.0 41707.0
17095.0 41644.0
18092.0 40854.0
18596.0 40520.0
18615.0 40508.0
20387.0 40484.0
21266.0 40483.0
21342.0 40129.0
21708.0 40040.0
24592.0 39980.0
28763.0 39825.0
32013.0 39717.0
36184.0 39584.0
39434.0 39460.0

16156.0 42050.0
16595.0 41818.0
16956.0 41707.0
17095.0 41644.0
18092.0 40854.0
18596.0 40520.0
18615.0 40508.0
20387.0 40484.0
21266.0 40483.0
21342.0 40129.0
21708.0 40040.0
24592.0 39980.0
28763.0 39825.0
32013.0 39717.0
36184.0 39584.0
39434.0 39460.0

16156.0 42050.0
16595.0 41818.0
16956.0 41707.0
17095.0 41644.0
18092.0 40854.0
18596.0 40520.0
18615.0 40508.0
20387.0 40484.0
21266.0 40483.0
21342.0 40129.0
21708.0 40040.0
24592.0 39980.0
28763.0 39825.0
32013.0 39717.0
36184.0 39584.0
39434.0 39460.0

16156.0 42050.0
16595.0 41818.0
16956.0 41707.0
17095.0 41644.0
18092.0 40854.0
18596.0 40520.0
18615.0 40508.0
20387.0 40484.0
21266.0 40483.0
21342.0 40129.0
21708.0 40040.0
24592.0 39980.0
28763.0 39825.0
32013.0 39717.0
36184.0 39584.0
39434.0 39460.0


