16515.0 41473.0
16519.0 41427.0
16595.0 41241.0
17095.0 41178.0
17745.0 40813.0
18092.0 40466.0
18545.0 40444.0
18596.0 40337.0
19912.0 40313.0
21266.0 40310.0
21342.0 40064.0
21708.0 39975.0
24516.0 39972.0
24592.0 39915.0
24820.0 39865.0
25513.0 39758.0
27894.0 39757.0
28687.0 39754.0
28763.0 39631.0
31937.0 39628.0
32013.0 39572.0
32934.0 39511.0
36108.0 39509.0
36184.0 39385.0
39358.0 39382.0
39434.0 39326.0
40355.0 39278.0
43605.0 39152.0
46855.0 39093.0

16023.0 42389.0
16515.0 41334.0
17095.0 41039.0
17171.0 40835.0
18092.0 40466.0
18545.0 40449.0
18596.0 40337.0
19912.0 40313.0
21266.0 40310.0
21342.0 40064.0
21708.0 39975.0
24592.0 39915.0
25513.0 39758.0
28763.0 39632.0
32013.0 39572.0
32934.0 39549.0
36108.0 39524.0
36184.0 39386.0
39434.0 39339.0
40355.0 39303.0
43605.0 39177.0

16023.0 42389.0
16515.0 41334.0
17095.0 41039.0
17171.0 40835.0
18092.0 40466.0
18545.0 40449.0
18596.0 40337.0
19912.0 40313.0
21266.0 40310.0
21342.0 40064.0
21708.0 39975.0
24516.0 39974.0
24592.0 39915.0
25513.0 39758.0
28763.0 39632.0
31937.0 39629.0
32013.0 39572.0
32934.0 39549.0
36108.0 39524.0
36184.0 39386.0
39358.0 39383.0
39434.0 39339.0
40355.0 39303.0
43605.0 39153.0

16023.0 42389.0
16156.0 41946.0
16515.0 41267.0
16595.0 41035.0
17095.0 40972.0
17171.0 40768.0
18092.0 40466.0
18545.0 40444.0
18596.0 40337.0
19912.0 40313.0
21266.0 40310.0
21342.0 40064.0
21708.0 39975.0
24516.0 39972.0
24592.0 39915.0
25513.0 39758.0
28687.0 39757.0
28763.0 39632.0
31937.0 39631.0
32013.0 39572.0
32934.0 39548.0
36108.0 39524.0
36184.0 39386.0
39434.0 39339.0
40355.0 39303.0
43605.0 39177.0
46779.0 39152.0

16023.0 42389.0
16156.0 41946.0
16515.0 41267.0
16595.0 41035.0
17095.0 40972.0
17171.0 40835.0
18092.0 40466.0
18545.0 40449.0
18596.0 40337.0
19912.0 40313.0
21266.0 40310.0
21342.0 40064.0
21708.0 39975.0
24516.0 39974.0
24592.0 39915.0
25513.0 39758.0
27894.0 39757.0
28763.0 39631.0
32013.0 39572.0
32934.0 39512.0
36184.0 39386.0
39434.0 39339.0
40355.0 39303.0
43605.0 39177.0
46779.0 39152.0

16023.0 42389.0
16156.0 41946.0
16515.0 41267.0
16595.0 41035.0
17095.0 40972.0
17171.0 40744.0
18092.0 40466.0
18545.0 40444.0
18596.0 40337.0
19912.0 40313.0
21266.0 40310.0
21342.0 40064.0
21708.0 39975.0
24516.0 39972.0
24592.0 39915.0
25513.0 39758.0
27894.0 39757.0
28763.0 39631.0
31937.0 39628.0
32013.0 39572.0
32934.0 39511.0
36184.0 39385.0
39434.0 39339.0
40355.0 39303.0
43605.0 39177.0

16023.0 42389.0
16515.0 41334.0
17095.0 41039.0
17171.0 40835.0
18092.0 40466.0
18545.0 40444.0
18596.0 40337.0
19912.0 40313.0
21266.0 40310.0
21342.0 40064.0
21708.0 39975.0
24592.0 39915.0
24820.0 39889.0
25513.0 39758.0
27894.0 39757.0
28763.0 39631.0
31937.0 39629.0
32013.0 39572.0
32934.0 39512.0
36184.0 39386.0
39358.0 39383.0
39434.0 39339.0
40355.0 39303.0
43605.0 39153.0

16023.0 42383.0
16156.0 41946.0
16515.0 41267.0
16595.0 41035.0
17095.0 40954.0
17171.0 40768.0
18092.0 40466.0
18545.0 40444.0
18596.0 40337.0
19912.0 40313.0
21266.0 40310.0
21342.0 40064.0
21708.0 39975.0
24516.0 39972.0
24592.0 39915.0
24820.0 39884.0
25513.0 39758.0
27894.0 39757.0
28763.0 39631.0
31937.0 39629.0
32013.0 39572.0
32934.0 39512.0
36184.0 39386.0
39358.0 39383.0
39434.0 39326.0
40355.0 39303.0
43605.0 39153.0
46855.0 39117.0
54276.0 39035.0

16023.0 42389.0
16515.0 41267.0
16595.0 41035.0
17095.0 40972.0
17171.0 40768.0
18092.0 40466.0
18545.0 40444.0
18596.0 40337.0
19912.0 40313.0
21266.0 40310.0
21342.0 40064.0
21708.0 39975.0
24516.0 39974.0
24592.0 39915.0
24820.0 39889.0
25513.0 39758.0
27894.0 39757.0
28763.0 39631.0
31937.0 39629.0
32013.0 39572.0
32934.0 39512.0
36184.0 39386.0
39358.0 39383.0
39434.0 39339.0
40355.0 39303.0
43605.0 39153.0

16023.0 42383.0
16156.0 41946.0
16515.0 41267.0
16595.0 41053.0
17095.0 40954.0
17171.0 40744.0
18092.0 40466.0
18545.0 40444.0
18596.0 40337.0
19912.0 40313.0
21266.0 40310.0
21342.0 40064.0
21708.0 39975.0
24516.0 39972.0
24592.0 39915.0
24820.0 39889.0
25513.0 39758.0
28687.0 39757.0
28763.0 39632.0
31937.0 39631.0
32013.0 39572.0
32934.0 39512.0
36108.0 39511.0
36184.0 39386.0
39434.0 39339.0
40355.0 39279.0
43605.0 39153.0
46855.0 39094.0

16023.0 42389.0
16156.0 41946.0
16515.0 41267.0
16595.0 41035.0
17095.0 40954.0
17171.0 40768.0
18092.0 40466.0
18545.0 40444.0
18596.0 40337.0
19912.0 40313.0
21266.0 40310.0
21342.0 40064.0
21708.0 39975.0
24516.0 39972.0
24592.0 39915.0
24820.0 39865.0
25513.0 39758.0
28687.0 39755.0
28763.0 39631.0
31937.0 39630.0
32013.0 39572.0
32934.0 39512.0
36108.0 39511.0
36184.0 39385.0
39434.0 39326.0
40355.0 39303.0
43605.0 39153.0
50029.0 39138.0
51026.0 39095.0
54200.0 39092.0
57450.0 39056.0


