18513.0 212275.0
18596.0 207495.0
18615.0 204585.0
19112.0 204106.0
19912.0 204036.0
20766.0 203958.0
21342.0 203006.0
21708.0 202091.0
24516.0 201939.0
25513.0 201221.0
27843.0 201028.0
28687.0 200469.0
28763.0 200032.0
31937.0 199906.0
34611.0 199903.0
35608.0 199595.0
43029.0 199513.0

19505.0 215666.0
19587.0 211047.0
20742.0 209931.0
21266.0 207648.0
21342.0 205786.0
21657.0 205697.0
21661.0 205148.0
22263.0 204228.0
24016.0 203929.0
24592.0 203769.0
24801.0 203205.0
25513.0 202709.0
27587.0 202691.0
28763.0 202244.0
29736.0 201895.0
30936.0 201871.0

18615.0 210490.0
19845.0 208317.0
20742.0 208027.0
20838.0 206578.0
21342.0 204761.0
21689.0 203942.0
22263.0 203577.0
24516.0 203243.0
24592.0 203028.0
24801.0 202934.0
25513.0 202484.0
28763.0 202244.0
29736.0 201871.0

18596.0 213854.0
18805.0 213170.0
18922.0 212511.0
19245.0 211045.0
19505.0 209365.0
20066.0 208282.0
20742.0 207880.0
20766.0 207855.0
20838.0 206894.0
21342.0 204585.0
21708.0 204461.0
22263.0 203665.0
24592.0 202999.0
25513.0 202421.0
28111.0 201964.0
29736.0 201895.0
30936.0 201871.0

18596.0 213578.0
18615.0 210529.0
18671.0 209346.0
19505.0 207203.0
20066.0 207051.0
20345.0 206864.0
20742.0 206344.0
21266.0 205861.0
21342.0 204422.0
21708.0 203550.0
24592.0 203083.0
24750.0 203064.0
25513.0 202415.0
28763.0 202244.0
29736.0 201871.0

18312.0 218567.0
18596.0 211966.0
18922.0 209929.0
19505.0 208529.0
19980.0 208424.0
20178.0 208342.0
20742.0 208166.0
20766.0 206309.0
21266.0 204886.0
21342.0 203895.0
21689.0 203822.0
21708.0 203345.0
24592.0 202999.0
25513.0 202099.0
28111.0 201902.0
28763.0 201717.0

19245.0 215534.0
19247.0 212850.0
19587.0 211047.0
19845.0 210639.0
20742.0 209931.0
21266.0 207648.0
21342.0 204965.0
21689.0 204814.0
21708.0 204002.0
22263.0 203934.0
23931.0 203740.0
24592.0 202884.0
25513.0 202590.0
27266.0 201635.0
28763.0 201425.0

18887.0 216982.0
19146.0 213793.0
19247.0 212850.0
19587.0 211047.0
19845.0 210639.0
20345.0 210389.0
20438.0 207739.0
21266.0 207648.0
21342.0 204289.0
21708.0 204042.0
22263.0 203934.0
23931.0 203740.0
24592.0 202884.0
24801.0 202714.0
25513.0 202590.0
27266.0 201635.0
28763.0 201425.0

18596.0 215840.0
18615.0 215628.0
18856.0 215516.0
19247.0 212850.0
19587.0 211047.0
19845.0 210639.0
20742.0 209931.0
21266.0 207648.0
21342.0 204965.0
21689.0 204814.0
21708.0 204002.0
22263.0 203934.0
23931.0 203740.0
24592.0 202884.0
25513.0 202590.0
27266.0 201635.0
28763.0 201425.0

18596.0 210948.0
19946.0 209103.0
19980.0 207997.0
20766.0 207462.0
21342.0 204875.0
21587.0 204777.0
21638.0 204592.0
21657.0 204529.0
21708.0 204083.0
22263.0 203567.0
24592.0 202999.0
25513.0 202604.0
26643.0 202476.0
27043.0 202445.0
27843.0 202170.0
28763.0 201855.0

18596.0 210286.0
19471.0 207773.0
19769.0 207440.0
20421.0 207294.0
20766.0 206843.0
20838.0 206287.0
20857.0 206043.0
21342.0 204006.0
21638.0 203906.0
21657.0 203838.0
21708.0 203485.0
22263.0 202870.0
24592.0 202325.0
24801.0 202193.0
24820.0 202145.0
25513.0 201731.0
27843.0 201613.0
27894.0 201527.0
28763.0 200495.0
32358.0 200307.0
34190.0 199733.0
49032.0 199416.0
60700.0 197202.0
63874.0 194860.0


