16726.0 43963.0
16816.0 42531.0
16990.0 41569.0
17516.0 41337.0
18016.0 41274.0
18092.0 40694.0
18545.0 40672.0
18596.0 40565.0
19912.0 40541.0
20766.0 40503.0
21266.0 40422.0
21342.0 40064.0
21708.0 40063.0
24592.0 39915.0
27913.0 39864.0
28763.0 39655.0
32013.0 39573.0

16726.0 43963.0
16816.0 42531.0
16990.0 41569.0
17516.0 41337.0
18016.0 41274.0
18092.0 40694.0
18545.0 40672.0
18596.0 40565.0
19912.0 40541.0
20766.0 40503.0
21266.0 40422.0
21342.0 40064.0
21708.0 40063.0
24592.0 39915.0
27913.0 39864.0
28763.0 39655.0
32013.0 39573.0

16726.0 43963.0
16816.0 42531.0
16990.0 41569.0
17516.0 41337.0
18016.0 41274.0
18092.0 40694.0
18545.0 40672.0
18596.0 40565.0
19912.0 40541.0
20766.0 40503.0
21266.0 40422.0
21342.0 40064.0
21708.0 40063.0
24592.0 39915.0
27913.0 39864.0
28763.0 39655.0
32013.0 39573.0

16726.0 43963.0
16816.0 42531.0
16990.0 41569.0
17516.0 41337.0
18016.0 41274.0
18092.0 40694.0
18545.0 40672.0
18596.0 40565.0
19912.0 40541.0
20766.0 40503.0
21266.0 40422.0
21342.0 40064.0
21708.0 40063.0
24592.0 39915.0
27913.0 39864.0
28763.0 39655.0
32013.0 39573.0

16726.0 43963.0
16816.0 42531.0
16990.0 41569.0
17516.0 41337.0
18016.0 41274.0
18092.0 40694.0
18545.0 40672.0
18596.0 40565.0
19912.0 40541.0
20766.0 40503.0
21266.0 40422.0
21342.0 40064.0
21708.0 40063.0
24592.0 39915.0
27913.0 39864.0
28763.0 39655.0
32013.0 39573.0

16726.0 43963.0
16816.0 42531.0
16990.0 41569.0
17516.0 41337.0
18016.0 41274.0
18092.0 40694.0
18545.0 40672.0
18596.0 40565.0
19912.0 40541.0
20766.0 40503.0
21266.0 40422.0
21342.0 40064.0
21708.0 40063.0
24592.0 39915.0
27913.0 39864.0
28763.0 39655.0
32013.0 39573.0

16726.0 43963.0
16816.0 42531.0
16990.0 41569.0
17516.0 41337.0
18016.0 41274.0
18092.0 40694.0
18545.0 40672.0
18596.0 40565.0
19912.0 40541.0
20766.0 40503.0
21266.0 40422.0
21342.0 40064.0
21708.0 40063.0
24592.0 39915.0
27913.0 39864.0
28763.0 39655.0
32013.0 39573.0

16726.0 43963.0
16816.0 42531.0
16990.0 41569.0
17516.0 41337.0
18016.0 41274.0
18092.0 40694.0
18545.0 40672.0
18596.0 40565.0
19912.0 40541.0
20766.0 40503.0
21266.0 40422.0
21342.0 40064.0
21708.0 40063.0
24592.0 39915.0
27913.0 39864.0
28763.0 39655.0
32013.0 39573.0

16726.0 43963.0
16816.0 42531.0
16990.0 41569.0
17516.0 41337.0
18016.0 41274.0
18092.0 40694.0
18545.0 40672.0
18596.0 40565.0
19912.0 40541.0
20766.0 40503.0
21266.0 40422.0
21342.0 40064.0
21708.0 40063.0
24592.0 39915.0
27913.0 39864.0
28763.0 39655.0
32013.0 39573.0

16726.0 43963.0
16816.0 42531.0
16990.0 41569.0
17516.0 41337.0
18016.0 41274.0
18092.0 40694.0
18545.0 40672.0
18596.0 40565.0
19912.0 40541.0
20766.0 40503.0
21266.0 40422.0
21342.0 40064.0
21708.0 40063.0
24592.0 39915.0
27913.0 39864.0
28763.0 39655.0
32013.0 39573.0

16726.0 43963.0
16816.0 42531.0
16990.0 41569.0
17516.0 41337.0
18016.0 41274.0
18092.0 40694.0
18545.0 40672.0
18596.0 40565.0
19912.0 40541.0
20766.0 40503.0
21266.0 40422.0
21342.0 40064.0
21708.0 40063.0
24592.0 39915.0
27913.0 39864.0
28763.0 39655.0
32013.0 39573.0


