16745.0 42966.0
16816.0 41843.0
16956.0 41773.0
16990.0 41577.0
17516.0 41182.0
18016.0 41083.0
18092.0 40466.0
18596.0 40367.0
19912.0 40343.0
21266.0 40340.0
21342.0 40064.0
21708.0 39975.0
24516.0 39972.0
24592.0 39915.0
24820.0 39865.0
25513.0 39758.0
27894.0 39757.0
28687.0 39754.0
28763.0 39631.0
31937.0 39628.0
32013.0 39572.0
32934.0 39511.0
36108.0 39508.0
36184.0 39385.0
39358.0 39382.0
39434.0 39326.0
40355.0 39278.0
43529.0 39276.0
43605.0 39152.0
46779.0 39149.0
46855.0 39093.0
50029.0 39091.0
51026.0 39071.0

16122.0 44465.0
16515.0 41473.0
16519.0 41463.0
16595.0 41259.0
17171.0 40744.0
18092.0 40466.0
18545.0 40444.0
18596.0 40337.0
19912.0 40313.0
21266.0 40310.0
21342.0 40064.0
21708.0 39975.0
24516.0 39972.0
24592.0 39934.0
24820.0 39884.0
25513.0 39758.0
27894.0 39757.0
28763.0 39632.0
32013.0 39573.0
32934.0 39512.0
36184.0 39386.0
40355.0 39303.0
46855.0 39118.0
50105.0 39065.0

16122.0 44465.0
16515.0 41473.0
16519.0 41463.0
16595.0 41259.0
17095.0 41039.0
17171.0 40744.0
18092.0 40466.0
18545.0 40444.0
18596.0 40337.0
19912.0 40313.0
21266.0 40310.0
21342.0 40064.0
21708.0 39975.0
24516.0 39972.0
24592.0 39934.0
24820.0 39884.0
25513.0 39758.0
27894.0 39757.0
28763.0 39632.0
32013.0 39573.0
32934.0 39512.0
36184.0 39386.0
40355.0 39303.0
46855.0 39118.0
50105.0 39065.0

16023.0 42322.0
16156.0 41879.0
16515.0 41382.0
16595.0 41102.0
17095.0 41021.0
17171.0 40744.0
18092.0 40466.0
18545.0 40444.0
18596.0 40337.0
19912.0 40313.0
21266.0 40310.0
21342.0 40064.0
21708.0 39975.0
24516.0 39972.0
24592.0 39934.0
24820.0 39884.0
25513.0 39758.0
27894.0 39757.0
28763.0 39632.0
32013.0 39573.0
32934.0 39512.0
36184.0 39386.0
40355.0 39303.0
43605.0 39193.0
46855.0 39118.0
50105.0 39065.0

16122.0 43872.0
16515.0 41473.0
16519.0 41427.0
16595.0 41120.0
17095.0 41021.0
17171.0 40744.0
18092.0 40466.0
18545.0 40444.0
18596.0 40337.0
19912.0 40313.0
21266.0 40310.0
21342.0 40064.0
21708.0 39975.0
24516.0 39972.0
24592.0 39934.0
24820.0 39884.0
25513.0 39758.0
27894.0 39757.0
28763.0 39632.0
31937.0 39629.0
32013.0 39573.0
32934.0 39512.0
36184.0 39386.0
40355.0 39303.0
46855.0 39118.0
50105.0 39065.0

16023.0 44223.0
16122.0 43872.0
16156.0 43020.0
16515.0 41334.0
16595.0 41102.0
17095.0 41039.0
17171.0 40744.0
18092.0 40466.0
18545.0 40444.0
18596.0 40337.0
19912.0 40313.0
21266.0 40310.0
21342.0 40064.0
21708.0 39975.0
24516.0 39972.0
24592.0 39916.0
24820.0 39865.0
25513.0 39758.0
27894.0 39757.0
28687.0 39755.0
28763.0 39632.0
31937.0 39629.0
32013.0 39573.0
32934.0 39512.0
36108.0 39511.0
36184.0 39386.0
40355.0 39303.0
43605.0 39193.0
46855.0 39118.0
50105.0 39065.0

16122.0 43872.0
16515.0 41473.0
16519.0 41463.0
16595.0 41259.0
17095.0 41039.0
17171.0 40744.0
18092.0 40466.0
18545.0 40444.0
18596.0 40337.0
19912.0 40313.0
21266.0 40310.0
21342.0 40064.0
21708.0 39975.0
24516.0 39972.0
24592.0 39915.0
24820.0 39884.0
25513.0 39758.0
27894.0 39757.0
28763.0 39632.0
32013.0 39572.0
32934.0 39512.0
36184.0 39386.0
40355.0 39303.0
43605.0 39177.0
46855.0 39117.0
50105.0 39065.0

16023.0 43359.0
16156.0 42916.0
16495.0 42853.0
16515.0 41382.0
16595.0 41120.0
17095.0 41039.0
17171.0 40744.0
18092.0 40466.0
18545.0 40444.0
18596.0 40337.0
19912.0 40313.0
21266.0 40310.0
21342.0 40064.0
21708.0 39975.0
24516.0 39972.0
24592.0 39915.0
24820.0 39884.0
25513.0 39758.0
27894.0 39757.0
28763.0 39631.0
31937.0 39630.0
32013.0 39573.0
32934.0 39512.0
36184.0 39386.0
39434.0 39363.0
40355.0 39303.0
43529.0 39278.0
43605.0 39177.0
46855.0 39118.0
50105.0 39065.0

16122.0 43872.0
16515.0 41448.0
16595.0 41053.0
17095.0 40954.0
17171.0 40744.0
18092.0 40466.0
18545.0 40444.0
18596.0 40337.0
19912.0 40313.0
21266.0 40310.0
21342.0 40064.0
21708.0 39975.0
24516.0 39972.0
24592.0 39915.0
24820.0 39884.0
25513.0 39758.0
27894.0 39757.0
28763.0 39632.0
32013.0 39572.0
32934.0 39512.0
36184.0 39386.0
40355.0 39303.0
43605.0 39177.0
46855.0 39117.0
50105.0 39065.0

16023.0 43942.0
16122.0 43872.0
16156.0 43008.0
16515.0 41473.0
16519.0 41463.0
16595.0 41120.0
17095.0 41039.0
17171.0 40744.0
18092.0 40466.0
18545.0 40444.0
18596.0 40337.0
19912.0 40313.0
21266.0 40310.0
21342.0 40064.0
21708.0 39975.0
24516.0 39972.0
24592.0 39915.0
24820.0 39884.0
25513.0 39758.0
27894.0 39757.0
28763.0 39632.0
32013.0 39572.0
32934.0 39512.0
36184.0 39386.0
40355.0 39303.0
43605.0 39177.0
46855.0 39117.0
50105.0 39065.0

16023.0 42316.0
16156.0 42035.0
16515.0 41267.0
16595.0 41035.0
17095.0 40954.0
17171.0 40744.0
18092.0 40466.0
18545.0 40444.0
18596.0 40337.0
19912.0 40313.0
21266.0 40310.0
21342.0 40064.0
21708.0 39975.0
24516.0 39972.0
24592.0 39915.0
24820.0 39865.0
25513.0 39758.0
27894.0 39757.0
28763.0 39632.0
31937.0 39629.0
32013.0 39573.0
32934.0 39512.0
36108.0 39511.0
36184.0 39386.0
39434.0 39327.0
40355.0 39279.0
43529.0 39278.0
43605.0 39153.0
46779.0 39152.0
46855.0 39111.0
50105.0 39065.0
57526.0 38983.0


