18092.0 213790.0
18596.0 212870.0
18615.0 208070.0
19946.0 207591.0
20857.0 207145.0
21342.0 204128.0
21657.0 203780.0
21708.0 203431.0
22263.0 203067.0
24016.0 202919.0
25010.0 202717.0
25513.0 201433.0
28763.0 201040.0
29684.0 200730.0
32013.0 200420.0
35187.0 200307.0
39434.0 200123.0
43605.0 200108.0

18922.0 209012.0
19313.0 207497.0
20066.0 207208.0
20345.0 205718.0
21266.0 205593.0
21342.0 204971.0
21689.0 204812.0
21708.0 204251.0
22263.0 203611.0
24016.0 203262.0
24516.0 203146.0
25513.0 202591.0
27913.0 202482.0
28763.0 202010.0

18856.0 218291.0
18922.0 209012.0
19313.0 207497.0
20066.0 207208.0
20345.0 205436.0
21342.0 203624.0
21657.0 203464.0
21708.0 202869.0
24016.0 202755.0
24592.0 202640.0
24801.0 202594.0
25513.0 202348.0
27842.0 202226.0
28763.0 201470.0
31937.0 201428.0
36184.0 201176.0

18856.0 213113.0
18922.0 208824.0
19313.0 207497.0
19471.0 207173.0
20066.0 206657.0
20345.0 205436.0
21342.0 203941.0
21708.0 203862.0
22263.0 202839.0
24592.0 201939.0
25513.0 201804.0
30885.0 201475.0

18922.0 209012.0
19313.0 207497.0
20066.0 207208.0
20345.0 205436.0
21342.0 204262.0
21708.0 203862.0
22263.0 203448.0
23950.0 203355.0
24016.0 203262.0
24516.0 203146.0
25513.0 202591.0
27913.0 202482.0
28763.0 202010.0
32934.0 201771.0

18615.0 213894.0
18856.0 212388.0
18922.0 209012.0
19313.0 207497.0
19505.0 207264.0
20066.0 207208.0
20345.0 205436.0
20857.0 204508.0
21342.0 203526.0
21689.0 203506.0
21708.0 203196.0
22263.0 202958.0
24516.0 202749.0
24801.0 202569.0
25513.0 202292.0
28763.0 201961.0
31016.0 201741.0
32934.0 201710.0

18856.0 218291.0
18922.0 209012.0
19313.0 207497.0
20066.0 207208.0
20345.0 205718.0
21266.0 205260.0
21302.0 205086.0
21342.0 204971.0
21657.0 204856.0
21689.0 204812.0
21708.0 204043.0
22263.0 203448.0
23950.0 203355.0
24016.0 203262.0
24516.0 203146.0
24801.0 203106.0
25513.0 202591.0
27913.0 202482.0
28763.0 202010.0
36184.0 201801.0
40355.0 201742.0

18856.0 208278.0
19313.0 207497.0
20066.0 207208.0
20345.0 205718.0
21266.0 205212.0
21342.0 204489.0
21638.0 204229.0
21708.0 203961.0
22263.0 203451.0
23440.0 203351.0
24016.0 203262.0
24516.0 203146.0
24592.0 202491.0
24750.0 202393.0
24801.0 202325.0
27043.0 202247.0
27690.0 202141.0
28763.0 202010.0
29684.0 201916.0
31006.0 201763.0
31937.0 201741.0
36108.0 201435.0
39358.0 201403.0

18856.0 218291.0
18922.0 209012.0
19313.0 207497.0
20066.0 207208.0
20345.0 205718.0
21266.0 205453.0
21342.0 204971.0
21657.0 204856.0
21689.0 204812.0
21708.0 204043.0
22263.0 203448.0
23950.0 203355.0
24016.0 203262.0
24516.0 203146.0
24801.0 203130.0
25513.0 202591.0
27913.0 202482.0
28763.0 202010.0
32934.0 201771.0
40355.0 201742.0

18596.0 217056.0
18615.0 216997.0
18856.0 213952.0
18922.0 209012.0
19146.0 207792.0
19313.0 207497.0
19946.0 206518.0
20345.0 205436.0
20838.0 205036.0
21342.0 203624.0
21657.0 203464.0
21708.0 203143.0
22263.0 202684.0
24516.0 202622.0
25513.0 202471.0
27842.0 202189.0
28687.0 201951.0
28763.0 201470.0
31937.0 201428.0
36184.0 201176.0

18596.0 208680.0
19313.0 207497.0
19466.0 207431.0
19505.0 207281.0
20066.0 207208.0
20345.0 205718.0
20766.0 205331.0
20857.0 204777.0
21266.0 204428.0
21342.0 203388.0
21689.0 203361.0
21708.0 202754.0
24016.0 202699.0
24516.0 202553.0
24592.0 201920.0
25513.0 200936.0
28763.0 200915.0
30987.0 200282.0
32934.0 199379.0
34190.0 198969.0
56453.0 197959.0
63874.0 194860.0


