17275.0 135919.0
18092.0 124342.0
18526.0 124059.0
18545.0 122969.0
18596.0 122031.0
19112.0 121973.0
19912.0 121949.0
20766.0 121934.0
21266.0 121859.0
21342.0 121506.0
21638.0 121274.0
21708.0 120825.0
24592.0 120455.0
25513.0 120139.0
27842.0 120103.0
27894.0 120014.0
28763.0 119456.0
31937.0 119429.0
32013.0 119361.0
35187.0 119354.0
36184.0 118619.0
39434.0 118506.0
42608.0 118499.0
42684.0 118407.0
46855.0 118174.0

18092.0 123935.0
18545.0 123855.0
18596.0 122906.0
18615.0 121808.0
19912.0 121784.0
20387.0 121760.0
21266.0 121588.0
21342.0 120762.0
21657.0 120706.0
24592.0 120596.0
24801.0 120483.0
24820.0 120247.0
27266.0 120227.0
28687.0 120185.0
28763.0 119857.0
32013.0 119854.0
32934.0 119754.0
36108.0 119236.0
36184.0 119139.0
40355.0 119003.0

18092.0 123935.0
18545.0 123855.0
18596.0 121654.0
19912.0 121606.0
21266.0 121588.0
21342.0 120761.0
21657.0 120706.0
24592.0 120596.0
24801.0 120483.0
24820.0 120247.0
27266.0 120227.0
28687.0 120162.0
28763.0 119857.0
32013.0 119854.0
32934.0 119754.0
36108.0 119236.0
36184.0 119139.0
40355.0 119003.0

17996.0 130919.0
18092.0 122252.0
18545.0 122154.0
18596.0 121989.0
18615.0 121808.0
19912.0 121784.0
20387.0 121760.0
21266.0 121587.0
21342.0 120761.0
21657.0 120668.0
21708.0 120308.0
24516.0 120307.0
24592.0 120206.0
27062.0 120201.0
28687.0 120185.0
28763.0 119622.0
36108.0 119236.0
36184.0 119139.0
40355.0 119003.0

18016.0 126201.0
18092.0 123935.0
18545.0 122177.0
18615.0 121635.0
19912.0 121611.0
21266.0 121588.0
21342.0 120761.0
21657.0 120706.0
24592.0 120596.0
24801.0 120483.0
24820.0 120247.0
27266.0 120227.0
28687.0 120185.0
28763.0 119857.0
32013.0 119854.0
32934.0 119621.0
36108.0 119236.0
36184.0 119139.0
40355.0 119003.0

18092.0 123935.0
18545.0 122798.0
18596.0 121654.0
19112.0 121630.0
19912.0 121606.0
20421.0 121407.0
21342.0 120761.0
21657.0 120706.0
24516.0 120673.0
24592.0 120596.0
24750.0 120447.0
24820.0 120247.0
27266.0 120227.0
28687.0 120185.0
28763.0 119857.0
32013.0 119628.0
36108.0 119236.0
36184.0 119139.0
40355.0 119003.0

18092.0 123935.0
18545.0 123855.0
18596.0 122811.0
18615.0 121808.0
19912.0 121784.0
20387.0 121760.0
21266.0 121588.0
21342.0 120614.0
24592.0 120504.0
24801.0 120483.0
24820.0 120247.0
27266.0 120227.0
28687.0 120185.0
28763.0 119857.0
32013.0 119854.0
32934.0 119754.0
36108.0 119236.0
36184.0 119139.0
40355.0 119003.0

18092.0 123640.0
18545.0 122228.0
18596.0 121861.0
18615.0 121808.0
19912.0 121784.0
20387.0 121760.0
21266.0 121587.0
21342.0 120614.0
21708.0 120402.0
24516.0 120401.0
24801.0 120302.0
24820.0 120246.0
27266.0 120227.0
28687.0 120162.0
28763.0 119734.0
32013.0 119610.0
36108.0 119236.0
36184.0 119139.0
40355.0 119003.0

18092.0 123935.0
18545.0 123855.0
18596.0 122811.0
18615.0 121679.0
19912.0 121655.0
20387.0 121631.0
21266.0 121587.0
21342.0 120761.0
21657.0 120706.0
24516.0 120674.0
24592.0 120595.0
24801.0 120418.0
24820.0 120145.0
28763.0 119857.0
32013.0 119833.0
32934.0 119754.0
36108.0 119236.0
36184.0 119139.0
40355.0 119003.0

18092.0 123276.0
18545.0 122549.0
18596.0 121794.0
19112.0 121770.0
19946.0 121722.0
20766.0 121707.0
21266.0 121585.0
21342.0 120761.0
21657.0 120706.0
24516.0 120674.0
24592.0 120571.0
24801.0 120397.0
24820.0 120247.0
27062.0 120220.0
28687.0 119982.0
28763.0 119857.0
32013.0 119609.0
32934.0 119376.0
36108.0 119236.0
36184.0 119139.0
40355.0 119003.0

18092.0 122738.0
18545.0 122175.0
18596.0 121989.0
18615.0 121800.0
19912.0 121784.0
20387.0 121760.0
20421.0 121392.0
21266.0 121384.0
21342.0 120728.0
21657.0 120516.0
21708.0 120435.0
24592.0 120094.0
24820.0 119915.0
25513.0 119875.0
28763.0 118939.0
36184.0 118773.0


