22020.0 229780.0
23951.0 224449.0
24913.0 223791.0
25010.0 223618.0
25513.0 221168.0

24150.0 240354.0
24516.0 232198.0
28687.0 232120.0
28763.0 232098.0
29537.0 231244.0
29684.0 230751.0
31937.0 230593.0

24150.0 240354.0
24516.0 232198.0
28687.0 232120.0
28763.0 232098.0
29537.0 231244.0
29684.0 230751.0
31937.0 230593.0

24150.0 240354.0
24516.0 232198.0
28687.0 232120.0
28763.0 232098.0
29537.0 231244.0
29684.0 230751.0
31937.0 230593.0

24150.0 240354.0
24516.0 232198.0
28687.0 232120.0
28763.0 232098.0
29537.0 231244.0
29684.0 230751.0
31937.0 230593.0

24150.0 240354.0
24516.0 232198.0
28687.0 232120.0
28763.0 232098.0
29537.0 231244.0
29684.0 230751.0
31937.0 230593.0

24150.0 240354.0
24516.0 232198.0
28687.0 232120.0
28763.0 232098.0
29537.0 231244.0
29684.0 230751.0
31937.0 230593.0

24150.0 240354.0
24516.0 232198.0
28687.0 232120.0
28763.0 232098.0
29537.0 231244.0
29684.0 230751.0
31937.0 230593.0

24150.0 240354.0
24516.0 232198.0
28687.0 232120.0
28763.0 232098.0
29537.0 231244.0
29684.0 230751.0
31937.0 230593.0

24150.0 240354.0
24516.0 232198.0
28687.0 232120.0
28763.0 232098.0
29537.0 231244.0
29684.0 230751.0
31937.0 230593.0

24150.0 240354.0
24516.0 232198.0
28687.0 232120.0
28763.0 232098.0
29537.0 231244.0
29684.0 230751.0
31937.0 230593.0


