16816.0 41843.0
16990.0 41577.0
17516.0 41182.0
18016.0 41083.0
18092.0 40466.0
18545.0 40444.0
18596.0 40337.0
19912.0 40313.0
21266.0 40310.0
21342.0 40064.0
21708.0 39975.0
24516.0 39972.0
24592.0 39915.0
25513.0 39758.0
28763.0 39631.0
31937.0 39629.0
32013.0 39573.0
32934.0 39511.0
36184.0 39398.0
39434.0 39363.0
43605.0 39316.0

16816.0 42124.0
16956.0 41773.0
16990.0 41634.0
17516.0 41293.0
18016.0 41194.0
18092.0 40619.0
18545.0 40544.0
18596.0 40353.0
19912.0 40313.0
21266.0 40312.0
21342.0 40129.0
21708.0 39975.0
24516.0 39972.0
24592.0 39939.0
25513.0 39758.0
28763.0 39672.0
32013.0 39596.0
36184.0 39476.0
39434.0 39350.0

16816.0 42124.0
16956.0 41773.0
16990.0 41634.0
17516.0 41293.0
18016.0 41194.0
18092.0 40619.0
18545.0 40544.0
18596.0 40353.0
19912.0 40313.0
21266.0 40312.0
21342.0 40064.0
21708.0 39975.0
24516.0 39972.0
24592.0 39939.0
24820.0 39889.0
25513.0 39758.0
28763.0 39672.0
32013.0 39596.0
36184.0 39476.0
39434.0 39350.0

16816.0 41746.0
16956.0 41635.0
16990.0 41634.0
17516.0 41293.0
18016.0 41194.0
18092.0 40619.0
18545.0 40544.0
18596.0 40353.0
19912.0 40313.0
21266.0 40312.0
21342.0 40129.0
21708.0 39975.0
24516.0 39972.0
24592.0 39939.0
25513.0 39758.0
28763.0 39672.0
32013.0 39596.0
36184.0 39476.0
39434.0 39350.0

16816.0 42124.0
16956.0 41773.0
16990.0 41634.0
17516.0 41293.0
18016.0 41194.0
18092.0 40619.0
18545.0 40544.0
18596.0 40353.0
19912.0 40313.0
21266.0 40312.0
21342.0 40129.0
21708.0 39975.0
24516.0 39972.0
24592.0 39939.0
25513.0 39758.0
28763.0 39672.0
32013.0 39596.0
36184.0 39476.0
39434.0 39350.0

16816.0 42124.0
16956.0 41773.0
16990.0 41634.0
17345.0 41501.0
17516.0 41250.0
18016.0 41187.0
18092.0 40531.0
18545.0 40509.0
18596.0 40353.0
19912.0 40313.0
21266.0 40312.0
21342.0 40088.0
21657.0 40071.0
21708.0 39975.0
24516.0 39972.0
24592.0 39915.0
24820.0 39889.0
25513.0 39758.0
28763.0 39672.0
32013.0 39572.0
36184.0 39476.0
39434.0 39350.0

16816.0 42124.0
16956.0 41773.0
16990.0 41569.0
17516.0 41293.0
18016.0 41194.0
18092.0 40466.0
18545.0 40444.0
18596.0 40353.0
19912.0 40313.0
21266.0 40312.0
21342.0 40088.0
21657.0 40071.0
21708.0 39975.0
24516.0 39972.0
24592.0 39916.0
24820.0 39865.0
25513.0 39758.0
28763.0 39672.0
32013.0 39596.0
36184.0 39476.0
39434.0 39350.0

16816.0 42124.0
16956.0 41773.0
16990.0 41577.0
17516.0 41182.0
18016.0 41083.0
18092.0 40466.0
18545.0 40444.0
18596.0 40337.0
19912.0 40313.0
21266.0 40310.0
21342.0 40088.0
21657.0 40071.0
21708.0 39975.0
24516.0 39972.0
24592.0 39939.0
24820.0 39889.0
25513.0 39758.0
28763.0 39631.0
32013.0 39596.0
32934.0 39536.0
36184.0 39386.0
39434.0 39350.0

16816.0 42124.0
16956.0 41773.0
16990.0 41569.0
17516.0 41293.0
18016.0 41194.0
18092.0 40466.0
18545.0 40444.0
18596.0 40353.0
19912.0 40313.0
21266.0 40312.0
21342.0 40088.0
21657.0 40071.0
21708.0 39975.0
24516.0 39972.0
24592.0 39916.0
24820.0 39865.0
25513.0 39758.0
28763.0 39672.0
32013.0 39596.0
36184.0 39476.0
39434.0 39350.0

16816.0 42124.0
16956.0 41589.0
17345.0 41471.0
17516.0 41220.0
18016.0 41139.0
18092.0 40466.0
18545.0 40444.0
18596.0 40337.0
19912.0 40313.0
21266.0 40312.0
21342.0 40088.0
21708.0 39975.0
24516.0 39972.0
24592.0 39939.0
24820.0 39889.0
25513.0 39758.0
28763.0 39656.0
32013.0 39596.0
36184.0 39476.0
39434.0 39350.0

16816.0 41843.0
16956.0 41773.0
16990.0 41481.0
17516.0 41173.0
18016.0 41074.0
18092.0 40466.0
18545.0 40444.0
18596.0 40337.0
19912.0 40313.0
21266.0 40310.0
21342.0 40064.0
21708.0 39975.0
24516.0 39972.0
24592.0 39915.0
24820.0 39865.0
25513.0 39758.0
27894.0 39757.0
28763.0 39632.0
31937.0 39631.0
32013.0 39596.0
32934.0 39512.0
36108.0 39511.0
36184.0 39386.0
39434.0 39327.0
43605.0 39242.0
46779.0 39152.0
50105.0 39058.0


