16494.0 43972.0
16515.0 42214.0
16816.0 41481.0
16990.0 41453.0
17516.0 41221.0
18016.0 41158.0
18092.0 40692.0
18596.0 40383.0
19912.0 40343.0
21266.0 40340.0
21342.0 40186.0
21708.0 39975.0
24516.0 39972.0
24592.0 39916.0
25513.0 39854.0
27894.0 39843.0
28763.0 39631.0
32013.0 39596.0
36184.0 39439.0
39434.0 39403.0
43605.0 39193.0
46855.0 39157.0
50029.0 39156.0

16515.0 43399.0
16726.0 42760.0
16816.0 41810.0
16990.0 41469.0
17516.0 41237.0
18016.0 41174.0
18092.0 40466.0
18545.0 40444.0
18596.0 40337.0
19912.0 40313.0
21266.0 40310.0
21342.0 40186.0
21708.0 40155.0
24592.0 40120.0
24801.0 40101.0
24820.0 40056.0
25513.0 39872.0
28763.0 39656.0
36184.0 39590.0

16515.0 43399.0
16726.0 42760.0
16816.0 41810.0
16990.0 41469.0
17516.0 41237.0
18016.0 41174.0
18092.0 40466.0
18545.0 40444.0
18596.0 40337.0
19912.0 40313.0
21266.0 40310.0
21342.0 40186.0
21708.0 40155.0
24592.0 40120.0
24801.0 40101.0
24820.0 40056.0
25513.0 39872.0
28763.0 39656.0
36184.0 39590.0

16515.0 43399.0
16595.0 43178.0
16726.0 42760.0
16816.0 41810.0
16990.0 41469.0
17516.0 41237.0
18016.0 41156.0
18092.0 40466.0
18545.0 40444.0
18596.0 40337.0
19912.0 40313.0
21266.0 40310.0
21342.0 40186.0
21708.0 40155.0
24592.0 40120.0
24801.0 40101.0
24820.0 40056.0
25513.0 39872.0
28763.0 39656.0
36184.0 39590.0

16515.0 43399.0
16726.0 42760.0
16816.0 41810.0
16990.0 41469.0
17516.0 41237.0
18016.0 41174.0
18092.0 40466.0
18545.0 40444.0
18596.0 40337.0
19912.0 40313.0
21266.0 40310.0
21342.0 40186.0
21708.0 40155.0
24592.0 40120.0
24801.0 40101.0
24820.0 40056.0
25513.0 39872.0
28763.0 39656.0
36184.0 39590.0

16515.0 43399.0
16595.0 43178.0
16726.0 42760.0
16816.0 41810.0
16990.0 41469.0
17516.0 41237.0
18016.0 41156.0
18092.0 40466.0
18545.0 40444.0
18596.0 40337.0
19912.0 40313.0
21266.0 40310.0
21342.0 40186.0
21708.0 40155.0
24592.0 40120.0
24801.0 40101.0
24820.0 40056.0
25513.0 39872.0
28763.0 39656.0
36184.0 39590.0

16515.0 43399.0
16726.0 42760.0
16816.0 41810.0
16990.0 41469.0
17516.0 41237.0
18016.0 41156.0
18092.0 40466.0
18545.0 40444.0
18596.0 40337.0
19912.0 40313.0
21266.0 40310.0
21342.0 40186.0
21708.0 40155.0
24592.0 40120.0
24801.0 40101.0
24820.0 40056.0
25513.0 39872.0
28763.0 39632.0
36184.0 39590.0

16515.0 43399.0
16595.0 43178.0
16726.0 42760.0
16816.0 41810.0
16990.0 41469.0
17516.0 41237.0
18016.0 41156.0
18092.0 40466.0
18545.0 40444.0
18596.0 40337.0
19912.0 40313.0
21266.0 40310.0
21342.0 40186.0
21708.0 40155.0
24592.0 40120.0
24801.0 40101.0
24820.0 40056.0
25513.0 39758.0
28687.0 39757.0
28763.0 39632.0
32934.0 39512.0

16515.0 43399.0
16726.0 42760.0
16816.0 41810.0
16990.0 41469.0
17516.0 41237.0
18016.0 41156.0
18092.0 40466.0
18545.0 40444.0
18596.0 40337.0
19912.0 40313.0
21266.0 40310.0
21342.0 40186.0
21708.0 40155.0
24592.0 40120.0
24801.0 40101.0
24820.0 40056.0
25513.0 39872.0
28763.0 39632.0
36184.0 39590.0

16515.0 43399.0
16595.0 43178.0
16726.0 42760.0
16816.0 41810.0
16990.0 41469.0
17516.0 41237.0
18016.0 41156.0
18092.0 40466.0
18545.0 40444.0
18596.0 40337.0
19912.0 40313.0
21266.0 40310.0
21342.0 40064.0
21708.0 39975.0
24516.0 39972.0
25513.0 39758.0
28687.0 39757.0
28763.0 39632.0
32013.0 39596.0
32934.0 39512.0
36184.0 39386.0
39434.0 39374.0

16515.0 42901.0
16571.0 42726.0
16816.0 41810.0
16990.0 41387.0
17516.0 41155.0
18016.0 41074.0
18092.0 40466.0
18545.0 40444.0
18596.0 40337.0
19912.0 40313.0
21266.0 40310.0
21342.0 40064.0
21708.0 39975.0
24516.0 39972.0
24592.0 39915.0
24820.0 39865.0
25513.0 39758.0
28687.0 39757.0
28763.0 39632.0
32013.0 39573.0
32934.0 39525.0
36108.0 39524.0
36184.0 39386.0
39358.0 39385.0
39434.0 39327.0
40355.0 39279.0
43529.0 39277.0
43605.0 39153.0
46779.0 39152.0
51026.0 39071.0


