18092.0 122496.0
18545.0 122283.0
18596.0 121640.0
19912.0 121600.0
19946.0 121576.0
21266.0 121573.0
21342.0 120706.0
21657.0 120406.0
21708.0 120317.0
24516.0 120314.0
24592.0 119769.0
24750.0 119752.0
24820.0 119702.0
27766.0 119701.0
28763.0 119187.0
31937.0 119166.0
32013.0 118933.0
36184.0 118464.0
39434.0 118302.0
42684.0 118153.0
43605.0 118071.0
46855.0 118058.0
50029.0 117972.0
50105.0 117939.0
53279.0 117815.0

18092.0 123887.0
18545.0 122900.0
18596.0 121880.0
19112.0 121822.0
19912.0 121491.0
21342.0 121005.0
21708.0 120633.0
24592.0 120548.0
25513.0 120254.0
27894.0 120231.0
28687.0 120211.0
28763.0 119421.0
32934.0 119309.0
36184.0 118683.0

18092.0 123887.0
18545.0 122900.0
18596.0 121880.0
19112.0 121822.0
19912.0 121491.0
21342.0 120851.0
21708.0 120563.0
22263.0 120528.0
24516.0 120485.0
24592.0 120402.0
25513.0 120131.0
27913.0 120031.0
28763.0 119421.0
32934.0 119262.0
36184.0 118683.0

18092.0 123641.0
18545.0 122900.0
18596.0 121636.0
19912.0 121491.0
21342.0 120875.0
21657.0 120869.0
21708.0 120563.0
24592.0 120437.0
25513.0 119893.0
28763.0 119421.0
32934.0 119225.0
36184.0 118683.0

18092.0 123887.0
18545.0 122900.0
18596.0 121556.0
19112.0 121521.0
19912.0 121427.0
21266.0 121426.0
21342.0 120768.0
21708.0 120293.0
24592.0 120258.0
25513.0 120194.0
27766.0 120191.0
28187.0 120048.0
28763.0 119421.0
32934.0 118990.0
36184.0 118683.0

18092.0 123641.0
18545.0 122900.0
18596.0 121338.0
19912.0 121274.0
21266.0 121271.0
21342.0 120873.0
21708.0 120421.0
24516.0 120418.0
24592.0 120327.0
25513.0 120124.0
27043.0 119923.0
28763.0 119421.0
32013.0 119259.0
32934.0 119155.0
36108.0 119102.0
36184.0 118683.0
47776.0 118541.0

18092.0 123887.0
18545.0 122900.0
18596.0 121880.0
19112.0 121822.0
19912.0 121491.0
21342.0 120987.0
21708.0 120563.0
22263.0 120528.0
24516.0 120485.0
24592.0 120402.0
25513.0 119893.0
27766.0 119890.0
28763.0 119421.0
32934.0 119156.0
36184.0 118683.0

18092.0 123887.0
18545.0 122900.0
18596.0 121390.0
19912.0 121221.0
21342.0 120859.0
21708.0 120102.0
24592.0 120067.0
25513.0 119868.0
28763.0 119421.0
32934.0 119156.0
36184.0 118683.0

18092.0 123887.0
18446.0 123712.0
18545.0 122900.0
18596.0 121057.0
19912.0 121009.0
21266.0 121006.0
21342.0 120722.0
21708.0 120102.0
24592.0 120067.0
25513.0 119960.0
28763.0 119404.0
32934.0 118944.0
36184.0 118683.0

18092.0 123887.0
18447.0 123676.0
18545.0 122900.0
18596.0 121390.0
19912.0 121245.0
21342.0 120895.0
21708.0 120421.0
24592.0 120202.0
25513.0 119831.0
28687.0 119764.0
28763.0 119328.0
32013.0 119224.0
32934.0 119156.0
36184.0 118683.0

18092.0 123887.0
18545.0 122900.0
18596.0 121636.0
19112.0 121554.0
19912.0 121274.0
20838.0 121221.0
21342.0 120863.0
21657.0 120710.0
21708.0 120587.0
22263.0 120528.0
24516.0 120485.0
24592.0 119987.0
24820.0 119936.0
25513.0 119870.0
27913.0 119613.0
28687.0 119609.0
28763.0 119078.0
32934.0 118729.0
36184.0 118418.0
39434.0 118413.0


