18447.0 124761.0
18596.0 124639.0
18615.0 122093.0
19912.0 121924.0
21342.0 121443.0
21689.0 121314.0
21708.0 121225.0
22263.0 121119.0
24516.0 121118.0
24592.0 120551.0
24750.0 120547.0
24820.0 120444.0
25513.0 120153.0
27766.0 120110.0
27913.0 119965.0
28763.0 119332.0
31937.0 119257.0
32934.0 119164.0
36184.0 118958.0
39434.0 118767.0

18092.0 122846.0
18526.0 122824.0
18545.0 121896.0
18596.0 121843.0
19112.0 121773.0
19946.0 121670.0
21342.0 121162.0
21638.0 121090.0
24592.0 121055.0
25513.0 120337.0
28187.0 120305.0
32934.0 120142.0
35608.0 120089.0

18092.0 122846.0
18526.0 122824.0
18545.0 121896.0
18596.0 121843.0
19112.0 121773.0
19946.0 121670.0
21342.0 121162.0
21638.0 121090.0
24592.0 121055.0
25513.0 120319.0
28187.0 120287.0
32934.0 120124.0
35608.0 120089.0
36184.0 120076.0
38858.0 120062.0

18092.0 122846.0
18526.0 122824.0
18545.0 121835.0
18596.0 121641.0
19946.0 121599.0
21342.0 121162.0
21638.0 121090.0
24592.0 121055.0
24801.0 121026.0
24820.0 120798.0
25513.0 120262.0
28763.0 120120.0
32013.0 120108.0
32934.0 119832.0
36184.0 119713.0
39434.0 119561.0

18092.0 122846.0
18526.0 122824.0
18545.0 121835.0
18596.0 121641.0
19946.0 121599.0
21342.0 121162.0
21638.0 121090.0
24592.0 121055.0
25513.0 120319.0
28187.0 120287.0
32934.0 120142.0
35608.0 120089.0
36184.0 120076.0

18092.0 122846.0
18526.0 122824.0
18545.0 121835.0
18596.0 121641.0
19946.0 121599.0
21342.0 121162.0
21638.0 121090.0
24592.0 121055.0
25513.0 120319.0
28187.0 120287.0
32934.0 120142.0
35608.0 120089.0
36184.0 120076.0

18092.0 122846.0
18526.0 122824.0
18545.0 121896.0
18596.0 121843.0
19112.0 121773.0
19946.0 121670.0
21342.0 121162.0
21638.0 121090.0
24592.0 121055.0
25513.0 120319.0
28187.0 120287.0
32934.0 120124.0
35608.0 120089.0
36184.0 120076.0

18092.0 122527.0
18545.0 121817.0
18596.0 121625.0
19946.0 121553.0
21342.0 121162.0
21638.0 121090.0
24592.0 120793.0
25513.0 120123.0
28763.0 119965.0
32013.0 119664.0
36184.0 119508.0

18092.0 122846.0
18526.0 122824.0
18545.0 121835.0
18596.0 121641.0
19946.0 121599.0
21342.0 121162.0
21638.0 121090.0
24592.0 121041.0
24731.0 120998.0
24801.0 120947.0
25513.0 120211.0
27842.0 120091.0
32013.0 119862.0
36108.0 119550.0
39358.0 119549.0

18092.0 122688.0
18545.0 121835.0
18596.0 121641.0
19946.0 121599.0
21342.0 121162.0
21638.0 121090.0
21708.0 121016.0
24592.0 120778.0
24820.0 120473.0
25513.0 120253.0
27843.0 120211.0
28763.0 119851.0
35187.0 119811.0
39434.0 119794.0
42608.0 119607.0

18092.0 122785.0
18526.0 122763.0
18545.0 121896.0
18596.0 121843.0
19112.0 121712.0
19946.0 121670.0
21342.0 121162.0
21638.0 121090.0
21708.0 120926.0
22263.0 120730.0
25513.0 119872.0
28687.0 119359.0
28763.0 119279.0
32934.0 118843.0


