22263.0 220306.0
24720.0 219883.0
25513.0 215989.0
28763.0 215451.0

23416.0 245326.0
24750.0 242911.0
24913.0 238647.0
25010.0 230383.0
30837.0 227161.0
38258.0 226967.0

23416.0 245326.0
24750.0 242911.0
24913.0 238647.0
25010.0 230383.0
30837.0 227161.0
38258.0 226967.0

23416.0 245326.0
24750.0 242911.0
24913.0 238647.0
25010.0 230383.0
30837.0 227161.0
38258.0 226967.0

23416.0 245326.0
24750.0 242911.0
24913.0 238647.0
25010.0 230383.0
30837.0 227161.0
38258.0 226967.0

23416.0 245326.0
24750.0 242911.0
24913.0 238647.0
25010.0 230383.0
30837.0 227161.0
38258.0 226967.0

23416.0 245326.0
24750.0 242911.0
24913.0 238647.0
25010.0 230383.0
30837.0 227161.0
38258.0 226967.0

22263.0 244583.0
23788.0 242640.0
24913.0 238647.0
25010.0 230383.0
30837.0 227161.0
38258.0 226967.0

23416.0 245326.0
24750.0 242911.0
24913.0 238647.0
25010.0 230383.0
30837.0 227161.0
38258.0 226967.0

23416.0 245326.0
24263.0 240927.0
24913.0 236465.0
25010.0 230383.0
27913.0 229595.0
30837.0 227161.0
38258.0 226967.0

23416.0 245326.0
24750.0 242911.0
24913.0 238647.0
25010.0 230383.0
30837.0 227161.0
38258.0 226967.0


