16515.0 42353.0
16816.0 41662.0
16956.0 41645.0
16990.0 41604.0
17516.0 41267.0
18016.0 41168.0
18092.0 40646.0
18545.0 40629.0
18596.0 40337.0
19912.0 40313.0
21266.0 40310.0
21342.0 40064.0
21708.0 39975.0
24516.0 39972.0
24592.0 39915.0
24820.0 39865.0
25513.0 39758.0
27894.0 39757.0
28687.0 39756.0
28763.0 39631.0
31937.0 39628.0
32013.0 39572.0
32934.0 39511.0
36184.0 39385.0
39434.0 39326.0
42608.0 39324.0
46855.0 39158.0

16023.0 44898.0
16515.0 43361.0
16726.0 43157.0
16816.0 41608.0
16956.0 41576.0
16990.0 41423.0
17516.0 41182.0
18016.0 41083.0
18092.0 40466.0
18545.0 40444.0
18596.0 40337.0
19912.0 40313.0
21266.0 40312.0
21342.0 40064.0
21708.0 39975.0
24516.0 39972.0
24592.0 39940.0
25513.0 39782.0
28763.0 39632.0
32013.0 39613.0
32934.0 39536.0
36108.0 39511.0
36184.0 39439.0
43605.0 39405.0

16023.0 44898.0
16515.0 41889.0
16816.0 41427.0
16990.0 41423.0
17516.0 41182.0
18016.0 41083.0
18092.0 40466.0
18545.0 40444.0
18596.0 40337.0
19912.0 40313.0
21266.0 40312.0
21342.0 40064.0
21708.0 39975.0
24516.0 39972.0
24592.0 39940.0
25513.0 39782.0
28763.0 39632.0
32013.0 39573.0
32934.0 39512.0
36108.0 39511.0
36184.0 39399.0
39434.0 39347.0

16023.0 43657.0
16515.0 43361.0
16726.0 43157.0
16816.0 41366.0
17516.0 41134.0
18016.0 41053.0
18092.0 40466.0
18545.0 40444.0
18596.0 40337.0
19912.0 40313.0
21266.0 40312.0
21342.0 40064.0
21708.0 39975.0
24516.0 39972.0
24592.0 39940.0
25513.0 39782.0
28763.0 39632.0
32013.0 39613.0
32934.0 39512.0
36108.0 39511.0
36184.0 39399.0

16023.0 44898.0
16515.0 43361.0
16726.0 43157.0
16816.0 41547.0
16990.0 41423.0
17516.0 41152.0
18016.0 41053.0
18092.0 40466.0
18545.0 40444.0
18596.0 40337.0
19912.0 40313.0
21266.0 40310.0
21342.0 40064.0
21708.0 39975.0
24516.0 39972.0
24592.0 39915.0
24820.0 39865.0
25513.0 39782.0
28763.0 39632.0
32013.0 39573.0
32934.0 39512.0
36108.0 39511.0
36184.0 39399.0
39434.0 39364.0

16023.0 42824.0
16156.0 42290.0
16515.0 42249.0
16595.0 42058.0
16816.0 41366.0
17516.0 41134.0
18016.0 41053.0
18092.0 40466.0
18545.0 40444.0
18596.0 40337.0
19912.0 40313.0
21266.0 40310.0
21342.0 40064.0
21708.0 39975.0
24516.0 39972.0
24592.0 39939.0
25513.0 39782.0
28687.0 39757.0
28763.0 39632.0
32013.0 39573.0
32934.0 39512.0
36108.0 39511.0
36184.0 39386.0
39434.0 39367.0

16023.0 44898.0
16515.0 41889.0
16816.0 41427.0
16990.0 41423.0
17516.0 41182.0
18016.0 41083.0
18092.0 40466.0
18545.0 40444.0
18596.0 40337.0
19912.0 40313.0
21266.0 40312.0
21342.0 40064.0
21708.0 39975.0
24516.0 39972.0
24592.0 39940.0
25513.0 39782.0
28763.0 39632.0
32013.0 39573.0
32934.0 39512.0
36108.0 39511.0
36184.0 39399.0
39434.0 39347.0

16023.0 44898.0
16515.0 41328.0
16595.0 41096.0
17095.0 41021.0
17171.0 40835.0
18092.0 40466.0
18545.0 40444.0
18596.0 40337.0
19912.0 40313.0
21266.0 40312.0
21342.0 40064.0
21708.0 39975.0
24516.0 39972.0
24592.0 39915.0
25513.0 39758.0
28687.0 39757.0
28763.0 39632.0
32013.0 39573.0
32934.0 39512.0
36108.0 39511.0
36184.0 39386.0
39434.0 39347.0

16023.0 44898.0
16515.0 41889.0
16816.0 41366.0
17516.0 41134.0
18016.0 41053.0
18092.0 40466.0
18545.0 40444.0
18596.0 40337.0
19912.0 40313.0
21266.0 40312.0
21342.0 40064.0
21708.0 39975.0
24516.0 39972.0
24592.0 39940.0
25513.0 39782.0
28763.0 39632.0
32013.0 39573.0
32934.0 39512.0
36108.0 39511.0
36184.0 39399.0
39434.0 39347.0

16023.0 42824.0
16816.0 41547.0
16990.0 41396.0
17516.0 41152.0
18016.0 41053.0
18092.0 40466.0
18545.0 40444.0
18596.0 40337.0
19912.0 40313.0
21266.0 40310.0
21342.0 40064.0
21708.0 39975.0
24516.0 39972.0
24592.0 39916.0
25513.0 39758.0
27894.0 39757.0
28763.0 39632.0
32013.0 39573.0
32934.0 39512.0
36108.0 39511.0
36184.0 39386.0
39434.0 39364.0

16023.0 42670.0
16156.0 42227.0
16515.0 41267.0
16595.0 41035.0
17095.0 40954.0
17171.0 40768.0
18092.0 40466.0
18545.0 40444.0
18596.0 40337.0
19912.0 40313.0
21266.0 40310.0
21342.0 40064.0
21708.0 39975.0
24516.0 39972.0
24592.0 39915.0
24820.0 39865.0
25513.0 39758.0
27894.0 39757.0
28687.0 39754.0
28763.0 39631.0
31937.0 39628.0
32013.0 39573.0
32934.0 39512.0
36108.0 39511.0
36184.0 39385.0
39434.0 39340.0
40355.0 39279.0
43529.0 39275.0
43605.0 39153.0
46855.0 39094.0


