18092.0 126195.0
18545.0 124677.0
18596.0 122143.0
19946.0 122103.0
21190.0 122061.0
21266.0 121781.0
21342.0 121777.0
21708.0 121760.0
22263.0 121465.0
24516.0 121462.0
24801.0 121444.0
25437.0 121299.0
25513.0 120109.0
27894.0 120108.0
28687.0 119710.0
28763.0 119587.0
31937.0 119540.0
32934.0 119078.0
36108.0 118791.0
36184.0 118755.0
40355.0 118539.0
43529.0 118465.0

18092.0 124114.0
18596.0 123127.0
18615.0 121868.0
19112.0 121844.0
19912.0 121820.0
21266.0 121706.0
21342.0 121003.0
21708.0 121002.0
24516.0 120888.0
24592.0 120853.0
24820.0 120791.0
25513.0 120285.0
28687.0 120212.0
28763.0 119857.0
32013.0 119854.0
32934.0 119754.0
36108.0 119236.0
36184.0 119139.0
40355.0 119003.0

18092.0 124114.0
18596.0 121654.0
19112.0 121630.0
19912.0 121606.0
21342.0 121003.0
21708.0 121002.0
24516.0 120888.0
24592.0 120853.0
24820.0 120791.0
25513.0 120285.0
28687.0 120212.0
28763.0 119857.0
32013.0 119854.0
32934.0 119754.0
36108.0 119236.0
36184.0 119139.0
40355.0 119003.0

18092.0 124114.0
18446.0 123666.0
18545.0 122646.0
18596.0 122117.0
18615.0 121868.0
19112.0 121844.0
19912.0 121820.0
21266.0 121706.0
21342.0 120830.0
21708.0 120628.0
24592.0 120451.0
24801.0 120416.0
25513.0 120285.0
28687.0 120212.0
28763.0 119857.0
32013.0 119854.0
32934.0 119671.0
36108.0 119236.0
36184.0 119139.0
40355.0 119003.0

18016.0 126201.0
18092.0 124114.0
18545.0 122177.0
18615.0 121868.0
19112.0 121844.0
19912.0 121820.0
21266.0 121706.0
21342.0 121003.0
21708.0 121002.0
24516.0 120888.0
24592.0 120853.0
24820.0 120791.0
25513.0 120285.0
28687.0 120212.0
28763.0 119857.0
32013.0 119854.0
32934.0 119754.0
36108.0 119236.0
36184.0 119139.0
40355.0 119003.0

18092.0 124114.0
18596.0 123127.0
18615.0 121868.0
19112.0 121844.0
19912.0 121820.0
21266.0 121706.0
21342.0 121003.0
21708.0 120872.0
24016.0 120724.0
24592.0 120581.0
25513.0 120285.0
28687.0 120212.0
28763.0 119725.0
31937.0 119635.0
32013.0 119550.0
32934.0 119473.0
35263.0 119444.0
36108.0 119236.0
36184.0 119139.0
40355.0 119003.0

18092.0 124114.0
18596.0 122811.0
18615.0 121868.0
19112.0 121844.0
19912.0 121820.0
21266.0 121706.0
21342.0 121003.0
21708.0 121002.0
24516.0 120888.0
24592.0 120853.0
24820.0 120791.0
25513.0 120285.0
28687.0 120212.0
28763.0 119857.0
32013.0 119854.0
32934.0 119754.0
36108.0 119236.0
36184.0 119139.0
40355.0 119003.0

18092.0 124114.0
18446.0 123666.0
18545.0 123299.0
18596.0 121874.0
18615.0 121868.0
19112.0 121844.0
19912.0 121820.0
21266.0 121706.0
21342.0 121003.0
21708.0 121002.0
24516.0 120888.0
24592.0 120853.0
24801.0 120713.0
25513.0 120285.0
28687.0 120212.0
28763.0 119857.0
32013.0 119854.0
32934.0 119754.0
36108.0 119236.0
36184.0 119139.0
40355.0 119003.0

18092.0 124114.0
18596.0 123127.0
18615.0 121868.0
19112.0 121844.0
19912.0 121820.0
21266.0 121706.0
21342.0 121003.0
21708.0 121002.0
24516.0 120888.0
24592.0 120853.0
24820.0 120791.0
25513.0 120285.0
28687.0 120212.0
28763.0 119857.0
32013.0 119854.0
32934.0 119754.0
36108.0 119236.0
36184.0 119139.0
40355.0 119003.0

18092.0 123276.0
18596.0 122909.0
18615.0 121868.0
19112.0 121844.0
19912.0 121820.0
21266.0 121706.0
21342.0 121003.0
21708.0 120958.0
24016.0 120753.0
24516.0 120750.0
24592.0 120581.0
25513.0 120285.0
28687.0 120212.0
28763.0 119857.0
32013.0 119557.0
35187.0 119549.0
36108.0 119236.0
36184.0 119139.0
40355.0 119003.0

18092.0 124114.0
18545.0 122873.0
18596.0 122314.0
18615.0 121868.0
19112.0 121844.0
19912.0 121820.0
21266.0 121706.0
21342.0 120977.0
21708.0 120620.0
24516.0 120619.0
24592.0 120606.0
24801.0 120426.0
24820.0 120314.0
25513.0 119950.0
28763.0 119818.0
32934.0 118652.0


