16515.0 41448.0
16595.0 41053.0
17095.0 40954.0
17171.0 40768.0
18092.0 40466.0
18545.0 40444.0
18596.0 40337.0
19912.0 40313.0
21266.0 40310.0
21342.0 40064.0
21708.0 39975.0
24516.0 39972.0
24592.0 39915.0
24820.0 39865.0
25513.0 39758.0
27894.0 39757.0
28687.0 39754.0
28763.0 39631.0
31937.0 39628.0
32013.0 39572.0
32934.0 39511.0
36108.0 39508.0
36184.0 39385.0
39358.0 39384.0
39434.0 39326.0
40355.0 39278.0
43605.0 39152.0
46855.0 39093.0
51026.0 39070.0

16023.0 44801.0
16156.0 43047.0
16515.0 41328.0
16595.0 41096.0
17095.0 41015.0
17171.0 40829.0
18092.0 40466.0
18545.0 40449.0
18596.0 40353.0
19912.0 40343.0
21266.0 40340.0
21342.0 40064.0
21708.0 39975.0
25513.0 39798.0
28763.0 39696.0
31937.0 39695.0
32013.0 39685.0
32934.0 39613.0
36184.0 39487.0

16023.0 44801.0
16156.0 43047.0
16515.0 41328.0
16595.0 41096.0
17095.0 41015.0
17171.0 40829.0
18092.0 40466.0
18545.0 40449.0
18596.0 40353.0
19912.0 40343.0
21266.0 40340.0
21342.0 40064.0
21708.0 39975.0
25513.0 39798.0
28763.0 39632.0
31937.0 39631.0
32934.0 39613.0
36184.0 39386.0
39358.0 39385.0

16023.0 43737.0
16156.0 42155.0
16515.0 41267.0
16595.0 41035.0
17095.0 40972.0
17171.0 40768.0
18092.0 40466.0
18545.0 40449.0
18596.0 40337.0
19912.0 40313.0
21266.0 40312.0
21342.0 40064.0
21708.0 39975.0
24592.0 39939.0
25513.0 39798.0
28763.0 39672.0
32013.0 39661.0
32934.0 39613.0
36108.0 39588.0
36184.0 39475.0
39358.0 39462.0

16023.0 43089.0
16156.0 42815.0
16495.0 42752.0
16515.0 41267.0
16595.0 41035.0
17095.0 40972.0
17171.0 40829.0
18092.0 40466.0
18545.0 40449.0
18596.0 40353.0
19912.0 40343.0
21266.0 40340.0
21342.0 40064.0
21708.0 39975.0
25513.0 39798.0
28763.0 39672.0
32013.0 39668.0
32934.0 39613.0
36108.0 39588.0
36184.0 39487.0
39358.0 39462.0
39434.0 39461.0
42608.0 39458.0

16023.0 43737.0
16156.0 42155.0
16515.0 41267.0
16595.0 41035.0
17095.0 40972.0
17171.0 40768.0
18092.0 40466.0
18545.0 40449.0
18596.0 40337.0
21266.0 40312.0
21342.0 40064.0
21708.0 39975.0
24516.0 39974.0
24592.0 39939.0
25513.0 39782.0
28687.0 39757.0
28763.0 39639.0
32013.0 39620.0
32934.0 39519.0
36184.0 39393.0

16023.0 44445.0
16156.0 41999.0
16515.0 41328.0
16595.0 41096.0
17095.0 41015.0
17171.0 40829.0
18092.0 40466.0
18545.0 40449.0
18596.0 40353.0
19912.0 40343.0
21266.0 40340.0
21342.0 40064.0
21708.0 39975.0
24592.0 39916.0
24820.0 39865.0
25513.0 39798.0
28763.0 39632.0
31937.0 39631.0
32013.0 39573.0
35187.0 39572.0
36184.0 39386.0
39358.0 39385.0

16023.0 43063.0
16156.0 41999.0
16515.0 41267.0
16595.0 41035.0
17095.0 40972.0
17171.0 40768.0
18092.0 40466.0
18545.0 40444.0
18596.0 40337.0
19912.0 40313.0
21266.0 40312.0
21342.0 40064.0
21708.0 39975.0
24516.0 39974.0
24592.0 39916.0
24820.0 39865.0
25513.0 39798.0
28763.0 39632.0
31937.0 39631.0
32013.0 39573.0
35187.0 39572.0
36184.0 39386.0
39358.0 39385.0
39434.0 39374.0

16023.0 44445.0
16156.0 41999.0
16515.0 41328.0
16595.0 41096.0
17095.0 41015.0
17171.0 40744.0
18092.0 40466.0
18545.0 40449.0
18596.0 40353.0
19912.0 40343.0
21266.0 40340.0
21342.0 40064.0
21708.0 39975.0
24592.0 39916.0
24820.0 39865.0
25513.0 39798.0
28763.0 39632.0
32013.0 39573.0
35187.0 39572.0
36184.0 39386.0
39358.0 39385.0

16023.0 44364.0
16156.0 41999.0
16515.0 41267.0
16595.0 41035.0
17095.0 40972.0
17171.0 40744.0
18092.0 40466.0
18545.0 40449.0
18596.0 40353.0
19912.0 40343.0
21266.0 40340.0
21342.0 40064.0
21708.0 39975.0
24516.0 39974.0
24592.0 39915.0
24820.0 39865.0
25513.0 39798.0
28763.0 39632.0
31937.0 39631.0
32013.0 39573.0
32934.0 39571.0
36184.0 39386.0
39358.0 39385.0
43605.0 39266.0

16023.0 42375.0
16156.0 41932.0
16515.0 41267.0
16595.0 41035.0
17095.0 40972.0
17171.0 40768.0
18092.0 40466.0
18545.0 40444.0
18596.0 40337.0
19912.0 40313.0
21266.0 40310.0
21342.0 40064.0
21708.0 39975.0
24516.0 39972.0
24592.0 39915.0
24820.0 39865.0
25513.0 39758.0
28687.0 39757.0
28763.0 39632.0
31937.0 39629.0
32013.0 39572.0
32934.0 39512.0
36184.0 39385.0
39434.0 39334.0
40355.0 39303.0
43605.0 39153.0
46855.0 39093.0


