18092.0 124608.0
18596.0 121768.0
19112.0 121726.0
19912.0 121511.0
21266.0 121508.0
21342.0 120662.0
21708.0 120452.0
24516.0 120449.0
24592.0 120114.0
25513.0 119841.0
27766.0 119840.0
27842.0 119806.0
27862.0 119755.0
27894.0 119741.0
28763.0 119385.0
32013.0 119177.0
32934.0 118782.0
36108.0 118668.0
39434.0 118645.0
40355.0 118539.0

18092.0 125194.0
18447.0 124084.0
18545.0 123292.0
18596.0 121891.0
21266.0 121688.0
21342.0 121262.0
21708.0 121064.0
24016.0 120960.0
24516.0 120959.0
25513.0 120284.0
27792.0 120259.0
28187.0 120241.0
28763.0 119974.0
32013.0 119938.0
32934.0 119767.0
36184.0 119482.0
39434.0 119465.0

18092.0 125194.0
18447.0 124084.0
18545.0 123292.0
18596.0 121891.0
19912.0 121865.0
19946.0 121754.0
20766.0 121739.0
21266.0 121688.0
21342.0 121004.0
21657.0 120792.0
21689.0 120703.0
24801.0 120640.0
25513.0 120284.0
27792.0 120208.0
28763.0 119974.0
32013.0 119905.0
32934.0 119767.0
36184.0 119482.0
39434.0 119465.0

17996.0 128615.0
18092.0 123409.0
18545.0 122242.0
18596.0 121722.0
19912.0 121698.0
21266.0 121627.0
21342.0 121063.0
21708.0 120808.0
24516.0 120570.0
24750.0 120539.0
25513.0 120179.0
28763.0 119859.0
32013.0 119679.0
36184.0 119474.0
39434.0 119348.0

18092.0 122430.0
18475.0 122124.0
18596.0 121722.0
19912.0 121562.0
21342.0 120857.0
21657.0 120685.0
21708.0 120563.0
24516.0 120555.0
24592.0 120349.0
25513.0 120132.0
27843.0 120081.0
28763.0 119511.0
32934.0 119480.0
36184.0 119429.0

18092.0 123409.0
18545.0 122607.0
18596.0 121538.0
19471.0 121520.0
19912.0 121480.0
21266.0 121479.0
21342.0 120868.0
21708.0 120740.0
24516.0 120595.0
24592.0 120495.0
24820.0 120367.0
25513.0 120179.0
28763.0 119883.0
32013.0 119774.0
32934.0 119479.0
36184.0 119474.0
39434.0 119348.0

18092.0 123740.0
18545.0 123292.0
18596.0 121891.0
19146.0 121834.0
19912.0 121794.0
19946.0 121754.0
20387.0 121643.0
21266.0 121640.0
21342.0 120856.0
21657.0 120644.0
24820.0 120593.0
25513.0 120284.0
27792.0 120259.0
27843.0 120171.0
28763.0 119921.0
32013.0 119769.0
32934.0 119412.0
36184.0 119376.0

18092.0 124994.0
18447.0 124084.0
18545.0 123292.0
18596.0 121722.0
19912.0 121698.0
21266.0 121640.0
21342.0 121034.0
21708.0 120610.0
24516.0 120580.0
25513.0 120112.0
27843.0 120020.0
28763.0 119893.0
32013.0 119653.0
32934.0 119478.0
36184.0 119376.0

18092.0 125194.0
18447.0 124084.0
18545.0 123292.0
18596.0 121626.0
19112.0 121595.0
19912.0 121525.0
21266.0 121522.0
21342.0 120696.0
21657.0 120685.0
21708.0 120322.0
24516.0 120314.0
24801.0 120290.0
25513.0 119924.0
28763.0 119497.0
32934.0 119412.0
36184.0 119376.0

18092.0 123409.0
18545.0 122607.0
18596.0 121538.0
19471.0 121520.0
19912.0 121480.0
21342.0 120913.0
21708.0 120840.0
22263.0 120699.0
24592.0 120601.0
24750.0 120424.0
24801.0 120337.0
24820.0 120286.0
25513.0 120179.0
27843.0 120171.0
28763.0 119684.0
30885.0 119678.0
32934.0 119238.0
36184.0 119124.0
43605.0 119082.0

18092.0 125194.0
18447.0 124084.0
18545.0 122945.0
18596.0 121357.0
21266.0 121332.0
21342.0 120768.0
21708.0 120480.0
24516.0 120148.0
25513.0 119770.0
27913.0 119611.0
28763.0 119192.0
32934.0 118854.0
36184.0 118428.0


