23340.0 253448.0
24820.0 244564.0
27166.0 243223.0
27525.0 238713.0
37211.0 238670.0

24913.0 236904.0
27062.0 236121.0
32858.0 236018.0
40279.0 235418.0

24913.0 236904.0
27062.0 236121.0
32858.0 236018.0
40279.0 235418.0

24913.0 236904.0
27062.0 236121.0
32858.0 236018.0
40279.0 235418.0

24913.0 236904.0
27062.0 236121.0
32858.0 236018.0
40279.0 235418.0

24913.0 236904.0
27062.0 236121.0
32858.0 236018.0
40279.0 235418.0

24913.0 236904.0
27062.0 236121.0
32858.0 236018.0
40279.0 235418.0

24913.0 236904.0
27062.0 236121.0
32858.0 236018.0
40279.0 235418.0

24913.0 236904.0
27062.0 236121.0
32858.0 236018.0
40279.0 235418.0

24913.0 236904.0
27062.0 236121.0
32858.0 236018.0
40279.0 235418.0

24913.0 236904.0
27062.0 236121.0
32858.0 236018.0
40279.0 235418.0


