17345.0 132217.0
17516.0 130329.0
18092.0 123015.0
18545.0 122830.0
18596.0 121532.0
19912.0 121508.0
19946.0 121460.0
21266.0 121457.0
21342.0 120811.0
21708.0 120624.0
24516.0 120605.0
24592.0 120302.0
24801.0 120281.0
25513.0 119826.0
27766.0 119730.0
27842.0 119679.0
28763.0 119545.0
29684.0 119425.0
31937.0 119245.0
32013.0 119189.0
32934.0 118948.0
36108.0 118945.0
36184.0 118506.0
39358.0 118452.0
42608.0 118334.0

17996.0 129542.0
18016.0 126723.0
18092.0 123391.0
18545.0 123022.0
18596.0 122131.0
18615.0 122081.0
20838.0 121558.0
21342.0 121063.0
21708.0 120907.0
24516.0 120835.0
24592.0 120581.0
24750.0 120288.0
25513.0 120273.0
27842.0 120237.0
28763.0 119415.0
32013.0 119012.0
39358.0 118958.0
39434.0 118810.0

17996.0 129542.0
18016.0 126723.0
18092.0 122517.0
18596.0 121919.0
18615.0 121863.0
19112.0 121638.0
20766.0 121630.0
20838.0 121534.0
21266.0 121505.0
21342.0 121063.0
21689.0 121016.0
21708.0 120883.0
24516.0 120811.0
24592.0 120530.0
24750.0 120264.0
27842.0 120237.0
28763.0 119415.0
32013.0 118988.0
39358.0 118907.0
39434.0 118759.0

17996.0 129542.0
18016.0 126723.0
18092.0 122517.0
18596.0 121735.0
19912.0 121695.0
20766.0 121676.0
20838.0 121534.0
21266.0 121509.0
21342.0 120828.0
21708.0 120723.0
24516.0 120716.0
24592.0 120530.0
24750.0 120264.0
27842.0 120237.0
28687.0 120187.0
28763.0 119415.0
32013.0 118988.0
39358.0 118907.0
39434.0 118759.0

17996.0 129542.0
18016.0 126723.0
18092.0 122075.0
18545.0 121960.0
18596.0 121345.0
19912.0 121329.0
21266.0 121301.0
21342.0 121040.0
21708.0 120443.0
24516.0 120442.0
24592.0 120383.0
24750.0 120288.0
25513.0 120273.0
27842.0 120237.0
28687.0 120221.0
28763.0 119415.0
32013.0 119012.0
39358.0 118907.0
39434.0 118759.0

17996.0 128008.0
18016.0 125825.0
18092.0 122517.0
18545.0 122341.0
18596.0 121721.0
18615.0 121612.0
19912.0 121572.0
20838.0 121534.0
21266.0 121529.0
21342.0 120574.0
21708.0 120362.0
24750.0 120264.0
25513.0 120120.0
28763.0 119415.0
32013.0 118988.0
39358.0 118907.0
39434.0 118759.0

17492.0 134483.0
17745.0 127287.0
18016.0 126723.0
18092.0 123391.0
18545.0 123022.0
18596.0 121689.0
19112.0 121619.0
20766.0 121565.0
20838.0 121534.0
21266.0 121509.0
21342.0 120982.0
21657.0 120756.0
21708.0 120740.0
24516.0 120599.0
24592.0 120506.0
24750.0 120264.0
27842.0 120237.0
28687.0 120006.0
28763.0 119415.0
32013.0 118988.0
39358.0 118907.0
39434.0 118759.0

17996.0 129542.0
18016.0 126723.0
18092.0 123391.0
18526.0 122833.0
18545.0 122341.0
18596.0 121689.0
19112.0 121619.0
20766.0 121565.0
20838.0 121534.0
21342.0 120817.0
21708.0 120740.0
24516.0 120599.0
24592.0 120506.0
24750.0 120264.0
25513.0 120261.0
27842.0 120237.0
27913.0 120171.0
28687.0 120006.0
28763.0 119415.0
32013.0 118988.0
39358.0 118907.0
39434.0 118759.0

17492.0 134483.0
17745.0 127287.0
18016.0 126723.0
18092.0 123391.0
18545.0 122612.0
18596.0 121309.0
19112.0 121285.0
21266.0 121128.0
21342.0 120982.0
21657.0 120756.0
21708.0 120694.0
24516.0 120599.0
24592.0 120302.0
24750.0 120264.0
25513.0 119997.0
28763.0 119415.0
32013.0 118988.0
39358.0 118907.0
39434.0 118759.0

17492.0 134483.0
17726.0 130180.0
17745.0 127287.0
18016.0 126562.0
18092.0 123391.0
18545.0 123022.0
18596.0 121826.0
19112.0 121561.0
19912.0 121497.0
20838.0 121496.0
21266.0 121426.0
21342.0 120785.0
21638.0 120756.0
21657.0 120581.0
21708.0 120492.0
24592.0 120438.0
24750.0 120288.0
24820.0 120175.0
28763.0 119415.0
32013.0 119012.0
39358.0 118768.0
39434.0 118759.0
42608.0 118477.0

17996.0 129542.0
18016.0 126723.0
18092.0 123256.0
18545.0 123022.0
18596.0 121154.0
19912.0 121125.0
21266.0 121068.0
21342.0 120771.0
21708.0 120522.0
24592.0 120359.0
24750.0 120264.0
25513.0 119931.0
27843.0 119811.0
27894.0 119565.0
28763.0 119306.0
32013.0 118988.0
36184.0 118903.0
39434.0 118728.0
42608.0 118477.0
46855.0 118350.0


