18596.0 216272.0
18615.0 209246.0
19587.0 208722.0
19845.0 208646.0
19987.0 208202.0
21342.0 207384.0
21689.0 207038.0
21708.0 206091.0
22263.0 204444.0
24016.0 203895.0
24801.0 203583.0
25513.0 201393.0
28187.0 201373.0
28763.0 200756.0
31937.0 200625.0
32934.0 200396.0
36184.0 200331.0
39282.0 200321.0

20742.0 216084.0
21266.0 214893.0
21342.0 207932.0
21708.0 206145.0
22263.0 204220.0
24516.0 204181.0
24592.0 203892.0
24937.0 203705.0
25513.0 203467.0
28763.0 202829.0
32013.0 202158.0

19505.0 214533.0
20742.0 214046.0
21038.0 213047.0
21342.0 206342.0
21689.0 206278.0
21708.0 205808.0
22263.0 203831.0
24516.0 203757.0
24592.0 203444.0
25513.0 202996.0
28687.0 202991.0
28763.0 202768.0
29684.0 202268.0
32013.0 202081.0
36184.0 202024.0

18671.0 214210.0
19471.0 213057.0
19946.0 211869.0
20742.0 211253.0
20857.0 210229.0
21342.0 207932.0
21689.0 207760.0
21708.0 205757.0
22263.0 204220.0
24516.0 203036.0
27894.0 202651.0
28763.0 202299.0
31437.0 202291.0
32013.0 202158.0
36184.0 201693.0

19471.0 213057.0
20238.0 212704.0
20742.0 211253.0
20857.0 210229.0
21342.0 207932.0
21708.0 206056.0
22263.0 203921.0
24516.0 203900.0
24592.0 203428.0
24782.0 203339.0
25513.0 202658.0
28687.0 202593.0
28763.0 202299.0
29684.0 202272.0
32013.0 202158.0
37105.0 202152.0
39434.0 201283.0

19471.0 213057.0
20742.0 211253.0
20857.0 210229.0
21342.0 207691.0
21689.0 206870.0
21708.0 206056.0
22263.0 203979.0
24592.0 203833.0
24750.0 203339.0
25513.0 203030.0
28687.0 202790.0
28763.0 202299.0
31437.0 202291.0
32013.0 202158.0

20742.0 216084.0
21266.0 214893.0
21342.0 207932.0
21708.0 206056.0
22263.0 204037.0
24592.0 203650.0
24937.0 203646.0
25513.0 203467.0
27894.0 203463.0
28763.0 202829.0
32013.0 202158.0

20742.0 215440.0
20838.0 210557.0
21342.0 207932.0
21689.0 207766.0
21708.0 206056.0
22263.0 204037.0
24592.0 203650.0
24937.0 203646.0
25513.0 203395.0
27766.0 203178.0
28763.0 202829.0
29684.0 202759.0
31437.0 202737.0
32013.0 202158.0

20742.0 216084.0
21266.0 214893.0
21342.0 207932.0
21708.0 206056.0
22263.0 204037.0
24592.0 203650.0
24937.0 203646.0
25513.0 203467.0
27894.0 203463.0
28763.0 202829.0
32013.0 202158.0

19146.0 219186.0
19313.0 212992.0
19946.0 211790.0
20438.0 210152.0
20766.0 209794.0
20838.0 208773.0
21342.0 204918.0
21638.0 203751.0
23550.0 203060.0
24750.0 202746.0
28763.0 201727.0
31006.0 201539.0
36184.0 200986.0

18922.0 211061.0
19247.0 211015.0
20827.0 209545.0
21342.0 207932.0
21708.0 204913.0
22263.0 203428.0
23550.0 202866.0
24750.0 202472.0
25513.0 201318.0
28763.0 199415.0


