16515.0 41448.0
16595.0 41053.0
17095.0 40954.0
17171.0 40744.0
18092.0 40466.0
18596.0 40402.0
19912.0 40313.0
21342.0 40064.0
21708.0 39975.0
24516.0 39972.0
24592.0 39915.0
24820.0 39865.0
25513.0 39758.0
27894.0 39757.0
28687.0 39754.0
28763.0 39631.0
31937.0 39628.0
32013.0 39572.0
32934.0 39511.0
36108.0 39508.0
36184.0 39385.0
39358.0 39382.0
39434.0 39326.0
40355.0 39278.0
43605.0 39152.0
46855.0 39093.0
51026.0 39070.0

16023.0 43601.0
16290.0 43450.0
16515.0 41507.0
16595.0 41102.0
17095.0 41021.0
17171.0 40744.0
18092.0 40466.0
18545.0 40444.0
18596.0 40337.0
19912.0 40313.0
21266.0 40310.0
21342.0 40088.0
21657.0 40071.0
21708.0 39975.0
24592.0 39915.0
25513.0 39782.0
28763.0 39720.0
32013.0 39669.0
32934.0 39600.0
36184.0 39474.0
43605.0 39241.0
51026.0 39159.0

16023.0 43601.0
16290.0 43450.0
16515.0 41507.0
16595.0 41102.0
17095.0 41021.0
17171.0 40744.0
18092.0 40466.0
18545.0 40444.0
18596.0 40337.0
19912.0 40313.0
21266.0 40310.0
21342.0 40064.0
21708.0 39975.0
24516.0 39972.0
24592.0 39915.0
24820.0 39865.0
25513.0 39758.0
28763.0 39632.0
31937.0 39631.0
32934.0 39536.0
36184.0 39474.0
43605.0 39241.0
51026.0 39159.0

16023.0 42442.0
16156.0 41999.0
16515.0 41334.0
16595.0 41102.0
17095.0 41021.0
17171.0 40744.0
18092.0 40466.0
18545.0 40444.0
18596.0 40337.0
19912.0 40313.0
21266.0 40310.0
21342.0 40064.0
21708.0 39975.0
24516.0 39972.0
24592.0 39915.0
24820.0 39865.0
25513.0 39758.0
28687.0 39757.0
28763.0 39632.0
31937.0 39631.0
32013.0 39572.0
32934.0 39512.0
36184.0 39399.0
40355.0 39279.0
43605.0 39241.0
51026.0 39159.0

16023.0 43601.0
16290.0 43027.0
16515.0 41267.0
16595.0 41035.0
17095.0 40972.0
17171.0 40744.0
18092.0 40466.0
18545.0 40444.0
18596.0 40337.0
19912.0 40313.0
21266.0 40310.0
21342.0 40064.0
21708.0 39975.0
24516.0 39974.0
24592.0 39915.0
24820.0 39905.0
25513.0 39758.0
28763.0 39632.0
32013.0 39573.0
32934.0 39536.0
36184.0 39410.0
43605.0 39241.0
51026.0 39159.0

16023.0 42554.0
16515.0 41334.0
16595.0 41102.0
17095.0 41021.0
17171.0 40744.0
18092.0 40466.0
18545.0 40444.0
18596.0 40337.0
19912.0 40313.0
21266.0 40310.0
21342.0 40064.0
21708.0 39975.0
24516.0 39972.0
24592.0 39915.0
24820.0 39865.0
25513.0 39758.0
28763.0 39631.0
32013.0 39572.0
32934.0 39512.0
36184.0 39399.0
39434.0 39363.0
40355.0 39279.0
43605.0 39241.0
51026.0 39159.0

16023.0 43601.0
16290.0 43450.0
16515.0 41334.0
16595.0 41102.0
17095.0 41021.0
17171.0 40744.0
18092.0 40466.0
18545.0 40444.0
18596.0 40337.0
19912.0 40313.0
21266.0 40310.0
21342.0 40064.0
21708.0 39975.0
24516.0 39972.0
24592.0 39915.0
24820.0 39865.0
25513.0 39758.0
28763.0 39631.0
32013.0 39573.0
32934.0 39512.0
36184.0 39399.0
43605.0 39241.0
51026.0 39159.0

16023.0 42554.0
16156.0 42111.0
16515.0 41334.0
16595.0 41102.0
17095.0 41021.0
17171.0 40744.0
18092.0 40466.0
18545.0 40444.0
18596.0 40337.0
19912.0 40313.0
21266.0 40310.0
21342.0 40064.0
21708.0 39975.0
24516.0 39972.0
24592.0 39915.0
24820.0 39889.0
25513.0 39758.0
27894.0 39757.0
28763.0 39632.0
31937.0 39631.0
32013.0 39573.0
32934.0 39512.0
36184.0 39399.0
43605.0 39241.0
51026.0 39159.0

16023.0 43601.0
16290.0 43143.0
16515.0 41267.0
16595.0 41102.0
17095.0 40972.0
17171.0 40744.0
18092.0 40466.0
18545.0 40444.0
18596.0 40337.0
19912.0 40313.0
21266.0 40310.0
21342.0 40064.0
21708.0 39975.0
24516.0 39972.0
24592.0 39915.0
24820.0 39865.0
25513.0 39758.0
28687.0 39757.0
28763.0 39632.0
31937.0 39631.0
32013.0 39573.0
32934.0 39525.0
36184.0 39399.0
39434.0 39351.0
43605.0 39241.0
51026.0 39159.0

16023.0 42389.0
16156.0 41946.0
16515.0 41267.0
16595.0 41035.0
17095.0 40972.0
17171.0 40744.0
18092.0 40466.0
18545.0 40444.0
18596.0 40337.0
19912.0 40313.0
21266.0 40310.0
21342.0 40064.0
21708.0 39975.0
24516.0 39972.0
24592.0 39915.0
24820.0 39889.0
25513.0 39782.0
27843.0 39765.0
28687.0 39757.0
28763.0 39631.0
32013.0 39573.0
32934.0 39525.0
36108.0 39524.0
36184.0 39385.0
43605.0 39241.0
51026.0 39159.0

16023.0 42664.0
16156.0 42088.0
16515.0 41267.0
16595.0 41035.0
17095.0 40954.0
17171.0 40744.0
18092.0 40466.0
18545.0 40444.0
18596.0 40337.0
19912.0 40313.0
21266.0 40310.0
21342.0 40064.0
21708.0 39975.0
24516.0 39972.0
24592.0 39915.0
24820.0 39865.0
25513.0 39758.0
27894.0 39757.0
28763.0 39631.0
32013.0 39572.0
32934.0 39512.0
36108.0 39511.0
36184.0 39386.0
39358.0 39385.0
39434.0 39326.0
40355.0 39278.0
43605.0 39153.0
51026.0 39071.0


