18092.0 124926.0
18596.0 124806.0
18615.0 121562.0
19912.0 121514.0
20421.0 121478.0
21266.0 121477.0
21342.0 121048.0
21708.0 120534.0
24016.0 120526.0
24592.0 120250.0
25513.0 119729.0
27843.0 119707.0
27913.0 119679.0
28763.0 119224.0
32934.0 118975.0
36184.0 118520.0
39358.0 118493.0
43605.0 118241.0

18016.0 126723.0
18545.0 124148.0
18596.0 122131.0
18615.0 122081.0
20838.0 121558.0
21342.0 121063.0
21708.0 120907.0
24516.0 120835.0
24592.0 120581.0
24750.0 120288.0
25513.0 120273.0
27842.0 120237.0
28763.0 119415.0
32013.0 119012.0
39358.0 118958.0
39434.0 118810.0

18016.0 126723.0
18092.0 122517.0
18596.0 121919.0
18615.0 121863.0
19112.0 121638.0
20766.0 121630.0
20838.0 121558.0
21266.0 121505.0
21342.0 121063.0
21689.0 121016.0
21708.0 120907.0
22263.0 120886.0
24516.0 120835.0
24592.0 120581.0
24750.0 120288.0
25513.0 120273.0
27842.0 120237.0
28763.0 119415.0
32013.0 119012.0
39358.0 118958.0
39434.0 118810.0

18016.0 126723.0
18092.0 122517.0
18545.0 122341.0
18596.0 121419.0
21266.0 121375.0
21342.0 121024.0
21689.0 120921.0
21708.0 120828.0
24516.0 120638.0
24592.0 120530.0
24750.0 120264.0
25513.0 120255.0
27842.0 120237.0
28763.0 119415.0
32013.0 118988.0
39358.0 118907.0
39434.0 118759.0

18016.0 126723.0
18092.0 122260.0
18545.0 122105.0
18596.0 121484.0
19946.0 121436.0
21266.0 121393.0
21342.0 120856.0
21708.0 120703.0
24592.0 120217.0
25513.0 120196.0
27842.0 120177.0
28687.0 120115.0
28763.0 119415.0
32013.0 119012.0
39358.0 118958.0
39434.0 118810.0

17996.0 128008.0
18016.0 126562.0
18056.0 125930.0
18092.0 122517.0
18545.0 122341.0
18596.0 121721.0
19912.0 121580.0
20838.0 121558.0
21342.0 121063.0
21689.0 120879.0
21708.0 120696.0
24516.0 120653.0
24592.0 120581.0
24750.0 120288.0
25513.0 120273.0
27842.0 120237.0
28687.0 120230.0
28763.0 119415.0
32013.0 119012.0
39358.0 118958.0
39434.0 118810.0

17492.0 134483.0
17745.0 127287.0
18016.0 126723.0
18092.0 125149.0
18545.0 124046.0
18596.0 121689.0
19112.0 121619.0
20766.0 121565.0
20838.0 121534.0
21266.0 121509.0
21342.0 120982.0
21657.0 120756.0
21708.0 120740.0
24516.0 120599.0
24592.0 120506.0
24750.0 120264.0
27842.0 120237.0
28687.0 120006.0
28763.0 119415.0
32013.0 118988.0
39358.0 118907.0
39434.0 118759.0

17492.0 134483.0
17745.0 127287.0
18016.0 126723.0
18092.0 125149.0
18545.0 124046.0
18596.0 121665.0
19112.0 121595.0
20766.0 121565.0
20838.0 121510.0
21266.0 121453.0
21342.0 120582.0
21708.0 120493.0
24592.0 120446.0
24750.0 120240.0
24820.0 120156.0
25513.0 120094.0
28687.0 120004.0
28763.0 119394.0
32013.0 118964.0
39358.0 118883.0
39434.0 118735.0

17492.0 134483.0
17745.0 127287.0
18016.0 126723.0
18092.0 122698.0
18596.0 121558.0
19112.0 121534.0
20387.0 121171.0
21266.0 121122.0
21342.0 120856.0
21657.0 120756.0
21708.0 120740.0
24516.0 120599.0
24592.0 120151.0
25513.0 120014.0
28687.0 119966.0
28763.0 119415.0
32013.0 118988.0
39358.0 118907.0
39434.0 118759.0

17492.0 134483.0
17745.0 127287.0
18016.0 126562.0
18092.0 124903.0
18526.0 122833.0
18545.0 122341.0
18596.0 121665.0
19112.0 121595.0
20766.0 121565.0
20838.0 121510.0
21342.0 120958.0
21638.0 120756.0
21657.0 120626.0
21708.0 120614.0
23950.0 120537.0
24592.0 120482.0
24750.0 120240.0
24820.0 120223.0
25513.0 120072.0
27842.0 120036.0
28687.0 120004.0
28763.0 119394.0
32013.0 118964.0
39358.0 118883.0
39434.0 118759.0

18016.0 126723.0
18092.0 123551.0
18526.0 122833.0
18545.0 122341.0
18596.0 121398.0
19112.0 121275.0
19912.0 121125.0
21342.0 120982.0
21657.0 120965.0
21708.0 120627.0
24592.0 120530.0
24750.0 120264.0
24801.0 120084.0
24820.0 120076.0
25513.0 119859.0
27894.0 119727.0
28763.0 118985.0
36184.0 118903.0
39434.0 118762.0
42608.0 118477.0


