18545.0 216528.0
18596.0 211577.0
18615.0 208662.0
19505.0 208414.0
21266.0 208392.0
21342.0 207661.0
21689.0 207036.0
22263.0 203583.0
24592.0 203228.0
24750.0 203167.0
24820.0 203038.0
25513.0 202217.0
27266.0 201778.0
27843.0 201724.0
28763.0 201348.0
31437.0 201025.0
31937.0 200815.0
34687.0 200092.0
36184.0 200032.0
38858.0 199622.0
39358.0 199578.0
39434.0 199473.0
42608.0 199365.0

18922.0 217507.0
19112.0 216591.0
19505.0 210388.0
19987.0 210338.0
20766.0 209487.0
21266.0 208299.0
21342.0 205477.0
21708.0 204953.0
22263.0 203945.0
25513.0 202833.0
27843.0 202484.0
28763.0 202130.0
32358.0 201887.0
32934.0 201667.0
35608.0 201559.0

18596.0 210642.0
18856.0 208142.0
21342.0 205477.0
21708.0 204868.0
22263.0 203701.0
25513.0 202833.0
27843.0 202484.0
28763.0 202130.0
32358.0 201887.0
32934.0 201667.0
35608.0 201559.0

18545.0 209717.0
19247.0 209386.0
19313.0 208869.0
20066.0 208521.0
20742.0 206794.0
21342.0 204486.0
21661.0 203955.0
21708.0 203601.0
24516.0 203580.0
24592.0 203314.0
25513.0 202437.0
28763.0 202130.0
31437.0 202093.0
32358.0 201887.0
32934.0 201667.0
35608.0 201559.0

18615.0 207253.0
18623.0 206258.0
19112.0 204456.0
19247.0 204358.0
21342.0 203489.0
22263.0 203485.0
22461.0 203041.0
24516.0 203040.0
24750.0 203017.0
24801.0 202788.0
25513.0 201860.0
28763.0 201404.0
32934.0 201223.0
35608.0 201065.0

18596.0 215404.0
18856.0 210164.0
20066.0 208608.0
20766.0 208198.0
21266.0 207829.0
21342.0 203876.0
21708.0 203693.0
22263.0 203327.0
24801.0 203277.0
25437.0 203176.0
25513.0 202291.0
28763.0 202079.0
32358.0 201887.0
32934.0 201667.0
35608.0 201559.0

18596.0 208163.0
18856.0 208117.0
21342.0 205030.0
21708.0 204868.0
22263.0 203701.0
25513.0 202686.0
27843.0 202484.0
27913.0 202458.0
28763.0 201986.0
32358.0 201692.0
32934.0 201667.0
35608.0 201559.0

18545.0 211103.0
18596.0 208163.0
18856.0 208117.0
19313.0 208098.0
21266.0 207875.0
21342.0 205030.0
21708.0 204422.0
22263.0 203701.0
25513.0 202462.0
27913.0 202458.0
28763.0 201986.0
32358.0 201692.0
32934.0 201667.0
35608.0 201559.0
40355.0 201437.0

18596.0 208163.0
18856.0 208117.0
21342.0 204626.0
21708.0 204221.0
22263.0 203701.0
24750.0 203692.0
25513.0 202686.0
27843.0 202484.0
27913.0 202458.0
28763.0 201986.0
32358.0 201692.0
32934.0 201667.0
35608.0 201559.0

18580.0 215236.0
18856.0 214663.0
19112.0 214251.0
19471.0 209152.0
19946.0 209017.0
20690.0 208912.0
20742.0 207973.0
20766.0 206862.0
20857.0 206696.0
21342.0 205156.0
21638.0 204917.0
21708.0 204611.0
22263.0 203465.0
24592.0 203449.0
24750.0 203334.0
24801.0 203304.0
25513.0 202400.0
28687.0 202277.0
28763.0 202013.0
32013.0 201556.0

18092.0 209343.0
18596.0 208668.0
18615.0 206254.0
19146.0 206220.0
19505.0 205887.0
19946.0 205304.0
20742.0 204977.0
21342.0 203483.0
21657.0 203315.0
21689.0 203103.0
21708.0 202404.0
25513.0 202025.0
27894.0 201284.0
27913.0 199602.0
28763.0 199554.0
34190.0 198986.0
36108.0 198928.0
41611.0 198746.0


