22263.0 226637.0
22495.0 222414.0
24937.0 219020.0
35509.0 218611.0

21661.0 246905.0
22020.0 245909.0
22716.0 242297.0
25437.0 237679.0
25513.0 237355.0
28536.0 236938.0
32578.0 233764.0

21661.0 246905.0
22020.0 245909.0
22716.0 242297.0
25437.0 237679.0
25513.0 237355.0
28536.0 236938.0
32578.0 233764.0

21661.0 246905.0
22020.0 245909.0
22716.0 242297.0
25437.0 237679.0
25513.0 237355.0
28536.0 236938.0
32578.0 233764.0

21661.0 246905.0
22020.0 245909.0
22716.0 242297.0
25437.0 237679.0
25513.0 237355.0
28536.0 236938.0
32578.0 233764.0

21661.0 246905.0
22020.0 245909.0
22716.0 242297.0
25437.0 237679.0
25513.0 237355.0
28536.0 236938.0
32578.0 233764.0

21661.0 246905.0
22020.0 245909.0
22716.0 242297.0
25437.0 237679.0
25513.0 237355.0
28536.0 236938.0
32578.0 233764.0

21661.0 246905.0
22020.0 245909.0
22716.0 242297.0
25437.0 237679.0
25513.0 237355.0
28536.0 236938.0
29736.0 235172.0
32578.0 233764.0

21661.0 246905.0
22020.0 245909.0
22716.0 242297.0
25437.0 237679.0
25513.0 237355.0
28536.0 236938.0
32578.0 233764.0

21661.0 246905.0
22020.0 245909.0
22716.0 242297.0
25437.0 237679.0
25513.0 237355.0
28536.0 236938.0
32578.0 233764.0

21661.0 246905.0
22020.0 245909.0
22716.0 242297.0
25437.0 237679.0
25513.0 237355.0
28536.0 236938.0
32578.0 233764.0


