18596.0 210987.0
18671.0 209865.0
19246.0 208599.0
19838.0 208568.0
19946.0 206953.0
20438.0 206516.0
21342.0 205643.0
21657.0 204832.0
21689.0 204662.0
21708.0 204644.0
22263.0 203851.0
23940.0 203829.0
24592.0 203707.0
25513.0 203134.0
27843.0 202986.0
28687.0 202856.0
28763.0 202353.0
31437.0 202043.0
32013.0 201814.0

20742.0 216382.0
20838.0 214455.0
20857.0 211637.0
21708.0 208563.0
22136.0 208528.0
22263.0 205609.0
24016.0 205300.0
24820.0 205267.0
25513.0 204317.0
27913.0 204246.0
28763.0 202876.0
32934.0 202694.0

20742.0 216382.0
20838.0 214455.0
20857.0 211637.0
21708.0 208294.0
22263.0 205609.0
23950.0 205608.0
24016.0 205300.0
24592.0 204674.0
24750.0 204623.0
25513.0 204268.0
27266.0 203962.0
28763.0 202876.0
31437.0 202649.0
34687.0 202555.0

20166.0 227726.0
20438.0 224542.0
20742.0 216382.0
20838.0 214455.0
20857.0 211637.0
21661.0 211568.0
21708.0 208294.0
22263.0 205609.0
23950.0 205608.0
24016.0 205243.0
24592.0 204674.0
24750.0 204623.0
25513.0 202461.0
28763.0 201928.0
32934.0 201542.0

20742.0 216382.0
20838.0 214455.0
20857.0 211637.0
21342.0 207388.0
22263.0 205609.0
23950.0 205608.0
24016.0 205300.0
24592.0 204674.0
24750.0 204623.0
25513.0 203636.0
28187.0 203478.0
28763.0 202876.0
30155.0 202872.0
31437.0 202649.0
32358.0 202088.0
32934.0 201965.0

18446.0 219420.0
18671.0 211794.0
19146.0 206312.0
19946.0 206242.0
20857.0 206206.0
21342.0 204913.0
21657.0 204594.0
22263.0 204436.0
24592.0 204419.0
24731.0 204360.0
24750.0 204146.0
25513.0 203667.0
27843.0 203634.0
28187.0 203327.0
28763.0 202581.0
32013.0 202546.0

20742.0 216382.0
20838.0 214455.0
20857.0 211637.0
21661.0 211181.0
21708.0 208294.0
22263.0 205609.0
23950.0 205608.0
24016.0 205300.0
24592.0 204674.0
24750.0 204623.0
25513.0 204268.0
27266.0 203962.0
28763.0 202876.0
31437.0 202649.0
34687.0 202555.0

19505.0 216090.0
20838.0 214389.0
20857.0 211637.0
21342.0 211572.0
21657.0 209853.0
21661.0 209022.0
21708.0 206928.0
22263.0 205359.0
22461.0 205254.0
24016.0 204893.0
24592.0 204674.0
24750.0 204623.0
25513.0 204061.0
27266.0 203962.0
28187.0 203893.0
28763.0 202532.0
32013.0 201956.0

20742.0 216382.0
20838.0 214455.0
20857.0 211637.0
21342.0 207388.0
22263.0 205609.0
23950.0 205608.0
24016.0 205300.0
24592.0 204674.0
24750.0 204623.0
25513.0 203636.0
28187.0 203478.0
28763.0 202876.0
30155.0 202872.0
31437.0 202649.0
32358.0 202163.0
32934.0 201964.0

20742.0 216382.0
20838.0 214455.0
20857.0 211637.0
21342.0 211534.0
21708.0 208294.0
22263.0 205609.0
23950.0 205608.0
24016.0 205300.0
24592.0 204674.0
24750.0 204623.0
25513.0 203294.0
28763.0 202532.0
32013.0 201956.0

19280.0 211721.0
20766.0 208775.0
21342.0 204463.0
21346.0 204079.0
21708.0 203868.0
24016.0 203530.0
24516.0 203474.0
24592.0 202993.0
25513.0 201219.0
27894.0 200563.0
27913.0 200226.0
32013.0 200075.0
32934.0 198728.0
34190.0 198415.0


