16023.0 43919.0
16571.0 43911.0
16595.0 43524.0
16816.0 42668.0
16990.0 41487.0
17516.0 41212.0
18016.0 41113.0
18092.0 40466.0
18545.0 40449.0
18596.0 40337.0
19912.0 40313.0
21266.0 40312.0
21342.0 40064.0
21708.0 39975.0
24516.0 39972.0
24592.0 39915.0
24820.0 39865.0
25513.0 39758.0
27894.0 39757.0
28763.0 39631.0
31937.0 39629.0
32013.0 39572.0
32934.0 39511.0
36184.0 39386.0
43605.0 39304.0

16023.0 45163.0
16122.0 44592.0
16571.0 42626.0
16816.0 42094.0
16956.0 41540.0
16990.0 41442.0
17516.0 41210.0
18016.0 41129.0
18092.0 40619.0
18545.0 40602.0
18596.0 40353.0
21266.0 40310.0
21342.0 40226.0
21708.0 40063.0
24516.0 40039.0
24592.0 39915.0
25513.0 39892.0
27913.0 39863.0
28763.0 39720.0
32013.0 39669.0
32934.0 39600.0
36184.0 39474.0
43605.0 39241.0
51026.0 39159.0

16023.0 45163.0
16122.0 44592.0
16571.0 42626.0
16816.0 42094.0
16956.0 41540.0
16990.0 41442.0
17516.0 41210.0
18016.0 41129.0
18092.0 40619.0
18545.0 40602.0
18596.0 40353.0
21266.0 40310.0
21342.0 40226.0
21708.0 40063.0
24516.0 40039.0
24592.0 39915.0
25513.0 39892.0
27913.0 39863.0
28763.0 39720.0
32013.0 39669.0
32934.0 39600.0
36184.0 39474.0
43605.0 39241.0
51026.0 39159.0

16023.0 42782.0
16571.0 42626.0
16595.0 42550.0
16816.0 41651.0
16956.0 41540.0
16990.0 41396.0
17516.0 41164.0
18016.0 41101.0
18092.0 40619.0
18545.0 40602.0
18596.0 40353.0
21266.0 40310.0
21342.0 40186.0
21708.0 40063.0
24516.0 40039.0
24592.0 39915.0
25513.0 39892.0
27913.0 39863.0
28763.0 39720.0
32013.0 39669.0
32934.0 39600.0
36184.0 39474.0
43605.0 39241.0
51026.0 39159.0

16023.0 42442.0
16156.0 41999.0
16595.0 41767.0
16956.0 41540.0
16990.0 41387.0
17516.0 41155.0
18016.0 41092.0
18092.0 40466.0
18545.0 40449.0
18596.0 40353.0
21266.0 40310.0
21342.0 40226.0
21708.0 40063.0
24516.0 40039.0
24592.0 39915.0
25513.0 39892.0
27913.0 39863.0
28763.0 39720.0
32013.0 39669.0
32934.0 39600.0
36184.0 39474.0
43605.0 39241.0
51026.0 39159.0

16023.0 42757.0
16515.0 41395.0
16595.0 41163.0
17095.0 41100.0
18092.0 40466.0
18545.0 40444.0
18596.0 40337.0
19912.0 40313.0
21266.0 40310.0
21342.0 40064.0
21708.0 39975.0
24592.0 39915.0
25513.0 39844.0
28763.0 39720.0
32013.0 39669.0
32934.0 39600.0
36184.0 39474.0
43605.0 39241.0
51026.0 39159.0

16023.0 45163.0
16122.0 44592.0
16515.0 43015.0
16571.0 41792.0
16956.0 41540.0
16990.0 41442.0
17171.0 40744.0
18092.0 40618.0
18526.0 40596.0
18596.0 40353.0
21266.0 40310.0
21342.0 40186.0
21708.0 40063.0
24516.0 40039.0
24592.0 39915.0
25513.0 39892.0
27913.0 39863.0
28763.0 39631.0
32934.0 39600.0
36184.0 39474.0
43605.0 39241.0
51026.0 39159.0

16023.0 43598.0
16515.0 43015.0
16571.0 41792.0
16816.0 41651.0
16956.0 41540.0
16990.0 41387.0
17171.0 40744.0
18092.0 40466.0
18545.0 40449.0
18596.0 40353.0
21266.0 40310.0
21342.0 40064.0
21708.0 39975.0
24516.0 39972.0
24592.0 39915.0
24820.0 39905.0
25513.0 39798.0
27894.0 39797.0
28763.0 39631.0
32934.0 39552.0
36184.0 39474.0
43605.0 39241.0
51026.0 39159.0

16023.0 45163.0
16122.0 44592.0
16515.0 43015.0
16571.0 41785.0
16956.0 41540.0
16990.0 41423.0
17171.0 40744.0
18092.0 40618.0
18526.0 40596.0
18596.0 40353.0
21266.0 40310.0
21342.0 40186.0
21708.0 40063.0
24516.0 40039.0
24592.0 39915.0
25513.0 39892.0
27913.0 39863.0
28763.0 39720.0
32013.0 39669.0
32934.0 39600.0
36184.0 39474.0
43605.0 39241.0
51026.0 39159.0

16023.0 45163.0
16122.0 44592.0
16515.0 43015.0
16571.0 41792.0
16816.0 41651.0
16956.0 41540.0
16990.0 41442.0
17171.0 40744.0
18092.0 40618.0
18526.0 40596.0
18596.0 40353.0
21266.0 40310.0
21342.0 40186.0
21708.0 40063.0
24516.0 40039.0
24592.0 39915.0
25513.0 39892.0
27913.0 39863.0
28763.0 39631.0
32934.0 39600.0
36184.0 39474.0
43605.0 39241.0
51026.0 39159.0

16023.0 43995.0
16122.0 43884.0
16515.0 43251.0
16571.0 42511.0
16595.0 41996.0
16816.0 41651.0
16956.0 41540.0
16990.0 41387.0
17516.0 41155.0
18016.0 41074.0
18092.0 40466.0
18545.0 40444.0
18596.0 40337.0
19912.0 40313.0
21266.0 40310.0
21342.0 40064.0
21708.0 39975.0
24516.0 39972.0
24592.0 39915.0
25513.0 39758.0
27894.0 39757.0
28763.0 39631.0
32013.0 39572.0
32934.0 39511.0
36184.0 39385.0
39434.0 39327.0
43605.0 39152.0
46855.0 39133.0
51026.0 39070.0


