18596.0 127936.0
18615.0 121943.0
18671.0 121908.0
19471.0 121838.0
20387.0 121790.0
20421.0 121768.0
21342.0 121104.0
21638.0 121065.0
21708.0 120853.0
24516.0 120739.0
24592.0 120622.0
24731.0 120605.0
24782.0 120533.0
25513.0 120094.0
28763.0 120010.0
29684.0 120002.0
31437.0 119974.0
32013.0 119365.0
34687.0 119345.0
35187.0 119342.0
36184.0 119341.0
37937.0 119331.0
39434.0 118541.0

18092.0 122913.0
18545.0 122851.0
18596.0 121978.0
19471.0 121919.0
20345.0 121898.0
21342.0 121049.0
21638.0 121032.0
21708.0 120807.0
24592.0 120508.0
24801.0 120484.0
24820.0 120220.0
27766.0 120123.0
28763.0 119637.0
43529.0 119621.0

18092.0 122913.0
18545.0 122851.0
18596.0 121978.0
18615.0 121946.0
19471.0 121919.0
20345.0 121898.0
20387.0 121755.0
21342.0 120848.0
21638.0 120831.0
21708.0 120606.0
24592.0 120462.0
24750.0 120445.0
24820.0 120220.0
25513.0 120177.0
27766.0 120123.0
28763.0 119543.0

18092.0 122870.0
18545.0 122851.0
18596.0 121978.0
18615.0 121885.0
19912.0 121816.0
20387.0 121694.0
21342.0 120848.0
21638.0 120831.0
21708.0 120606.0
24592.0 120462.0
24750.0 120445.0
24801.0 120423.0
24820.0 120203.0
25513.0 120177.0
27766.0 120123.0
27913.0 119978.0
28763.0 119637.0
43529.0 119621.0

18092.0 122913.0
18545.0 122851.0
18596.0 121919.0
19471.0 121895.0
20766.0 121852.0
21342.0 120669.0
21638.0 120571.0
24592.0 120358.0
24820.0 120220.0
27766.0 120123.0
27843.0 120106.0
28763.0 119505.0
31437.0 119446.0
43529.0 119350.0

18092.0 122913.0
18545.0 122815.0
18596.0 121933.0
19471.0 121919.0
19912.0 121909.0
20345.0 121898.0
21342.0 120915.0
21708.0 120449.0
24592.0 120400.0
24820.0 120203.0
25513.0 120194.0
27766.0 120123.0
28763.0 119544.0
31437.0 119485.0
36184.0 119171.0

18092.0 122913.0
18545.0 122851.0
18596.0 121978.0
18615.0 121955.0
19471.0 121919.0
20345.0 121898.0
21342.0 121049.0
21638.0 121032.0
21708.0 120766.0
24516.0 120757.0
24592.0 120508.0
24750.0 120485.0
24801.0 120484.0
24820.0 120202.0
27766.0 120123.0
28763.0 119637.0
36184.0 119346.0

18092.0 122913.0
18447.0 122868.0
18545.0 122652.0
18596.0 121933.0
19471.0 121919.0
19912.0 121816.0
21342.0 120955.0
21708.0 120766.0
24592.0 120508.0
24750.0 120485.0
24801.0 120484.0
24820.0 120219.0
25513.0 120112.0
27913.0 120101.0
28763.0 119637.0
36184.0 119622.0
43529.0 119621.0

18092.0 122913.0
18545.0 122851.0
18596.0 121919.0
19471.0 121895.0
20345.0 121874.0
21342.0 120975.0
21708.0 120766.0
24516.0 120757.0
24592.0 120508.0
24750.0 120485.0
24801.0 120484.0
24820.0 120202.0
27766.0 120123.0
27913.0 120101.0
28763.0 119637.0
36184.0 119346.0

18092.0 122913.0
18545.0 122851.0
18596.0 121800.0
19946.0 121776.0
21266.0 121775.0
21342.0 121031.0
21708.0 120766.0
24516.0 120716.0
24592.0 120502.0
24750.0 120485.0
24801.0 120461.0
24820.0 120219.0
25513.0 120166.0
27766.0 120123.0
28763.0 119637.0
36184.0 119622.0
43529.0 119621.0

18092.0 122518.0
18545.0 122366.0
18596.0 121943.0
19471.0 121919.0
19912.0 121816.0
21266.0 121815.0
21342.0 120855.0
21708.0 120614.0
24592.0 120508.0
24750.0 120445.0
24820.0 120213.0
25513.0 119763.0
28763.0 119057.0
43605.0 118897.0


