18092.0 126416.0
18596.0 123367.0
18615.0 121443.0
20387.0 121371.0
21266.0 121368.0
21342.0 120459.0
21708.0 120070.0
24516.0 120067.0
24592.0 119928.0
25513.0 119509.0
27894.0 119426.0
28763.0 119131.0
32013.0 119072.0
32934.0 118737.0
36108.0 118717.0
36184.0 118590.0
39434.0 118343.0
43605.0 118157.0
46779.0 118149.0
46855.0 117957.0

18092.0 123064.0
18545.0 122696.0
18596.0 121598.0
19912.0 121574.0
19946.0 121550.0
21266.0 121531.0
21342.0 121403.0
21689.0 121350.0
21708.0 121295.0
22263.0 121287.0
23950.0 121082.0
24592.0 120959.0
25513.0 120524.0
28763.0 119748.0
36184.0 119611.0
39434.0 119323.0

18092.0 123064.0
18545.0 122696.0
18596.0 121598.0
19912.0 121574.0
19946.0 121550.0
21266.0 121531.0
21342.0 121229.0
23950.0 120822.0
25513.0 120524.0
28763.0 119748.0
36184.0 119544.0
39434.0 119323.0

18092.0 122844.0
18545.0 122696.0
18596.0 121598.0
19912.0 121574.0
19946.0 121550.0
21266.0 121531.0
21342.0 121018.0
21708.0 120866.0
24592.0 120788.0
24801.0 120615.0
25513.0 120281.0
27842.0 120138.0
28763.0 119743.0
32013.0 119434.0
35263.0 119428.0
36184.0 119300.0
39434.0 119071.0

18092.0 123064.0
18545.0 122696.0
18596.0 121557.0
19912.0 121516.0
21266.0 121487.0
21342.0 120702.0
21708.0 120460.0
24592.0 120401.0
24820.0 120359.0
25513.0 120321.0
27842.0 120027.0
28763.0 119577.0
32013.0 119427.0
36184.0 119407.0
39434.0 119211.0

18092.0 122844.0
18545.0 122696.0
18596.0 121598.0
19912.0 121574.0
19946.0 121550.0
21266.0 121446.0
21342.0 121087.0
21657.0 121036.0
21708.0 120610.0
24592.0 120333.0
24750.0 120227.0
28763.0 119748.0
35263.0 119524.0
36184.0 119452.0
39434.0 119323.0

18092.0 123064.0
18545.0 122696.0
18596.0 121598.0
19912.0 121574.0
19946.0 121550.0
21266.0 121531.0
21342.0 120808.0
21657.0 120715.0
21708.0 120498.0
24516.0 120497.0
24592.0 120404.0
24750.0 120370.0
28763.0 119720.0
32013.0 119685.0
36184.0 119315.0

18092.0 122844.0
18545.0 122696.0
18596.0 121598.0
19912.0 121556.0
19946.0 121550.0
21266.0 121507.0
21342.0 120808.0
21657.0 120715.0
21708.0 120498.0
24516.0 120497.0
24592.0 120404.0
24750.0 120370.0
25513.0 120080.0
28763.0 119711.0
32013.0 119647.0
36184.0 119315.0

18092.0 123064.0
18545.0 122696.0
18596.0 121437.0
21266.0 121412.0
21342.0 120808.0
21657.0 120715.0
21708.0 120498.0
24516.0 120497.0
24592.0 120404.0
24750.0 120370.0
25513.0 120255.0
27842.0 120198.0
28763.0 119658.0
31937.0 119446.0
32934.0 119389.0
36184.0 119213.0

18092.0 123064.0
18545.0 122696.0
18596.0 121598.0
19912.0 121574.0
19946.0 121550.0
21266.0 121531.0
21342.0 120808.0
21657.0 120715.0
21708.0 120498.0
24516.0 120497.0
24592.0 120319.0
25513.0 120232.0
28763.0 119686.0
32013.0 119682.0
36184.0 119315.0

18092.0 122262.0
18545.0 122245.0
18596.0 121507.0
19912.0 121483.0
21266.0 121440.0
21342.0 120866.0
21708.0 120701.0
24516.0 120700.0
24592.0 120276.0
24750.0 120261.0
24801.0 120039.0
25513.0 119505.0
28763.0 119111.0
36108.0 119086.0
39358.0 118786.0


