22263.0 221807.0
24440.0 220890.0
25513.0 217288.0
29684.0 217038.0
31006.0 217015.0
37105.0 216645.0

22263.0 243089.0
23054.0 240256.0
25192.0 237841.0
28285.0 236620.0
28763.0 232042.0

22263.0 243089.0
23054.0 240256.0
25192.0 237841.0
28285.0 236620.0
28763.0 232042.0

22263.0 243089.0
23054.0 240256.0
25192.0 237841.0
28285.0 236620.0
28763.0 232042.0
31413.0 231466.0

22263.0 243089.0
23054.0 240256.0
25192.0 237841.0
28285.0 236620.0
28763.0 232042.0

22263.0 243089.0
23054.0 240256.0
25192.0 237841.0
28285.0 236620.0
28763.0 232042.0

22263.0 243089.0
23054.0 240256.0
25192.0 237841.0
28285.0 236620.0
28763.0 232042.0

22263.0 243089.0
23054.0 240256.0
25192.0 237841.0
28285.0 236620.0
28763.0 232042.0

22263.0 243089.0
23054.0 240256.0
25192.0 237841.0
28285.0 236620.0
28763.0 232042.0

22263.0 243089.0
23054.0 240256.0
25192.0 237841.0
28285.0 236620.0
28763.0 232042.0

22263.0 243089.0
23054.0 240256.0
25192.0 237841.0
28285.0 236620.0
28763.0 232042.0


