18092.0 122627.0
18596.0 122444.0
18615.0 121922.0
19912.0 121914.0
19946.0 121863.0
21342.0 121086.0
21638.0 121085.0
21657.0 120873.0
21708.0 120661.0
22263.0 120470.0
24592.0 120344.0
24750.0 120255.0
25513.0 119736.0
28763.0 119645.0
29684.0 119567.0
32858.0 119420.0
32934.0 119007.0
40279.0 118951.0

18545.0 130368.0
18596.0 122302.0
18615.0 122110.0
19112.0 122087.0
19912.0 122017.0
20387.0 121960.0
21342.0 121321.0
21708.0 120823.0
24516.0 120820.0
24750.0 120813.0
24801.0 120695.0
25513.0 120371.0
28763.0 119887.0
32858.0 119853.0
36184.0 119646.0

18545.0 130368.0
18596.0 122302.0
18615.0 122110.0
19112.0 122087.0
19912.0 122017.0
20387.0 121960.0
21342.0 121255.0
21638.0 120953.0
21708.0 120823.0
24516.0 120819.0
24750.0 120813.0
24801.0 120695.0
25513.0 120371.0
28763.0 119887.0
32858.0 119853.0
36184.0 119646.0

18092.0 123799.0
18545.0 122822.0
18596.0 122217.0
18615.0 122041.0
19912.0 121993.0
19946.0 121903.0
20345.0 121869.0
20421.0 121674.0
20857.0 121621.0
21342.0 120933.0
21708.0 120520.0
24516.0 120477.0
24592.0 120289.0
28763.0 119887.0
32858.0 119853.0
36184.0 119646.0

18092.0 131827.0
18545.0 126566.0
18596.0 122302.0
18615.0 121862.0
19912.0 121848.0
19946.0 121750.0
20421.0 121619.0
20766.0 121613.0
20857.0 121566.0
21342.0 121216.0
21657.0 121105.0
21708.0 120823.0
24516.0 120820.0
24592.0 120728.0
24801.0 120671.0
25513.0 120371.0
28687.0 120321.0
28763.0 119887.0
32858.0 119853.0
36184.0 119646.0

18545.0 126182.0
18596.0 122302.0
18615.0 122110.0
19112.0 122087.0
19912.0 122017.0
20387.0 121883.0
21342.0 121012.0
21657.0 120951.0
21689.0 120950.0
21708.0 120823.0
24516.0 120820.0
24592.0 120679.0
25513.0 120371.0
28763.0 119887.0
32858.0 119853.0
32934.0 119852.0
36184.0 119646.0

18092.0 122350.0
18545.0 122288.0
18596.0 122105.0
18615.0 122041.0
19112.0 121911.0
19912.0 121841.0
21266.0 121840.0
21342.0 121312.0
21708.0 120813.0
24592.0 120535.0
24820.0 120366.0
25437.0 120365.0
25513.0 120217.0
28687.0 120123.0
28763.0 119887.0
32858.0 119853.0
32934.0 119829.0
35608.0 119749.0
36184.0 119646.0

18092.0 122350.0
18545.0 122288.0
18596.0 122043.0
18615.0 121888.0
19912.0 121848.0
21266.0 121847.0
21342.0 121102.0
21708.0 120813.0
24516.0 120798.0
24592.0 120716.0
24801.0 120619.0
24820.0 120406.0
25437.0 120365.0
25513.0 120217.0
28763.0 119887.0
32858.0 119853.0
36184.0 119646.0

18092.0 122274.0
18545.0 122145.0
18596.0 122029.0
18615.0 121872.0
19912.0 121848.0
21266.0 121823.0
21342.0 121295.0
21708.0 120735.0
24516.0 120472.0
24592.0 120320.0
24750.0 120200.0
25513.0 120057.0
27862.0 120026.0
28763.0 119887.0
31937.0 119492.0
35263.0 119272.0

18545.0 130368.0
18596.0 122302.0
18615.0 122110.0
19112.0 122087.0
19912.0 121990.0
20387.0 121896.0
21266.0 121737.0
21342.0 121252.0
21708.0 120813.0
24516.0 120798.0
24592.0 120705.0
24801.0 120602.0
24820.0 120366.0
25437.0 120365.0
25513.0 120217.0
28763.0 119887.0
29684.0 119613.0
39434.0 119578.0

18092.0 122350.0
18545.0 122288.0
18596.0 121617.0
19912.0 121264.0
21638.0 121245.0
21657.0 121181.0
21708.0 120749.0
24516.0 120746.0
24592.0 120375.0
24801.0 120327.0
25513.0 119626.0
28763.0 119211.0
32013.0 119190.0
32934.0 118910.0


