24913.0 238083.0
27043.0 229400.0
28187.0 226631.0
33248.0 225893.0

24751.0 248811.0
25513.0 239338.0
26043.0 235595.0
32248.0 234385.0

24751.0 248811.0
25513.0 239338.0
26043.0 235595.0
32248.0 234385.0

24751.0 248811.0
25513.0 239338.0
26043.0 235595.0
32248.0 234385.0

24751.0 248811.0
25513.0 239338.0
26043.0 235595.0
32248.0 234385.0

24751.0 248811.0
25513.0 239338.0
26043.0 235595.0
32248.0 234385.0

24751.0 248811.0
25513.0 239338.0
26043.0 235595.0
32248.0 234385.0

24751.0 248811.0
25513.0 239338.0
26043.0 235595.0
32248.0 234385.0

24751.0 248811.0
25513.0 239338.0
26043.0 235595.0
32248.0 234385.0

24751.0 248811.0
25513.0 239338.0
26043.0 235595.0
32248.0 234385.0

24751.0 248811.0
25513.0 239338.0
26043.0 235595.0
32248.0 234385.0


