18092.0 125081.0
18596.0 121992.0
19112.0 121952.0
19471.0 121740.0
21266.0 121669.0
21342.0 120913.0
21638.0 120912.0
21708.0 120700.0
24016.0 120493.0
24592.0 120454.0
24750.0 120280.0
25513.0 120049.0
27842.0 119939.0
27843.0 119935.0
28687.0 119896.0
28763.0 119533.0
30955.0 119482.0
31437.0 119171.0
31937.0 119170.0
32934.0 119031.0
36108.0 119013.0
36184.0 118702.0
38858.0 118544.0
39358.0 118432.0

18092.0 125129.0
18447.0 124297.0
18596.0 121398.0
21266.0 121355.0
21342.0 120841.0
21708.0 120434.0
24592.0 120104.0
28763.0 119761.0
32013.0 119515.0

18092.0 125129.0
18447.0 124297.0
18596.0 121398.0
21266.0 121355.0
21342.0 120841.0
21708.0 120434.0
24592.0 120104.0
28763.0 119761.0
32013.0 119515.0
40355.0 119408.0

18092.0 124291.0
18596.0 121398.0
21266.0 121355.0
21342.0 120841.0
21708.0 120434.0
24592.0 120104.0
28763.0 119761.0
32013.0 119515.0
39434.0 119468.0

18092.0 125129.0
18447.0 124297.0
18596.0 121385.0
19912.0 121361.0
21266.0 121331.0
21342.0 120834.0
21708.0 120410.0
24592.0 120080.0
25513.0 119957.0
28687.0 119905.0
28763.0 119761.0
32013.0 119491.0
32934.0 119478.0
35608.0 119381.0
36184.0 119225.0

18092.0 124291.0
18596.0 121398.0
21266.0 121355.0
21342.0 120841.0
21708.0 120434.0
24592.0 120104.0
28763.0 119761.0
32013.0 119515.0

18092.0 125129.0
18447.0 124297.0
18596.0 121398.0
19912.0 121374.0
21266.0 121331.0
21342.0 120834.0
21708.0 120410.0
24516.0 120385.0
24592.0 120080.0
28763.0 119737.0
32013.0 119491.0

18092.0 124291.0
18596.0 121398.0
21266.0 121355.0
21342.0 120841.0
21708.0 120434.0
24592.0 120104.0
28763.0 119761.0
32013.0 119515.0
39434.0 119495.0

18092.0 125129.0
18447.0 124297.0
18596.0 121385.0
19912.0 121361.0
21266.0 121318.0
21342.0 120834.0
21708.0 120410.0
24516.0 120385.0
24592.0 120080.0
25513.0 119969.0
27894.0 119918.0
28687.0 119880.0
28763.0 119619.0
32013.0 119491.0
32934.0 119427.0
36184.0 119361.0

18092.0 124291.0
18596.0 121320.0
19912.0 121296.0
21266.0 121271.0
21342.0 120841.0
21708.0 120434.0
24592.0 120104.0
28763.0 119738.0
32013.0 119515.0
39434.0 119485.0

18092.0 125129.0
18447.0 124297.0
18596.0 121398.0
19912.0 121374.0
21266.0 121331.0
21342.0 120834.0
21708.0 120410.0
24592.0 120080.0
25513.0 119670.0
28763.0 119335.0
32013.0 119011.0


