22263.0 231015.0
22680.0 227109.0
23480.0 225982.0
24913.0 223821.0
25451.0 223751.0
27966.0 223049.0

24201.0 250708.0
24654.0 246873.0
24801.0 242342.0
24913.0 236904.0
25843.0 235167.0
27525.0 234850.0
28187.0 232772.0
28763.0 232098.0
29537.0 231244.0

24201.0 250708.0
24654.0 246873.0
24801.0 242342.0
24913.0 236904.0
25843.0 235167.0
27525.0 234850.0
28187.0 232772.0
28763.0 232098.0
29537.0 231244.0

24201.0 250708.0
24654.0 246873.0
24801.0 242342.0
24913.0 236904.0
25843.0 235167.0
27525.0 234850.0
28187.0 232772.0
28763.0 232098.0
29537.0 231244.0

24201.0 250708.0
24654.0 246873.0
24801.0 242342.0
24913.0 236904.0
25843.0 235167.0
27525.0 234850.0
28187.0 232772.0
28763.0 232098.0
29537.0 231244.0

24201.0 250708.0
24654.0 246873.0
24801.0 242342.0
24913.0 236904.0
25843.0 235167.0
27525.0 234850.0
28187.0 232772.0
28763.0 232098.0
29537.0 231244.0

24201.0 250708.0
24654.0 246873.0
24801.0 242342.0
24913.0 236904.0
25843.0 235167.0
27525.0 234850.0
28187.0 232772.0
28763.0 232098.0
29537.0 231244.0

24201.0 250708.0
24654.0 246873.0
24801.0 242342.0
24913.0 236904.0
25843.0 235167.0
27525.0 234850.0
28187.0 232772.0
28763.0 232098.0
29537.0 231244.0

24201.0 250708.0
24654.0 246873.0
24801.0 242342.0
24913.0 236904.0
25843.0 235167.0
27525.0 234850.0
28187.0 232772.0
28763.0 232098.0
29537.0 231244.0

24201.0 250708.0
24654.0 246873.0
24801.0 242342.0
24913.0 236904.0
25843.0 235167.0
27525.0 234850.0
28187.0 232772.0
28763.0 232098.0
29537.0 231244.0

24201.0 250708.0
24654.0 246873.0
24801.0 242342.0
24913.0 236904.0
25843.0 235167.0
27525.0 234850.0
28187.0 232772.0
28763.0 232098.0
29537.0 231244.0


