16990.0 129615.0
17345.0 127849.0
17516.0 126396.0
17675.0 126207.0
18092.0 123093.0
18596.0 122008.0
19112.0 121893.0
19946.0 121791.0
21266.0 121665.0
21342.0 120875.0
21708.0 120786.0
22263.0 120752.0
24516.0 120749.0
24592.0 120479.0
24750.0 120406.0
25513.0 119704.0
27894.0 119614.0
28763.0 119420.0
32934.0 119101.0
36108.0 119100.0
36184.0 118702.0
40355.0 118427.0
42608.0 118391.0
43529.0 118370.0
43605.0 118137.0
47776.0 118094.0
50029.0 117937.0

18092.0 123114.0
18596.0 122098.0
20838.0 121974.0
21342.0 121500.0
21708.0 121055.0
24592.0 120863.0
24750.0 120498.0
24801.0 120497.0
25513.0 120154.0
28763.0 119908.0
32013.0 119817.0
32934.0 119668.0
36184.0 119623.0

18092.0 123114.0
18596.0 122098.0
20838.0 121974.0
21266.0 121643.0
21342.0 121042.0
21708.0 120745.0
24516.0 120603.0
24592.0 120584.0
24750.0 120498.0
24801.0 120497.0
24820.0 120326.0
25513.0 120154.0
28763.0 119908.0
32013.0 119817.0
32934.0 119456.0
36184.0 119374.0

18092.0 122900.0
18596.0 121879.0
18615.0 121693.0
20345.0 121650.0
20838.0 121594.0
21266.0 121521.0
21342.0 121141.0
21638.0 121009.0
21708.0 120766.0
24516.0 120724.0
24592.0 120493.0
24801.0 120434.0
24820.0 120275.0
25513.0 120154.0
28763.0 119908.0
32013.0 119817.0
32934.0 119456.0
36184.0 119374.0
39434.0 119319.0

18092.0 123114.0
18526.0 122499.0
18545.0 122382.0
18596.0 121350.0
19912.0 121302.0
21342.0 120849.0
21708.0 120800.0
24592.0 120654.0
24750.0 120498.0
24801.0 120497.0
25513.0 120154.0
28763.0 119742.0
32934.0 119511.0
36184.0 119482.0

18092.0 123114.0
18596.0 122098.0
18615.0 121887.0
19112.0 121852.0
19471.0 121828.0
19912.0 121758.0
20387.0 121753.0
21342.0 121286.0
21638.0 121267.0
21708.0 120935.0
24592.0 120863.0
24750.0 120498.0
24801.0 120497.0
25513.0 120154.0
28763.0 119908.0
32013.0 119639.0
32934.0 119567.0
36184.0 119482.0

18092.0 123114.0
18596.0 122098.0
18615.0 122046.0
20345.0 122035.0
20766.0 121897.0
20838.0 121782.0
21266.0 121725.0
21342.0 121259.0
21638.0 121059.0
21708.0 120898.0
24592.0 120719.0
24750.0 120432.0
25513.0 120154.0
28763.0 119908.0
32013.0 119733.0
32934.0 119620.0
36184.0 119482.0
39434.0 119396.0

18092.0 122900.0
18596.0 121478.0
19912.0 121406.0
21342.0 121230.0
21708.0 121055.0
22263.0 120721.0
24016.0 120713.0
24592.0 120583.0
24750.0 120432.0
25513.0 120154.0
28763.0 119851.0
32013.0 119427.0
36184.0 119347.0

18092.0 123114.0
18596.0 122098.0
18615.0 121433.0
19912.0 121409.0
20387.0 121393.0
21266.0 121366.0
21342.0 121043.0
21708.0 120874.0
23950.0 120773.0
24592.0 120719.0
24750.0 120432.0
24801.0 120264.0
25513.0 120154.0
28763.0 119697.0
32934.0 119620.0
36184.0 119482.0
39434.0 119396.0

18092.0 123114.0
18596.0 122098.0
18615.0 121750.0
19112.0 121715.0
20345.0 121672.0
21266.0 121601.0
21342.0 121318.0
21638.0 121059.0
21708.0 120898.0
22263.0 120888.0
24516.0 120885.0
24592.0 120474.0
24750.0 120432.0
25513.0 120154.0
28763.0 119908.0
32013.0 119682.0
32934.0 119620.0
36184.0 119482.0
39434.0 119396.0

18092.0 123114.0
18545.0 122340.0
18596.0 121838.0
18615.0 121674.0
19946.0 121589.0
20421.0 121553.0
21342.0 121071.0
21708.0 120650.0
22263.0 120547.0
24750.0 120432.0
25513.0 119868.0
27894.0 119376.0
28763.0 119350.0
32934.0 118939.0
44526.0 118924.0


