22716.0 245516.0
23316.0 233790.0
23416.0 231127.0
23950.0 229579.0
24750.0 225636.0
24820.0 218224.0
24937.0 217415.0
26490.0 215002.0
27411.0 214874.0

24016.0 260877.0
24750.0 246914.0
25010.0 242187.0
25451.0 241548.0
25513.0 234600.0
28687.0 233076.0
29555.0 231057.0

24016.0 260877.0
24750.0 246914.0
25010.0 242187.0
25451.0 241548.0
25513.0 234600.0
28687.0 233076.0
29555.0 231057.0

24016.0 260877.0
24750.0 246914.0
25010.0 242187.0
25451.0 241548.0
25513.0 234600.0
28687.0 233076.0
29555.0 231057.0

24016.0 260877.0
24750.0 246914.0
25010.0 242187.0
25451.0 241548.0
25513.0 234600.0
28687.0 233076.0
29555.0 231057.0

24016.0 260877.0
24750.0 246914.0
25010.0 242187.0
25451.0 241548.0
25513.0 234600.0
28687.0 233076.0
29555.0 231057.0

24016.0 260877.0
24750.0 246914.0
25010.0 242187.0
25451.0 241548.0
25513.0 234600.0
28687.0 233076.0
29555.0 231057.0

24016.0 260877.0
24750.0 246914.0
25010.0 242187.0
25451.0 241548.0
25513.0 234600.0
28687.0 233076.0
29555.0 231057.0

24016.0 260877.0
24750.0 246914.0
25010.0 242187.0
25451.0 241548.0
25513.0 234600.0
28687.0 233076.0
29555.0 231057.0

24016.0 260877.0
24750.0 246914.0
25010.0 242187.0
25451.0 241548.0
25513.0 234600.0
28687.0 233076.0
29555.0 231057.0

24016.0 260877.0
24176.0 248903.0
24750.0 246914.0
25010.0 242187.0
25451.0 241548.0
25513.0 234600.0
28687.0 233076.0
29555.0 231057.0


