25451.0 248309.0
28687.0 234389.0
29684.0 228800.0
30955.0 228321.0
38758.0 228201.0
39653.0 228192.0

22620.0 262676.0
24913.0 237676.0
25010.0 237139.0
25437.0 236541.0
29684.0 234426.0

22620.0 262676.0
24913.0 237676.0
25010.0 237139.0
25437.0 236541.0
29684.0 234426.0

22620.0 262676.0
24913.0 237676.0
25010.0 237139.0
25437.0 236541.0
29684.0 234426.0

22620.0 262676.0
24913.0 237676.0
25010.0 237139.0
25437.0 236541.0
29684.0 234426.0

22620.0 262676.0
24913.0 237676.0
25010.0 237139.0
25437.0 236541.0
29684.0 234426.0

22620.0 262676.0
24913.0 237676.0
25010.0 237139.0
25437.0 236541.0
29684.0 234426.0

22620.0 262676.0
24913.0 237676.0
25010.0 237139.0
25437.0 236541.0
29684.0 234426.0

22620.0 262676.0
24913.0 237676.0
25010.0 237139.0
25437.0 236541.0
29684.0 234426.0

22620.0 262676.0
24913.0 237676.0
25010.0 237139.0
25437.0 236541.0
29684.0 234426.0

22620.0 262676.0
24913.0 237676.0
25010.0 237139.0
25437.0 236541.0
29684.0 234426.0


