16990.0 127281.0
17095.0 125881.0
17694.0 125783.0
18016.0 125713.0
18092.0 122266.0
18545.0 122249.0
18596.0 121473.0
19112.0 121438.0
19912.0 121368.0
21266.0 121343.0
21342.0 120853.0
21708.0 120081.0
24516.0 120078.0
24592.0 120045.0
24801.0 120044.0
25513.0 119817.0
27894.0 119766.0
28687.0 119741.0
28763.0 119065.0
31437.0 119042.0
31937.0 118938.0
32013.0 118852.0
35187.0 118827.0
35263.0 118793.0
36184.0 118362.0
39358.0 118322.0
39434.0 118086.0
42608.0 118024.0
43605.0 117988.0
46855.0 117666.0
51026.0 117433.0

18092.0 122846.0
18526.0 122420.0
18545.0 121896.0
18596.0 121843.0
19112.0 121773.0
19946.0 121670.0
21342.0 121162.0
21638.0 121090.0
21708.0 121066.0
24592.0 120705.0
25513.0 120337.0
28187.0 120305.0
32013.0 120066.0
32934.0 119832.0
36108.0 119807.0
36184.0 119753.0
39434.0 119607.0
43605.0 119501.0
51026.0 119230.0

18092.0 122846.0
18526.0 122384.0
18545.0 121896.0
18596.0 121843.0
19112.0 121773.0
19946.0 121670.0
21342.0 121162.0
21638.0 121090.0
21708.0 121066.0
24592.0 120705.0
25513.0 120319.0
28187.0 120287.0
28763.0 120259.0
32013.0 120066.0
32934.0 119832.0
36108.0 119767.0
36184.0 119693.0
39434.0 119546.0
43605.0 119501.0
51026.0 119230.0

18092.0 122785.0
18526.0 122143.0
18545.0 121835.0
18596.0 121641.0
19946.0 121599.0
21342.0 120973.0
24592.0 120664.0
25513.0 120262.0
28763.0 120141.0
29684.0 120000.0
32013.0 119729.0
32934.0 119728.0
36184.0 119643.0
39434.0 119247.0
40355.0 119173.0
43529.0 119165.0

18092.0 122809.0
18526.0 122143.0
18545.0 121896.0
18596.0 121772.0
19946.0 121670.0
21342.0 121162.0
21638.0 121090.0
21708.0 120869.0
24592.0 120697.0
25513.0 120319.0
28187.0 120287.0
28763.0 120022.0
32013.0 119869.0
32934.0 119779.0
35608.0 119557.0
39434.0 119247.0
40355.0 119173.0

18056.0 131230.0
18092.0 122846.0
18526.0 122384.0
18545.0 121835.0
18596.0 121641.0
19946.0 121599.0
21266.0 121541.0
21342.0 121109.0
21638.0 121090.0
21708.0 120754.0
24592.0 120606.0
25513.0 120262.0
28763.0 120131.0
31437.0 120063.0
32013.0 119873.0
32934.0 119794.0
36108.0 119769.0
36184.0 119654.0
39434.0 119247.0
40355.0 119173.0

18092.0 122846.0
18526.0 122420.0
18545.0 121896.0
18596.0 121843.0
19112.0 121773.0
19946.0 121670.0
21342.0 121042.0
21708.0 120830.0
24592.0 120636.0
25513.0 120319.0
28187.0 120287.0
28763.0 120096.0
32013.0 119825.0
32934.0 119800.0
36108.0 119737.0
36184.0 119634.0
39434.0 119287.0
40355.0 119213.0

18092.0 122846.0
18526.0 122420.0
18545.0 121835.0
18596.0 121641.0
19946.0 121599.0
21342.0 121042.0
21708.0 120830.0
24592.0 120636.0
25513.0 120262.0
28763.0 119783.0
30955.0 119746.0
32013.0 119634.0
36108.0 119627.0
36184.0 119618.0
39434.0 119334.0
40355.0 119232.0
51026.0 119230.0

18092.0 122846.0
18526.0 122420.0
18545.0 121896.0
18596.0 121772.0
19112.0 121732.0
19946.0 121614.0
21266.0 121611.0
21342.0 120996.0
21657.0 120711.0
21708.0 120695.0
24516.0 120668.0
24592.0 120355.0
24750.0 120282.0
25513.0 120159.0
28687.0 120126.0
28763.0 119746.0
32013.0 119737.0
35263.0 119664.0
36184.0 119634.0
39358.0 119433.0
39434.0 119287.0
40355.0 119213.0

18092.0 122846.0
18526.0 122384.0
18545.0 121835.0
18596.0 121641.0
19912.0 121549.0
20766.0 121534.0
21266.0 121436.0
21342.0 121131.0
21638.0 121090.0
21708.0 120904.0
24592.0 120636.0
24937.0 120623.0
25513.0 120262.0
28687.0 120233.0
28763.0 119731.0
32013.0 119558.0
36184.0 119509.0
39434.0 119268.0
40355.0 119194.0

18092.0 122846.0
18526.0 122420.0
18545.0 121622.0
19946.0 121427.0
21266.0 121341.0
21342.0 120838.0
21657.0 120436.0
24516.0 120410.0
25513.0 119886.0
27913.0 119835.0
28763.0 119011.0
32934.0 118816.0
36184.0 118740.0
39434.0 118418.0


