18056.0 132178.0
18092.0 123062.0
18545.0 123023.0
18596.0 122508.0
18615.0 121398.0
19912.0 121350.0
20345.0 121325.0
20421.0 121314.0
21266.0 121311.0
21342.0 120812.0
21657.0 120795.0
21708.0 120641.0
24516.0 120608.0
24592.0 120315.0
24750.0 120198.0
25513.0 120023.0
27766.0 119906.0
27843.0 119889.0
27894.0 119701.0
28687.0 119700.0
28763.0 119055.0
31937.0 119052.0
32013.0 119019.0
32934.0 118827.0
36184.0 118366.0
43605.0 118324.0

17996.0 126670.0
18016.0 126148.0
18092.0 125654.0
18148.0 125489.0
18526.0 125378.0
18545.0 122700.0
18596.0 121863.0
19112.0 121758.0
20766.0 121743.0
21342.0 121363.0
21708.0 121151.0
24516.0 121021.0
24592.0 120765.0
24801.0 120579.0
28687.0 120525.0
28763.0 120254.0
32013.0 119694.0
35187.0 119692.0
39434.0 119484.0

17996.0 126670.0
18016.0 126148.0
18092.0 124961.0
18545.0 122700.0
18596.0 121863.0
19112.0 121758.0
20766.0 121743.0
21342.0 121281.0
21708.0 121082.0
24516.0 121021.0
24592.0 120483.0
24820.0 120414.0
25513.0 120385.0
28763.0 119972.0
31937.0 119911.0
32013.0 119694.0
35187.0 119692.0
36184.0 119485.0
39434.0 119162.0
46855.0 118929.0

17996.0 126670.0
18016.0 126148.0
18092.0 124258.0
18545.0 122004.0
18596.0 121535.0
18615.0 121512.0
19912.0 121488.0
19946.0 121448.0
21266.0 121423.0
21342.0 121009.0
21638.0 120864.0
21708.0 120707.0
24516.0 120706.0
24592.0 120483.0
24750.0 120461.0
24820.0 120393.0
25513.0 120101.0
28763.0 119904.0
29684.0 119633.0
36184.0 119297.0
39434.0 119162.0
46855.0 118929.0

17996.0 126670.0
18016.0 126148.0
18092.0 124961.0
18545.0 122700.0
18596.0 121502.0
19912.0 121454.0
21266.0 121453.0
21342.0 120762.0
21689.0 120721.0
21708.0 120632.0
24592.0 120483.0
24750.0 120461.0
25513.0 120111.0
28763.0 119658.0
32013.0 119532.0
39434.0 119448.0
40355.0 119341.0
47776.0 119120.0
51026.0 119085.0

17745.0 126622.0
18016.0 126112.0
18092.0 124258.0
18545.0 122683.0
18596.0 121760.0
19112.0 121581.0
19912.0 121533.0
21342.0 121153.0
21657.0 120912.0
21708.0 120488.0
24592.0 120429.0
27766.0 120428.0
28763.0 119567.0
36184.0 119406.0
46855.0 119240.0

17996.0 126670.0
18016.0 126148.0
18092.0 123340.0
18526.0 123242.0
18545.0 122700.0
18596.0 121863.0
19112.0 121758.0
20766.0 121743.0
21342.0 121294.0
21638.0 121253.0
21708.0 121041.0
23950.0 120918.0
24592.0 120483.0
24750.0 120461.0
27766.0 120421.0
28763.0 119972.0
32013.0 119694.0
35187.0 119692.0
39434.0 119484.0

17996.0 126670.0
18016.0 126112.0
18092.0 123340.0
18526.0 123242.0
18545.0 122549.0
18596.0 121863.0
19112.0 121758.0
20766.0 121743.0
21266.0 121708.0
21342.0 121254.0
21638.0 121253.0
21708.0 121041.0
23950.0 120918.0
24592.0 120462.0
24750.0 120461.0
25513.0 120345.0
28763.0 119972.0
31937.0 119951.0
32013.0 119694.0
35187.0 119692.0
39434.0 119484.0

17996.0 126670.0
18016.0 126148.0
18092.0 123340.0
18526.0 123242.0
18545.0 121914.0
18596.0 121533.0
19112.0 121463.0
19912.0 121439.0
19946.0 121415.0
21266.0 121414.0
21342.0 120912.0
21708.0 120650.0
24592.0 120398.0
24820.0 120146.0
27766.0 120064.0
28763.0 119808.0
32013.0 119186.0
39434.0 119162.0

17095.0 126462.0
17516.0 126228.0
17647.0 126173.0
17745.0 125361.0
18092.0 122561.0
18526.0 122367.0
18545.0 122305.0
18596.0 121620.0
19112.0 121475.0
19912.0 121381.0
21266.0 121380.0
21342.0 121193.0
21638.0 121127.0
21708.0 120361.0
24516.0 120360.0
24592.0 120302.0
27766.0 120243.0
27913.0 120133.0
28763.0 119417.0
32013.0 119381.0
36184.0 119123.0
39434.0 118849.0

17996.0 126670.0
18016.0 126148.0
18092.0 123283.0
18526.0 122505.0
18545.0 122407.0
18596.0 121465.0
19912.0 121320.0
21266.0 121319.0
21342.0 120897.0
21708.0 120573.0
24592.0 120462.0
24750.0 120414.0
25513.0 119666.0
28763.0 119095.0
36184.0 118996.0


