18092.0 123018.0
18312.0 122847.0
18475.0 122830.0
18526.0 122684.0
18545.0 122064.0
18596.0 121750.0
19112.0 121710.0
19471.0 121646.0
19912.0 121622.0
21266.0 121615.0
21342.0 120978.0
21708.0 120790.0
24516.0 120682.0
24592.0 120133.0
24750.0 120105.0
25513.0 119688.0
27766.0 119680.0
27842.0 119540.0
27862.0 119507.0
28687.0 119506.0
28763.0 119142.0
31861.0 119141.0
31937.0 119083.0
32934.0 118899.0
35263.0 118873.0
36108.0 118828.0
36184.0 118312.0
39358.0 118253.0
40355.0 118202.0
42608.0 118143.0
43605.0 117947.0
46779.0 117924.0

18092.0 126931.0
18545.0 125622.0
18596.0 122403.0
18615.0 122323.0
19146.0 122256.0
19912.0 122210.0
19946.0 122103.0
21342.0 121355.0
21689.0 121255.0
21708.0 120966.0
24016.0 120952.0
24592.0 120731.0
25513.0 120520.0
27862.0 120473.0
28763.0 119858.0
32013.0 119675.0
36108.0 119663.0
36184.0 119240.0
39358.0 119115.0

18092.0 126931.0
18545.0 125622.0
18596.0 122210.0
19912.0 122186.0
19946.0 122079.0
21342.0 121338.0
21689.0 121255.0
21708.0 120966.0
24016.0 120952.0
24592.0 120696.0
24801.0 120677.0
25513.0 120520.0
27862.0 120473.0
28763.0 119858.0
32013.0 119629.0
36184.0 119240.0
39358.0 119115.0

18092.0 126931.0
18545.0 125370.0
18596.0 121990.0
19912.0 121966.0
21266.0 121413.0
21342.0 121287.0
21689.0 121255.0
21708.0 120966.0
24016.0 120952.0
24592.0 120661.0
25513.0 120180.0
28763.0 119772.0
32013.0 119581.0
36184.0 119227.0
39358.0 119032.0
39434.0 118932.0
43605.0 118822.0

18092.0 126931.0
18545.0 125622.0
18596.0 121700.0
19912.0 121676.0
21266.0 121673.0
21342.0 121355.0
21689.0 121255.0
21708.0 120747.0
22102.0 120713.0
22902.0 120643.0
24516.0 120600.0
24801.0 120364.0
25513.0 120142.0
28763.0 119768.0
32013.0 119581.0
36184.0 119196.0
39358.0 119032.0
43605.0 118916.0

18016.0 130535.0
18092.0 126931.0
18545.0 125370.0
18596.0 121990.0
18615.0 121971.0
19912.0 121966.0
20066.0 121931.0
20345.0 121918.0
21266.0 121394.0
21342.0 120939.0
21708.0 120788.0
24592.0 120559.0
25513.0 120193.0
27766.0 120083.0
28763.0 119772.0
31937.0 119616.0
32013.0 119581.0
32934.0 119488.0
36184.0 119227.0
39358.0 119032.0
43605.0 118916.0

18092.0 126931.0
18545.0 125622.0
18596.0 121990.0
19912.0 121966.0
21266.0 121434.0
21342.0 120958.0
21708.0 120666.0
24516.0 120622.0
24592.0 120574.0
24801.0 120569.0
25513.0 120520.0
27862.0 120473.0
27913.0 120434.0
28763.0 119702.0
32013.0 119581.0
35263.0 119469.0
36184.0 119185.0
39358.0 119014.0
43605.0 118856.0

18092.0 126931.0
18545.0 125622.0
18596.0 121974.0
19912.0 121926.0
21266.0 121862.0
21342.0 120935.0
21708.0 120642.0
24516.0 120598.0
24592.0 120566.0
25513.0 120180.0
28763.0 119702.0
32013.0 119581.0
35263.0 119469.0
36184.0 119185.0
39358.0 119014.0
43605.0 118856.0

18092.0 126931.0
18545.0 125622.0
18596.0 121974.0
18615.0 121749.0
20387.0 121725.0
21266.0 121538.0
21342.0 120935.0
21708.0 120642.0
24516.0 120599.0
24592.0 120492.0
25513.0 120091.0
27894.0 119946.0
28763.0 119702.0
32013.0 119581.0
32934.0 119545.0
35187.0 119469.0
36184.0 119150.0
39358.0 119032.0
43605.0 118892.0

18092.0 126931.0
18545.0 125368.0
18596.0 121990.0
18615.0 121885.0
20345.0 121842.0
21266.0 121572.0
21342.0 120958.0
21708.0 120486.0
24516.0 120443.0
24592.0 120301.0
28763.0 119702.0
32013.0 119581.0
32934.0 119537.0
36184.0 119203.0
39358.0 119032.0
43605.0 118892.0

18092.0 124754.0
18596.0 121383.0
19912.0 121314.0
20421.0 121278.0
20857.0 121277.0
21342.0 120922.0
21657.0 120883.0
21708.0 120548.0
24592.0 120303.0
24801.0 120095.0
28763.0 119017.0
31937.0 119013.0
39434.0 118900.0
42684.0 118880.0


