18092.0 122661.0
18526.0 122265.0
18545.0 122243.0
18596.0 121829.0
19471.0 121811.0
21266.0 121786.0
21342.0 120830.0
21708.0 120780.0
22263.0 120401.0
24516.0 120398.0
24592.0 119933.0
24801.0 119910.0
25513.0 119721.0
27766.0 119662.0
27894.0 119644.0
28763.0 119020.0
31937.0 119019.0
32013.0 118960.0
36184.0 118320.0
39434.0 118285.0
40355.0 118191.0
42684.0 118189.0
43605.0 117980.0

18092.0 123185.0
18545.0 122682.0
18596.0 122029.0
19146.0 121994.0
19912.0 121889.0
19946.0 121819.0
21266.0 121818.0
21342.0 121343.0
21708.0 121252.0
24516.0 121231.0
24592.0 120732.0
27913.0 120691.0
28763.0 120231.0
35608.0 120189.0
36184.0 119738.0

18092.0 123172.0
18545.0 122469.0
18596.0 121547.0
21266.0 121546.0
21342.0 121140.0
21657.0 121123.0
21689.0 121033.0
23550.0 121031.0
24592.0 120732.0
25513.0 120253.0
27913.0 120199.0
28763.0 120017.0
32934.0 119556.0
36108.0 119532.0

18092.0 122410.0
18545.0 122074.0
18596.0 121340.0
19112.0 121305.0
19912.0 121195.0
21342.0 120728.0
21708.0 120677.0
24592.0 120291.0
25513.0 120270.0
28187.0 120228.0
28687.0 120167.0
28763.0 119620.0
31937.0 119557.0

18092.0 123172.0
18545.0 122682.0
18596.0 121839.0
19912.0 121619.0
21266.0 121618.0
21342.0 121209.0
21657.0 121011.0
21708.0 120545.0
24592.0 120486.0
24801.0 120386.0
25513.0 120266.0
28763.0 119699.0
32934.0 119472.0

18092.0 122828.0
18545.0 122058.0
18596.0 121421.0
19146.0 121370.0
19912.0 121346.0
20766.0 121327.0
20838.0 121310.0
21266.0 121240.0
21342.0 120936.0
21657.0 120741.0
21708.0 120578.0
24592.0 120391.0
24750.0 120340.0
24801.0 120339.0
27913.0 120331.0
28763.0 119728.0
31006.0 119688.0
36184.0 119660.0

18092.0 123096.0
18545.0 122458.0
18596.0 121724.0
19912.0 121619.0
21342.0 121173.0
21587.0 121158.0
21638.0 121042.0
21708.0 120588.0
24516.0 120567.0
24592.0 120480.0
27843.0 120376.0
28763.0 119527.0
46279.0 119279.0

18092.0 123096.0
18545.0 122458.0
18596.0 121724.0
19912.0 121387.0
19946.0 121282.0
21266.0 121263.0
21342.0 120982.0
21708.0 120588.0
24516.0 120545.0
24592.0 120480.0
24801.0 120467.0
25513.0 120403.0
27843.0 120376.0
28687.0 120302.0
28763.0 119527.0
36184.0 119410.0
46279.0 119279.0

18092.0 123096.0
18545.0 122458.0
18596.0 121513.0
19912.0 121303.0
21342.0 121026.0
21708.0 120588.0
24516.0 120567.0
24592.0 120515.0
24801.0 120425.0
25513.0 120093.0
28763.0 119866.0
31937.0 119654.0
46279.0 119279.0

18092.0 123096.0
18545.0 122458.0
18596.0 121724.0
19912.0 121619.0
21342.0 121250.0
21657.0 121200.0
21708.0 120977.0
24016.0 120948.0
24516.0 120673.0
24592.0 120396.0
28763.0 119832.0
31937.0 119735.0
36184.0 119429.0
46279.0 119279.0

18092.0 123185.0
18545.0 122011.0
18596.0 121375.0
19912.0 121351.0
20766.0 121227.0
21266.0 121167.0
21342.0 120914.0
21689.0 120896.0
21708.0 120684.0
24592.0 120377.0
25513.0 120046.0
28763.0 119574.0
32934.0 119331.0
36108.0 119328.0
39434.0 119047.0
42108.0 118962.0
46855.0 118726.0
49032.0 118612.0
60624.0 117992.0
63874.0 116916.0


