21342.0 213076.0
21661.0 211637.0
21689.0 211276.0
21708.0 204553.0
22263.0 204271.0
23061.0 203977.0
24516.0 203376.0
24592.0 202910.0
24820.0 202288.0
25513.0 201890.0
28763.0 201070.0
32013.0 200253.0
36108.0 200001.0

19112.0 209549.0
19946.0 209351.0
21038.0 208160.0
21266.0 208097.0
21342.0 206374.0
21638.0 206244.0
21689.0 205286.0
21708.0 205005.0
22263.0 204109.0
24516.0 204009.0
24592.0 203245.0
24801.0 202794.0
27690.0 202532.0
27766.0 202482.0
28763.0 202184.0
31016.0 201754.0
31437.0 201596.0
35263.0 201469.0

19112.0 209549.0
19505.0 206067.0
20857.0 205707.0
21342.0 204597.0
21708.0 204244.0
22263.0 204109.0
24516.0 203347.0
24592.0 202705.0
27266.0 202449.0
27766.0 201873.0
31016.0 201754.0
31437.0 201596.0
35263.0 201469.0

18615.0 211873.0
18922.0 211573.0
19112.0 209549.0
19912.0 207695.0
21342.0 205315.0
21657.0 204430.0
21708.0 203983.0
23950.0 203820.0
24592.0 202903.0
24750.0 202677.0
27266.0 202606.0
27690.0 202532.0
27766.0 201924.0
31016.0 201754.0
31437.0 201596.0
35263.0 201469.0

19112.0 209549.0
19505.0 205952.0
20438.0 205758.0
20857.0 205707.0
21342.0 204597.0
21708.0 204213.0
22263.0 204109.0
24516.0 203347.0
24592.0 202705.0
27266.0 202449.0
27766.0 201873.0
31016.0 201754.0
31437.0 201596.0
35263.0 201469.0

18922.0 210833.0
19112.0 209199.0
19505.0 208415.0
19912.0 207093.0
21342.0 203831.0
21708.0 203561.0
24516.0 203406.0
24592.0 201808.0
28763.0 201585.0
32013.0 201003.0

18615.0 211413.0
19112.0 209549.0
19146.0 206666.0
19471.0 206331.0
19505.0 206067.0
20857.0 205385.0
21342.0 203595.0
24516.0 203347.0
24592.0 202147.0
27766.0 201873.0
28763.0 201837.0
31016.0 201754.0
31437.0 201596.0
35263.0 201469.0

18615.0 211413.0
19112.0 209549.0
19146.0 206666.0
19471.0 206331.0
19505.0 206067.0
20857.0 205385.0
21342.0 203595.0
24516.0 203347.0
24592.0 202147.0
27766.0 201873.0
28763.0 201837.0
31016.0 201754.0
31437.0 201596.0
35263.0 201469.0

18615.0 211413.0
19112.0 209549.0
19146.0 206666.0
19471.0 206331.0
19505.0 206067.0
20857.0 205385.0
21342.0 203595.0
24516.0 203347.0
24592.0 202147.0
27766.0 201873.0
28763.0 201837.0
31016.0 201754.0
31437.0 201596.0
35263.0 201469.0

18615.0 211413.0
18922.0 210833.0
19112.0 209199.0
19146.0 209027.0
19505.0 208415.0
19912.0 207093.0
21342.0 203799.0
21708.0 203387.0
24592.0 201808.0
28763.0 201585.0
32013.0 201003.0

18615.0 209307.0
19112.0 208956.0
19146.0 208818.0
21038.0 208160.0
21266.0 208097.0
21342.0 203008.0
21708.0 202411.0
23950.0 202410.0
24592.0 202035.0
24750.0 201926.0
24801.0 201690.0
25513.0 201602.0
28763.0 200842.0
29684.0 200366.0
34190.0 199549.0
35111.0 198956.0
41611.0 198543.0
49032.0 198125.0
56453.0 197313.0
63874.0 194860.0


