18545.0 218322.0
18922.0 215116.0
19313.0 213262.0
19505.0 211604.0
19946.0 210838.0
21342.0 205763.0
21657.0 205410.0
22263.0 203027.0
24516.0 202598.0
25513.0 202434.0
27792.0 202403.0
27862.0 201769.0
27913.0 201514.0
28763.0 200509.0
31016.0 200474.0
32934.0 200128.0
35187.0 199895.0
36184.0 199864.0
40355.0 199692.0
42608.0 199553.0

19313.0 214367.0
19505.0 209672.0
21190.0 209216.0
21266.0 208147.0
21342.0 205562.0
21638.0 205480.0
21689.0 204962.0
21708.0 204312.0
22263.0 203805.0
24516.0 203754.0
24592.0 203258.0
25513.0 202842.0
27894.0 202625.0
27913.0 202351.0
28763.0 202062.0
32934.0 201910.0
40355.0 201765.0

18615.0 210460.0
18856.0 209194.0
19946.0 207173.0
20690.0 207130.0
21190.0 206598.0
21342.0 204081.0
22263.0 203805.0
24516.0 203754.0
24592.0 203258.0
24820.0 203116.0
25513.0 202370.0
27913.0 202351.0
28763.0 202062.0
31937.0 202061.0
32013.0 201525.0
32934.0 201408.0

18922.0 213923.0
19313.0 212758.0
19505.0 209463.0
19946.0 207960.0
20690.0 207623.0
21190.0 206545.0
21342.0 204081.0
21638.0 203612.0
24516.0 203211.0
24750.0 203207.0
24801.0 203083.0
25513.0 202370.0
27913.0 202351.0
28763.0 201716.0
31861.0 201644.0
32934.0 201621.0
39434.0 201607.0

18922.0 213767.0
19313.0 212758.0
19505.0 209463.0
19946.0 207960.0
20690.0 207623.0
21190.0 206546.0
21342.0 204081.0
21638.0 203612.0
24592.0 203181.0
24820.0 203116.0
25513.0 202370.0
27913.0 202351.0
28763.0 202062.0
32934.0 201621.0
39434.0 201607.0

19313.0 212758.0
19505.0 209329.0
19946.0 207960.0
20690.0 207623.0
21342.0 203657.0
21638.0 203635.0
23931.0 203467.0
24592.0 203258.0
24801.0 203236.0
24937.0 203057.0
25437.0 202923.0
25513.0 202312.0
28763.0 201750.0
31937.0 201679.0
32013.0 201381.0
36108.0 201293.0

19313.0 214367.0
19505.0 209672.0
21190.0 209216.0
21266.0 208147.0
21342.0 205562.0
21638.0 205480.0
21689.0 204962.0
21708.0 204312.0
22263.0 203758.0
24516.0 203754.0
24592.0 203258.0
25513.0 202272.0
28763.0 202062.0
31437.0 201964.0
32934.0 201523.0

18596.0 214960.0
18922.0 214059.0
19146.0 212430.0
19246.0 211927.0
19505.0 209672.0
19946.0 209045.0
20690.0 207623.0
21342.0 204023.0
21638.0 203428.0
24592.0 202954.0
24801.0 202695.0
25513.0 202370.0
27266.0 202332.0
27843.0 202324.0
28687.0 201432.0
28763.0 201143.0
40355.0 201127.0
43029.0 200684.0

19313.0 214367.0
19505.0 209672.0
21190.0 209216.0
21266.0 208147.0
21342.0 205562.0
21638.0 205480.0
21689.0 204962.0
21708.0 204312.0
22263.0 203758.0
24516.0 203754.0
24592.0 203258.0
25513.0 202272.0
28763.0 202062.0
31437.0 201964.0
32934.0 201523.0

18596.0 214960.0
18615.0 208656.0
20766.0 208388.0
21266.0 207833.0
21342.0 203919.0
21638.0 203450.0
24592.0 203018.0
24937.0 202655.0
25513.0 202312.0
28763.0 201928.0
32013.0 201710.0
32934.0 201408.0

19313.0 214367.0
19379.0 210303.0
19471.0 207305.0
19946.0 207008.0
20438.0 206370.0
20690.0 205778.0
21342.0 204595.0
21638.0 204473.0
21689.0 203975.0
21708.0 203711.0
21755.0 203694.0
22263.0 202426.0
24592.0 202035.0
24699.0 201812.0
24782.0 201771.0
25513.0 201509.0
28687.0 201431.0
28763.0 201263.0
29684.0 199346.0
32934.0 199115.0
40355.0 197882.0
45782.0 197832.0


