18596.0 206040.0
19112.0 205443.0
19912.0 205373.0
20766.0 205193.0
21342.0 203694.0
21708.0 202649.0
24016.0 202639.0
24516.0 202456.0
24731.0 202404.0
25513.0 201648.0
27043.0 201595.0
27766.0 201570.0
27894.0 201515.0
27913.0 200921.0
28687.0 200809.0
28763.0 200707.0
30955.0 200633.0
32013.0 200290.0
32934.0 200069.0
36108.0 199778.0
46855.0 199680.0

19146.0 212406.0
19505.0 209033.0
20066.0 208463.0
20438.0 208422.0
20766.0 206992.0
20857.0 206190.0
21266.0 205868.0
21342.0 205539.0
21587.0 205341.0
21657.0 205335.0
21708.0 203682.0
22263.0 203525.0
23950.0 203509.0
24016.0 203465.0
24516.0 203386.0
24750.0 203170.0
24801.0 202696.0
27913.0 202277.0
28763.0 201776.0
31937.0 201768.0
32013.0 201690.0
39434.0 201561.0
46855.0 201111.0

18922.0 215752.0
19146.0 212406.0
19505.0 209033.0
20066.0 207367.0
20766.0 206992.0
20857.0 206190.0
21266.0 205868.0
21342.0 205404.0
21587.0 205341.0
21638.0 205153.0
21708.0 203121.0
24516.0 202991.0
24592.0 202863.0
24750.0 202822.0
24801.0 202291.0
27913.0 202277.0
28187.0 202165.0
28763.0 201530.0
39434.0 201485.0
46855.0 201111.0

18596.0 218468.0
18623.0 213669.0
18856.0 210641.0
19146.0 208748.0
19505.0 208249.0
19980.0 207185.0
20766.0 205704.0
21342.0 204527.0
21708.0 203459.0
22263.0 202871.0
24592.0 202322.0
25513.0 202048.0
27843.0 201855.0
28763.0 201763.0
31937.0 201651.0
32934.0 201350.0
39434.0 200973.0
43605.0 200894.0

18805.0 211054.0
18922.0 210845.0
19505.0 209033.0
20066.0 208072.0
20766.0 206992.0
20838.0 206192.0
20857.0 206190.0
21266.0 205868.0
21342.0 204974.0
21638.0 204577.0
21708.0 203363.0
23950.0 203166.0
24592.0 203017.0
24801.0 202521.0
27842.0 202517.0
27913.0 202277.0
28763.0 201776.0
31937.0 201768.0
32013.0 201690.0
36184.0 201572.0
39434.0 201561.0
46855.0 201111.0

18596.0 211998.0
18805.0 208578.0
19505.0 207691.0
20066.0 206555.0
20787.0 205964.0
20838.0 205683.0
21342.0 204185.0
21638.0 203819.0
21708.0 203274.0
23950.0 203169.0
24016.0 203126.0
24592.0 202915.0
24750.0 202911.0
24801.0 202329.0
27843.0 202232.0
27913.0 202181.0
28763.0 201776.0
29684.0 201283.0
32934.0 200598.0

19146.0 212328.0
19505.0 209033.0
20066.0 208463.0
20438.0 208422.0
20766.0 206992.0
20857.0 206190.0
21266.0 205868.0
21342.0 205404.0
21587.0 205341.0
21657.0 205335.0
21689.0 205199.0
21708.0 203519.0
22263.0 202417.0
24016.0 202358.0
24592.0 202305.0
24801.0 201670.0
28763.0 201327.0
31016.0 201244.0
31437.0 200796.0

18447.0 218587.0
18545.0 209559.0
19146.0 206582.0
20421.0 206521.0
20766.0 205482.0
21342.0 204859.0
21638.0 204772.0
21657.0 204365.0
21708.0 203091.0
22263.0 202555.0
24016.0 202496.0
24592.0 202235.0
24801.0 201879.0
28187.0 201725.0
28763.0 201476.0
31016.0 201244.0
31437.0 200796.0

18671.0 215531.0
18805.0 211054.0
18922.0 210845.0
19146.0 209808.0
19471.0 209587.0
19505.0 209033.0
19587.0 208076.0
20066.0 208048.0
20766.0 206589.0
20838.0 206192.0
20857.0 206190.0
21266.0 205868.0
21342.0 204252.0
21708.0 203303.0
22263.0 202417.0
24016.0 202358.0
24592.0 202305.0
24801.0 201670.0
28763.0 201327.0
31016.0 201244.0
31437.0 200796.0
36184.0 200525.0
39358.0 200317.0
39434.0 200051.0

18596.0 220406.0
18615.0 209317.0
19505.0 205488.0
20766.0 205233.0
21266.0 205188.0
21342.0 203926.0
21638.0 203397.0
21708.0 203160.0
22263.0 202682.0
24016.0 202631.0
24516.0 202139.0
24801.0 201927.0
28187.0 201725.0
28763.0 201482.0
30936.0 201369.0
31016.0 201002.0
31437.0 200756.0

18545.0 212607.0
18596.0 209412.0
19146.0 208218.0
19505.0 206645.0
19980.0 205846.0
20857.0 205711.0
21190.0 204692.0
21342.0 204052.0
21661.0 203152.0
21689.0 202782.0
21708.0 201810.0
24801.0 201623.0
25513.0 200206.0
28763.0 199404.0
31937.0 199169.0
36184.0 198794.0


