16023.0 45363.0
16156.0 45272.0
16495.0 43899.0
16515.0 42115.0
16595.0 41776.0
16990.0 41568.0
17171.0 41352.0
17516.0 41173.0
18092.0 40624.0
18545.0 40602.0
18596.0 40495.0
18615.0 40443.0
20387.0 40419.0
21266.0 40416.0
21342.0 40064.0
21708.0 39975.0
24516.0 39972.0
24592.0 39915.0
27766.0 39914.0
28763.0 39631.0
31937.0 39628.0
32013.0 39572.0
36184.0 39385.0
39358.0 39384.0
39434.0 39334.0
42608.0 39326.0

16515.0 42516.0
16990.0 41474.0
17516.0 41242.0
18016.0 41179.0
18092.0 40466.0
18545.0 40444.0
18596.0 40337.0
19912.0 40313.0
21266.0 40310.0
21342.0 40064.0
21708.0 39975.0
24516.0 39972.0
24592.0 39916.0
25513.0 39758.0
28763.0 39632.0
32013.0 39573.0
32934.0 39525.0
36184.0 39386.0

16515.0 42516.0
16990.0 41474.0
17516.0 41242.0
18016.0 41161.0
18092.0 40466.0
18545.0 40444.0
18596.0 40337.0
19912.0 40313.0
21266.0 40310.0
21342.0 40064.0
21708.0 39975.0
24516.0 39972.0
24592.0 39916.0
25513.0 39758.0
28763.0 39631.0
32013.0 39573.0
32934.0 39525.0
36184.0 39386.0
43605.0 39304.0

16515.0 42516.0
16595.0 42121.0
16990.0 41396.0
17516.0 41164.0
18016.0 41101.0
18092.0 40466.0
18545.0 40444.0
18596.0 40337.0
19912.0 40313.0
21266.0 40310.0
21342.0 40064.0
21708.0 39975.0
24516.0 39972.0
24592.0 39916.0
25513.0 39758.0
28763.0 39632.0
32013.0 39573.0
32934.0 39525.0
36184.0 39386.0

16515.0 42516.0
16990.0 41396.0
17516.0 41164.0
18016.0 41101.0
18092.0 40466.0
18545.0 40444.0
18596.0 40337.0
19912.0 40313.0
21266.0 40310.0
21342.0 40064.0
21708.0 39975.0
24516.0 39972.0
24592.0 39916.0
25513.0 39758.0
28763.0 39631.0
32013.0 39573.0
32934.0 39525.0
36184.0 39386.0

16515.0 42358.0
16595.0 41963.0
16990.0 41396.0
17516.0 41164.0
18016.0 41083.0
18092.0 40466.0
18545.0 40444.0
18596.0 40337.0
19912.0 40313.0
21266.0 40310.0
21342.0 40064.0
21708.0 39975.0
24516.0 39972.0
24592.0 39916.0
25513.0 39758.0
28763.0 39632.0
32013.0 39573.0
32934.0 39525.0
36184.0 39386.0
40355.0 39279.0

16515.0 41712.0
16595.0 41317.0
17516.0 41242.0
18016.0 41179.0
18092.0 40466.0
18545.0 40444.0
18596.0 40337.0
19912.0 40313.0
21266.0 40310.0
21342.0 40064.0
21708.0 39975.0
24516.0 39972.0
24592.0 39916.0
25513.0 39758.0
28763.0 39631.0
32013.0 39573.0
32934.0 39525.0
36184.0 39386.0
43605.0 39304.0

16515.0 41448.0
16595.0 41053.0
17095.0 40954.0
18092.0 40466.0
18545.0 40444.0
18596.0 40337.0
19912.0 40313.0
21266.0 40310.0
21342.0 40064.0
21708.0 39975.0
24516.0 39972.0
24592.0 39916.0
25513.0 39758.0
28763.0 39631.0
32013.0 39573.0
32934.0 39525.0
36184.0 39386.0
43605.0 39304.0

16515.0 42516.0
16990.0 41396.0
17516.0 41164.0
18016.0 41101.0
18092.0 40466.0
18545.0 40444.0
18596.0 40337.0
19912.0 40313.0
21266.0 40310.0
21342.0 40064.0
21708.0 39975.0
24516.0 39972.0
24592.0 39916.0
25513.0 39758.0
28763.0 39631.0
32013.0 39573.0
32934.0 39525.0
36184.0 39386.0
43605.0 39304.0

16515.0 42358.0
16595.0 41963.0
16990.0 41474.0
17516.0 41182.0
18016.0 41083.0
18092.0 40466.0
18545.0 40444.0
18596.0 40337.0
19912.0 40313.0
21266.0 40310.0
21342.0 40064.0
21708.0 39975.0
24516.0 39972.0
24592.0 39916.0
25513.0 39758.0
28763.0 39631.0
32013.0 39573.0
32934.0 39525.0
36184.0 39386.0
43605.0 39304.0

16515.0 41328.0
16595.0 41053.0
17095.0 40954.0
17171.0 40768.0
18092.0 40466.0
18545.0 40444.0
18596.0 40337.0
19912.0 40313.0
21266.0 40310.0
21342.0 40064.0
21708.0 39975.0
24516.0 39972.0
24592.0 39916.0
24820.0 39865.0
25513.0 39758.0
27894.0 39757.0
28763.0 39632.0
32013.0 39573.0
32934.0 39512.0
36184.0 39386.0
39434.0 39340.0
40355.0 39279.0
43605.0 39153.0
51026.0 39095.0


