24719.0 244785.0
27913.0 243665.0
46279.0 242407.0

24719.0 244785.0
27913.0 243665.0
46279.0 242407.0

24719.0 244785.0
27913.0 243665.0
46279.0 242407.0

24719.0 244785.0
27913.0 243665.0
46279.0 242407.0

24719.0 244785.0
27913.0 243665.0
46279.0 242407.0

24719.0 244785.0
27913.0 243665.0
46279.0 242407.0

24719.0 244785.0
27913.0 243665.0
46279.0 242407.0

24719.0 244785.0
27913.0 243665.0
46279.0 242407.0

24719.0 244785.0
27913.0 243665.0
46279.0 242407.0

24719.0 244785.0
27913.0 243665.0
46279.0 242407.0

24719.0 244785.0
27913.0 243665.0
46279.0 242407.0


