16023.0 47782.0
16075.0 46635.0
16156.0 45165.0
16290.0 44551.0
16475.0 44157.0
16726.0 44018.0
16816.0 42160.0
16956.0 42049.0
16990.0 41688.0
17516.0 41456.0
18016.0 41393.0
18092.0 40466.0
18545.0 40444.0
18596.0 40353.0
19912.0 40313.0
21266.0 40310.0
21342.0 40064.0
21708.0 39975.0
24516.0 39972.0
24592.0 39915.0
24820.0 39865.0
25513.0 39798.0
27894.0 39757.0
28763.0 39631.0
31937.0 39628.0
32013.0 39572.0
32934.0 39511.0
36184.0 39385.0
39434.0 39326.0
40355.0 39278.0
43605.0 39152.0
46855.0 39093.0
50105.0 39058.0

16023.0 43771.0
16156.0 42187.0
16515.0 41657.0
16595.0 41262.0
17095.0 41163.0
17745.0 41127.0
18016.0 41104.0
18092.0 40466.0
18545.0 40444.0
18596.0 40337.0
19912.0 40313.0
21266.0 40310.0
21342.0 40088.0
21708.0 39975.0
24516.0 39972.0
24592.0 39916.0
25513.0 39782.0
28763.0 39631.0
31937.0 39629.0
32013.0 39573.0
32934.0 39512.0
36184.0 39386.0
39434.0 39350.0
40355.0 39279.0
43605.0 39220.0
51026.0 39138.0

16023.0 42630.0
16156.0 42187.0
16515.0 41657.0
16595.0 41262.0
17095.0 41163.0
17745.0 41127.0
18016.0 41104.0
18092.0 40466.0
18545.0 40444.0
18596.0 40337.0
19912.0 40313.0
21266.0 40310.0
21342.0 40088.0
21708.0 39975.0
24516.0 39972.0
24592.0 39916.0
25513.0 39782.0
28763.0 39631.0
31937.0 39629.0
32013.0 39573.0
32934.0 39512.0
36184.0 39386.0
39434.0 39350.0
40355.0 39279.0
43605.0 39220.0
51026.0 39138.0

16023.0 42547.0
16156.0 42104.0
16515.0 41509.0
16595.0 41114.0
17095.0 41015.0
18092.0 40466.0
18545.0 40444.0
18596.0 40337.0
19912.0 40313.0
21266.0 40310.0
21342.0 40064.0
21708.0 39975.0
24516.0 39972.0
24592.0 39916.0
24820.0 39865.0
25513.0 39758.0
28687.0 39755.0
28763.0 39631.0
31937.0 39629.0
32013.0 39573.0
32934.0 39512.0
36184.0 39386.0
39434.0 39350.0
40355.0 39279.0
43605.0 39153.0
51026.0 39138.0

16023.0 42375.0
16156.0 41932.0
16515.0 41328.0
16595.0 41096.0
17095.0 41021.0
18092.0 40466.0
18545.0 40444.0
18596.0 40337.0
19912.0 40313.0
21266.0 40310.0
21342.0 40064.0
21708.0 39975.0
24516.0 39972.0
24592.0 39916.0
25513.0 39758.0
28763.0 39631.0
31937.0 39629.0
32013.0 39573.0
32934.0 39512.0
36184.0 39386.0
39434.0 39350.0
40355.0 39279.0
43605.0 39220.0
47776.0 39196.0
51026.0 39138.0

16023.0 42405.0
16156.0 41932.0
16515.0 41267.0
16595.0 41035.0
17095.0 40954.0
18092.0 40466.0
18545.0 40444.0
18596.0 40337.0
19912.0 40313.0
21266.0 40310.0
21342.0 40088.0
21708.0 39975.0
24516.0 39972.0
24592.0 39916.0
24820.0 39865.0
25513.0 39758.0
28687.0 39755.0
28763.0 39631.0
31937.0 39629.0
32013.0 39573.0
32934.0 39512.0
36184.0 39386.0
39358.0 39385.0
39434.0 39340.0
40355.0 39279.0
43605.0 39220.0
46855.0 39094.0

16023.0 42630.0
16156.0 42187.0
16515.0 41657.0
16595.0 41262.0
17095.0 41163.0
17745.0 41127.0
18016.0 41104.0
18092.0 40466.0
18545.0 40444.0
18596.0 40337.0
19912.0 40313.0
21266.0 40310.0
21342.0 40064.0
21708.0 39975.0
24516.0 39972.0
24592.0 39916.0
24820.0 39865.0
25513.0 39758.0
28763.0 39631.0
31937.0 39629.0
32013.0 39573.0
32934.0 39512.0
36184.0 39386.0
39434.0 39350.0
40355.0 39279.0
43605.0 39220.0
51026.0 39138.0

16023.0 42547.0
16156.0 42104.0
16515.0 41509.0
16595.0 41114.0
17095.0 41015.0
18092.0 40466.0
18545.0 40444.0
18596.0 40337.0
19912.0 40313.0
21266.0 40310.0
21342.0 40064.0
21708.0 39975.0
24516.0 39972.0
24592.0 39916.0
24820.0 39865.0
25513.0 39758.0
28763.0 39631.0
31937.0 39629.0
32013.0 39573.0
32934.0 39512.0
36108.0 39511.0
36184.0 39386.0
39434.0 39350.0
40355.0 39279.0
43605.0 39153.0
51026.0 39138.0

16023.0 42630.0
16156.0 41932.0
16515.0 41515.0
16595.0 41053.0
17095.0 40954.0
18092.0 40466.0
18545.0 40444.0
18596.0 40337.0
19912.0 40313.0
21266.0 40310.0
21342.0 40064.0
21708.0 39975.0
24516.0 39972.0
24592.0 39916.0
24820.0 39865.0
25513.0 39758.0
28763.0 39631.0
31937.0 39629.0
32013.0 39573.0
32934.0 39512.0
36184.0 39386.0
39434.0 39350.0
40355.0 39279.0
43605.0 39220.0
51026.0 39138.0
54276.0 39102.0

16023.0 42375.0
16156.0 41932.0
16515.0 41267.0
16595.0 41035.0
17095.0 40954.0
18092.0 40466.0
18545.0 40444.0
18596.0 40337.0
19912.0 40313.0
21266.0 40310.0
21342.0 40064.0
21708.0 39975.0
24516.0 39972.0
24592.0 39916.0
24820.0 39865.0
25513.0 39758.0
28687.0 39755.0
28763.0 39631.0
31937.0 39629.0
32013.0 39572.0
32934.0 39512.0
36184.0 39386.0
39434.0 39340.0
40355.0 39279.0
43605.0 39153.0
46855.0 39094.0
51026.0 39070.0
54276.0 39035.0

16023.0 42670.0
16156.0 41879.0
16515.0 41448.0
16595.0 41053.0
17095.0 40954.0
18092.0 40466.0
18545.0 40444.0
18596.0 40337.0
19912.0 40313.0
21266.0 40310.0
21342.0 40064.0
21708.0 39975.0
24516.0 39972.0
24592.0 39915.0
24820.0 39865.0
25513.0 39758.0
27894.0 39757.0
28687.0 39755.0
28763.0 39631.0
31937.0 39629.0
32013.0 39572.0
32934.0 39512.0
36108.0 39510.0
36184.0 39386.0
39358.0 39385.0
39434.0 39327.0
40355.0 39279.0
43529.0 39278.0
43605.0 39153.0
46779.0 39152.0
46855.0 39141.0
51026.0 39071.0
54200.0 39068.0
54276.0 39036.0


