18092.0 124355.0
18545.0 122827.0
18596.0 121942.0
19912.0 121918.0
21266.0 121851.0
21342.0 120674.0
21708.0 120232.0
24516.0 120226.0
24592.0 120106.0
25513.0 120041.0
27773.0 119990.0
27894.0 119966.0
28687.0 119945.0
28763.0 119485.0
32934.0 119354.0
36108.0 119265.0
40355.0 119195.0
43529.0 118998.0

18092.0 123114.0
18596.0 122098.0
21266.0 122073.0
21342.0 121500.0
21708.0 121059.0
24592.0 120863.0
25513.0 120447.0
28763.0 120225.0
32013.0 119817.0
39434.0 119759.0

18092.0 123114.0
18596.0 122098.0
18615.0 122046.0
20857.0 121993.0
21266.0 121874.0
21342.0 121042.0
21708.0 120881.0
24592.0 120822.0
24750.0 120698.0
25513.0 120322.0
28763.0 120080.0
32013.0 119817.0
36184.0 119482.0

18092.0 123114.0
18596.0 122098.0
18615.0 121745.0
19912.0 121565.0
21266.0 121522.0
21342.0 121054.0
21657.0 121033.0
21708.0 120825.0
24592.0 120614.0
25513.0 119926.0
28763.0 119627.0
36184.0 119482.0
39434.0 119319.0

18092.0 123114.0
18596.0 122098.0
18615.0 122019.0
19471.0 121897.0
19587.0 121792.0
19912.0 121768.0
20766.0 121753.0
21342.0 121340.0
21708.0 121059.0
24592.0 120614.0
25513.0 120423.0
28763.0 120080.0
32013.0 119817.0
36184.0 119482.0

18092.0 123114.0
18596.0 122035.0
18615.0 121887.0
19112.0 121852.0
19471.0 121828.0
19912.0 121758.0
21266.0 121732.0
21342.0 121192.0
21708.0 120935.0
24592.0 120863.0
24750.0 120847.0
24801.0 120710.0
24820.0 120515.0
25513.0 120064.0
28763.0 119874.0
32013.0 119817.0
32934.0 119474.0

18092.0 123114.0
18596.0 122098.0
18615.0 122046.0
20766.0 121897.0
20838.0 121782.0
21266.0 121663.0
21342.0 121259.0
21638.0 121059.0
21708.0 120898.0
24592.0 120719.0
25513.0 120423.0
27842.0 120339.0
28763.0 119806.0
32013.0 119514.0
36184.0 119482.0
39434.0 119396.0

18092.0 123114.0
18596.0 122098.0
18615.0 122046.0
20857.0 121993.0
21266.0 121874.0
21342.0 121206.0
21708.0 121025.0
24516.0 121024.0
24592.0 120522.0
24820.0 120280.0
28763.0 119951.0
32013.0 119655.0
36184.0 119482.0
39434.0 119118.0

18092.0 123114.0
18596.0 122098.0
18615.0 121589.0
19912.0 121565.0
21266.0 121521.0
21342.0 121143.0
21638.0 121059.0
21708.0 120863.0
24516.0 120819.0
24592.0 120719.0
24801.0 120591.0
25513.0 120100.0
28687.0 120036.0
28763.0 119715.0
32013.0 119444.0
36184.0 119364.0

18092.0 123114.0
18596.0 122098.0
18615.0 122046.0
20857.0 121993.0
21266.0 121874.0
21342.0 121263.0
21638.0 121059.0
21708.0 120898.0
24516.0 120876.0
24592.0 120578.0
24801.0 120527.0
25513.0 120248.0
27913.0 120152.0
28763.0 120039.0
32013.0 119747.0
36184.0 119482.0
39434.0 119392.0

18092.0 123114.0
18596.0 122098.0
18615.0 121842.0
19112.0 121818.0
21266.0 121704.0
21342.0 121151.0
21689.0 121144.0
21708.0 120814.0
22263.0 120593.0
24516.0 120496.0
24750.0 120468.0
25513.0 120042.0
27913.0 119557.0
28763.0 119084.0
32934.0 118750.0
36184.0 118235.0


