25992.0 240626.0
35608.0 229218.0
37211.0 228289.0

25992.0 240626.0
35608.0 229218.0
37211.0 228289.0

25992.0 240626.0
35608.0 229218.0
37211.0 228289.0

25992.0 240626.0
35608.0 229218.0
37211.0 228289.0

25992.0 240626.0
35608.0 229218.0
37211.0 228289.0

25992.0 240626.0
35608.0 229218.0
37211.0 228289.0

25992.0 240626.0
35608.0 229218.0
37211.0 228289.0

25992.0 240626.0
35608.0 229218.0
37211.0 228289.0

25992.0 240626.0
35608.0 229218.0
37211.0 228289.0

25992.0 240626.0
35608.0 229218.0
37211.0 228289.0

25992.0 240626.0
35608.0 229218.0
37211.0 228289.0


