16023.0 42866.0
16156.0 42423.0
16595.0 41963.0
16816.0 41366.0
17516.0 41134.0
18016.0 41071.0
18092.0 40466.0
18545.0 40444.0
18596.0 40337.0
19912.0 40313.0
21266.0 40310.0
21342.0 40064.0
21708.0 39975.0
24516.0 39972.0
24592.0 39915.0
25513.0 39758.0
27894.0 39757.0
28687.0 39754.0
28763.0 39631.0
31937.0 39629.0
32013.0 39572.0
32934.0 39511.0
36108.0 39508.0
36184.0 39385.0
39358.0 39382.0
39434.0 39326.0
40355.0 39278.0
43605.0 39152.0
46855.0 39093.0
51026.0 39070.0

16290.0 44723.0
16475.0 43576.0
16515.0 41770.0
16816.0 41366.0
17516.0 41152.0
17726.0 41141.0
18016.0 41053.0
18092.0 40531.0
18545.0 40509.0
18596.0 40337.0
19912.0 40313.0
21266.0 40312.0
21342.0 40088.0
21708.0 39975.0
24516.0 39972.0
24592.0 39916.0
25513.0 39758.0
28763.0 39656.0
32013.0 39596.0
32934.0 39512.0
36184.0 39410.0
39434.0 39350.0
42684.0 39315.0

16290.0 44723.0
16475.0 43576.0
16515.0 41770.0
16816.0 41366.0
17516.0 41152.0
17726.0 41141.0
18016.0 41053.0
18092.0 40531.0
18545.0 40509.0
18596.0 40337.0
19912.0 40313.0
21266.0 40312.0
21342.0 40064.0
21708.0 39975.0
24516.0 39972.0
24592.0 39916.0
24820.0 39889.0
25513.0 39758.0
28763.0 39655.0
32013.0 39596.0
32934.0 39512.0
36184.0 39410.0
39434.0 39350.0
42684.0 39315.0

16290.0 43774.0
16475.0 43530.0
16515.0 41770.0
16816.0 41366.0
17516.0 41134.0
18016.0 41053.0
18092.0 40466.0
18545.0 40444.0
18596.0 40337.0
19912.0 40313.0
21266.0 40312.0
21342.0 40088.0
21708.0 39975.0
24516.0 39972.0
24592.0 39916.0
24820.0 39865.0
25513.0 39758.0
28763.0 39631.0
32013.0 39596.0
32934.0 39512.0
36184.0 39386.0
39434.0 39350.0
42684.0 39315.0
47776.0 39309.0

16290.0 44723.0
16475.0 43576.0
16515.0 41770.0
16816.0 41366.0
17516.0 41134.0
18016.0 41053.0
18092.0 40466.0
18545.0 40444.0
18596.0 40337.0
19912.0 40313.0
21266.0 40310.0
21342.0 40064.0
21708.0 39975.0
24516.0 39972.0
24592.0 39916.0
25513.0 39758.0
28687.0 39757.0
28763.0 39632.0
31937.0 39631.0
32013.0 39596.0
32934.0 39512.0
36184.0 39386.0
39434.0 39350.0
42684.0 39315.0

16290.0 44723.0
16475.0 43576.0
16515.0 41770.0
16816.0 41366.0
17516.0 41134.0
18016.0 41053.0
18092.0 40466.0
18545.0 40444.0
18596.0 40337.0
19912.0 40313.0
21266.0 40310.0
21342.0 40064.0
21708.0 39975.0
24516.0 39972.0
24592.0 39915.0
25513.0 39758.0
28763.0 39631.0
32013.0 39572.0
32934.0 39512.0
36184.0 39385.0
39434.0 39350.0
42684.0 39315.0
47776.0 39309.0

16290.0 44723.0
16475.0 43576.0
16515.0 41770.0
16816.0 41366.0
17516.0 41152.0
17726.0 41141.0
18016.0 41053.0
18092.0 40466.0
18545.0 40444.0
18596.0 40337.0
19912.0 40313.0
21266.0 40312.0
21342.0 40064.0
21708.0 39975.0
24516.0 39972.0
24592.0 39916.0
24820.0 39865.0
25513.0 39758.0
28763.0 39631.0
31937.0 39629.0
32013.0 39573.0
32934.0 39512.0
36184.0 39385.0
39434.0 39350.0
42684.0 39315.0
43605.0 39177.0

16075.0 45266.0
16290.0 43820.0
16475.0 43576.0
16515.0 41770.0
16816.0 41366.0
17516.0 41134.0
18016.0 41053.0
18092.0 40466.0
18545.0 40444.0
18596.0 40337.0
19912.0 40313.0
21266.0 40310.0
21342.0 40064.0
21708.0 39975.0
24516.0 39972.0
24592.0 39916.0
24820.0 39865.0
25513.0 39758.0
28687.0 39757.0
28763.0 39631.0
31937.0 39629.0
32013.0 39573.0
32934.0 39512.0
36184.0 39385.0
39434.0 39350.0
40355.0 39303.0
43605.0 39177.0

16290.0 44723.0
16475.0 43576.0
16515.0 41770.0
16816.0 41366.0
17516.0 41134.0
18016.0 41053.0
18092.0 40466.0
18545.0 40444.0
18596.0 40337.0
19912.0 40313.0
21266.0 40312.0
21342.0 40064.0
21708.0 39975.0
24516.0 39972.0
24592.0 39916.0
24820.0 39865.0
25513.0 39758.0
28687.0 39757.0
28763.0 39631.0
31937.0 39629.0
32013.0 39573.0
32934.0 39512.0
36184.0 39385.0
39434.0 39350.0
42684.0 39315.0
43605.0 39177.0

16290.0 44723.0
16475.0 43576.0
16515.0 41448.0
16595.0 41053.0
17095.0 40954.0
18092.0 40466.0
18545.0 40444.0
18596.0 40337.0
19912.0 40313.0
21266.0 40310.0
21342.0 40064.0
21708.0 39975.0
24516.0 39972.0
24592.0 39916.0
24820.0 39865.0
25513.0 39758.0
28763.0 39631.0
31937.0 39629.0
32013.0 39573.0
32934.0 39512.0
36184.0 39385.0
39434.0 39350.0
42684.0 39315.0
43605.0 39265.0

16023.0 45235.0
16290.0 44054.0
16475.0 43436.0
16515.0 41267.0
16595.0 41035.0
17095.0 40972.0
18092.0 40466.0
18545.0 40444.0
18596.0 40337.0
19912.0 40313.0
21266.0 40310.0
21342.0 40064.0
21708.0 39975.0
24516.0 39972.0
24592.0 39915.0
24820.0 39865.0
25513.0 39758.0
28687.0 39757.0
28763.0 39631.0
31937.0 39629.0
32013.0 39572.0
32934.0 39512.0
36108.0 39511.0
36184.0 39385.0
39434.0 39327.0
40355.0 39286.0
43529.0 39283.0
43605.0 39153.0
51026.0 39094.0
54276.0 39035.0


