24176.0 221296.0
24237.0 219375.0
24516.0 214203.0
24651.0 213992.0
24801.0 213163.0
31658.0 212873.0
31937.0 212622.0

23350.0 243856.0
24176.0 242398.0
24516.0 241606.0
27563.0 240718.0
28163.0 236906.0
32858.0 234775.0
35508.0 231715.0

23350.0 243856.0
24176.0 242398.0
24516.0 241606.0
27563.0 240718.0
28163.0 236906.0
32858.0 234775.0
35508.0 231715.0

23350.0 243856.0
24176.0 242398.0
24516.0 241606.0
27300.0 240749.0
27563.0 240718.0
28163.0 236906.0
30737.0 236648.0
32858.0 234775.0
35508.0 231715.0

23350.0 243856.0
24176.0 242398.0
24516.0 241606.0
27300.0 240820.0
27563.0 240718.0
28163.0 236906.0
30355.0 236806.0
30737.0 236648.0
32858.0 234775.0
32867.0 234477.0
35508.0 231715.0

23350.0 243856.0
24176.0 242398.0
24516.0 241606.0
27300.0 240749.0
27563.0 240718.0
28163.0 236906.0
30737.0 236648.0
32858.0 234775.0
35508.0 231715.0

22640.0 260908.0
23350.0 243856.0
24176.0 242398.0
24516.0 241606.0
27563.0 240718.0
28163.0 236906.0
32858.0 234775.0
35508.0 231715.0

23350.0 243856.0
24176.0 239792.0
27741.0 239191.0
28163.0 236906.0
32858.0 234775.0
33267.0 233996.0
35508.0 231715.0

23350.0 243856.0
24176.0 239792.0
27741.0 239191.0
28163.0 236906.0
32858.0 234775.0
33267.0 233996.0
35508.0 231715.0

23350.0 241250.0
27563.0 240718.0
27741.0 239120.0
28163.0 236906.0
32858.0 234775.0
33267.0 233925.0
35508.0 231715.0

23350.0 243856.0
24176.0 242398.0
24516.0 241606.0
27563.0 240718.0
28163.0 236906.0
32858.0 234775.0
35508.0 231715.0


