18545.0 125067.0
18596.0 123008.0
18615.0 121566.0
19912.0 121526.0
21266.0 121501.0
21342.0 120953.0
21638.0 120936.0
21689.0 120911.0
21708.0 120822.0
24016.0 120765.0
24516.0 120663.0
24592.0 120578.0
24750.0 120537.0
24801.0 120397.0
25513.0 119772.0
27043.0 119623.0
27842.0 119612.0
27843.0 119561.0
28763.0 119502.0
32013.0 119192.0
32934.0 118846.0
36184.0 118823.0
38858.0 118801.0
39434.0 118764.0
43605.0 118663.0

18092.0 124740.0
18447.0 124038.0
18596.0 121398.0
21266.0 121355.0
21342.0 120841.0
21708.0 120434.0
24592.0 120104.0
28763.0 119761.0
32013.0 119515.0

18092.0 124740.0
18447.0 124038.0
18596.0 121398.0
21266.0 121355.0
21342.0 120841.0
21708.0 120434.0
24592.0 120104.0
28763.0 119761.0
32013.0 119515.0
40355.0 119408.0

18092.0 124740.0
18447.0 123909.0
18596.0 121398.0
21266.0 121355.0
21342.0 120841.0
21708.0 120434.0
24592.0 120104.0
28763.0 119761.0
32013.0 119515.0
36184.0 119506.0
39434.0 119472.0

18092.0 124740.0
18447.0 124038.0
18596.0 121385.0
19912.0 121361.0
21266.0 121331.0
21342.0 120834.0
21708.0 120410.0
24592.0 120080.0
25513.0 120067.0
28687.0 119931.0
28763.0 119737.0
32013.0 119491.0
35608.0 119381.0
36184.0 119225.0

18092.0 124740.0
18447.0 124038.0
18596.0 121398.0
21266.0 121355.0
21342.0 120841.0
21708.0 120434.0
24592.0 120104.0
28763.0 119761.0
32013.0 119515.0

18092.0 124740.0
18447.0 124038.0
18596.0 121398.0
19912.0 121374.0
21266.0 121331.0
21342.0 120834.0
21708.0 120410.0
24516.0 120385.0
24592.0 120080.0
28763.0 119737.0
32013.0 119491.0

18092.0 124740.0
18447.0 124038.0
18596.0 121398.0
19912.0 121374.0
21266.0 121331.0
21342.0 120834.0
21708.0 120410.0
24516.0 120385.0
24592.0 120080.0
25513.0 120016.0
28687.0 119893.0
28763.0 119737.0
32013.0 119491.0
32934.0 119427.0

18092.0 124740.0
18447.0 124038.0
18596.0 121385.0
19912.0 121361.0
21266.0 121318.0
21342.0 120834.0
21708.0 120410.0
24516.0 120385.0
24592.0 120080.0
25513.0 119956.0
28687.0 119904.0
28763.0 119737.0
32013.0 119491.0

18092.0 124291.0
18447.0 124038.0
18596.0 121398.0
19912.0 121374.0
21266.0 121331.0
21342.0 120834.0
21708.0 120410.0
24516.0 120385.0
24592.0 120080.0
28763.0 119737.0
32013.0 119491.0
36184.0 119400.0

18092.0 124740.0
18447.0 124038.0
18596.0 121398.0
19912.0 121374.0
21266.0 121331.0
21342.0 120834.0
21708.0 120410.0
24516.0 120385.0
24592.0 120012.0
25513.0 119627.0
27894.0 119363.0
32013.0 119086.0
36184.0 118922.0
39434.0 118913.0


