18615.0 210778.0
18671.0 208199.0
19145.0 207898.0
19912.0 207874.0
20066.0 207485.0
20304.0 206991.0
20457.0 206982.0
20766.0 206967.0
20827.0 206458.0
21342.0 205597.0
21661.0 205372.0
22263.0 203661.0
23931.0 203156.0
23950.0 202996.0
24592.0 202471.0
24750.0 202349.0
24820.0 202314.0
25513.0 201055.0
28763.0 201007.0
32013.0 200962.0
32934.0 200940.0
36184.0 200337.0

19471.0 211900.0
20742.0 208331.0
21108.0 207944.0
21138.0 207312.0
21342.0 204358.0
21708.0 203825.0
24801.0 203444.0
25437.0 203141.0
27690.0 202855.0
27894.0 202519.0
36184.0 202235.0

18922.0 213830.0
19146.0 212134.0
19471.0 211900.0
19587.0 211106.0
19946.0 206952.0
20066.0 206691.0
20742.0 206585.0
20838.0 205554.0
21266.0 204915.0
21342.0 204156.0
21708.0 203775.0
24516.0 203097.0
25513.0 202258.0
28763.0 202076.0
32934.0 202023.0

18922.0 224401.0
19112.0 221036.0
19146.0 218473.0
19471.0 210831.0
19946.0 209932.0
20066.0 206829.0
20838.0 205554.0
21342.0 204308.0
21657.0 204271.0
21708.0 203439.0
24592.0 203136.0
25513.0 202463.0
27766.0 202274.0
31937.0 202107.0
32934.0 202001.0
39358.0 201950.0

19146.0 218473.0
19471.0 211900.0
19946.0 209932.0
20066.0 206691.0
20838.0 205416.0
21266.0 205259.0
21342.0 204358.0
21657.0 204029.0
21708.0 203825.0
24592.0 203405.0
25437.0 203141.0
25513.0 203082.0
26662.0 202989.0
27690.0 202855.0
27894.0 202519.0
28763.0 202007.0
36184.0 201971.0

18856.0 219062.0
19146.0 218368.0
19379.0 211796.0
19471.0 211586.0
20742.0 208331.0
21108.0 207944.0
21138.0 207312.0
21266.0 207249.0
21342.0 204358.0
21689.0 203687.0
21708.0 203378.0
24592.0 202995.0
24801.0 202687.0
25513.0 202556.0
27266.0 202309.0
28687.0 201985.0

19471.0 211900.0
20742.0 208331.0
21108.0 207944.0
21138.0 207312.0
21342.0 204358.0
21708.0 203825.0
24801.0 203444.0
25437.0 203141.0
27690.0 202855.0
27894.0 202519.0
32013.0 202413.0
36184.0 202235.0

19313.0 222939.0
19471.0 211900.0
19505.0 210552.0
20438.0 208668.0
20742.0 208331.0
20857.0 206602.0
21342.0 204358.0
21708.0 203493.0
24592.0 202822.0
25513.0 202645.0
27266.0 202398.0
28687.0 202100.0
32013.0 201729.0

19471.0 211900.0
20612.0 211645.0
20742.0 208331.0
21108.0 207944.0
21138.0 207312.0
21342.0 204358.0
21657.0 204311.0
21708.0 203825.0
24801.0 203444.0
25437.0 203141.0
27690.0 202855.0
27894.0 202519.0
32013.0 202413.0
36184.0 202235.0

18596.0 214823.0
18856.0 213279.0
19471.0 210340.0
19505.0 208475.0
20742.0 208331.0
21108.0 207944.0
21138.0 207312.0
21342.0 204358.0
21689.0 203417.0
24516.0 203402.0
24592.0 202881.0
27690.0 202855.0
27894.0 202519.0
28687.0 202496.0
28763.0 202389.0
31437.0 202311.0
31937.0 202196.0

19112.0 211834.0
19471.0 211586.0
19946.0 204760.0
21342.0 203716.0
21689.0 203417.0
21708.0 202856.0
24750.0 202641.0
24801.0 202445.0
25513.0 200234.0
28763.0 199541.0
34190.0 199283.0
41611.0 199046.0
47776.0 198706.0


