18092.0 125104.0
18596.0 122819.0
18615.0 121716.0
19912.0 121692.0
20345.0 121673.0
20421.0 121568.0
21342.0 121362.0
21689.0 121084.0
21708.0 121060.0
22263.0 120741.0
24592.0 120457.0
25513.0 119698.0
27843.0 119647.0
27894.0 119627.0
28687.0 119626.0
28763.0 119389.0
31861.0 119388.0
32013.0 119327.0
32934.0 118904.0
36108.0 118901.0
36184.0 118628.0
37105.0 118572.0
39434.0 118569.0
40355.0 118388.0

18092.0 123114.0
18596.0 122098.0
21266.0 122073.0
21342.0 121500.0
21708.0 121055.0
24592.0 120863.0
24750.0 120498.0
24801.0 120497.0
25513.0 120154.0
28763.0 119908.0
32013.0 119817.0
32934.0 119668.0
36184.0 119623.0

18092.0 123114.0
18596.0 122098.0
18615.0 122019.0
19471.0 121913.0
19587.0 121808.0
19912.0 121768.0
20766.0 121753.0
21266.0 121643.0
21342.0 121377.0
21638.0 121278.0
21708.0 120745.0
24516.0 120603.0
24592.0 120584.0
24750.0 120432.0
25513.0 120154.0
28763.0 119908.0
32013.0 119817.0
32934.0 119668.0
36184.0 119614.0
39434.0 119564.0

18092.0 123114.0
18596.0 122098.0
18615.0 121827.0
19112.0 121715.0
19912.0 121634.0
20421.0 121609.0
21342.0 121245.0
21638.0 121167.0
21708.0 120995.0
23595.0 120959.0
24592.0 120480.0
24680.0 120417.0
25513.0 120154.0
28763.0 119908.0
32013.0 119817.0
32934.0 119668.0
36184.0 119623.0
39434.0 119564.0

18092.0 123114.0
18596.0 121350.0
19912.0 121302.0
21266.0 121277.0
21342.0 120935.0
21708.0 120633.0
24592.0 120351.0
25513.0 120145.0
28763.0 119742.0
32013.0 119544.0
32934.0 119511.0

18092.0 122953.0
18596.0 121879.0
18615.0 121684.0
19112.0 121660.0
20838.0 121570.0
21266.0 121521.0
21342.0 121191.0
21689.0 121148.0
21708.0 120935.0
24516.0 120836.0
24592.0 120778.0
24750.0 120455.0
24820.0 120275.0
25513.0 120154.0
28763.0 119874.0
32013.0 119748.0
32934.0 119456.0
36184.0 119374.0
39434.0 118976.0

18092.0 123114.0
18596.0 122098.0
18615.0 121845.0
20387.0 121797.0
20838.0 121782.0
21266.0 121663.0
21342.0 121259.0
21638.0 121059.0
21708.0 120898.0
24592.0 120719.0
24750.0 120432.0
25513.0 120154.0
28763.0 119736.0
32013.0 119444.0
36184.0 119364.0

18092.0 122900.0
18596.0 121478.0
19912.0 121406.0
21342.0 121118.0
21638.0 121059.0
21708.0 120658.0
24750.0 120432.0
25513.0 120154.0
28763.0 119908.0
32013.0 119682.0
32934.0 119620.0
36184.0 119482.0
39434.0 119396.0

18092.0 123114.0
18596.0 121478.0
19912.0 121406.0
21342.0 120942.0
21708.0 120903.0
24592.0 120743.0
24750.0 120432.0
25513.0 120154.0
28763.0 119908.0
31937.0 119792.0
32013.0 119682.0
32934.0 119620.0
36184.0 119482.0
39434.0 119396.0

18092.0 122900.0
18596.0 121478.0
19912.0 121406.0
21342.0 121090.0
21638.0 120767.0
21708.0 120606.0
24592.0 120566.0
24750.0 120260.0
25513.0 120154.0
28763.0 119878.0
31937.0 119846.0
32013.0 119600.0
32934.0 119435.0
36184.0 119405.0
39434.0 119184.0
40355.0 118834.0

18092.0 123114.0
18596.0 121591.0
19112.0 121567.0
21266.0 121524.0
21342.0 121033.0
21708.0 120791.0
24516.0 120748.0
24592.0 120629.0
24731.0 120573.0
24750.0 120432.0
25513.0 119538.0
27894.0 119389.0
28763.0 119240.0
36184.0 119118.0


