16023.0 42800.0
16156.0 42363.0
16595.0 42131.0
16956.0 42020.0
16990.0 41387.0
17516.0 41155.0
18016.0 41092.0
18092.0 40624.0
18545.0 40602.0
18596.0 40535.0
18615.0 40463.0
19912.0 40439.0
20345.0 40438.0
20421.0 40403.0
21342.0 40128.0
21708.0 39975.0
24516.0 39972.0
24592.0 39915.0
24820.0 39865.0
27842.0 39829.0
28763.0 39631.0
31937.0 39629.0
32013.0 39572.0
35263.0 39537.0
38437.0 39534.0
39434.0 39326.0
42608.0 39323.0
42684.0 39309.0
46779.0 39301.0

16515.0 41815.0
16571.0 41792.0
16595.0 41420.0
17171.0 40744.0
18092.0 40606.0
18545.0 40584.0
18596.0 40337.0
19912.0 40313.0
21266.0 40312.0
21342.0 40186.0
21657.0 40106.0
21708.0 39975.0
24801.0 39974.0
25513.0 39758.0
28763.0 39632.0
32013.0 39596.0
32934.0 39525.0
36184.0 39399.0
43605.0 39317.0

16515.0 41815.0
16571.0 41792.0
16595.0 41420.0
17171.0 40744.0
18092.0 40606.0
18545.0 40584.0
18596.0 40337.0
19912.0 40313.0
21266.0 40312.0
21342.0 40064.0
21708.0 39975.0
24516.0 39974.0
24592.0 39939.0
25513.0 39758.0
28687.0 39757.0
28763.0 39632.0
32013.0 39573.0
32934.0 39525.0
36184.0 39399.0
43605.0 39317.0

16515.0 41563.0
16595.0 41168.0
17095.0 41069.0
17171.0 40744.0
18092.0 40466.0
18545.0 40444.0
18596.0 40337.0
19912.0 40313.0
21266.0 40312.0
21342.0 40064.0
21708.0 39975.0
24516.0 39974.0
24592.0 39939.0
25513.0 39758.0
28763.0 39632.0
32013.0 39596.0
32934.0 39512.0
36184.0 39399.0
40355.0 39303.0

16515.0 41815.0
16571.0 41792.0
16595.0 41420.0
17171.0 40744.0
18092.0 40606.0
18545.0 40584.0
18596.0 40337.0
19912.0 40313.0
21266.0 40312.0
21342.0 40186.0
21657.0 40106.0
21708.0 39975.0
24801.0 39974.0
25513.0 39758.0
28763.0 39632.0
32013.0 39596.0
32934.0 39525.0
36184.0 39399.0
43605.0 39317.0

16515.0 41563.0
16595.0 41420.0
17095.0 41069.0
17171.0 40744.0
18092.0 40496.0
18545.0 40474.0
18596.0 40337.0
19912.0 40313.0
21266.0 40312.0
21342.0 40186.0
21657.0 40106.0
21708.0 39975.0
24516.0 39974.0
24592.0 39955.0
25513.0 39758.0
28763.0 39632.0
32013.0 39596.0
32934.0 39512.0
36184.0 39399.0
40355.0 39384.0
43605.0 39317.0

16515.0 41815.0
16571.0 41792.0
16595.0 41420.0
17171.0 40744.0
18092.0 40606.0
18545.0 40584.0
18596.0 40337.0
19912.0 40313.0
21266.0 40312.0
21342.0 40064.0
21708.0 39975.0
24516.0 39974.0
24592.0 39915.0
25513.0 39758.0
28687.0 39757.0
28763.0 39632.0
32013.0 39573.0
32934.0 39525.0
36184.0 39399.0
39434.0 39363.0
42684.0 39291.0
46855.0 39117.0

16515.0 41815.0
16571.0 41718.0
16595.0 41168.0
17095.0 41069.0
17171.0 40744.0
18092.0 40496.0
18545.0 40474.0
18596.0 40337.0
19912.0 40313.0
21266.0 40310.0
21342.0 40064.0
21708.0 39975.0
24516.0 39974.0
24592.0 39915.0
25513.0 39758.0
28687.0 39757.0
28763.0 39631.0
32013.0 39573.0
32934.0 39512.0
36184.0 39386.0
39434.0 39363.0
40355.0 39279.0
46855.0 39117.0

16515.0 41815.0
16571.0 41792.0
16595.0 41420.0
17171.0 40744.0
18092.0 40606.0
18545.0 40584.0
18596.0 40337.0
19912.0 40313.0
21266.0 40312.0
21342.0 40064.0
21708.0 39975.0
24516.0 39974.0
24592.0 39915.0
25513.0 39758.0
28687.0 39757.0
28763.0 39632.0
32013.0 39573.0
32934.0 39525.0
36184.0 39399.0
39434.0 39363.0
42684.0 39291.0
46855.0 39117.0

16515.0 41563.0
16595.0 41420.0
17095.0 41069.0
17171.0 40744.0
18092.0 40496.0
18545.0 40474.0
18596.0 40337.0
19912.0 40313.0
21266.0 40312.0
21342.0 40064.0
21708.0 39975.0
24516.0 39974.0
24592.0 39915.0
25513.0 39758.0
28687.0 39757.0
28763.0 39632.0
32013.0 39573.0
32934.0 39512.0
36184.0 39399.0
40355.0 39279.0

16515.0 41563.0
16595.0 41168.0
17095.0 41069.0
17171.0 40744.0
18092.0 40466.0
18545.0 40444.0
18596.0 40337.0
19912.0 40313.0
21266.0 40310.0
21342.0 40064.0
21708.0 39975.0
24516.0 39972.0
24592.0 39915.0
24820.0 39865.0
25513.0 39758.0
27894.0 39757.0
28763.0 39631.0
31937.0 39630.0
32013.0 39573.0
32934.0 39512.0
36108.0 39511.0
36184.0 39386.0
39358.0 39385.0
40355.0 39279.0
43605.0 39153.0
51026.0 39070.0


