18092.0 123245.0
18545.0 122879.0
18596.0 122570.0
19112.0 122542.0
19912.0 122350.0
19946.0 122326.0
21266.0 122280.0
21342.0 121127.0
21638.0 120969.0
21657.0 120764.0
21708.0 120543.0
24516.0 120522.0
24592.0 120473.0
24801.0 120436.0
25513.0 120055.0
27043.0 120012.0
27842.0 119984.0
27894.0 119714.0
28687.0 119713.0
28763.0 119443.0
32013.0 119391.0
32934.0 119164.0
36184.0 118875.0
39358.0 118872.0
40355.0 118768.0
43605.0 118649.0

18016.0 128016.0
18092.0 123892.0
18545.0 122880.0
18596.0 122082.0
19146.0 122024.0
19946.0 121943.0
20345.0 121912.0
21302.0 121881.0
21342.0 121269.0
21708.0 120897.0
24516.0 120843.0
24592.0 120409.0
27766.0 120348.0
28687.0 120271.0
28763.0 119709.0
32013.0 119417.0
36184.0 119392.0
39434.0 118929.0

18016.0 128016.0
18092.0 123892.0
18545.0 122880.0
18596.0 122082.0
19146.0 122024.0
19946.0 121943.0
20345.0 121912.0
21302.0 121765.0
21342.0 121269.0
21708.0 120767.0
24592.0 120409.0
27766.0 120312.0
28687.0 120271.0
28763.0 119709.0
32013.0 119417.0
36184.0 119392.0
39434.0 118929.0

18016.0 128016.0
18092.0 123892.0
18545.0 122490.0
18596.0 121651.0
19912.0 121546.0
21342.0 120830.0
21638.0 120813.0
21708.0 120527.0
24592.0 120379.0
24801.0 120315.0
27766.0 120312.0
27913.0 120303.0
28687.0 120182.0
28763.0 119620.0
32013.0 119328.0
39358.0 119250.0
39434.0 118929.0

18016.0 128016.0
18092.0 123264.0
18545.0 122880.0
18596.0 121129.0
19912.0 121081.0
21266.0 121078.0
21342.0 120682.0
21708.0 120554.0
23950.0 120481.0
24592.0 120409.0
24801.0 120389.0
25513.0 119685.0
28763.0 119514.0
31437.0 119398.0
32934.0 119385.0
35187.0 119366.0
36184.0 119349.0
39434.0 118929.0
40355.0 118911.0
43529.0 118610.0

17612.0 131456.0
17745.0 129774.0
18016.0 128016.0
18092.0 122781.0
18596.0 122058.0
18615.0 121988.0
19946.0 121889.0
20421.0 121620.0
21342.0 121059.0
21587.0 121037.0
21708.0 120783.0
24516.0 120490.0
24592.0 120323.0
24820.0 120243.0
25513.0 120212.0
28763.0 119631.0
31437.0 119534.0
31937.0 119364.0
32013.0 119055.0
39358.0 118965.0
39434.0 118929.0

18016.0 128016.0
18092.0 123892.0
18545.0 122880.0
18596.0 122082.0
19146.0 122024.0
19946.0 121767.0
20766.0 121759.0
21266.0 121538.0
21342.0 121075.0
21638.0 121013.0
21708.0 120767.0
22263.0 120746.0
24592.0 120409.0
27766.0 120348.0
28687.0 120271.0
28763.0 119709.0
32013.0 119417.0
36184.0 119167.0
39434.0 118929.0

17996.0 128079.0
18016.0 128016.0
18092.0 123892.0
18545.0 122490.0
18596.0 121890.0
18671.0 121821.0
19471.0 121751.0
19912.0 121727.0
19946.0 121721.0
21266.0 121538.0
21342.0 120941.0
21689.0 120880.0
21708.0 120767.0
24516.0 120732.0
24592.0 120369.0
25513.0 120288.0
28687.0 120253.0
28763.0 119500.0
32013.0 119417.0
36108.0 119368.0
36184.0 118975.0
39434.0 118929.0

18016.0 128016.0
18092.0 123708.0
18545.0 122294.0
18596.0 121263.0
19112.0 121182.0
21266.0 121132.0
21342.0 120884.0
21708.0 120496.0
24516.0 120453.0
24592.0 120369.0
24801.0 120368.0
25513.0 119965.0
28763.0 119573.0
32013.0 119417.0
36184.0 119167.0
39358.0 118874.0

17996.0 128236.0
18016.0 128016.0
18092.0 123128.0
18545.0 122636.0
18596.0 121650.0
19912.0 121481.0
21342.0 120868.0
21708.0 120606.0
24592.0 120310.0
24820.0 120259.0
25513.0 120193.0
27766.0 120191.0
27842.0 120176.0
28687.0 120114.0
28763.0 119563.0
31937.0 119520.0
32013.0 119215.0
36184.0 119166.0
39434.0 118929.0

18016.0 128016.0
18092.0 123892.0
18545.0 122880.0
18596.0 122024.0
18615.0 121988.0
19146.0 121831.0
19912.0 121807.0
19946.0 121696.0
20421.0 121620.0
21266.0 121523.0
21342.0 120837.0
21708.0 120439.0
24516.0 120415.0
24592.0 120245.0
25513.0 119615.0
28763.0 119512.0
29684.0 119221.0
36184.0 118437.0
45858.0 118031.0
56453.0 117119.0
57526.0 117038.0
63874.0 116916.0


