18092.0 126347.0
18596.0 123125.0
18615.0 122165.0
19912.0 122141.0
20387.0 122101.0
21342.0 121224.0
21708.0 121012.0
22263.0 120386.0
24516.0 120365.0
24592.0 120233.0
24801.0 120186.0
25513.0 119835.0
27894.0 119834.0
28763.0 119543.0
29684.0 119200.0
32013.0 119164.0
36184.0 118990.0
37105.0 118732.0
43605.0 118307.0

18092.0 124748.0
18312.0 124643.0
18596.0 121990.0
20766.0 121917.0
21266.0 121775.0
21342.0 121692.0
21689.0 121603.0
21708.0 121480.0
24516.0 121409.0
24592.0 121332.0
24801.0 121280.0
25513.0 120910.0
28187.0 120510.0
28687.0 120348.0
28763.0 120311.0
32934.0 120269.0
36184.0 119997.0

18092.0 124748.0
18312.0 124643.0
18596.0 121990.0
20766.0 121917.0
21266.0 121775.0
21342.0 121692.0
21689.0 121603.0
21708.0 121480.0
24516.0 121409.0
24592.0 121332.0
24801.0 121280.0
25513.0 120860.0
28187.0 120510.0
28687.0 120348.0
28763.0 120311.0
32934.0 120269.0
36184.0 119997.0

18092.0 124748.0
18312.0 124643.0
18596.0 121990.0
20766.0 121917.0
21266.0 121775.0
21342.0 121692.0
21689.0 121603.0
21708.0 121480.0
24516.0 121409.0
24592.0 121332.0
24801.0 121280.0
25513.0 120860.0
28187.0 120510.0
28687.0 120348.0
28763.0 120223.0
29684.0 120204.0
36108.0 120001.0
36184.0 119928.0

18092.0 124748.0
18312.0 124643.0
18596.0 121920.0
19912.0 121880.0
20766.0 121847.0
21266.0 121775.0
21342.0 121692.0
21638.0 121603.0
21689.0 121480.0
24516.0 121409.0
24592.0 121332.0
24801.0 121280.0
25513.0 120910.0
28187.0 120510.0
28687.0 120348.0
28763.0 120311.0
32934.0 120269.0
36184.0 119997.0

18092.0 124748.0
18312.0 124643.0
18596.0 121990.0
20766.0 121917.0
21266.0 121775.0
21342.0 121336.0
21708.0 121291.0
24592.0 121086.0
24801.0 120800.0
25513.0 120516.0
28187.0 120510.0
28687.0 120348.0
28763.0 120311.0
32934.0 120269.0
36184.0 119997.0

18092.0 124748.0
18312.0 124643.0
18596.0 121990.0
20766.0 121917.0
21266.0 121775.0
21342.0 121603.0
21708.0 121480.0
23950.0 121471.0
24516.0 121409.0
24592.0 121332.0
24801.0 121280.0
25513.0 120857.0
28187.0 120510.0
28687.0 120348.0
28763.0 120311.0
31937.0 120245.0
32013.0 120181.0
36184.0 119928.0

18092.0 124748.0
18312.0 124643.0
18596.0 121990.0
20766.0 121917.0
21266.0 121775.0
21342.0 121603.0
21708.0 121480.0
23950.0 121471.0
24516.0 121409.0
24592.0 121332.0
24801.0 121280.0
25513.0 120857.0
28187.0 120510.0
28687.0 120348.0
28763.0 120311.0
31937.0 120245.0
32013.0 120226.0
32934.0 120184.0
36184.0 119928.0

18092.0 124748.0
18312.0 124643.0
18596.0 121920.0
19912.0 121880.0
20766.0 121847.0
21266.0 121775.0
21342.0 121492.0
21689.0 121480.0
23950.0 121471.0
24516.0 121409.0
24592.0 121332.0
24801.0 121090.0
25513.0 120857.0
28187.0 120510.0
28687.0 120348.0
28763.0 120311.0
31937.0 120245.0
32013.0 120226.0
32934.0 120112.0
35608.0 119897.0

18092.0 124748.0
18312.0 124643.0
18545.0 124517.0
18596.0 121990.0
19912.0 121973.0
20766.0 121917.0
21266.0 121775.0
21342.0 121436.0
21708.0 121426.0
22263.0 121358.0
24516.0 121312.0
24592.0 121059.0
24801.0 121009.0
25513.0 120682.0
27913.0 120650.0
28187.0 120510.0
28687.0 120348.0
28763.0 119983.0
32013.0 119943.0
32934.0 119867.0
36184.0 119796.0
43605.0 119765.0

18092.0 124748.0
18312.0 124643.0
18596.0 121990.0
20766.0 121917.0
20838.0 121916.0
21266.0 121775.0
21342.0 121586.0
21689.0 121585.0
21708.0 120981.0
22263.0 120831.0
25513.0 120176.0
27894.0 120125.0
28687.0 119893.0
28763.0 119539.0
32013.0 119364.0


