24937.0 240258.0
27862.0 235049.0
28763.0 234598.0
29456.0 232966.0
31413.0 232943.0
38758.0 232163.0
38834.0 227931.0
39358.0 225758.0

23350.0 244167.0
24201.0 242705.0
25010.0 240986.0
25513.0 240153.0
27587.0 237196.0
28163.0 235015.0
28187.0 234715.0

23350.0 244167.0
24201.0 241855.0
24937.0 236417.0
28163.0 235015.0
28187.0 234715.0

23350.0 244167.0
24201.0 242705.0
25010.0 240986.0
25513.0 240153.0
27587.0 237196.0
28163.0 235015.0
28187.0 234715.0

23350.0 244167.0
24201.0 242705.0
25010.0 240986.0
25513.0 240153.0
27587.0 237196.0
28163.0 235015.0
28187.0 234715.0

23350.0 244167.0
24201.0 242705.0
25010.0 240986.0
25513.0 240153.0
27587.0 237196.0
28163.0 235015.0
28187.0 234715.0

23350.0 244167.0
24201.0 242705.0
25010.0 240986.0
25513.0 240153.0
27587.0 237196.0
28163.0 235015.0
28187.0 234715.0

23350.0 244167.0
24201.0 242705.0
25010.0 240986.0
25513.0 240153.0
27587.0 237196.0
28163.0 235015.0
28187.0 234715.0

23350.0 244167.0
24201.0 242705.0
25010.0 240986.0
25513.0 240153.0
27587.0 237196.0
28163.0 235015.0
28187.0 234715.0

23350.0 244167.0
24201.0 242705.0
25010.0 240986.0
25513.0 240153.0
27587.0 237196.0
28163.0 235015.0
28187.0 234715.0

23350.0 244167.0
24201.0 242705.0
25010.0 240986.0
25513.0 240153.0
27587.0 237196.0
28163.0 235015.0
28187.0 234715.0


