18092.0 123623.0
18545.0 123606.0
18596.0 122635.0
18615.0 121608.0
19946.0 121568.0
21266.0 121565.0
21342.0 120551.0
21657.0 120464.0
21708.0 119925.0
24516.0 119922.0
24592.0 119866.0
24820.0 119815.0
25513.0 119739.0
27766.0 119738.0
27842.0 119727.0
27843.0 119682.0
28687.0 119681.0
28763.0 119092.0
31937.0 119091.0
32013.0 118984.0
32934.0 118758.0
36184.0 118512.0
39434.0 118414.0
46779.0 118394.0

17923.0 141265.0
18092.0 124113.0
18545.0 123897.0
18596.0 122304.0
18615.0 122019.0
21266.0 121905.0
21342.0 120966.0
21708.0 120809.0
24516.0 120806.0
24592.0 120534.0
24801.0 120525.0
24820.0 120411.0
27842.0 120410.0
27862.0 120360.0
27913.0 120271.0
28763.0 119672.0
31937.0 119650.0
32013.0 119428.0
36184.0 118707.0
39434.0 118695.0

17923.0 141265.0
18092.0 123417.0
18526.0 123288.0
18545.0 122806.0
18596.0 122304.0
18615.0 122019.0
20345.0 121981.0
21266.0 121905.0
21342.0 120966.0
21708.0 120809.0
24516.0 120806.0
24592.0 120534.0
24801.0 120525.0
24820.0 120272.0
27913.0 120234.0
28763.0 119672.0
31937.0 119650.0
32013.0 119428.0
36184.0 118707.0
39434.0 118695.0

17923.0 141265.0
17996.0 131850.0
18092.0 124113.0
18545.0 123069.0
18596.0 122304.0
18615.0 122019.0
20345.0 121912.0
20387.0 121774.0
21342.0 120966.0
21708.0 120809.0
24516.0 120806.0
24592.0 120526.0
24801.0 120525.0
24820.0 120403.0
25513.0 120316.0
27913.0 120265.0
28763.0 119672.0
31937.0 119650.0
32013.0 119428.0
36184.0 118707.0
39434.0 118695.0

17923.0 141265.0
18092.0 123414.0
18545.0 122852.0
18596.0 122304.0
18615.0 121640.0
19587.0 121616.0
21266.0 121462.0
21342.0 120966.0
21708.0 120809.0
24516.0 120806.0
24592.0 120526.0
24801.0 120525.0
24820.0 120411.0
25513.0 120089.0
28763.0 119672.0
31937.0 119650.0
32013.0 119428.0
36184.0 118707.0
39434.0 118695.0

17923.0 141265.0
18016.0 140082.0
18092.0 123417.0
18526.0 123288.0
18545.0 122741.0
18596.0 122304.0
18615.0 122019.0
21266.0 121903.0
21342.0 120966.0
21708.0 120809.0
24516.0 120806.0
24592.0 120446.0
24820.0 120411.0
27766.0 120124.0
28763.0 119672.0
31937.0 119650.0
32013.0 119428.0
36184.0 118707.0
39434.0 118695.0

17923.0 141265.0
18092.0 123417.0
18526.0 123050.0
18545.0 122806.0
18596.0 122028.0
18615.0 122019.0
19946.0 121956.0
21266.0 121905.0
21342.0 120966.0
21708.0 120809.0
24516.0 120806.0
24592.0 120446.0
24820.0 120395.0
27766.0 120175.0
28763.0 119672.0
31937.0 119650.0
32013.0 119428.0
36184.0 118707.0
39434.0 118695.0

17923.0 141265.0
18092.0 122828.0
18545.0 122766.0
18596.0 122189.0
18615.0 122019.0
19912.0 121807.0
19946.0 121778.0
21266.0 121735.0
21342.0 120966.0
21708.0 120809.0
24516.0 120806.0
24592.0 120446.0
24820.0 120395.0
25513.0 120339.0
27766.0 120175.0
27842.0 120149.0
28763.0 119672.0
31937.0 119650.0
32013.0 119377.0
36184.0 118707.0
39434.0 118695.0

17923.0 141265.0
18092.0 124113.0
18545.0 123897.0
18596.0 121867.0
19912.0 121843.0
19946.0 121795.0
20345.0 121667.0
21266.0 121376.0
21342.0 120966.0
21708.0 120808.0
24516.0 120806.0
24592.0 120446.0
24820.0 120395.0
25513.0 120072.0
28763.0 119658.0
31937.0 119650.0
32013.0 119428.0
32934.0 119402.0
36184.0 118689.0
39434.0 118677.0

17923.0 141265.0
18092.0 124100.0
18545.0 123368.0
18596.0 122304.0
18615.0 122019.0
19946.0 122006.0
20345.0 121896.0
21342.0 120966.0
21708.0 120808.0
24516.0 120667.0
24592.0 120445.0
24820.0 120411.0
25513.0 120339.0
27766.0 120175.0
28763.0 119672.0
31937.0 119650.0
32013.0 119428.0
36184.0 118707.0
39434.0 118695.0

17923.0 141265.0
18092.0 122396.0
18596.0 121946.0
19247.0 121847.0
19912.0 121760.0
21266.0 121721.0
21342.0 120966.0
21708.0 120670.0
24516.0 120624.0
24592.0 120445.0
24820.0 120271.0
25513.0 120097.0
28763.0 119310.0
32934.0 119222.0
36184.0 118707.0
39434.0 118695.0


