16023.0 42375.0
16156.0 41932.0
16595.0 41700.0
16956.0 41589.0
17095.0 41510.0
17171.0 41438.0
18092.0 40909.0
18596.0 40679.0
18615.0 40443.0
19912.0 40404.0
21342.0 40064.0
21708.0 39975.0
24516.0 39972.0
24592.0 39915.0
24820.0 39865.0
25513.0 39758.0
27894.0 39757.0
28687.0 39755.0
28763.0 39632.0
32013.0 39573.0
32934.0 39511.0
36184.0 39386.0
39434.0 39327.0
40355.0 39279.0
43605.0 39153.0

16290.0 43536.0
16515.0 41382.0
16595.0 41120.0
17095.0 41021.0
17171.0 40744.0
18092.0 40542.0
18596.0 40337.0
19912.0 40313.0
21266.0 40312.0
21342.0 40064.0
21708.0 39975.0
24516.0 39974.0
24592.0 39916.0
24820.0 39865.0
25513.0 39782.0
28763.0 39631.0
32013.0 39596.0
32934.0 39549.0
36184.0 39409.0
46855.0 39394.0

16290.0 43356.0
16515.0 41382.0
16595.0 41120.0
17095.0 41021.0
17171.0 40744.0
18092.0 40466.0
18545.0 40444.0
18596.0 40337.0
19912.0 40313.0
21266.0 40310.0
21342.0 40064.0
21708.0 39975.0
24516.0 39972.0
24592.0 39916.0
24820.0 39865.0
25513.0 39758.0
28763.0 39631.0
32013.0 39596.0
32934.0 39549.0
36184.0 39409.0
46855.0 39394.0

16023.0 43282.0
16256.0 43212.0
16515.0 41334.0
16595.0 41053.0
17095.0 40972.0
17171.0 40744.0
18092.0 40466.0
18545.0 40444.0
18596.0 40337.0
19912.0 40313.0
21266.0 40312.0
21342.0 40064.0
21708.0 39975.0
24516.0 39972.0
24592.0 39915.0
24820.0 39865.0
25513.0 39758.0
28763.0 39631.0
32013.0 39573.0
32934.0 39549.0
36184.0 39393.0
39434.0 39327.0

16290.0 43536.0
16515.0 41267.0
16595.0 41053.0
17095.0 40954.0
17171.0 40744.0
18092.0 40466.0
18545.0 40444.0
18596.0 40337.0
19912.0 40313.0
21266.0 40310.0
21342.0 40064.0
21708.0 39975.0
24516.0 39972.0
24592.0 39916.0
24820.0 39865.0
25513.0 39758.0
28763.0 39631.0
31937.0 39628.0
32013.0 39573.0
32934.0 39549.0
36184.0 39386.0

16093.0 45518.0
16290.0 43536.0
16515.0 41382.0
16595.0 41120.0
17095.0 41021.0
17171.0 40744.0
18092.0 40466.0
18545.0 40444.0
18596.0 40337.0
19912.0 40313.0
21266.0 40310.0
21342.0 40064.0
21708.0 39975.0
24516.0 39972.0
24592.0 39916.0
24820.0 39865.0
25513.0 39758.0
28763.0 39631.0
31937.0 39629.0
32013.0 39573.0
32934.0 39543.0
36184.0 39386.0
39434.0 39327.0

16290.0 43356.0
16515.0 41382.0
16595.0 41120.0
17095.0 41021.0
17171.0 40744.0
18092.0 40466.0
18545.0 40444.0
18596.0 40337.0
19912.0 40313.0
21266.0 40310.0
21342.0 40064.0
21708.0 39975.0
24516.0 39972.0
24592.0 39915.0
24820.0 39865.0
25513.0 39758.0
28763.0 39631.0
32013.0 39573.0
32934.0 39549.0
36184.0 39409.0
39434.0 39327.0

16156.0 45478.0
16290.0 43356.0
16515.0 41267.0
16595.0 41035.0
17095.0 40954.0
17171.0 40744.0
18092.0 40466.0
18545.0 40444.0
18596.0 40337.0
19912.0 40313.0
21266.0 40310.0
21342.0 40064.0
21708.0 39975.0
24516.0 39972.0
24592.0 39915.0
24820.0 39865.0
25513.0 39758.0
28763.0 39631.0
32013.0 39596.0
32934.0 39512.0
36184.0 39386.0
39434.0 39351.0

16023.0 43496.0
16290.0 43356.0
16515.0 41358.0
16595.0 41053.0
17095.0 40954.0
17171.0 40744.0
18092.0 40466.0
18545.0 40444.0
18596.0 40337.0
19912.0 40313.0
21266.0 40310.0
21342.0 40064.0
21708.0 39975.0
24516.0 39972.0
24592.0 39915.0
24820.0 39865.0
25513.0 39758.0
28763.0 39631.0
31937.0 39628.0
32013.0 39596.0
32934.0 39512.0
36184.0 39386.0
39434.0 39351.0

16093.0 44848.0
16290.0 43295.0
16515.0 41382.0
16595.0 41053.0
17095.0 40954.0
17171.0 40744.0
18092.0 40466.0
18545.0 40444.0
18596.0 40337.0
19912.0 40313.0
21266.0 40310.0
21342.0 40064.0
21708.0 39975.0
24516.0 39972.0
24592.0 39915.0
24820.0 39865.0
25513.0 39758.0
28687.0 39757.0
28763.0 39631.0
31937.0 39629.0
32013.0 39573.0
32934.0 39512.0
36184.0 39386.0
39434.0 39327.0

15590.0 46866.0
16070.0 46351.0
16093.0 45414.0
16290.0 43330.0
16515.0 41267.0
16595.0 41035.0
17095.0 40954.0
17171.0 40744.0
18092.0 40466.0
18545.0 40444.0
18596.0 40337.0
19912.0 40313.0
21266.0 40310.0
21342.0 40064.0
21708.0 39975.0
24516.0 39972.0
24592.0 39915.0
24820.0 39865.0
25513.0 39758.0
28687.0 39757.0
28763.0 39631.0
32013.0 39573.0
32934.0 39512.0
36184.0 39386.0
39434.0 39326.0
40355.0 39279.0
43605.0 39153.0
46855.0 39117.0
51026.0 39071.0


