18092.0 213398.0
18447.0 213189.0
18545.0 212845.0
18596.0 206987.0
19505.0 206349.0
19587.0 205490.0
20787.0 204998.0
21342.0 202811.0
21689.0 202276.0
21708.0 202275.0
24592.0 202127.0
24750.0 202072.0
25513.0 201439.0
27913.0 201389.0
28687.0 201207.0
28763.0 200333.0
35187.0 200087.0
36108.0 199930.0
36184.0 199810.0

18545.0 210496.0
18596.0 205842.0
19146.0 205578.0
21342.0 203913.0
21708.0 203104.0
22263.0 203047.0
24516.0 202999.0
24592.0 202880.0
24750.0 202794.0
24937.0 202271.0
27862.0 202173.0
28763.0 201208.0
31937.0 201037.0
36184.0 200962.0
39434.0 200741.0

18092.0 210649.0
18545.0 210496.0
18596.0 205842.0
19146.0 205478.0
21342.0 203876.0
21708.0 203104.0
22263.0 203009.0
23931.0 202830.0
24731.0 202603.0
24937.0 202271.0
27862.0 202173.0
28763.0 201208.0
31937.0 201037.0
36184.0 200962.0
39434.0 200741.0

18545.0 210496.0
18596.0 205842.0
19146.0 205578.0
21342.0 203017.0
21708.0 202922.0
22263.0 202793.0
24592.0 202769.0
24801.0 202539.0
24937.0 202271.0
25513.0 202060.0
27862.0 201885.0
28763.0 200664.0
32934.0 200590.0
35263.0 200051.0

18545.0 205049.0
18596.0 204661.0
21266.0 204612.0
21342.0 203451.0
21689.0 203197.0
21708.0 203104.0
22263.0 202938.0
24516.0 202918.0
24592.0 202875.0
24750.0 202794.0
24820.0 202755.0
24937.0 202271.0
25513.0 202218.0
27792.0 202129.0
27843.0 202095.0
27862.0 202065.0
28687.0 201266.0
28763.0 200779.0
39434.0 200741.0

18545.0 210496.0
18596.0 205842.0
19146.0 205578.0
20766.0 205254.0
21342.0 203913.0
21689.0 203375.0
21708.0 202786.0
24016.0 202678.0
24731.0 202323.0
24750.0 202306.0
24937.0 201711.0
28763.0 200991.0
36184.0 200962.0
39434.0 200741.0

18545.0 210496.0
18596.0 205842.0
19146.0 205349.0
21266.0 205286.0
21342.0 203913.0
21708.0 203104.0
22263.0 203047.0
23950.0 203001.0
24516.0 202999.0
24592.0 202847.0
24731.0 202800.0
24750.0 202794.0
24801.0 202553.0
24937.0 202271.0
27862.0 202173.0
28763.0 201208.0
31937.0 200952.0
39434.0 200741.0

18545.0 210496.0
18596.0 205191.0
21342.0 203612.0
21587.0 203250.0
21708.0 202727.0
24801.0 202553.0
24937.0 202271.0
25513.0 201591.0
27843.0 201435.0
28763.0 201042.0
31937.0 200952.0
35263.0 200649.0

18092.0 207960.0
18447.0 207575.0
18545.0 206054.0
18596.0 205444.0
19146.0 205349.0
21266.0 205286.0
21342.0 203388.0
21689.0 203197.0
21708.0 203056.0
22263.0 202517.0
24937.0 202062.0
25513.0 201812.0
28687.0 201709.0
28763.0 200991.0
31937.0 200952.0
36108.0 200722.0

18545.0 210496.0
18596.0 205842.0
19146.0 205349.0
21266.0 205286.0
21342.0 203858.0
21619.0 203482.0
21708.0 203104.0
22263.0 202956.0
22461.0 202828.0
24592.0 202347.0
24937.0 202271.0
25513.0 202091.0
28763.0 200786.0
36184.0 200699.0

18545.0 210496.0
18596.0 205557.0
19146.0 205040.0
21342.0 203913.0
21689.0 203703.0
21708.0 202614.0
24516.0 202174.0
24782.0 200395.0
25513.0 200196.0
28763.0 199804.0
30940.0 199247.0
32934.0 199027.0
35187.0 198930.0
41611.0 197631.0


