18596.0 206662.0
19112.0 206482.0
19505.0 206097.0
20838.0 206004.0
21342.0 203703.0
21708.0 202829.0
23880.0 202736.0
24516.0 202673.0
24592.0 202210.0
25513.0 201368.0
27843.0 201342.0
27894.0 201321.0
27913.0 201183.0
28763.0 200389.0
29684.0 200156.0
31437.0 200036.0
32013.0 199970.0
32934.0 199745.0
35608.0 199726.0
36108.0 199694.0
36184.0 198446.0
39434.0 198238.0
43605.0 198075.0

18545.0 210013.0
18596.0 205359.0
19313.0 204920.0
19946.0 204913.0
21266.0 204383.0
21342.0 203908.0
22263.0 203640.0
22902.0 203597.0
23950.0 203222.0
24801.0 203162.0
25513.0 201991.0
28763.0 201676.0
32858.0 201434.0

18545.0 210013.0
18596.0 205359.0
19313.0 204920.0
19946.0 204913.0
21266.0 204383.0
21342.0 203908.0
22263.0 203255.0
23950.0 203222.0
24801.0 203162.0
24820.0 203056.0
25513.0 201991.0
28763.0 201676.0
31937.0 200974.0

18545.0 210013.0
18596.0 205359.0
19313.0 204894.0
19946.0 204887.0
21266.0 204383.0
21302.0 204044.0
21342.0 203337.0
22263.0 203163.0
22902.0 203123.0
24516.0 203006.0
24801.0 202776.0
25513.0 201991.0
28687.0 201869.0
28763.0 201676.0
32858.0 201434.0
36108.0 201268.0

18092.0 210559.0
18545.0 206497.0
18596.0 204693.0
19946.0 204624.0
20766.0 204520.0
21190.0 204432.0
21266.0 204105.0
21342.0 203656.0
21708.0 203473.0
22263.0 203255.0
23950.0 203222.0
24516.0 203213.0
24731.0 203206.0
24801.0 202484.0
25513.0 201991.0
28763.0 201632.0
32858.0 201434.0

18446.0 213341.0
18513.0 209917.0
18545.0 207683.0
18596.0 205050.0
18615.0 204485.0
20766.0 204415.0
21266.0 204220.0
21342.0 202458.0
24820.0 202281.0
25513.0 201256.0
28763.0 201235.0
32013.0 201161.0
36184.0 201138.0
39434.0 200451.0

18545.0 210013.0
18596.0 205359.0
19313.0 204911.0
19946.0 204880.0
21266.0 204383.0
21342.0 203908.0
21708.0 203562.0
23950.0 203222.0
24801.0 202905.0
25513.0 201991.0
28763.0 201676.0
32858.0 201434.0

18092.0 213554.0
18545.0 210013.0
18596.0 204939.0
19313.0 204858.0
19505.0 203745.0
19946.0 203738.0
21266.0 203616.0
21342.0 203079.0
21587.0 203057.0
23316.0 202673.0
24016.0 202532.0
24516.0 202469.0
24801.0 202400.0
25513.0 201991.0
28687.0 201694.0
28763.0 201676.0
31437.0 201363.0
31937.0 201300.0
36184.0 201204.0

18092.0 210604.0
18513.0 209917.0
18545.0 205535.0
18596.0 204646.0
20766.0 204587.0
21266.0 204383.0
21342.0 202803.0
23931.0 202794.0
24750.0 202711.0
25513.0 201754.0
28763.0 201474.0
32013.0 201142.0
35187.0 201112.0

18545.0 204954.0
18596.0 204211.0
18615.0 203908.0
21266.0 203658.0
21638.0 202857.0
21708.0 202744.0
22902.0 202593.0
25513.0 201174.0
28763.0 201071.0
32934.0 200799.0

18545.0 210013.0
18596.0 204975.0
19313.0 204920.0
19946.0 204851.0
20827.0 204715.0
21266.0 204361.0
21342.0 202491.0
21708.0 201921.0
24801.0 201151.0
25513.0 199894.0
27894.0 199814.0
27913.0 199544.0
28763.0 199215.0
34190.0 199059.0
35187.0 198753.0


