27913.0 238665.0
38834.0 234376.0
45039.0 232599.0
46881.0 231137.0

27913.0 238665.0
38834.0 234376.0
45039.0 232599.0
46881.0 231137.0

27913.0 238665.0
38834.0 234376.0
45039.0 232599.0
46881.0 231137.0

27913.0 238665.0
38834.0 234376.0
45039.0 232599.0
46881.0 231137.0

27913.0 238665.0
38834.0 234376.0
45039.0 232599.0
46881.0 231137.0

27913.0 238665.0
38834.0 234376.0
45039.0 232599.0
46881.0 231137.0

27913.0 238665.0
38834.0 234376.0
45039.0 232599.0
46881.0 231137.0

27913.0 238665.0
38834.0 234376.0
45039.0 232599.0
46881.0 231137.0

27913.0 238665.0
38834.0 234376.0
45039.0 232599.0
46881.0 231137.0

27913.0 238665.0
38834.0 234376.0
45039.0 232599.0
46881.0 231137.0

27913.0 238665.0
38834.0 234376.0
45039.0 232599.0
46881.0 231137.0


