16745.0 45716.0
16816.0 42487.0
16990.0 41396.0
17516.0 41164.0
18016.0 41101.0
18092.0 40466.0
18545.0 40444.0
18596.0 40337.0
19912.0 40313.0
21266.0 40310.0
21342.0 40064.0
21708.0 39975.0
24516.0 39972.0
24592.0 39915.0
24820.0 39865.0
25513.0 39758.0
27894.0 39757.0
28687.0 39755.0
28763.0 39631.0
31937.0 39628.0
32013.0 39572.0
32934.0 39511.0
36184.0 39385.0
39434.0 39326.0
43605.0 39303.0
46855.0 39244.0

16023.0 46281.0
16290.0 44854.0
16515.0 42266.0
16571.0 41718.0
16956.0 41622.0
16990.0 41461.0
17171.0 40768.0
18092.0 40466.0
18545.0 40444.0
18596.0 40337.0
19912.0 40313.0
21266.0 40310.0
21342.0 40064.0
21708.0 39975.0
24516.0 39974.0
24592.0 39939.0
25513.0 39758.0
28763.0 39632.0
31937.0 39629.0
32013.0 39573.0
32934.0 39519.0
36184.0 39426.0
39434.0 39391.0

16023.0 46281.0
16290.0 44854.0
16515.0 42266.0
16571.0 41718.0
16956.0 41622.0
16990.0 41461.0
17171.0 40768.0
18092.0 40466.0
18545.0 40444.0
18596.0 40337.0
19912.0 40313.0
21266.0 40310.0
21342.0 40064.0
21708.0 39975.0
24516.0 39974.0
24592.0 39939.0
25513.0 39758.0
28763.0 39632.0
31937.0 39629.0
32013.0 39573.0
32934.0 39519.0
36184.0 39426.0
39434.0 39391.0

16023.0 44084.0
16156.0 43073.0
16495.0 43010.0
16515.0 41267.0
16595.0 41035.0
17095.0 40954.0
17171.0 40768.0
18092.0 40466.0
18545.0 40444.0
18596.0 40337.0
19912.0 40313.0
21266.0 40310.0
21342.0 40064.0
21708.0 39975.0
24516.0 39974.0
24592.0 39939.0
25513.0 39758.0
27894.0 39757.0
28763.0 39632.0
31937.0 39629.0
32013.0 39572.0
32934.0 39519.0
36184.0 39426.0
39434.0 39391.0

16023.0 46281.0
16290.0 44854.0
16515.0 41563.0
16595.0 41168.0
17095.0 41069.0
17171.0 40744.0
18092.0 40466.0
18545.0 40444.0
18596.0 40337.0
19912.0 40313.0
21266.0 40310.0
21342.0 40064.0
21708.0 39975.0
24516.0 39974.0
24592.0 39939.0
24820.0 39908.0
25513.0 39758.0
28763.0 39631.0
31937.0 39629.0
32013.0 39573.0
32934.0 39519.0
36108.0 39511.0
36184.0 39399.0
39434.0 39391.0
43605.0 39341.0

16023.0 44145.0
16156.0 42151.0
16515.0 42052.0
16571.0 41718.0
16595.0 41640.0
16956.0 41570.0
16990.0 41461.0
17171.0 40768.0
18092.0 40466.0
18545.0 40444.0
18596.0 40337.0
19912.0 40313.0
21266.0 40310.0
21342.0 40064.0
21708.0 39975.0
24516.0 39974.0
24592.0 39939.0
24820.0 39924.0
25513.0 39758.0
27894.0 39757.0
28763.0 39631.0
31937.0 39628.0
32013.0 39572.0
32934.0 39512.0
36184.0 39386.0
39434.0 39327.0

16023.0 46281.0
16290.0 44854.0
16515.0 42266.0
16571.0 41718.0
16956.0 41622.0
16990.0 41396.0
17171.0 40768.0
18092.0 40466.0
18545.0 40444.0
18596.0 40337.0
19912.0 40313.0
21266.0 40310.0
21342.0 40064.0
21708.0 39975.0
24516.0 39972.0
24592.0 39939.0
25513.0 39758.0
28687.0 39756.0
28763.0 39631.0
31937.0 39629.0
32013.0 39573.0
32934.0 39519.0
36184.0 39399.0
39434.0 39391.0
43605.0 39341.0

16023.0 46123.0
16290.0 43565.0
16515.0 42266.0
16571.0 41718.0
16956.0 41622.0
16990.0 41396.0
17171.0 40768.0
18092.0 40466.0
18545.0 40444.0
18596.0 40337.0
19912.0 40313.0
21266.0 40310.0
21342.0 40064.0
21708.0 39975.0
24516.0 39972.0
24592.0 39916.0
24820.0 39884.0
25513.0 39758.0
27894.0 39757.0
28687.0 39756.0
28763.0 39631.0
31937.0 39629.0
32013.0 39573.0
32934.0 39519.0
36184.0 39393.0
39434.0 39391.0
40355.0 39303.0

16023.0 46281.0
16290.0 44854.0
16515.0 41654.0
16595.0 41259.0
17095.0 41160.0
17171.0 40744.0
18092.0 40466.0
18545.0 40444.0
18596.0 40337.0
19912.0 40313.0
21266.0 40310.0
21342.0 40064.0
21708.0 39975.0
24516.0 39972.0
24592.0 39939.0
25513.0 39758.0
28687.0 39756.0
28763.0 39631.0
31937.0 39629.0
32013.0 39573.0
32934.0 39519.0
36184.0 39399.0
39434.0 39391.0
43605.0 39341.0

16023.0 42369.0
16156.0 42088.0
16515.0 41688.0
16595.0 41035.0
17095.0 40972.0
17171.0 40744.0
18092.0 40466.0
18545.0 40444.0
18596.0 40337.0
19912.0 40313.0
21266.0 40310.0
21342.0 40064.0
21708.0 39975.0
24516.0 39974.0
24592.0 39915.0
25513.0 39758.0
27894.0 39757.0
28687.0 39756.0
28763.0 39631.0
31937.0 39629.0
32013.0 39573.0
32934.0 39512.0
36184.0 39393.0
39434.0 39391.0
43605.0 39341.0

16023.0 42369.0
16156.0 42088.0
16515.0 41267.0
16595.0 41035.0
17095.0 40954.0
17171.0 40768.0
18092.0 40466.0
18545.0 40444.0
18596.0 40337.0
19912.0 40313.0
21266.0 40310.0
21342.0 40064.0
21708.0 39975.0
24516.0 39972.0
24592.0 39915.0
24820.0 39865.0
25513.0 39758.0
27894.0 39757.0
28687.0 39755.0
28763.0 39631.0
31937.0 39629.0
32013.0 39573.0
32934.0 39512.0
36108.0 39509.0
36184.0 39386.0
39358.0 39383.0
39434.0 39327.0
40355.0 39303.0
43605.0 39177.0
46855.0 39117.0
50029.0 39091.0


