18092.0 125178.0
18545.0 124937.0
18596.0 122795.0
19912.0 122660.0
21342.0 121242.0
21638.0 121240.0
21708.0 120787.0
24516.0 120784.0
24592.0 119843.0
27842.0 119808.0
28763.0 119319.0
32013.0 118972.0
36184.0 118690.0
39434.0 118522.0
43605.0 118219.0
46779.0 118153.0
46855.0 117888.0
50105.0 117851.0

18092.0 130148.0
18513.0 128674.0
18596.0 123140.0
18615.0 122068.0
19912.0 122028.0
20421.0 121630.0
21342.0 120930.0
21708.0 120719.0
24516.0 120676.0
24801.0 120625.0
24820.0 120376.0
28763.0 120222.0
32013.0 119969.0

18092.0 130148.0
18513.0 128674.0
18596.0 122161.0
18615.0 122068.0
19912.0 121798.0
20421.0 121630.0
21342.0 120930.0
21708.0 120719.0
24516.0 120676.0
24801.0 120625.0
24820.0 120376.0
27894.0 120218.0
28687.0 120193.0
32013.0 119969.0

18092.0 130148.0
18513.0 128674.0
18596.0 122161.0
18615.0 121875.0
19112.0 121817.0
19912.0 121798.0
20421.0 121630.0
21342.0 120930.0
21708.0 120719.0
24516.0 120676.0
24801.0 120625.0
24820.0 120376.0
28763.0 120209.0
32013.0 119969.0
32934.0 119959.0

18092.0 130148.0
18513.0 128674.0
18596.0 122161.0
18615.0 121844.0
19112.0 121817.0
19912.0 121706.0
20421.0 121630.0
21342.0 120930.0
21708.0 120719.0
24516.0 120676.0
24801.0 120625.0
24820.0 120376.0
27894.0 120131.0
32013.0 119969.0
32934.0 119959.0

18092.0 128599.0
18122.0 126972.0
18596.0 122161.0
18615.0 122068.0
19912.0 121798.0
20421.0 121630.0
21342.0 120890.0
21708.0 120679.0
24516.0 120676.0
24801.0 120527.0
24820.0 120322.0
27842.0 120240.0
28763.0 119992.0
29684.0 119944.0
31437.0 119941.0
32013.0 119821.0
32934.0 119665.0
36184.0 119470.0

18092.0 130148.0
18513.0 128674.0
18596.0 121385.0
19912.0 121321.0
21342.0 120714.0
21708.0 120502.0
24516.0 120501.0
24592.0 120434.0
24820.0 120376.0
25513.0 120237.0
27894.0 120131.0
28763.0 120022.0
32013.0 119920.0

18092.0 130148.0
18513.0 128674.0
18596.0 121385.0
19912.0 121321.0
21342.0 120738.0
21708.0 120502.0
24516.0 120501.0
24592.0 120434.0
24750.0 120398.0
24820.0 120322.0
25513.0 120237.0
27894.0 120131.0
28763.0 119960.0
31437.0 119941.0
32013.0 119789.0
36184.0 119470.0

18092.0 130148.0
18513.0 128674.0
18596.0 121385.0
19912.0 121321.0
21266.0 121318.0
21342.0 120714.0
21708.0 120502.0
24516.0 120501.0
24592.0 120247.0
25513.0 120237.0
27842.0 120224.0
27894.0 120131.0
28763.0 119609.0

18092.0 130148.0
18513.0 128674.0
18596.0 121385.0
19912.0 121321.0
21342.0 120714.0
21708.0 120502.0
24516.0 120501.0
24592.0 120434.0
24820.0 120322.0
25513.0 120237.0
27894.0 120131.0
28763.0 119960.0
31437.0 119941.0
32013.0 119822.0
36184.0 119470.0

18092.0 130148.0
18513.0 128674.0
18545.0 122951.0
18596.0 121976.0
19112.0 121908.0
19912.0 121838.0
20421.0 121630.0
21342.0 120890.0
21708.0 120719.0
22263.0 120678.0
24516.0 120676.0
24592.0 120540.0
24801.0 120466.0
24820.0 120321.0
25513.0 120107.0
27842.0 119980.0
28763.0 119331.0
32013.0 119133.0


