17996.0 129330.0
18092.0 122679.0
18545.0 122419.0
18596.0 121890.0
19912.0 121866.0
19946.0 121842.0
21342.0 120970.0
21657.0 120960.0
21708.0 120708.0
24516.0 120705.0
24592.0 120166.0
24750.0 120070.0
24820.0 119716.0
27766.0 119673.0
28763.0 119278.0
31937.0 119235.0
32013.0 118789.0
35187.0 118764.0
36184.0 118553.0
39434.0 118230.0
43605.0 118083.0
49953.0 118036.0
50029.0 117994.0
54276.0 117670.0

18092.0 124969.0
18312.0 124888.0
18526.0 122469.0
18596.0 122266.0
19471.0 122259.0
19912.0 121778.0
20387.0 121558.0
21342.0 121158.0
21657.0 121152.0
21708.0 120865.0
24592.0 120703.0
24801.0 120641.0
25513.0 120481.0
28763.0 120276.0
31937.0 120239.0
32013.0 120048.0
32934.0 119607.0
36184.0 119548.0

18092.0 124969.0
18312.0 124888.0
18526.0 122469.0
18596.0 122266.0
18615.0 121584.0
19912.0 121544.0
21266.0 121377.0
21342.0 121116.0
21708.0 120865.0
24516.0 120864.0
24592.0 120582.0
24801.0 120531.0
25513.0 120339.0
28687.0 120260.0
28763.0 119843.0
32013.0 119771.0
32934.0 119607.0
36184.0 119133.0
43529.0 119059.0

18092.0 124969.0
18312.0 124888.0
18526.0 122469.0
18596.0 122266.0
18615.0 121642.0
19845.0 121545.0
19912.0 121256.0
20345.0 121255.0
21342.0 120797.0
21708.0 120523.0
24592.0 120520.0
24750.0 120256.0
25513.0 120205.0
28763.0 119983.0
32934.0 119607.0
36184.0 119548.0

17745.0 129593.0
17977.0 126998.0
18092.0 122266.0
18526.0 122222.0
18596.0 122100.0
19912.0 121778.0
20345.0 121636.0
20387.0 121550.0
21342.0 120848.0
21689.0 120770.0
24592.0 120582.0
25513.0 120242.0
27894.0 120164.0
28763.0 119829.0
32013.0 119685.0
32934.0 119607.0
34687.0 119533.0
35263.0 119478.0
36184.0 119296.0

18092.0 124638.0
18312.0 124373.0
18475.0 123307.0
18526.0 122469.0
18596.0 122266.0
18615.0 121766.0
19845.0 121631.0
19912.0 121149.0
21342.0 120897.0
21708.0 120655.0
24516.0 120625.0
24592.0 120582.0
24801.0 120545.0
24820.0 120531.0
25513.0 120254.0
28763.0 119789.0
31006.0 119776.0
32934.0 119607.0
36184.0 119548.0
38858.0 119371.0

18092.0 124969.0
18312.0 124888.0
18526.0 122469.0
18596.0 122266.0
18615.0 121944.0
19471.0 121940.0
19845.0 121925.0
19912.0 121778.0
20387.0 121550.0
21342.0 121116.0
21708.0 120500.0
24516.0 120420.0
28687.0 120392.0
28763.0 119631.0
32934.0 119607.0
36184.0 119548.0
39358.0 119506.0
43605.0 119197.0
46779.0 119190.0

18092.0 124520.0
18526.0 122469.0
18545.0 122427.0
18596.0 122065.0
18615.0 121332.0
19912.0 121250.0
20387.0 121139.0
21266.0 121138.0
21342.0 120784.0
21708.0 120500.0
24516.0 120420.0
24820.0 120402.0
25513.0 120076.0
28763.0 119631.0
31937.0 119589.0
32013.0 119573.0
32934.0 119335.0
43605.0 119197.0
46779.0 119155.0
50029.0 119119.0

18092.0 124969.0
18312.0 124888.0
18526.0 122469.0
18596.0 122266.0
18615.0 121944.0
19471.0 121940.0
19845.0 121925.0
19912.0 121778.0
20387.0 121550.0
21342.0 120925.0
21708.0 120500.0
24516.0 120420.0
24820.0 120330.0
27894.0 120247.0
27913.0 120042.0
28763.0 119629.0
32013.0 119605.0
35187.0 119544.0
39358.0 119506.0
42608.0 119471.0
43605.0 119197.0
46779.0 119190.0
50029.0 119119.0

18092.0 124772.0
18475.0 123307.0
18526.0 122469.0
18545.0 122402.0
18596.0 122266.0
18615.0 121382.0
19912.0 121189.0
20345.0 121188.0
21266.0 121098.0
21342.0 120658.0
21708.0 120500.0
24516.0 120420.0
25513.0 120129.0
28763.0 119631.0
32934.0 119607.0
36184.0 119548.0
39358.0 119506.0
43605.0 119197.0
46779.0 119190.0

18092.0 124572.0
18526.0 122469.0
18545.0 122313.0
18596.0 122261.0
18615.0 121412.0
19912.0 121195.0
20345.0 121194.0
21266.0 121192.0
21342.0 120801.0
21657.0 120738.0
21708.0 120400.0
24592.0 120329.0
24801.0 120278.0
25513.0 119874.0
28763.0 119331.0
32013.0 119157.0
32934.0 118940.0
35263.0 118765.0
38437.0 118441.0
39434.0 118340.0
40355.0 118240.0
43605.0 118110.0
49032.0 117692.0


