16023.0 42389.0
16156.0 41946.0
16595.0 41714.0
16956.0 41603.0
16990.0 41396.0
17516.0 41164.0
18016.0 41101.0
18092.0 40466.0
18596.0 40337.0
19912.0 40313.0
21266.0 40310.0
21342.0 40064.0
21708.0 39975.0
24516.0 39972.0
24592.0 39915.0
24820.0 39865.0
25513.0 39758.0
27894.0 39757.0
28687.0 39754.0
28763.0 39631.0
31937.0 39629.0
32013.0 39572.0
32934.0 39512.0
36184.0 39398.0
39434.0 39327.0
40355.0 39279.0
43605.0 39152.0
46855.0 39094.0

16023.0 43506.0
16156.0 43063.0
16595.0 42824.0
16816.0 42217.0
16990.0 41691.0
17516.0 41459.0
18016.0 41396.0
18092.0 40466.0
18545.0 40449.0
18596.0 40337.0
19912.0 40313.0
21342.0 40064.0
21708.0 40040.0
24592.0 40034.0
24801.0 39974.0
25513.0 39758.0
28763.0 39632.0
32934.0 39549.0
36184.0 39439.0
39434.0 39364.0
43605.0 39227.0
46855.0 39101.0

16023.0 43506.0
16156.0 43063.0
16595.0 42824.0
16816.0 42217.0
16990.0 41691.0
17345.0 41677.0
17516.0 41459.0
17745.0 41433.0
18016.0 41345.0
18092.0 40466.0
18545.0 40449.0
18596.0 40337.0
19912.0 40313.0
21266.0 40310.0
21342.0 40064.0
21708.0 40015.0
24592.0 39939.0
24820.0 39905.0
25513.0 39758.0
28687.0 39755.0
28763.0 39632.0
32934.0 39536.0
36184.0 39439.0
39434.0 39364.0
40355.0 39286.0
43605.0 39227.0
46855.0 39101.0

16023.0 42547.0
16156.0 42104.0
16595.0 41872.0
16990.0 41387.0
17516.0 41249.0
17745.0 41162.0
18016.0 41092.0
18092.0 40466.0
18545.0 40444.0
18596.0 40337.0
19912.0 40313.0
21266.0 40310.0
21342.0 40064.0
21708.0 39975.0
24516.0 39974.0
24592.0 39956.0
24750.0 39946.0
25513.0 39758.0
28763.0 39632.0
32013.0 39596.0
32934.0 39525.0
36184.0 39423.0
39434.0 39364.0
43605.0 39227.0
46855.0 39101.0

16023.0 43506.0
16156.0 43063.0
16595.0 42824.0
16816.0 42217.0
16956.0 41896.0
16990.0 41658.0
17516.0 41459.0
17745.0 41433.0
18016.0 41345.0
18092.0 40466.0
18545.0 40449.0
18596.0 40337.0
19912.0 40313.0
21266.0 40310.0
21342.0 40064.0
21708.0 40015.0
24592.0 39939.0
24820.0 39905.0
25513.0 39758.0
28687.0 39755.0
28763.0 39632.0
32934.0 39536.0
36184.0 39423.0
39434.0 39364.0
43605.0 39227.0
46855.0 39101.0

16023.0 43168.0
16156.0 42104.0
16595.0 41872.0
16990.0 41387.0
17516.0 41249.0
17745.0 41162.0
18016.0 41092.0
18092.0 40466.0
18545.0 40444.0
18596.0 40337.0
19912.0 40313.0
21266.0 40310.0
21342.0 40064.0
21708.0 39975.0
24516.0 39974.0
24592.0 39939.0
24820.0 39905.0
25513.0 39758.0
27894.0 39757.0
28687.0 39756.0
28763.0 39632.0
31937.0 39631.0
32013.0 39596.0
32934.0 39512.0
36184.0 39410.0
39434.0 39363.0
40355.0 39303.0
43605.0 39177.0
46855.0 39101.0

16023.0 43506.0
16156.0 43063.0
16595.0 42824.0
16816.0 42217.0
16956.0 41838.0
16990.0 41658.0
17516.0 41459.0
17745.0 41433.0
18016.0 41345.0
18092.0 40466.0
18545.0 40444.0
18596.0 40337.0
19912.0 40313.0
21342.0 40064.0
21708.0 39999.0
24516.0 39996.0
24592.0 39939.0
25513.0 39758.0
28763.0 39632.0
32013.0 39620.0
32934.0 39536.0
36184.0 39410.0
39434.0 39364.0
43605.0 39227.0
46855.0 39101.0

16023.0 42375.0
16156.0 41932.0
16595.0 41700.0
16816.0 41678.0
16956.0 41567.0
16990.0 41387.0
17516.0 41173.0
17745.0 41162.0
18016.0 41092.0
18092.0 40466.0
18545.0 40444.0
18596.0 40337.0
19912.0 40313.0
21266.0 40312.0
21342.0 40064.0
21708.0 39999.0
24516.0 39996.0
24592.0 39939.0
25513.0 39758.0
28763.0 39632.0
32934.0 39512.0
36108.0 39511.0
36184.0 39410.0
39434.0 39364.0
43605.0 39227.0
46855.0 39101.0

16023.0 43506.0
16156.0 43063.0
16595.0 42824.0
16816.0 42217.0
16956.0 41838.0
16990.0 41658.0
17516.0 41459.0
17745.0 41433.0
18016.0 41345.0
18092.0 40466.0
18545.0 40444.0
18596.0 40337.0
19912.0 40313.0
21342.0 40064.0
21708.0 39999.0
24516.0 39996.0
24592.0 39939.0
25513.0 39758.0
28763.0 39632.0
32013.0 39620.0
32934.0 39536.0
36184.0 39410.0
39434.0 39364.0
43605.0 39227.0
46855.0 39101.0

16023.0 42547.0
16156.0 42104.0
16595.0 41872.0
16990.0 41481.0
17345.0 41406.0
17516.0 41173.0
18016.0 41074.0
18092.0 40466.0
18545.0 40444.0
18596.0 40337.0
19912.0 40313.0
21266.0 40310.0
21342.0 40064.0
21708.0 39975.0
24516.0 39972.0
24592.0 39939.0
25513.0 39758.0
27894.0 39757.0
28687.0 39755.0
28763.0 39632.0
31937.0 39631.0
32934.0 39512.0
36184.0 39410.0
39434.0 39364.0
43605.0 39227.0
46855.0 39101.0

15590.0 46177.0
16023.0 42375.0
16156.0 41932.0
16595.0 41700.0
16816.0 41678.0
16956.0 41589.0
16990.0 41387.0
17516.0 41155.0
18016.0 41074.0
18092.0 40466.0
18545.0 40444.0
18596.0 40337.0
19912.0 40313.0
21266.0 40310.0
21342.0 40064.0
21708.0 39975.0
24516.0 39974.0
24592.0 39915.0
24820.0 39865.0
25513.0 39758.0
27894.0 39757.0
28763.0 39631.0
32013.0 39580.0
32934.0 39512.0
36184.0 39386.0
39434.0 39334.0
40355.0 39278.0
43605.0 39153.0
46855.0 39101.0
51026.0 39071.0
54276.0 39019.0


