21346.0 241493.0
21708.0 231107.0
23550.0 227883.0
24516.0 227521.0
24820.0 223221.0
27587.0 220181.0
28763.0 219037.0
36108.0 218498.0

21708.0 239135.0
23601.0 237559.0
26662.0 237201.0
27862.0 232815.0
32934.0 232628.0
34984.0 232591.0

21708.0 239135.0
23601.0 237559.0
26662.0 237201.0
27862.0 232815.0
32934.0 232628.0
34984.0 232591.0

21708.0 239135.0
23601.0 237559.0
26662.0 237201.0
27862.0 232815.0
32934.0 232628.0
34984.0 232591.0

21708.0 239135.0
23601.0 237559.0
26662.0 237201.0
27862.0 232815.0
32934.0 232628.0
34984.0 232591.0

21708.0 239135.0
23601.0 237559.0
26662.0 237201.0
27862.0 232815.0
32934.0 232628.0
34984.0 232591.0

21708.0 239135.0
23601.0 237559.0
26662.0 237201.0
27862.0 232815.0
32934.0 232628.0
34984.0 232591.0

21708.0 239135.0
23601.0 237559.0
26662.0 237201.0
27862.0 232815.0
32934.0 232628.0
34984.0 232591.0

21708.0 239135.0
23601.0 237559.0
26662.0 237201.0
27862.0 232815.0
32934.0 232628.0
34984.0 232591.0

21708.0 239135.0
23601.0 237559.0
26662.0 237201.0
27862.0 232815.0
32934.0 232628.0
34984.0 232591.0

21708.0 239135.0
23601.0 237559.0
26662.0 237201.0
27862.0 232815.0
32934.0 232628.0
34984.0 232591.0


