16515.0 41267.0
16595.0 41035.0
17095.0 40972.0
17171.0 40768.0
18092.0 40606.0
18545.0 40584.0
18596.0 40337.0
19912.0 40313.0
21266.0 40310.0
21342.0 40064.0
21708.0 39975.0
24516.0 39972.0
24592.0 39915.0
24820.0 39865.0
25513.0 39758.0
27894.0 39757.0
28687.0 39755.0
28763.0 39631.0
31937.0 39628.0
32013.0 39572.0
32934.0 39511.0
36108.0 39510.0
36184.0 39385.0
39434.0 39327.0
40355.0 39278.0
43529.0 39277.0
43605.0 39152.0
46779.0 39150.0
46855.0 39117.0
50029.0 39116.0

16515.0 41492.0
16595.0 41260.0
17095.0 41179.0
17171.0 40805.0
18092.0 40466.0
18545.0 40444.0
18596.0 40337.0
19912.0 40313.0
21266.0 40310.0
21342.0 40064.0
21708.0 39975.0
24516.0 39974.0
24592.0 39915.0
25513.0 39758.0
28763.0 39631.0
32013.0 39614.0
32934.0 39536.0
36108.0 39509.0
36184.0 39475.0
39358.0 39472.0
39434.0 39460.0
43605.0 39321.0

16494.0 44092.0
16515.0 41492.0
16595.0 41260.0
17095.0 41179.0
17171.0 40805.0
18092.0 40466.0
18545.0 40444.0
18596.0 40337.0
19912.0 40313.0
21266.0 40310.0
21342.0 40064.0
21708.0 39975.0
24516.0 39974.0
24592.0 39915.0
25513.0 39758.0
28687.0 39757.0
28763.0 39631.0
32013.0 39597.0
32934.0 39536.0
36108.0 39509.0
36184.0 39475.0
39358.0 39472.0
39434.0 39460.0
40355.0 39429.0
43605.0 39321.0

16515.0 41267.0
16595.0 41035.0
17095.0 40954.0
17171.0 40768.0
18092.0 40466.0
18545.0 40444.0
18596.0 40337.0
19912.0 40313.0
21266.0 40310.0
21342.0 40064.0
21708.0 39975.0
24516.0 39974.0
24592.0 39915.0
25513.0 39758.0
28763.0 39631.0
32013.0 39596.0
32934.0 39536.0
36108.0 39509.0
36184.0 39450.0
39434.0 39391.0
43605.0 39321.0

16515.0 41267.0
16595.0 41035.0
17095.0 40954.0
17171.0 40768.0
18092.0 40466.0
18545.0 40444.0
18596.0 40337.0
19912.0 40313.0
21266.0 40310.0
21342.0 40064.0
21708.0 39975.0
24516.0 39974.0
24592.0 39915.0
24820.0 39889.0
25513.0 39758.0
28763.0 39631.0
32013.0 39596.0
32934.0 39536.0
36108.0 39509.0
36184.0 39475.0
39358.0 39472.0
39434.0 39460.0
40355.0 39303.0

16515.0 41267.0
16595.0 41035.0
17095.0 40954.0
17171.0 40805.0
18092.0 40466.0
18545.0 40444.0
18596.0 40337.0
19912.0 40313.0
21266.0 40310.0
21342.0 40064.0
21708.0 39975.0
24516.0 39972.0
24592.0 39915.0
24820.0 39865.0
25513.0 39758.0
27894.0 39757.0
28763.0 39631.0
32013.0 39572.0
32934.0 39536.0
36108.0 39509.0
36184.0 39475.0
39358.0 39472.0
39434.0 39326.0
40355.0 39279.0
43605.0 39153.0
54276.0 39011.0

16023.0 51972.0
16122.0 51902.0
16515.0 41267.0
16595.0 41035.0
17095.0 40954.0
17171.0 40768.0
18092.0 40466.0
18545.0 40444.0
18596.0 40337.0
19912.0 40313.0
21266.0 40310.0
21342.0 40064.0
21708.0 39975.0
24516.0 39974.0
24592.0 39915.0
25513.0 39758.0
28687.0 39755.0
28763.0 39631.0
32013.0 39580.0
32934.0 39512.0
36108.0 39509.0
36184.0 39410.0
40355.0 39303.0
46855.0 39269.0

16515.0 41267.0
16595.0 41035.0
17095.0 40954.0
17171.0 40744.0
18092.0 40466.0
18545.0 40444.0
18596.0 40337.0
19912.0 40313.0
21266.0 40310.0
21342.0 40064.0
21708.0 39975.0
24516.0 39974.0
24592.0 39915.0
24820.0 39908.0
25513.0 39758.0
27894.0 39757.0
28687.0 39755.0
28763.0 39631.0
31937.0 39629.0
32013.0 39596.0
32934.0 39512.0
36108.0 39509.0
36184.0 39386.0
39358.0 39383.0
39434.0 39351.0
40355.0 39303.0
46855.0 39269.0

16515.0 41267.0
16595.0 41035.0
17095.0 40954.0
17171.0 40768.0
18092.0 40466.0
18545.0 40444.0
18596.0 40337.0
19912.0 40313.0
21266.0 40310.0
21342.0 40064.0
21708.0 39975.0
24516.0 39974.0
24592.0 39915.0
25513.0 39758.0
28687.0 39755.0
28763.0 39631.0
32013.0 39596.0
32934.0 39512.0
36108.0 39509.0
36184.0 39410.0
40355.0 39303.0
46855.0 39269.0

16515.0 41267.0
16595.0 41035.0
17095.0 40954.0
17171.0 40768.0
18092.0 40466.0
18545.0 40444.0
18596.0 40337.0
19912.0 40313.0
21266.0 40310.0
21342.0 40064.0
21708.0 39975.0
24516.0 39974.0
24592.0 39915.0
24820.0 39905.0
25513.0 39758.0
27894.0 39757.0
28687.0 39755.0
28763.0 39631.0
32013.0 39580.0
32934.0 39512.0
36108.0 39509.0
36184.0 39410.0
39434.0 39351.0
40355.0 39303.0
46855.0 39269.0

16023.0 44353.0
16156.0 43910.0
16515.0 41267.0
16595.0 41035.0
17095.0 40954.0
17171.0 40768.0
18092.0 40466.0
18545.0 40444.0
18596.0 40337.0
19912.0 40313.0
21266.0 40310.0
21342.0 40064.0
21708.0 39975.0
24516.0 39972.0
24592.0 39915.0
24820.0 39865.0
25513.0 39758.0
28687.0 39755.0
28763.0 39631.0
31937.0 39629.0
32013.0 39572.0
32934.0 39512.0
36108.0 39509.0
36184.0 39385.0
39434.0 39339.0
40355.0 39303.0
43605.0 39153.0
46855.0 39101.0
54200.0 39075.0


