18092.0 122803.0
18545.0 122274.0
18596.0 121845.0
19912.0 121781.0
21266.0 121738.0
21342.0 120927.0
21689.0 120838.0
21708.0 120837.0
24516.0 120711.0
24592.0 120675.0
25513.0 119905.0
27766.0 119880.0
27842.0 119845.0
27894.0 119633.0
28763.0 119614.0
31437.0 119582.0
32013.0 119361.0
32934.0 119190.0

18092.0 123948.0
18526.0 123938.0
18596.0 123248.0
18615.0 121870.0
19946.0 121830.0
20838.0 121777.0
21266.0 121655.0
21342.0 120994.0
21708.0 120816.0
23950.0 120766.0
24516.0 120628.0
25513.0 120423.0
28687.0 120334.0
28763.0 120275.0
32934.0 120039.0
36108.0 119941.0
36184.0 119377.0
40355.0 119372.0

18092.0 123948.0
18526.0 123938.0
18596.0 122172.0
18615.0 121870.0
19946.0 121830.0
20838.0 121777.0
21266.0 121655.0
21342.0 120994.0
21708.0 120694.0
23950.0 120641.0
24516.0 120628.0
25513.0 120423.0
28687.0 120334.0
28763.0 120247.0
31937.0 120239.0
32934.0 119661.0
36184.0 119377.0
40355.0 119372.0

18092.0 123948.0
18526.0 123938.0
18596.0 122031.0
18615.0 121870.0
19946.0 121830.0
20838.0 121777.0
21266.0 121655.0
21342.0 120994.0
21708.0 120816.0
23950.0 120739.0
24516.0 120562.0
24801.0 120561.0
25513.0 120423.0
28687.0 120334.0
28763.0 120252.0
29684.0 120213.0
31937.0 120006.0
32013.0 119884.0
36184.0 119377.0
40355.0 119372.0

18092.0 123948.0
18526.0 123938.0
18545.0 123897.0
18596.0 121658.0
18615.0 121414.0
19912.0 121307.0
21266.0 121270.0
21342.0 120994.0
21638.0 120939.0
21689.0 120908.0
21708.0 120628.0
23950.0 120484.0
24801.0 120483.0
25513.0 120249.0
28763.0 120123.0
32934.0 120032.0
35608.0 119981.0
36108.0 119941.0
36184.0 119377.0
40355.0 119372.0

18092.0 123948.0
18526.0 123938.0
18596.0 122851.0
18615.0 121870.0
19946.0 121830.0
20766.0 121797.0
20838.0 121777.0
21266.0 121655.0
21342.0 120911.0
21708.0 120816.0
23950.0 120766.0
24516.0 120628.0
25513.0 120280.0
28763.0 120076.0
32934.0 119758.0
36184.0 119377.0
40355.0 119372.0

18092.0 123948.0
18526.0 123938.0
18596.0 122851.0
18615.0 121870.0
19946.0 121830.0
20838.0 121777.0
21266.0 121655.0
21342.0 120994.0
21708.0 120693.0
23950.0 120398.0
24750.0 120381.0
27913.0 120254.0
28687.0 120229.0
28763.0 119946.0
31006.0 119776.0
32013.0 119700.0
36184.0 119089.0

18092.0 123948.0
18526.0 123938.0
18596.0 121957.0
18615.0 121835.0
19946.0 121772.0
20387.0 121755.0
21266.0 121638.0
21342.0 120813.0
21708.0 120529.0
24516.0 120472.0
25513.0 120270.0
27913.0 120254.0
28687.0 120229.0
28763.0 119644.0
32013.0 119564.0
36184.0 119377.0
40355.0 119160.0

18092.0 123948.0
18526.0 123938.0
18545.0 123897.0
18596.0 122668.0
18615.0 121381.0
19912.0 121276.0
21266.0 121270.0
21342.0 120838.0
21708.0 120368.0
24516.0 120279.0
24750.0 120262.0
25513.0 120127.0
28763.0 119941.0
31006.0 119776.0
32013.0 119700.0
32934.0 119585.0
36184.0 119089.0

18092.0 123948.0
18526.0 123938.0
18545.0 123895.0
18596.0 122722.0
18615.0 121870.0
19946.0 121830.0
20838.0 121777.0
21266.0 121655.0
21342.0 120994.0
21708.0 120693.0
23950.0 120398.0
24750.0 120381.0
28687.0 120334.0
28763.0 119946.0
32934.0 119863.0
36184.0 119089.0

18092.0 123948.0
18526.0 123938.0
18596.0 122031.0
18615.0 121870.0
19946.0 121830.0
20838.0 121777.0
21266.0 121655.0
21342.0 120581.0
21657.0 120559.0
24016.0 120531.0
24516.0 120528.0
24820.0 120402.0
25513.0 120110.0
28687.0 119961.0
28763.0 119506.0
31937.0 119354.0
32934.0 119301.0
34190.0 119220.0
36184.0 119119.0
39358.0 118869.0
40355.0 118360.0
49032.0 117887.0
56453.0 117839.0


