16480.0 43463.0
16494.0 43069.0
16816.0 42487.0
16990.0 41396.0
17516.0 41164.0
18016.0 41101.0
18092.0 40466.0
18545.0 40444.0
18596.0 40337.0
19912.0 40313.0
21266.0 40310.0
21342.0 40128.0
21708.0 39975.0
24516.0 39972.0
24592.0 39915.0
24820.0 39865.0
25513.0 39758.0
27894.0 39757.0
28687.0 39755.0
28763.0 39631.0
31937.0 39629.0
32013.0 39572.0
32934.0 39511.0
36108.0 39510.0
36184.0 39385.0
39358.0 39382.0
39434.0 39326.0
40355.0 39278.0
43605.0 39152.0
46855.0 39093.0
51026.0 39070.0

16023.0 44282.0
16122.0 44029.0
16156.0 43101.0
16495.0 43002.0
16515.0 41526.0
16519.0 41427.0
17171.0 40829.0
18092.0 40466.0
18596.0 40337.0
19912.0 40313.0
21266.0 40310.0
21342.0 40187.0
21708.0 39975.0
24820.0 39930.0
25513.0 39758.0
28687.0 39757.0
28763.0 39632.0
32934.0 39512.0
39434.0 39477.0
46855.0 39375.0
51026.0 39275.0

16023.0 44003.0
16156.0 42822.0
16515.0 41526.0
16519.0 41427.0
17171.0 40829.0
18092.0 40466.0
18596.0 40337.0
19912.0 40313.0
21266.0 40310.0
21342.0 40187.0
21708.0 39975.0
24516.0 39972.0
24820.0 39930.0
25513.0 39758.0
28687.0 39757.0
28763.0 39632.0
32934.0 39512.0
36184.0 39487.0
39434.0 39476.0
46855.0 39375.0
51026.0 39275.0

16023.0 43148.0
16156.0 41967.0
16515.0 41267.0
16595.0 41035.0
17095.0 40954.0
17171.0 40768.0
18092.0 40466.0
18545.0 40444.0
18596.0 40337.0
19912.0 40313.0
21266.0 40310.0
21342.0 40064.0
21708.0 39975.0
24592.0 39963.0
24750.0 39946.0
24820.0 39930.0
25513.0 39758.0
28687.0 39757.0
28763.0 39632.0
31937.0 39631.0
32013.0 39620.0
32934.0 39512.0
36184.0 39386.0
39434.0 39327.0
51026.0 39275.0

16023.0 42410.0
16156.0 41967.0
16515.0 41473.0
16519.0 41427.0
16595.0 41241.0
17095.0 41021.0
17171.0 40829.0
18092.0 40466.0
18596.0 40337.0
19912.0 40313.0
21266.0 40310.0
21342.0 40187.0
21708.0 39975.0
24820.0 39930.0
25513.0 39758.0
28687.0 39757.0
28763.0 39632.0
32934.0 39512.0
39434.0 39476.0
46855.0 39375.0
51026.0 39275.0
54200.0 39274.0

16023.0 44003.0
16156.0 42822.0
16515.0 41473.0
16519.0 41427.0
16595.0 41259.0
17095.0 41160.0
17171.0 40829.0
18092.0 40466.0
18545.0 40444.0
18596.0 40337.0
19912.0 40313.0
21266.0 40310.0
21342.0 40064.0
21708.0 39975.0
24516.0 39972.0
24592.0 39916.0
24820.0 39889.0
25513.0 39758.0
28687.0 39755.0
28763.0 39631.0
31937.0 39629.0
32013.0 39573.0
32934.0 39512.0
36108.0 39509.0
36184.0 39386.0
40355.0 39302.0
43605.0 39153.0
46855.0 39134.0

16023.0 43465.0
16156.0 42050.0
16515.0 41526.0
16519.0 41427.0
17171.0 40829.0
18092.0 40466.0
18596.0 40337.0
19912.0 40313.0
21266.0 40310.0
21342.0 40187.0
21708.0 39975.0
24516.0 39972.0
24820.0 39930.0
25513.0 39758.0
28687.0 39757.0
28763.0 39632.0
31937.0 39631.0
32934.0 39512.0
36184.0 39386.0
46855.0 39375.0
51026.0 39275.0

16023.0 42404.0
16156.0 41967.0
16515.0 41526.0
16519.0 41427.0
16990.0 41396.0
17019.0 41364.0
17095.0 41021.0
17171.0 40768.0
18092.0 40466.0
18545.0 40449.0
18596.0 40337.0
19912.0 40313.0
21266.0 40310.0
21342.0 40064.0
21708.0 39975.0
24516.0 39972.0
24592.0 39923.0
25513.0 39758.0
28687.0 39757.0
28763.0 39632.0
31937.0 39631.0
32013.0 39619.0
32934.0 39512.0
36184.0 39386.0
46855.0 39375.0
51026.0 39275.0

16023.0 42410.0
16156.0 41967.0
16515.0 41473.0
16519.0 41427.0
16595.0 41241.0
17095.0 41021.0
17171.0 40768.0
18092.0 40466.0
18596.0 40337.0
19912.0 40313.0
21266.0 40310.0
21342.0 40187.0
21657.0 40171.0
21708.0 39975.0
24516.0 39972.0
24820.0 39930.0
25513.0 39758.0
28687.0 39757.0
28763.0 39632.0
31937.0 39631.0
32934.0 39512.0
36184.0 39386.0
46855.0 39375.0
51026.0 39275.0

16023.0 43382.0
16156.0 42050.0
16515.0 41473.0
16519.0 41427.0
16595.0 41259.0
17095.0 41160.0
17171.0 40768.0
18092.0 40466.0
18545.0 40444.0
18596.0 40337.0
19912.0 40313.0
21266.0 40310.0
21342.0 40064.0
21708.0 39975.0
24516.0 39972.0
24592.0 39916.0
24820.0 39889.0
25513.0 39758.0
28687.0 39755.0
28763.0 39632.0
31937.0 39631.0
32013.0 39573.0
32934.0 39512.0
36184.0 39386.0
39434.0 39327.0
46855.0 39245.0

16023.0 42410.0
16156.0 41967.0
16515.0 41267.0
16595.0 41035.0
17095.0 40954.0
17171.0 40768.0
18092.0 40466.0
18545.0 40444.0
18596.0 40337.0
19912.0 40313.0
21266.0 40310.0
21342.0 40064.0
21708.0 39975.0
24516.0 39972.0
24592.0 39915.0
24820.0 39865.0
25513.0 39758.0
27894.0 39757.0
28687.0 39755.0
28763.0 39631.0
32013.0 39572.0
32934.0 39512.0
36108.0 39509.0
36184.0 39386.0
39358.0 39385.0
39434.0 39340.0
40355.0 39279.0
43529.0 39278.0
43605.0 39152.0
46855.0 39118.0
51026.0 39095.0


