16023.0 44898.0
16515.0 43361.0
16816.0 41687.0
16956.0 41576.0
16990.0 41423.0
17516.0 41191.0
18016.0 41110.0
18092.0 40466.0
18545.0 40449.0
19946.0 40409.0
21266.0 40401.0
21342.0 40301.0
21708.0 40254.0
24750.0 40237.0
25513.0 39871.0
28763.0 39835.0
32934.0 39820.0
36108.0 39812.0

16023.0 44898.0
16515.0 43361.0
16816.0 41687.0
16956.0 41576.0
16990.0 41423.0
17516.0 41191.0
18016.0 41110.0
18092.0 40466.0
18545.0 40449.0
19946.0 40409.0
21266.0 40401.0
21342.0 40301.0
21708.0 40254.0
24750.0 40237.0
25513.0 39871.0
28763.0 39835.0
32934.0 39820.0
36108.0 39812.0

16023.0 44898.0
16515.0 43361.0
16816.0 41687.0
16956.0 41576.0
16990.0 41423.0
17516.0 41191.0
18016.0 41110.0
18092.0 40466.0
18545.0 40449.0
19946.0 40409.0
21266.0 40401.0
21342.0 40301.0
21708.0 40254.0
24750.0 40237.0
25513.0 39871.0
28763.0 39835.0
32934.0 39820.0
36108.0 39812.0

16023.0 44898.0
16515.0 43361.0
16816.0 41687.0
16956.0 41576.0
16990.0 41423.0
17516.0 41191.0
18016.0 41110.0
18092.0 40466.0
18545.0 40449.0
19946.0 40409.0
21266.0 40401.0
21342.0 40301.0
21708.0 40254.0
24750.0 40237.0
25513.0 39871.0
28763.0 39835.0
32934.0 39820.0
36108.0 39812.0

16023.0 44898.0
16515.0 43361.0
16816.0 41687.0
16956.0 41576.0
16990.0 41423.0
17516.0 41191.0
18016.0 41110.0
18092.0 40466.0
18545.0 40449.0
19946.0 40409.0
21266.0 40401.0
21342.0 40301.0
21708.0 40254.0
24750.0 40237.0
25513.0 39871.0
28763.0 39835.0
32934.0 39820.0
36108.0 39812.0

16023.0 44898.0
16515.0 43361.0
16816.0 41687.0
16956.0 41576.0
16990.0 41423.0
17516.0 41191.0
18016.0 41110.0
18092.0 40466.0
18545.0 40449.0
19946.0 40409.0
21266.0 40401.0
21342.0 40301.0
21708.0 40254.0
24750.0 40237.0
25513.0 39871.0
28763.0 39835.0
32934.0 39820.0
36108.0 39812.0

16023.0 44898.0
16515.0 43361.0
16816.0 41687.0
16956.0 41576.0
16990.0 41423.0
17516.0 41191.0
18016.0 41110.0
18092.0 40466.0
18545.0 40449.0
19946.0 40409.0
21266.0 40401.0
21342.0 40301.0
21708.0 40254.0
24750.0 40237.0
25513.0 39871.0
28763.0 39835.0
32934.0 39820.0
36108.0 39812.0

16023.0 44898.0
16515.0 43361.0
16816.0 41687.0
16956.0 41576.0
16990.0 41423.0
17516.0 41191.0
18016.0 41110.0
18092.0 40466.0
18545.0 40449.0
19946.0 40409.0
21266.0 40401.0
21342.0 40301.0
21708.0 40254.0
24750.0 40237.0
25513.0 39871.0
28763.0 39835.0
32934.0 39820.0
36108.0 39812.0

16023.0 44898.0
16515.0 43361.0
16816.0 41687.0
16956.0 41576.0
16990.0 41423.0
17516.0 41191.0
18016.0 41110.0
18092.0 40466.0
18545.0 40449.0
19946.0 40409.0
21266.0 40401.0
21342.0 40301.0
21708.0 40254.0
24750.0 40237.0
25513.0 39871.0
28763.0 39835.0
32934.0 39820.0
36108.0 39812.0

16023.0 44898.0
16515.0 43361.0
16816.0 41687.0
16956.0 41576.0
16990.0 41423.0
17516.0 41191.0
18016.0 41110.0
18092.0 40466.0
18545.0 40449.0
19946.0 40409.0
21266.0 40401.0
21342.0 40301.0
21708.0 40254.0
24750.0 40237.0
25513.0 39871.0
28763.0 39835.0
32934.0 39820.0
36108.0 39812.0

16023.0 44898.0
16515.0 43361.0
16816.0 41687.0
16956.0 41576.0
16990.0 41423.0
17516.0 41191.0
18016.0 41110.0
18092.0 40466.0
18545.0 40449.0
19946.0 40409.0
21266.0 40401.0
21342.0 40301.0
21708.0 40254.0
24750.0 40237.0
25513.0 39871.0
28763.0 39835.0
32934.0 39820.0
36108.0 39812.0


