18092.0 127253.0
18545.0 126218.0
18596.0 123793.0
18615.0 122866.0
19912.0 122826.0
20345.0 122823.0
21266.0 122394.0
21342.0 122181.0
21689.0 122052.0
21708.0 121839.0
22263.0 121028.0
24516.0 121025.0
24592.0 120969.0
24731.0 120799.0
25513.0 120403.0
27894.0 120402.0
28763.0 120368.0
29684.0 120029.0
31937.0 120028.0
32013.0 119714.0
32934.0 119707.0
39434.0 119395.0

18545.0 130368.0
18596.0 122736.0
18615.0 122255.0
20387.0 121960.0
21342.0 121321.0
21708.0 120837.0
25513.0 120371.0
28763.0 120087.0
32858.0 119853.0
36184.0 119646.0

18545.0 130368.0
18596.0 122736.0
18615.0 122255.0
20387.0 121960.0
21342.0 121321.0
21708.0 120837.0
25513.0 120371.0
28187.0 120320.0
28687.0 120123.0
28763.0 120087.0
32858.0 119853.0
32934.0 119829.0
35608.0 119749.0
36184.0 119646.0

18092.0 131827.0
18122.0 131492.0
18312.0 127032.0
18545.0 126566.0
18596.0 122629.0
18615.0 122255.0
20387.0 121960.0
21342.0 121297.0
21708.0 120837.0
24592.0 120728.0
24801.0 120671.0
25513.0 120371.0
28687.0 120321.0
28763.0 119995.0
32858.0 119853.0
36184.0 119646.0

18092.0 131827.0
18545.0 126566.0
18596.0 122736.0
18615.0 122255.0
20387.0 121960.0
21342.0 121321.0
21708.0 120837.0
24592.0 120728.0
24801.0 120671.0
25513.0 120371.0
28687.0 120321.0
28763.0 120087.0
32013.0 120048.0
32858.0 119853.0
36184.0 119646.0

18545.0 130368.0
18596.0 122736.0
18615.0 122255.0
20387.0 121960.0
21342.0 121321.0
21708.0 120837.0
25513.0 120371.0
28763.0 120087.0
32858.0 119853.0
36184.0 119646.0

18545.0 130368.0
18596.0 122344.0
18615.0 122255.0
19112.0 122120.0
19912.0 121990.0
20387.0 121896.0
21342.0 121321.0
21708.0 120813.0
24801.0 120642.0
24820.0 120366.0
25437.0 120365.0
25513.0 120217.0
28687.0 120123.0
28763.0 119989.0
32858.0 119853.0
32934.0 119829.0
35608.0 119749.0
36184.0 119646.0

18092.0 123831.0
18596.0 122089.0
19146.0 122031.0
19912.0 121984.0
19946.0 121920.0
20387.0 121896.0
21342.0 121074.0
21708.0 120755.0
24516.0 120752.0
24801.0 120602.0
24820.0 120366.0
25437.0 120365.0
25513.0 120217.0
27894.0 120057.0
28763.0 119989.0
32013.0 119918.0
32858.0 119853.0
32934.0 119753.0
36184.0 119646.0

18545.0 126876.0
18596.0 122192.0
18615.0 122073.0
19112.0 121911.0
19912.0 121841.0
21266.0 121840.0
21342.0 121321.0
21708.0 120794.0
24750.0 120721.0
24801.0 120585.0
24820.0 120366.0
25437.0 120365.0
25513.0 120035.0
28763.0 119989.0
32858.0 119853.0
32934.0 119789.0
36184.0 119646.0

18545.0 130368.0
18596.0 122736.0
18615.0 122073.0
19587.0 122014.0
19912.0 121990.0
20387.0 121896.0
21342.0 121321.0
21708.0 120813.0
24801.0 120642.0
24820.0 120406.0
25437.0 120365.0
25513.0 120217.0
28763.0 119989.0
32858.0 119853.0
36184.0 119646.0

18545.0 127254.0
18596.0 122484.0
18615.0 122037.0
20387.0 121932.0
21342.0 120579.0
21708.0 120553.0
24516.0 120528.0
24801.0 120439.0
24820.0 120315.0
25513.0 120274.0
27062.0 120221.0
27913.0 120165.0
28687.0 120123.0
28763.0 119850.0
31937.0 119787.0
32013.0 119615.0
36184.0 119579.0
38858.0 119480.0
39434.0 119476.0
60700.0 117604.0
63874.0 116916.0


