18596.0 123466.0
18615.0 122142.0
19912.0 122102.0
20387.0 122094.0
20838.0 122012.0
21342.0 120897.0
21708.0 120382.0
24516.0 120381.0
24592.0 119932.0
24820.0 119669.0
25513.0 119528.0
27766.0 119527.0
27842.0 119492.0
27894.0 119491.0
28687.0 119485.0
28763.0 119132.0
31937.0 118999.0
32013.0 118873.0
35187.0 118806.0
36184.0 118607.0
39434.0 118565.0

17923.0 141265.0
18092.0 125143.0
18148.0 124664.0
18526.0 124642.0
18545.0 123897.0
18596.0 122304.0
18615.0 122019.0
21266.0 121905.0
21342.0 120966.0
21708.0 120809.0
24516.0 120806.0
24592.0 120534.0
24801.0 120525.0
24820.0 120411.0
27842.0 120410.0
27862.0 120360.0
27913.0 120271.0
28763.0 119672.0
31937.0 119650.0
32013.0 119428.0
36184.0 118707.0
39434.0 118695.0

17923.0 141265.0
18092.0 123417.0
18526.0 123288.0
18545.0 122806.0
18596.0 122304.0
18615.0 122019.0
20345.0 121981.0
21266.0 121905.0
21342.0 120966.0
21708.0 120809.0
24516.0 120806.0
24592.0 120534.0
24801.0 120525.0
24820.0 120272.0
27913.0 120234.0
28763.0 119672.0
31937.0 119650.0
32013.0 119428.0
36184.0 118707.0
39434.0 118695.0

17923.0 141265.0
18092.0 123539.0
18526.0 123172.0
18545.0 122863.0
18596.0 122304.0
18615.0 122019.0
20345.0 121981.0
21266.0 121905.0
21342.0 120966.0
21708.0 120809.0
24516.0 120806.0
24592.0 120534.0
24801.0 120525.0
24820.0 120411.0
27842.0 120410.0
27862.0 120360.0
27913.0 120234.0
28763.0 119672.0
31937.0 119650.0
32013.0 119403.0
36184.0 118707.0
39434.0 118695.0

17923.0 141265.0
18092.0 123417.0
18526.0 123288.0
18545.0 122806.0
18596.0 122304.0
18615.0 122019.0
20345.0 121981.0
21266.0 121905.0
21342.0 120966.0
21708.0 120809.0
24516.0 120806.0
24592.0 120446.0
24820.0 120411.0
25513.0 120316.0
27766.0 120175.0
28763.0 119672.0
31937.0 119650.0
32013.0 119428.0
36184.0 118707.0
39434.0 118695.0

17923.0 141265.0
18016.0 140082.0
18092.0 123553.0
18526.0 123061.0
18545.0 122911.0
18596.0 122304.0
18615.0 122019.0
20345.0 121981.0
20387.0 121967.0
21266.0 121893.0
21342.0 120966.0
21708.0 120809.0
24516.0 120806.0
24592.0 120476.0
24820.0 120264.0
28687.0 120195.0
28763.0 119672.0
31937.0 119632.0
32013.0 119403.0
36184.0 118707.0
39434.0 118695.0

17923.0 141265.0
18092.0 123417.0
18526.0 123050.0
18545.0 122806.0
18596.0 122028.0
18615.0 122019.0
19946.0 121956.0
21266.0 121905.0
21342.0 120966.0
21708.0 120809.0
24516.0 120806.0
24592.0 120446.0
24820.0 120395.0
27766.0 120175.0
28763.0 119672.0
31937.0 119650.0
32013.0 119428.0
36184.0 118707.0
39434.0 118695.0

17923.0 141265.0
18092.0 123191.0
18526.0 122537.0
18545.0 122515.0
18596.0 122262.0
18615.0 121991.0
20345.0 121911.0
21266.0 121905.0
21342.0 120966.0
21708.0 120809.0
24516.0 120667.0
24592.0 120446.0
24820.0 120395.0
27766.0 120175.0
28763.0 119658.0
31937.0 119650.0
32013.0 119428.0
36184.0 118689.0
39434.0 118677.0

17923.0 141265.0
18092.0 124388.0
18545.0 123897.0
18596.0 122028.0
18615.0 121978.0
19946.0 121849.0
20345.0 121813.0
21266.0 121812.0
21342.0 120966.0
21708.0 120809.0
24516.0 120806.0
24592.0 120446.0
24820.0 120395.0
27766.0 120175.0
28763.0 119672.0
31937.0 119650.0
32013.0 119428.0
36184.0 118707.0
39434.0 118695.0

17923.0 141265.0
18092.0 124388.0
18148.0 123866.0
18526.0 123499.0
18545.0 123190.0
18596.0 122304.0
18615.0 121991.0
20345.0 121935.0
21266.0 121905.0
21342.0 120966.0
21708.0 120809.0
24516.0 120806.0
24592.0 120446.0
24820.0 120395.0
27766.0 120175.0
28763.0 119672.0
31937.0 119650.0
32013.0 119403.0
36184.0 118707.0
39434.0 118695.0

17923.0 141265.0
18092.0 122738.0
18596.0 121935.0
19845.0 121747.0
20345.0 121648.0
21342.0 120966.0
21708.0 120719.0
24516.0 120716.0
24592.0 120386.0
24801.0 120356.0
24820.0 120213.0
27690.0 120198.0
27842.0 120177.0
27913.0 120123.0
28763.0 118998.0
36184.0 118227.0
51026.0 118056.0


