21080.0 245935.0
21108.0 245066.0
22020.0 223510.0
22936.0 222914.0
24801.0 220858.0
24820.0 220649.0
25513.0 219351.0

22716.0 252518.0
24310.0 245244.0
26296.0 234983.0
28163.0 234473.0
28187.0 231929.0

22716.0 252518.0
24310.0 245244.0
26296.0 234983.0
28163.0 234473.0
28187.0 231929.0

22716.0 252518.0
24310.0 245244.0
26296.0 234983.0
28163.0 234473.0
28187.0 231929.0

22716.0 252518.0
24310.0 245244.0
26296.0 234983.0
28163.0 234473.0
28187.0 231929.0

22716.0 252518.0
24310.0 245244.0
26296.0 234983.0
28163.0 234473.0
28187.0 231929.0

22716.0 252518.0
24310.0 245244.0
26296.0 234983.0
28163.0 234473.0
28187.0 231929.0

22716.0 252518.0
24310.0 245244.0
26296.0 234983.0
28163.0 234473.0
28187.0 231929.0

22716.0 252518.0
24310.0 245244.0
26296.0 234983.0
28163.0 234473.0
28187.0 231929.0

22716.0 252518.0
24310.0 245244.0
26296.0 234983.0
28163.0 234473.0
28187.0 231929.0

22716.0 252518.0
24310.0 245244.0
26296.0 234983.0
28163.0 234473.0
28187.0 231929.0


