17171.0 129284.0
18092.0 122397.0
18545.0 122388.0
18596.0 121639.0
19912.0 121446.0
21342.0 121060.0
21708.0 120733.0
24516.0 120631.0
24592.0 120378.0
24801.0 120327.0
25513.0 120159.0
27894.0 120100.0
27913.0 120049.0
28687.0 119748.0
28763.0 119098.0
31937.0 119097.0
32013.0 119045.0
32934.0 118996.0
36184.0 118360.0
39434.0 118321.0
43605.0 118088.0
51026.0 118006.0

17516.0 128592.0
17745.0 128217.0
18092.0 126036.0
18446.0 125729.0
18526.0 124690.0
18545.0 123525.0
18596.0 122593.0
18615.0 121983.0
19471.0 121878.0
21342.0 121304.0
21657.0 120831.0
21708.0 120619.0
23899.0 120583.0
24516.0 120513.0
24750.0 120354.0
27190.0 120333.0
27792.0 120316.0
28763.0 119868.0

17516.0 128592.0
17745.0 128217.0
18092.0 124312.0
18545.0 123525.0
18596.0 122593.0
18615.0 121983.0
19471.0 121878.0
20269.0 121877.0
21342.0 121180.0
21587.0 121129.0
21657.0 120726.0
21708.0 120514.0
24516.0 120513.0
24750.0 120354.0
26992.0 120273.0
27792.0 120211.0
28763.0 119749.0

17492.0 124979.0
17745.0 124368.0
18092.0 122633.0
18596.0 122522.0
18615.0 121852.0
20345.0 121809.0
20421.0 121773.0
21266.0 121723.0
21342.0 121187.0
21587.0 121136.0
21657.0 120750.0
21708.0 120538.0
24516.0 120207.0
28763.0 119749.0

17516.0 128592.0
17745.0 128217.0
18092.0 125081.0
18526.0 124690.0
18545.0 122705.0
18596.0 122579.0
18615.0 121983.0
19471.0 121878.0
20269.0 121877.0
21342.0 121180.0
21587.0 121129.0
21657.0 120750.0
21708.0 120507.0
24750.0 120274.0
26992.0 120273.0
27792.0 120211.0
28763.0 119749.0

17516.0 127228.0
18056.0 125968.0
18092.0 122727.0
18545.0 122705.0
18596.0 122593.0
18615.0 121902.0
19471.0 121878.0
20269.0 121877.0
20345.0 121843.0
21342.0 121091.0
21587.0 120968.0
21657.0 120726.0
21708.0 120514.0
24516.0 120183.0
27913.0 120132.0
28763.0 119749.0

17516.0 128592.0
17745.0 128217.0
18092.0 122552.0
18596.0 122441.0
18615.0 121983.0
19471.0 121878.0
20269.0 121877.0
21342.0 120940.0
21587.0 120877.0
21657.0 120796.0
21708.0 120514.0
24516.0 120252.0
28763.0 119868.0
32934.0 119713.0
36184.0 119467.0

17516.0 128592.0
17745.0 128217.0
18092.0 125606.0
18446.0 123885.0
18545.0 123525.0
18596.0 122593.0
18615.0 121902.0
19471.0 121878.0
19912.0 121854.0
20269.0 121853.0
20345.0 121819.0
21342.0 121187.0
21587.0 121136.0
21657.0 120733.0
21708.0 120531.0
24516.0 120207.0
28763.0 119773.0
32934.0 119713.0
36184.0 119467.0

17492.0 124688.0
18092.0 122552.0
18545.0 122530.0
18596.0 122422.0
18615.0 121787.0
19912.0 121747.0
21342.0 120940.0
21587.0 120758.0
21657.0 120726.0
21708.0 120514.0
24516.0 120252.0
25513.0 120089.0
28763.0 119868.0
32934.0 119713.0
36184.0 119467.0

17516.0 128125.0
18092.0 124388.0
18312.0 124383.0
18526.0 123838.0
18545.0 123525.0
18596.0 122593.0
18615.0 121726.0
19912.0 121509.0
21266.0 121508.0
21342.0 120940.0
21587.0 120877.0
21657.0 120796.0
21708.0 120514.0
23950.0 120366.0
24516.0 120252.0
27913.0 120201.0
28763.0 119868.0

17516.0 128592.0
17745.0 128217.0
18092.0 122358.0
18596.0 122228.0
18615.0 121839.0
21342.0 120865.0
21587.0 120803.0
21708.0 120591.0
23899.0 120583.0
24516.0 120513.0
24750.0 120354.0
25513.0 119936.0
27894.0 119441.0
32934.0 118834.0


