16816.0 41834.0
16956.0 41764.0
16990.0 41568.0
17345.0 41406.0
17516.0 41173.0
18016.0 41074.0
18092.0 40466.0
18545.0 40444.0
18596.0 40337.0
19912.0 40313.0
21266.0 40310.0
21342.0 40064.0
21708.0 39975.0
24516.0 39972.0
24592.0 39916.0
24820.0 39865.0
25513.0 39758.0
27894.0 39757.0
28687.0 39756.0
28763.0 39631.0
31937.0 39629.0
32013.0 39572.0
32934.0 39511.0
36108.0 39509.0
36184.0 39385.0
39358.0 39383.0
39434.0 39326.0
40355.0 39278.0
43605.0 39152.0
51026.0 39070.0

16023.0 42520.0
16156.0 42239.0
16515.0 41534.0
16595.0 41302.0
17095.0 41239.0
17171.0 40896.0
18092.0 40466.0
18545.0 40444.0
18596.0 40337.0
19912.0 40313.0
21266.0 40312.0
21342.0 40064.0
21708.0 39975.0
24592.0 39915.0
24820.0 39884.0
25513.0 39782.0
28763.0 39678.0
32013.0 39573.0
36184.0 39536.0
39434.0 39409.0
43605.0 39371.0

16023.0 42520.0
16156.0 42239.0
16515.0 41534.0
16595.0 41302.0
17095.0 41239.0
17171.0 40896.0
18092.0 40466.0
18545.0 40444.0
18596.0 40337.0
19912.0 40313.0
21266.0 40312.0
21342.0 40064.0
21708.0 39975.0
24592.0 39915.0
24820.0 39884.0
25513.0 39782.0
28763.0 39678.0
32013.0 39573.0
36184.0 39536.0
39434.0 39392.0
43605.0 39371.0

16023.0 42404.0
16156.0 42111.0
16515.0 41534.0
16595.0 41302.0
17095.0 41239.0
17171.0 40896.0
18092.0 40466.0
18545.0 40444.0
18596.0 40337.0
19912.0 40313.0
21266.0 40310.0
21342.0 40064.0
21708.0 39975.0
24592.0 39915.0
24820.0 39884.0
25513.0 39758.0
28763.0 39678.0
32013.0 39573.0
36184.0 39536.0
39434.0 39409.0
43605.0 39371.0

16023.0 42520.0
16156.0 42239.0
16515.0 41534.0
16595.0 41302.0
17095.0 41239.0
17171.0 40896.0
18092.0 40466.0
18545.0 40444.0
18596.0 40337.0
19912.0 40313.0
21266.0 40312.0
21342.0 40064.0
21708.0 39975.0
24516.0 39974.0
24592.0 39915.0
24820.0 39884.0
25513.0 39782.0
27894.0 39781.0
28687.0 39757.0
28763.0 39656.0
31937.0 39629.0
32013.0 39573.0
36184.0 39410.0
39358.0 39385.0
42608.0 39384.0
43605.0 39371.0

16023.0 42457.0
16156.0 41999.0
16515.0 41534.0
16595.0 41120.0
17171.0 40896.0
18092.0 40466.0
18545.0 40444.0
18596.0 40337.0
19912.0 40313.0
21266.0 40310.0
21342.0 40064.0
21708.0 39975.0
24592.0 39915.0
24820.0 39884.0
25513.0 39758.0
28687.0 39757.0
28763.0 39678.0
32013.0 39572.0
32934.0 39536.0
39434.0 39409.0
43605.0 39371.0

16023.0 42457.0
16156.0 42176.0
16515.0 41534.0
16595.0 41302.0
17095.0 41239.0
17171.0 40896.0
18092.0 40466.0
18545.0 40444.0
18596.0 40337.0
19912.0 40313.0
21266.0 40312.0
21342.0 40064.0
21708.0 39975.0
24516.0 39972.0
24592.0 39915.0
24820.0 39884.0
25513.0 39782.0
28763.0 39632.0
32013.0 39573.0
35187.0 39570.0
36184.0 39536.0
39434.0 39327.0

16023.0 42457.0
16156.0 42176.0
16515.0 41534.0
16595.0 41168.0
17095.0 41069.0
17171.0 40744.0
18092.0 40466.0
18545.0 40444.0
18596.0 40337.0
19912.0 40313.0
21266.0 40312.0
21342.0 40064.0
21708.0 39975.0
24516.0 39972.0
24592.0 39915.0
24820.0 39865.0
25513.0 39782.0
27843.0 39765.0
28763.0 39632.0
32013.0 39573.0
32934.0 39536.0
39434.0 39327.0

16023.0 42457.0
16156.0 42176.0
16515.0 41534.0
16595.0 41168.0
17095.0 41069.0
17171.0 40744.0
18092.0 40466.0
18545.0 40444.0
18596.0 40337.0
19912.0 40313.0
21266.0 40312.0
21342.0 40064.0
21708.0 39975.0
24516.0 39972.0
24592.0 39915.0
24820.0 39865.0
25513.0 39758.0
28687.0 39757.0
28763.0 39632.0
32013.0 39573.0
32934.0 39549.0
36184.0 39410.0
39434.0 39327.0
40355.0 39303.0
43605.0 39177.0
46855.0 39118.0

16023.0 42457.0
16156.0 42176.0
16515.0 41534.0
16595.0 41241.0
17095.0 41239.0
17171.0 40896.0
18092.0 40466.0
18545.0 40444.0
18596.0 40337.0
19912.0 40313.0
21266.0 40310.0
21342.0 40064.0
21708.0 39975.0
24516.0 39972.0
24592.0 39915.0
24820.0 39865.0
25513.0 39758.0
28687.0 39755.0
28763.0 39632.0
31937.0 39629.0
32013.0 39573.0
32934.0 39536.0
36184.0 39502.0
38858.0 39448.0
39434.0 39327.0

16023.0 42404.0
16156.0 42123.0
16515.0 41328.0
16595.0 41096.0
17095.0 41033.0
17171.0 40829.0
18092.0 40466.0
18545.0 40444.0
18596.0 40337.0
19912.0 40313.0
21266.0 40310.0
21342.0 40064.0
21708.0 39975.0
24516.0 39972.0
24592.0 39915.0
24820.0 39884.0
25513.0 39758.0
28687.0 39755.0
28763.0 39631.0
32013.0 39572.0
32934.0 39512.0
36184.0 39386.0
39358.0 39385.0
39434.0 39327.0
40355.0 39279.0
43605.0 39153.0
46855.0 39094.0


