18092.0 122968.0
18545.0 122834.0
18596.0 121496.0
19946.0 121472.0
21266.0 121429.0
21342.0 120541.0
21708.0 120201.0
24516.0 120200.0
24592.0 119983.0
24820.0 119881.0
27766.0 119880.0
27842.0 119821.0
27913.0 119734.0
28763.0 119226.0
31937.0 119224.0
32013.0 119093.0
32934.0 118858.0
36184.0 118350.0
39434.0 118188.0
40355.0 118081.0
43605.0 117955.0

18092.0 124622.0
18545.0 124235.0
18596.0 121988.0
18615.0 121701.0
19912.0 121403.0
20387.0 121363.0
21266.0 121360.0
21342.0 120975.0
21708.0 120530.0
22263.0 120528.0
24592.0 120492.0
24750.0 120474.0
25513.0 120055.0
28687.0 120053.0
28763.0 119496.0
32934.0 119185.0
36184.0 119103.0
40355.0 119046.0

18092.0 123643.0
18545.0 123464.0
18596.0 121594.0
19912.0 121403.0
20387.0 121363.0
21266.0 121360.0
21342.0 120975.0
21708.0 120508.0
24516.0 120507.0
24592.0 120492.0
24750.0 120474.0
25513.0 119987.0
28763.0 119475.0
32934.0 119163.0
36184.0 119081.0
40355.0 119024.0

17945.0 125804.0
18092.0 123197.0
18596.0 121570.0
19912.0 121403.0
20387.0 121363.0
21266.0 121360.0
21342.0 120935.0
21708.0 120508.0
22263.0 120456.0
24592.0 120420.0
24750.0 120400.0
25513.0 119987.0
28763.0 119475.0
32934.0 119163.0
36184.0 119081.0
40355.0 119024.0

18092.0 123643.0
18545.0 123464.0
18596.0 121594.0
18615.0 121451.0
19912.0 121403.0
20387.0 121363.0
21266.0 121360.0
21342.0 120975.0
21708.0 120508.0
24516.0 120507.0
24592.0 120485.0
24750.0 120450.0
24820.0 120344.0
25513.0 119987.0
28763.0 119475.0
32934.0 119163.0
36184.0 119081.0
40355.0 119024.0

18092.0 123643.0
18545.0 123337.0
18596.0 121586.0
18615.0 121548.0
19912.0 121403.0
20387.0 121363.0
21266.0 121360.0
21342.0 120975.0
21708.0 120508.0
24516.0 120507.0
24592.0 120492.0
24750.0 120474.0
24801.0 120401.0
25513.0 119991.0
28763.0 119475.0
32934.0 119163.0
36184.0 119081.0
40355.0 119024.0

18092.0 123643.0
18545.0 123464.0
18596.0 121911.0
18615.0 121701.0
19912.0 121403.0
20387.0 121363.0
21266.0 121360.0
21342.0 120772.0
21708.0 120508.0
24516.0 120507.0
24592.0 120492.0
24750.0 120474.0
24801.0 120401.0
25513.0 120032.0
28763.0 119354.0
32934.0 119163.0
36184.0 119081.0
40355.0 119024.0

18092.0 123643.0
18545.0 123464.0
18596.0 121911.0
18615.0 121451.0
19912.0 121403.0
20387.0 121363.0
21266.0 121360.0
21342.0 120975.0
21689.0 120913.0
21708.0 120508.0
24516.0 120507.0
24592.0 120492.0
24750.0 120474.0
25513.0 120032.0
28763.0 119475.0
32934.0 119163.0
36184.0 119081.0
40355.0 119024.0

18092.0 123643.0
18545.0 123464.0
18596.0 121594.0
18615.0 121451.0
19912.0 121403.0
20387.0 121363.0
21266.0 121360.0
21342.0 120975.0
21708.0 120508.0
24516.0 120507.0
24592.0 120492.0
24750.0 120474.0
25513.0 119987.0
28763.0 119475.0
32934.0 119163.0
36184.0 119081.0
40355.0 119024.0

18092.0 123643.0
18447.0 123127.0
18596.0 121681.0
19112.0 121657.0
19912.0 121403.0
20387.0 121363.0
21266.0 121360.0
21342.0 120869.0
21708.0 120508.0
22263.0 120464.0
24592.0 120434.0
24731.0 120331.0
25513.0 120015.0
28763.0 119475.0
32934.0 119163.0
36184.0 119081.0
40355.0 119024.0

18092.0 124518.0
18545.0 123337.0
18596.0 121988.0
18615.0 121701.0
18787.0 121672.0
19587.0 121602.0
19912.0 121403.0
20387.0 121363.0
21266.0 121359.0
21342.0 120953.0
21708.0 120490.0
24516.0 120489.0
24592.0 120404.0
24782.0 120386.0
24801.0 120349.0
25513.0 120013.0
28763.0 119454.0
31937.0 119302.0
32013.0 119296.0
32934.0 119163.0
36184.0 118918.0
40355.0 118397.0


