18092.0 123565.0
18596.0 122557.0
18615.0 122303.0
19912.0 122279.0
20421.0 121900.0
21342.0 121625.0
21657.0 121576.0
21708.0 121135.0
22263.0 120581.0
24592.0 120502.0
24750.0 120467.0
24801.0 120350.0
24820.0 120283.0
25513.0 119842.0
27913.0 119841.0
28687.0 119814.0
28763.0 119693.0
31937.0 119579.0
32013.0 119453.0
32934.0 119369.0
34687.0 119295.0
35187.0 119058.0
36184.0 118671.0
42608.0 118634.0
43605.0 118628.0
46855.0 118538.0
50105.0 118531.0

18092.0 123763.0
18545.0 123533.0
18596.0 122487.0
18615.0 121678.0
21266.0 121635.0
21342.0 121032.0
21708.0 120789.0
24750.0 120726.0
25513.0 120450.0
28763.0 120438.0
31937.0 120173.0
36184.0 119618.0
39434.0 119361.0

18092.0 123763.0
18545.0 123533.0
18596.0 122487.0
18615.0 121678.0
21266.0 121635.0
21342.0 121032.0
21708.0 120416.0
27913.0 120365.0
28763.0 120073.0
32013.0 120030.0
36184.0 119548.0
39434.0 119361.0

18092.0 123460.0
18545.0 122542.0
18596.0 122487.0
18615.0 121678.0
21266.0 121635.0
21342.0 121032.0
21708.0 120416.0
25513.0 120375.0
27913.0 120365.0
28763.0 119997.0
32013.0 119927.0
32934.0 119875.0
35263.0 119868.0
36184.0 119548.0
39434.0 119361.0

18092.0 123763.0
18545.0 122995.0
18596.0 122487.0
18615.0 121678.0
21266.0 121635.0
21342.0 121032.0
21708.0 120416.0
27913.0 120365.0
28763.0 120073.0
32013.0 120030.0
36184.0 119618.0
39434.0 119361.0

18092.0 123763.0
18545.0 123533.0
18596.0 122487.0
18615.0 121678.0
21266.0 121635.0
21342.0 121032.0
21708.0 120416.0
27913.0 120365.0
28763.0 119796.0
31937.0 119654.0
36184.0 119381.0
39434.0 119361.0

18092.0 123763.0
18545.0 123533.0
18596.0 122487.0
18615.0 121678.0
21266.0 121635.0
21342.0 121032.0
21708.0 120416.0
27913.0 120365.0
28763.0 120073.0
32013.0 120030.0
36184.0 119618.0
39434.0 119361.0

18092.0 123763.0
18545.0 123106.0
18596.0 122487.0
18615.0 121678.0
21266.0 121635.0
21342.0 121032.0
21708.0 120416.0
27913.0 120365.0
28763.0 119577.0
36184.0 119125.0
43605.0 118880.0

18092.0 123763.0
18545.0 122995.0
18596.0 122487.0
18615.0 121678.0
21266.0 121635.0
21342.0 121032.0
21708.0 120416.0
27913.0 120365.0
28763.0 120073.0
32013.0 120030.0
36184.0 119618.0
39434.0 119361.0

18092.0 123763.0
18545.0 122398.0
18596.0 122134.0
18615.0 121678.0
21266.0 121635.0
21342.0 121032.0
21708.0 120416.0
27913.0 120365.0
28687.0 120212.0
28763.0 120073.0
31437.0 120025.0
32934.0 119793.0
36184.0 119548.0
39434.0 119361.0

18092.0 123763.0
18545.0 123533.0
18596.0 122487.0
18615.0 121678.0
21266.0 121635.0
21342.0 121032.0
21708.0 120416.0
27913.0 120365.0
28763.0 119803.0
29684.0 119681.0
31937.0 119579.0
32934.0 119183.0
36184.0 118653.0


