26887.0 254857.0
28087.0 254154.0
28187.0 252732.0
31658.0 248288.0
32597.0 244675.0
32936.0 241205.0

26887.0 254857.0
28087.0 254154.0
28187.0 252732.0
31658.0 248288.0
32597.0 244675.0
32936.0 241205.0

26887.0 254857.0
28087.0 254154.0
28187.0 252732.0
31658.0 248288.0
32597.0 244675.0
32936.0 241205.0

26887.0 254857.0
28087.0 254154.0
28187.0 252732.0
31658.0 248288.0
32597.0 244675.0
32936.0 241205.0

26887.0 254857.0
28087.0 254154.0
28187.0 252732.0
31658.0 248288.0
32597.0 244675.0
32936.0 241205.0

26887.0 254857.0
28087.0 254154.0
28187.0 252732.0
31658.0 248288.0
32597.0 244675.0
32936.0 241205.0

26887.0 254857.0
28087.0 254154.0
28187.0 252732.0
31658.0 248288.0
32597.0 244675.0
32936.0 241205.0

26887.0 254857.0
28087.0 254154.0
28187.0 252732.0
31658.0 248288.0
32597.0 244675.0
32936.0 241205.0

26887.0 254857.0
28087.0 254154.0
28187.0 252732.0
31658.0 248288.0
32597.0 244675.0
32936.0 241205.0

26887.0 254857.0
28087.0 254154.0
28187.0 252732.0
31658.0 248288.0
32597.0 244675.0
32936.0 241205.0

26887.0 254857.0
28087.0 254154.0
28187.0 252732.0
31658.0 248288.0
32597.0 244675.0
32936.0 241205.0


