18596.0 132852.0
18615.0 124758.0
19146.0 123922.0
19946.0 123902.0
20387.0 123721.0
21190.0 123699.0
21266.0 123397.0
21342.0 122610.0
21708.0 122552.0
22263.0 121293.0
24750.0 121144.0
25513.0 120626.0
30136.0 120257.0
32013.0 120223.0

18596.0 132852.0
18615.0 124758.0
19146.0 123922.0
19946.0 123902.0
20387.0 123721.0
21190.0 123699.0
21266.0 123397.0
21342.0 122610.0
21708.0 122552.0
22263.0 121293.0
24750.0 121144.0
25513.0 120626.0
30136.0 120257.0
32013.0 120223.0

18596.0 132852.0
18615.0 124758.0
19146.0 123922.0
19946.0 123902.0
20387.0 123721.0
21190.0 123699.0
21266.0 123397.0
21342.0 122610.0
21708.0 122552.0
22263.0 121293.0
24750.0 121144.0
25513.0 120626.0
30136.0 120257.0
32013.0 120223.0

18596.0 132852.0
18615.0 124758.0
19146.0 123922.0
19946.0 123902.0
20387.0 123721.0
21190.0 123699.0
21266.0 123397.0
21342.0 122610.0
21708.0 122552.0
22263.0 121293.0
24750.0 121144.0
25513.0 120626.0
30136.0 120257.0
32013.0 120223.0

18596.0 132852.0
18615.0 124758.0
19146.0 123922.0
19946.0 123902.0
20387.0 123721.0
21190.0 123699.0
21266.0 123397.0
21342.0 122610.0
21708.0 122552.0
22263.0 121293.0
24750.0 121144.0
25513.0 120626.0
30136.0 120257.0
32013.0 120223.0

18596.0 132852.0
18615.0 124758.0
19146.0 123922.0
19946.0 123902.0
20387.0 123721.0
21190.0 123699.0
21266.0 123397.0
21342.0 122610.0
21708.0 122552.0
22263.0 121293.0
24750.0 121144.0
25513.0 120626.0
30136.0 120257.0
32013.0 120223.0

18596.0 132852.0
18615.0 124758.0
19146.0 123922.0
19946.0 123902.0
20387.0 123721.0
21190.0 123699.0
21266.0 123397.0
21342.0 122610.0
21708.0 122552.0
22263.0 121293.0
24750.0 121144.0
25513.0 120626.0
30136.0 120257.0
32013.0 120223.0

18596.0 132852.0
18615.0 124758.0
19146.0 123922.0
19946.0 123902.0
20387.0 123721.0
21190.0 123699.0
21266.0 123397.0
21342.0 122610.0
21708.0 122552.0
22263.0 121293.0
24750.0 121144.0
25513.0 120626.0
30136.0 120257.0
32013.0 120223.0

18596.0 132852.0
18615.0 124758.0
19146.0 123922.0
19946.0 123902.0
20387.0 123721.0
21190.0 123699.0
21266.0 123397.0
21342.0 122610.0
21708.0 122552.0
22263.0 121293.0
24750.0 121144.0
25513.0 120626.0
30136.0 120257.0
32013.0 120223.0

18596.0 132852.0
18615.0 124758.0
19146.0 123922.0
19946.0 123902.0
20387.0 123721.0
21190.0 123699.0
21266.0 123397.0
21342.0 122610.0
21708.0 122552.0
22263.0 121293.0
24750.0 121144.0
25513.0 120626.0
30136.0 120257.0
32013.0 120223.0

18596.0 132852.0
18615.0 124758.0
19146.0 123922.0
19946.0 123902.0
20387.0 123721.0
21190.0 123699.0
21266.0 123397.0
21342.0 122610.0
21708.0 122552.0
22263.0 121293.0
24750.0 121144.0
25513.0 120626.0
30136.0 120257.0
32013.0 120223.0


