25513.0 244827.0
29599.0 242138.0
32934.0 242083.0
35584.0 234997.0

25513.0 244827.0
29599.0 242138.0
32934.0 242083.0
35584.0 234997.0

25513.0 244827.0
29599.0 242138.0
32934.0 242083.0
35584.0 234997.0

25513.0 244827.0
29599.0 242138.0
32934.0 242083.0
35584.0 234997.0

25513.0 244827.0
29599.0 242138.0
32934.0 242083.0
35584.0 234997.0

25513.0 244827.0
29599.0 242138.0
32934.0 242083.0
35584.0 234997.0

25513.0 244827.0
29599.0 242138.0
32934.0 242083.0
35584.0 234997.0

25513.0 244827.0
29599.0 242138.0
32934.0 242083.0
35584.0 234997.0

25513.0 244827.0
29599.0 242138.0
32934.0 242083.0
35584.0 234997.0

25513.0 244827.0
29599.0 242138.0
32934.0 242083.0
35584.0 234997.0

25513.0 244827.0
29599.0 242138.0
32934.0 242083.0
35584.0 234997.0


