16515.0 46575.0
16675.0 43926.0
16816.0 42487.0
16990.0 41423.0
17516.0 41191.0
18016.0 41110.0
18092.0 40466.0
18545.0 40444.0
18596.0 40353.0
21266.0 40310.0
21342.0 40294.0
21708.0 40187.0
24801.0 40105.0
25513.0 39798.0
28687.0 39755.0
32934.0 39565.0
36108.0 39564.0

16515.0 46575.0
16675.0 43926.0
16816.0 42487.0
16990.0 41423.0
17516.0 41191.0
18016.0 41110.0
18092.0 40466.0
18545.0 40444.0
18596.0 40353.0
21266.0 40310.0
21342.0 40294.0
21708.0 40187.0
24801.0 40105.0
25513.0 39798.0
28687.0 39755.0
32934.0 39565.0
36108.0 39564.0

16515.0 46575.0
16675.0 43926.0
16816.0 42487.0
16990.0 41423.0
17516.0 41191.0
18016.0 41110.0
18092.0 40466.0
18545.0 40444.0
18596.0 40353.0
21266.0 40310.0
21342.0 40294.0
21708.0 40187.0
24801.0 40105.0
25513.0 39798.0
28687.0 39755.0
32934.0 39565.0
36108.0 39564.0

16515.0 46575.0
16675.0 43926.0
16816.0 42487.0
16990.0 41423.0
17516.0 41191.0
18016.0 41110.0
18092.0 40466.0
18545.0 40444.0
18596.0 40353.0
21266.0 40310.0
21342.0 40294.0
21708.0 40187.0
24801.0 40105.0
25513.0 39798.0
28687.0 39755.0
32934.0 39565.0
36108.0 39564.0

16515.0 46575.0
16675.0 43926.0
16816.0 42487.0
16990.0 41423.0
17516.0 41191.0
18016.0 41110.0
18092.0 40466.0
18545.0 40444.0
18596.0 40353.0
21266.0 40310.0
21342.0 40294.0
21708.0 40187.0
24801.0 40105.0
25513.0 39798.0
28687.0 39755.0
32934.0 39565.0
36108.0 39564.0

16515.0 46575.0
16675.0 43926.0
16816.0 42487.0
16990.0 41423.0
17516.0 41191.0
18016.0 41110.0
18092.0 40466.0
18545.0 40444.0
18596.0 40353.0
21266.0 40310.0
21342.0 40294.0
21708.0 40187.0
24801.0 40105.0
25513.0 39798.0
28687.0 39755.0
32934.0 39565.0
36108.0 39564.0

16515.0 46575.0
16675.0 43926.0
16816.0 42487.0
16990.0 41423.0
17516.0 41191.0
18016.0 41110.0
18092.0 40466.0
18545.0 40444.0
18596.0 40353.0
21266.0 40310.0
21342.0 40294.0
21708.0 40187.0
24801.0 40105.0
25513.0 39798.0
28687.0 39755.0
32934.0 39565.0
36108.0 39564.0

16515.0 46575.0
16675.0 43926.0
16816.0 42487.0
16990.0 41423.0
17516.0 41191.0
18016.0 41110.0
18092.0 40466.0
18545.0 40444.0
18596.0 40353.0
21266.0 40310.0
21342.0 40294.0
21708.0 40187.0
24801.0 40105.0
25513.0 39798.0
28687.0 39755.0
32934.0 39565.0
36108.0 39564.0

16515.0 46575.0
16675.0 43926.0
16816.0 42487.0
16990.0 41423.0
17516.0 41191.0
18016.0 41110.0
18092.0 40466.0
18545.0 40444.0
18596.0 40353.0
21266.0 40310.0
21342.0 40294.0
21708.0 40187.0
24801.0 40105.0
25513.0 39798.0
28687.0 39755.0
32934.0 39565.0
36108.0 39564.0

16515.0 46575.0
16675.0 43926.0
16816.0 42487.0
16990.0 41423.0
17516.0 41191.0
18016.0 41110.0
18092.0 40466.0
18545.0 40444.0
18596.0 40353.0
21266.0 40310.0
21342.0 40294.0
21708.0 40187.0
24801.0 40105.0
25513.0 39798.0
28687.0 39755.0
32934.0 39565.0
36108.0 39564.0

16515.0 46575.0
16675.0 43926.0
16816.0 42487.0
16990.0 41423.0
17516.0 41191.0
18016.0 41110.0
18092.0 40466.0
18545.0 40444.0
18596.0 40353.0
21266.0 40310.0
21342.0 40294.0
21708.0 40187.0
24801.0 40105.0
25513.0 39798.0
28687.0 39755.0
32934.0 39565.0
36108.0 39564.0


