16515.0 42571.0
16816.0 41505.0
17326.0 41450.0
17516.0 41273.0
18016.0 41210.0
18092.0 40466.0
18545.0 40444.0
18596.0 40337.0
19912.0 40313.0
21266.0 40310.0
21342.0 40064.0
21708.0 39975.0
24516.0 39972.0
24592.0 39915.0
24820.0 39865.0
27766.0 39862.0
27842.0 39829.0
28763.0 39631.0
31937.0 39628.0
32013.0 39572.0
35187.0 39569.0
35263.0 39537.0
36184.0 39385.0
39434.0 39326.0
42684.0 39291.0
43605.0 39153.0
46855.0 39093.0
50105.0 39058.0

16023.0 44898.0
16515.0 43361.0
16816.0 41687.0
16956.0 41576.0
16990.0 41423.0
17516.0 41182.0
18016.0 41083.0
18092.0 40466.0
18545.0 40444.0
18596.0 40337.0
21266.0 40312.0
21342.0 40211.0
21708.0 39999.0
24801.0 39998.0
25513.0 39782.0
28763.0 39702.0
31937.0 39677.0
32934.0 39536.0
36108.0 39511.0

16023.0 44898.0
16515.0 43361.0
16816.0 41687.0
16956.0 41576.0
16990.0 41423.0
17516.0 41182.0
18016.0 41083.0
18092.0 40466.0
18545.0 40444.0
18596.0 40337.0
19912.0 40313.0
21266.0 40310.0
21342.0 40187.0
21708.0 39975.0
25513.0 39782.0
28763.0 39632.0
32934.0 39512.0
36108.0 39511.0
36184.0 39399.0

16023.0 44898.0
16515.0 43361.0
16816.0 41687.0
16956.0 41576.0
16990.0 41423.0
17516.0 41182.0
18016.0 41083.0
18092.0 40466.0
18545.0 40444.0
18596.0 40337.0
19912.0 40313.0
21266.0 40310.0
21342.0 40104.0
21708.0 39975.0
24592.0 39956.0
24820.0 39905.0
25513.0 39758.0
28763.0 39656.0
32934.0 39512.0
36108.0 39511.0
36184.0 39399.0

16023.0 44898.0
16515.0 43361.0
16816.0 41687.0
16956.0 41576.0
16990.0 41423.0
17516.0 41182.0
18016.0 41083.0
18092.0 40466.0
18545.0 40444.0
18596.0 40337.0
19912.0 40313.0
21266.0 40310.0
21342.0 40187.0
21708.0 39975.0
25513.0 39782.0
28763.0 39656.0
32934.0 39512.0
36108.0 39511.0
36184.0 39399.0

16023.0 44898.0
16156.0 44455.0
16515.0 43361.0
16816.0 41687.0
16956.0 41576.0
16990.0 41423.0
17516.0 41182.0
18016.0 41083.0
18092.0 40466.0
18545.0 40444.0
18596.0 40337.0
19912.0 40313.0
21266.0 40312.0
21342.0 40104.0
21708.0 39975.0
24592.0 39956.0
25513.0 39782.0
28763.0 39656.0
32934.0 39512.0
36108.0 39511.0
36184.0 39399.0

16023.0 44898.0
16515.0 43361.0
16816.0 41687.0
16956.0 41576.0
16990.0 41423.0
17516.0 41182.0
18016.0 41083.0
18092.0 40466.0
18545.0 40444.0
18596.0 40337.0
19912.0 40313.0
21266.0 40312.0
21342.0 40187.0
21708.0 39975.0
25513.0 39782.0
28763.0 39632.0
32934.0 39512.0
36108.0 39511.0
36184.0 39399.0

16023.0 44898.0
16156.0 44455.0
16515.0 41395.0
16595.0 41163.0
17095.0 41082.0
18092.0 40466.0
18545.0 40444.0
18596.0 40337.0
19912.0 40313.0
21266.0 40310.0
21342.0 40104.0
21708.0 39975.0
24516.0 39974.0
24592.0 39940.0
25513.0 39758.0
28687.0 39757.0
28763.0 39632.0
32013.0 39613.0
32934.0 39512.0
36108.0 39511.0
36184.0 39386.0
39434.0 39367.0

16023.0 44898.0
16515.0 43361.0
16816.0 41687.0
16956.0 41576.0
16990.0 41423.0
17516.0 41182.0
18016.0 41083.0
18092.0 40466.0
18545.0 40444.0
18596.0 40337.0
19912.0 40313.0
21266.0 40312.0
21342.0 40187.0
21708.0 39975.0
25513.0 39782.0
28763.0 39632.0
32934.0 39512.0
36108.0 39511.0
36184.0 39399.0

16023.0 44898.0
16156.0 41995.0
16595.0 41763.0
16816.0 41687.0
16956.0 41576.0
16990.0 41396.0
17516.0 41164.0
18016.0 41083.0
18092.0 40466.0
18545.0 40444.0
18596.0 40337.0
19912.0 40313.0
21266.0 40312.0
21342.0 40104.0
21708.0 39975.0
24516.0 39974.0
24592.0 39956.0
25513.0 39758.0
28763.0 39632.0
32934.0 39512.0
36108.0 39511.0
36184.0 39386.0

16023.0 42670.0
16156.0 42227.0
16595.0 41995.0
16816.0 41687.0
16956.0 41576.0
16990.0 41396.0
17516.0 41164.0
18016.0 41083.0
18092.0 40466.0
18545.0 40444.0
18596.0 40337.0
19912.0 40313.0
21266.0 40310.0
21342.0 40064.0
21708.0 39975.0
24516.0 39972.0
24592.0 39916.0
24820.0 39865.0
25513.0 39758.0
27894.0 39757.0
28687.0 39754.0
28763.0 39632.0
31937.0 39628.0
32013.0 39573.0
32934.0 39511.0
36184.0 39385.0
39434.0 39327.0
40355.0 39279.0
43529.0 39278.0
43605.0 39153.0
51026.0 39071.0


