18856.0 214614.0
19946.0 212724.0
20066.0 211956.0
20238.0 211647.0
20766.0 207857.0
21342.0 204647.0
21708.0 203492.0
23950.0 203143.0
24016.0 202327.0
24516.0 202261.0
24592.0 201935.0
24801.0 201934.0
24820.0 201890.0
25513.0 201673.0
28687.0 201576.0
28763.0 200212.0
36184.0 199771.0
39358.0 199737.0

18615.0 208067.0
18671.0 207346.0
20421.0 207177.0
20838.0 204586.0
21266.0 204394.0
21342.0 203822.0
22461.0 203053.0
24516.0 202949.0
24592.0 202677.0
24801.0 202458.0
24820.0 202304.0
28763.0 202135.0
39434.0 201361.0

18615.0 207997.0
18671.0 207346.0
20421.0 207177.0
20838.0 204457.0
21266.0 204394.0
21342.0 203822.0
22461.0 203053.0
24516.0 202949.0
24592.0 202677.0
24801.0 202458.0
24820.0 202304.0
28763.0 202135.0
39434.0 201361.0

18596.0 210765.0
18615.0 207016.0
20387.0 206887.0
20838.0 204457.0
21266.0 204394.0
21342.0 203822.0
22263.0 203803.0
22461.0 203053.0
23950.0 202856.0
24592.0 202677.0
24801.0 202458.0
24820.0 202304.0
28763.0 202135.0
39434.0 201361.0

18615.0 207997.0
18671.0 207346.0
19146.0 207223.0
19505.0 206525.0
20345.0 206477.0
20838.0 204586.0
21266.0 204394.0
21342.0 203822.0
22263.0 203221.0
22461.0 203053.0
23950.0 202856.0
24592.0 202677.0
24801.0 202458.0
24820.0 202304.0
28763.0 202135.0
31937.0 201680.0
39434.0 201361.0

18615.0 208067.0
18671.0 207346.0
18856.0 206997.0
19505.0 206200.0
20345.0 206139.0
20838.0 204586.0
21266.0 204394.0
21342.0 203822.0
22263.0 203803.0
22461.0 203053.0
23950.0 202856.0
24592.0 202677.0
24801.0 202458.0
24820.0 202304.0
28763.0 202135.0
39434.0 201361.0

18615.0 207997.0
18671.0 207346.0
19946.0 206634.0
20838.0 204586.0
21266.0 204394.0
21342.0 203822.0
21708.0 202882.0
23950.0 202811.0
24516.0 202568.0
24592.0 202509.0
24801.0 202458.0
24820.0 202304.0
28763.0 201963.0
36184.0 201341.0

18615.0 207997.0
18671.0 207346.0
19471.0 207295.0
20421.0 207177.0
20838.0 204457.0
21266.0 204394.0
21342.0 203822.0
22461.0 203053.0
23950.0 202811.0
24592.0 202659.0
24801.0 202458.0
24820.0 202304.0
28763.0 201955.0
36184.0 201690.0
39434.0 201361.0
46779.0 201245.0

18615.0 206957.0
20766.0 206693.0
20838.0 204586.0
21266.0 204394.0
21342.0 203372.0
22461.0 203053.0
23950.0 202811.0
24592.0 202659.0
24801.0 202458.0
24820.0 202304.0
28763.0 202130.0
36184.0 201535.0
39434.0 201361.0

18615.0 207997.0
18671.0 207346.0
20066.0 206372.0
20438.0 206005.0
20838.0 204586.0
21266.0 204394.0
21342.0 203822.0
22263.0 203792.0
22461.0 203053.0
23950.0 202811.0
24592.0 202516.0
24801.0 202458.0
24820.0 202304.0
28763.0 202130.0
39434.0 201361.0

18596.0 207547.0
18615.0 205355.0
20838.0 204586.0
21266.0 204394.0
21342.0 202766.0
21689.0 202763.0
21708.0 201202.0
24801.0 200487.0
24820.0 200142.0
27913.0 199766.0
30940.0 199375.0
49032.0 199092.0
56453.0 197721.0


