18092.0 124196.0
18596.0 122280.0
18615.0 122086.0
19471.0 121966.0
19912.0 121896.0
21266.0 121893.0
21342.0 120983.0
21657.0 120967.0
21708.0 120894.0
24516.0 120869.0
24592.0 120835.0
24801.0 120590.0
24820.0 120327.0
25513.0 119787.0
27690.0 119762.0
28763.0 119659.0
31437.0 119561.0
31937.0 119444.0
32934.0 118932.0
37105.0 118907.0
39434.0 118901.0
40355.0 118602.0
46855.0 118596.0

17996.0 126670.0
18016.0 126148.0
18589.0 125468.0
18596.0 122934.0
18615.0 122562.0
19112.0 122353.0
19946.0 122346.0
20787.0 122345.0
21266.0 121929.0
21342.0 121363.0
21708.0 121151.0
24516.0 121021.0
24592.0 120765.0
24801.0 120579.0
28687.0 120525.0
28763.0 120254.0
32013.0 119694.0
35187.0 119692.0
39434.0 119484.0

17996.0 126670.0
18016.0 126148.0
18545.0 124119.0
18596.0 122746.0
18615.0 122216.0
20345.0 122145.0
21266.0 121790.0
21342.0 121268.0
21708.0 121082.0
24516.0 121021.0
24592.0 120483.0
28763.0 119972.0
32013.0 119694.0
35187.0 119692.0
36184.0 119475.0
39434.0 119395.0
43605.0 119228.0
46855.0 119172.0

17996.0 126670.0
18016.0 126148.0
18545.0 123726.0
18596.0 122934.0
18615.0 122562.0
19112.0 122353.0
19912.0 122283.0
19946.0 122276.0
20345.0 122065.0
21266.0 121860.0
21342.0 121254.0
21638.0 121011.0
21708.0 120799.0
24516.0 120778.0
24592.0 120483.0
24801.0 120367.0
27766.0 120359.0
28763.0 119972.0
31937.0 119911.0
32013.0 119694.0
35187.0 119692.0
36184.0 119615.0
39434.0 119395.0
43605.0 119227.0
46855.0 119191.0

17996.0 126670.0
18016.0 126148.0
18545.0 124119.0
18596.0 122746.0
18615.0 122146.0
19946.0 122103.0
20345.0 121748.0
21342.0 121281.0
21638.0 121253.0
21708.0 121041.0
24516.0 121020.0
24592.0 120483.0
24750.0 120461.0
24820.0 120414.0
27766.0 120398.0
28763.0 119972.0
32013.0 119694.0
35187.0 119692.0
36184.0 119678.0
39434.0 119162.0
46855.0 118929.0

17996.0 126670.0
18016.0 126148.0
18092.0 124725.0
18545.0 122649.0
18596.0 122323.0
18615.0 122300.0
19112.0 122128.0
19845.0 122058.0
19912.0 121996.0
20345.0 121995.0
20421.0 121960.0
21266.0 121929.0
21342.0 121122.0
21708.0 121026.0
24016.0 121019.0
24516.0 120936.0
24592.0 120721.0
24801.0 120528.0
28687.0 120525.0
28763.0 119931.0
31937.0 119930.0
32013.0 119656.0
36184.0 119588.0
39434.0 119162.0
46855.0 118929.0

17996.0 126670.0
18016.0 126148.0
18545.0 123726.0
18596.0 122934.0
18615.0 122216.0
19845.0 122207.0
19912.0 122145.0
20345.0 122144.0
21266.0 121790.0
21342.0 121294.0
21638.0 121253.0
21708.0 121041.0
23950.0 120918.0
24592.0 120483.0
24750.0 120461.0
27766.0 120421.0
28763.0 119972.0
32013.0 119694.0
35187.0 119692.0
39434.0 119484.0

17996.0 126670.0
18016.0 126148.0
18545.0 123726.0
18596.0 122934.0
18615.0 122216.0
19845.0 122208.0
20345.0 122145.0
20838.0 121909.0
21266.0 121790.0
21342.0 121294.0
21638.0 121274.0
21708.0 120940.0
23950.0 120918.0
24592.0 120462.0
27766.0 120421.0
28763.0 119972.0
31937.0 119951.0
32013.0 119694.0
35187.0 119692.0
39434.0 119484.0

17996.0 126670.0
18016.0 126148.0
18545.0 123726.0
18596.0 122934.0
18615.0 122161.0
20345.0 122144.0
21266.0 121790.0
21342.0 121294.0
21638.0 121253.0
21708.0 121041.0
23950.0 120918.0
24592.0 120483.0
24750.0 120461.0
27766.0 120421.0
28763.0 119972.0
32013.0 119694.0
35187.0 119692.0
39434.0 119484.0

17745.0 126622.0
18016.0 126148.0
18545.0 123726.0
18596.0 122651.0
18615.0 122087.0
19912.0 122007.0
20345.0 121936.0
20766.0 121751.0
21266.0 121581.0
21342.0 121219.0
21638.0 121217.0
21708.0 121041.0
23950.0 120918.0
24592.0 120483.0
24750.0 120461.0
27766.0 120421.0
28763.0 119972.0
32013.0 119694.0
35187.0 119692.0
39434.0 119484.0

17745.0 126622.0
18016.0 126148.0
18092.0 123103.0
18596.0 122488.0
18615.0 122082.0
19112.0 122047.0
19845.0 122039.0
19912.0 121977.0
20345.0 121976.0
20766.0 121720.0
21266.0 121621.0
21342.0 121254.0
21638.0 121253.0
21657.0 121202.0
21708.0 121041.0
24516.0 121020.0
24592.0 120483.0
24750.0 120461.0
27913.0 119518.0
39434.0 119484.0


