16816.0 41752.0
16990.0 41633.0
17516.0 41419.0
18016.0 41320.0
18092.0 40618.0
18526.0 40596.0
18596.0 40337.0
19912.0 40313.0
21266.0 40310.0
21342.0 40064.0
21708.0 39975.0
24516.0 39974.0
24592.0 39916.0
25513.0 39758.0
27894.0 39757.0
28763.0 39631.0
32934.0 39511.0
36184.0 39386.0
40355.0 39343.0

16023.0 44898.0
16515.0 43361.0
16816.0 41687.0
16956.0 41576.0
16990.0 41423.0
17516.0 41182.0
18016.0 41083.0
18092.0 40466.0
18545.0 40444.0
18596.0 40337.0
21266.0 40312.0
21342.0 40211.0
21708.0 39999.0
24801.0 39998.0
25513.0 39782.0
28763.0 39702.0
31937.0 39677.0
32934.0 39536.0
36108.0 39511.0

16023.0 44898.0
16515.0 43361.0
16816.0 41687.0
16956.0 41576.0
16990.0 41423.0
17516.0 41182.0
18016.0 41083.0
18092.0 40466.0
18545.0 40444.0
18596.0 40337.0
21266.0 40312.0
21342.0 40211.0
21708.0 39999.0
24801.0 39998.0
25513.0 39782.0
28763.0 39702.0
31937.0 39677.0
32934.0 39536.0
36108.0 39511.0

16023.0 44898.0
16156.0 44455.0
16515.0 43361.0
16816.0 41687.0
16956.0 41576.0
16990.0 41423.0
17516.0 41182.0
18016.0 41083.0
18092.0 40466.0
18545.0 40444.0
18596.0 40337.0
21266.0 40312.0
21342.0 40211.0
21708.0 39999.0
24801.0 39995.0
25513.0 39782.0
28687.0 39779.0
28763.0 39702.0
31937.0 39677.0
32934.0 39536.0
36108.0 39511.0

16023.0 44898.0
16515.0 43361.0
16816.0 41687.0
16956.0 41576.0
16990.0 41423.0
17516.0 41182.0
18016.0 41083.0
18092.0 40466.0
18545.0 40444.0
18596.0 40337.0
19912.0 40313.0
21266.0 40312.0
21342.0 40187.0
21708.0 39975.0
25513.0 39782.0
28763.0 39656.0
32934.0 39512.0
36108.0 39511.0
36184.0 39399.0

16023.0 44898.0
16156.0 44455.0
16515.0 43361.0
16816.0 41687.0
16956.0 41576.0
16990.0 41423.0
17516.0 41182.0
18016.0 41083.0
18092.0 40466.0
18545.0 40444.0
18596.0 40337.0
19912.0 40313.0
21266.0 40312.0
21342.0 40187.0
21708.0 39975.0
25513.0 39782.0
28763.0 39632.0
32934.0 39512.0
36108.0 39511.0
36184.0 39386.0

16023.0 44898.0
16515.0 43361.0
16816.0 41687.0
16956.0 41576.0
16990.0 41423.0
17516.0 41182.0
18016.0 41083.0
18092.0 40466.0
18545.0 40444.0
18596.0 40337.0
19912.0 40313.0
21266.0 40312.0
21342.0 40187.0
21708.0 39975.0
25513.0 39782.0
28763.0 39632.0
32934.0 39512.0
36108.0 39511.0
36184.0 39399.0

16023.0 44898.0
16515.0 41328.0
16595.0 41096.0
17095.0 41033.0
18092.0 40466.0
18545.0 40444.0
18596.0 40337.0
19912.0 40313.0
21266.0 40312.0
21342.0 40187.0
21708.0 39975.0
24516.0 39974.0
25513.0 39758.0
28763.0 39632.0
32934.0 39512.0
36108.0 39511.0
36184.0 39386.0

16023.0 44898.0
16515.0 43361.0
16816.0 41687.0
16956.0 41576.0
16990.0 41423.0
17516.0 41182.0
18016.0 41083.0
18092.0 40466.0
18545.0 40444.0
18596.0 40337.0
19912.0 40313.0
21266.0 40312.0
21342.0 40187.0
21708.0 39975.0
25513.0 39782.0
28763.0 39632.0
32934.0 39512.0
36108.0 39511.0
36184.0 39399.0

16023.0 44898.0
16156.0 44455.0
16515.0 43361.0
16816.0 41687.0
16956.0 41576.0
16990.0 41396.0
17516.0 41164.0
18016.0 41083.0
18092.0 40466.0
18545.0 40444.0
18596.0 40337.0
19912.0 40313.0
21266.0 40312.0
21342.0 40187.0
21708.0 39975.0
24516.0 39974.0
25513.0 39782.0
28763.0 39632.0
32934.0 39512.0
36108.0 39511.0
36184.0 39399.0

16023.0 44898.0
16515.0 43361.0
16816.0 41687.0
16956.0 41576.0
16990.0 41396.0
17171.0 40921.0
18092.0 40466.0
18545.0 40444.0
18596.0 40337.0
19912.0 40313.0
21266.0 40312.0
21342.0 40187.0
21708.0 39975.0
24516.0 39974.0
25513.0 39758.0
28687.0 39757.0
28763.0 39632.0
31937.0 39631.0
32934.0 39512.0
36108.0 39511.0
36184.0 39386.0


