16023.0 44016.0
16122.0 43905.0
16156.0 43185.0
16571.0 42532.0
16922.0 42462.0
16956.0 41707.0
17095.0 41561.0
17171.0 41484.0
17745.0 41433.0
18092.0 40466.0
18545.0 40444.0
18596.0 40337.0
19912.0 40313.0
21266.0 40310.0
21342.0 40064.0
21708.0 39975.0
24516.0 39972.0
24592.0 39915.0
24820.0 39865.0
25513.0 39758.0
27894.0 39757.0
28763.0 39631.0
32013.0 39572.0
32934.0 39512.0
36184.0 39385.0
43605.0 39303.0

16515.0 41334.0
17171.0 40835.0
18092.0 40619.0
18545.0 40602.0
18596.0 40425.0
19912.0 40401.0
21266.0 40398.0
21342.0 40186.0
21708.0 40063.0
24516.0 40062.0
24592.0 39915.0
25513.0 39846.0
28763.0 39720.0
31937.0 39717.0
32013.0 39572.0
35187.0 39569.0
36184.0 39474.0
39358.0 39471.0
39434.0 39339.0
43605.0 39241.0

16515.0 41334.0
17171.0 40835.0
18092.0 40466.0
18545.0 40444.0
18596.0 40337.0
19912.0 40313.0
21266.0 40310.0
21342.0 40064.0
21708.0 39975.0
24592.0 39915.0
25513.0 39758.0
27894.0 39757.0
28763.0 39631.0
32013.0 39572.0
35187.0 39569.0
36184.0 39398.0
39434.0 39339.0
43605.0 39241.0

16515.0 41267.0
16595.0 41035.0
17095.0 40972.0
17171.0 40744.0
18092.0 40618.0
18526.0 40596.0
18596.0 40425.0
19912.0 40401.0
21266.0 40398.0
21342.0 40064.0
21708.0 40063.0
24516.0 40062.0
24592.0 39915.0
25513.0 39846.0
27894.0 39757.0
28763.0 39631.0
32013.0 39572.0
35187.0 39569.0
36184.0 39398.0
39434.0 39339.0
43605.0 39241.0

16515.0 41267.0
16595.0 41035.0
17095.0 40972.0
17171.0 40744.0
18092.0 40466.0
18545.0 40449.0
18596.0 40337.0
19912.0 40313.0
21266.0 40310.0
21342.0 40064.0
21708.0 39975.0
24592.0 39915.0
25513.0 39846.0
27894.0 39757.0
28763.0 39631.0
32013.0 39572.0
35187.0 39569.0
36184.0 39398.0
39434.0 39339.0
43605.0 39241.0

16515.0 41267.0
16595.0 41035.0
17095.0 40972.0
17171.0 40744.0
18092.0 40466.0
18545.0 40449.0
18596.0 40337.0
19912.0 40313.0
21266.0 40310.0
21342.0 40088.0
21657.0 40071.0
21708.0 39975.0
24592.0 39915.0
25513.0 39846.0
27894.0 39757.0
28763.0 39631.0
32013.0 39572.0
35187.0 39569.0
36184.0 39398.0
39434.0 39339.0
43605.0 39241.0

16515.0 41334.0
17171.0 40835.0
18092.0 40466.0
18545.0 40444.0
18596.0 40337.0
19912.0 40313.0
21266.0 40310.0
21342.0 40064.0
21708.0 39975.0
24592.0 39915.0
25513.0 39758.0
27894.0 39757.0
28763.0 39631.0
32013.0 39572.0
35187.0 39569.0
36184.0 39398.0
39434.0 39339.0
43605.0 39241.0

16515.0 41267.0
16595.0 41035.0
17095.0 40972.0
17171.0 40768.0
18092.0 40466.0
18545.0 40449.0
18596.0 40337.0
19912.0 40313.0
21266.0 40310.0
21342.0 40064.0
21708.0 39975.0
24592.0 39915.0
25513.0 39846.0
27894.0 39757.0
28763.0 39631.0
31937.0 39629.0
32013.0 39572.0
32934.0 39525.0
36184.0 39385.0
39358.0 39383.0
39434.0 39339.0
42608.0 39336.0
42684.0 39304.0
43605.0 39153.0

16515.0 41267.0
16595.0 41035.0
17095.0 40972.0
17171.0 40744.0
18092.0 40466.0
18545.0 40449.0
18596.0 40337.0
19912.0 40313.0
21342.0 40064.0
21708.0 39975.0
24592.0 39915.0
25513.0 39846.0
27894.0 39757.0
28763.0 39631.0
32013.0 39572.0
35187.0 39569.0
36184.0 39398.0
39434.0 39339.0
43605.0 39241.0

16515.0 41267.0
16595.0 41035.0
17095.0 40972.0
17171.0 40744.0
18092.0 40466.0
18545.0 40449.0
18596.0 40337.0
19912.0 40313.0
21266.0 40312.0
21342.0 40064.0
21708.0 39975.0
24592.0 39915.0
25513.0 39758.0
27894.0 39757.0
28763.0 39631.0
32013.0 39572.0
32934.0 39525.0
36184.0 39385.0
39434.0 39339.0
43605.0 39241.0

16515.0 41267.0
16595.0 41035.0
17095.0 40972.0
17171.0 40768.0
18092.0 40466.0
18545.0 40444.0
18596.0 40337.0
19912.0 40313.0
21266.0 40310.0
21342.0 40064.0
21708.0 39975.0
24516.0 39972.0
24592.0 39915.0
25513.0 39758.0
28687.0 39755.0
28763.0 39631.0
31937.0 39629.0
32013.0 39572.0
32934.0 39525.0
36184.0 39393.0
39358.0 39383.0
39434.0 39339.0
43605.0 39152.0


