18092.0 125356.0
18596.0 123242.0
18615.0 121837.0
19912.0 121813.0
21342.0 121167.0
21689.0 121091.0
21708.0 120927.0
24516.0 120924.0
24592.0 120849.0
24801.0 120542.0
25513.0 119807.0
27843.0 119756.0
32934.0 119352.0
40355.0 119044.0

18092.0 131262.0
18148.0 126795.0
18312.0 126466.0
18596.0 123127.0
18615.0 121868.0
19112.0 121844.0
19912.0 121820.0
21266.0 121706.0
21342.0 121003.0
21708.0 121002.0
24516.0 120888.0
24592.0 120853.0
24820.0 120791.0
25513.0 120285.0
28687.0 120212.0
28763.0 119857.0
32013.0 119854.0
32934.0 119754.0
36108.0 119236.0
36184.0 119139.0
40355.0 119003.0

18016.0 126201.0
18092.0 124124.0
18545.0 122177.0
18615.0 121868.0
19112.0 121844.0
19912.0 121820.0
20421.0 121656.0
21342.0 121003.0
21708.0 121002.0
24516.0 120888.0
24592.0 120853.0
24820.0 120754.0
25513.0 120285.0
28687.0 120212.0
28763.0 119857.0
31016.0 119774.0
32013.0 119751.0
36108.0 119236.0
36184.0 119139.0
40355.0 119003.0

18092.0 131262.0
18148.0 126795.0
18312.0 126466.0
18475.0 123723.0
18545.0 123573.0
18596.0 122229.0
18615.0 121868.0
19112.0 121844.0
19912.0 121820.0
21266.0 121706.0
21342.0 121003.0
21708.0 121002.0
24516.0 120888.0
24592.0 120647.0
24750.0 120487.0
25513.0 120134.0
28763.0 119857.0
32013.0 119797.0
32934.0 119315.0
35263.0 119232.0
36184.0 119139.0
40355.0 119003.0

18092.0 131262.0
18148.0 126795.0
18312.0 126466.0
18596.0 122811.0
18615.0 121828.0
19912.0 121820.0
20421.0 121635.0
21342.0 121003.0
21708.0 121002.0
24516.0 120888.0
24592.0 120853.0
24750.0 120829.0
24820.0 120791.0
25513.0 120285.0
28687.0 120212.0
28763.0 119857.0
32013.0 119854.0
32934.0 119706.0
36108.0 119236.0
36184.0 119139.0
40355.0 119003.0

18092.0 131262.0
18148.0 126795.0
18312.0 126466.0
18596.0 123127.0
18615.0 121704.0
20421.0 121336.0
21266.0 121328.0
21342.0 121003.0
21708.0 121002.0
24516.0 120888.0
24592.0 120792.0
24801.0 120612.0
25513.0 120285.0
28687.0 120212.0
28763.0 119857.0
32013.0 119632.0
36108.0 119236.0
36184.0 119139.0
40355.0 119003.0

18092.0 131262.0
18148.0 126795.0
18312.0 126466.0
18596.0 122811.0
18615.0 121868.0
19112.0 121844.0
19912.0 121820.0
21266.0 121706.0
21342.0 121003.0
21708.0 121002.0
24516.0 120888.0
24592.0 120853.0
24820.0 120791.0
25513.0 120285.0
28687.0 120212.0
28763.0 119857.0
32013.0 119854.0
32934.0 119754.0
36108.0 119236.0
36184.0 119139.0
40355.0 119003.0

18092.0 131262.0
18148.0 126795.0
18312.0 126466.0
18545.0 123156.0
18596.0 122789.0
18615.0 121868.0
19112.0 121844.0
19912.0 121820.0
21266.0 121706.0
21342.0 121003.0
21708.0 121002.0
24516.0 120888.0
24592.0 120853.0
24820.0 120791.0
25513.0 120285.0
28687.0 120212.0
28763.0 119857.0
32013.0 119854.0
32934.0 119754.0
36108.0 119236.0
36184.0 119139.0
40355.0 119003.0

18092.0 131262.0
18148.0 126795.0
18312.0 126466.0
18596.0 122811.0
18615.0 121868.0
19112.0 121844.0
19912.0 121820.0
21266.0 121706.0
21342.0 121003.0
21708.0 121002.0
24516.0 120888.0
24592.0 120853.0
24820.0 120791.0
25513.0 120285.0
28687.0 120212.0
28763.0 119857.0
32013.0 119854.0
32934.0 119754.0
36108.0 119236.0
36184.0 119139.0
40355.0 119003.0

18092.0 131262.0
18148.0 126795.0
18312.0 126466.0
18596.0 123127.0
18615.0 121868.0
19112.0 121844.0
19912.0 121820.0
21266.0 121706.0
21342.0 121003.0
21708.0 121002.0
24516.0 120888.0
24592.0 120581.0
24801.0 120547.0
25513.0 120271.0
28687.0 120212.0
28763.0 119857.0
32013.0 119557.0
32934.0 119240.0
36108.0 119236.0
36184.0 119139.0
40355.0 119003.0

18092.0 126662.0
18312.0 126466.0
18545.0 123886.0
18596.0 123090.0
18615.0 121868.0
19112.0 121844.0
19912.0 121820.0
21266.0 121706.0
21342.0 121003.0
21708.0 121002.0
24516.0 120888.0
24592.0 120853.0
24820.0 120791.0
25513.0 119950.0
28611.0 119648.0
28763.0 118985.0
32934.0 118827.0
47776.0 118688.0


