25513.0 238767.0
28163.0 238068.0
30515.0 233641.0

25513.0 238767.0
28163.0 238068.0
30515.0 233641.0

25513.0 238767.0
28163.0 238068.0
30515.0 233641.0

25513.0 238767.0
28163.0 238068.0
30515.0 233641.0

25513.0 238767.0
28163.0 238068.0
30515.0 233641.0

25513.0 238767.0
28163.0 238068.0
30515.0 233641.0

25513.0 238767.0
28163.0 238068.0
30515.0 233641.0

25513.0 238767.0
28163.0 238068.0
30515.0 233641.0

25513.0 238767.0
28163.0 238068.0
30515.0 233641.0

25513.0 238767.0
28163.0 238068.0
30515.0 233641.0

25513.0 238767.0
28163.0 238068.0
30515.0 233641.0


