18092.0 125796.0
18312.0 125761.0
18545.0 124364.0
18596.0 122746.0
19946.0 122553.0
20766.0 122120.0
21342.0 121297.0
21657.0 121242.0
21708.0 121000.0
24016.0 120949.0
24516.0 120569.0
24750.0 120552.0
24801.0 120463.0
26992.0 120419.0
27792.0 120400.0
28763.0 119968.0
36108.0 119858.0
36184.0 119589.0

18513.0 129797.0
18579.0 127781.0
18589.0 125468.0
18596.0 122934.0
18615.0 122562.0
19112.0 122353.0
19946.0 122346.0
20787.0 122345.0
21266.0 121929.0
21342.0 121363.0
21708.0 121151.0
24516.0 121021.0
24592.0 120765.0
24801.0 120579.0
28687.0 120525.0
28763.0 120254.0
32013.0 119694.0
35187.0 119692.0
39434.0 119484.0

18513.0 129797.0
18545.0 123726.0
18596.0 122746.0
18615.0 122216.0
20345.0 122145.0
21266.0 121790.0
21342.0 121281.0
21708.0 121082.0
24516.0 121021.0
24592.0 120483.0
24820.0 120414.0
25513.0 120385.0
28763.0 119972.0
32013.0 119694.0
35187.0 119692.0
36184.0 119485.0
39434.0 119162.0
46855.0 118929.0

18513.0 129797.0
18545.0 123726.0
18596.0 122323.0
19912.0 122283.0
19946.0 122254.0
21266.0 121929.0
21342.0 121254.0
21708.0 120957.0
24516.0 120936.0
24592.0 120483.0
24750.0 120461.0
24820.0 120414.0
25513.0 120385.0
28687.0 120362.0
28763.0 119972.0
31937.0 119911.0
32013.0 119693.0
35187.0 119659.0
36184.0 119485.0
39434.0 119162.0
46855.0 118929.0

18513.0 129797.0
18545.0 123957.0
18596.0 122240.0
19471.0 122117.0
19946.0 122002.0
20421.0 121935.0
21266.0 121929.0
21342.0 121281.0
21638.0 121253.0
21708.0 121041.0
24516.0 121020.0
24592.0 120483.0
24750.0 120461.0
24801.0 120385.0
28763.0 119972.0
32013.0 119694.0
35187.0 119692.0
36184.0 119485.0
39434.0 119162.0
46855.0 118929.0

18513.0 129797.0
18545.0 122627.0
18615.0 122562.0
19112.0 122353.0
19912.0 122283.0
19946.0 122276.0
21266.0 121929.0
21342.0 121122.0
21708.0 120979.0
24516.0 120936.0
24592.0 120713.0
24801.0 120579.0
27766.0 120571.0
27913.0 120528.0
28687.0 120525.0
28763.0 119931.0
31937.0 119911.0
32013.0 119664.0
39434.0 119162.0
46855.0 118929.0

18513.0 129797.0
18545.0 123726.0
18596.0 122934.0
18615.0 122216.0
20345.0 122145.0
21266.0 121790.0
21342.0 121294.0
21638.0 121253.0
21708.0 121041.0
23950.0 120918.0
24592.0 120483.0
24750.0 120461.0
27766.0 120421.0
28763.0 119972.0
32013.0 119694.0
35187.0 119692.0
39434.0 119484.0

18513.0 129797.0
18545.0 123726.0
18596.0 122934.0
18615.0 122025.0
20838.0 121970.0
21266.0 121790.0
21342.0 121254.0
21638.0 121253.0
21708.0 121041.0
23950.0 120918.0
24592.0 120483.0
24750.0 120461.0
27766.0 120421.0
28763.0 119972.0
32013.0 119694.0
35187.0 119692.0
39434.0 119484.0

18092.0 127124.0
18545.0 123726.0
18596.0 122934.0
18615.0 122161.0
20345.0 122145.0
21266.0 121790.0
21342.0 121294.0
21638.0 121253.0
21708.0 121041.0
23950.0 120918.0
24592.0 120483.0
24750.0 120461.0
27766.0 120421.0
28763.0 119972.0
32013.0 119694.0
35187.0 119692.0
39434.0 119484.0

18513.0 129797.0
18545.0 123726.0
18596.0 122934.0
18615.0 122082.0
19112.0 122047.0
19845.0 122039.0
20345.0 121976.0
20766.0 121755.0
21266.0 121621.0
21342.0 121294.0
21638.0 121253.0
21708.0 121041.0
23950.0 120918.0
24592.0 120483.0
24750.0 120461.0
27766.0 120421.0
28763.0 119972.0
32013.0 119694.0
35187.0 119692.0
39434.0 119484.0

18513.0 129797.0
18545.0 123726.0
18596.0 122409.0
18615.0 122328.0
19112.0 121959.0
19845.0 121951.0
19912.0 121766.0
20345.0 121695.0
20766.0 121680.0
21266.0 121581.0
21342.0 121254.0
21638.0 121253.0
21708.0 121041.0
24516.0 121020.0
24592.0 120483.0
24750.0 120461.0
25513.0 120037.0
27894.0 119521.0
39434.0 119484.0


