18596.0 209058.0
19247.0 208222.0
19313.0 207818.0
19471.0 207698.0
20766.0 206397.0
21266.0 206326.0
21342.0 204388.0
21708.0 203521.0
22263.0 203197.0
23950.0 203003.0
24516.0 202756.0
25513.0 201182.0
27766.0 201111.0
28687.0 200304.0
28763.0 200170.0
32934.0 199943.0
34687.0 199739.0
35608.0 199640.0
39358.0 199576.0

18615.0 208067.0
18671.0 207346.0
20421.0 207177.0
20838.0 204586.0
21266.0 204394.0
21342.0 203822.0
22263.0 203272.0
22461.0 203053.0
24516.0 202949.0
24592.0 202677.0
24801.0 202458.0
24820.0 202304.0
28763.0 202135.0
36184.0 202098.0
39358.0 201786.0
39434.0 201361.0

18615.0 207997.0
18671.0 207346.0
19912.0 207129.0
20742.0 206967.0
20766.0 206783.0
20838.0 204282.0
21342.0 203766.0
22263.0 203271.0
22461.0 203053.0
24516.0 202949.0
24592.0 202677.0
24801.0 202458.0
24820.0 202304.0
28763.0 202135.0
30737.0 202045.0
32934.0 201616.0
36108.0 201023.0
36184.0 200777.0

18596.0 219176.0
18615.0 207237.0
19505.0 207132.0
19912.0 206310.0
20838.0 204457.0
21266.0 204394.0
21342.0 203822.0
22263.0 203272.0
22461.0 203053.0
24516.0 202949.0
24592.0 202581.0
24801.0 202458.0
24820.0 202304.0
28763.0 202135.0
34687.0 201838.0
38158.0 201808.0
39358.0 201553.0
39434.0 201361.0

18615.0 207277.0
19313.0 207164.0
19946.0 207158.0
20387.0 207108.0
20838.0 204586.0
21266.0 204394.0
21342.0 203822.0
22263.0 203221.0
22461.0 203053.0
24516.0 202949.0
24592.0 202677.0
24801.0 202458.0
24820.0 202304.0
28763.0 202135.0
31937.0 201918.0
32934.0 201832.0
36108.0 201312.0

18615.0 207277.0
18671.0 207152.0
19946.0 207115.0
20066.0 207059.0
20766.0 206827.0
20838.0 204586.0
21266.0 204394.0
21342.0 203822.0
22263.0 202979.0
24516.0 202949.0
24592.0 202677.0
24801.0 202458.0
24820.0 202304.0
25513.0 202074.0
28687.0 202004.0
32934.0 201801.0
38158.0 201413.0
39358.0 201214.0
45579.0 201190.0

18615.0 207997.0
18671.0 207346.0
19946.0 206634.0
20838.0 204586.0
21266.0 204394.0
21342.0 203822.0
21708.0 202882.0
23950.0 202811.0
24516.0 202568.0
24592.0 202509.0
24801.0 202458.0
24820.0 202304.0
25513.0 202110.0
28687.0 202070.0
28763.0 201522.0
36108.0 201070.0
36184.0 200824.0

18615.0 207170.0
19505.0 205688.0
19980.0 204813.0
20387.0 204593.0
20838.0 204457.0
20857.0 204290.0
21342.0 203797.0
21708.0 203333.0
22263.0 203271.0
22461.0 203053.0
23950.0 202811.0
24592.0 202516.0
24801.0 202458.0
24820.0 202304.0
25513.0 202110.0
28687.0 202014.0
28763.0 201522.0
36108.0 201070.0
36184.0 200806.0

18615.0 208067.0
18671.0 207346.0
20421.0 207177.0
20766.0 205916.0
20838.0 204586.0
21266.0 204394.0
21342.0 203822.0
22263.0 203221.0
22461.0 203053.0
23950.0 202811.0
24592.0 202659.0
24801.0 202458.0
24820.0 202304.0
25513.0 202110.0
28687.0 202070.0
28763.0 201522.0
36108.0 201070.0
36184.0 200824.0

18615.0 208067.0
18671.0 207346.0
19379.0 207048.0
19505.0 206840.0
19946.0 205550.0
20766.0 205476.0
20838.0 204586.0
21266.0 204394.0
21342.0 203822.0
22263.0 203272.0
22461.0 203053.0
23950.0 202856.0
24592.0 202516.0
24801.0 202458.0
24820.0 202304.0
25513.0 202088.0
32013.0 201705.0
39358.0 201231.0

18615.0 207633.0
18671.0 207346.0
19146.0 207051.0
19212.0 207007.0
19946.0 205656.0
20387.0 204352.0
21342.0 203041.0
21689.0 202775.0
21708.0 201263.0
24801.0 200535.0
24820.0 200017.0
28763.0 199814.0
31025.0 199727.0
31937.0 199620.0
32013.0 198717.0


