24197.0 257622.0
24237.0 233225.0
24310.0 223982.0
27266.0 221943.0
28763.0 220366.0
30137.0 219634.0

21708.0 241759.0
23392.0 237332.0
32094.0 234492.0
32358.0 231654.0

21708.0 241759.0
23392.0 237332.0
32094.0 234492.0
32358.0 231654.0

21708.0 241759.0
23392.0 237332.0
32094.0 234492.0
32358.0 231654.0

21708.0 241759.0
23392.0 237332.0
32094.0 234492.0
32358.0 231654.0

21708.0 241759.0
23392.0 237332.0
32094.0 234492.0
32358.0 231654.0

21708.0 241759.0
23392.0 237332.0
32094.0 234492.0
32358.0 231654.0

21708.0 241759.0
23392.0 237332.0
28187.0 236817.0
30837.0 235281.0
31658.0 233304.0
32358.0 231654.0
33518.0 231308.0

21708.0 241759.0
23392.0 237332.0
32094.0 234492.0
32358.0 231654.0

21708.0 241759.0
23392.0 237332.0
32094.0 234492.0
32358.0 231654.0

21708.0 241759.0
23392.0 237332.0
32094.0 234492.0
32358.0 231654.0


