18615.0 219344.0
18645.0 216723.0
18671.0 207930.0
18922.0 207715.0
19247.0 207363.0
19505.0 206953.0
20066.0 206710.0
20766.0 206653.0
21266.0 205389.0
21342.0 204072.0
21708.0 203094.0
22263.0 202820.0
24016.0 202777.0
24516.0 202713.0
24750.0 202429.0
24820.0 202366.0
25513.0 202226.0
27266.0 201879.0
28763.0 201389.0
31437.0 201256.0
31937.0 201055.0
32013.0 200416.0
36184.0 199982.0
39358.0 199868.0

19769.0 220745.0
20066.0 218336.0
20438.0 216905.0
20742.0 216382.0
20766.0 210985.0
21266.0 210303.0
21342.0 207436.0
21587.0 206818.0
21638.0 206709.0
21661.0 206313.0
21689.0 205873.0
22263.0 203786.0
22970.0 203703.0
24016.0 203674.0
24750.0 203279.0
25513.0 202600.0
28687.0 202249.0
28763.0 201916.0
32858.0 201726.0
36184.0 201314.0
38158.0 200828.0
38858.0 200596.0

18615.0 208207.0
19313.0 207119.0
19946.0 207050.0
21342.0 205553.0
21689.0 205532.0
21708.0 203990.0
22263.0 203555.0
23080.0 203508.0
23950.0 203208.0
24750.0 202912.0
25437.0 202837.0
25513.0 202261.0
27043.0 202206.0
28763.0 201916.0
32858.0 201726.0
36184.0 200213.0

19769.0 220745.0
19946.0 217723.0
20438.0 216905.0
20457.0 214122.0
20766.0 209282.0
21342.0 205115.0
21638.0 204517.0
21708.0 204336.0
22263.0 203612.0
22970.0 203540.0
23950.0 203275.0
24750.0 202912.0
25513.0 202592.0
27043.0 202514.0
28687.0 202249.0
28763.0 201916.0
31937.0 201635.0
32934.0 201016.0
38158.0 200828.0
38858.0 200596.0

18922.0 219237.0
19505.0 214991.0
19946.0 214223.0
20766.0 210985.0
21266.0 210303.0
21342.0 205553.0
21689.0 204628.0
21708.0 204141.0
22263.0 203542.0
23880.0 203509.0
23950.0 203462.0
24750.0 202912.0
25513.0 202530.0
27043.0 202441.0
28687.0 202249.0
28763.0 201916.0
32858.0 201726.0
36184.0 201140.0
38158.0 200828.0
38858.0 200596.0

18922.0 213469.0
18992.0 210046.0
19505.0 208294.0
20066.0 208101.0
21266.0 207621.0
21342.0 205059.0
21708.0 203994.0
22263.0 203418.0
24592.0 203063.0
24750.0 202912.0
25513.0 201783.0
28687.0 200899.0
28763.0 200615.0
32934.0 200301.0
36108.0 200296.0

19769.0 220745.0
20066.0 218336.0
20438.0 216905.0
20690.0 215786.0
20766.0 210985.0
21266.0 207655.0
21342.0 206501.0
21661.0 206313.0
21689.0 205873.0
22263.0 203786.0
22970.0 203703.0
24016.0 203674.0
24750.0 203117.0
25513.0 202592.0
28687.0 201489.0
32013.0 201369.0
32934.0 201060.0
38158.0 200828.0
38858.0 200159.0

18446.0 219420.0
19246.0 218973.0
19313.0 214083.0
19912.0 211350.0
20438.0 208976.0
21089.0 208476.0
21104.0 206887.0
21266.0 206378.0
21342.0 204907.0
21638.0 204299.0
21689.0 204209.0
22263.0 203786.0
22970.0 203703.0
24016.0 203674.0
24750.0 203117.0
25513.0 202592.0
28687.0 201489.0
32013.0 201369.0
32934.0 201060.0
38158.0 200828.0
38858.0 200159.0

19769.0 220745.0
20066.0 218336.0
20438.0 216905.0
20690.0 215786.0
20766.0 210985.0
21266.0 207655.0
21342.0 206501.0
21661.0 206313.0
21689.0 205873.0
22263.0 203644.0
23880.0 203555.0
24750.0 203117.0
25513.0 202592.0
28687.0 201489.0
32013.0 201369.0
32934.0 201060.0
38158.0 200828.0
38858.0 200159.0

18615.0 214026.0
18856.0 213434.0
19505.0 212093.0
19912.0 211717.0
19946.0 211692.0
20766.0 210985.0
20987.0 210436.0
21266.0 207655.0
21342.0 206034.0
21689.0 205223.0
21708.0 204548.0
22263.0 203382.0
24016.0 203350.0
24750.0 202912.0
24820.0 202870.0
25513.0 202351.0
28687.0 201489.0
28763.0 201269.0
32934.0 200815.0
35187.0 200744.0
36184.0 200220.0
38858.0 200159.0

18671.0 215538.0
18922.0 213362.0
19146.0 210982.0
20066.0 210339.0
20955.0 209300.0
21266.0 205740.0
21342.0 204482.0
21657.0 204413.0
21689.0 203871.0
22263.0 202303.0
25513.0 201057.0
27894.0 200622.0
29684.0 199545.0
32934.0 198808.0
34190.0 198766.0
36184.0 198474.0
42532.0 197741.0


