21708.0 227389.0
22263.0 226285.0
23350.0 225707.0
24128.0 224753.0
24801.0 223527.0
26753.0 222739.0
27913.0 220904.0
28187.0 217462.0
35608.0 217179.0

21364.0 244901.0
22263.0 242636.0
23550.0 239793.0
24310.0 238950.0
25513.0 232795.0
26705.0 231338.0
32334.0 230316.0

21364.0 244901.0
22263.0 242636.0
23550.0 239793.0
24310.0 238950.0
25513.0 232795.0
26705.0 231338.0
32334.0 230316.0

21364.0 244901.0
22263.0 242636.0
23550.0 239793.0
24310.0 238950.0
25513.0 232795.0
26705.0 231338.0
32334.0 230316.0

21364.0 244901.0
22263.0 242636.0
23550.0 239793.0
24310.0 238950.0
25513.0 232795.0
26705.0 231338.0
32334.0 230316.0

21364.0 244901.0
22263.0 242636.0
23550.0 239793.0
24310.0 238950.0
25513.0 232795.0
26705.0 231338.0
32334.0 230316.0

21364.0 244901.0
22263.0 242636.0
23550.0 239793.0
24310.0 238950.0
25513.0 232795.0
26705.0 231338.0
32334.0 230316.0

21364.0 244901.0
22263.0 242636.0
23550.0 239793.0
24310.0 238950.0
25513.0 232795.0
26705.0 231338.0
32334.0 230316.0

21364.0 244901.0
22263.0 242636.0
23550.0 239793.0
24310.0 238950.0
25513.0 232795.0
26705.0 231338.0
32334.0 230316.0

21364.0 244901.0
22263.0 242636.0
23550.0 239793.0
24310.0 238950.0
25513.0 232795.0
26705.0 231338.0
32334.0 230316.0

21364.0 244901.0
22263.0 242636.0
23550.0 239793.0
24310.0 238950.0
25513.0 232795.0
26705.0 231338.0
32334.0 230316.0


