18596.0 125679.0
18615.0 123312.0
19247.0 123032.0
21266.0 122886.0
21342.0 121374.0
21657.0 121306.0
24016.0 121140.0
24592.0 121125.0
24750.0 121026.0
24937.0 121004.0
25513.0 120571.0
28687.0 120307.0
28763.0 120176.0
32934.0 119901.0

18092.0 128640.0
18447.0 126263.0
18545.0 122669.0
18596.0 122302.0
20838.0 122269.0
21266.0 122244.0
21342.0 121546.0
21587.0 121524.0
21638.0 121434.0
22427.0 121410.0
24016.0 121274.0
24592.0 121239.0
24750.0 121219.0
24801.0 121097.0
25437.0 121072.0
25513.0 120618.0
28763.0 119958.0
36184.0 119805.0

18092.0 123456.0
18545.0 122456.0
18596.0 122262.0
21266.0 122244.0
21342.0 121310.0
21587.0 121288.0
21638.0 121198.0
24592.0 120996.0
25513.0 120406.0
28763.0 119705.0

18092.0 123456.0
18545.0 122456.0
18596.0 122262.0
20345.0 122165.0
21342.0 121340.0
21638.0 121198.0
24592.0 121108.0
24750.0 120977.0
25513.0 120406.0
28763.0 119746.0

18092.0 123456.0
18545.0 122456.0
18596.0 122262.0
21266.0 122244.0
21342.0 121501.0
21638.0 121434.0
22427.0 121410.0
24016.0 121274.0
24592.0 121239.0
24750.0 121219.0
24801.0 121097.0
25437.0 121072.0
25513.0 120607.0
28687.0 120513.0
28763.0 119917.0
36184.0 119764.0

18092.0 123456.0
18545.0 122456.0
18596.0 122262.0
19912.0 122253.0
20345.0 122224.0
21266.0 122012.0
21342.0 121501.0
21638.0 121238.0
21708.0 121138.0
24516.0 120828.0
25513.0 120406.0
28763.0 119832.0
36184.0 119764.0

18092.0 123411.0
18545.0 122456.0
18596.0 122262.0
19912.0 122253.0
20345.0 122224.0
21266.0 122199.0
21342.0 121392.0
21638.0 121198.0
24592.0 121001.0
25513.0 120616.0
28687.0 120513.0
28763.0 119705.0

18092.0 123411.0
18545.0 122496.0
18596.0 122302.0
18615.0 122293.0
19912.0 122253.0
20345.0 122224.0
21266.0 122199.0
21342.0 121056.0
21708.0 120856.0
24516.0 120840.0
24592.0 120485.0
27266.0 120281.0
27766.0 120218.0
28763.0 119705.0

18092.0 123411.0
18545.0 122456.0
18596.0 122262.0
19912.0 122253.0
20345.0 122224.0
21266.0 122199.0
21342.0 121392.0
21638.0 121198.0
24592.0 121001.0
25513.0 120616.0
28687.0 120513.0
28763.0 119705.0

18092.0 128640.0
18447.0 126263.0
18545.0 122456.0
18596.0 122262.0
21266.0 122244.0
21342.0 121392.0
21638.0 121198.0
24592.0 121163.0
24750.0 121021.0
25513.0 120616.0
28687.0 120610.0
28763.0 119705.0

18092.0 122972.0
18545.0 122456.0
18596.0 122127.0
19912.0 122120.0
21266.0 122114.0
21342.0 121056.0
24592.0 121021.0
24801.0 120938.0
25513.0 120448.0
28687.0 120149.0
28763.0 119681.0
31016.0 119525.0
34190.0 119397.0
36184.0 119379.0
41611.0 119328.0
49032.0 118853.0


