18092.0 130576.0
18596.0 122724.0
18615.0 121323.0
20387.0 121299.0
21266.0 121280.0
21342.0 121035.0
21708.0 120464.0
24516.0 120461.0
24592.0 120425.0
24801.0 120293.0
25513.0 120131.0
28763.0 119936.0
36184.0 119918.0

18092.0 130576.0
18596.0 122724.0
18615.0 121323.0
20387.0 121299.0
21266.0 121280.0
21342.0 121035.0
21708.0 120464.0
24516.0 120461.0
24592.0 120425.0
24801.0 120293.0
25513.0 120131.0
28763.0 119936.0
36184.0 119918.0

18092.0 130576.0
18596.0 122724.0
18615.0 121323.0
20387.0 121299.0
21266.0 121280.0
21342.0 121035.0
21708.0 120464.0
24516.0 120461.0
24592.0 120425.0
24801.0 120293.0
25513.0 120131.0
28763.0 119936.0
36184.0 119918.0

18092.0 130576.0
18596.0 122724.0
18615.0 121323.0
20387.0 121299.0
21266.0 121280.0
21342.0 121035.0
21708.0 120464.0
24516.0 120461.0
24592.0 120425.0
24801.0 120293.0
25513.0 120131.0
28763.0 119936.0
36184.0 119918.0

18092.0 130576.0
18596.0 122724.0
18615.0 121323.0
20387.0 121299.0
21266.0 121280.0
21342.0 121035.0
21708.0 120464.0
24516.0 120461.0
24592.0 120425.0
24801.0 120293.0
25513.0 120131.0
28763.0 119936.0
36184.0 119918.0

18092.0 130576.0
18596.0 122724.0
18615.0 121323.0
20387.0 121299.0
21266.0 121280.0
21342.0 121035.0
21708.0 120464.0
24516.0 120461.0
24592.0 120425.0
24801.0 120293.0
25513.0 120131.0
28763.0 119936.0
36184.0 119918.0

18092.0 130576.0
18596.0 122724.0
18615.0 121323.0
20387.0 121299.0
21266.0 121280.0
21342.0 121035.0
21708.0 120464.0
24516.0 120461.0
24592.0 120425.0
24801.0 120293.0
25513.0 120131.0
28763.0 119936.0
36184.0 119918.0

18092.0 130576.0
18596.0 122724.0
18615.0 121323.0
20387.0 121299.0
21266.0 121280.0
21342.0 121035.0
21708.0 120464.0
24516.0 120461.0
24592.0 120425.0
24801.0 120293.0
25513.0 120131.0
28763.0 119936.0
36184.0 119918.0

18092.0 130576.0
18596.0 122724.0
18615.0 121323.0
20387.0 121299.0
21266.0 121280.0
21342.0 121035.0
21708.0 120464.0
24516.0 120461.0
24592.0 120425.0
24801.0 120293.0
25513.0 120131.0
28763.0 119936.0
36184.0 119918.0

18092.0 130576.0
18596.0 122724.0
18615.0 121323.0
20387.0 121299.0
21266.0 121280.0
21342.0 121035.0
21708.0 120464.0
24516.0 120461.0
24592.0 120425.0
24801.0 120293.0
25513.0 120131.0
28763.0 119936.0
36184.0 119918.0

18092.0 130576.0
18596.0 122724.0
18615.0 121323.0
20387.0 121299.0
21266.0 121280.0
21342.0 121035.0
21708.0 120464.0
24516.0 120461.0
24592.0 120425.0
24801.0 120293.0
25513.0 120131.0
28763.0 119936.0
36184.0 119918.0


