22716.0 232772.0
23931.0 231543.0
24820.0 228877.0
32334.0 225318.0
32934.0 220344.0
40355.0 219263.0
43605.0 218518.0

22716.0 252518.0
24310.0 245244.0
26296.0 234983.0
28187.0 231929.0

22716.0 252518.0
24310.0 245244.0
26296.0 234983.0
28187.0 231929.0

22716.0 252518.0
24310.0 245244.0
26296.0 234983.0
28187.0 231929.0

22716.0 252518.0
24310.0 245244.0
26296.0 234983.0
28187.0 231929.0

22716.0 252518.0
24310.0 245244.0
26296.0 234983.0
28187.0 231929.0

22716.0 252518.0
24310.0 245244.0
26296.0 234983.0
28187.0 231929.0

22716.0 252518.0
24310.0 245244.0
26296.0 234983.0
28187.0 231929.0

22716.0 252518.0
24310.0 245244.0
26296.0 234983.0
28187.0 231929.0

22716.0 252518.0
24310.0 245244.0
26296.0 234983.0
28187.0 231929.0

22716.0 252518.0
24310.0 245244.0
26296.0 234983.0
28187.0 231929.0


