22263.0 231349.0
24516.0 230126.0
24785.0 225673.0
24801.0 219712.0
25513.0 217908.0
27062.0 216548.0
32934.0 216421.0

21657.0 263022.0
21755.0 236378.0
25513.0 235488.0
28763.0 232042.0

21657.0 263022.0
21755.0 236378.0
25513.0 235488.0
28763.0 232042.0

21657.0 263022.0
21755.0 236378.0
25513.0 235488.0
28763.0 232042.0

21657.0 263022.0
21755.0 236378.0
25513.0 235488.0
28763.0 232042.0

21657.0 263022.0
21755.0 236378.0
25513.0 235488.0
28763.0 232042.0

21657.0 263022.0
21755.0 236378.0
25513.0 235488.0
28763.0 232042.0

21657.0 263022.0
21755.0 236378.0
25513.0 235488.0
28763.0 232042.0

21657.0 263022.0
21755.0 236378.0
25513.0 235488.0
28763.0 232042.0

21657.0 263022.0
21755.0 236378.0
25513.0 235488.0
28763.0 232042.0

21657.0 263022.0
21755.0 236378.0
25513.0 235488.0
28763.0 232042.0


