16816.0 41769.0
16956.0 41567.0
16990.0 41423.0
17516.0 41191.0
18016.0 41128.0
18092.0 40466.0
18545.0 40444.0
18596.0 40337.0
19912.0 40313.0
21266.0 40310.0
21342.0 40064.0
21708.0 39975.0
24516.0 39972.0
24592.0 39916.0
24820.0 39865.0
25513.0 39758.0
28687.0 39755.0
28763.0 39632.0
32013.0 39573.0
32934.0 39511.0
36184.0 39386.0
39434.0 39327.0
40355.0 39279.0
43605.0 39153.0
46855.0 39094.0

16156.0 43351.0
16571.0 42826.0
16816.0 41662.0
17516.0 41267.0
17745.0 41229.0
18016.0 41168.0
18092.0 40646.0
18545.0 40584.0
18596.0 40337.0
19912.0 40313.0
21342.0 40064.0
21708.0 39975.0
24516.0 39974.0
24592.0 39963.0
24750.0 39946.0
25513.0 39758.0
28763.0 39721.0
32013.0 39597.0
36184.0 39499.0
39434.0 39409.0
43605.0 39241.0
49529.0 39213.0

16156.0 43351.0
16571.0 42826.0
16816.0 41662.0
17516.0 41267.0
17745.0 41229.0
18016.0 41168.0
18092.0 40646.0
18545.0 40584.0
18596.0 40337.0
19912.0 40313.0
21342.0 40064.0
21708.0 39975.0
24516.0 39974.0
24592.0 39963.0
24750.0 39946.0
25513.0 39758.0
28763.0 39721.0
32013.0 39597.0
36184.0 39499.0
39434.0 39409.0
43605.0 39241.0
49529.0 39213.0

16023.0 42979.0
16156.0 42698.0
16571.0 42665.0
16595.0 42303.0
16816.0 41662.0
17516.0 41267.0
17745.0 41229.0
18016.0 41168.0
18092.0 40633.0
18545.0 40535.0
18596.0 40337.0
19912.0 40313.0
21266.0 40312.0
21342.0 40064.0
21708.0 39975.0
24516.0 39974.0
24592.0 39939.0
25513.0 39758.0
28763.0 39720.0
32013.0 39573.0
36184.0 39474.0
39434.0 39409.0
43605.0 39241.0
49529.0 39213.0

16156.0 43351.0
16571.0 42826.0
16816.0 41662.0
17516.0 41267.0
17745.0 41229.0
18016.0 41168.0
18092.0 40646.0
18545.0 40584.0
18596.0 40337.0
19912.0 40313.0
21342.0 40064.0
21708.0 39975.0
24516.0 39974.0
24592.0 39939.0
25513.0 39758.0
28763.0 39631.0
32013.0 39597.0
36184.0 39444.0
39434.0 39409.0
43605.0 39152.0

16023.0 42979.0
16156.0 42698.0
16595.0 42303.0
16816.0 41662.0
16990.0 41658.0
17516.0 41267.0
17745.0 41229.0
18016.0 41168.0
18092.0 40496.0
18545.0 40474.0
18596.0 40337.0
19912.0 40313.0
21266.0 40312.0
21342.0 40064.0
21708.0 39975.0
24516.0 39974.0
24592.0 39939.0
24820.0 39908.0
25513.0 39758.0
28687.0 39757.0
28763.0 39631.0
32013.0 39573.0
36184.0 39393.0
39358.0 39385.0
43605.0 39152.0

16023.0 42684.0
16156.0 42403.0
16595.0 42008.0
16816.0 41662.0
17516.0 41267.0
17745.0 41229.0
18016.0 41168.0
18092.0 40646.0
18545.0 40584.0
18596.0 40337.0
19912.0 40313.0
21342.0 40064.0
21708.0 39975.0
24516.0 39974.0
24592.0 39939.0
24820.0 39865.0
25513.0 39758.0
28763.0 39631.0
32013.0 39597.0
32934.0 39525.0
36184.0 39398.0
43605.0 39152.0

16023.0 42684.0
16156.0 42403.0
16595.0 42008.0
16816.0 41662.0
17516.0 41267.0
17745.0 41229.0
18016.0 41168.0
18092.0 40557.0
18545.0 40535.0
18596.0 40337.0
19912.0 40313.0
21342.0 40064.0
21708.0 39975.0
24516.0 39974.0
24592.0 39939.0
24820.0 39865.0
25513.0 39758.0
28763.0 39631.0
32013.0 39597.0
32934.0 39512.0
36184.0 39393.0
43605.0 39152.0

16023.0 42684.0
16156.0 42403.0
16571.0 41785.0
16816.0 41662.0
17171.0 40835.0
18092.0 40466.0
18545.0 40444.0
18596.0 40337.0
19912.0 40313.0
21266.0 40312.0
21342.0 40064.0
21708.0 39975.0
24516.0 39974.0
24592.0 39939.0
24820.0 39865.0
25513.0 39758.0
28763.0 39631.0
32013.0 39596.0
32934.0 39525.0
36184.0 39398.0
43605.0 39152.0

16023.0 42684.0
16156.0 42403.0
16595.0 41867.0
16816.0 41662.0
16990.0 41658.0
17516.0 41267.0
17745.0 41229.0
18016.0 41168.0
18092.0 40496.0
18545.0 40474.0
18596.0 40337.0
19912.0 40313.0
21342.0 40064.0
21708.0 39975.0
24516.0 39974.0
24592.0 39939.0
24820.0 39865.0
25513.0 39758.0
27894.0 39757.0
28763.0 39631.0
32013.0 39573.0
32934.0 39512.0
36184.0 39386.0
39358.0 39385.0
43605.0 39152.0

16023.0 42369.0
16156.0 42088.0
16515.0 41448.0
16595.0 41053.0
17095.0 40954.0
17171.0 40835.0
18092.0 40466.0
18545.0 40444.0
18596.0 40337.0
19912.0 40313.0
21266.0 40310.0
21342.0 40064.0
21708.0 39975.0
24516.0 39974.0
24592.0 39916.0
24820.0 39865.0
25513.0 39758.0
28687.0 39755.0
28763.0 39631.0
31937.0 39630.0
32013.0 39572.0
32934.0 39525.0
36184.0 39385.0
39434.0 39340.0
40355.0 39279.0
43605.0 39153.0
51026.0 39138.0


