18092.0 123029.0
18545.0 122670.0
18596.0 122662.0
18615.0 121645.0
19112.0 121560.0
19912.0 121449.0
19946.0 121280.0
20345.0 121255.0
21266.0 121247.0
21342.0 120868.0
21638.0 120640.0
21708.0 120309.0
24516.0 120288.0
24592.0 120128.0
25513.0 119944.0
27773.0 119851.0
27894.0 119593.0
28763.0 119353.0
32013.0 119194.0
32934.0 118724.0
36108.0 118717.0
36184.0 118313.0
40355.0 118016.0
43605.0 117603.0
51026.0 117491.0

18092.0 123215.0
18545.0 122947.0
18596.0 121942.0
18615.0 121323.0
20387.0 121299.0
21266.0 121280.0
21342.0 121035.0
21708.0 120464.0
24516.0 120461.0
24592.0 120425.0
24801.0 120293.0
25513.0 120038.0
28763.0 119893.0
31937.0 119762.0
32934.0 119627.0
36184.0 119109.0
39434.0 119090.0

18092.0 123215.0
18545.0 122947.0
18596.0 121942.0
18615.0 121323.0
20387.0 121299.0
21266.0 121280.0
21342.0 120670.0
21708.0 120440.0
24516.0 120433.0
24592.0 120425.0
24801.0 120247.0
25513.0 119977.0
28763.0 119768.0
31937.0 119651.0
32934.0 119434.0
36184.0 119109.0
39434.0 119090.0

17745.0 127101.0
18092.0 122475.0
18545.0 122382.0
18596.0 121942.0
18615.0 121323.0
20387.0 121299.0
21266.0 121280.0
21342.0 120374.0
24516.0 120338.0
24592.0 120233.0
25513.0 120038.0
28763.0 119521.0
36184.0 119109.0
39434.0 119090.0

18092.0 123215.0
18545.0 122437.0
18596.0 121916.0
18615.0 121299.0
20387.0 121275.0
21266.0 121250.0
21342.0 120646.0
21708.0 120440.0
24592.0 120401.0
24750.0 120385.0
24801.0 120209.0
25513.0 119993.0
28763.0 119741.0
32934.0 119544.0
36184.0 119109.0
39434.0 119090.0

18092.0 123089.0
18545.0 122947.0
18596.0 121534.0
18615.0 121323.0
19912.0 121299.0
20387.0 121275.0
21266.0 121231.0
21342.0 120374.0
21708.0 120309.0
24592.0 120226.0
24801.0 120142.0
25513.0 119805.0
28763.0 119569.0
32934.0 119528.0
36184.0 119109.0
39434.0 119090.0

18092.0 123215.0
18545.0 122947.0
18596.0 121942.0
18615.0 121323.0
20387.0 121299.0
21266.0 121280.0
21342.0 120374.0
21708.0 120285.0
24516.0 120242.0
24592.0 120226.0
24820.0 120175.0
25513.0 119977.0
28763.0 119470.0
32934.0 119347.0
36184.0 119109.0
39434.0 119090.0

18092.0 123215.0
18545.0 122947.0
18596.0 121942.0
18615.0 121323.0
19912.0 121299.0
20387.0 121275.0
21266.0 121232.0
21342.0 120374.0
21708.0 120285.0
24516.0 120242.0
24592.0 120226.0
24801.0 120142.0
25513.0 119984.0
28763.0 119470.0
32934.0 119347.0
36184.0 119091.0
39434.0 119090.0

18092.0 123215.0
18545.0 122759.0
18596.0 121942.0
18615.0 121323.0
20387.0 121299.0
21266.0 121280.0
21342.0 120374.0
21708.0 120356.0
23950.0 120354.0
24516.0 120242.0
24592.0 120226.0
24820.0 120175.0
25513.0 119984.0
28763.0 119590.0
32934.0 119347.0
36184.0 119109.0
39434.0 119090.0

18092.0 123215.0
18545.0 122947.0
18596.0 121896.0
18615.0 121323.0
20387.0 121275.0
21266.0 121256.0
21342.0 120374.0
21708.0 120223.0
24516.0 120222.0
24801.0 120182.0
24820.0 120179.0
25513.0 119875.0
28763.0 119194.0
31937.0 119191.0
32013.0 119155.0
36184.0 119106.0
39434.0 119090.0

18092.0 123215.0
18545.0 122437.0
18596.0 121793.0
18615.0 121323.0
20387.0 121299.0
21266.0 121256.0
21342.0 120374.0
21708.0 120247.0
24592.0 120190.0
24801.0 120068.0
25513.0 119715.0
28763.0 118952.0


