18596.0 211235.0
18922.0 207695.0
19146.0 207402.0
20238.0 207312.0
20838.0 205960.0
21657.0 205727.0
21689.0 205710.0
21708.0 203069.0
24440.0 203068.0
24592.0 202414.0
25513.0 201641.0
27894.0 201352.0
28763.0 200913.0
29684.0 200396.0
31437.0 200099.0
34611.0 200070.0
36108.0 199930.0
36184.0 199619.0
39358.0 199446.0

18615.0 208067.0
18671.0 207346.0
21342.0 206955.0
21708.0 204622.0
22263.0 203914.0
24516.0 203495.0
24820.0 203234.0
28763.0 202646.0
31937.0 202476.0

18615.0 207997.0
18671.0 207346.0
21342.0 206874.0
21638.0 206775.0
21661.0 206329.0
21708.0 204584.0
22263.0 203914.0
24516.0 203436.0
24820.0 203234.0
28687.0 203093.0
28763.0 202646.0
31937.0 202476.0

18545.0 216664.0
18615.0 207222.0
19505.0 206525.0
20345.0 206477.0
21342.0 205172.0
21638.0 204707.0
21708.0 204020.0
22263.0 203914.0
24516.0 203436.0
24820.0 203234.0
28687.0 203093.0
28763.0 202646.0
31937.0 202476.0
32934.0 202263.0
36184.0 202133.0

18615.0 207237.0
19505.0 207132.0
20345.0 206935.0
20766.0 206707.0
21342.0 204877.0
21638.0 204685.0
21708.0 204186.0
22263.0 203803.0
24516.0 203495.0
24820.0 203234.0
25513.0 202993.0
27913.0 202805.0
28763.0 202646.0
31937.0 202476.0

18545.0 213160.0
18596.0 210941.0
18615.0 207087.0
19845.0 206732.0
20766.0 206707.0
21266.0 206162.0
21342.0 204877.0
21638.0 204685.0
21708.0 204106.0
22263.0 203803.0
23950.0 203666.0
24516.0 203495.0
24820.0 203234.0
28687.0 203093.0
28763.0 202646.0
30737.0 202624.0
31937.0 202476.0
32934.0 202420.0
36184.0 201704.0
40355.0 201499.0

18615.0 207997.0
18671.0 207346.0
20387.0 207317.0
21342.0 206860.0
21638.0 206730.0
21661.0 205910.0
21708.0 203893.0
24016.0 203599.0
24516.0 203436.0
24820.0 203234.0
28187.0 203037.0
28763.0 202539.0
31437.0 202317.0
32934.0 202181.0
36184.0 201577.0
40355.0 201175.0

18615.0 207997.0
18671.0 207346.0
19505.0 207164.0
19946.0 206992.0
20438.0 206375.0
20838.0 206204.0
21342.0 205814.0
21689.0 205575.0
21708.0 204479.0
22263.0 203914.0
24516.0 203436.0
24820.0 203234.0
28687.0 203093.0
28763.0 202646.0
31937.0 202476.0
32934.0 202238.0
36184.0 202073.0

18615.0 207276.0
18671.0 207241.0
19471.0 207236.0
20387.0 207212.0
21266.0 206741.0
21342.0 205507.0
21708.0 203893.0
24016.0 203599.0
24516.0 203436.0
24651.0 203400.0
24801.0 203386.0
24820.0 203234.0
25513.0 203094.0
27641.0 202974.0
27913.0 202907.0
28763.0 202420.0
31437.0 202317.0
32934.0 202181.0
36184.0 201577.0
40355.0 201175.0

18545.0 217380.0
18596.0 207338.0
19587.0 207183.0
20387.0 207154.0
21266.0 206423.0
21342.0 205016.0
21657.0 204990.0
21708.0 203722.0
22263.0 203033.0
25513.0 202935.0
27894.0 202813.0
28763.0 202408.0
32934.0 202059.0
36108.0 202046.0

18615.0 207997.0
18671.0 207346.0
19621.0 206345.0
19946.0 206305.0
20766.0 206053.0
20857.0 205760.0
21342.0 204551.0
21689.0 204187.0
21708.0 202401.0
25513.0 201120.0
28687.0 199760.0
31861.0 199135.0


