18615.0 209535.0
18787.0 206163.0
19980.0 205832.0
20857.0 205263.0
21342.0 204087.0
21708.0 203128.0
22263.0 202711.0
24016.0 202634.0
24592.0 202459.0
25513.0 201577.0
28687.0 201311.0
31937.0 200991.0
32013.0 200466.0
32934.0 200342.0
36108.0 200237.0
39434.0 200174.0

19246.0 215524.0
19505.0 211949.0
20635.0 211573.0
20690.0 211193.0
20766.0 207287.0
21108.0 207251.0
21266.0 206180.0
21342.0 205539.0
21638.0 205316.0
21657.0 204972.0
21708.0 204130.0
22263.0 203460.0
23940.0 203457.0
23950.0 203442.0
24592.0 203389.0
24801.0 203388.0
24820.0 203232.0
24937.0 202820.0
27913.0 202653.0
28763.0 201169.0
35187.0 200721.0
36184.0 199902.0
39358.0 199780.0

18615.0 207776.0
18623.0 207010.0
19146.0 206160.0
20857.0 206121.0
21342.0 203750.0
22263.0 203331.0
24016.0 203088.0
24592.0 202656.0
25513.0 202154.0
27043.0 202151.0
27913.0 201932.0
28687.0 201760.0
28763.0 200684.0
32013.0 200639.0
35187.0 200503.0
36184.0 199902.0
39358.0 199571.0

18922.0 208443.0
19146.0 205574.0
19313.0 205445.0
21266.0 205055.0
21342.0 204390.0
21657.0 204306.0
21689.0 203889.0
21708.0 203374.0
22263.0 202953.0
23950.0 202951.0
24592.0 202576.0
25513.0 202059.0
27913.0 201894.0
28687.0 201760.0
28763.0 200906.0
32013.0 200662.0
35187.0 200428.0
36184.0 199902.0
39358.0 199487.0

18615.0 211213.0
18856.0 210152.0
18922.0 209786.0
19313.0 209754.0
19946.0 208185.0
20066.0 207927.0
20766.0 206498.0
21266.0 205163.0
21342.0 203750.0
22263.0 203375.0
24016.0 203088.0
24801.0 202916.0
24937.0 202820.0
25513.0 201967.0
27913.0 201932.0
28687.0 201760.0
28763.0 200479.0
35187.0 200149.0
36184.0 199223.0
39358.0 199208.0

18615.0 208393.0
19505.0 207441.0
19946.0 204248.0
20838.0 204036.0
21266.0 203998.0
21342.0 203592.0
21638.0 203540.0
21708.0 203350.0
22263.0 203014.0
24016.0 202927.0
24592.0 202912.0
24750.0 202712.0
24801.0 202173.0
25513.0 201738.0
27843.0 201634.0
28763.0 200714.0
32013.0 200391.0
35187.0 200218.0
36184.0 199450.0
39358.0 199277.0

18615.0 207776.0
18623.0 207010.0
19146.0 206160.0
20857.0 206121.0
21266.0 205163.0
21342.0 203750.0
22263.0 203375.0
24016.0 203088.0
24750.0 202999.0
24801.0 202916.0
24937.0 202820.0
25513.0 201664.0
28687.0 201356.0
28763.0 200893.0
31937.0 200673.0
35187.0 200528.0
36184.0 199587.0
39434.0 199567.0

18615.0 220498.0
19246.0 215524.0
19471.0 213486.0
19505.0 209041.0
19980.0 207635.0
20766.0 206044.0
21266.0 205163.0
21342.0 203750.0
21708.0 203187.0
22263.0 203125.0
23940.0 202330.0
24750.0 202190.0
25513.0 201707.0
27913.0 201495.0
28763.0 200739.0
32013.0 200622.0
36184.0 199693.0
39358.0 199681.0

19146.0 211396.0
19246.0 211318.0
19313.0 209754.0
19946.0 208185.0
20766.0 207111.0
20787.0 207060.0
20857.0 206724.0
21266.0 205163.0
21342.0 203750.0
22263.0 203375.0
24016.0 203088.0
24731.0 202592.0
25513.0 201664.0
28687.0 201356.0
28763.0 200939.0
32013.0 200843.0
35187.0 200721.0
35608.0 200596.0
36184.0 199796.0
39358.0 199780.0
39434.0 198824.0

18615.0 217290.0
18623.0 212172.0
18856.0 207495.0
19505.0 207059.0
19946.0 206645.0
20766.0 205020.0
21266.0 204587.0
21708.0 203341.0
22263.0 203098.0
23950.0 203072.0
24016.0 203052.0
24592.0 202975.0
24750.0 202729.0
25513.0 201802.0
28763.0 201110.0
30737.0 201096.0
31937.0 201025.0
32013.0 200523.0
36184.0 199693.0
39358.0 199582.0

19246.0 215524.0
19505.0 208783.0
19912.0 202985.0
21342.0 201855.0
21689.0 201834.0
21708.0 201762.0
22263.0 201155.0
24801.0 201052.0
25513.0 200484.0
28763.0 199059.0
32934.0 198847.0


