16726.0 43157.0
16816.0 41991.0
17647.0 41750.0
17726.0 41616.0
18016.0 41497.0
18092.0 40618.0
18526.0 40596.0
18596.0 40337.0
21266.0 40312.0
21342.0 40187.0
21708.0 39999.0
24516.0 39974.0
25513.0 39782.0
28763.0 39656.0
32934.0 39542.0
40355.0 39460.0

16726.0 43157.0
16816.0 41991.0
17647.0 41750.0
17726.0 41616.0
18016.0 41497.0
18092.0 40618.0
18526.0 40596.0
18596.0 40337.0
21266.0 40312.0
21342.0 40187.0
21708.0 39999.0
24516.0 39974.0
25513.0 39782.0
28763.0 39656.0
32934.0 39542.0
40355.0 39460.0

16726.0 43157.0
16816.0 41991.0
17647.0 41750.0
17726.0 41616.0
18016.0 41497.0
18092.0 40618.0
18526.0 40596.0
18596.0 40337.0
21266.0 40312.0
21342.0 40187.0
21708.0 39999.0
24516.0 39974.0
25513.0 39782.0
28763.0 39656.0
32934.0 39542.0
40355.0 39460.0

16726.0 43157.0
16816.0 41991.0
17647.0 41750.0
17726.0 41616.0
18016.0 41497.0
18092.0 40618.0
18526.0 40596.0
18596.0 40337.0
21266.0 40312.0
21342.0 40187.0
21708.0 39999.0
24516.0 39974.0
25513.0 39782.0
28763.0 39656.0
32934.0 39542.0
40355.0 39460.0

16726.0 43157.0
16816.0 41991.0
17647.0 41750.0
17726.0 41616.0
18016.0 41497.0
18092.0 40618.0
18526.0 40596.0
18596.0 40337.0
21266.0 40312.0
21342.0 40187.0
21708.0 39999.0
24516.0 39974.0
25513.0 39782.0
28763.0 39656.0
32934.0 39542.0
40355.0 39460.0

16726.0 43157.0
16816.0 41991.0
17647.0 41750.0
17726.0 41616.0
18016.0 41497.0
18092.0 40618.0
18526.0 40596.0
18596.0 40337.0
21266.0 40312.0
21342.0 40187.0
21708.0 39999.0
24516.0 39974.0
25513.0 39782.0
28763.0 39656.0
32934.0 39542.0
40355.0 39460.0

16726.0 43157.0
16816.0 41991.0
17647.0 41750.0
17726.0 41616.0
18016.0 41497.0
18092.0 40618.0
18526.0 40596.0
18596.0 40337.0
21266.0 40312.0
21342.0 40187.0
21708.0 39999.0
24516.0 39974.0
25513.0 39782.0
28763.0 39656.0
32934.0 39542.0
40355.0 39460.0

16726.0 43157.0
16816.0 41991.0
17647.0 41750.0
17726.0 41616.0
18016.0 41497.0
18092.0 40618.0
18526.0 40596.0
18596.0 40337.0
21266.0 40312.0
21342.0 40187.0
21708.0 39999.0
24516.0 39974.0
25513.0 39782.0
28763.0 39656.0
32934.0 39542.0
40355.0 39460.0

16726.0 43157.0
16816.0 41991.0
17647.0 41750.0
17726.0 41616.0
18016.0 41497.0
18092.0 40618.0
18526.0 40596.0
18596.0 40337.0
21266.0 40312.0
21342.0 40187.0
21708.0 39999.0
24516.0 39974.0
25513.0 39782.0
28763.0 39656.0
32934.0 39542.0
40355.0 39460.0

16726.0 43157.0
16816.0 41991.0
17647.0 41750.0
17726.0 41616.0
18016.0 41497.0
18092.0 40618.0
18526.0 40596.0
18596.0 40337.0
21266.0 40312.0
21342.0 40187.0
21708.0 39999.0
24516.0 39974.0
25513.0 39782.0
28763.0 39656.0
32934.0 39542.0
40355.0 39460.0

16726.0 43157.0
16816.0 41991.0
17647.0 41750.0
17726.0 41616.0
18016.0 41497.0
18092.0 40618.0
18526.0 40596.0
18596.0 40337.0
21266.0 40312.0
21342.0 40187.0
21708.0 39999.0
24516.0 39974.0
25513.0 39782.0
28763.0 39656.0
32934.0 39542.0
40355.0 39460.0


