18092.0 125927.0
18596.0 123409.0
18615.0 123320.0
19912.0 122716.0
21266.0 122713.0
21342.0 120560.0
21708.0 120559.0
24516.0 120379.0
24592.0 120322.0
24820.0 120305.0
25513.0 119950.0
28763.0 119771.0
31937.0 119729.0
32934.0 119565.0
36184.0 119336.0

18092.0 128812.0
18596.0 121282.0
19112.0 121242.0
19912.0 121132.0
21266.0 121129.0
21342.0 120800.0
21708.0 120646.0
24750.0 120588.0
24801.0 120376.0
25513.0 120123.0
27913.0 120072.0
28763.0 119746.0
32934.0 119612.0

18092.0 128812.0
18148.0 126450.0
18596.0 121282.0
19112.0 121242.0
19912.0 121132.0
21266.0 121129.0
21342.0 120800.0
21708.0 120646.0
24750.0 120588.0
24801.0 120376.0
25513.0 120123.0
27913.0 120072.0
28763.0 119746.0
32934.0 119612.0

18092.0 125262.0
18596.0 121282.0
19112.0 121242.0
19912.0 121132.0
21266.0 121129.0
21342.0 120800.0
21708.0 120646.0
24592.0 120611.0
24750.0 120588.0
24801.0 120376.0
25513.0 120123.0
27913.0 120072.0
28763.0 119746.0
32934.0 119612.0

18092.0 128812.0
18596.0 121212.0
19912.0 121132.0
21266.0 121129.0
21342.0 120800.0
21708.0 120646.0
24592.0 120611.0
24750.0 120588.0
24801.0 120376.0
25513.0 120123.0
27913.0 120072.0
28763.0 119746.0
32934.0 119612.0

18092.0 128812.0
18148.0 125624.0
18596.0 121236.0
19912.0 121132.0
21266.0 121129.0
21342.0 120800.0
21708.0 120646.0
24592.0 120611.0
24750.0 120588.0
24801.0 120376.0
25513.0 120123.0
27913.0 120072.0
28763.0 119746.0
32934.0 119612.0

18092.0 128812.0
18596.0 121282.0
19112.0 121242.0
19912.0 121132.0
21266.0 121129.0
21342.0 120800.0
21708.0 120646.0
24750.0 120588.0
24801.0 120376.0
25513.0 120123.0
27913.0 120072.0
28763.0 119746.0
32934.0 119612.0

18092.0 128812.0
18596.0 121282.0
19112.0 121242.0
19912.0 121132.0
21266.0 121129.0
21342.0 120800.0
21708.0 120646.0
24750.0 120588.0
24801.0 120376.0
25513.0 120123.0
27913.0 120072.0
28763.0 119746.0
32934.0 119612.0

18092.0 128812.0
18596.0 121212.0
19912.0 121132.0
21266.0 121129.0
21342.0 120800.0
21708.0 120646.0
24750.0 120588.0
24801.0 120376.0
25513.0 120123.0
27913.0 120072.0
28763.0 119746.0
32934.0 119612.0

18092.0 128812.0
18596.0 121282.0
19112.0 121242.0
19912.0 121132.0
21266.0 121129.0
21342.0 120800.0
21708.0 120646.0
24750.0 120588.0
24801.0 120376.0
25513.0 120123.0
27913.0 120072.0
28763.0 119746.0
32934.0 119612.0

18092.0 128812.0
18596.0 121196.0
19912.0 121132.0
21266.0 121129.0
21342.0 120800.0
21708.0 120359.0
25513.0 120123.0
27894.0 120010.0
28763.0 119746.0
32934.0 119612.0
34190.0 119331.0


