18092.0 122320.0
18545.0 121898.0
18596.0 121575.0
19912.0 121535.0
21266.0 121532.0
21342.0 120912.0
21638.0 120795.0
21708.0 120721.0
24592.0 120259.0
25513.0 119750.0
28763.0 119618.0
31937.0 119614.0
32013.0 119307.0
32934.0 119055.0
35187.0 119043.0
36108.0 118906.0
36184.0 118867.0
39358.0 118846.0
40355.0 118810.0
46855.0 118671.0

18016.0 126723.0
18545.0 124148.0
18596.0 122428.0
18615.0 122162.0
20387.0 122138.0
20838.0 121558.0
21342.0 121063.0
21708.0 120907.0
24516.0 120835.0
24592.0 120581.0
24750.0 120288.0
25513.0 120273.0
27842.0 120237.0
28763.0 119415.0
32013.0 119012.0
39358.0 118958.0
39434.0 118810.0

18016.0 126723.0
18092.0 122517.0
18596.0 122074.0
19146.0 122050.0
19946.0 121955.0
20838.0 121558.0
21342.0 121063.0
21708.0 120907.0
24516.0 120835.0
24592.0 120581.0
24750.0 120288.0
25513.0 120273.0
27842.0 120237.0
28687.0 120222.0
28763.0 119415.0
32013.0 119012.0
39358.0 118958.0
39434.0 118810.0

18016.0 126723.0
18092.0 122517.0
18596.0 122264.0
18615.0 122099.0
19912.0 122059.0
19946.0 122024.0
20345.0 122016.0
20421.0 121867.0
20766.0 121729.0
20838.0 121558.0
21266.0 121330.0
21342.0 120976.0
21708.0 120734.0
24592.0 120360.0
24750.0 120288.0
25513.0 120166.0
27766.0 120146.0
27843.0 119850.0
28763.0 119415.0
32013.0 119012.0
39358.0 118951.0
39434.0 118810.0

18016.0 126723.0
18092.0 122380.0
18545.0 122337.0
18596.0 122028.0
18615.0 121843.0
19912.0 121819.0
20387.0 121795.0
20838.0 121558.0
21342.0 121039.0
21708.0 120759.0
24592.0 120581.0
24750.0 120288.0
25513.0 120213.0
27842.0 120167.0
28763.0 119415.0
32013.0 119012.0
37105.0 118811.0
39434.0 118810.0
47776.0 118653.0

18016.0 126562.0
18092.0 122517.0
18545.0 122341.0
18596.0 121742.0
19112.0 121637.0
19912.0 121597.0
20838.0 121558.0
21342.0 120559.0
21708.0 120509.0
24016.0 120474.0
24592.0 120449.0
24750.0 120288.0
25513.0 120099.0
27842.0 120063.0
28763.0 119415.0
32013.0 119012.0
39358.0 118958.0
39434.0 118810.0

17492.0 134483.0
17745.0 127287.0
18016.0 126723.0
18092.0 125149.0
18545.0 124046.0
18596.0 121689.0
19112.0 121619.0
20766.0 121565.0
20838.0 121534.0
21266.0 121509.0
21342.0 120982.0
21657.0 120756.0
21708.0 120740.0
24516.0 120599.0
24592.0 120506.0
24750.0 120264.0
27842.0 120237.0
28687.0 120006.0
28763.0 119415.0
32013.0 118988.0
39358.0 118907.0
39434.0 118759.0

17492.0 128607.0
17745.0 127287.0
18016.0 126723.0
18092.0 125149.0
18545.0 124046.0
18596.0 121621.0
19112.0 121619.0
20766.0 121565.0
20838.0 121534.0
21266.0 121509.0
21342.0 120536.0
23950.0 120508.0
24592.0 120283.0
24750.0 120264.0
27842.0 120237.0
27862.0 120218.0
27894.0 120114.0
28687.0 120113.0
28763.0 119375.0
32013.0 118988.0
36184.0 118979.0
39358.0 118842.0
39434.0 118694.0

17492.0 134483.0
17745.0 127287.0
18016.0 126723.0
18092.0 122698.0
18447.0 122680.0
18526.0 122359.0
18545.0 122053.0
18596.0 121421.0
19112.0 121417.0
19912.0 121347.0
21342.0 120681.0
22263.0 120622.0
24516.0 120599.0
24592.0 120506.0
24750.0 120264.0
24820.0 120248.0
25513.0 119869.0
27843.0 119852.0
28763.0 119415.0
32013.0 118988.0
39358.0 118907.0
39434.0 118759.0

17492.0 134483.0
17745.0 127287.0
18016.0 126562.0
18092.0 123875.0
18526.0 122833.0
18545.0 122341.0
18596.0 122032.0
19946.0 121741.0
20766.0 121676.0
20838.0 121534.0
21342.0 120853.0
21638.0 120626.0
24592.0 120506.0
24750.0 120264.0
25513.0 120248.0
27842.0 120229.0
28687.0 120221.0
28763.0 119415.0
32013.0 118988.0
39358.0 118907.0
39434.0 118759.0

18016.0 126723.0
18092.0 124195.0
18545.0 124148.0
18596.0 121730.0
19946.0 121724.0
20766.0 121652.0
20838.0 121517.0
21266.0 121509.0
21342.0 120967.0
21708.0 120606.0
24516.0 120492.0
24592.0 120292.0
24750.0 120288.0
25513.0 119949.0
27894.0 119530.0
28763.0 118985.0
36184.0 118950.0
39358.0 118837.0
39434.0 118689.0
42608.0 118477.0


