18596.0 123753.0
18615.0 122580.0
19471.0 122573.0
20345.0 122555.0
20421.0 122538.0
20838.0 122527.0
21266.0 122261.0
21342.0 121245.0
21708.0 121003.0
22263.0 120653.0
24016.0 120626.0
24516.0 120618.0
24782.0 120607.0
24801.0 120193.0
25513.0 119998.0
27690.0 119997.0
27766.0 119939.0
27894.0 119872.0
28687.0 119661.0
28763.0 119506.0
31006.0 119455.0
31937.0 119164.0
32934.0 119001.0
36184.0 118608.0

18092.0 123892.0
18545.0 122880.0
18596.0 122138.0
19471.0 122067.0
19912.0 122061.0
19946.0 121951.0
20345.0 121912.0
21342.0 121289.0
21708.0 120897.0
24592.0 120409.0
27766.0 120348.0
28763.0 120280.0
32013.0 120066.0
35263.0 120031.0

18092.0 123892.0
18545.0 122880.0
18596.0 122138.0
19471.0 122067.0
19912.0 122061.0
19946.0 121951.0
20345.0 121912.0
21342.0 121289.0
21708.0 120767.0
24592.0 120409.0
27766.0 120312.0
28763.0 120280.0
31016.0 120277.0
32013.0 120066.0
35263.0 120031.0

18092.0 123349.0
18494.0 123201.0
18545.0 122880.0
18596.0 121948.0
18671.0 121832.0
19146.0 121827.0
19471.0 121757.0
19946.0 121646.0
21266.0 121617.0
21342.0 121289.0
21708.0 120767.0
24592.0 120409.0
27766.0 120312.0
28763.0 119946.0

18092.0 123892.0
18545.0 122880.0
18596.0 121718.0
19912.0 121342.0
21342.0 121216.0
21708.0 120594.0
24592.0 120409.0
25513.0 120379.0
27766.0 120312.0
28763.0 120057.0
32013.0 120001.0
32934.0 119674.0
36184.0 119656.0

18092.0 123892.0
18545.0 122880.0
18596.0 122138.0
19471.0 122067.0
19912.0 122061.0
19946.0 121951.0
20345.0 121912.0
20421.0 121850.0
21342.0 121289.0
21708.0 120767.0
24592.0 120409.0
27766.0 120348.0
27913.0 120300.0
28763.0 120280.0
32013.0 120066.0
35263.0 120031.0

18092.0 123892.0
18545.0 122880.0
18596.0 122138.0
19471.0 122067.0
19912.0 122061.0
19946.0 121951.0
20345.0 121912.0
21342.0 121289.0
21708.0 120767.0
24592.0 120409.0
27766.0 120348.0
28763.0 120280.0
32013.0 120066.0
35263.0 120031.0

18092.0 123892.0
18545.0 122880.0
18596.0 122138.0
19471.0 122067.0
19912.0 122061.0
19946.0 121951.0
20345.0 121912.0
20421.0 121820.0
21342.0 120972.0
21708.0 120669.0
24592.0 120409.0
27766.0 120312.0
27913.0 120300.0
28763.0 119842.0

18092.0 123892.0
18545.0 122880.0
18596.0 122068.0
19146.0 122041.0
19505.0 121976.0
19912.0 121969.0
19946.0 121906.0
21266.0 121905.0
21342.0 121289.0
21708.0 120496.0
24516.0 120453.0
24592.0 120369.0
24801.0 120368.0
27766.0 120312.0
28763.0 119955.0
31016.0 119920.0
32013.0 119884.0
35187.0 119612.0

18092.0 123349.0
18494.0 123201.0
18545.0 122880.0
18596.0 121948.0
18671.0 121832.0
19146.0 121827.0
19471.0 121757.0
19946.0 121646.0
21342.0 121289.0
21708.0 120767.0
24592.0 120373.0
27766.0 120312.0
27913.0 120300.0
28763.0 120280.0
31016.0 120277.0
32013.0 120030.0
35263.0 119995.0

18092.0 123210.0
18545.0 122134.0
18596.0 121854.0
19112.0 121776.0
19471.0 121706.0
20345.0 121705.0
21266.0 121691.0
21342.0 121102.0
21708.0 120354.0
24592.0 120232.0
24820.0 120181.0
25513.0 119615.0
32013.0 119523.0
36184.0 119201.0
57374.0 118241.0
63874.0 116916.0


