21266.0 239465.0
22071.0 237505.0
27313.0 233404.0

25513.0 248659.0
27294.0 245072.0
27913.0 240191.0
30406.0 237786.0
33499.0 237484.0
34118.0 237048.0

25513.0 248659.0
27294.0 245072.0
27913.0 240191.0
30406.0 237786.0
33499.0 237484.0
34118.0 237048.0

25513.0 248659.0
27294.0 245072.0
27913.0 240191.0
30406.0 237786.0
33499.0 237484.0
34118.0 237048.0

25513.0 248659.0
27294.0 245072.0
27913.0 240191.0
30406.0 237786.0
33499.0 237484.0
34118.0 237048.0

25513.0 248659.0
27294.0 245072.0
27487.0 244716.0
27913.0 240191.0
30406.0 237786.0
33499.0 237484.0
34118.0 237048.0

25513.0 248659.0
27294.0 245072.0
27913.0 240191.0
30406.0 237786.0
33499.0 237484.0
34118.0 237048.0

25513.0 248659.0
27294.0 245072.0
27487.0 244365.0
27913.0 240191.0
30406.0 237786.0
33499.0 237484.0
34118.0 237048.0

25513.0 248659.0
27294.0 245072.0
27913.0 240191.0
30406.0 237786.0
33499.0 237484.0
34118.0 237048.0

25513.0 248659.0
27294.0 245072.0
27913.0 240191.0
30406.0 237786.0
33499.0 237484.0
34118.0 237048.0

25513.0 248659.0
27294.0 245072.0
27913.0 240191.0
30406.0 237786.0
33499.0 237484.0
34118.0 237048.0


