18092.0 124395.0
18545.0 124209.0
18596.0 123448.0
19471.0 123303.0
21089.0 123198.0
21302.0 122904.0
21342.0 120916.0
21638.0 120842.0
24516.0 120817.0
24592.0 120694.0
24801.0 120687.0
24820.0 120463.0
27843.0 120446.0
28763.0 119786.0
31937.0 119766.0
35263.0 119751.0
36184.0 119431.0
38858.0 119388.0

18092.0 127601.0
18312.0 125645.0
18596.0 122896.0
18615.0 122678.0
19912.0 122654.0
21266.0 122362.0
21342.0 121843.0
21708.0 121693.0
22263.0 121297.0
24516.0 121296.0
24592.0 120794.0
28763.0 120753.0
29684.0 120354.0

18092.0 127601.0
18312.0 125645.0
18596.0 122817.0
18615.0 122678.0
19912.0 122654.0
20838.0 122635.0
21266.0 122337.0
21342.0 121843.0
21708.0 121693.0
22263.0 121297.0
24516.0 121296.0
24592.0 120794.0
28763.0 120753.0
29684.0 120354.0

18092.0 127601.0
18312.0 125645.0
18596.0 121663.0
19912.0 121639.0
21266.0 121544.0
21342.0 121216.0
21708.0 121004.0
24592.0 120457.0
25513.0 120385.0
27842.0 120349.0
28763.0 120318.0
29684.0 120017.0
32013.0 119986.0
32934.0 119945.0

18092.0 127601.0
18312.0 125645.0
18596.0 122817.0
18615.0 122678.0
19912.0 122654.0
20838.0 122635.0
21266.0 122337.0
21342.0 121843.0
21708.0 121693.0
22263.0 121297.0
24516.0 121296.0
24592.0 120794.0
28763.0 120753.0
29684.0 120354.0

18092.0 127601.0
18312.0 125645.0
18596.0 122896.0
18615.0 122678.0
19912.0 122654.0
21266.0 122337.0
21342.0 121843.0
21708.0 121693.0
22263.0 121297.0
24516.0 121296.0
24592.0 120794.0
28763.0 120753.0
29684.0 120354.0

18092.0 127601.0
18312.0 125645.0
18596.0 122817.0
18615.0 122678.0
19912.0 122654.0
20838.0 122635.0
21266.0 122337.0
21342.0 121843.0
21708.0 121693.0
22263.0 121297.0
24516.0 121296.0
24592.0 120794.0
28763.0 120729.0
29684.0 120354.0

18092.0 127601.0
18312.0 125645.0
18596.0 122659.0
18615.0 122155.0
19912.0 122131.0
21266.0 122088.0
21342.0 121188.0
21708.0 120704.0
27913.0 120652.0
28763.0 120144.0

18092.0 127601.0
18312.0 125645.0
18596.0 122817.0
18615.0 122678.0
19912.0 122654.0
20838.0 122635.0
21266.0 122337.0
21342.0 121843.0
21708.0 121693.0
22263.0 121297.0
24516.0 121296.0
24592.0 120794.0
28763.0 120729.0
29684.0 120354.0

18092.0 127601.0
18312.0 125645.0
18596.0 122896.0
18615.0 122678.0
19912.0 122654.0
21266.0 122337.0
21342.0 121843.0
21708.0 121693.0
22263.0 121297.0
24516.0 121296.0
24592.0 120794.0
28763.0 120753.0
29684.0 120354.0

18092.0 124007.0
18596.0 122772.0
18615.0 122262.0
19912.0 122238.0
20766.0 122213.0
21266.0 122195.0
21342.0 121538.0
21689.0 121537.0
21708.0 121486.0
22263.0 121297.0
24516.0 121296.0
24592.0 120794.0
24782.0 120224.0
25513.0 120076.0
29684.0 119638.0


