22211.0 231243.0
22263.0 226981.0
24785.0 226913.0
25451.0 226782.0
27741.0 224272.0

22740.0 249191.0
25010.0 241793.0
25490.0 239354.0
28687.0 237617.0

22740.0 249191.0
25010.0 241793.0
25490.0 239354.0
28687.0 237617.0

22740.0 249191.0
25010.0 241793.0
25490.0 239354.0
28687.0 237617.0

22740.0 249191.0
25010.0 241793.0
25490.0 239354.0
28687.0 237617.0

22740.0 249191.0
25010.0 241793.0
25490.0 239354.0
28687.0 237617.0

22740.0 249191.0
25010.0 241793.0
25490.0 239354.0
28687.0 237617.0

22740.0 249191.0
25010.0 241793.0
25490.0 239354.0
28687.0 237617.0

22740.0 249191.0
25010.0 241793.0
25490.0 239354.0
28687.0 237617.0

22740.0 249191.0
25010.0 241793.0
25490.0 239354.0
28687.0 237617.0

22740.0 249191.0
25010.0 241793.0
25490.0 239354.0
28687.0 237617.0


