16290.0 46556.0
16515.0 43062.0
16816.0 41717.0
16956.0 41606.0
16990.0 41396.0
17516.0 41164.0
18016.0 41083.0
18092.0 40466.0
18545.0 40444.0
18596.0 40337.0
19912.0 40313.0
21266.0 40310.0
21342.0 40064.0
21708.0 39975.0
24516.0 39972.0
24592.0 39916.0
24820.0 39865.0
25513.0 39758.0
27894.0 39757.0
28687.0 39755.0
28763.0 39631.0
31937.0 39630.0
32013.0 39572.0
32934.0 39512.0
36184.0 39385.0
40355.0 39278.0
43605.0 39153.0

16023.0 42383.0
16595.0 41988.0
16956.0 41637.0
17095.0 41538.0
18092.0 40646.0
18545.0 40629.0
18596.0 40337.0
19912.0 40313.0
21266.0 40312.0
21342.0 40064.0
21708.0 39975.0
24592.0 39916.0
24820.0 39865.0
28763.0 39632.0
32013.0 39573.0
36184.0 39499.0
39434.0 39410.0

16023.0 42383.0
16595.0 41988.0
16956.0 41637.0
17095.0 41538.0
18092.0 40646.0
18545.0 40629.0
18596.0 40337.0
19912.0 40313.0
21266.0 40312.0
21342.0 40064.0
21708.0 39975.0
24592.0 39916.0
24820.0 39865.0
25513.0 39758.0
28763.0 39632.0
32013.0 39573.0
36184.0 39499.0
39434.0 39410.0

16023.0 42383.0
16595.0 41988.0
16956.0 41637.0
17095.0 41538.0
18092.0 40646.0
18545.0 40629.0
18596.0 40337.0
19912.0 40313.0
21266.0 40312.0
21342.0 40064.0
21708.0 39975.0
24592.0 39916.0
24820.0 39865.0
25513.0 39758.0
28687.0 39757.0
28763.0 39632.0
32013.0 39573.0
36184.0 39469.0
39434.0 39410.0

16023.0 42383.0
16595.0 41988.0
16956.0 41637.0
17095.0 41538.0
18092.0 40646.0
18545.0 40629.0
18596.0 40337.0
19912.0 40313.0
21266.0 40312.0
21342.0 40064.0
21708.0 39975.0
24592.0 39916.0
24820.0 39865.0
25513.0 39758.0
28763.0 39632.0
32013.0 39573.0
36184.0 39499.0
39434.0 39410.0

16023.0 42383.0
16595.0 41988.0
16956.0 41637.0
17095.0 41538.0
18092.0 40646.0
18545.0 40629.0
18596.0 40337.0
19912.0 40313.0
21266.0 40310.0
21342.0 40064.0
21708.0 39975.0
24592.0 39916.0
24820.0 39865.0
25513.0 39758.0
28763.0 39632.0
32013.0 39573.0
36184.0 39475.0
39434.0 39410.0
43605.0 39153.0

16023.0 42383.0
16595.0 41988.0
16956.0 41637.0
17095.0 41538.0
18092.0 40646.0
18545.0 40629.0
18596.0 40337.0
19912.0 40313.0
21266.0 40312.0
21342.0 40064.0
21708.0 39975.0
24592.0 39916.0
24820.0 39865.0
25513.0 39758.0
28763.0 39632.0
32013.0 39573.0
36184.0 39499.0
39434.0 39410.0

16023.0 42383.0
16595.0 41988.0
16956.0 41637.0
17095.0 41538.0
18092.0 40646.0
18545.0 40629.0
18596.0 40337.0
19912.0 40313.0
21266.0 40310.0
21342.0 40064.0
21708.0 39975.0
24516.0 39974.0
24592.0 39916.0
24820.0 39865.0
25513.0 39758.0
28687.0 39757.0
28763.0 39632.0
32013.0 39573.0
32934.0 39512.0
36184.0 39410.0
40355.0 39279.0

16023.0 42383.0
16595.0 41988.0
16956.0 41637.0
17095.0 41538.0
18092.0 40646.0
18545.0 40629.0
18596.0 40337.0
19912.0 40313.0
21266.0 40312.0
21342.0 40064.0
21708.0 39975.0
24592.0 39916.0
24820.0 39865.0
25513.0 39758.0
28763.0 39632.0
32013.0 39573.0
36184.0 39499.0
39434.0 39410.0

16023.0 42383.0
16595.0 41988.0
16956.0 41637.0
17095.0 41538.0
18092.0 40646.0
18545.0 40629.0
18596.0 40337.0
19912.0 40313.0
21266.0 40312.0
21342.0 40064.0
21708.0 39975.0
24592.0 39916.0
24820.0 39865.0
28763.0 39632.0
32013.0 39573.0
36184.0 39499.0
39434.0 39410.0

16023.0 42383.0
16156.0 42102.0
16595.0 41707.0
16956.0 41637.0
16990.0 41604.0
17095.0 41538.0
17516.0 41209.0
18016.0 41110.0
18092.0 40466.0
18545.0 40444.0
18596.0 40337.0
19912.0 40313.0
21266.0 40310.0
21342.0 40064.0
21708.0 39975.0
24516.0 39972.0
24592.0 39916.0
24820.0 39865.0
25513.0 39758.0
28763.0 39632.0
32013.0 39573.0
32934.0 39525.0
36184.0 39386.0
39434.0 39327.0
43605.0 39153.0


