17492.0 43851.0
18092.0 41885.0
21708.0 41834.0
25513.0 41593.0

16816.0 47404.0
17996.0 47221.0
18092.0 45969.0
20066.0 45835.0
21266.0 45500.0
21795.0 44497.0
24237.0 44441.0

16816.0 47404.0
17996.0 47221.0
18092.0 45969.0
20066.0 45835.0
21266.0 45500.0
21795.0 44497.0
24237.0 44441.0

16816.0 47404.0
17996.0 47221.0
18092.0 45969.0
20066.0 45835.0
21266.0 45500.0
21795.0 44497.0
24237.0 44441.0

16816.0 47404.0
17996.0 47221.0
18092.0 45969.0
20066.0 45835.0
21266.0 45500.0
21795.0 44497.0
24237.0 44441.0

16816.0 47404.0
17996.0 47221.0
18092.0 45969.0
20066.0 45835.0
21266.0 45500.0
21795.0 44497.0
24237.0 44441.0

16816.0 47404.0
17996.0 47221.0
18092.0 45969.0
20066.0 45835.0
21266.0 45500.0
21795.0 44497.0
24237.0 44441.0

16816.0 47404.0
17996.0 47221.0
18092.0 45969.0
20066.0 45835.0
21266.0 45500.0
21795.0 44497.0
24237.0 44441.0

16816.0 47404.0
17996.0 47221.0
18092.0 45969.0
20066.0 45835.0
21266.0 45500.0
21795.0 44497.0
24237.0 44441.0

16816.0 47404.0
17996.0 47221.0
18092.0 45969.0
20066.0 45835.0
21266.0 45500.0
21795.0 44497.0
24237.0 44441.0

16816.0 47404.0
17996.0 47221.0
18092.0 45969.0
20066.0 45835.0
21266.0 45500.0
21795.0 44497.0
24237.0 44441.0


