16816.0 45981.0
16990.0 44917.0
17516.0 44685.0
18545.0 43857.0
18922.0 43146.0
20766.0 42653.0
24937.0 42600.0

17996.0 51604.0
18016.0 50955.0
18615.0 50165.0
21108.0 48282.0
21708.0 45986.0
22319.0 44726.0
23519.0 44431.0
24820.0 44370.0
29740.0 43279.0
37161.0 43129.0

17996.0 51604.0
18016.0 50955.0
18615.0 50165.0
21108.0 48282.0
21708.0 45986.0
22319.0 44726.0
23519.0 44431.0
24820.0 44370.0
29740.0 43279.0
37161.0 43129.0

17996.0 51149.0
18016.0 50955.0
18615.0 50165.0
21108.0 48282.0
21708.0 45986.0
22319.0 44726.0
23519.0 44431.0
24820.0 44370.0
29740.0 43279.0
37161.0 43129.0

17996.0 51604.0
18016.0 50955.0
18615.0 50165.0
21108.0 48282.0
21708.0 45986.0
22319.0 44726.0
23519.0 44431.0
24820.0 44370.0
29740.0 43279.0
37161.0 43129.0

17996.0 51604.0
18016.0 50955.0
18615.0 50165.0
21108.0 48282.0
21708.0 45986.0
22319.0 44726.0
23519.0 44431.0
24820.0 44370.0
29740.0 43279.0
37161.0 43129.0

17996.0 51604.0
18016.0 50955.0
18615.0 50165.0
21108.0 48282.0
21708.0 45986.0
22319.0 44726.0
23519.0 44431.0
24820.0 44370.0
29740.0 43279.0
37161.0 43129.0

17996.0 51493.0
18016.0 50955.0
18615.0 50165.0
20742.0 49919.0
21108.0 48282.0
21708.0 45986.0
22319.0 44726.0
23519.0 44431.0
24820.0 44370.0
29740.0 43279.0
37161.0 43129.0

17996.0 51604.0
18016.0 50955.0
18615.0 50165.0
21108.0 48282.0
21708.0 45986.0
22319.0 44726.0
23519.0 44431.0
24820.0 44370.0
29740.0 43279.0
37161.0 43129.0

17996.0 51149.0
18016.0 50955.0
18615.0 50165.0
21108.0 48282.0
21708.0 45986.0
22319.0 44726.0
23519.0 44431.0
24820.0 44370.0
29740.0 43279.0
37161.0 43129.0

17996.0 51604.0
18016.0 50955.0
18615.0 50165.0
21108.0 48282.0
21708.0 45986.0
22319.0 44726.0
23519.0 44431.0
24820.0 44370.0
29740.0 43279.0
37161.0 43129.0


