16136.0 45069.0
16156.0 44788.0
16745.0 42966.0
16816.0 41843.0
16956.0 41773.0
16990.0 41577.0
17345.0 41442.0
17516.0 41182.0
18016.0 41083.0
18092.0 40466.0
18545.0 40444.0
18596.0 40353.0
19912.0 40313.0
21266.0 40310.0
21342.0 40064.0
21708.0 39975.0
24516.0 39972.0
24592.0 39916.0
24820.0 39865.0
25513.0 39758.0
28687.0 39755.0
28763.0 39632.0
31937.0 39629.0
32013.0 39573.0
32934.0 39512.0
36184.0 39386.0
39434.0 39327.0
40355.0 39279.0

16816.0 41873.0
16956.0 41803.0
17516.0 41408.0
18016.0 41309.0
18092.0 40692.0
18545.0 40619.0
18596.0 40383.0
19912.0 40343.0
21266.0 40340.0
21342.0 40217.0
21708.0 39975.0
24516.0 39972.0
24592.0 39916.0
24820.0 39905.0
25513.0 39855.0
27843.0 39851.0
28763.0 39698.0
31937.0 39688.0
32013.0 39672.0
32934.0 39662.0
36184.0 39496.0
46855.0 39293.0

16023.0 45285.0
16122.0 45215.0
16571.0 44167.0
16816.0 41873.0
16956.0 41803.0
17345.0 41472.0
17516.0 41221.0
18016.0 41158.0
18092.0 40692.0
18545.0 40619.0
18596.0 40383.0
19912.0 40343.0
21266.0 40340.0
21342.0 40187.0
21708.0 39975.0
24516.0 39972.0
24592.0 39916.0
24820.0 39905.0
25513.0 39855.0
27843.0 39851.0
28763.0 39678.0
32013.0 39672.0
32934.0 39622.0
36184.0 39496.0
46855.0 39293.0

16816.0 41873.0
16956.0 41803.0
17345.0 41472.0
17516.0 41221.0
18016.0 41158.0
18092.0 40692.0
18545.0 40619.0
18596.0 40383.0
19912.0 40343.0
21266.0 40340.0
21342.0 40187.0
21708.0 39975.0
24516.0 39972.0
24592.0 39916.0
24820.0 39905.0
25513.0 39855.0
27843.0 39851.0
28763.0 39691.0
31937.0 39688.0
32013.0 39672.0
32934.0 39622.0
36184.0 39496.0
46855.0 39293.0

16816.0 41873.0
16956.0 41803.0
17345.0 41472.0
17516.0 41221.0
18016.0 41158.0
18092.0 40692.0
18545.0 40619.0
18596.0 40383.0
19912.0 40343.0
21266.0 40340.0
21342.0 40187.0
21708.0 39975.0
24516.0 39972.0
24592.0 39916.0
24820.0 39905.0
25513.0 39855.0
27843.0 39851.0
28763.0 39691.0
31937.0 39688.0
32013.0 39672.0
32934.0 39622.0
36184.0 39496.0
46855.0 39293.0

16816.0 41873.0
16956.0 41803.0
17516.0 41408.0
18016.0 41309.0
18092.0 40692.0
18545.0 40619.0
18596.0 40383.0
19912.0 40343.0
21266.0 40340.0
21342.0 40217.0
21708.0 39975.0
24516.0 39972.0
24592.0 39916.0
24820.0 39905.0
25513.0 39855.0
27843.0 39851.0
28763.0 39698.0
31937.0 39688.0
32013.0 39672.0
32934.0 39622.0
36108.0 39619.0
36184.0 39496.0
39434.0 39467.0
46855.0 39293.0

16595.0 42943.0
16816.0 41873.0
16956.0 41803.0
17345.0 41472.0
17516.0 41221.0
18016.0 41158.0
18092.0 40692.0
18545.0 40619.0
18596.0 40383.0
19912.0 40343.0
21266.0 40340.0
21342.0 40187.0
21708.0 39975.0
24516.0 39972.0
24592.0 39916.0
24820.0 39905.0
25513.0 39855.0
27843.0 39851.0
28763.0 39691.0
31937.0 39688.0
32013.0 39672.0
32934.0 39622.0
36184.0 39496.0
46855.0 39293.0

16595.0 42943.0
16816.0 41873.0
16956.0 41686.0
17345.0 41472.0
17516.0 41221.0
18016.0 41158.0
18092.0 40692.0
18545.0 40619.0
18596.0 40383.0
19912.0 40343.0
21266.0 40340.0
21342.0 40187.0
21708.0 39975.0
24516.0 39972.0
24592.0 39916.0
24820.0 39905.0
25513.0 39855.0
27843.0 39851.0
28763.0 39632.0
32934.0 39622.0
36108.0 39619.0
36184.0 39496.0
39434.0 39467.0
46855.0 39293.0

16595.0 42943.0
16816.0 41873.0
16956.0 41803.0
17345.0 41472.0
17516.0 41221.0
18016.0 41158.0
18092.0 40692.0
18545.0 40619.0
18596.0 40383.0
19912.0 40343.0
21266.0 40340.0
21342.0 40187.0
21708.0 39975.0
24516.0 39972.0
24592.0 39916.0
24820.0 39905.0
25513.0 39855.0
27843.0 39851.0
28763.0 39691.0
31937.0 39688.0
32013.0 39672.0
32934.0 39622.0
36184.0 39496.0
46855.0 39293.0

16816.0 41873.0
16956.0 41803.0
17516.0 41408.0
18016.0 41309.0
18092.0 40692.0
18545.0 40619.0
18596.0 40383.0
19912.0 40343.0
21266.0 40340.0
21342.0 40217.0
21708.0 39975.0
24516.0 39972.0
24592.0 39916.0
24820.0 39905.0
25513.0 39855.0
27843.0 39851.0
28763.0 39698.0
31937.0 39688.0
32013.0 39672.0
32934.0 39622.0
36108.0 39619.0
36184.0 39496.0
39434.0 39467.0
46855.0 39293.0

16515.0 42110.0
16595.0 41878.0
16816.0 41873.0
16956.0 41803.0
16990.0 41396.0
17516.0 41164.0
18016.0 41101.0
18092.0 40466.0
18545.0 40444.0
18596.0 40337.0
19912.0 40313.0
21266.0 40310.0
21342.0 40064.0
21708.0 39975.0
24516.0 39972.0
24592.0 39916.0
24820.0 39865.0
25513.0 39758.0
27894.0 39757.0
28763.0 39632.0
31937.0 39629.0
32013.0 39591.0
32934.0 39525.0
36184.0 39386.0
39434.0 39350.0
43605.0 39153.0
46855.0 39142.0
54276.0 39042.0


