16480.0 44106.0
16494.0 43862.0
16745.0 43540.0
16816.0 41843.0
16956.0 41773.0
16990.0 41423.0
17516.0 41378.0
18016.0 41279.0
18092.0 40466.0
18545.0 40444.0
18596.0 40337.0
19912.0 40313.0
21266.0 40310.0
21342.0 40064.0
21708.0 39975.0
24516.0 39972.0
24592.0 39916.0
24820.0 39865.0
25513.0 39758.0
28687.0 39755.0
28763.0 39631.0
31937.0 39629.0
32013.0 39573.0
32934.0 39511.0
36108.0 39509.0
36184.0 39386.0

16956.0 42181.0
16990.0 42067.0
17345.0 41905.0
17516.0 41672.0
18016.0 41573.0
18092.0 40694.0
18545.0 40672.0
18596.0 40425.0
19912.0 40401.0
21266.0 40398.0
21342.0 40253.0
24516.0 40250.0
24801.0 40038.0
25513.0 39846.0
27894.0 39781.0
28763.0 39698.0
32013.0 39669.0
32934.0 39613.0
36184.0 39474.0
39358.0 39462.0

16922.0 43116.0
16956.0 42181.0
16990.0 42067.0
17345.0 41905.0
17516.0 41672.0
18016.0 41573.0
18092.0 40694.0
18545.0 40672.0
18596.0 40425.0
19912.0 40401.0
21266.0 40398.0
21342.0 40253.0
24516.0 40250.0
24592.0 39915.0
25513.0 39846.0
27894.0 39781.0
28763.0 39698.0
31937.0 39695.0
32013.0 39572.0
36184.0 39474.0
39358.0 39462.0

16956.0 42181.0
16990.0 42067.0
17345.0 41905.0
17516.0 41672.0
18016.0 41573.0
18092.0 40694.0
18545.0 40672.0
18596.0 40425.0
19912.0 40401.0
21266.0 40398.0
21342.0 40253.0
24516.0 40250.0
24592.0 39915.0
25513.0 39846.0
27894.0 39781.0
28763.0 39698.0
32013.0 39572.0
36184.0 39474.0
39358.0 39462.0

16956.0 42181.0
16990.0 42067.0
17345.0 41905.0
17516.0 41672.0
18016.0 41573.0
18092.0 40694.0
18545.0 40672.0
18596.0 40425.0
19912.0 40401.0
21266.0 40398.0
21342.0 40253.0
24516.0 40250.0
24592.0 39915.0
25513.0 39846.0
27894.0 39781.0
28763.0 39698.0
32013.0 39572.0
36184.0 39474.0
39358.0 39462.0

16956.0 42181.0
16990.0 42067.0
17345.0 41905.0
17516.0 41672.0
18016.0 41573.0
18092.0 40694.0
18545.0 40672.0
18596.0 40425.0
19912.0 40401.0
21266.0 40398.0
21342.0 40253.0
24516.0 40250.0
24592.0 39915.0
25513.0 39846.0
27894.0 39781.0
28763.0 39698.0
32013.0 39572.0
36184.0 39474.0
39358.0 39462.0

16922.0 43116.0
16956.0 42181.0
16990.0 42067.0
17345.0 41905.0
17516.0 41654.0
18016.0 41573.0
18092.0 40694.0
18545.0 40672.0
18596.0 40425.0
19912.0 40401.0
21266.0 40398.0
21342.0 40253.0
21708.0 40235.0
24516.0 40232.0
24801.0 40038.0
25513.0 39846.0
27894.0 39781.0
28763.0 39698.0
31937.0 39695.0
32013.0 39669.0
32934.0 39613.0
36184.0 39474.0
39358.0 39462.0

16922.0 43116.0
16956.0 42181.0
16990.0 42067.0
17345.0 41905.0
17516.0 41654.0
18016.0 41573.0
18092.0 40694.0
18545.0 40672.0
18596.0 40425.0
19912.0 40401.0
21266.0 40398.0
21342.0 40186.0
21708.0 40063.0
24516.0 40060.0
24592.0 39915.0
25513.0 39846.0
27894.0 39757.0
28763.0 39631.0
32013.0 39572.0
35187.0 39569.0
36184.0 39474.0
39358.0 39406.0
46779.0 39324.0

16922.0 43116.0
16956.0 42181.0
16990.0 42067.0
17345.0 41905.0
17516.0 41654.0
18016.0 41573.0
18092.0 40694.0
18545.0 40672.0
18596.0 40425.0
19912.0 40401.0
21266.0 40398.0
21342.0 40253.0
21708.0 40235.0
24516.0 40232.0
24801.0 40038.0
25513.0 39846.0
27894.0 39781.0
28763.0 39698.0
31937.0 39695.0
32013.0 39669.0
32934.0 39613.0
36184.0 39474.0
39358.0 39462.0

16816.0 42903.0
16956.0 42181.0
16990.0 41839.0
17345.0 41677.0
17516.0 41426.0
18016.0 41345.0
18092.0 40466.0
18545.0 40444.0
18596.0 40337.0
19912.0 40313.0
21266.0 40310.0
21342.0 40186.0
21708.0 40106.0
24592.0 39915.0
25513.0 39846.0
27894.0 39781.0
28763.0 39631.0
32013.0 39572.0
35187.0 39569.0
36184.0 39474.0
39358.0 39462.0
39434.0 39326.0

16093.0 44681.0
16290.0 43500.0
16816.0 42722.0
16956.0 42181.0
16990.0 41658.0
17516.0 41426.0
18016.0 41345.0
18092.0 40466.0
18545.0 40444.0
18596.0 40337.0
19912.0 40313.0
21266.0 40310.0
21342.0 40064.0
21708.0 39975.0
24516.0 39974.0
24592.0 39916.0
24820.0 39865.0
25513.0 39758.0
27894.0 39757.0
28763.0 39631.0
32013.0 39573.0
32934.0 39512.0
36184.0 39386.0
39434.0 39327.0
40355.0 39279.0
43605.0 39153.0
46855.0 39094.0


