17095.0 47877.0
18016.0 47666.0
18092.0 44174.0
20838.0 43109.0
25513.0 41834.0

16495.0 45829.0
20857.0 44744.0
25513.0 42780.0

16495.0 45829.0
20166.0 45108.0
20857.0 44744.0
24820.0 44425.0
25513.0 42780.0

16495.0 45829.0
20857.0 44744.0
25513.0 42780.0

16495.0 45829.0
20742.0 44805.0
20857.0 44744.0
25513.0 42780.0
28763.0 42313.0
36184.0 41970.0

16495.0 45829.0
20857.0 44744.0
25513.0 42780.0

16495.0 45829.0
20857.0 44744.0
25513.0 42780.0

16495.0 45829.0
20857.0 44744.0
25513.0 42780.0

16495.0 45829.0
18623.0 44572.0
20742.0 44261.0
24128.0 43838.0
25513.0 42780.0

16495.0 45829.0
20857.0 44744.0
25513.0 42780.0

16495.0 45829.0
20857.0 44744.0
21708.0 44145.0
25513.0 42780.0


