17492.0 53089.0
18092.0 42319.0
21266.0 42200.0
21755.0 41927.0

17736.0 45805.0
21108.0 44846.0
27313.0 44543.0
38758.0 43490.0

17736.0 45805.0
21108.0 44846.0
27313.0 44543.0
38758.0 43490.0

17736.0 45805.0
17996.0 45478.0
20569.0 44741.0
24201.0 44364.0
30406.0 44122.0
38758.0 43490.0

17736.0 45805.0
17996.0 45478.0
20569.0 44741.0
24201.0 44364.0
30406.0 44122.0
38758.0 43490.0

17736.0 45805.0
17945.0 45457.0
20569.0 44741.0
24201.0 44364.0
30406.0 44122.0
38758.0 43490.0

17736.0 45805.0
21108.0 44846.0
27313.0 44543.0
38758.0 43490.0

17736.0 45805.0
21108.0 44846.0
27313.0 44543.0
38758.0 43490.0

17736.0 45805.0
17996.0 45478.0
20569.0 44741.0
27313.0 44543.0
38758.0 43490.0

17736.0 45805.0
21108.0 44846.0
27313.0 44543.0
38758.0 43490.0

17279.0 50857.0
17736.0 45805.0
21108.0 44846.0
27313.0 44543.0
38758.0 43490.0


