16990.0 42436.0
17745.0 42211.0
19987.0 41855.0
21266.0 41736.0
21708.0 41634.0
27913.0 40848.0
30155.0 40623.0

16816.0 55207.0
17945.0 54901.0
18148.0 44180.0
21266.0 43452.0

16816.0 55207.0
17945.0 54901.0
18148.0 44180.0
21266.0 43452.0

16816.0 55207.0
17945.0 54901.0
18148.0 44180.0
21266.0 43452.0

16816.0 55207.0
17945.0 54901.0
18148.0 44180.0
21266.0 43452.0

16816.0 55207.0
17945.0 54901.0
18148.0 44180.0
21266.0 43452.0

16816.0 55207.0
17945.0 54901.0
18148.0 44180.0
21266.0 43452.0

16816.0 55207.0
17945.0 54901.0
18148.0 44180.0
21266.0 43452.0

16816.0 55207.0
17945.0 54901.0
18148.0 44180.0
21266.0 43452.0

16816.0 55207.0
17945.0 54901.0
18148.0 44180.0
21266.0 43452.0

16816.0 55207.0
17945.0 54901.0
18148.0 44180.0
21266.0 43452.0
28687.0 43158.0


