17492.0 53089.0
18092.0 42319.0
21266.0 42200.0
21755.0 41927.0

17736.0 45805.0
21108.0 44846.0
27313.0 44543.0
38758.0 43490.0

17736.0 45805.0
21108.0 44846.0
24201.0 43929.0
38758.0 43490.0

17736.0 45805.0
21108.0 44846.0
27313.0 44543.0
38758.0 43490.0

17736.0 45805.0
21108.0 44846.0
27313.0 44543.0
30406.0 44285.0
36611.0 44177.0
38758.0 43490.0

17736.0 45805.0
21108.0 44846.0
27313.0 44543.0
38758.0 43490.0

17736.0 45805.0
21108.0 44846.0
27313.0 44543.0
38758.0 43490.0

17736.0 45805.0
21108.0 44846.0
27313.0 44543.0
38758.0 43490.0

17736.0 45805.0
17996.0 45478.0
20569.0 44741.0
21708.0 44499.0
38758.0 43490.0

17736.0 45805.0
17945.0 45457.0
20569.0 44741.0
21708.0 44499.0
38758.0 43490.0

17279.0 50857.0
17736.0 45805.0
19246.0 45590.0
21108.0 44846.0
27313.0 44543.0
38758.0 43490.0


