15590.0 46212.0
16070.0 45889.0
16093.0 44475.0
16290.0 43294.0
16816.0 42451.0
16990.0 41387.0
17516.0 41268.0
18016.0 41169.0
18092.0 40496.0
18545.0 40479.0
18596.0 40367.0
19912.0 40313.0
21342.0 40064.0
21708.0 39975.0
24592.0 39916.0
24820.0 39884.0
25513.0 39758.0
28687.0 39757.0
28763.0 39632.0
31937.0 39631.0
32013.0 39573.0
32934.0 39512.0
36184.0 39386.0
39434.0 39327.0
43605.0 39304.0

16745.0 44830.0
16816.0 43460.0
16990.0 41453.0
17516.0 41221.0
18016.0 41185.0
18092.0 40466.0
18545.0 40444.0
18596.0 40367.0
21266.0 40342.0
21342.0 40128.0
21708.0 40066.0
24592.0 39940.0
25513.0 39868.0
27843.0 39864.0
28763.0 39793.0
31937.0 39784.0
32934.0 39629.0
36184.0 39559.0

16745.0 44830.0
16816.0 43460.0
16990.0 41453.0
17516.0 41221.0
18016.0 41185.0
18092.0 40466.0
18545.0 40444.0
18596.0 40337.0
19912.0 40313.0
21266.0 40312.0
21342.0 40064.0
21708.0 39975.0
24592.0 39916.0
24820.0 39865.0
25513.0 39841.0
28763.0 39632.0
32013.0 39619.0
32934.0 39512.0

16745.0 44830.0
16816.0 43017.0
16990.0 41423.0
17516.0 41191.0
18016.0 41128.0
18092.0 40466.0
18545.0 40444.0
18596.0 40337.0
19912.0 40313.0
21266.0 40312.0
21342.0 40064.0
21708.0 39975.0
24516.0 39974.0
24592.0 39916.0
24820.0 39865.0
25513.0 39841.0
28687.0 39816.0
28763.0 39656.0
32013.0 39619.0
32934.0 39512.0

16745.0 44830.0
16816.0 43430.0
16990.0 41423.0
17516.0 41191.0
18016.0 41128.0
18092.0 40466.0
18545.0 40444.0
18596.0 40337.0
19912.0 40313.0
21266.0 40312.0
21342.0 40064.0
21708.0 39975.0
24592.0 39916.0
24820.0 39865.0
25513.0 39841.0
28687.0 39803.0
28763.0 39632.0
32013.0 39619.0
32934.0 39512.0
36184.0 39453.0

16745.0 44830.0
16816.0 43460.0
16990.0 41453.0
17516.0 41221.0
18016.0 41158.0
18092.0 40466.0
18545.0 40444.0
18596.0 40337.0
19912.0 40313.0
21266.0 40312.0
21342.0 40064.0
21708.0 39975.0
24592.0 39916.0
24820.0 39865.0
25513.0 39841.0
28687.0 39803.0
28763.0 39632.0
32013.0 39619.0
32934.0 39512.0
36184.0 39453.0

16745.0 44830.0
16816.0 43430.0
16990.0 41423.0
17516.0 41191.0
18016.0 41128.0
18092.0 40466.0
18545.0 40444.0
18596.0 40337.0
19912.0 40313.0
21266.0 40312.0
21342.0 40064.0
21708.0 39975.0
24592.0 39916.0
25513.0 39868.0
27766.0 39864.0
28687.0 39816.0
28763.0 39691.0
32934.0 39629.0
36184.0 39559.0

16745.0 44830.0
16816.0 43430.0
16990.0 41423.0
17516.0 41191.0
18016.0 41128.0
18092.0 40466.0
18545.0 40444.0
18596.0 40337.0
19912.0 40313.0
21266.0 40312.0
21342.0 40064.0
21708.0 39975.0
24516.0 39974.0
24592.0 39916.0
25513.0 39868.0
27766.0 39864.0
28687.0 39816.0
28763.0 39678.0
31937.0 39677.0
32013.0 39632.0
32934.0 39629.0
36184.0 39559.0

16745.0 44830.0
16816.0 43430.0
16990.0 41423.0
17516.0 41191.0
18016.0 41128.0
18092.0 40466.0
18545.0 40444.0
18596.0 40337.0
19912.0 40313.0
21266.0 40312.0
21342.0 40064.0
21708.0 39975.0
24592.0 39916.0
25513.0 39868.0
27766.0 39864.0
28687.0 39816.0
28763.0 39691.0
32934.0 39629.0
36184.0 39559.0

16745.0 44830.0
16816.0 43460.0
16990.0 41453.0
17516.0 41221.0
18016.0 41185.0
18092.0 40466.0
18545.0 40444.0
18596.0 40337.0
19912.0 40313.0
21266.0 40312.0
21342.0 40064.0
21708.0 39975.0
24592.0 39916.0
24820.0 39865.0
25513.0 39841.0
28763.0 39632.0
32013.0 39596.0
32934.0 39549.0
36184.0 39386.0

16515.0 44297.0
16526.0 44053.0
16726.0 43366.0
16816.0 41949.0
16956.0 41576.0
16990.0 41423.0
17516.0 41191.0
18016.0 41110.0
18092.0 40466.0
18545.0 40444.0
18596.0 40337.0
19912.0 40313.0
21266.0 40310.0
21342.0 40064.0
21708.0 39975.0
24516.0 39974.0
24592.0 39916.0
24820.0 39865.0
25513.0 39758.0
28687.0 39757.0
28763.0 39632.0
31937.0 39631.0
32013.0 39573.0
32934.0 39512.0
36184.0 39386.0
39434.0 39327.0


