18122.0 52789.0
18615.0 43732.0
20066.0 42686.0
20857.0 42461.0
23316.0 42457.0
23950.0 42267.0
25513.0 41876.0
28763.0 41841.0

18122.0 56468.0
18671.0 49780.0
18805.0 46138.0
19313.0 44610.0
20666.0 43403.0
28087.0 42530.0

18122.0 56468.0
18671.0 49780.0
18805.0 46138.0
19313.0 44610.0
20666.0 43403.0
28087.0 42530.0

18122.0 56468.0
18671.0 49780.0
18805.0 46138.0
19313.0 44610.0
20666.0 43403.0
28087.0 42530.0

18122.0 56468.0
18671.0 49780.0
18805.0 46138.0
19313.0 44610.0
20666.0 43403.0
28087.0 42530.0

18122.0 56468.0
18671.0 49780.0
18805.0 46138.0
19313.0 44610.0
20666.0 43403.0
28087.0 42530.0

18122.0 56468.0
18671.0 49780.0
18805.0 46138.0
19313.0 44610.0
20666.0 43403.0
28087.0 42530.0

18122.0 56468.0
18671.0 49780.0
18805.0 46138.0
19313.0 44610.0
20666.0 43403.0
28087.0 42530.0

18122.0 56468.0
18671.0 49780.0
18805.0 46138.0
19313.0 44610.0
20666.0 43403.0
28087.0 42530.0

18122.0 56468.0
18671.0 49780.0
18805.0 46138.0
19313.0 44610.0
20666.0 43403.0
28087.0 42530.0

18122.0 56468.0
18671.0 49780.0
18805.0 46138.0
19313.0 44610.0
20666.0 43403.0
28087.0 42530.0


