16515.0 51359.0
16816.0 41678.0
16956.0 41567.0
17516.0 41255.0
18016.0 41156.0
18092.0 40466.0
18545.0 40444.0
18596.0 40337.0
19912.0 40313.0
21266.0 40310.0
21342.0 40064.0
21708.0 39975.0
24516.0 39972.0
24592.0 39915.0
24820.0 39865.0
25513.0 39758.0
27894.0 39757.0
28687.0 39755.0
28763.0 39631.0
31937.0 39629.0
32013.0 39572.0
32934.0 39511.0
36184.0 39385.0
39358.0 39383.0
39434.0 39327.0
40355.0 39279.0
43529.0 39278.0
43605.0 39153.0
46855.0 39094.0
51026.0 39071.0

16515.0 42615.0
16571.0 41718.0
17171.0 40768.0
18092.0 40496.0
18596.0 40367.0
19912.0 40343.0
21342.0 40088.0
21708.0 39975.0
24516.0 39974.0
24592.0 39939.0
25513.0 39868.0
28763.0 39632.0
32013.0 39620.0

16515.0 42615.0
16571.0 41718.0
17171.0 40768.0
18092.0 40496.0
18596.0 40367.0
19912.0 40343.0
21342.0 40088.0
21708.0 39975.0
24516.0 39974.0
24592.0 39939.0
25513.0 39868.0
28763.0 39632.0
32013.0 39620.0

16515.0 42615.0
16571.0 41718.0
17171.0 40768.0
18092.0 40496.0
18596.0 40367.0
19912.0 40343.0
21342.0 40088.0
21708.0 39975.0
24516.0 39974.0
24592.0 39939.0
25513.0 39868.0
28763.0 39632.0
32013.0 39620.0

16515.0 42615.0
16571.0 41718.0
17171.0 40768.0
18092.0 40496.0
18596.0 40367.0
19912.0 40343.0
21342.0 40088.0
21708.0 39975.0
24516.0 39974.0
24592.0 39939.0
25513.0 39868.0
28763.0 39632.0
32013.0 39620.0

16515.0 42615.0
16571.0 41718.0
17171.0 40768.0
18092.0 40496.0
18596.0 40367.0
19912.0 40343.0
21342.0 40088.0
21708.0 39975.0
24516.0 39974.0
24592.0 39939.0
25513.0 39868.0
28763.0 39632.0
32013.0 39620.0

16515.0 42615.0
16571.0 41718.0
17171.0 40768.0
18092.0 40496.0
18596.0 40367.0
19912.0 40343.0
21342.0 40088.0
21708.0 39975.0
24516.0 39974.0
24592.0 39939.0
25513.0 39868.0
28763.0 39632.0
32013.0 39620.0

16515.0 42615.0
16571.0 41718.0
17171.0 40768.0
18092.0 40496.0
18596.0 40367.0
19912.0 40343.0
21342.0 40088.0
21708.0 39975.0
24516.0 39974.0
24592.0 39939.0
25513.0 39868.0
28763.0 39632.0
32013.0 39620.0

16515.0 42615.0
16571.0 41718.0
17171.0 40768.0
18092.0 40496.0
18596.0 40367.0
19912.0 40343.0
21342.0 40088.0
21708.0 39975.0
24516.0 39974.0
24592.0 39939.0
25513.0 39868.0
28763.0 39632.0
32013.0 39620.0

16515.0 42615.0
16571.0 41718.0
17171.0 40768.0
18092.0 40496.0
18596.0 40367.0
19912.0 40343.0
21342.0 40088.0
21708.0 39975.0
24516.0 39974.0
24592.0 39939.0
25513.0 39868.0
28763.0 39632.0
32013.0 39620.0

16515.0 41267.0
16595.0 41053.0
17095.0 40954.0
17171.0 40768.0
18092.0 40466.0
18545.0 40444.0
18596.0 40337.0
19912.0 40313.0
21266.0 40310.0
21342.0 40064.0
21708.0 39975.0
24516.0 39972.0
24592.0 39915.0
24820.0 39865.0
25513.0 39758.0
28687.0 39757.0
28763.0 39631.0
32013.0 39573.0
32934.0 39512.0
36184.0 39386.0
39358.0 39385.0
39434.0 39327.0
42684.0 39304.0
46855.0 39094.0
51026.0 39071.0


