17516.0 43820.0
18856.0 43749.0
19980.0 42899.0
21708.0 42564.0

16515.0 47422.0
18596.0 46037.0
18856.0 45523.0
21104.0 43194.0
28763.0 42189.0

16515.0 47422.0
18596.0 46037.0
18856.0 45523.0
21104.0 43194.0
28763.0 42189.0

16515.0 47422.0
18596.0 46037.0
18856.0 45523.0
21104.0 43194.0
28763.0 42189.0

16515.0 47422.0
18596.0 46037.0
18856.0 45523.0
21104.0 43194.0
28763.0 42189.0

16515.0 47422.0
18596.0 46037.0
18856.0 45523.0
21104.0 43194.0
28763.0 42189.0

16515.0 47422.0
18596.0 46037.0
18856.0 45523.0
21104.0 43194.0
28763.0 42189.0

16515.0 47422.0
18596.0 46037.0
18856.0 45523.0
21104.0 43194.0
28763.0 42189.0

16515.0 47422.0
18122.0 46899.0
18596.0 46037.0
18856.0 45523.0
21104.0 43194.0
28763.0 42189.0

16515.0 47422.0
18596.0 46037.0
18856.0 45523.0
21104.0 43194.0
28763.0 42189.0

16515.0 47422.0
18596.0 46037.0
18856.0 45523.0
21104.0 43194.0
28763.0 42189.0


