16515.0 52323.0
16526.0 51392.0
16816.0 43650.0
18526.0 43628.0
18577.0 43341.0
21689.0 42279.0

17279.0 45673.0
21342.0 44602.0
28763.0 44127.0
29815.0 43239.0

17279.0 45673.0
21342.0 44602.0
28763.0 44127.0
29815.0 43239.0

17279.0 45673.0
21342.0 44602.0
28763.0 44127.0
29815.0 43239.0

17279.0 45673.0
21342.0 44602.0
28763.0 44127.0
29815.0 43239.0

17279.0 45673.0
21342.0 44602.0
28763.0 44127.0
29815.0 43239.0

17279.0 45673.0
21342.0 44602.0
28763.0 44127.0
29815.0 43239.0

17279.0 45673.0
21342.0 44602.0
28763.0 44127.0
29815.0 43239.0

17279.0 45673.0
18596.0 44564.0
20766.0 44529.0
28763.0 44127.0
29815.0 43239.0

17279.0 45673.0
21342.0 44602.0
28763.0 44127.0
29815.0 43239.0

17279.0 45673.0
21342.0 44602.0
28763.0 44127.0
29815.0 43239.0


