17492.0 85062.0
18092.0 81350.0
18596.0 80674.0
19912.0 80626.0
21266.0 80623.0
21342.0 80373.0
21708.0 80017.0
24516.0 80014.0
24592.0 79831.0
24820.0 79749.0
25513.0 79516.0
28763.0 79262.0
31937.0 79261.0
32013.0 79145.0
32934.0 79124.0
35187.0 79121.0
35263.0 79101.0
36184.0 78801.0
39434.0 78765.0
42608.0 78763.0
46855.0 78745.0
51026.0 78728.0

16023.0 100994.0
16156.0 98910.0
16290.0 96759.0
16595.0 95711.0
16956.0 88587.0
17326.0 87124.0
17492.0 86646.0
17516.0 86278.0
17996.0 85872.0
18092.0 82197.0
18596.0 81777.0
19112.0 81648.0
19912.0 81499.0
21266.0 81304.0
21342.0 80548.0
21708.0 80393.0
22263.0 80356.0
24516.0 80340.0
24592.0 80248.0
24801.0 80199.0
24820.0 80197.0
25513.0 79996.0
27690.0 79984.0
27766.0 79815.0
28763.0 79721.0
29684.0 79599.0
31937.0 79526.0
32013.0 79378.0
36108.0 79214.0
36184.0 79167.0
39358.0 79106.0
39434.0 79038.0
42532.0 78891.0
42608.0 78768.0
45782.0 78765.0
53203.0 78684.0
53279.0 78494.0
56453.0 78108.0
60624.0 78015.0
60700.0 77949.0
63874.0 77944.0

18922.0 102565.0
20457.0 98698.0
21661.0 98583.0
21708.0 94454.0
22461.0 94204.0
23350.0 93887.0
24976.0 93212.0
25010.0 92221.0
28687.0 91471.0
32934.0 90369.0

18922.0 102565.0
20457.0 90451.0
23992.0 87934.0

17492.0 84156.0
17516.0 83924.0
18092.0 81902.0
18545.0 81194.0
18596.0 80950.0
19912.0 80902.0
21266.0 80899.0
21342.0 80281.0
21708.0 79990.0
24516.0 79946.0
24592.0 79928.0
24801.0 79927.0
24820.0 79876.0
25513.0 79556.0
27843.0 79534.0
28687.0 79513.0
28763.0 79302.0
31937.0 79260.0
32013.0 79241.0
32934.0 79075.0
36108.0 79032.0
36184.0 78823.0
43605.0 78719.0

17996.0 84053.0
18016.0 83940.0
18092.0 81655.0
18545.0 81633.0
18596.0 80980.0
19912.0 80851.0
21266.0 80848.0
21342.0 80599.0
21708.0 80175.0
24516.0 80174.0
24592.0 80139.0
25513.0 79935.0
28763.0 79683.0
31937.0 79680.0
32013.0 79631.0
36184.0 79450.0

17996.0 84053.0
18016.0 83940.0
18092.0 81655.0
18545.0 81633.0
18596.0 80980.0
19912.0 80851.0
21266.0 80848.0
21342.0 80599.0
21708.0 80175.0
24516.0 80174.0
24592.0 80139.0
25513.0 79935.0
28763.0 79683.0
31937.0 79680.0
32013.0 79631.0
36184.0 79450.0

17996.0 84053.0
18016.0 83940.0
18092.0 81655.0
18545.0 81633.0
18596.0 80980.0
19912.0 80851.0
21266.0 80848.0
21342.0 80599.0
21708.0 80175.0
24516.0 80174.0
24592.0 80139.0
25513.0 79935.0
28763.0 79683.0
31937.0 79680.0
32013.0 79631.0
36184.0 79450.0

17996.0 84053.0
18016.0 83940.0
18092.0 81655.0
18545.0 81633.0
18596.0 80980.0
19912.0 80851.0
21266.0 80848.0
21342.0 80599.0
21708.0 80175.0
24516.0 80174.0
24592.0 80139.0
25513.0 79935.0
28763.0 79683.0
31937.0 79680.0
32013.0 79631.0
36184.0 79450.0

17996.0 84053.0
18016.0 83940.0
18092.0 81655.0
18545.0 81633.0
18596.0 80980.0
19912.0 80851.0
21266.0 80848.0
21342.0 80599.0
21708.0 80175.0
24516.0 80174.0
24592.0 80139.0
25513.0 79935.0
28763.0 79683.0
31937.0 79680.0
32013.0 79631.0
35263.0 79614.0
36184.0 79450.0

17996.0 84053.0
18016.0 83940.0
18092.0 81655.0
18545.0 81633.0
18596.0 80980.0
19912.0 80851.0
21266.0 80848.0
21342.0 80599.0
21708.0 80175.0
24516.0 80174.0
24592.0 80139.0
25513.0 79935.0
28763.0 79683.0
31937.0 79680.0
32013.0 79631.0
36184.0 79450.0

17996.0 84053.0
18016.0 83940.0
18092.0 81655.0
18545.0 81633.0
18596.0 80980.0
19912.0 80851.0
21266.0 80848.0
21342.0 80599.0
21708.0 80175.0
24516.0 80174.0
24592.0 80139.0
25513.0 79935.0
28763.0 79683.0
31937.0 79680.0
32013.0 79631.0
36184.0 79450.0

17996.0 84053.0
18016.0 83940.0
18092.0 81655.0
18545.0 81633.0
18596.0 80980.0
19912.0 80851.0
21266.0 80848.0
21342.0 80599.0
21708.0 80175.0
24516.0 80174.0
24592.0 80139.0
25513.0 79935.0
28763.0 79683.0
31937.0 79680.0
32013.0 79631.0
36184.0 79450.0

17996.0 84053.0
18016.0 83940.0
18092.0 81655.0
18545.0 81633.0
18596.0 80980.0
19912.0 80851.0
21266.0 80848.0
21342.0 80599.0
21708.0 80175.0
24516.0 80174.0
24592.0 80139.0
25513.0 79935.0
28763.0 79683.0
31937.0 79680.0
32013.0 79631.0
36184.0 79450.0

17996.0 84053.0
18016.0 83940.0
18092.0 81655.0
18545.0 81633.0
18596.0 80980.0
19912.0 80851.0
21266.0 80848.0
21342.0 80599.0
21708.0 80175.0
24516.0 80174.0
24592.0 80139.0
25513.0 79935.0
28763.0 79683.0
31937.0 79680.0
32013.0 79631.0
35187.0 79327.0


