17745.0 86393.0
18092.0 81340.0
18545.0 81318.0
18596.0 80762.0
19912.0 80714.0
21266.0 80711.0
21342.0 80250.0
21708.0 80038.0
24516.0 80034.0
24592.0 79889.0
25513.0 79669.0
27766.0 79668.0
27862.0 79651.0
27894.0 79650.0
28763.0 79263.0
31937.0 79260.0
32013.0 79205.0
32934.0 79084.0
35187.0 79083.0
35263.0 79056.0
36184.0 78778.0
39358.0 78775.0
39434.0 78713.0
42684.0 78587.0
43605.0 78468.0

16023.0 95911.0
16571.0 93994.0
17492.0 90737.0
17923.0 87998.0
17996.0 87261.0
18016.0 84250.0
18092.0 83183.0
18312.0 83019.0
18545.0 82948.0
18596.0 82375.0
18615.0 81286.0
19912.0 81023.0
21266.0 80805.0
21342.0 80404.0
24516.0 80312.0
25513.0 79867.0
28763.0 79719.0
29684.0 79676.0
32934.0 79166.0
36184.0 79040.0
40355.0 78980.0
47700.0 78909.0
47776.0 78668.0
51026.0 78625.0
54276.0 78214.0
63874.0 77944.0

20489.0 100741.0
21364.0 95567.0
21708.0 93676.0
22716.0 92431.0
24150.0 89335.0

20489.0 100448.0
21089.0 89916.0
24150.0 89335.0

18092.0 81236.0
18545.0 81192.0
18596.0 80785.0
19912.0 80721.0
21266.0 80718.0
21342.0 80345.0
21708.0 80017.0
24516.0 80014.0
24592.0 79956.0
24820.0 79890.0
25513.0 79642.0
27766.0 79622.0
27842.0 79606.0
28763.0 79330.0
31937.0 79327.0
32013.0 79146.0
35187.0 79143.0
36184.0 78814.0
39434.0 78653.0
40355.0 78606.0
42608.0 78603.0
43605.0 78480.0
46855.0 78398.0

17145.0 86068.0
17171.0 85118.0
17492.0 85102.0
17745.0 82918.0
18016.0 82848.0
18092.0 81676.0
18545.0 80928.0
18596.0 80832.0
19912.0 80744.0
21266.0 80736.0
21342.0 80250.0
21708.0 80161.0
24516.0 80160.0
25513.0 80022.0
27913.0 79977.0
28763.0 79524.0
32013.0 79459.0
36184.0 79187.0
46855.0 79175.0

17145.0 86068.0
17171.0 85118.0
17492.0 85102.0
17745.0 82918.0
18016.0 82848.0
18092.0 81676.0
18545.0 80928.0
18596.0 80832.0
19912.0 80744.0
21266.0 80736.0
21342.0 80250.0
21708.0 80161.0
24516.0 80160.0
25513.0 80022.0
27913.0 79977.0
28763.0 79524.0
32013.0 79459.0
36184.0 79187.0
46855.0 79175.0

17145.0 86068.0
17171.0 85118.0
17492.0 85102.0
17745.0 82918.0
18016.0 82848.0
18092.0 81676.0
18545.0 80928.0
18596.0 80832.0
19912.0 80744.0
21266.0 80736.0
21342.0 80250.0
21708.0 80161.0
24516.0 80160.0
25513.0 80022.0
27913.0 79977.0
28763.0 79524.0
32013.0 79459.0
36184.0 79187.0
46855.0 79175.0

17145.0 86068.0
17171.0 85118.0
17492.0 85102.0
17745.0 82918.0
18016.0 82848.0
18092.0 81676.0
18545.0 80928.0
18596.0 80832.0
19912.0 80744.0
21266.0 80736.0
21342.0 80250.0
21708.0 80161.0
24516.0 80160.0
25513.0 80022.0
27913.0 79977.0
28763.0 79524.0
32013.0 79459.0
36184.0 79187.0
46855.0 79175.0

17145.0 86068.0
17171.0 85118.0
17492.0 85102.0
17745.0 82918.0
18016.0 82848.0
18092.0 81676.0
18545.0 80928.0
18596.0 80832.0
19912.0 80744.0
21266.0 80736.0
21342.0 80250.0
21708.0 80161.0
24516.0 80160.0
25513.0 80022.0
27913.0 79977.0
28763.0 79524.0
32013.0 79459.0
36184.0 79187.0
46855.0 79175.0

17145.0 86068.0
17171.0 85118.0
17492.0 85102.0
17745.0 82918.0
18016.0 82848.0
18092.0 81676.0
18545.0 80928.0
18596.0 80832.0
19912.0 80744.0
21266.0 80736.0
21342.0 80250.0
21708.0 80161.0
24516.0 80160.0
25513.0 80022.0
27913.0 79977.0
28763.0 79524.0
32013.0 79459.0
36184.0 79187.0
46855.0 79175.0

17145.0 86068.0
17171.0 85118.0
17492.0 85102.0
17745.0 82918.0
18016.0 82848.0
18092.0 81676.0
18545.0 80928.0
18596.0 80832.0
19912.0 80744.0
21266.0 80736.0
21342.0 80250.0
21708.0 80161.0
24516.0 80160.0
25513.0 80022.0
27913.0 79977.0
28763.0 79524.0
32013.0 79459.0
36184.0 79187.0
46855.0 79175.0

17145.0 86068.0
17171.0 85118.0
17492.0 85102.0
17745.0 82918.0
18016.0 82848.0
18092.0 81676.0
18545.0 80928.0
18596.0 80832.0
19912.0 80744.0
21266.0 80736.0
21342.0 80250.0
21708.0 80161.0
24516.0 80160.0
25513.0 80022.0
27913.0 79977.0
28763.0 79524.0
32013.0 79459.0
36184.0 79187.0
46855.0 79175.0

17145.0 86068.0
17171.0 85118.0
17492.0 85102.0
17745.0 82918.0
18016.0 82848.0
18092.0 81676.0
18545.0 80928.0
18596.0 80832.0
19912.0 80744.0
21266.0 80736.0
21342.0 80250.0
21708.0 80161.0
24516.0 80160.0
25513.0 80022.0
27913.0 79977.0
28763.0 79524.0
32013.0 79459.0
36184.0 79187.0
46855.0 79175.0

17145.0 86068.0
17171.0 85118.0
17492.0 85102.0
17745.0 82918.0
18016.0 82848.0
18092.0 81676.0
18545.0 80928.0
18596.0 80832.0
19912.0 80744.0
21266.0 80736.0
21342.0 80250.0
21708.0 80161.0
24516.0 80160.0
25513.0 80022.0
27913.0 79977.0
28763.0 79524.0
32013.0 79459.0
36184.0 79187.0
46855.0 79175.0


