16956.0 84753.0
16990.0 83689.0
17516.0 83062.0
18016.0 82963.0
18092.0 81918.0
18545.0 81901.0
18596.0 80848.0
18615.0 80796.0
19912.0 80756.0
20387.0 80732.0
21266.0 80729.0
21342.0 80128.0
21708.0 79950.0
24516.0 79947.0
24592.0 79854.0
24820.0 79804.0
25513.0 79516.0
27894.0 79514.0
28687.0 79511.0
28763.0 79262.0
31937.0 79259.0
32013.0 79168.0
32934.0 79022.0
36184.0 78770.0
39434.0 78724.0
40355.0 78556.0
43605.0 78304.0
46855.0 78245.0
51026.0 78222.0

16023.0 108103.0
16290.0 98663.0
16419.0 98600.0
16515.0 93568.0
16816.0 93089.0
17019.0 91580.0
17279.0 90274.0
17492.0 85918.0
17996.0 85490.0
18092.0 81935.0
18596.0 81526.0
18615.0 81187.0
19912.0 80910.0
20421.0 80874.0
21342.0 80316.0
21708.0 80168.0
24592.0 80039.0
25513.0 79842.0
27913.0 79818.0
28687.0 79730.0
28763.0 79459.0
32013.0 79423.0
32934.0 79300.0
36108.0 79249.0
36184.0 78993.0
39358.0 78912.0
39434.0 78802.0
42684.0 78780.0
43605.0 78654.0
63874.0 77944.0

18615.0 102597.0
20457.0 98616.0
21266.0 97966.0
21440.0 97434.0
21708.0 95565.0
22495.0 95270.0
22936.0 94733.0
24617.0 91183.0
30885.0 90117.0
32805.0 89118.0
32867.0 89057.0

18494.0 96083.0
21342.0 90744.0
22699.0 90014.0
26490.0 89962.0
26600.0 88393.0
26662.0 87375.0
27062.0 84375.0
36184.0 84228.0

18016.0 84499.0
18092.0 81461.0
18545.0 81201.0
18596.0 80785.0
19912.0 80626.0
21266.0 80623.0
21342.0 80128.0
21708.0 79950.0
24516.0 79947.0
24592.0 79854.0
24820.0 79839.0
25513.0 79623.0
27766.0 79622.0
27842.0 79587.0
27894.0 79586.0
28763.0 79351.0
31937.0 79348.0
32013.0 79168.0
32934.0 79143.0
36184.0 78851.0
39434.0 78689.0
40355.0 78618.0
43605.0 78373.0
46855.0 78210.0

17516.0 83633.0
18092.0 82052.0
18545.0 81962.0
18596.0 81131.0
18615.0 80846.0
19912.0 80782.0
20421.0 80746.0
21342.0 80386.0
21708.0 80208.0
24516.0 80207.0
24592.0 80035.0
24801.0 79996.0
24820.0 79878.0
27766.0 79877.0
27842.0 79842.0
27913.0 79772.0
28763.0 79517.0
31937.0 79516.0
32013.0 79499.0
32934.0 79376.0
35187.0 79223.0
43605.0 79125.0
46855.0 78967.0
51026.0 78944.0

17516.0 83633.0
18092.0 82052.0
18545.0 81962.0
18596.0 81131.0
18615.0 80846.0
19912.0 80782.0
20421.0 80746.0
21342.0 80386.0
21708.0 80208.0
24516.0 80207.0
24592.0 80035.0
24801.0 79996.0
24820.0 79878.0
27766.0 79877.0
27842.0 79842.0
27913.0 79805.0
28763.0 79517.0
31937.0 79516.0
32013.0 79499.0
32934.0 79376.0
35187.0 79223.0
43605.0 79125.0
46855.0 78967.0
51026.0 78944.0

17516.0 83633.0
18092.0 82052.0
18545.0 81962.0
18596.0 81131.0
18615.0 80846.0
19912.0 80782.0
20421.0 80746.0
21342.0 80386.0
21708.0 80208.0
24516.0 80207.0
24592.0 80035.0
24801.0 79996.0
24820.0 79878.0
27766.0 79877.0
27842.0 79842.0
27913.0 79805.0
28763.0 79517.0
31937.0 79516.0
32013.0 79499.0
32934.0 79376.0
35187.0 79223.0
43605.0 79125.0
46855.0 78967.0
51026.0 78944.0

17516.0 83633.0
18092.0 82052.0
18545.0 81962.0
18596.0 81131.0
18615.0 80846.0
19912.0 80782.0
20421.0 80746.0
21342.0 80386.0
21708.0 80208.0
24516.0 80207.0
24592.0 80035.0
24801.0 79996.0
24820.0 79878.0
27766.0 79877.0
27842.0 79842.0
27913.0 79805.0
28763.0 79517.0
31937.0 79516.0
32013.0 79499.0
32934.0 79376.0
35187.0 79223.0
43605.0 79125.0
46855.0 78967.0
51026.0 78944.0

17516.0 83633.0
18092.0 82052.0
18545.0 81962.0
18596.0 81131.0
18615.0 80846.0
19912.0 80782.0
20421.0 80746.0
21342.0 80386.0
21708.0 80208.0
24516.0 80207.0
24592.0 80035.0
24801.0 79996.0
24820.0 79878.0
27766.0 79877.0
27842.0 79842.0
27913.0 79805.0
28763.0 79517.0
31937.0 79516.0
32013.0 79499.0
32934.0 79376.0
35187.0 79223.0
43605.0 79125.0
46855.0 78967.0
51026.0 78944.0

17516.0 83633.0
18092.0 82052.0
18545.0 81962.0
18596.0 81131.0
18615.0 80846.0
19912.0 80782.0
20421.0 80746.0
21342.0 80386.0
21708.0 80208.0
24516.0 80207.0
24592.0 80035.0
24801.0 79996.0
24820.0 79878.0
27766.0 79877.0
27842.0 79842.0
27913.0 79805.0
28763.0 79517.0
31937.0 79516.0
32013.0 79499.0
32934.0 79376.0
35187.0 79223.0
43605.0 79125.0
46855.0 78967.0
51026.0 78944.0

17516.0 83633.0
18092.0 82052.0
18545.0 81962.0
18596.0 81131.0
18615.0 80846.0
19912.0 80782.0
20421.0 80746.0
21342.0 80386.0
21708.0 80208.0
24516.0 80207.0
24592.0 80035.0
24801.0 79996.0
24820.0 79878.0
27766.0 79877.0
27842.0 79842.0
27913.0 79805.0
28763.0 79517.0
31937.0 79516.0
32013.0 79499.0
32934.0 79376.0
35187.0 79223.0
43605.0 79125.0
46855.0 78967.0
51026.0 78944.0

17516.0 83633.0
18092.0 82052.0
18545.0 81962.0
18596.0 81131.0
18615.0 80846.0
19912.0 80782.0
20421.0 80746.0
21342.0 80386.0
21708.0 80208.0
24516.0 80207.0
24592.0 80035.0
24801.0 79996.0
24820.0 79878.0
27766.0 79877.0
27842.0 79842.0
27913.0 79805.0
28763.0 79517.0
31937.0 79516.0
32013.0 79499.0
32934.0 79376.0
35187.0 79223.0
43605.0 79125.0
46855.0 78967.0
51026.0 78944.0

17516.0 82712.0
18092.0 82052.0
18545.0 81962.0
18596.0 81131.0
18615.0 80846.0
19912.0 80782.0
20421.0 80746.0
21342.0 80386.0
21708.0 80208.0
24516.0 80207.0
24592.0 79957.0
24820.0 79878.0
27766.0 79877.0
27842.0 79842.0
27913.0 79805.0
28763.0 79517.0
31937.0 79516.0
32013.0 79499.0
32934.0 79376.0
35187.0 79223.0
43605.0 79125.0
46855.0 78967.0
51026.0 78944.0

17516.0 83633.0
18092.0 82052.0
18545.0 81962.0
18596.0 81131.0
18615.0 80846.0
19912.0 80782.0
20345.0 80779.0
20421.0 80746.0
21342.0 80386.0
21708.0 80208.0
24516.0 80207.0
24592.0 79957.0
24820.0 79878.0
27766.0 79877.0
27842.0 79842.0
27913.0 79805.0
28763.0 79517.0
31937.0 79516.0
32013.0 79347.0
35187.0 79223.0
43605.0 79125.0
46855.0 78967.0
51026.0 78944.0


