17492.0 83599.0
17516.0 83348.0
18016.0 83285.0
18092.0 81738.0
18545.0 81699.0
18596.0 81527.0
18615.0 81141.0
19471.0 81101.0
20345.0 81058.0
21266.0 81055.0
21342.0 80315.0
21708.0 80103.0
24516.0 80100.0
24592.0 79895.0
24820.0 79845.0
25513.0 79650.0
27894.0 79560.0
28763.0 79308.0
31937.0 79306.0
32013.0 79191.0
32934.0 79022.0
36108.0 79021.0
36184.0 78830.0
39434.0 78712.0
40355.0 78664.0
42684.0 78648.0
43605.0 78535.0
46855.0 78402.0

16494.0 99753.0
16515.0 93135.0
16675.0 93045.0
17396.0 91619.0
17431.0 88277.0
18016.0 86870.0
18092.0 82960.0
18545.0 82858.0
18596.0 82239.0
18615.0 82119.0
19471.0 81964.0
19912.0 81468.0
20345.0 81300.0
21342.0 80816.0
21708.0 80588.0
24516.0 80386.0
24592.0 80328.0
24750.0 80274.0
24782.0 80256.0
24801.0 80160.0
25513.0 79768.0
28763.0 79730.0
29684.0 79728.0
32013.0 79492.0
35263.0 79453.0
36108.0 79239.0
39434.0 79149.0
40355.0 78915.0
43605.0 78910.0
46855.0 78822.0
63874.0 77944.0

18856.0 103356.0
20702.0 98820.0
21638.0 90771.0
23316.0 89392.0

18856.0 103356.0
20702.0 98820.0
21638.0 90771.0
23316.0 89392.0

18615.0 80972.0
19912.0 80908.0
20345.0 80904.0
20421.0 80836.0
21342.0 80674.0
21708.0 80390.0
24516.0 80387.0
24592.0 80065.0
24820.0 79823.0
25513.0 79581.0
27894.0 79579.0
28687.0 79578.0
28763.0 79395.0
32013.0 79204.0
32934.0 79037.0
36184.0 78864.0
40355.0 78720.0
43605.0 78617.0
51026.0 78564.0
54276.0 78489.0

17492.0 86301.0
17745.0 86168.0
17996.0 85134.0
18016.0 85116.0
18092.0 81497.0
18545.0 81206.0
18596.0 80950.0
19912.0 80926.0
21266.0 80923.0
21342.0 80363.0
21657.0 80346.0
21708.0 80185.0
24592.0 80141.0
24750.0 80084.0
24801.0 79977.0
25513.0 79860.0
28763.0 79775.0
32013.0 79595.0
32934.0 79349.0
35263.0 79290.0
39434.0 79103.0
40355.0 78737.0
42608.0 78736.0

17492.0 86301.0
17745.0 86168.0
17996.0 85134.0
18016.0 85116.0
18092.0 81497.0
18545.0 81206.0
18596.0 80950.0
19912.0 80926.0
21266.0 80923.0
21342.0 80363.0
21657.0 80346.0
21708.0 80185.0
24592.0 80141.0
24750.0 80084.0
24801.0 79977.0
25513.0 79860.0
28763.0 79775.0
32013.0 79595.0
32934.0 79349.0
35263.0 79290.0
39434.0 79103.0
40355.0 78737.0
42608.0 78736.0

17492.0 86301.0
17745.0 86168.0
17996.0 85134.0
18016.0 85116.0
18092.0 81497.0
18545.0 81206.0
18596.0 80950.0
19912.0 80926.0
21266.0 80923.0
21342.0 80363.0
21657.0 80346.0
21708.0 80185.0
24592.0 80141.0
24750.0 80084.0
24801.0 79977.0
25513.0 79860.0
28763.0 79775.0
32013.0 79595.0
32934.0 79349.0
35263.0 79290.0
39434.0 79103.0
40355.0 78737.0
42608.0 78736.0

17492.0 86301.0
17745.0 86168.0
17996.0 85134.0
18016.0 85116.0
18092.0 81497.0
18545.0 81206.0
18596.0 80950.0
19912.0 80926.0
21266.0 80923.0
21342.0 80363.0
21657.0 80346.0
21708.0 80185.0
24592.0 80141.0
24750.0 80084.0
24801.0 79977.0
25513.0 79860.0
28763.0 79775.0
32013.0 79595.0
32934.0 79349.0
35263.0 79290.0
39434.0 79103.0
40355.0 78737.0
42608.0 78736.0

17492.0 86301.0
17745.0 86168.0
17996.0 85134.0
18016.0 85116.0
18092.0 81497.0
18545.0 81206.0
18596.0 80950.0
19912.0 80926.0
21266.0 80923.0
21342.0 80363.0
21657.0 80346.0
21708.0 80185.0
24592.0 80141.0
24750.0 80084.0
24801.0 79977.0
25513.0 79860.0
28763.0 79775.0
32013.0 79595.0
32934.0 79349.0
35263.0 79290.0
39434.0 79103.0
40355.0 78737.0
42608.0 78736.0

17492.0 86301.0
17745.0 86168.0
17996.0 85134.0
18016.0 85116.0
18092.0 81497.0
18545.0 81206.0
18596.0 80950.0
19912.0 80926.0
21266.0 80923.0
21342.0 80274.0
21657.0 80257.0
21708.0 80185.0
24592.0 80141.0
24750.0 80084.0
24801.0 79977.0
25513.0 79860.0
28763.0 79775.0
32013.0 79582.0
32934.0 79349.0
35263.0 79290.0
39434.0 79103.0
40355.0 78737.0
42608.0 78736.0

17492.0 86301.0
17745.0 86168.0
17996.0 85134.0
18016.0 85116.0
18092.0 81497.0
18545.0 81206.0
18596.0 80950.0
19912.0 80926.0
21266.0 80923.0
21342.0 80274.0
21657.0 80257.0
21708.0 80185.0
24592.0 80141.0
24750.0 80084.0
24801.0 79977.0
25513.0 79860.0
28763.0 79775.0
32013.0 79582.0
32934.0 79349.0
35263.0 79290.0
39434.0 79103.0
40355.0 78737.0
42608.0 78736.0

17492.0 86301.0
17745.0 86168.0
17996.0 85134.0
18016.0 85116.0
18092.0 81497.0
18545.0 81206.0
18596.0 80950.0
19912.0 80926.0
21266.0 80923.0
21342.0 80274.0
21657.0 80257.0
21708.0 80185.0
24592.0 80141.0
24750.0 80084.0
24801.0 79977.0
25513.0 79860.0
28763.0 79775.0
32013.0 79582.0
32934.0 79349.0
35263.0 79290.0
39434.0 79103.0
40355.0 78737.0
42608.0 78736.0

17492.0 86301.0
17745.0 86168.0
17996.0 85134.0
18016.0 85116.0
18092.0 81497.0
18545.0 81206.0
18596.0 80950.0
19912.0 80926.0
21266.0 80923.0
21342.0 80274.0
21657.0 80257.0
21708.0 80185.0
24592.0 80141.0
24750.0 80084.0
24801.0 79977.0
25513.0 79860.0
28763.0 79775.0
32013.0 79582.0
32934.0 79349.0
35263.0 79290.0
39434.0 79103.0
40355.0 78737.0
42608.0 78736.0

17492.0 86301.0
17745.0 86168.0
17996.0 85134.0
18016.0 85116.0
18092.0 81497.0
18545.0 81206.0
18596.0 80950.0
19912.0 80926.0
21266.0 80923.0
21342.0 80274.0
21657.0 80257.0
21708.0 80185.0
24592.0 80141.0
24750.0 80084.0
24801.0 79977.0
25513.0 79860.0
27842.0 79824.0
28763.0 79775.0
32013.0 79489.0
32934.0 79349.0
35263.0 79290.0
39434.0 79103.0
40355.0 78737.0
42608.0 78736.0


