17492.0 84715.0
17996.0 83372.0
18016.0 83329.0
18092.0 81270.0
18545.0 81248.0
18596.0 80944.0
19912.0 80920.0
19946.0 80880.0
21266.0 80870.0
21342.0 80317.0
21708.0 80017.0
24516.0 80014.0
24592.0 79831.0
24820.0 79780.0
25513.0 79516.0
28687.0 79515.0
28763.0 79264.0
31937.0 79261.0
32013.0 79145.0
32934.0 79031.0
36108.0 79023.0
36184.0 78779.0
43605.0 78539.0

16023.0 98829.0
16070.0 98805.0
16093.0 96189.0
16290.0 94596.0
16956.0 91141.0
17279.0 88882.0
17345.0 87347.0
17670.0 86275.0
18016.0 86274.0
18092.0 82565.0
18596.0 81226.0
18615.0 81210.0
19112.0 81202.0
19912.0 81170.0
19946.0 81052.0
21342.0 80679.0
21708.0 80642.0
22263.0 80608.0
24592.0 80310.0
24782.0 80249.0
24820.0 80036.0
25513.0 79965.0
27913.0 79794.0
28763.0 79674.0
30936.0 79650.0
32013.0 79363.0
32934.0 79213.0
35187.0 79152.0
36184.0 78987.0
42684.0 78891.0
46703.0 78711.0
63874.0 77944.0

19246.0 103650.0
19378.0 95093.0
22020.0 94113.0
22931.0 91499.0
23316.0 90798.0
23992.0 90689.0
31337.0 88548.0

19246.0 103650.0
19378.0 95093.0
22020.0 94113.0
22461.0 93028.0
22931.0 91499.0
23316.0 90798.0
23350.0 90371.0
24263.0 86705.0
25513.0 86458.0

18016.0 83606.0
18092.0 82233.0
18526.0 82211.0
18545.0 82189.0
18577.0 81902.0
18596.0 80843.0
19912.0 80779.0
21266.0 80776.0
21342.0 80340.0
21708.0 80015.0
24516.0 80012.0
24592.0 79956.0
24820.0 79795.0
25513.0 79728.0
27766.0 79725.0
27842.0 79692.0
28687.0 79671.0
28763.0 79437.0
31937.0 79416.0
32013.0 79211.0
35263.0 79132.0
36184.0 78880.0
39358.0 78877.0
39434.0 78754.0
40355.0 78669.0
42684.0 78594.0
43605.0 78543.0
46855.0 78424.0
51026.0 78402.0

17345.0 83977.0
18092.0 81886.0
18475.0 81753.0
18526.0 81595.0
18596.0 81286.0
18615.0 81194.0
19471.0 81117.0
21266.0 81000.0
21342.0 80451.0
21638.0 80387.0
24592.0 80170.0
24820.0 80061.0
25513.0 80002.0
28687.0 79930.0
28763.0 79665.0
31937.0 79610.0
32013.0 79382.0
36184.0 79229.0
46855.0 78963.0

17345.0 83977.0
18092.0 81886.0
18475.0 81753.0
18526.0 81595.0
18596.0 81286.0
18615.0 81194.0
19471.0 81117.0
21266.0 81000.0
21342.0 80451.0
21638.0 80387.0
24592.0 80170.0
24820.0 80061.0
25513.0 80002.0
28687.0 79930.0
28763.0 79665.0
31937.0 79610.0
32013.0 79382.0
36184.0 79229.0
46855.0 78963.0

17345.0 83977.0
18092.0 81886.0
18475.0 81753.0
18526.0 81595.0
18596.0 81286.0
18615.0 81194.0
19471.0 81117.0
21266.0 81000.0
21342.0 80451.0
21638.0 80387.0
24592.0 80170.0
24820.0 80061.0
25513.0 80002.0
28687.0 79930.0
28763.0 79665.0
31937.0 79610.0
32013.0 79382.0
36184.0 79229.0
46855.0 78963.0

17345.0 83977.0
18092.0 81886.0
18475.0 81753.0
18526.0 81595.0
18596.0 81286.0
18615.0 81194.0
19471.0 81117.0
21266.0 81000.0
21342.0 80451.0
21638.0 80387.0
24592.0 80170.0
24820.0 80061.0
25513.0 80002.0
28687.0 79930.0
28763.0 79665.0
31937.0 79610.0
32013.0 79382.0
36184.0 79229.0
46855.0 78963.0

17345.0 83977.0
18092.0 81886.0
18475.0 81753.0
18526.0 81595.0
18596.0 81286.0
18615.0 81194.0
19471.0 81117.0
21266.0 81000.0
21342.0 80451.0
21638.0 80387.0
24592.0 80170.0
24820.0 80061.0
25513.0 80002.0
28687.0 79930.0
28763.0 79665.0
31937.0 79610.0
32013.0 79382.0
36184.0 79229.0
46855.0 78963.0

17345.0 83977.0
18092.0 81886.0
18475.0 81753.0
18526.0 81595.0
18596.0 81286.0
18615.0 81194.0
19471.0 81117.0
21266.0 81000.0
21342.0 80451.0
21638.0 80387.0
24592.0 80170.0
24820.0 80061.0
25513.0 80002.0
28687.0 79930.0
28763.0 79665.0
31937.0 79610.0
32013.0 79382.0
36184.0 79229.0
46855.0 78963.0

17345.0 83977.0
18092.0 81886.0
18475.0 81753.0
18526.0 81595.0
18596.0 81286.0
18615.0 81194.0
19471.0 81117.0
21266.0 81000.0
21342.0 80451.0
21638.0 80387.0
24592.0 80170.0
24820.0 80061.0
25513.0 80002.0
28687.0 79930.0
28763.0 79665.0
31937.0 79610.0
32013.0 79382.0
36184.0 79229.0
46855.0 78963.0

17345.0 83977.0
18092.0 81886.0
18475.0 81753.0
18526.0 81595.0
18596.0 81286.0
18615.0 81194.0
19471.0 81117.0
21266.0 81000.0
21342.0 80451.0
21638.0 80387.0
24592.0 80170.0
24820.0 80061.0
25513.0 80002.0
28687.0 79930.0
28763.0 79665.0
31937.0 79610.0
32013.0 79382.0
36184.0 79229.0
46855.0 78963.0

17345.0 83977.0
18092.0 81886.0
18475.0 81753.0
18526.0 81595.0
18596.0 81286.0
18615.0 81194.0
19471.0 81117.0
21266.0 81000.0
21342.0 80451.0
21638.0 80387.0
24592.0 80170.0
24820.0 80061.0
25513.0 80002.0
28687.0 79930.0
28763.0 79665.0
31937.0 79610.0
32013.0 79382.0
36184.0 79229.0
46855.0 78963.0

17345.0 83977.0
18092.0 81886.0
18475.0 81753.0
18526.0 81595.0
18596.0 81286.0
18615.0 81194.0
19471.0 81117.0
21266.0 81000.0
21342.0 80451.0
21638.0 80387.0
24592.0 80170.0
24820.0 80061.0
25513.0 80002.0
28687.0 79930.0
28763.0 79665.0
31937.0 79610.0
32013.0 79382.0
36184.0 79229.0
46855.0 78963.0


