17996.0 88140.0
18092.0 81505.0
18545.0 81281.0
18596.0 80690.0
19912.0 80626.0
21266.0 80620.0
21342.0 80317.0
21708.0 80017.0
24516.0 80014.0
24592.0 79830.0
24820.0 79780.0
25513.0 79733.0
27842.0 79658.0
28763.0 79351.0
32013.0 79144.0
35187.0 79142.0
35263.0 79074.0
36184.0 78859.0
39434.0 78653.0
42684.0 78636.0
46855.0 78589.0

16023.0 106285.0
16126.0 103322.0
16515.0 101349.0
16566.0 100690.0
16571.0 99098.0
16870.0 98631.0
16990.0 97054.0
17126.0 90241.0
17171.0 85769.0
17516.0 84870.0
17726.0 83786.0
18092.0 83264.0
18545.0 82905.0
18596.0 81564.0
20421.0 81189.0
21266.0 81003.0
21342.0 80998.0
21689.0 80935.0
21708.0 80788.0
23595.0 80771.0
24592.0 80760.0
24820.0 80513.0
25513.0 80141.0
27842.0 80072.0
27913.0 80045.0
28763.0 79714.0
31937.0 79713.0
32013.0 79682.0
32934.0 79238.0
36184.0 78878.0
39434.0 78842.0
40355.0 78770.0
43605.0 78589.0
46855.0 78343.0
50105.0 78175.0
63874.0 77944.0

18615.0 101787.0
20178.0 97623.0
20955.0 96469.0
23653.0 95795.0
24310.0 93851.0
24750.0 87383.0
43529.0 84074.0

18122.0 99065.0
19471.0 93719.0
20742.0 91889.0
22263.0 89981.0
24750.0 87383.0
43529.0 82841.0

16816.0 85638.0
16956.0 85287.0
17095.0 84793.0
17345.0 84749.0
17431.0 84239.0
17516.0 84007.0
18016.0 83944.0
18092.0 80932.0
18545.0 80910.0
18596.0 80674.0
19912.0 80626.0
21266.0 80623.0
21342.0 80251.0
21708.0 79950.0
24516.0 79947.0
24592.0 79831.0
24820.0 79730.0
25513.0 79623.0
27766.0 79620.0
27842.0 79587.0
28687.0 79584.0
28763.0 79263.0
31937.0 79261.0
32013.0 79144.0
35187.0 79128.0
35263.0 79109.0
36184.0 78771.0
39358.0 78768.0
39434.0 78653.0
43605.0 78510.0
46855.0 78433.0
54276.0 78338.0

16571.0 89678.0
17492.0 84730.0
18092.0 81233.0
18545.0 81211.0
18596.0 80902.0
19912.0 80878.0
21266.0 80877.0
21342.0 80562.0
21657.0 80473.0
21708.0 80078.0
24516.0 80077.0
24592.0 79985.0
24820.0 79888.0
25513.0 79801.0
27842.0 79766.0
28763.0 79351.0
36184.0 79079.0
43605.0 78715.0

16571.0 89678.0
17492.0 84730.0
18092.0 81233.0
18545.0 81211.0
18596.0 80902.0
19912.0 80878.0
21266.0 80877.0
21342.0 80562.0
21657.0 80473.0
21708.0 80078.0
24516.0 80077.0
24592.0 79985.0
24820.0 79888.0
25513.0 79801.0
27842.0 79766.0
28763.0 79351.0
36184.0 79079.0
43605.0 78715.0

16571.0 89678.0
17492.0 84730.0
18092.0 81233.0
18545.0 81211.0
18596.0 80902.0
19912.0 80878.0
21266.0 80877.0
21342.0 80562.0
21657.0 80473.0
21708.0 80078.0
24516.0 80077.0
24592.0 79985.0
24820.0 79888.0
25513.0 79801.0
27842.0 79766.0
28763.0 79351.0
36184.0 79079.0
43605.0 78715.0

16571.0 89678.0
17492.0 84730.0
18092.0 81233.0
18545.0 81211.0
18596.0 80902.0
19912.0 80878.0
21266.0 80877.0
21342.0 80562.0
21657.0 80473.0
21708.0 80078.0
24516.0 80077.0
24592.0 79985.0
24820.0 79888.0
25513.0 79801.0
27842.0 79766.0
28763.0 79351.0
36184.0 79079.0
43605.0 78715.0

16571.0 89678.0
17492.0 84730.0
18092.0 81233.0
18545.0 81211.0
18596.0 80902.0
19912.0 80878.0
21266.0 80877.0
21342.0 80562.0
21657.0 80473.0
21708.0 80078.0
24516.0 80077.0
24592.0 79985.0
24820.0 79888.0
25513.0 79801.0
27842.0 79766.0
28763.0 79351.0
36184.0 79079.0
43605.0 78715.0

16571.0 89678.0
17492.0 84730.0
18092.0 81233.0
18545.0 81211.0
18596.0 80902.0
19912.0 80878.0
21266.0 80877.0
21342.0 80562.0
21657.0 80473.0
21708.0 80078.0
24516.0 80077.0
24592.0 79985.0
24820.0 79888.0
25513.0 79801.0
27842.0 79766.0
28763.0 79351.0
36184.0 79079.0
43605.0 78715.0

16571.0 89678.0
17492.0 84730.0
18092.0 81233.0
18545.0 81211.0
18596.0 80902.0
19912.0 80878.0
21266.0 80877.0
21342.0 80562.0
21657.0 80473.0
21708.0 80078.0
24516.0 80077.0
24592.0 79985.0
24820.0 79888.0
25513.0 79801.0
27842.0 79766.0
28763.0 79351.0
36184.0 79079.0
43605.0 78715.0

16571.0 89678.0
17492.0 84730.0
18092.0 81233.0
18545.0 81211.0
18596.0 80902.0
19912.0 80878.0
21266.0 80877.0
21342.0 80562.0
21657.0 80473.0
21708.0 80078.0
24516.0 80077.0
24592.0 79985.0
24820.0 79888.0
25513.0 79801.0
27842.0 79766.0
28763.0 79351.0
36184.0 79079.0
43605.0 78715.0

16571.0 89678.0
17492.0 84730.0
18092.0 81233.0
18545.0 81211.0
18596.0 80902.0
19912.0 80878.0
21266.0 80877.0
21342.0 80562.0
21657.0 80473.0
21708.0 80078.0
24516.0 80077.0
24592.0 79985.0
24820.0 79888.0
25513.0 79801.0
27842.0 79766.0
28763.0 79351.0
36184.0 79079.0
43605.0 78715.0

16571.0 89678.0
17492.0 84730.0
18092.0 81233.0
18545.0 81211.0
18596.0 80902.0
19912.0 80878.0
21266.0 80877.0
21342.0 80562.0
21657.0 80473.0
21708.0 80078.0
24516.0 80077.0
24592.0 79985.0
24820.0 79888.0
25513.0 79801.0
27842.0 79766.0
28763.0 79351.0
36184.0 79079.0
43605.0 78715.0


