18092.0 217066.0
18615.0 213174.0
19247.0 212962.0
19505.0 211660.0
19946.0 209539.0
20742.0 208127.0
21342.0 203798.0
21708.0 203456.0
22902.0 203438.0
24516.0 203308.0
24592.0 202968.0
24820.0 202863.0
25437.0 202366.0
25513.0 201840.0
28111.0 201737.0
28611.0 201620.0
28763.0 200395.0
31861.0 200172.0
32013.0 200050.0
35111.0 200022.0
36184.0 199157.0
42532.0 199017.0

20190.0 212818.0
20742.0 210748.0
20768.0 209373.0
21342.0 206323.0
21689.0 205124.0
21708.0 204722.0
22263.0 203220.0
24592.0 203072.0
25513.0 202642.0
28763.0 202140.0
32934.0 202020.0
43605.0 201667.0

18922.0 215088.0
19471.0 211898.0
19845.0 211878.0
20742.0 210748.0
20766.0 209965.0
20768.0 209373.0
21266.0 207347.0
21342.0 205281.0
21638.0 205211.0
21689.0 204831.0
21708.0 204312.0
22263.0 203126.0
24592.0 202978.0
24750.0 202962.0
25513.0 202635.0
28763.0 201986.0
31861.0 201908.0
32013.0 201825.0
36184.0 201534.0

18671.0 227206.0
18922.0 215088.0
19471.0 211898.0
19845.0 211878.0
20742.0 210748.0
20766.0 209965.0
20768.0 209373.0
21266.0 207328.0
21342.0 205281.0
21638.0 205211.0
21689.0 204831.0
21708.0 204605.0
22263.0 203220.0
24592.0 203072.0
25513.0 202642.0
28687.0 202449.0
28763.0 201669.0
39434.0 201606.0

18922.0 216117.0
19845.0 212907.0
19987.0 212587.0
20457.0 212093.0
20742.0 210748.0
20766.0 209965.0
20768.0 209373.0
21266.0 207266.0
21342.0 205305.0
21638.0 205211.0
21689.0 204831.0
21708.0 204312.0
22263.0 203126.0
24592.0 202978.0
25513.0 202635.0
28763.0 201830.0
32013.0 201800.0
39434.0 201606.0

18922.0 216117.0
19471.0 214074.0
19505.0 210341.0
19987.0 208951.0
20190.0 208610.0
20766.0 207325.0
21266.0 207266.0
21342.0 204702.0
21708.0 203499.0
22263.0 203220.0
24516.0 203164.0
24592.0 203072.0
25513.0 202642.0
28687.0 202442.0
28763.0 201865.0
32013.0 201859.0
39434.0 201606.0

18922.0 215088.0
19471.0 211898.0
19845.0 211878.0
20190.0 210919.0
20742.0 210748.0
20768.0 209373.0
21266.0 207505.0
21342.0 205520.0
21638.0 205211.0
21689.0 204831.0
21708.0 204312.0
22263.0 203126.0
24592.0 202978.0
25513.0 202635.0
28763.0 201830.0
43605.0 201539.0

18122.0 218798.0
18615.0 211567.0
19471.0 211432.0
19946.0 211234.0
20742.0 210748.0
20766.0 210619.0
20768.0 209373.0
20955.0 207968.0
21038.0 206371.0
21342.0 205520.0
21638.0 205211.0
21689.0 204831.0
21708.0 204312.0
22263.0 203126.0
24592.0 202978.0
25513.0 202635.0
28763.0 201830.0
36184.0 201814.0
43605.0 201573.0

18922.0 215088.0
19471.0 211898.0
19845.0 211878.0
20190.0 210919.0
20742.0 210748.0
20768.0 209373.0
21266.0 207505.0
21342.0 205520.0
21638.0 205211.0
21689.0 204831.0
21708.0 204312.0
22263.0 203126.0
24592.0 202978.0
25513.0 202635.0
28763.0 201830.0
43605.0 201539.0

18615.0 211258.0
19987.0 210986.0
20742.0 210435.0
20766.0 208740.0
21038.0 206084.0
21342.0 205378.0
21638.0 205211.0
21689.0 204831.0
21708.0 204182.0
22263.0 202874.0
24801.0 202865.0
25513.0 202531.0
28763.0 201821.0
32013.0 201786.0
43605.0 201482.0

18615.0 205812.0
21342.0 203418.0
21689.0 202491.0
21708.0 202457.0
22263.0 202165.0
24592.0 202156.0
25513.0 200640.0
27913.0 200540.0
28763.0 199008.0
32934.0 199006.0
41611.0 198348.0


