18092.0 122590.0
18545.0 122486.0
18596.0 122059.0
19112.0 122022.0
19912.0 121683.0
21342.0 120904.0
21638.0 120903.0
21657.0 120781.0
21708.0 120319.0
24516.0 120316.0
24592.0 120070.0
24801.0 120069.0
24820.0 120018.0
25513.0 119862.0
27894.0 119861.0
28763.0 119520.0
31937.0 119519.0
32013.0 119184.0
36184.0 118951.0

18447.0 125010.0
18596.0 122224.0
18615.0 121885.0
19112.0 121845.0
20766.0 121837.0
21342.0 121400.0
21638.0 121323.0
21708.0 120774.0
24592.0 120659.0
24820.0 120590.0
25513.0 120542.0
28763.0 119870.0
31437.0 119704.0
36184.0 119431.0
39358.0 119421.0

18447.0 125010.0
18596.0 122184.0
18615.0 121885.0
19112.0 121845.0
20766.0 121837.0
21342.0 121155.0
21708.0 120376.0
24016.0 120350.0
24592.0 120309.0
24820.0 120299.0
28763.0 119663.0
36184.0 119431.0
39358.0 119421.0
39434.0 119307.0

18056.0 136717.0
18092.0 124308.0
18596.0 121613.0
19112.0 121578.0
19912.0 121468.0
21342.0 120834.0
21708.0 120306.0
24516.0 120282.0
24592.0 120247.0
24801.0 120191.0
27766.0 120097.0
28763.0 119559.0
32013.0 119311.0
32934.0 119237.0
36108.0 119179.0
39434.0 119086.0
40355.0 119004.0

18092.0 127438.0
18447.0 125010.0
18596.0 121988.0
18615.0 121815.0
19912.0 121775.0
21266.0 121774.0
21342.0 120818.0
21708.0 120412.0
24516.0 120366.0
24592.0 120273.0
27913.0 120257.0
28763.0 119254.0
32934.0 119239.0
36184.0 119172.0
39434.0 119133.0
40355.0 119006.0

18092.0 127438.0
18447.0 125010.0
18596.0 122181.0
18615.0 121790.0
19845.0 121659.0
19912.0 121597.0
20421.0 121561.0
21266.0 121560.0
21342.0 120833.0
21708.0 120288.0
24592.0 120247.0
24820.0 120237.0
25513.0 120179.0
27062.0 120173.0
28687.0 120101.0
28763.0 119323.0
32934.0 119252.0
36108.0 119181.0
36184.0 119022.0
39434.0 118843.0

18447.0 125010.0
18596.0 122224.0
18615.0 121868.0
19112.0 121845.0
20345.0 121833.0
21342.0 121254.0
21708.0 120774.0
24592.0 120490.0
25513.0 120225.0
27766.0 120097.0
28763.0 119870.0
31437.0 119704.0
32013.0 119667.0
32934.0 119237.0
36108.0 119179.0
40355.0 119004.0

18092.0 124236.0
18596.0 121460.0
19912.0 121420.0
21266.0 121419.0
21342.0 120771.0
21708.0 120331.0
24516.0 120325.0
24592.0 120223.0
24801.0 120204.0
25513.0 119725.0
27843.0 119633.0
28763.0 119332.0
32013.0 119290.0
32934.0 119057.0
36184.0 118763.0
40355.0 118380.0
43529.0 118379.0

18092.0 127473.0
18447.0 125010.0
18596.0 122224.0
18615.0 121687.0
19912.0 121663.0
20345.0 121660.0
21342.0 121186.0
21657.0 121116.0
21708.0 120732.0
24592.0 120490.0
25513.0 120341.0
27913.0 120244.0
28763.0 119713.0
31437.0 119704.0
32013.0 119667.0
32934.0 119291.0

18092.0 129776.0
18447.0 125010.0
18596.0 122224.0
18615.0 121885.0
19112.0 121845.0
20766.0 121837.0
21266.0 121836.0
21342.0 121085.0
21708.0 120549.0
24592.0 120438.0
24820.0 120373.0
25513.0 120178.0
28687.0 120153.0
28763.0 119641.0
32934.0 119251.0
36108.0 119226.0

18092.0 126293.0
18447.0 125010.0
18596.0 121632.0
19912.0 121463.0
21266.0 121462.0
21342.0 120832.0
21708.0 120288.0
24516.0 120282.0
24592.0 120081.0
24820.0 120030.0
25513.0 119988.0
28763.0 119057.0
32934.0 118822.0
36184.0 118697.0
42608.0 118695.0
43605.0 118615.0
46855.0 118438.0


