18545.0 167011.0
18596.0 164673.0
18615.0 163598.0
19146.0 163570.0
20345.0 163423.0
20838.0 163319.0
21342.0 162913.0
21708.0 162331.0
24516.0 162323.0
24592.0 161600.0
24820.0 161437.0
25513.0 160964.0
28687.0 160847.0
28763.0 160201.0
31937.0 159870.0
32013.0 159784.0
36184.0 159470.0
38858.0 159425.0
39358.0 159051.0
46779.0 159021.0

18596.0 172384.0
18615.0 164254.0
19946.0 163909.0
20066.0 163414.0
20766.0 162799.0
21342.0 162508.0
21708.0 162084.0
24592.0 161977.0
24750.0 161893.0
24801.0 161614.0
25513.0 161540.0
28187.0 161512.0
28687.0 160846.0
31937.0 160755.0
32934.0 160249.0

18545.0 174522.0
18596.0 166221.0
18615.0 164254.0
19946.0 163099.0
20766.0 162448.0
21342.0 162416.0
21657.0 162397.0
21708.0 162084.0
24592.0 161662.0
24801.0 161531.0
25513.0 161082.0
27862.0 161036.0
28687.0 160846.0
31937.0 160755.0
32934.0 160249.0

18092.0 172995.0
18596.0 170712.0
18615.0 164254.0
19946.0 163099.0
20766.0 162799.0
21342.0 161942.0
21708.0 161728.0
24592.0 161662.0
24750.0 161512.0
25513.0 161082.0
27862.0 161036.0
28687.0 160822.0
31937.0 160755.0
32934.0 160249.0
39358.0 159957.0

18545.0 174522.0
18596.0 172094.0
18615.0 163485.0
19946.0 163099.0
20766.0 162448.0
21342.0 162416.0
21657.0 162373.0
21708.0 162060.0
24516.0 161762.0
24592.0 161662.0
24801.0 161531.0
25513.0 161082.0
27862.0 161036.0
28687.0 160846.0
31937.0 160647.0
32934.0 160249.0
39358.0 159649.0

18596.0 168083.0
18615.0 164254.0
19946.0 163099.0
20766.0 162448.0
21342.0 162416.0
21638.0 162407.0
21657.0 162373.0
21689.0 162372.0
21708.0 162060.0
24592.0 161662.0
24750.0 161585.0
24801.0 161531.0
24820.0 161461.0
25513.0 161082.0
27862.0 161036.0
28687.0 160846.0
30737.0 160494.0
31937.0 160331.0
32934.0 160249.0
38158.0 160068.0
39358.0 159890.0
46779.0 159477.0

18596.0 172384.0
18615.0 164254.0
19946.0 163497.0
20066.0 163414.0
20766.0 162799.0
21342.0 162392.0
21689.0 162372.0
21708.0 162060.0
24516.0 161669.0
24801.0 161531.0
25513.0 161323.0
27913.0 161146.0
28687.0 160822.0
31937.0 160755.0
32934.0 160249.0
39358.0 159957.0

18447.0 168942.0
18596.0 166735.0
18615.0 163488.0
20066.0 163414.0
20766.0 162799.0
21342.0 162392.0
21689.0 162372.0
21708.0 162060.0
24516.0 161552.0
24801.0 161434.0
24820.0 161222.0
27913.0 160939.0
28687.0 160822.0
28763.0 160607.0
32934.0 160249.0
39358.0 159957.0

18596.0 168881.0
18615.0 164124.0
19146.0 163855.0
19505.0 163244.0
19946.0 163204.0
20766.0 162799.0
21342.0 162392.0
21689.0 162372.0
21708.0 162054.0
24516.0 161686.0
24592.0 161649.0
24750.0 161514.0
25513.0 161308.0
27913.0 161190.0
28687.0 160822.0
31937.0 160755.0
32934.0 160249.0
39358.0 159957.0

18596.0 167973.0
18615.0 164254.0
19946.0 163036.0
20766.0 162799.0
21342.0 162154.0
21708.0 161949.0
24592.0 161833.0
24801.0 161531.0
25513.0 161283.0
27043.0 161237.0
28687.0 160822.0
31937.0 160492.0
32934.0 160249.0
36108.0 160026.0
38782.0 160011.0
39358.0 159957.0

18596.0 169120.0
18615.0 163898.0
19146.0 163048.0
20066.0 163033.0
20766.0 162451.0
21342.0 162151.0
21638.0 162077.0
21708.0 160971.0
24801.0 160406.0
27894.0 159834.0
28687.0 159743.0
28763.0 159405.0
31937.0 159374.0
34190.0 158836.0


