18092.0 128358.0
18526.0 127823.0
18545.0 126737.0
18596.0 123468.0
19146.0 123330.0
19912.0 123290.0
19946.0 123220.0
21266.0 123199.0
21342.0 121320.0
21708.0 120839.0
24516.0 120818.0
24592.0 120713.0
24750.0 120539.0
24801.0 120386.0
25513.0 120000.0
27843.0 119981.0
27862.0 119918.0
28687.0 119832.0
28763.0 119310.0
31016.0 119307.0
32013.0 119050.0
35263.0 118968.0
36184.0 118772.0
37937.0 118697.0
43605.0 118693.0
45858.0 118575.0

18092.0 126474.0
18148.0 125499.0
18596.0 122104.0
20838.0 122103.0
21266.0 122061.0
21342.0 121204.0
21638.0 121134.0
21708.0 120892.0
24016.0 120886.0
24592.0 120731.0
25513.0 120533.0
27043.0 120244.0
28611.0 119950.0
28763.0 119922.0
32013.0 119851.0
36184.0 119689.0

18092.0 126329.0
18148.0 125499.0
18545.0 122826.0
18596.0 121814.0
19912.0 121807.0
19946.0 121586.0
20387.0 121445.0
21266.0 121359.0
21342.0 120808.0
21708.0 120606.0
24516.0 120429.0
24801.0 120361.0
25513.0 120070.0
27894.0 119776.0
28763.0 119589.0
32013.0 119530.0

18092.0 124916.0
18596.0 121782.0
19912.0 121758.0
19946.0 121556.0
20387.0 121445.0
21266.0 121297.0
21342.0 120905.0
21708.0 120451.0
24592.0 120207.0
25513.0 120070.0
28611.0 119950.0
28763.0 119509.0
36184.0 119407.0

18092.0 123501.0
18596.0 121661.0
19112.0 121525.0
19912.0 121361.0
21266.0 121358.0
21342.0 120610.0
21708.0 120477.0
24516.0 120343.0
24592.0 120054.0
25513.0 119777.0
27894.0 119776.0
28687.0 119644.0
32013.0 119427.0

18092.0 126329.0
18148.0 125499.0
18545.0 122826.0
18596.0 121814.0
21266.0 121771.0
21342.0 120943.0
21708.0 120726.0
24516.0 120680.0
24592.0 120598.0
24801.0 120578.0
25513.0 119777.0
27894.0 119776.0
28687.0 119684.0

18092.0 126329.0
18148.0 125499.0
18596.0 122058.0
19946.0 122031.0
20421.0 121995.0
20766.0 121507.0
21266.0 121359.0
21342.0 121024.0
21708.0 120859.0
24016.0 120665.0
24801.0 120485.0
25513.0 120070.0
27894.0 119776.0
28763.0 119622.0
32934.0 119375.0
36184.0 119326.0
39434.0 119304.0

18092.0 125029.0
18596.0 122058.0
18615.0 121871.0
19112.0 121773.0
19912.0 121662.0
19946.0 121469.0
21266.0 121321.0
21342.0 120959.0
21708.0 120475.0
24592.0 120313.0
25513.0 120070.0
27894.0 119776.0
28763.0 119703.0
32013.0 119572.0
32934.0 119375.0
36184.0 119362.0
39434.0 119304.0

18092.0 121765.0
18545.0 121703.0
18596.0 121399.0
19912.0 121292.0
20838.0 121279.0
21266.0 121267.0
21342.0 120787.0
21638.0 120702.0
21708.0 120461.0
24516.0 120303.0
24750.0 120235.0
25513.0 119777.0
27894.0 119776.0
28687.0 119644.0
29684.0 119579.0
32013.0 119445.0
32934.0 119340.0
36184.0 119294.0

18092.0 126329.0
18148.0 125330.0
18596.0 122058.0
19146.0 121983.0
19946.0 121872.0
21266.0 121829.0
21342.0 120913.0
21708.0 120612.0
24516.0 120565.0
24592.0 120425.0
25513.0 119777.0
27894.0 119776.0
28687.0 119644.0
32934.0 119464.0
36184.0 119387.0
39434.0 119349.0

18092.0 126474.0
18148.0 125499.0
18475.0 122871.0
18545.0 122223.0
18596.0 121739.0
19946.0 121614.0
20387.0 121445.0
21266.0 121337.0
21342.0 120960.0
21708.0 120477.0
24516.0 120456.0
24592.0 120315.0
24750.0 120199.0
25513.0 119950.0
27913.0 119424.0
28763.0 119175.0


