17492.0 83841.0
18092.0 81514.0
18545.0 81508.0
18615.0 80936.0
19912.0 80912.0
20387.0 80888.0
21266.0 80885.0
21342.0 80406.0
21708.0 80267.0
24516.0 80264.0
24592.0 80170.0
24820.0 80157.0
25513.0 79734.0
27842.0 79698.0
28763.0 79356.0
32013.0 79297.0
32934.0 79241.0
36184.0 78881.0
40355.0 78799.0

17996.0 86238.0
18092.0 81882.0
18447.0 81790.0
18545.0 81553.0
18596.0 81530.0
19146.0 81494.0
19946.0 81383.0
21342.0 80670.0
21638.0 80669.0
21708.0 80636.0
24516.0 80611.0
24592.0 80488.0
24750.0 80458.0
24801.0 80407.0
25513.0 80339.0
28763.0 79872.0
32934.0 79626.0
36184.0 79386.0

17996.0 86238.0
18092.0 81882.0
18447.0 81790.0
18545.0 81553.0
18596.0 81530.0
19146.0 81494.0
19946.0 81383.0
21342.0 80670.0
21638.0 80669.0
21708.0 80636.0
23950.0 80520.0
24592.0 80488.0
24750.0 80422.0
24801.0 80406.0
24820.0 80216.0
28763.0 79562.0
36184.0 79308.0

17996.0 86238.0
18092.0 81441.0
18545.0 81402.0
18596.0 81033.0
19946.0 81017.0
21266.0 81008.0
21342.0 80610.0
21708.0 80408.0
24516.0 80399.0
24592.0 80276.0
24820.0 80216.0
25513.0 80060.0
28763.0 79562.0
36184.0 79308.0

17996.0 86238.0
18092.0 81882.0
18447.0 81790.0
18545.0 81553.0
18596.0 81530.0
19146.0 81494.0
19946.0 81383.0
21342.0 80670.0
21638.0 80669.0
21708.0 80636.0
23950.0 80520.0
24592.0 80488.0
24750.0 80422.0
24801.0 80259.0
24820.0 80216.0
28763.0 79562.0
36184.0 79308.0

17745.0 88856.0
17996.0 86238.0
18092.0 81441.0
18545.0 81419.0
18596.0 81033.0
19946.0 81017.0
21266.0 81008.0
21342.0 80654.0
21657.0 80637.0
21708.0 80408.0
24516.0 80399.0
24592.0 80388.0
24801.0 80335.0
24820.0 80216.0
25513.0 80060.0
28763.0 79562.0
36184.0 79308.0

17996.0 86238.0
18092.0 81621.0
18545.0 81553.0
18596.0 81516.0
19146.0 81494.0
19912.0 81492.0
19946.0 81383.0
21342.0 80670.0
21638.0 80669.0
21708.0 80636.0
23950.0 80520.0
24592.0 80488.0
24750.0 80422.0
24801.0 80259.0
24820.0 80216.0
25513.0 80078.0
28763.0 79562.0
36184.0 79386.0

17996.0 86238.0
18092.0 81621.0
18545.0 81553.0
18596.0 81530.0
18615.0 81278.0
19912.0 81214.0
20421.0 81178.0
21342.0 80670.0
21638.0 80669.0
21708.0 80568.0
23950.0 80519.0
24592.0 80224.0
24820.0 80180.0
25513.0 80163.0
28763.0 79561.0
36184.0 79269.0
43605.0 79266.0

17996.0 86238.0
18092.0 81563.0
18545.0 81424.0
18596.0 81057.0
19946.0 81017.0
21266.0 81014.0
21342.0 80670.0
21638.0 80669.0
21657.0 80637.0
21708.0 80408.0
24801.0 80259.0
24820.0 80216.0
25513.0 80047.0
28763.0 79562.0
36184.0 79386.0

17745.0 88248.0
17996.0 85630.0
18092.0 81441.0
18545.0 81419.0
18596.0 81033.0
19946.0 81017.0
21266.0 81014.0
21342.0 80670.0
21638.0 80669.0
21708.0 80408.0
24516.0 80399.0
24592.0 80224.0
24820.0 80216.0
25513.0 80047.0
28763.0 79472.0
32013.0 79418.0
36184.0 79089.0

17171.0 85350.0
18092.0 81441.0
18545.0 81419.0
18596.0 81057.0
19946.0 81017.0
21266.0 81014.0
21342.0 80670.0
21638.0 80661.0
21708.0 80568.0
22263.0 80514.0
24592.0 80488.0
24750.0 80422.0
24801.0 80407.0
24820.0 80216.0
25513.0 79943.0
27913.0 79931.0
28763.0 79562.0
36184.0 79000.0


