17492.0 84740.0
17745.0 84269.0
18092.0 81338.0
18526.0 81316.0
18596.0 80873.0
19912.0 80680.0
21342.0 80347.0
21708.0 80282.0
24516.0 80255.0
24592.0 79914.0
25513.0 79658.0
27894.0 79657.0
28687.0 79624.0
28763.0 79472.0
31937.0 79471.0
32013.0 79437.0
32934.0 79022.0
36184.0 78856.0
39434.0 78803.0
40355.0 78728.0
43605.0 78672.0

17996.0 84790.0
18092.0 81233.0
18596.0 80854.0
19912.0 80814.0
21266.0 80811.0
21342.0 80528.0
21657.0 80338.0
22263.0 80296.0
24592.0 80243.0
24801.0 80138.0
25513.0 79698.0
27842.0 79662.0
28763.0 79572.0
32013.0 79340.0
32934.0 79264.0
36184.0 79158.0
39434.0 78939.0

17996.0 84790.0
18092.0 81233.0
18596.0 80854.0
19912.0 80814.0
21266.0 80811.0
21342.0 80388.0
21657.0 80338.0
21708.0 80124.0
24592.0 79998.0
25513.0 79698.0
27766.0 79673.0
27842.0 79662.0
28763.0 79438.0
32013.0 79193.0
36184.0 79158.0
39434.0 78922.0

17996.0 84722.0
18092.0 80992.0
18545.0 80970.0
18596.0 80734.0
19912.0 80686.0
21266.0 80682.0
21342.0 80387.0
21657.0 80338.0
21708.0 79950.0
24801.0 79946.0
25513.0 79674.0
27766.0 79673.0
27842.0 79638.0
28763.0 79548.0
32013.0 79279.0
32934.0 79224.0
36184.0 79158.0
39434.0 78918.0

17996.0 84790.0
18092.0 81188.0
18545.0 81166.0
18596.0 80750.0
19912.0 80686.0
21266.0 80682.0
21342.0 80360.0
21657.0 80338.0
21708.0 80124.0
24592.0 79998.0
25513.0 79674.0
27766.0 79673.0
27842.0 79638.0
28763.0 79438.0
32013.0 79279.0
32934.0 79264.0
36184.0 79158.0
39434.0 78939.0

17996.0 84735.0
18092.0 81205.0
18596.0 80854.0
19912.0 80814.0
21266.0 80811.0
21342.0 80281.0
21708.0 80038.0
24801.0 80034.0
24820.0 79987.0
25513.0 79698.0
27766.0 79673.0
27842.0 79662.0
28763.0 79417.0
32013.0 79299.0
32934.0 79264.0
36184.0 79068.0
39434.0 78922.0

17996.0 84790.0
18092.0 81205.0
18545.0 81183.0
18596.0 80854.0
19912.0 80814.0
21266.0 80811.0
21342.0 80360.0
21657.0 80316.0
22263.0 80296.0
24592.0 80243.0
24801.0 80118.0
25513.0 79681.0
27842.0 79645.0
28763.0 79555.0
31937.0 79507.0
32013.0 79192.0
36184.0 79158.0
39434.0 78918.0

17996.0 84790.0
18092.0 81205.0
18526.0 81183.0
18596.0 80854.0
19912.0 80814.0
21266.0 80771.0
21342.0 80360.0
21638.0 80338.0
21657.0 80316.0
21708.0 80168.0
24016.0 80153.0
24592.0 80117.0
24801.0 80037.0
25513.0 79681.0
27842.0 79645.0
28763.0 79431.0
32013.0 79175.0
36184.0 79158.0
39434.0 78918.0

17996.0 84790.0
18092.0 81188.0
18545.0 81144.0
18596.0 80750.0
19912.0 80686.0
21266.0 80682.0
21342.0 80360.0
21657.0 80316.0
21708.0 80141.0
24801.0 80037.0
25513.0 79681.0
27842.0 79645.0
28763.0 79555.0
31937.0 79507.0
32013.0 79192.0
36184.0 79158.0
39434.0 78918.0

17996.0 84735.0
18092.0 81205.0
18545.0 81183.0
18596.0 80822.0
19912.0 80774.0
21266.0 80773.0
21342.0 80360.0
21657.0 80316.0
21708.0 80097.0
24516.0 80096.0
24801.0 79948.0
25513.0 79681.0
27842.0 79645.0
28763.0 79411.0
31937.0 79410.0
32013.0 79175.0
36184.0 79041.0
39434.0 78918.0
43605.0 78833.0
46855.0 78797.0

17996.0 84637.0
18092.0 81233.0
18596.0 80734.0
19912.0 80686.0
21266.0 80682.0
21342.0 80305.0
21657.0 80288.0
21708.0 79974.0
24516.0 79949.0
24592.0 79878.0
24820.0 79859.0
25513.0 79596.0
28763.0 79288.0
31937.0 79261.0
32013.0 79193.0
32934.0 79094.0
36184.0 78842.0
39434.0 78665.0
40355.0 78556.0
46279.0 78554.0
46855.0 78186.0
50105.0 78148.0
56453.0 78108.0
57526.0 77984.0
63874.0 77944.0


