18922.0 275702.0
19471.0 275672.0
20066.0 273996.0
20913.0 270535.0
20955.0 263847.0
21342.0 262438.0
21661.0 259352.0
21708.0 253824.0
22263.0 253727.0
22461.0 252856.0
23950.0 251864.0
24016.0 251488.0
25437.0 250714.0
26566.0 249652.0
27913.0 249044.0
28763.0 248484.0
32934.0 247620.0
35008.0 247380.0
35532.0 247260.0
36108.0 247179.0
37105.0 246789.0
38858.0 246533.0
40279.0 245631.0
43529.0 245531.0

20766.0 269074.0
21342.0 262082.0
21661.0 259980.0
21708.0 258344.0
21761.0 255594.0
22263.0 254157.0
22495.0 253755.0
23940.0 252743.0
24016.0 252480.0
24516.0 250530.0
24750.0 250405.0
25513.0 250122.0
27766.0 249570.0
28763.0 248924.0
31437.0 248722.0

20766.0 269074.0
21342.0 262082.0
21661.0 259980.0
21708.0 258195.0
21761.0 255594.0
22263.0 251903.0
22461.0 251634.0
23950.0 250376.0
24516.0 250318.0
24592.0 250252.0
24820.0 248770.0
25513.0 248247.0
28763.0 247674.0
29684.0 247005.0
31937.0 246409.0

20766.0 269074.0
21342.0 262082.0
21661.0 259980.0
21708.0 257270.0
21761.0 255594.0
22020.0 254719.0
22263.0 253380.0
22461.0 251920.0
23940.0 250665.0
24516.0 250530.0
24750.0 250405.0
25513.0 249427.0
28187.0 248949.0
28763.0 248924.0
29684.0 248432.0

20766.0 269074.0
21266.0 262087.0
21342.0 262082.0
21627.0 259888.0
21708.0 258344.0
21761.0 255594.0
22263.0 253380.0
22495.0 253327.0
23940.0 252743.0
24016.0 252336.0
24516.0 250530.0
24592.0 249963.0
27766.0 249240.0
28763.0 248924.0
31437.0 248659.0

20766.0 269074.0
21138.0 259134.0
21342.0 259016.0
21708.0 254721.0
22020.0 254719.0
22263.0 250368.0
24516.0 250016.0
25451.0 249784.0
27766.0 249555.0
28763.0 248924.0
31437.0 248721.0

20766.0 269074.0
21342.0 262082.0
21661.0 259980.0
21708.0 258344.0
21761.0 255594.0
22263.0 253635.0
22461.0 252224.0
24516.0 250530.0
24750.0 250405.0
25513.0 249958.0
27766.0 249570.0
28763.0 248924.0
31437.0 248722.0

20766.0 269074.0
21342.0 262082.0
21436.0 255779.0
21638.0 255472.0
21761.0 252007.0
22136.0 251746.0
22263.0 251396.0
22461.0 250902.0
24516.0 250530.0
24750.0 250405.0
25513.0 249566.0
27043.0 248854.0
27843.0 248306.0
28687.0 248305.0
28763.0 248077.0
32934.0 247736.0

20766.0 269074.0
21342.0 262082.0
21638.0 257445.0
21761.0 255350.0
22263.0 249625.0
22495.0 248193.0
25513.0 247899.0
28763.0 247871.0
29684.0 247024.0

20766.0 269074.0
20857.0 260974.0
21342.0 255457.0
21638.0 255093.0
21761.0 254567.0
22263.0 252505.0
22461.0 251722.0
24094.0 251403.0
24128.0 251270.0
24516.0 250530.0
24750.0 250405.0
25451.0 249957.0
25513.0 249407.0
28763.0 248754.0
31437.0 248722.0
31937.0 248616.0

20269.0 251941.0
21689.0 249276.0
21708.0 244906.0
24801.0 242689.0
25513.0 242241.0
27913.0 240897.0
28763.0 240396.0
30940.0 240156.0


