21364.0 441380.0
21708.0 437946.0
22263.0 424347.0
24237.0 423026.0
24516.0 423014.0
24592.0 421707.0
24651.0 420778.0
24801.0 418756.0
25513.0 415300.0
27611.0 414358.0
28763.0 414321.0
29684.0 412890.0
30955.0 411440.0
31361.0 411297.0
31437.0 411051.0
32934.0 409977.0

21364.0 446071.0
21657.0 435166.0
23316.0 432032.0
23550.0 430267.0
23950.0 428976.0
24516.0 421834.0
25437.0 420664.0
25513.0 417098.0
27243.0 416116.0
27266.0 414921.0
29684.0 414450.0
31437.0 413481.0
32358.0 412474.0

21364.0 446071.0
21657.0 435166.0
22020.0 433432.0
23316.0 432032.0
23550.0 430267.0
23950.0 425423.0
24516.0 421834.0
24801.0 420915.0
24820.0 419609.0
24937.0 418164.0
25437.0 418045.0
25513.0 414536.0
27243.0 413494.0
27487.0 413311.0
30085.0 412894.0
30336.0 412488.0
30885.0 412071.0
32623.0 411899.0
35608.0 411141.0

21342.0 443725.0
21657.0 435166.0
22263.0 433320.0
23316.0 432032.0
23480.0 428816.0
24016.0 428642.0
24128.0 425716.0
24516.0 421834.0
24801.0 421432.0
24820.0 418449.0
25437.0 418045.0
25513.0 416144.0
27243.0 416116.0
27266.0 414099.0
27913.0 414058.0
28763.0 413883.0
31337.0 413230.0
31361.0 412104.0
35608.0 411141.0

21342.0 443725.0
21657.0 435166.0
22263.0 424922.0
23880.0 422067.0
24516.0 421834.0
24801.0 418466.0
24913.0 417299.0
25513.0 414536.0
27266.0 413851.0
27487.0 413311.0
28763.0 412728.0
30336.0 412488.0
30885.0 412071.0
34687.0 411192.0
35608.0 411141.0

21089.0 437530.0
21266.0 437467.0
21657.0 435166.0
21661.0 433914.0
23316.0 432032.0
23550.0 429896.0
23950.0 427005.0
24128.0 425840.0
24516.0 421834.0
24750.0 419854.0
24937.0 418758.0
25437.0 418221.0
25513.0 414770.0
27894.0 414620.0
28111.0 413875.0
28763.0 413364.0
30136.0 412758.0
31361.0 412448.0
32934.0 412170.0
36184.0 411429.0
38758.0 410742.0
38858.0 410666.0

21364.0 446071.0
21657.0 435166.0
23316.0 432032.0
23550.0 430267.0
23950.0 428976.0
24516.0 421834.0
25437.0 420664.0
25513.0 417098.0
27243.0 416116.0
27266.0 414921.0
28163.0 414904.0
28687.0 413982.0
31361.0 412104.0
36108.0 411201.0
38758.0 411166.0

21364.0 446071.0
21657.0 435166.0
23316.0 432032.0
23550.0 430267.0
23950.0 428976.0
24516.0 421834.0
25010.0 421571.0
25437.0 420664.0
25451.0 419846.0
25513.0 414950.0
27243.0 414517.0
27266.0 414151.0
28763.0 413213.0
30155.0 412968.0
31361.0 411810.0
36108.0 410865.0
38758.0 410347.0

21364.0 446071.0
21657.0 435166.0
23316.0 432032.0
23550.0 430267.0
23950.0 428976.0
24201.0 428615.0
24237.0 427425.0
24516.0 421834.0
25437.0 420595.0
25513.0 417098.0
27243.0 416116.0
27266.0 414921.0
28163.0 414904.0
28687.0 413982.0
31361.0 412104.0
36108.0 411201.0
38758.0 411166.0

21364.0 446071.0
21657.0 435166.0
22263.0 432290.0
22740.0 432018.0
23550.0 430267.0
23916.0 428757.0
24201.0 424159.0
24263.0 423172.0
24516.0 421834.0
24801.0 419981.0
25010.0 418343.0
25513.0 417098.0
27243.0 415914.0
27266.0 414921.0
28687.0 414486.0
28763.0 413552.0
31006.0 412690.0
31937.0 411798.0
32358.0 411220.0
36184.0 410047.0
39358.0 409399.0
42008.0 409171.0

21364.0 440656.0
21657.0 435166.0
21689.0 411619.0
25437.0 408754.0
27894.0 407287.0
28687.0 402223.0
31025.0 401720.0
31937.0 400287.0
35111.0 398858.0


