21638.0 263488.0
21708.0 260081.0
22263.0 253769.0
22461.0 253409.0
22495.0 251713.0
23950.0 250214.0
24750.0 249951.0
24937.0 249152.0
27190.0 248614.0
28163.0 248046.0
30955.0 247833.0
31413.0 247089.0
32013.0 246159.0

20742.0 263145.0
20838.0 260136.0
21089.0 258603.0
21266.0 256946.0
21661.0 251449.0
23480.0 251140.0
25513.0 249859.0

20742.0 263145.0
20838.0 260136.0
21089.0 258603.0
21266.0 256946.0
21661.0 251449.0
23480.0 251140.0
25437.0 249339.0
27266.0 249270.0
27913.0 249218.0
28111.0 248846.0
29755.0 248749.0
32013.0 248436.0
32858.0 247870.0

20387.0 259781.0
20838.0 256285.0
21342.0 254927.0
21661.0 251449.0
23480.0 251140.0
24592.0 249914.0
25437.0 249911.0
25513.0 248770.0
28763.0 248061.0

20742.0 263145.0
20838.0 260136.0
21089.0 258603.0
21266.0 256946.0
21342.0 254548.0
21661.0 251449.0
23480.0 251140.0
24617.0 250279.0
25513.0 248326.0
27843.0 248200.0
28000.0 247886.0
31937.0 246827.0

20742.0 263145.0
20838.0 260136.0
21089.0 258603.0
21266.0 255478.0
21342.0 251225.0
23480.0 251140.0
24750.0 250634.0
25513.0 249859.0
28763.0 248004.0

20742.0 263145.0
20838.0 260136.0
21089.0 258603.0
21266.0 256946.0
21661.0 251449.0
23480.0 251140.0
25513.0 249398.0

20438.0 265502.0
20742.0 263145.0
20838.0 259912.0
21089.0 257251.0
21266.0 256212.0
21657.0 254775.0
21661.0 251449.0
23480.0 251140.0
24592.0 251029.0
25010.0 250656.0
25513.0 248764.0
27043.0 246326.0

20742.0 263145.0
20766.0 260604.0
20838.0 256199.0
21342.0 251863.0
21661.0 251449.0
21708.0 250692.0
22495.0 249011.0
25010.0 248012.0
27894.0 247911.0
28763.0 247586.0
33229.0 246761.0

20742.0 263145.0
20838.0 260136.0
21089.0 258603.0
21266.0 256946.0
21342.0 256744.0
21661.0 251449.0
23480.0 251140.0
25513.0 249398.0

20269.0 252630.0
20387.0 248853.0
21342.0 245542.0
21689.0 245417.0
21708.0 245321.0
22263.0 244609.0
27894.0 243594.0
28687.0 242817.0
28763.0 242099.0
30940.0 241144.0
34190.0 239653.0
35111.0 239584.0


