18092.0 122894.0
18596.0 122062.0
18615.0 122003.0
21266.0 121978.0
21342.0 121112.0
21689.0 120950.0
21708.0 120684.0
25513.0 120122.0
28187.0 120106.0
28687.0 120046.0
28763.0 119589.0
31437.0 119516.0
32934.0 119369.0
36184.0 118942.0
38858.0 118894.0
43605.0 118861.0

18122.0 134781.0
18526.0 123153.0
18596.0 122184.0
21342.0 121914.0
21638.0 121608.0
21708.0 121541.0
24016.0 121492.0
24592.0 121083.0
25513.0 120846.0
28763.0 120353.0
36184.0 119995.0

18122.0 134781.0
18526.0 123153.0
18596.0 122184.0
21342.0 121564.0
21708.0 121475.0
24592.0 121083.0
24820.0 121028.0
25513.0 120749.0
28763.0 120309.0
36184.0 119995.0

18092.0 126396.0
18526.0 123051.0
18596.0 122179.0
19112.0 122144.0
21342.0 121239.0
24592.0 120869.0
25513.0 120749.0
28763.0 120116.0
36184.0 119995.0

18092.0 123584.0
18526.0 123153.0
18545.0 122393.0
18596.0 122058.0
21342.0 121152.0
21708.0 121062.0
24592.0 120980.0
25513.0 120699.0
27773.0 120658.0
28763.0 120184.0
31937.0 120182.0
36184.0 119995.0

18092.0 136050.0
18122.0 134781.0
18526.0 123051.0
18596.0 122184.0
21342.0 121453.0
21708.0 121364.0
24592.0 120929.0
25513.0 120749.0
28763.0 120328.0
36184.0 119995.0

18122.0 134781.0
18526.0 123153.0
18596.0 122184.0
21342.0 121564.0
21708.0 121475.0
24592.0 121083.0
25513.0 120660.0
28763.0 120353.0
36184.0 119995.0

18092.0 124766.0
18526.0 123051.0
18596.0 122184.0
21342.0 121139.0
21638.0 121041.0
21708.0 120990.0
25513.0 120660.0
28763.0 120274.0
36184.0 119995.0

18092.0 128179.0
18447.0 123382.0
18526.0 123153.0
18596.0 122058.0
19471.0 122034.0
21342.0 121224.0
21708.0 120770.0
25513.0 120614.0
28687.0 120483.0
28763.0 119802.0
31937.0 119759.0

18092.0 124766.0
18526.0 123051.0
18596.0 122184.0
21342.0 121453.0
21708.0 121364.0
24592.0 121020.0
25513.0 120660.0
28763.0 120203.0
36184.0 119995.0

18122.0 133517.0
18526.0 123153.0
18596.0 122184.0
21342.0 120861.0
21708.0 120736.0
24801.0 120447.0
24820.0 120277.0
35111.0 120086.0
36184.0 119995.0
39434.0 119971.0
43605.0 119322.0


