18589.0 168693.0
18596.0 166097.0
19912.0 165817.0
20742.0 164832.0
21266.0 164283.0
21342.0 163340.0
24801.0 163331.0
25437.0 163097.0
25513.0 162680.0
28763.0 162066.0

18596.0 167072.0
19946.0 166003.0
20066.0 165841.0
20345.0 165782.0
21342.0 164582.0
21708.0 164394.0
23316.0 164240.0
24801.0 163862.0
28763.0 163668.0
30737.0 163536.0

18596.0 167072.0
19946.0 166003.0
20066.0 165841.0
20345.0 165315.0
21342.0 164582.0
21661.0 164465.0
21708.0 164394.0
23316.0 164240.0
24801.0 163862.0
27487.0 163831.0
28763.0 163655.0
30737.0 163536.0

18596.0 167072.0
19946.0 165881.0
20066.0 165374.0
20345.0 165315.0
21342.0 164582.0
21661.0 164465.0
21708.0 164394.0
23316.0 164240.0
24801.0 163862.0
27487.0 163831.0
28763.0 163655.0
30737.0 163536.0

18596.0 166358.0
18615.0 164177.0
18671.0 163864.0
20766.0 163821.0
21342.0 163361.0
23480.0 163114.0
24516.0 163064.0
25513.0 162759.0

18092.0 171257.0
18545.0 167569.0
18596.0 166358.0
19946.0 165881.0
20066.0 165374.0
20345.0 165315.0
21342.0 163353.0
25437.0 163146.0
25513.0 162947.0
28763.0 162889.0
31937.0 162815.0

18596.0 167072.0
19946.0 165881.0
20066.0 165374.0
20345.0 165315.0
21342.0 164582.0
21708.0 164394.0
23316.0 164240.0
24801.0 163862.0
28763.0 163668.0
30737.0 163536.0

18545.0 169502.0
18596.0 166870.0
19946.0 165881.0
20066.0 165374.0
20345.0 165315.0
21342.0 164582.0
21708.0 164136.0
24440.0 164087.0
24801.0 163862.0
25513.0 163772.0
28687.0 163623.0
30737.0 163536.0

18596.0 167072.0
18856.0 166546.0
19471.0 165992.0
19946.0 165881.0
20066.0 165374.0
20345.0 165315.0
21342.0 164582.0
21708.0 164394.0
22263.0 164242.0
23316.0 164240.0
24750.0 163714.0
28763.0 163668.0
30737.0 163536.0
37105.0 163168.0

18545.0 167631.0
18596.0 166420.0
19946.0 165881.0
20066.0 165374.0
20345.0 165315.0
21342.0 163828.0
22263.0 163764.0
22461.0 163226.0
25513.0 162841.0

18596.0 164450.0
18615.0 163048.0
21638.0 162816.0
21689.0 162766.0
21708.0 161441.0
25513.0 161210.0
28763.0 159954.0
31937.0 159160.0


