18545.0 176494.0
18671.0 176476.0
18922.0 172493.0
19313.0 171485.0
19505.0 171019.0
19912.0 170697.0
20742.0 169945.0
20766.0 168124.0
20857.0 167515.0
21266.0 166805.0
21302.0 166632.0
21708.0 165371.0
22263.0 164209.0
23950.0 163816.0
24592.0 163108.0
25513.0 161848.0
28763.0 161478.0
31937.0 161442.0

18615.0 173246.0
18922.0 171899.0
19246.0 168409.0
20368.0 168372.0
20838.0 166914.0
21266.0 166619.0
21342.0 166197.0
21708.0 166166.0
23316.0 165872.0
24016.0 165779.0
24750.0 165729.0
24801.0 165392.0
25513.0 165286.0
32934.0 165259.0

18615.0 171063.0
19112.0 170005.0
19246.0 168409.0
20368.0 168372.0
20838.0 166721.0
21266.0 166426.0
21342.0 166197.0
21708.0 166166.0
22263.0 165945.0
23316.0 165872.0
24016.0 165779.0
24750.0 165578.0
24801.0 165392.0
25513.0 165286.0
28687.0 164888.0

18615.0 171063.0
18856.0 170854.0
19069.0 170829.0
19112.0 169796.0
19246.0 168409.0
20066.0 166946.0
20838.0 166721.0
21266.0 165944.0
23316.0 165872.0
24016.0 165779.0
24201.0 164995.0
28687.0 164670.0

18092.0 167919.0
18513.0 167356.0
18596.0 166350.0
21089.0 166288.0
21266.0 165828.0
21342.0 163801.0
24592.0 163715.0
25513.0 163684.0
27266.0 163664.0
28763.0 162588.0
31437.0 162153.0
34687.0 162078.0
38858.0 161596.0

18092.0 166827.0
18596.0 165929.0
19471.0 164827.0
21689.0 164221.0
25513.0 163971.0
28187.0 163135.0
28763.0 162889.0
35608.0 162824.0

18615.0 172405.0
18922.0 171829.0
19246.0 168409.0
19505.0 168247.0
19787.0 168196.0
20387.0 168080.0
20546.0 167541.0
20766.0 167002.0
20838.0 166721.0
21266.0 166426.0
21342.0 166197.0
21708.0 165932.0
22263.0 165278.0
27894.0 164707.0
28111.0 163606.0

18615.0 173246.0
18922.0 171829.0
19069.0 171826.0
19246.0 168409.0
19313.0 168200.0
20066.0 167395.0
20838.0 166721.0
21266.0 166426.0
21342.0 166197.0
21638.0 165608.0
21708.0 164712.0
24913.0 164227.0
28687.0 164140.0
28763.0 163890.0
31437.0 163661.0
31937.0 163373.0
36184.0 162931.0

18615.0 172481.0
18922.0 171829.0
19112.0 171498.0
19246.0 168409.0
20368.0 168163.0
20838.0 166721.0
21266.0 166426.0
21342.0 166197.0
21708.0 166166.0
23316.0 165872.0
24016.0 165553.0
24201.0 164606.0
25513.0 164547.0
27894.0 164153.0
28687.0 164057.0
31437.0 163661.0

18596.0 167929.0
19787.0 167756.0
20066.0 166753.0
20766.0 166631.0
21266.0 165944.0
22263.0 165451.0
24801.0 165392.0
25513.0 164868.0
32934.0 164378.0

18615.0 171489.0
18671.0 170268.0
19146.0 168849.0
19246.0 168409.0
19471.0 168365.0
19912.0 164198.0
21190.0 163816.0
22263.0 162418.0
24782.0 161034.0
27894.0 160828.0
28763.0 159966.0
35111.0 159061.0
41611.0 158739.0


