17745.0 85154.0
18092.0 82014.0
18545.0 81923.0
18596.0 81449.0
18615.0 80845.0
19912.0 80821.0
20387.0 80797.0
21266.0 80794.0
21342.0 80364.0
21708.0 80184.0
24592.0 80059.0
24801.0 80058.0
25513.0 79979.0
28763.0 79520.0
31937.0 79517.0
32013.0 79313.0
36184.0 79287.0

18092.0 81563.0
18545.0 81339.0
18596.0 81098.0
19112.0 81063.0
20766.0 81055.0
21266.0 80990.0
21342.0 80710.0
21708.0 80621.0
22263.0 80620.0
24516.0 80619.0
24801.0 80409.0
25513.0 80259.0
27913.0 80208.0
28763.0 80002.0
32013.0 79854.0
36184.0 79560.0

18092.0 81563.0
18545.0 81339.0
18596.0 81098.0
19112.0 81063.0
20766.0 81055.0
21266.0 80990.0
21342.0 80710.0
21708.0 80620.0
24516.0 80379.0
25513.0 80259.0
27913.0 80208.0
28763.0 80002.0
32013.0 79854.0
36184.0 79560.0

18092.0 81489.0
18545.0 81339.0
18596.0 81017.0
21266.0 80967.0
21342.0 80688.0
21708.0 80382.0
24516.0 80355.0
25513.0 80241.0
27913.0 79947.0
28763.0 79835.0
36184.0 79560.0

18092.0 81563.0
18545.0 81339.0
18596.0 81017.0
19912.0 80953.0
21266.0 80949.0
21342.0 80710.0
21708.0 80620.0
22263.0 80363.0
25513.0 80222.0
27913.0 79947.0
28763.0 79835.0
36184.0 79560.0

18092.0 81563.0
18545.0 81339.0
18596.0 81098.0
19112.0 81063.0
20766.0 81055.0
21266.0 80990.0
21342.0 80710.0
21708.0 80617.0
23950.0 80498.0
24516.0 80379.0
25513.0 80259.0
27913.0 80208.0
28763.0 80002.0
32013.0 79854.0
36184.0 79560.0

18092.0 81563.0
18545.0 81339.0
18596.0 81098.0
19112.0 81063.0
20766.0 81055.0
21266.0 80990.0
21342.0 80710.0
21708.0 80426.0
24516.0 80379.0
25437.0 80364.0
25513.0 80259.0
27913.0 80208.0
28763.0 80002.0
32013.0 79854.0
36184.0 79560.0

18092.0 81563.0
18545.0 81339.0
18596.0 80873.0
21266.0 80870.0
21342.0 80621.0
21708.0 80254.0
25513.0 80147.0
28763.0 79962.0
32013.0 79854.0
36184.0 79560.0

18092.0 81563.0
18545.0 81339.0
18596.0 80993.0
19912.0 80953.0
21342.0 80672.0
21708.0 80426.0
24516.0 80379.0
25513.0 80154.0
27913.0 79947.0
28763.0 79835.0
36184.0 79560.0

18092.0 81563.0
18545.0 81339.0
18596.0 80991.0
19112.0 80951.0
20838.0 80950.0
21266.0 80948.0
21342.0 80699.0
21708.0 80436.0
24516.0 80379.0
25513.0 80195.0
27266.0 80187.0
28763.0 80002.0
32013.0 79854.0
36184.0 79560.0

17996.0 84132.0
18092.0 81489.0
18545.0 81339.0
18596.0 80799.0
19912.0 80768.0
21266.0 80765.0
21342.0 80433.0
21708.0 80106.0
24592.0 80094.0
25513.0 79715.0
28763.0 79530.0
31937.0 79527.0
32934.0 79451.0
36184.0 79432.0
38361.0 79336.0
39434.0 79201.0
46855.0 79165.0
49529.0 79027.0
51026.0 78140.0
54276.0 78022.0
57526.0 77984.0
63874.0 77944.0


