17745.0 84253.0
18092.0 81749.0
18545.0 81133.0
18596.0 81004.0
19112.0 80995.0
19912.0 80844.0
21266.0 80841.0
21342.0 80493.0
21708.0 80282.0
24592.0 80016.0
24820.0 79804.0
25513.0 79761.0
27842.0 79702.0
28763.0 79328.0
31937.0 79309.0
32013.0 79256.0
32934.0 79211.0
36184.0 78803.0
42608.0 78681.0
43605.0 78564.0

17492.0 84775.0
18092.0 81631.0
18545.0 81303.0
18596.0 81071.0
19912.0 81031.0
21266.0 81028.0
21342.0 80529.0
21708.0 80444.0
24750.0 80307.0
25513.0 79997.0
28687.0 79945.0
28763.0 79720.0
32013.0 79684.0

17492.0 84775.0
18092.0 81631.0
18545.0 81303.0
18596.0 81071.0
19912.0 81031.0
21266.0 81028.0
21342.0 80529.0
21708.0 80317.0
24750.0 80307.0
25513.0 79997.0
28687.0 79945.0
28763.0 79720.0
32013.0 79684.0
36184.0 79663.0

17492.0 84775.0
18092.0 81631.0
18526.0 81578.0
18545.0 81303.0
18596.0 81071.0
19912.0 81031.0
21266.0 81028.0
21342.0 80529.0
21708.0 80317.0
24750.0 80307.0
25513.0 79997.0
28687.0 79945.0
28763.0 79720.0
31937.0 79543.0
32013.0 79508.0
35187.0 79507.0

17492.0 84775.0
18092.0 81387.0
18545.0 81303.0
18596.0 80836.0
19912.0 80796.0
21266.0 80753.0
21342.0 80529.0
21708.0 80444.0
24750.0 80307.0
25513.0 79686.0
31937.0 79673.0
32934.0 79568.0
36184.0 79534.0

17492.0 84775.0
18092.0 81631.0
18526.0 81578.0
18545.0 81303.0
18596.0 81071.0
18615.0 81069.0
19112.0 81053.0
19912.0 80943.0
20345.0 80939.0
21342.0 80529.0
21708.0 80444.0
24516.0 80443.0
24592.0 80404.0
24750.0 80307.0
25513.0 79957.0
28687.0 79945.0
28763.0 79720.0
31937.0 79543.0
35187.0 79507.0
36184.0 79431.0

17492.0 84775.0
18092.0 81631.0
18545.0 81303.0
18596.0 81071.0
19912.0 81031.0
21266.0 81028.0
21342.0 80529.0
21708.0 80317.0
24592.0 80281.0
25513.0 79997.0
28687.0 79945.0
28763.0 79720.0
31937.0 79503.0
32013.0 79468.0
35187.0 79467.0

17492.0 84775.0
18092.0 81631.0
18545.0 81303.0
18596.0 81071.0
19912.0 81031.0
21266.0 81028.0
21342.0 80529.0
21708.0 80317.0
24592.0 80281.0
25513.0 79997.0
28687.0 79945.0
28763.0 79720.0
31937.0 79503.0
32013.0 79468.0
35187.0 79467.0

17492.0 84775.0
18092.0 81631.0
18545.0 81303.0
18596.0 81071.0
19912.0 81031.0
21266.0 81028.0
21342.0 80529.0
21708.0 80317.0
24592.0 80281.0
25513.0 79997.0
28687.0 79945.0
28763.0 79720.0
31937.0 79503.0
32013.0 79468.0
35187.0 79467.0

17126.0 88743.0
17492.0 84775.0
18092.0 81342.0
18545.0 81303.0
18596.0 81071.0
19912.0 81031.0
21266.0 81028.0
21342.0 80529.0
21708.0 80317.0
24592.0 80281.0
25513.0 79997.0
28687.0 79945.0
28763.0 79720.0
31937.0 79543.0
32013.0 79532.0
35187.0 79507.0

17492.0 84775.0
18016.0 84032.0
18092.0 81631.0
18545.0 81303.0
18596.0 81071.0
19912.0 80943.0
21342.0 80529.0
21708.0 80285.0
24592.0 80281.0
25513.0 79880.0
28763.0 79720.0
31937.0 79503.0
32013.0 79492.0
35187.0 79467.0
36184.0 79409.0


