16816.0 84013.0
16875.0 83769.0
17516.0 83374.0
17675.0 83312.0
17726.0 83265.0
18016.0 83244.0
18092.0 81492.0
18545.0 81470.0
18596.0 81317.0
19471.0 81105.0
19912.0 80817.0
21266.0 80814.0
21342.0 80563.0
21708.0 80239.0
24750.0 80217.0
24801.0 80139.0
25513.0 80051.0
27913.0 80022.0
28763.0 79690.0
32934.0 79551.0
36184.0 79235.0

17670.0 87154.0
18016.0 86450.0
18092.0 81819.0
18545.0 81561.0
18596.0 81136.0
21266.0 81022.0
21342.0 80836.0
21708.0 80460.0
24516.0 80389.0
25513.0 80342.0
27913.0 80282.0
28687.0 80244.0
28763.0 80183.0
29684.0 80107.0
37105.0 80014.0

17670.0 87154.0
18016.0 86450.0
18092.0 81819.0
18545.0 81561.0
18596.0 81136.0
21266.0 81022.0
21342.0 80836.0
21708.0 80460.0
24516.0 80389.0
25513.0 80342.0
27913.0 80121.0
29684.0 80107.0
32934.0 79981.0
40355.0 79918.0

17670.0 87154.0
18016.0 86450.0
18092.0 81819.0
18545.0 81561.0
18596.0 81136.0
18615.0 81016.0
19912.0 80774.0
21342.0 80648.0
21708.0 80460.0
22263.0 80457.0
24516.0 80389.0
24750.0 80365.0
25513.0 80005.0
28763.0 79946.0
32013.0 79863.0
36184.0 79735.0
43605.0 79408.0

17670.0 87154.0
18016.0 86450.0
18092.0 81575.0
18545.0 81561.0
18596.0 81008.0
19912.0 80799.0
21342.0 80673.0
21708.0 80431.0
24516.0 80389.0
25513.0 79969.0
28763.0 79740.0
32934.0 79626.0

17670.0 87154.0
18016.0 86450.0
18092.0 81715.0
18545.0 81561.0
18596.0 80930.0
21266.0 80887.0
21342.0 80656.0
21708.0 80254.0
24801.0 80253.0
25513.0 80082.0
28763.0 79807.0
32013.0 79771.0
32934.0 79697.0
36184.0 79358.0

17670.0 87154.0
18016.0 86450.0
18092.0 81819.0
18545.0 81561.0
18596.0 81136.0
21266.0 81022.0
21342.0 80836.0
21708.0 80460.0
24516.0 80389.0
25513.0 80291.0
27913.0 80121.0
29684.0 80107.0
32934.0 79887.0

17492.0 85347.0
17670.0 85106.0
17745.0 85103.0
18092.0 81631.0
18545.0 81533.0
18596.0 81136.0
21266.0 81022.0
21342.0 80703.0
21708.0 80460.0
24516.0 80389.0
24592.0 80279.0
25513.0 80186.0
27913.0 80121.0
28763.0 79605.0
32013.0 79569.0
36184.0 79372.0
40355.0 79206.0

17670.0 87154.0
18016.0 86450.0
18092.0 81545.0
18596.0 80954.0
19912.0 80721.0
21342.0 80595.0
21708.0 80353.0
25513.0 79768.0
28763.0 79672.0
32934.0 79543.0
40355.0 79536.0

17670.0 87154.0
18016.0 86450.0
18092.0 81497.0
18596.0 81136.0
21266.0 81022.0
21342.0 80736.0
21708.0 80460.0
24516.0 80389.0
24592.0 80365.0
24820.0 80098.0
28763.0 79862.0
32934.0 79769.0
39434.0 79588.0
43605.0 79429.0

17670.0 87154.0
17745.0 86127.0
18092.0 81441.0
18596.0 81075.0
18615.0 80953.0
20421.0 80917.0
21266.0 80910.0
21342.0 80402.0
22263.0 80345.0
24592.0 80273.0
25437.0 80212.0
25513.0 79658.0
29684.0 79505.0
32013.0 79492.0
36184.0 79348.0
39434.0 79135.0
43605.0 79037.0
46855.0 78989.0


