18596.0 166673.0
18615.0 163347.0
19946.0 163283.0
21266.0 163155.0
21342.0 162061.0
21708.0 161937.0
22263.0 161917.0
24016.0 161886.0
24592.0 161657.0
25513.0 160406.0
27766.0 160248.0
28687.0 160244.0
28763.0 159842.0
32934.0 159616.0
36108.0 159345.0
36184.0 159273.0

18596.0 165232.0
18615.0 163522.0
19112.0 163498.0
19912.0 163492.0
20766.0 163208.0
21342.0 162647.0
21587.0 162605.0
21708.0 162345.0
22263.0 161938.0
24592.0 161577.0
24699.0 161433.0
25513.0 160711.0
27913.0 160415.0
28763.0 159976.0
32934.0 159874.0
42032.0 159659.0
47776.0 159374.0

18545.0 167392.0
18596.0 165232.0
18615.0 163522.0
19112.0 163498.0
19912.0 163492.0
20766.0 163208.0
21342.0 162647.0
21587.0 162605.0
21708.0 162345.0
22263.0 161850.0
24516.0 161635.0
24592.0 161577.0
24699.0 161433.0
25513.0 160572.0
27913.0 160415.0
28763.0 159976.0
32934.0 159874.0
42032.0 159659.0
47776.0 159374.0

18545.0 164573.0
18615.0 163307.0
19946.0 163300.0
20766.0 163208.0
21266.0 163014.0
21342.0 162438.0
21708.0 161678.0
24516.0 161635.0
24592.0 161577.0
24699.0 161433.0
25513.0 160572.0
27913.0 160415.0
28763.0 159976.0
32934.0 159856.0
42032.0 159659.0
47776.0 159374.0

18545.0 167540.0
18596.0 164585.0
18615.0 163484.0
19112.0 163460.0
20387.0 163451.0
20766.0 163208.0
21342.0 162647.0
21587.0 162605.0
21638.0 162594.0
21708.0 162320.0
22263.0 161845.0
24516.0 161835.0
24592.0 161577.0
24699.0 161433.0
25513.0 160710.0
27913.0 160415.0
28763.0 159976.0
32934.0 159874.0
42032.0 159659.0
47776.0 159374.0

18545.0 166047.0
18596.0 165232.0
18615.0 163522.0
19112.0 163498.0
19912.0 163492.0
20387.0 163305.0
20766.0 163159.0
21266.0 163020.0
21342.0 161987.0
21638.0 161970.0
21708.0 161678.0
24016.0 161552.0
24516.0 161463.0
24699.0 161433.0
25513.0 160710.0
27913.0 160415.0
28763.0 159976.0
32934.0 159874.0
42032.0 159659.0
47776.0 159374.0

18545.0 167540.0
18596.0 165232.0
18615.0 163522.0
19112.0 163498.0
19912.0 163387.0
20766.0 163103.0
21266.0 163100.0
21342.0 161673.0
21708.0 161313.0
24750.0 161302.0
25513.0 160710.0
27913.0 160415.0
28763.0 159743.0
31437.0 159551.0
32934.0 159421.0
43605.0 158996.0

18596.0 165232.0
18615.0 163522.0
19112.0 163498.0
19912.0 163492.0
20766.0 163021.0
21266.0 163020.0
21342.0 161673.0
21708.0 161640.0
22902.0 161572.0
24016.0 161569.0
24592.0 161499.0
24699.0 161433.0
24750.0 161302.0
25513.0 160710.0
27913.0 160415.0
28763.0 159743.0
32934.0 159497.0
43605.0 159072.0

18545.0 167540.0
18596.0 165173.0
18615.0 163522.0
19112.0 163460.0
20766.0 163208.0
21266.0 163205.0
21342.0 161673.0
22102.0 161654.0
22902.0 161572.0
24516.0 161569.0
24592.0 161499.0
24699.0 161433.0
24750.0 161302.0
25513.0 160710.0
27913.0 160415.0
28763.0 159743.0
32934.0 159497.0
43605.0 159072.0

18596.0 165078.0
18615.0 163522.0
19112.0 163498.0
19912.0 163492.0
19946.0 163443.0
20766.0 163159.0
21266.0 163011.0
21342.0 162317.0
21638.0 162239.0
21657.0 162081.0
21708.0 161928.0
24516.0 161925.0
24592.0 161577.0
24699.0 161433.0
25513.0 160653.0
27913.0 160415.0
28763.0 159855.0
40355.0 159663.0
42032.0 159659.0
43605.0 159551.0
47776.0 159374.0

18596.0 164503.0
18615.0 162828.0
19912.0 162821.0
20345.0 162778.0
21342.0 161990.0
21689.0 161899.0
21708.0 161898.0
22263.0 161845.0
23950.0 161817.0
24016.0 161795.0
24592.0 161577.0
24699.0 161433.0
25513.0 160390.0
27894.0 160076.0
28763.0 158977.0
39358.0 158875.0


