18856.0 207430.0
19313.0 207410.0
19505.0 205582.0
20766.0 205342.0
20857.0 205104.0
21342.0 203291.0
21638.0 203221.0
21657.0 202712.0
21708.0 202327.0
24016.0 201855.0
24592.0 201671.0
24750.0 201539.0
25513.0 201107.0
27862.0 201056.0
27913.0 201004.0
28763.0 200220.0
30885.0 199887.0
32013.0 199702.0
36184.0 199567.0
37861.0 199296.0
39434.0 199127.0

18615.0 213545.0
19246.0 210858.0
19912.0 208655.0
20766.0 207985.0
21266.0 206882.0
21342.0 204211.0
21708.0 204006.0
22263.0 203695.0
24516.0 203567.0
24592.0 203122.0
24820.0 202880.0
25513.0 202461.0
27266.0 202134.0
32934.0 202077.0

18615.0 213545.0
18856.0 210937.0
19246.0 210858.0
19505.0 210722.0
19912.0 208655.0
20766.0 207824.0
20857.0 206031.0
21266.0 205636.0
21342.0 204211.0
21708.0 203889.0
22263.0 203644.0
24516.0 203530.0
24592.0 203122.0
24820.0 202880.0
25513.0 202461.0
27266.0 202134.0
32934.0 202077.0

18615.0 205152.0
19505.0 204912.0
20345.0 204797.0
21266.0 204748.0
21342.0 204152.0
21657.0 204077.0
21708.0 203889.0
22263.0 203637.0
24516.0 203530.0
24592.0 202976.0
24801.0 202854.0
24820.0 202620.0
25513.0 202461.0
27266.0 202134.0
32934.0 202077.0
38858.0 202042.0

18615.0 205313.0
19247.0 205232.0
19471.0 205208.0
19505.0 205124.0
19946.0 204797.0
20857.0 204762.0
21342.0 204211.0
21708.0 203766.0
22263.0 203423.0
24592.0 203122.0
24820.0 202880.0
25513.0 202461.0
27266.0 202134.0
32934.0 202077.0

18615.0 205364.0
19505.0 205124.0
20345.0 205010.0
21342.0 204187.0
21638.0 204165.0
21657.0 203487.0
21708.0 203290.0
24592.0 203101.0
24820.0 202595.0
25513.0 202461.0
27266.0 202134.0
31937.0 201956.0

18615.0 205364.0
19505.0 205124.0
20345.0 205010.0
21342.0 204211.0
21657.0 204118.0
21708.0 203908.0
22263.0 203644.0
24516.0 203530.0
24592.0 203085.0
24820.0 202880.0
25513.0 202461.0
27266.0 202134.0
32013.0 202011.0

18615.0 205436.0
19505.0 205196.0
20345.0 205082.0
21342.0 204211.0
21657.0 204118.0
21708.0 203908.0
22263.0 203644.0
24016.0 203366.0
24516.0 203221.0
24592.0 202976.0
24801.0 202873.0
25513.0 202158.0
27266.0 202134.0
28763.0 202099.0
32934.0 201967.0

18615.0 205377.0
19247.0 205279.0
19471.0 204669.0
21342.0 204211.0
21657.0 204118.0
21708.0 203727.0
22263.0 203423.0
24016.0 202980.0
24750.0 202111.0
27266.0 202055.0
28763.0 201627.0
30155.0 201523.0
36184.0 201379.0

18615.0 205364.0
19471.0 205340.0
19505.0 205124.0
20345.0 205010.0
21342.0 204211.0
21657.0 204118.0
21708.0 203908.0
22263.0 203644.0
24516.0 203530.0
24592.0 203085.0
24750.0 202956.0
24801.0 202873.0
24820.0 202716.0
25513.0 202461.0
27266.0 202134.0
32013.0 202011.0

18615.0 206176.0
19946.0 204625.0
20345.0 204511.0
21342.0 203556.0
21657.0 203418.0
21708.0 202997.0
22263.0 202441.0
24801.0 201383.0
24820.0 201019.0
27913.0 200493.0
34190.0 200149.0


