18447.0 220786.0
18596.0 216912.0
18856.0 213395.0
19505.0 213232.0
20766.0 212099.0
21038.0 211368.0
21661.0 210610.0
21708.0 207847.0
22146.0 207769.0
22263.0 205293.0
24592.0 204236.0
24782.0 204095.0
25513.0 203633.0
32013.0 203359.0
35608.0 203336.0
36108.0 203137.0
36184.0 202172.0

21342.0 215044.0
21708.0 211042.0
22263.0 209679.0
23950.0 208076.0
24937.0 207970.0
26992.0 207339.0
40279.0 207210.0

21342.0 215044.0
21708.0 211042.0
22263.0 209679.0
23950.0 208076.0
24937.0 207970.0
26992.0 207339.0
40279.0 207210.0

20766.0 218510.0
21342.0 210621.0
21661.0 210599.0
22263.0 209126.0
22461.0 208094.0
23950.0 208076.0
24937.0 207805.0
25513.0 207319.0
28187.0 207046.0
28687.0 206937.0
28763.0 206611.0
32934.0 205534.0

21342.0 215044.0
21708.0 211042.0
22263.0 209679.0
23950.0 208076.0
24937.0 207970.0
26992.0 207339.0
39434.0 206096.0

20742.0 228188.0
20857.0 227292.0
21266.0 219820.0
21342.0 214614.0
21638.0 213976.0
21657.0 209229.0
21708.0 208569.0
22263.0 208253.0
23550.0 207956.0
24592.0 207663.0
24731.0 207470.0
24801.0 206746.0
28187.0 206605.0
28687.0 206337.0
31658.0 206195.0
32934.0 205621.0
39779.0 205409.0
47700.0 204258.0

21342.0 215044.0
21708.0 211042.0
22263.0 209679.0
23950.0 208076.0
24937.0 207970.0
25437.0 207453.0
26992.0 207339.0
28763.0 207101.0
31437.0 206870.0
31937.0 206616.0
38858.0 205853.0

21104.0 218217.0
21342.0 215044.0
21657.0 214937.0
21661.0 213778.0
21708.0 209294.0
22263.0 209150.0
22461.0 208989.0
22936.0 208141.0
23950.0 208076.0
24750.0 207883.0
25513.0 207780.0
26992.0 207339.0
28687.0 206937.0
28763.0 206611.0
32934.0 206271.0
39779.0 205787.0

20742.0 216576.0
21342.0 212910.0
21638.0 210451.0
21708.0 206993.0
22263.0 206475.0
24801.0 205534.0
28687.0 205396.0
31937.0 204562.0

21138.0 223906.0
21342.0 214544.0
21657.0 212820.0
21708.0 210624.0
22263.0 208925.0
22461.0 207850.0
24016.0 207567.0
24801.0 207023.0
25513.0 206860.0
28763.0 206383.0
29684.0 205706.0
36184.0 205155.0

20961.0 218709.0
21089.0 215098.0
21266.0 214992.0
21342.0 206772.0
21689.0 203456.0
21708.0 203432.0
24820.0 201245.0
27913.0 199422.0


