18615.0 209945.0
19247.0 209869.0
19313.0 209329.0
19845.0 208601.0
20421.0 208553.0
21266.0 208434.0
21342.0 204796.0
21638.0 204645.0
21708.0 204462.0
23550.0 204223.0
24750.0 203288.0
25513.0 201705.0
27766.0 201669.0
27843.0 201500.0
27894.0 201410.0
27913.0 200869.0
28763.0 200065.0
30085.0 199679.0
36184.0 199072.0

18805.0 214570.0
19471.0 209543.0
19946.0 208532.0
20457.0 207430.0
21266.0 207111.0
21342.0 205715.0
21661.0 204898.0
21689.0 204571.0
24016.0 204473.0
24516.0 204287.0
25513.0 203612.0
27894.0 203524.0
28687.0 202945.0
28763.0 202216.0
32013.0 201858.0
32934.0 201770.0
36108.0 201664.0

18545.0 211643.0
18615.0 207887.0
19505.0 207694.0
20421.0 207656.0
20457.0 207430.0
20766.0 207024.0
21266.0 205680.0
21657.0 205643.0
21661.0 204898.0
21689.0 204571.0
24016.0 204473.0
24516.0 204287.0
25513.0 203158.0
26490.0 202748.0
27842.0 202564.0
27862.0 202060.0
32013.0 201858.0
32934.0 201467.0
36108.0 200985.0

18545.0 211643.0
18615.0 209978.0
19471.0 209543.0
19505.0 208670.0
19946.0 208481.0
20457.0 207430.0
20766.0 207024.0
21342.0 205715.0
21638.0 205169.0
21661.0 204898.0
21689.0 204571.0
22263.0 204551.0
23095.0 204455.0
24016.0 204382.0
24516.0 204287.0
24750.0 204277.0
24937.0 203753.0
25513.0 203599.0
27862.0 203381.0
27913.0 201970.0
31361.0 201735.0
36108.0 201664.0

18545.0 211643.0
19146.0 208856.0
19471.0 208129.0
19946.0 208083.0
20421.0 207876.0
20457.0 207430.0
20766.0 207024.0
21266.0 205974.0
21342.0 205715.0
21661.0 204898.0
21689.0 204571.0
21708.0 204543.0
22263.0 204400.0
23095.0 204310.0
24516.0 204287.0
24750.0 204275.0
24801.0 203597.0
25513.0 203367.0
27862.0 203269.0
27913.0 203264.0
28687.0 202594.0
28763.0 202216.0
30955.0 202153.0
31937.0 201924.0
32013.0 201796.0
32934.0 201303.0

18545.0 211151.0
18615.0 209914.0
19146.0 208856.0
19471.0 208129.0
19505.0 207936.0
20457.0 207430.0
20766.0 207024.0
21342.0 204996.0
21661.0 204783.0
21689.0 204541.0
22263.0 204380.0
24516.0 204287.0
24592.0 204221.0
24750.0 203686.0
24801.0 203534.0
25513.0 203102.0
27862.0 202985.0
28687.0 202796.0
28763.0 202216.0
30987.0 201973.0
32013.0 201858.0
32934.0 201642.0

18615.0 210729.0
18922.0 210368.0
19146.0 208919.0
19471.0 208143.0
19505.0 207948.0
20438.0 207782.0
20457.0 207430.0
21266.0 207111.0
21342.0 205561.0
21638.0 205200.0
21661.0 204898.0
21689.0 204571.0
22263.0 204480.0
23095.0 204217.0
24731.0 204010.0
25513.0 203296.0
27843.0 203235.0
28687.0 202796.0
28763.0 201852.0
32934.0 201770.0
36108.0 201664.0

18615.0 210729.0
18623.0 208963.0
19146.0 208919.0
19471.0 208143.0
19505.0 207749.0
20457.0 207430.0
20766.0 207347.0
21266.0 206491.0
21342.0 205539.0
21638.0 205200.0
21657.0 204946.0
21661.0 204685.0
21689.0 204473.0
23095.0 204066.0
24516.0 204036.0
24731.0 204010.0
24801.0 203069.0
28687.0 202796.0
28763.0 201852.0
32934.0 201770.0
36108.0 201664.0

18615.0 210729.0
18922.0 210368.0
19146.0 208919.0
19471.0 208143.0
19505.0 207948.0
20438.0 207782.0
20457.0 207430.0
21266.0 207111.0
21342.0 205561.0
21638.0 205200.0
21661.0 204898.0
21689.0 204571.0
22263.0 204480.0
23095.0 204217.0
24731.0 204010.0
25513.0 203296.0
27843.0 203235.0
28687.0 202796.0
28763.0 201852.0
32934.0 201770.0
36108.0 201664.0

18615.0 211333.0
18671.0 210784.0
18856.0 210492.0
18922.0 208674.0
19146.0 208362.0
19471.0 208005.0
19505.0 206275.0
20838.0 205859.0
21342.0 205491.0
21638.0 205200.0
21657.0 204946.0
21661.0 204534.0
21689.0 204167.0
24016.0 204129.0
24516.0 203794.0
24820.0 203338.0
25513.0 202880.0
28763.0 202163.0
30516.0 202076.0
31006.0 201970.0
32013.0 201858.0
32934.0 201762.0
34048.0 201756.0
36108.0 201664.0
36184.0 201058.0

18596.0 213311.0
18671.0 208213.0
19112.0 207410.0
19471.0 206038.0
21342.0 203999.0
21638.0 203514.0
21708.0 203419.0
24801.0 203178.0
25513.0 202675.0
26992.0 202275.0
27043.0 202224.0
27913.0 201409.0
28763.0 200654.0
34190.0 199031.0
41611.0 198711.0


