18545.0 217767.0
18596.0 211045.0
18922.0 209932.0
19980.0 209480.0
20838.0 209479.0
21342.0 207752.0
21638.0 205812.0
22263.0 203052.0
23950.0 202726.0
25437.0 202341.0
25513.0 201224.0
27766.0 200898.0
27843.0 200895.0
29684.0 200785.0
32013.0 200326.0
36184.0 200294.0

18856.0 216278.0
19245.0 214109.0
19471.0 208693.0
20304.0 208201.0
20827.0 207271.0
21266.0 206886.0
21342.0 204931.0
21708.0 204771.0
22263.0 204117.0
24750.0 204027.0
25513.0 203560.0
27043.0 203402.0
27843.0 203317.0
28687.0 202989.0
28763.0 202703.0
29285.0 202326.0
34687.0 202179.0
34908.0 201600.0

18671.0 208246.0
19466.0 208053.0
20827.0 207271.0
21266.0 206886.0
21342.0 204931.0
21708.0 204720.0
22263.0 203872.0
24750.0 203867.0
25513.0 203489.0
27043.0 203402.0
27843.0 203317.0
28111.0 203119.0
28687.0 202989.0
28763.0 202501.0
29285.0 202326.0
32934.0 201863.0
34908.0 201600.0

18671.0 208246.0
20304.0 208201.0
20827.0 207271.0
21266.0 206886.0
21342.0 204931.0
21708.0 204593.0
22263.0 203872.0
24592.0 203744.0
24801.0 203115.0
25513.0 202607.0
28763.0 202260.0
29684.0 201990.0
32934.0 201915.0
34908.0 201600.0

18671.0 208246.0
19466.0 208053.0
20827.0 207271.0
21266.0 206886.0
21342.0 204931.0
21708.0 204771.0
22263.0 203872.0
25513.0 203489.0
27043.0 203402.0
27843.0 203317.0
28111.0 203119.0
28687.0 202989.0
28763.0 202579.0
29285.0 202326.0
32934.0 201863.0
34908.0 201600.0

18596.0 220847.0
18671.0 208246.0
19466.0 208053.0
19505.0 207275.0
19587.0 206818.0
19980.0 206238.0
19987.0 205943.0
20766.0 205883.0
21342.0 204931.0
21708.0 204562.0
22263.0 203872.0
25513.0 203560.0
27043.0 203402.0
27266.0 203327.0
27843.0 203317.0
28111.0 203119.0
28687.0 202989.0
28763.0 202260.0
34687.0 202135.0
34908.0 201600.0

18671.0 213772.0
18922.0 212736.0
19471.0 208693.0
20304.0 208201.0
20827.0 207271.0
21266.0 206886.0
21342.0 204931.0
21708.0 204591.0
22263.0 204117.0
24750.0 204027.0
25513.0 203560.0
27043.0 203402.0
27843.0 203317.0
28111.0 203119.0
28687.0 202989.0
28763.0 202703.0
29285.0 202326.0
31937.0 202119.0
34908.0 201600.0

18671.0 213772.0
18922.0 212736.0
19471.0 208693.0
20304.0 208201.0
20827.0 207271.0
21266.0 206886.0
21342.0 204931.0
21689.0 204897.0
21708.0 204359.0
22263.0 204117.0
24592.0 203656.0
25513.0 203486.0
27043.0 203402.0
27843.0 203317.0
28111.0 203119.0
28687.0 202989.0
28763.0 202703.0
29285.0 202326.0
31937.0 202119.0
34611.0 202057.0
34687.0 201508.0

18671.0 213772.0
18922.0 212736.0
19471.0 208693.0
20304.0 208201.0
20827.0 207271.0
21266.0 206886.0
21342.0 204931.0
21708.0 204591.0
22263.0 204117.0
24750.0 204027.0
25437.0 203880.0
25513.0 203560.0
27043.0 203402.0
27843.0 203317.0
28111.0 203119.0
28687.0 202989.0
28763.0 202703.0
29285.0 202326.0
31937.0 202119.0
32934.0 201989.0
34908.0 201600.0

18596.0 220847.0
18615.0 212258.0
18671.0 206921.0
19946.0 206399.0
19980.0 206191.0
20766.0 205819.0
21342.0 204931.0
21708.0 204771.0
22263.0 203872.0
25513.0 203183.0
27043.0 202831.0
28763.0 202558.0
29285.0 202326.0
32934.0 201878.0
34611.0 201761.0
34908.0 201396.0

18615.0 204986.0
21342.0 204693.0
21568.0 204692.0
21689.0 203951.0
21708.0 202894.0
24801.0 202573.0
25513.0 201144.0
28763.0 199825.0
34190.0 199182.0


