21089.0 259600.0
21689.0 258437.0
21708.0 254273.0
21821.0 254211.0
22263.0 250227.0
24516.0 249934.0
24750.0 249647.0
24801.0 248802.0
25437.0 247290.0
25513.0 246562.0
27043.0 245758.0
27894.0 245177.0
28187.0 244937.0
30085.0 244786.0
32934.0 243150.0
43529.0 242533.0

21108.0 282592.0
21266.0 260401.0
21708.0 252821.0
23550.0 250862.0
23899.0 250330.0
23950.0 250099.0
24750.0 249871.0
24801.0 249716.0
25513.0 249568.0
27266.0 249158.0
27487.0 248161.0
28687.0 247966.0
29684.0 247886.0

21108.0 282592.0
21266.0 260401.0
21342.0 257510.0
21657.0 253296.0
21708.0 252043.0
22263.0 249998.0
22902.0 248536.0
24750.0 247802.0
28763.0 247690.0

21108.0 282592.0
21266.0 260401.0
21342.0 258649.0
21689.0 253598.0
21708.0 252821.0
22461.0 252033.0
22936.0 252012.0
23316.0 250965.0
23550.0 250643.0
23899.0 250330.0
23950.0 250099.0
24750.0 249871.0
24801.0 249716.0
25010.0 249674.0
25437.0 249315.0
27266.0 248856.0
27487.0 248161.0
28687.0 247966.0
29684.0 247886.0

21108.0 282592.0
21266.0 260401.0
21342.0 258649.0
21708.0 251789.0
22519.0 251755.0
23316.0 250965.0
23550.0 250862.0
23899.0 250330.0
23950.0 249435.0
24592.0 249114.0
24801.0 248878.0
25437.0 248683.0
25513.0 247623.0
31937.0 247482.0
34687.0 247208.0

21108.0 282592.0
21266.0 260401.0
21342.0 258649.0
21708.0 252715.0
23316.0 250965.0
23550.0 250862.0
23899.0 250330.0
23950.0 250099.0
24750.0 249871.0
24801.0 249716.0
25437.0 249391.0
27266.0 249158.0
27487.0 248161.0
28687.0 247966.0
29684.0 247886.0

21108.0 282592.0
21266.0 260401.0
21708.0 252821.0
23550.0 250862.0
23899.0 250330.0
23950.0 250099.0
24750.0 249871.0
24801.0 249716.0
25513.0 249568.0
27266.0 249158.0
27487.0 248161.0
28687.0 247966.0
29684.0 247886.0

21108.0 282592.0
21266.0 260401.0
21342.0 258649.0
21708.0 252821.0
22740.0 252012.0
23550.0 250862.0
23899.0 250330.0
23950.0 250099.0
24750.0 249871.0
24801.0 249716.0
24937.0 249542.0
27266.0 249158.0
27487.0 248161.0
28687.0 247966.0
29684.0 247886.0
32934.0 247451.0

21108.0 282592.0
21266.0 260401.0
21708.0 252821.0
23550.0 250862.0
23899.0 250330.0
23950.0 250099.0
24750.0 249871.0
24801.0 249716.0
25513.0 249568.0
27266.0 249158.0
27487.0 248161.0
28687.0 247966.0
29684.0 247886.0

21108.0 282592.0
21266.0 260401.0
21342.0 258649.0
21708.0 252821.0
23550.0 250862.0
23899.0 250330.0
23950.0 250099.0
24750.0 249871.0
24801.0 249716.0
25437.0 248902.0
26443.0 248844.0
27487.0 248161.0
28687.0 247966.0
29684.0 247886.0

21108.0 282592.0
21266.0 248827.0
21689.0 245325.0
24820.0 244231.0
25513.0 243659.0
28763.0 243079.0
34190.0 241400.0


