21638.0 401094.0
21657.0 395088.0
21761.0 392810.0
21795.0 388783.0
22263.0 384700.0
22716.0 384036.0
23316.0 383901.0
23940.0 381994.0
23950.0 381174.0
24516.0 379011.0
24801.0 378340.0
24820.0 377983.0
25485.0 377673.0
25513.0 370193.0
27966.0 368955.0
28763.0 367521.0
32934.0 367130.0

21657.0 402415.0
21661.0 393044.0
21708.0 384590.0
22020.0 383285.0
22461.0 379148.0
23950.0 378479.0
24201.0 378217.0
24237.0 376020.0
24440.0 374633.0
24516.0 372966.0
27043.0 372881.0
27294.0 372039.0
28763.0 371345.0
31937.0 370904.0
32334.0 370862.0
32934.0 370563.0
39358.0 370537.0

21657.0 402415.0
21661.0 393044.0
21708.0 383608.0
21755.0 381171.0
22263.0 379231.0
22461.0 379148.0
23950.0 377627.0
24237.0 376020.0
24440.0 374633.0
24516.0 372966.0
27043.0 372881.0
27294.0 372039.0
28763.0 371178.0
30737.0 370931.0
31937.0 370904.0
32013.0 370892.0
32334.0 370862.0
32934.0 370563.0
34908.0 370487.0

21657.0 402415.0
21661.0 386122.0
21708.0 384590.0
21821.0 384551.0
22020.0 383285.0
22263.0 379552.0
22461.0 379148.0
23899.0 376227.0
24237.0 376020.0
24440.0 374633.0
24516.0 372966.0
25513.0 372436.0
26887.0 372374.0
27043.0 372019.0
27690.0 371796.0
28763.0 370234.0
30940.0 370119.0
32334.0 369853.0

21342.0 388526.0
21661.0 386446.0
21708.0 384590.0
22020.0 383285.0
22263.0 382109.0
22461.0 379148.0
23899.0 376227.0
24237.0 376020.0
24440.0 374633.0
24516.0 372966.0
27043.0 372881.0
27294.0 372039.0
27690.0 371796.0
28763.0 371345.0
29684.0 370523.0
31437.0 369862.0
32334.0 369853.0
36184.0 368521.0

21657.0 401643.0
21661.0 393044.0
21708.0 381149.0
22263.0 379552.0
22461.0 379148.0
23550.0 378429.0
23899.0 376227.0
24016.0 375331.0
24440.0 374633.0
24516.0 372966.0
25513.0 372489.0
27294.0 372039.0
27690.0 371796.0
28763.0 371345.0
29684.0 371102.0
31937.0 370904.0
32334.0 369853.0

21657.0 402415.0
21661.0 393044.0
21708.0 384590.0
22020.0 383285.0
22461.0 379148.0
23950.0 378479.0
24201.0 378217.0
24237.0 376020.0
24440.0 374633.0
24516.0 372966.0
27043.0 372881.0
27294.0 372039.0
28763.0 371345.0
31937.0 370904.0
32334.0 370862.0
32934.0 370563.0
39358.0 370537.0

21657.0 402415.0
21661.0 393044.0
21708.0 383456.0
22020.0 383285.0
22263.0 380646.0
22461.0 379148.0
23899.0 376227.0
24016.0 375122.0
24440.0 374633.0
24516.0 372966.0
25513.0 372806.0
27294.0 372039.0
28763.0 371345.0
31437.0 371273.0
31937.0 370904.0
32013.0 370477.0
32334.0 369853.0

21657.0 402415.0
21661.0 393044.0
21708.0 383850.0
22020.0 383285.0
22263.0 382386.0
22461.0 379148.0
23950.0 378479.0
24201.0 378217.0
24237.0 376020.0
24440.0 374633.0
24516.0 372966.0
27043.0 372881.0
27294.0 372039.0
28763.0 371345.0
31937.0 370904.0
32334.0 370862.0
32934.0 370563.0
34908.0 369672.0

21657.0 401643.0
21661.0 393044.0
21708.0 383850.0
22020.0 382248.0
22263.0 379552.0
22461.0 379148.0
23899.0 376227.0
24016.0 375331.0
24440.0 374633.0
24516.0 372966.0
25513.0 372181.0
27043.0 372138.0
27294.0 372039.0
27690.0 371796.0
28187.0 371232.0
28763.0 370074.0
31437.0 369842.0
32934.0 368220.0
36184.0 367510.0
43605.0 367046.0

21657.0 402415.0
21661.0 393044.0
21708.0 380455.0
22020.0 378168.0
22263.0 375646.0
22461.0 373389.0
23550.0 370911.0
25392.0 370649.0
27690.0 369553.0
27894.0 367978.0
28763.0 360288.0
38361.0 359229.0
41611.0 356309.0
49032.0 355215.0
63874.0 354039.0


