16956.0 85143.0
16990.0 83697.0
17516.0 83302.0
17745.0 83077.0
18016.0 83007.0
18092.0 81963.0
18545.0 81929.0
18596.0 80853.0
19912.0 80805.0
21266.0 80802.0
21342.0 80508.0
21708.0 80084.0
24516.0 80081.0
24592.0 79831.0
24820.0 79780.0
25513.0 79719.0
27842.0 79713.0
27913.0 79668.0
28763.0 79395.0
32013.0 79145.0
32934.0 79084.0
36184.0 78851.0
39434.0 78666.0
42684.0 78613.0
46779.0 78573.0
46855.0 78420.0
50105.0 78384.0

17492.0 84117.0
17745.0 83130.0
18092.0 82208.0
18545.0 82204.0
18596.0 81223.0
19912.0 81008.0
20421.0 80972.0
21342.0 80730.0
21708.0 80499.0
24592.0 80234.0
24801.0 80161.0
25513.0 80058.0
27766.0 80023.0
28763.0 79743.0
32013.0 79617.0
35187.0 79602.0
39358.0 79571.0
43605.0 79261.0

17492.0 84117.0
17745.0 83130.0
18092.0 82208.0
18545.0 82204.0
18596.0 81223.0
19912.0 81008.0
20421.0 80972.0
21342.0 80650.0
21708.0 80408.0
24592.0 80035.0
27766.0 80023.0
28763.0 79743.0
32013.0 79491.0
43605.0 79261.0

17492.0 84117.0
17516.0 83090.0
18092.0 81750.0
18596.0 80857.0
19912.0 80809.0
21266.0 80806.0
21342.0 80542.0
21708.0 80197.0
24516.0 80146.0
24592.0 80134.0
24801.0 80088.0
25513.0 79854.0
27913.0 79765.0
28763.0 79558.0
32013.0 79406.0
35187.0 79403.0
36184.0 79266.0
39358.0 79117.0

17492.0 84117.0
17745.0 83130.0
18092.0 82208.0
18545.0 82204.0
18596.0 81223.0
19912.0 81008.0
20421.0 80972.0
21342.0 80728.0
21708.0 80499.0
24592.0 80233.0
24801.0 80161.0
25513.0 80058.0
27766.0 80023.0
27913.0 79791.0
28763.0 79743.0
32013.0 79617.0
32934.0 79597.0
36184.0 79581.0
39358.0 79571.0
43605.0 79261.0

17492.0 84060.0
17736.0 83738.0
17745.0 83130.0
18092.0 82076.0
18545.0 82059.0
18596.0 80998.0
19912.0 80950.0
21342.0 80512.0
21708.0 80300.0
24592.0 80138.0
24820.0 80115.0
25513.0 79798.0
27913.0 79791.0
28763.0 79455.0
32013.0 79328.0
35187.0 79325.0
43605.0 79261.0

17492.0 84117.0
17745.0 83130.0
18092.0 82208.0
18545.0 82204.0
18596.0 81223.0
18615.0 81035.0
19912.0 81008.0
20387.0 80995.0
20421.0 80972.0
20766.0 80834.0
21342.0 80617.0
21708.0 80408.0
24592.0 80035.0
27766.0 80023.0
28763.0 79743.0
32013.0 79406.0
35187.0 79403.0
43605.0 79261.0

17171.0 86641.0
17345.0 85660.0
17492.0 84117.0
17745.0 83130.0
18016.0 82991.0
18092.0 81577.0
18596.0 81223.0
18615.0 80973.0
20387.0 80949.0
20766.0 80834.0
21342.0 80525.0
21708.0 80341.0
24516.0 80338.0
24592.0 80035.0
27766.0 80023.0
28763.0 79637.0
32013.0 79406.0
35187.0 79403.0
39358.0 79389.0
43605.0 79261.0

17492.0 84117.0
17745.0 83130.0
18092.0 82208.0
18545.0 82204.0
18596.0 81223.0
18615.0 81035.0
19912.0 81008.0
20387.0 80995.0
20421.0 80972.0
20766.0 80834.0
21342.0 80617.0
21708.0 80408.0
24592.0 80035.0
25513.0 79888.0
28687.0 79869.0
28763.0 79743.0
32013.0 79406.0
35187.0 79403.0
43605.0 79261.0

17492.0 84117.0
17736.0 83668.0
17745.0 83130.0
18092.0 81503.0
18545.0 81486.0
18596.0 81105.0
18615.0 80973.0
20387.0 80949.0
20766.0 80907.0
21342.0 80440.0
21708.0 80368.0
24516.0 80325.0
24592.0 80016.0
25513.0 79727.0
28763.0 79542.0
32013.0 79491.0
36184.0 79236.0

17492.0 84117.0
17516.0 82831.0
18016.0 82141.0
18092.0 81424.0
18596.0 80690.0
19912.0 80626.0
21266.0 80625.0
21342.0 80152.0
21708.0 79974.0
24516.0 79949.0
24592.0 79855.0
24820.0 79840.0
25513.0 79556.0
27894.0 79555.0
28687.0 79554.0
28763.0 79308.0
36184.0 79011.0
42608.0 78934.0
46855.0 78852.0


