21342.0 265436.0
21689.0 257708.0
21708.0 255250.0
22263.0 249485.0
23880.0 249373.0
24016.0 247495.0
24782.0 246694.0
25513.0 245907.0
27913.0 245727.0
29684.0 245367.0
31437.0 245201.0
32934.0 245125.0

20142.0 279098.0
21266.0 257781.0
21342.0 253060.0
22263.0 251068.0
23931.0 250842.0
24237.0 250774.0
24592.0 250462.0
24801.0 249665.0
28687.0 249095.0
29685.0 248973.0
32934.0 248724.0
33987.0 247823.0

20142.0 279098.0
21266.0 257781.0
21342.0 253060.0
21708.0 252611.0
22263.0 251068.0
23331.0 250697.0
23931.0 249830.0
24801.0 249665.0
24937.0 249509.0
28687.0 249095.0
29685.0 248973.0
31006.0 248912.0
32013.0 248313.0
33987.0 247823.0

20142.0 279098.0
21108.0 264121.0
21266.0 257781.0
21342.0 253060.0
21821.0 252767.0
22263.0 251068.0
23931.0 250512.0
24237.0 250492.0
24516.0 250451.0
24592.0 249502.0
27894.0 249349.0
28687.0 249095.0
28763.0 249064.0
29685.0 248973.0
32013.0 248313.0
33987.0 247823.0
35608.0 246704.0

20142.0 279098.0
21266.0 257781.0
21342.0 253060.0
22263.0 251068.0
22495.0 250311.0
23931.0 250141.0
24016.0 249665.0
24750.0 249355.0
27843.0 248998.0
28687.0 247582.0

19505.0 254559.0
20766.0 253213.0
21342.0 252145.0
21708.0 250657.0
24516.0 250653.0
24592.0 250328.0
24801.0 249665.0
24937.0 249509.0
28687.0 249095.0
29685.0 248973.0
32013.0 248313.0
33987.0 247823.0

20142.0 279098.0
21266.0 257781.0
21342.0 253060.0
22263.0 251068.0
23931.0 249830.0
24016.0 249665.0
24937.0 249509.0
28687.0 249095.0
29685.0 248973.0
32013.0 248313.0
33987.0 247823.0

20142.0 279098.0
20766.0 254185.0
21342.0 253060.0
21795.0 252878.0
22263.0 250919.0
23316.0 250341.0
23480.0 248983.0
28763.0 248285.0
33987.0 247823.0

20066.0 260833.0
21266.0 257781.0
21342.0 253060.0
21795.0 252956.0
22263.0 251068.0
23931.0 250842.0
23992.0 250622.0
24016.0 249907.0
24801.0 249665.0
24937.0 249509.0
28687.0 249095.0
28763.0 248370.0
32013.0 248313.0
33987.0 247823.0

20066.0 260833.0
20838.0 254725.0
21342.0 252060.0
22263.0 251068.0
23931.0 250842.0
23992.0 250622.0
24016.0 249907.0
24801.0 249665.0
24937.0 249509.0
25513.0 247186.0

20142.0 279098.0
21021.0 262010.0
21266.0 257488.0
21342.0 253060.0
21689.0 247910.0
21708.0 247363.0
22263.0 246828.0
25513.0 244334.0
28763.0 243433.0
31025.0 241208.0
32013.0 240905.0
34190.0 239909.0


