21708.0 387530.0
22263.0 386926.0
22461.0 384718.0
22495.0 384030.0
23899.0 382705.0
23950.0 382152.0
23992.0 381239.0
24651.0 380613.0
24801.0 377691.0
25513.0 371715.0
27043.0 371227.0
27913.0 371221.0
28187.0 369383.0
28687.0 368391.0
29736.0 368023.0
32358.0 367994.0

21689.0 386152.0
21708.0 385528.0
21795.0 382404.0
22495.0 381732.0
23550.0 377881.0
24516.0 377719.0
24801.0 377003.0
24937.0 374033.0
25513.0 373126.0
27243.0 372986.0
27792.0 372823.0
27894.0 372760.0
28187.0 371733.0
30955.0 371507.0
31006.0 370361.0
32358.0 369760.0
41408.0 369664.0
48829.0 369503.0

21342.0 393456.0
21364.0 391470.0
21689.0 386152.0
21708.0 381474.0
22263.0 377131.0
22640.0 375755.0
24094.0 374745.0
24937.0 374033.0
25417.0 372727.0
25513.0 370258.0
31937.0 370015.0
32358.0 369760.0
34832.0 369749.0
41408.0 369664.0
48829.0 369503.0

21342.0 383298.0
21795.0 382404.0
22020.0 378324.0
22263.0 376643.0
22902.0 375562.0
24516.0 374357.0
24801.0 373819.0
25417.0 372906.0
25513.0 370937.0
26992.0 369909.0
30661.0 368360.0

21689.0 386152.0
21708.0 385528.0
21795.0 382404.0
22263.0 379787.0
22680.0 379783.0
22740.0 376778.0
23950.0 376574.0
24592.0 376510.0
24680.0 372890.0
24801.0 372658.0
25513.0 370949.0
27894.0 370488.0
28763.0 370374.0
31006.0 370361.0
32358.0 369760.0
35608.0 369495.0

21638.0 390629.0
21689.0 386152.0
21708.0 379998.0
22136.0 378570.0
23440.0 376866.0
23950.0 376316.0
24516.0 375987.0
24592.0 373886.0
24680.0 372890.0
24801.0 372658.0
25513.0 370937.0
28763.0 370549.0
31006.0 370361.0
32358.0 369760.0
35608.0 369495.0

21689.0 386152.0
21708.0 382733.0
21795.0 382404.0
22495.0 381732.0
23531.0 378886.0
23550.0 377881.0
24016.0 376902.0
24516.0 375083.0
24680.0 372890.0
24801.0 372658.0
25513.0 371245.0
27487.0 371162.0
28687.0 370255.0
29684.0 370128.0
32358.0 369760.0
32934.0 368502.0
34908.0 367783.0
35608.0 367496.0

21689.0 386152.0
21708.0 382733.0
21795.0 382404.0
22263.0 378726.0
23550.0 377881.0
24201.0 377312.0
24237.0 376157.0
24516.0 374472.0
24801.0 372504.0
24820.0 372448.0
24937.0 371778.0
27043.0 371472.0
27487.0 371162.0
27792.0 370658.0
28687.0 370255.0
29536.0 370243.0
29684.0 369885.0
30955.0 369487.0
32934.0 368502.0
34908.0 367783.0
35608.0 367496.0

21689.0 386152.0
21708.0 382733.0
21795.0 382404.0
22263.0 380382.0
23294.0 380254.0
23531.0 378886.0
23550.0 376657.0
23950.0 376429.0
24516.0 374231.0
24680.0 372890.0
24801.0 372658.0
25513.0 370200.0
28187.0 369722.0
30737.0 368915.0
32934.0 368502.0
34908.0 367783.0
35608.0 367496.0

21342.0 384472.0
21708.0 382733.0
21795.0 382404.0
22263.0 378726.0
23550.0 377588.0
24201.0 376675.0
24516.0 374472.0
24937.0 374033.0
25437.0 373034.0
25513.0 371265.0
25792.0 370946.0
27487.0 370583.0
27894.0 369486.0
28187.0 369406.0
28763.0 369394.0
32934.0 368502.0
34908.0 367440.0

21638.0 385512.0
21708.0 381957.0
22263.0 367268.0
24801.0 364924.0
27690.0 364425.0
27913.0 364284.0
28687.0 363900.0
31025.0 361123.0
34190.0 359793.0


