17171.0 85892.0
17396.0 85590.0
17492.0 83652.0
17745.0 83599.0
18092.0 81633.0
18545.0 81611.0
18615.0 81482.0
19471.0 81458.0
20387.0 81423.0
20421.0 81405.0
21342.0 80540.0
21708.0 80539.0
24592.0 80143.0
24820.0 79907.0
27766.0 79906.0
27913.0 79818.0
28763.0 79423.0
31937.0 79353.0
32013.0 79261.0
35187.0 79255.0
36184.0 78987.0
39434.0 78839.0
43605.0 78772.0
46855.0 78677.0

17996.0 86238.0
18092.0 81748.0
18545.0 81381.0
19471.0 81357.0
19912.0 81041.0
20421.0 81003.0
21342.0 80733.0
21708.0 80636.0
24516.0 80611.0
24592.0 80488.0
24750.0 80487.0
24801.0 80407.0
28763.0 80042.0
31437.0 80027.0
36184.0 79638.0

17996.0 84432.0
18092.0 81748.0
18545.0 81381.0
18596.0 81113.0
19471.0 81089.0
19912.0 81041.0
20421.0 81003.0
21342.0 80709.0
21708.0 80636.0
24516.0 80611.0
24592.0 80456.0
24801.0 80406.0
25513.0 80227.0
28763.0 80042.0
31006.0 79985.0
36184.0 79638.0

17996.0 84432.0
18092.0 81441.0
18545.0 81381.0
18596.0 80945.0
19912.0 80921.0
21266.0 80920.0
21342.0 80523.0
21708.0 80408.0
24516.0 80405.0
24592.0 80260.0
25513.0 80079.0
28763.0 79674.0
36184.0 79638.0

17996.0 86238.0
18092.0 81441.0
18545.0 81381.0
18596.0 80945.0
19912.0 80921.0
21266.0 80920.0
21342.0 80564.0
21708.0 80408.0
24592.0 80367.0
24750.0 80303.0
25513.0 79969.0
28763.0 79884.0
36184.0 79638.0

17996.0 85630.0
18092.0 81732.0
18545.0 81381.0
19471.0 81357.0
19912.0 81041.0
20345.0 81038.0
20421.0 81003.0
21342.0 80645.0
21708.0 80516.0
24016.0 80501.0
24592.0 80481.0
24801.0 80381.0
25513.0 80141.0
28763.0 79946.0
32013.0 79639.0
36184.0 79584.0

17996.0 86238.0
18092.0 81621.0
18545.0 81381.0
19471.0 81357.0
19912.0 81041.0
20421.0 81003.0
21342.0 80709.0
21708.0 80636.0
24516.0 80611.0
24592.0 80456.0
24801.0 80259.0
25513.0 80162.0
28763.0 80042.0
31437.0 80027.0
36184.0 79638.0

17996.0 86238.0
18092.0 81621.0
18545.0 81381.0
19471.0 81357.0
19912.0 81041.0
20421.0 81003.0
21342.0 80639.0
21708.0 80445.0
24516.0 80444.0
24592.0 80410.0
24801.0 80259.0
25513.0 80162.0
28763.0 79889.0
36184.0 79638.0

16816.0 83796.0
16956.0 83726.0
17171.0 82776.0
17516.0 82381.0
18092.0 81387.0
18545.0 81359.0
18596.0 80910.0
19912.0 80849.0
21342.0 80519.0
21708.0 80256.0
24801.0 80161.0
25513.0 79972.0
28763.0 79455.0
36184.0 79024.0

17996.0 85630.0
18092.0 81621.0
18545.0 81381.0
19471.0 81357.0
19912.0 81041.0
20345.0 81014.0
20421.0 81003.0
21342.0 80639.0
21708.0 80445.0
24516.0 80444.0
24592.0 80410.0
24801.0 80258.0
25513.0 80117.0
27766.0 80114.0
27913.0 79872.0
28763.0 79759.0
31937.0 79758.0
32013.0 79679.0
36184.0 79513.0

17996.0 86238.0
18092.0 81235.0
18545.0 81213.0
18596.0 80827.0
21266.0 80824.0
21342.0 80431.0
21708.0 80218.0
24592.0 79919.0
25513.0 79841.0
28763.0 79418.0
36184.0 78861.0


