18513.0 216197.0
18596.0 213101.0
18615.0 205542.0
19112.0 205518.0
20766.0 205030.0
20857.0 204676.0
21342.0 203470.0
21708.0 202772.0
24516.0 202664.0
24592.0 202531.0
24680.0 202463.0
25513.0 201311.0
27792.0 201200.0
28763.0 201182.0
32013.0 200962.0
32934.0 200608.0

18615.0 208007.0
19505.0 207149.0
19769.0 207083.0
19987.0 207070.0
21342.0 206494.0
21568.0 206448.0
21657.0 205625.0
21708.0 205279.0
22263.0 204575.0
24516.0 203899.0
24592.0 203640.0
24731.0 202969.0
27766.0 202550.0
30885.0 202464.0
31937.0 202392.0
32013.0 202110.0
39358.0 202020.0

18615.0 208007.0
18856.0 207686.0
19505.0 207149.0
19769.0 206795.0
20345.0 206770.0
21342.0 205816.0
21568.0 205669.0
21657.0 205625.0
21708.0 205279.0
22263.0 203842.0
24592.0 202623.0
25513.0 202377.0
28763.0 202275.0
32013.0 202110.0
35608.0 201970.0
36108.0 201398.0
43529.0 201278.0

18615.0 208007.0
18856.0 207686.0
19145.0 206917.0
19247.0 206842.0
19505.0 206108.0
19980.0 205258.0
20690.0 205007.0
21342.0 204522.0
21708.0 203493.0
22263.0 202608.0
24801.0 202437.0
25437.0 202274.0
25513.0 201454.0
28763.0 201073.0
36108.0 200432.0
43529.0 200056.0

18596.0 211825.0
18615.0 207939.0
18922.0 207688.0
19505.0 207149.0
19769.0 206784.0
19980.0 206193.0
20838.0 205875.0
21342.0 205816.0
21568.0 205553.0
21708.0 205279.0
22263.0 203626.0
23931.0 203580.0
24592.0 202832.0
24680.0 202822.0
25513.0 202240.0
28763.0 202192.0
32013.0 202110.0
32934.0 202051.0
35608.0 201750.0

18596.0 211125.0
18615.0 207652.0
19505.0 207149.0
19769.0 206784.0
20345.0 206770.0
21342.0 205816.0
21568.0 205599.0
21708.0 204317.0
22263.0 204073.0
24516.0 203899.0
24592.0 202832.0
24680.0 202822.0
25513.0 202586.0
27766.0 202462.0
28687.0 202351.0
28763.0 201871.0
33248.0 201568.0
36341.0 200518.0

18596.0 214900.0
18615.0 208007.0
18922.0 207688.0
19145.0 206917.0
19769.0 206795.0
20345.0 206770.0
20857.0 206322.0
21342.0 205798.0
21619.0 205285.0
21627.0 205185.0
22263.0 204269.0
24516.0 203899.0
24592.0 202653.0
25513.0 202459.0
27766.0 202380.0
28687.0 202348.0
32013.0 202110.0
36108.0 201819.0
42108.0 201645.0
43529.0 201443.0

18596.0 214900.0
18615.0 208007.0
18922.0 207688.0
19145.0 206917.0
19769.0 206795.0
20345.0 206770.0
20857.0 206322.0
21342.0 205482.0
21587.0 205289.0
21619.0 205285.0
21627.0 205185.0
21689.0 204457.0
22263.0 203835.0
24592.0 202653.0
25513.0 202459.0
27766.0 202380.0
28687.0 202348.0
32013.0 202110.0
36108.0 201819.0
43529.0 201443.0

18596.0 208097.0
18615.0 208007.0
18922.0 207688.0
19145.0 206917.0
19769.0 206795.0
19980.0 206499.0
20838.0 205892.0
21342.0 205798.0
21619.0 205285.0
21627.0 205185.0
22263.0 204136.0
22461.0 204036.0
24516.0 203899.0
24592.0 202653.0
25513.0 202053.0
32934.0 201907.0
33229.0 201498.0
43529.0 201443.0

18596.0 212553.0
18615.0 208007.0
18671.0 207870.0
18856.0 207686.0
18922.0 207104.0
19145.0 206917.0
19769.0 206575.0
20345.0 206550.0
20857.0 206322.0
21266.0 205477.0
21587.0 205289.0
21689.0 204457.0
22263.0 203678.0
24516.0 202990.0
24592.0 202653.0
25513.0 201943.0
29684.0 201836.0
32013.0 201737.0
32934.0 201031.0
40355.0 200626.0

18615.0 208007.0
19145.0 207198.0
19505.0 207149.0
19769.0 206944.0
19987.0 206851.0
20345.0 206781.0
21342.0 203732.0
21708.0 203538.0
22263.0 203363.0
23940.0 203019.0
24592.0 202472.0
24750.0 202213.0
24820.0 202195.0
25513.0 201152.0
28687.0 201077.0
28763.0 201074.0
31006.0 200275.0
34190.0 199594.0
41611.0 198067.0
49032.0 197837.0
56453.0 197440.0


