16515.0 42100.0
16595.0 41868.0
16990.0 41387.0
17516.0 41155.0
18016.0 41074.0
18092.0 40624.0
18545.0 40602.0
18596.0 40367.0
19912.0 40313.0
21342.0 40064.0
21708.0 39975.0
24516.0 39972.0
24592.0 39915.0
25513.0 39758.0
27894.0 39757.0
28687.0 39755.0
28763.0 39631.0
31937.0 39629.0
32013.0 39572.0
32934.0 39511.0
36184.0 39385.0
39434.0 39326.0
43605.0 39303.0
46855.0 39268.0

16023.0 44195.0
16122.0 43914.0
16515.0 41334.0
16595.0 41102.0
17095.0 41039.0
17171.0 40921.0
18092.0 40466.0
18545.0 40444.0
18596.0 40337.0
19912.0 40313.0
21266.0 40312.0
21342.0 40104.0
21657.0 40082.0
21708.0 39975.0
24516.0 39974.0
24592.0 39934.0
24820.0 39884.0
25513.0 39823.0
28763.0 39632.0
31937.0 39630.0
32013.0 39573.0
43605.0 39306.0

16023.0 44195.0
16122.0 43914.0
16515.0 41334.0
16595.0 41102.0
17095.0 41039.0
17171.0 40921.0
18092.0 40466.0
18545.0 40444.0
18596.0 40337.0
19912.0 40313.0
21266.0 40312.0
21342.0 40104.0
21657.0 40082.0
21708.0 39975.0
24516.0 39974.0
24592.0 39934.0
24820.0 39884.0
25513.0 39823.0
28763.0 39632.0
31937.0 39630.0
32013.0 39573.0
39434.0 39457.0
43605.0 39306.0

16023.0 43182.0
16156.0 42118.0
16515.0 41334.0
16595.0 41102.0
17095.0 41039.0
17171.0 40921.0
18092.0 40466.0
18545.0 40444.0
18596.0 40337.0
19912.0 40313.0
21266.0 40312.0
21342.0 40064.0
21708.0 39975.0
24516.0 39972.0
24592.0 39916.0
24820.0 39884.0
25513.0 39823.0
28763.0 39632.0
31937.0 39630.0
32013.0 39573.0
35263.0 39555.0
36184.0 39504.0
39434.0 39428.0
43605.0 39306.0

16023.0 44195.0
16122.0 43914.0
16515.0 41267.0
16595.0 41035.0
17095.0 40972.0
17171.0 40921.0
18092.0 40466.0
18545.0 40444.0
18596.0 40337.0
19912.0 40313.0
21266.0 40312.0
21342.0 40064.0
21708.0 39975.0
24516.0 39974.0
24592.0 39934.0
24820.0 39884.0
25513.0 39782.0
28763.0 39632.0
31937.0 39630.0
32013.0 39573.0
39434.0 39515.0
42608.0 39490.0
43605.0 39306.0

16023.0 42399.0
16156.0 42118.0
16515.0 41334.0
16595.0 41102.0
17095.0 41039.0
17171.0 40921.0
18092.0 40466.0
18545.0 40444.0
18596.0 40337.0
19912.0 40313.0
21266.0 40312.0
21342.0 40064.0
21708.0 39975.0
24516.0 39974.0
24592.0 39934.0
24820.0 39865.0
25513.0 39823.0
28687.0 39820.0
28763.0 39632.0
31937.0 39630.0
32013.0 39573.0
43605.0 39306.0

16023.0 44195.0
16122.0 43914.0
16515.0 41334.0
16595.0 41102.0
17095.0 41039.0
17171.0 40921.0
18092.0 40466.0
18545.0 40444.0
18596.0 40337.0
19912.0 40313.0
21266.0 40312.0
21342.0 40088.0
21657.0 40082.0
21708.0 39975.0
24516.0 39974.0
24592.0 39934.0
24820.0 39884.0
25513.0 39823.0
28763.0 39632.0
31937.0 39630.0
32013.0 39573.0
36184.0 39492.0
39434.0 39457.0
43605.0 39306.0

16023.0 42369.0
16156.0 42088.0
16515.0 41334.0
16595.0 41102.0
17095.0 41039.0
17171.0 40921.0
18092.0 40466.0
18545.0 40444.0
18596.0 40337.0
19912.0 40313.0
21266.0 40310.0
21342.0 40064.0
21708.0 39975.0
24516.0 39974.0
24592.0 39934.0
24820.0 39884.0
25513.0 39758.0
27894.0 39757.0
28763.0 39632.0
31937.0 39630.0
32013.0 39572.0
32934.0 39525.0
36184.0 39399.0
40355.0 39278.0
43605.0 39152.0
51026.0 39070.0

16023.0 43442.0
16156.0 42999.0
16515.0 41267.0
16595.0 41035.0
17095.0 40954.0
17171.0 40921.0
18092.0 40466.0
18545.0 40444.0
18596.0 40337.0
19912.0 40313.0
21266.0 40312.0
21342.0 40088.0
21657.0 40071.0
21708.0 39975.0
24516.0 39974.0
24592.0 39934.0
24750.0 39933.0
24820.0 39884.0
25513.0 39782.0
27843.0 39765.0
28763.0 39632.0
31937.0 39630.0
32013.0 39573.0
32934.0 39565.0
36184.0 39464.0
39434.0 39428.0
40355.0 39278.0
43605.0 39152.0
51026.0 39070.0

16023.0 42624.0
16515.0 41334.0
16595.0 41102.0
17095.0 41039.0
17171.0 40921.0
18092.0 40466.0
18545.0 40444.0
18596.0 40337.0
19912.0 40313.0
21266.0 40312.0
21342.0 40064.0
21708.0 39975.0
24516.0 39974.0
24592.0 39934.0
24820.0 39884.0
25513.0 39782.0
27843.0 39765.0
28763.0 39631.0
31937.0 39630.0
32013.0 39573.0
32934.0 39565.0
36184.0 39399.0
39434.0 39347.0
40355.0 39278.0
43605.0 39152.0
51026.0 39070.0

16023.0 44195.0
16122.0 43914.0
16515.0 41334.0
16595.0 41102.0
17095.0 41039.0
17171.0 40859.0
18092.0 40466.0
18545.0 40444.0
18596.0 40337.0
19912.0 40313.0
21266.0 40310.0
21342.0 40064.0
21708.0 39975.0
24516.0 39974.0
24592.0 39915.0
24820.0 39865.0
25513.0 39758.0
28763.0 39631.0
31937.0 39630.0
32013.0 39573.0
32934.0 39512.0
36184.0 39399.0
39434.0 39350.0
40355.0 39279.0
46855.0 39158.0
51026.0 39135.0
54276.0 39012.0
57450.0 39009.0


