21708.0 395652.0
21821.0 393216.0
22263.0 382705.0
23880.0 375553.0
24937.0 375007.0
25010.0 374735.0
25513.0 369887.0
27913.0 369878.0
28687.0 368854.0
28763.0 367865.0
29684.0 367102.0
31437.0 366571.0
31937.0 365780.0
32934.0 365536.0
36108.0 365524.0
38858.0 365489.0

21708.0 401196.0
21755.0 400950.0
22020.0 392923.0
22102.0 389240.0
22263.0 384377.0
22699.0 383008.0
24016.0 380229.0
24176.0 379781.0
24592.0 377884.0
24913.0 375672.0
24937.0 373705.0
25513.0 372090.0
27913.0 372048.0
29285.0 371647.0

21708.0 397619.0
22020.0 392923.0
22102.0 389240.0
22263.0 384377.0
22461.0 381185.0
23416.0 380754.0
23950.0 380737.0
24016.0 380229.0
24080.0 379585.0
24592.0 377884.0
24801.0 374790.0
24937.0 371614.0
25513.0 371190.0
26173.0 370758.0
27894.0 370611.0
32358.0 370363.0
32934.0 368776.0

21657.0 384951.0
22263.0 384377.0
22278.0 380372.0
23416.0 377974.0
24516.0 375624.0
24592.0 374705.0
24820.0 374019.0
24937.0 371931.0
25437.0 371487.0
25513.0 370399.0
28187.0 370351.0
28763.0 370272.0

21708.0 401196.0
21755.0 400950.0
22020.0 392923.0
22102.0 389240.0
22263.0 384377.0
22699.0 379152.0
23931.0 378395.0
23950.0 377716.0
24516.0 376662.0
24913.0 375672.0
24937.0 373654.0
25513.0 371784.0
28187.0 371362.0
34099.0 370751.0

21342.0 385187.0
22263.0 380178.0
24080.0 379585.0
24592.0 377884.0
24731.0 375462.0
24937.0 373654.0
25513.0 372090.0
27894.0 372017.0
28187.0 371362.0
36184.0 371059.0
37192.0 371008.0

21708.0 401196.0
21755.0 400950.0
22020.0 392923.0
22102.0 389240.0
22263.0 384377.0
22699.0 383008.0
24016.0 380229.0
24176.0 379781.0
24592.0 377884.0
24820.0 377164.0
24913.0 375672.0
24937.0 373705.0
25513.0 372090.0
27913.0 372048.0
29285.0 371647.0

21708.0 401196.0
21755.0 400950.0
21761.0 396780.0
21821.0 394768.0
22020.0 392923.0
22102.0 389240.0
22263.0 381765.0
22461.0 379610.0
23992.0 379573.0
24016.0 378300.0
24237.0 377547.0
24731.0 377020.0
24801.0 373336.0
25513.0 372090.0
27766.0 371792.0
27913.0 371765.0
28187.0 371051.0
32934.0 370962.0
36184.0 370375.0
39434.0 369360.0

21708.0 401196.0
21755.0 400950.0
22020.0 392923.0
22102.0 389240.0
22263.0 384377.0
22699.0 379442.0
24592.0 377884.0
24913.0 375672.0
24937.0 373705.0
25513.0 372090.0
27913.0 372048.0
28187.0 371933.0
28687.0 371812.0
29285.0 371647.0
35187.0 371144.0
39434.0 371052.0

21708.0 393831.0
22020.0 392923.0
22102.0 389240.0
22263.0 384377.0
22699.0 383008.0
24016.0 380156.0
24128.0 379241.0
24592.0 377884.0
24801.0 374986.0
24937.0 373705.0
25513.0 371515.0
28187.0 370677.0
32934.0 369398.0

21708.0 401196.0
21755.0 400950.0
22020.0 392923.0
22102.0 389240.0
22263.0 381605.0
22461.0 381317.0
23416.0 379131.0
24016.0 376652.0
24237.0 376169.0
24516.0 375851.0
24651.0 375732.0
24731.0 374033.0
24801.0 372171.0
24937.0 369300.0
25513.0 366134.0
31025.0 364610.0
32013.0 363294.0
34190.0 361417.0
41611.0 360378.0


