17279.0 90580.0
17345.0 83872.0
17516.0 82694.0
17745.0 82658.0
18016.0 82559.0
18092.0 81523.0
18596.0 80945.0
19912.0 80881.0
21266.0 80878.0
21342.0 80506.0
21708.0 80175.0
24516.0 80172.0
24592.0 79831.0
24820.0 79780.0
27766.0 79777.0
27842.0 79694.0
28763.0 79262.0
32013.0 79145.0
35187.0 79142.0
35263.0 79110.0
36184.0 78796.0
39358.0 78795.0
43605.0 78550.0
46855.0 78457.0

17996.0 86569.0
18092.0 82055.0
18596.0 80765.0
19912.0 80717.0
21266.0 80714.0
21342.0 80318.0
21657.0 80302.0
21708.0 80017.0
24516.0 80016.0
24592.0 80006.0
25513.0 79943.0
28763.0 79428.0
31937.0 79427.0
32013.0 79399.0
35263.0 79376.0
36184.0 79192.0
43605.0 79121.0
46855.0 79019.0
51026.0 78875.0

17996.0 86569.0
18092.0 81940.0
18596.0 80765.0
19912.0 80717.0
21266.0 80714.0
21342.0 80318.0
21657.0 80302.0
21708.0 80017.0
24516.0 80016.0
24592.0 79958.0
25513.0 79943.0
28687.0 79932.0
28763.0 79428.0
31937.0 79427.0
32013.0 79399.0
35263.0 79376.0
36184.0 79192.0
43605.0 79020.0
46855.0 79019.0
51026.0 78875.0

17492.0 88185.0
17745.0 85942.0
18092.0 81940.0
18545.0 81923.0
18596.0 80765.0
19912.0 80717.0
21266.0 80714.0
21342.0 80282.0
21708.0 79950.0
24516.0 79947.0
24592.0 79832.0
27766.0 79831.0
27842.0 79823.0
28763.0 79428.0
31937.0 79427.0
32013.0 79263.0
35263.0 79228.0
36184.0 79189.0
39434.0 79085.0
46855.0 79019.0
51026.0 78875.0

17996.0 86569.0
18092.0 81940.0
18596.0 80674.0
19912.0 80626.0
21266.0 80625.0
21342.0 80251.0
21708.0 79950.0
24516.0 79947.0
24592.0 79914.0
25513.0 79772.0
28763.0 79360.0
36184.0 79191.0
43605.0 79121.0
46855.0 79019.0
51026.0 78875.0

17996.0 86569.0
18092.0 81779.0
18545.0 81681.0
18596.0 80765.0
19912.0 80717.0
21266.0 80714.0
21342.0 80206.0
21708.0 80017.0
24516.0 80016.0
24592.0 79910.0
24820.0 79902.0
25513.0 79733.0
28763.0 79428.0
31937.0 79427.0
32013.0 79224.0
35263.0 79188.0
43605.0 79121.0
46855.0 79019.0
51026.0 78875.0

17996.0 86569.0
18092.0 82055.0
18596.0 80765.0
19912.0 80717.0
21266.0 80714.0
21342.0 80246.0
21708.0 80017.0
24516.0 80016.0
24592.0 79958.0
25513.0 79943.0
27842.0 79863.0
28763.0 79428.0
31937.0 79427.0
32013.0 79376.0
35263.0 79228.0
36184.0 79191.0
43605.0 79121.0
46855.0 79019.0
51026.0 78875.0

17996.0 86569.0
18092.0 81383.0
18545.0 81366.0
18596.0 80674.0
19912.0 80626.0
21342.0 80206.0
21708.0 79950.0
24516.0 79947.0
24592.0 79855.0
25513.0 79733.0
28687.0 79732.0
28763.0 79361.0
32013.0 79348.0
32934.0 79205.0
35263.0 79169.0
36184.0 78908.0
51026.0 78875.0

17996.0 86569.0
18092.0 82055.0
18596.0 80674.0
19912.0 80626.0
21342.0 80246.0
21708.0 79950.0
24516.0 79947.0
24592.0 79890.0
25513.0 79613.0
28763.0 79361.0
32934.0 79241.0
35263.0 79228.0
36184.0 79191.0
43605.0 79121.0
46855.0 79019.0
51026.0 78875.0

17996.0 86569.0
18092.0 81940.0
18596.0 80765.0
19912.0 80717.0
21266.0 80714.0
21342.0 80152.0
21708.0 80017.0
24516.0 80016.0
24592.0 79856.0
24820.0 79805.0
25513.0 79674.0
28687.0 79671.0
28763.0 79428.0
31937.0 79427.0
32013.0 79224.0
35263.0 79188.0
36184.0 79163.0
43605.0 79121.0
46855.0 79019.0
51026.0 78875.0

17996.0 86569.0
18092.0 81342.0
18545.0 81244.0
18596.0 80762.0
19912.0 80717.0
21266.0 80711.0
21342.0 80246.0
21708.0 80017.0
24516.0 80016.0
24592.0 79910.0
24820.0 79877.0
25513.0 79612.0
28763.0 79262.0
32013.0 79224.0
35187.0 79223.0
35263.0 79187.0
36184.0 79061.0
39434.0 78974.0
42608.0 78912.0
43529.0 78772.0
43605.0 78741.0


