18092.0 123000.0
18545.0 122508.0
18596.0 121797.0
19912.0 121773.0
21266.0 121748.0
21342.0 120888.0
21657.0 120599.0
21689.0 120598.0
21708.0 120509.0
24440.0 120508.0
24516.0 120380.0
24592.0 120232.0
24801.0 120020.0
25513.0 119987.0
27894.0 119986.0
27913.0 119936.0
28763.0 119657.0
31437.0 119535.0
31937.0 119303.0
32013.0 119244.0

18092.0 124748.0
18312.0 124643.0
18596.0 121990.0
19112.0 121966.0
19912.0 121821.0
21266.0 121775.0
21342.0 121513.0
21708.0 121480.0
22263.0 120764.0
24516.0 120721.0
24592.0 120638.0
25513.0 120254.0
29684.0 120194.0
32934.0 119409.0
37105.0 119316.0
40355.0 119282.0

18092.0 124748.0
18312.0 124643.0
18596.0 121990.0
18615.0 121926.0
19112.0 121867.0
19912.0 121797.0
21266.0 121775.0
21342.0 121094.0
21708.0 120853.0
22263.0 120528.0
24516.0 120485.0
24592.0 120402.0
25513.0 120112.0
28763.0 119848.0
31937.0 119845.0
32013.0 119825.0
32934.0 119134.0
36184.0 119100.0
40355.0 119018.0

18092.0 124608.0
18596.0 121920.0
18615.0 121815.0
19112.0 121780.0
19912.0 121710.0
21342.0 121041.0
21708.0 120810.0
22263.0 120740.0
24516.0 120697.0
24592.0 120455.0
25513.0 119901.0
27766.0 119898.0
28763.0 119560.0
32013.0 119558.0
32934.0 119286.0
36184.0 119282.0
40355.0 119170.0

18092.0 124748.0
18312.0 124643.0
18596.0 121990.0
18615.0 121886.0
19112.0 121827.0
19912.0 121757.0
20387.0 121634.0
20838.0 121633.0
21266.0 121563.0
21342.0 120923.0
21708.0 120682.0
22263.0 120528.0
24516.0 120485.0
24592.0 120402.0
25513.0 120118.0
27913.0 120031.0
28763.0 119727.0
31937.0 119582.0
32013.0 119495.0
32934.0 119385.0
35187.0 119342.0
37105.0 119316.0
40355.0 119066.0

18092.0 123301.0
18545.0 123284.0
18596.0 121770.0
19912.0 121763.0
21266.0 121738.0
21342.0 121400.0
21708.0 120950.0
22263.0 120740.0
24516.0 120697.0
24592.0 120614.0
25513.0 119997.0
27766.0 119930.0
28763.0 119760.0
32013.0 119669.0
32934.0 119052.0
40355.0 118827.0

18092.0 124748.0
18312.0 124643.0
18596.0 121990.0
18615.0 121926.0
19112.0 121867.0
19912.0 121797.0
21266.0 121640.0
21342.0 121422.0
21708.0 121051.0
22263.0 120528.0
24516.0 120485.0
24592.0 120402.0
25513.0 119893.0
27766.0 119890.0
32013.0 119762.0
32934.0 119156.0
36184.0 119122.0
40355.0 119040.0
47776.0 118794.0

18092.0 124632.0
18312.0 124573.0
18596.0 121859.0
19912.0 121797.0
20421.0 121624.0
21266.0 121599.0
21342.0 121157.0
21708.0 120932.0
22263.0 120528.0
24516.0 120485.0
24592.0 120402.0
24820.0 120302.0
25513.0 119681.0
27766.0 119678.0
28763.0 119668.0
32013.0 119499.0
32934.0 119133.0
36184.0 119099.0
39434.0 119058.0
40355.0 118853.0
47776.0 118794.0

18092.0 123883.0
18596.0 121990.0
18615.0 121821.0
19112.0 121797.0
19587.0 121715.0
19946.0 121678.0
20387.0 121604.0
21266.0 121561.0
21342.0 121148.0
21708.0 120813.0
22263.0 120528.0
24516.0 120485.0
24592.0 120402.0
25513.0 119893.0
27766.0 119890.0
28763.0 119777.0
29684.0 119728.0
32013.0 119495.0
32934.0 119156.0
36184.0 119122.0
40355.0 119040.0
47776.0 118794.0

18092.0 124608.0
18596.0 121859.0
19912.0 121797.0
20766.0 121786.0
21266.0 121640.0
21342.0 120780.0
21708.0 120592.0
24516.0 120549.0
24592.0 120466.0
24801.0 120262.0
25513.0 119893.0
27766.0 119890.0
28763.0 119719.0
29684.0 119711.0
31937.0 119708.0
32013.0 119632.0
32934.0 119156.0
36184.0 119122.0
37105.0 119085.0
40355.0 119040.0
43605.0 118864.0
47776.0 118794.0

18092.0 124748.0
18312.0 124643.0
18545.0 122443.0
18596.0 121824.0
18615.0 121594.0
20345.0 121499.0
21266.0 121413.0
21342.0 120942.0
21689.0 120941.0
21708.0 120642.0
22263.0 120528.0
24516.0 120485.0
24592.0 120402.0
25513.0 119893.0
27766.0 119890.0
27913.0 119564.0
28763.0 119078.0
36184.0 118899.0
47776.0 118818.0


