18671.0 210668.0
18922.0 210016.0
19505.0 208281.0
19912.0 207768.0
21266.0 207697.0
21342.0 207185.0
21661.0 207137.0
21708.0 205793.0
22461.0 204814.0
24592.0 203647.0
25513.0 202580.0
27766.0 202579.0
28763.0 202342.0
32934.0 201263.0
36108.0 201233.0

18596.0 210496.0
19146.0 209411.0
19505.0 209170.0
21266.0 207994.0
21342.0 206844.0
21708.0 206027.0
24592.0 205953.0
24801.0 205815.0
25513.0 205242.0
32934.0 204647.0

18596.0 210496.0
19112.0 210016.0
19146.0 209411.0
19505.0 209170.0
21266.0 207994.0
21342.0 206844.0
21708.0 206027.0
22263.0 205540.0
24592.0 205210.0
32934.0 204647.0

18596.0 210496.0
19112.0 210016.0
19146.0 209411.0
19505.0 209170.0
21266.0 207931.0
21342.0 206809.0
21708.0 206027.0
22263.0 205540.0
25513.0 205242.0
28163.0 205133.0
32934.0 204647.0

18596.0 210496.0
19112.0 210016.0
19146.0 209411.0
19505.0 209170.0
21266.0 207994.0
21342.0 206844.0
21708.0 206027.0
22263.0 205540.0
25513.0 205242.0
27894.0 205168.0
32934.0 204647.0
36184.0 204246.0

18596.0 210496.0
19112.0 210016.0
19146.0 209411.0
19505.0 209170.0
21266.0 207994.0
21342.0 206389.0
21661.0 206286.0
21708.0 206027.0
22263.0 205540.0
25513.0 205242.0
28763.0 205186.0
32934.0 204647.0

18596.0 210496.0
19146.0 209411.0
19505.0 209170.0
21266.0 207994.0
21342.0 206844.0
21708.0 206027.0
22263.0 205540.0
25513.0 205242.0
32934.0 204647.0

18596.0 210496.0
19112.0 210016.0
19146.0 209411.0
19505.0 208977.0
21266.0 207931.0
21342.0 206778.0
21708.0 206027.0
22263.0 205540.0
24516.0 205344.0
24592.0 205233.0
28163.0 204937.0
32934.0 204647.0
36184.0 204260.0

18596.0 210496.0
19146.0 209411.0
19505.0 209170.0
21266.0 207994.0
21342.0 206844.0
21708.0 206027.0
22263.0 205540.0
25513.0 205242.0
32934.0 204647.0

18596.0 210496.0
19112.0 210016.0
19146.0 209411.0
19505.0 208977.0
21266.0 207994.0
21342.0 206844.0
21708.0 206027.0
22263.0 205540.0
25513.0 205242.0
28163.0 205133.0
28763.0 204686.0
32934.0 204647.0

18596.0 210496.0
19112.0 208733.0
19146.0 208128.0
21266.0 207994.0
21342.0 206486.0
21708.0 201964.0
22263.0 201872.0
24801.0 201538.0
24820.0 201256.0
27690.0 200698.0
27913.0 200593.0
32013.0 200217.0


