18513.0 177129.0
18596.0 168953.0
18615.0 164254.0
18623.0 164177.0
19146.0 163990.0
19946.0 163920.0
20766.0 163681.0
21266.0 163551.0
21342.0 163084.0
21638.0 163067.0
21689.0 162925.0
21708.0 162643.0
24516.0 161797.0
24592.0 161761.0
24801.0 161531.0
25513.0 160287.0
27913.0 160002.0
28763.0 159618.0
32013.0 159295.0
32934.0 159211.0
35263.0 159182.0
36184.0 158322.0
43605.0 158019.0
46279.0 157999.0

18545.0 170114.0
18596.0 165505.0
18671.0 165257.0
19112.0 164329.0
19247.0 164258.0
19946.0 164136.0
20345.0 164100.0
21266.0 163369.0
21342.0 162345.0
21657.0 162302.0
22263.0 162170.0
24516.0 161977.0
24592.0 161852.0
24750.0 161585.0
25513.0 161491.0
27894.0 161383.0
28763.0 160876.0
32013.0 160722.0
36184.0 160679.0

18545.0 169414.0
18596.0 165505.0
18615.0 164060.0
18671.0 164002.0
19112.0 163231.0
19912.0 163120.0
19946.0 163019.0
20345.0 162896.0
20838.0 162652.0
21342.0 162345.0
21657.0 162302.0
22263.0 162063.0
24516.0 161977.0
24592.0 161852.0
24750.0 161585.0
24820.0 161509.0
25513.0 161310.0
27894.0 161284.0
28763.0 160643.0
36184.0 160446.0

18545.0 169414.0
18596.0 165505.0
18615.0 164007.0
18671.0 164002.0
19112.0 162747.0
19146.0 162466.0
19946.0 162396.0
20345.0 162318.0
21342.0 162044.0
21657.0 161993.0
24516.0 161977.0
24592.0 161738.0
24750.0 161585.0
24820.0 161584.0
25513.0 161310.0
27894.0 161284.0
28763.0 160643.0
36184.0 160446.0

18545.0 169672.0
18596.0 165505.0
18615.0 163562.0
18623.0 163512.0
19112.0 163231.0
19912.0 162677.0
20838.0 162652.0
21342.0 162087.0
21638.0 161641.0
21708.0 161275.0
24820.0 161224.0
27266.0 161177.0
27842.0 161105.0
28763.0 160355.0

18545.0 169421.0
18596.0 165505.0
18615.0 164060.0
18623.0 163512.0
19112.0 163231.0
19912.0 162677.0
20838.0 162652.0
21342.0 162345.0
21657.0 162302.0
22263.0 162063.0
24516.0 161977.0
24592.0 161852.0
24750.0 161585.0
24820.0 161509.0
25513.0 161310.0
27894.0 161284.0
28763.0 160643.0
32013.0 160505.0
36184.0 160446.0

18545.0 169029.0
18596.0 165505.0
18615.0 164427.0
18623.0 163512.0
19112.0 163231.0
19912.0 162677.0
20838.0 162652.0
21342.0 162345.0
21657.0 162302.0
22263.0 162119.0
24016.0 162078.0
24516.0 161977.0
24592.0 161255.0
28763.0 160655.0

18545.0 169029.0
18589.0 166595.0
18596.0 165505.0
18615.0 164427.0
18623.0 163512.0
19112.0 163231.0
19912.0 162677.0
20838.0 162652.0
21342.0 162345.0
21657.0 162302.0
22263.0 162119.0
24516.0 161977.0
24592.0 161255.0
28763.0 160655.0

18545.0 169029.0
18596.0 165505.0
18615.0 164427.0
18623.0 163512.0
19112.0 163231.0
19912.0 162677.0
20838.0 162652.0
21342.0 162345.0
21657.0 162302.0
21708.0 161337.0
24592.0 161255.0
24820.0 161250.0
28687.0 160976.0
28763.0 160718.0
36108.0 160496.0
39358.0 160212.0

18545.0 169414.0
18589.0 166595.0
18596.0 165505.0
18615.0 164427.0
18623.0 163512.0
19112.0 163231.0
19912.0 162677.0
20838.0 162652.0
21342.0 162345.0
21657.0 162302.0
22263.0 162119.0
24016.0 162078.0
24516.0 161977.0
24592.0 161255.0
27766.0 161234.0
28763.0 160718.0
36184.0 160679.0

18545.0 168063.0
18596.0 164972.0
18615.0 163745.0
19912.0 163056.0
19946.0 162909.0
20345.0 162827.0
21266.0 162815.0
21342.0 162345.0
21579.0 162338.0
21657.0 162302.0
21689.0 161627.0
21708.0 161570.0
23950.0 161569.0
24516.0 161441.0
24592.0 160283.0
27842.0 160246.0
28763.0 159239.0
34190.0 159193.0
35111.0 158991.0
41611.0 158882.0


