17492.0 126820.0
17516.0 126056.0
18092.0 123614.0
18545.0 123424.0
18596.0 123230.0
18615.0 122006.0
19112.0 121883.0
19912.0 121813.0
20345.0 121810.0
21342.0 120568.0
21708.0 120305.0
24516.0 120304.0
24592.0 120187.0
24820.0 119873.0
27913.0 119872.0
28763.0 119025.0
32013.0 118966.0
35263.0 118949.0
36184.0 118480.0
38858.0 118461.0
39358.0 118398.0
39434.0 118338.0
43605.0 118152.0
46855.0 118092.0

18092.0 129386.0
18545.0 123292.0
18596.0 121891.0
21266.0 121848.0
21342.0 121410.0
21708.0 121240.0
24592.0 121181.0
24801.0 120998.0
25513.0 120394.0
27792.0 120259.0
28763.0 119974.0
32013.0 119938.0
32934.0 119767.0
36184.0 119482.0
39434.0 119465.0

18092.0 129386.0
18545.0 123292.0
18596.0 121891.0
19146.0 121834.0
19912.0 121794.0
19946.0 121754.0
20387.0 121643.0
21266.0 121640.0
21342.0 120856.0
21657.0 120644.0
24820.0 120593.0
25513.0 120332.0
27792.0 120259.0
28763.0 119936.0
32013.0 119922.0
32934.0 119760.0
36184.0 119482.0
39434.0 119465.0

18092.0 122667.0
18545.0 122574.0
18596.0 121722.0
19146.0 121673.0
19912.0 121633.0
19946.0 121593.0
21266.0 121590.0
21342.0 120785.0
21689.0 120696.0
21708.0 120477.0
24750.0 120471.0
24801.0 120234.0
25513.0 120074.0
28763.0 119327.0
32013.0 119292.0
36184.0 118969.0
39434.0 118881.0

18092.0 123885.0
18545.0 123292.0
18596.0 121626.0
19112.0 121595.0
19912.0 121525.0
21266.0 121522.0
21342.0 120750.0
21657.0 120685.0
24592.0 120551.0
24801.0 120266.0
25513.0 120043.0
27843.0 119992.0
28763.0 119511.0
32013.0 119416.0
39434.0 119348.0

18092.0 123309.0
18545.0 123131.0
18596.0 121722.0
19912.0 121698.0
21266.0 121655.0
21342.0 120857.0
21657.0 120645.0
21708.0 120574.0
24592.0 120448.0
24820.0 120346.0
25513.0 120184.0
27913.0 120140.0
28763.0 119666.0
32013.0 119518.0
32934.0 119439.0
36184.0 119436.0
39434.0 119348.0

18092.0 123740.0
18545.0 123292.0
18596.0 121891.0
19146.0 121834.0
19912.0 121794.0
19946.0 121754.0
20387.0 121643.0
21266.0 121640.0
21342.0 120856.0
21657.0 120644.0
24820.0 120593.0
25513.0 120297.0
27792.0 120259.0
27843.0 120171.0
28763.0 119901.0
32013.0 119652.0
32934.0 119412.0
36184.0 119138.0
39434.0 118966.0
46855.0 118929.0

18092.0 123740.0
18545.0 122792.0
18596.0 121722.0
19912.0 121586.0
21266.0 121583.0
21342.0 120624.0
21708.0 120439.0
24592.0 120267.0
24801.0 120178.0
25513.0 120019.0
28763.0 119515.0
32013.0 119188.0
36184.0 118997.0

18092.0 129386.0
18545.0 123172.0
18596.0 121891.0
19146.0 121802.0
19587.0 121744.0
19946.0 121593.0
20387.0 121482.0
21266.0 121479.0
21342.0 120856.0
21657.0 120644.0
24750.0 120555.0
24801.0 120353.0
25513.0 120297.0
27792.0 120259.0
27843.0 120171.0
27913.0 120105.0
28687.0 120034.0
28763.0 119703.0
31937.0 119467.0
32934.0 119239.0
36184.0 119180.0
39358.0 119163.0

18092.0 123309.0
18545.0 123172.0
18596.0 121629.0
19912.0 121549.0
21342.0 120857.0
21657.0 120645.0
24516.0 120535.0
24801.0 120511.0
24820.0 120494.0
25513.0 120136.0
28763.0 119515.0
31937.0 119422.0
32013.0 119387.0
32934.0 119154.0
36184.0 119131.0
39434.0 119107.0

18092.0 129386.0
18545.0 123292.0
18596.0 121719.0
19912.0 121695.0
19946.0 121562.0
21342.0 120696.0
21657.0 120645.0
21708.0 120347.0
24016.0 120332.0
24592.0 120311.0
25513.0 119718.0
28763.0 119084.0
36184.0 118784.0
50029.0 118632.0


