17492.0 84219.0
18092.0 81544.0
18545.0 81527.0
18596.0 80926.0
19912.0 80862.0
21266.0 80859.0
21342.0 80641.0
21708.0 80464.0
24516.0 80463.0
24592.0 80369.0
25513.0 80086.0
27894.0 79997.0
28763.0 79632.0
32013.0 79594.0
32934.0 79587.0
36108.0 79567.0
36184.0 79388.0
39434.0 79348.0
42608.0 79347.0

17492.0 84775.0
18092.0 81632.0
18545.0 81610.0
18596.0 81071.0
19912.0 81031.0
21266.0 81028.0
21342.0 80529.0
21708.0 80444.0
24750.0 80307.0
25513.0 80133.0
28763.0 79720.0
32013.0 79684.0

17492.0 84775.0
18092.0 81632.0
18545.0 81610.0
18596.0 81071.0
19912.0 81031.0
21266.0 81028.0
21342.0 80529.0
21708.0 80317.0
24750.0 80307.0
25513.0 80133.0
28763.0 79720.0
31937.0 79503.0
32013.0 79468.0
35187.0 79467.0

17492.0 84775.0
18092.0 81632.0
18545.0 81429.0
18596.0 81071.0
19112.0 81050.0
19912.0 80943.0
21342.0 80476.0
21638.0 80413.0
21708.0 80317.0
24750.0 80307.0
25513.0 80045.0
28763.0 79720.0
31937.0 79503.0
32013.0 79468.0
35187.0 79467.0

17492.0 84775.0
18092.0 81632.0
18545.0 81610.0
18596.0 81071.0
19912.0 81031.0
21266.0 81028.0
21342.0 80529.0
21708.0 80317.0
24750.0 80307.0
25513.0 80133.0
28763.0 79720.0
31937.0 79503.0
32013.0 79468.0
35187.0 79467.0

17492.0 84775.0
18092.0 81632.0
18545.0 81329.0
18596.0 81020.0
19912.0 80943.0
21342.0 80529.0
21708.0 80444.0
24516.0 80443.0
24592.0 80420.0
24750.0 80307.0
25513.0 79968.0
28763.0 79625.0
31937.0 79588.0
43605.0 79519.0

17492.0 84775.0
18092.0 81632.0
18545.0 81572.0
18596.0 81071.0
19912.0 81031.0
21266.0 81028.0
21342.0 80529.0
21708.0 80317.0
24592.0 80281.0
25513.0 80133.0
28763.0 79720.0
31937.0 79503.0
32013.0 79468.0
35187.0 79467.0

17171.0 87402.0
17492.0 84775.0
18092.0 81632.0
18545.0 81256.0
18596.0 81004.0
19912.0 80943.0
21342.0 80528.0
21708.0 80317.0
24592.0 80092.0
27766.0 80091.0
28687.0 80085.0
28763.0 79663.0
31937.0 79544.0
32013.0 79508.0
35187.0 79507.0

17492.0 84775.0
18092.0 81632.0
18545.0 81572.0
18596.0 81071.0
19912.0 81031.0
21266.0 81028.0
21342.0 80529.0
21708.0 80317.0
24592.0 80281.0
25513.0 80133.0
28763.0 79720.0
31937.0 79503.0
32013.0 79468.0
35187.0 79467.0

17492.0 84775.0
18092.0 81632.0
18545.0 81387.0
18596.0 81020.0
19912.0 80943.0
21342.0 80529.0
21708.0 80317.0
24592.0 80281.0
25513.0 80133.0
28763.0 79720.0
31937.0 79503.0
32013.0 79468.0
35187.0 79467.0

17492.0 84775.0
18092.0 81632.0
18545.0 81490.0
18596.0 81071.0
19912.0 80943.0
21342.0 80528.0
21708.0 80317.0
24592.0 80281.0
25513.0 79516.0
28763.0 79327.0
32934.0 79148.0
36184.0 78915.0


