18596.0 206755.0
19146.0 206444.0
19313.0 205315.0
21266.0 205029.0
21342.0 204604.0
21708.0 204419.0
22263.0 204109.0
22461.0 203800.0
23931.0 203353.0
24750.0 203068.0
25513.0 201025.0
28187.0 200976.0
28763.0 200715.0
31437.0 200679.0
32013.0 200262.0
32934.0 199312.0
35187.0 199039.0
36184.0 198724.0
42608.0 198700.0

18856.0 207217.0
21038.0 206951.0
21342.0 203919.0
22263.0 203440.0
22461.0 203308.0
24016.0 202999.0
25513.0 202746.0
28187.0 202674.0
28763.0 202524.0
31937.0 202161.0
36184.0 201903.0

18805.0 221420.0
18856.0 207217.0
21038.0 206951.0
21342.0 203919.0
22263.0 203440.0
22461.0 203223.0
24016.0 202999.0
25513.0 202746.0
28187.0 202674.0
28763.0 202524.0
31937.0 202161.0
36184.0 201903.0

18805.0 220910.0
18856.0 207217.0
21038.0 206951.0
21089.0 206855.0
21342.0 203919.0
22263.0 203290.0
24016.0 202999.0
25513.0 202746.0
28187.0 202674.0
28763.0 202474.0
29684.0 202463.0
31937.0 202161.0
35187.0 201474.0

18805.0 221420.0
18856.0 207217.0
21038.0 206951.0
21342.0 203919.0
22263.0 203440.0
22461.0 203308.0
24016.0 202948.0
25513.0 202746.0
28187.0 202674.0
28763.0 202524.0
31937.0 202161.0
36184.0 201903.0

18805.0 221211.0
18856.0 207217.0
21038.0 206951.0
21342.0 203919.0
22263.0 203440.0
22461.0 203107.0
24016.0 202981.0
25513.0 202602.0
28187.0 202569.0
28763.0 202321.0
29684.0 202031.0
30737.0 201764.0
36184.0 201679.0

18856.0 207217.0
21038.0 206951.0
21342.0 203919.0
22263.0 203440.0
22461.0 203308.0
24016.0 202999.0
25513.0 202746.0
28187.0 202674.0
28763.0 202524.0
31937.0 202161.0
36184.0 201903.0

18805.0 212620.0
18856.0 207217.0
21038.0 206951.0
21342.0 203919.0
22263.0 203440.0
22461.0 203308.0
24016.0 202999.0
25513.0 202746.0
28187.0 202674.0
28763.0 202524.0
31937.0 202161.0
36184.0 201903.0

18856.0 207217.0
21038.0 206951.0
21342.0 203919.0
22263.0 203440.0
22461.0 203308.0
24016.0 202999.0
25513.0 202746.0
28187.0 202674.0
28763.0 202524.0
31937.0 202161.0
36184.0 201903.0

18856.0 207217.0
21038.0 206951.0
21342.0 203919.0
22263.0 202959.0
25513.0 202746.0
28187.0 202674.0
28763.0 202180.0
31937.0 202161.0
35608.0 202095.0
36184.0 201903.0

18615.0 210504.0
18856.0 207217.0
19946.0 206666.0
21266.0 205991.0
21342.0 203366.0
21708.0 202610.0
22263.0 202492.0
24516.0 202489.0
24750.0 202250.0
25513.0 200731.0
30987.0 200465.0
31937.0 199690.0
32013.0 199672.0
35111.0 199363.0
38361.0 198916.0


