21342.0 260643.0
21587.0 258249.0
21638.0 256979.0
21708.0 254989.0
21755.0 254583.0
22136.0 254017.0
22263.0 251820.0
22680.0 250578.0
22931.0 250189.0
24016.0 249117.0
24237.0 247973.0
25513.0 246863.0
27043.0 246381.0
30940.0 246167.0
39358.0 246075.0

19505.0 265758.0
20690.0 265080.0
21342.0 257586.0
21657.0 256221.0
21708.0 252231.0
22263.0 251879.0
23595.0 251738.0
24128.0 251495.0
24592.0 251460.0
24937.0 251095.0
25126.0 248884.0
25513.0 247640.0
28687.0 246790.0

19505.0 265758.0
20690.0 265080.0
20838.0 259436.0
21266.0 257663.0
21342.0 255175.0
21708.0 252231.0
22263.0 251879.0
23480.0 251445.0
23880.0 250944.0
24592.0 250675.0
24603.0 250223.0
24820.0 249739.0
24937.0 249149.0
25126.0 248642.0
25513.0 247640.0
28687.0 246790.0
32358.0 246747.0

19505.0 265758.0
20690.0 265080.0
21342.0 256411.0
21579.0 255564.0
21587.0 254587.0
21708.0 249310.0
22263.0 248641.0
22461.0 248328.0
24440.0 247907.0
24801.0 246824.0
27862.0 246727.0

19505.0 265758.0
20690.0 265080.0
21342.0 257586.0
21657.0 256221.0
21708.0 252231.0
22263.0 250783.0
23992.0 250057.0
24680.0 249851.0
24937.0 249240.0
25126.0 248884.0
25513.0 247640.0
28687.0 246790.0

19505.0 263021.0
21342.0 257586.0
21627.0 256788.0
21657.0 254673.0
21689.0 252554.0
21708.0 252231.0
22263.0 250053.0
22461.0 249922.0
23480.0 249207.0
24516.0 249205.0
24937.0 248701.0
25126.0 248092.0
25513.0 247640.0
28687.0 246790.0
30904.0 246728.0

19505.0 265758.0
20690.0 265080.0
21342.0 257586.0
21657.0 256221.0
21708.0 252231.0
22263.0 251879.0
23595.0 251459.0
24820.0 250172.0
24937.0 249921.0
25126.0 248884.0
25513.0 247640.0
28687.0 246790.0

19505.0 265758.0
20690.0 265080.0
21342.0 257586.0
21587.0 255759.0
21708.0 252231.0
22263.0 249129.0
23550.0 248438.0
24699.0 246962.0
28687.0 246790.0

19505.0 265758.0
20690.0 265080.0
21342.0 257586.0
21613.0 252390.0
21708.0 250706.0
22263.0 249665.0
23950.0 249280.0
25126.0 248884.0
25513.0 247640.0
28687.0 246790.0

19505.0 265758.0
19946.0 259008.0
20766.0 257419.0
21266.0 252616.0
21708.0 250140.0
22263.0 248651.0
23940.0 248643.0
24801.0 248498.0
25126.0 248092.0
25513.0 247640.0
28687.0 246790.0

19505.0 265758.0
20178.0 265256.0
20690.0 265080.0
21342.0 253926.0
21364.0 253924.0
21661.0 252068.0
21689.0 245026.0
24801.0 243457.0
27894.0 242247.0
30940.0 240684.0
31006.0 240371.0
35187.0 239028.0


