18615.0 169807.0
19379.0 167573.0
19505.0 167315.0
20421.0 167295.0
20766.0 167006.0
21342.0 165251.0
21708.0 163511.0
23550.0 163494.0
24592.0 163429.0
24750.0 162609.0
25513.0 161630.0
27862.0 161290.0
28763.0 161070.0
32013.0 160651.0

18805.0 175333.0
19313.0 169942.0
20166.0 168116.0
20666.0 168107.0
20766.0 166982.0
20838.0 166415.0
20857.0 166379.0
21266.0 166309.0
21342.0 166014.0
21638.0 165741.0
22263.0 164174.0
23440.0 164010.0
24801.0 163651.0
28187.0 163267.0

18671.0 173428.0
19313.0 168211.0
19505.0 167949.0
20066.0 166703.0
20345.0 166320.0
20766.0 166088.0
21342.0 166014.0
21638.0 165741.0
22263.0 163932.0
23950.0 163881.0
24801.0 163651.0
28187.0 163267.0

18615.0 166646.0
19980.0 166329.0
20766.0 165850.0
20838.0 165314.0
20857.0 165278.0
21266.0 165208.0
21342.0 164960.0
22263.0 163932.0
23950.0 163881.0
24801.0 163358.0
28187.0 163267.0

18805.0 175333.0
18922.0 175106.0
19313.0 169942.0
19471.0 169487.0
19505.0 168423.0
20066.0 166703.0
20345.0 166320.0
20766.0 166088.0
20857.0 165486.0
21266.0 165357.0
22263.0 163932.0
23950.0 163881.0
24801.0 163358.0
28187.0 163267.0

18615.0 166448.0
19466.0 166077.0
20387.0 165598.0
20766.0 165559.0
21266.0 165492.0
21342.0 165183.0
22263.0 163887.0
24801.0 163358.0
28187.0 163267.0

18671.0 173428.0
19313.0 168211.0
19505.0 167898.0
20345.0 166320.0
20766.0 166088.0
21342.0 165733.0
21689.0 164938.0
22263.0 163932.0
23950.0 163881.0
24801.0 163358.0
28187.0 163267.0

18671.0 173428.0
19313.0 168211.0
19505.0 167898.0
20345.0 166964.0
20457.0 166813.0
20766.0 166144.0
21342.0 165183.0
21638.0 164989.0
21689.0 164938.0
21708.0 164622.0
22263.0 163887.0
23950.0 163881.0
24801.0 163358.0
28187.0 163267.0
28763.0 163194.0

18671.0 173428.0
19313.0 168211.0
19505.0 167898.0
20345.0 166320.0
20766.0 166088.0
21342.0 165733.0
21689.0 164938.0
22263.0 163932.0
23950.0 163881.0
24801.0 163358.0
28187.0 163267.0

18671.0 173428.0
19313.0 168211.0
19505.0 167949.0
19946.0 167519.0
20345.0 166279.0
21266.0 166267.0
21342.0 165253.0
21638.0 165059.0
21708.0 164692.0
22263.0 163887.0
24801.0 163358.0
28187.0 163267.0
31006.0 163164.0

18596.0 167058.0
18615.0 164563.0
20421.0 164147.0
21342.0 162037.0
21689.0 161826.0
25513.0 161542.0
27690.0 161350.0
27913.0 161325.0
28687.0 160473.0
28763.0 160155.0
30940.0 159484.0


