18092.0 173141.0
18475.0 172592.0
18545.0 171334.0
18615.0 164905.0
19505.0 164171.0
19587.0 164136.0
21266.0 164042.0
21342.0 162419.0
21708.0 162101.0
22263.0 161552.0
24592.0 161323.0
24801.0 161190.0
25513.0 159958.0
27766.0 159938.0
27894.0 159817.0
28763.0 159660.0
31937.0 159590.0
32934.0 158852.0
36184.0 158531.0
39358.0 158430.0
39434.0 158162.0

18092.0 167715.0
18526.0 167685.0
18596.0 165438.0
18615.0 165053.0
19146.0 164733.0
19505.0 164620.0
19946.0 164580.0
20766.0 164505.0
20857.0 164395.0
21342.0 162690.0
21708.0 162387.0
22263.0 162045.0
23950.0 161933.0
24592.0 161631.0
27913.0 161432.0
28763.0 160938.0
32013.0 160703.0
36108.0 160669.0
36184.0 160633.0

18092.0 167715.0
18526.0 167685.0
18596.0 164458.0
18615.0 163513.0
20766.0 163453.0
21342.0 162690.0
21708.0 162175.0
22263.0 162045.0
23950.0 161933.0
24592.0 161533.0
25513.0 161093.0
28187.0 161085.0
28763.0 160938.0
32013.0 160639.0
36184.0 160445.0
38858.0 160285.0

18092.0 167549.0
18596.0 165438.0
18615.0 163794.0
19112.0 163770.0
19505.0 163761.0
19946.0 163479.0
21342.0 162559.0
21638.0 162337.0
21708.0 162111.0
22263.0 161801.0
24592.0 161533.0
25513.0 161344.0
28763.0 160425.0
36184.0 160120.0

18092.0 166699.0
18526.0 166655.0
18545.0 164864.0
18615.0 164079.0
19146.0 163514.0
19505.0 163432.0
19845.0 163396.0
19946.0 163356.0
21342.0 162480.0
21657.0 162463.0
21689.0 162266.0
21708.0 162251.0
22263.0 162045.0
23950.0 161933.0
24592.0 161533.0
25513.0 161494.0
27913.0 161432.0
28763.0 160893.0
32013.0 160703.0
36108.0 160669.0
36184.0 160588.0

18092.0 166663.0
18526.0 166619.0
18596.0 163945.0
19146.0 163807.0
19505.0 163610.0
19946.0 163570.0
21342.0 162054.0
21638.0 161956.0
21708.0 161767.0
24516.0 161613.0
24592.0 161373.0
25513.0 161093.0
28187.0 161085.0
28763.0 160676.0
32013.0 160586.0
36184.0 160445.0
38858.0 160020.0

18092.0 167715.0
18526.0 167685.0
18596.0 165211.0
18615.0 164033.0
19471.0 163457.0
21266.0 163360.0
21342.0 162119.0
21708.0 161654.0
24516.0 161611.0
24592.0 161367.0
25513.0 160959.0
28763.0 160392.0
31937.0 160319.0
39358.0 160095.0

18092.0 164481.0
18596.0 163317.0
19313.0 163246.0
19587.0 163240.0
20766.0 163220.0
20838.0 163212.0
21342.0 162383.0
21708.0 162134.0
22263.0 161952.0
23950.0 161933.0
24516.0 161858.0
24592.0 161329.0
25513.0 161269.0
28763.0 160873.0
31937.0 160501.0
32013.0 160409.0

18092.0 166663.0
18526.0 166619.0
18596.0 163727.0
18671.0 162993.0
19505.0 162953.0
20066.0 162936.0
20838.0 162711.0
21342.0 162300.0
21638.0 162283.0
21708.0 162176.0
22263.0 161859.0
24516.0 161858.0
24592.0 161533.0
24750.0 161508.0
25513.0 161490.0
27913.0 161432.0
28763.0 160926.0
29684.0 160729.0
31937.0 160501.0

18092.0 166576.0
18545.0 165383.0
18596.0 164862.0
18615.0 163990.0
19505.0 163610.0
19946.0 163500.0
21342.0 162196.0
21708.0 161727.0
24592.0 161433.0
25513.0 161428.0
27913.0 161382.0
28763.0 160674.0
32013.0 160632.0
36184.0 160573.0
39358.0 160369.0

18092.0 167715.0
18526.0 167685.0
18596.0 165438.0
18615.0 163551.0
19146.0 162901.0
20421.0 162750.0
20838.0 162749.0
21342.0 162067.0
21689.0 161887.0
21708.0 161611.0
22263.0 161395.0
24016.0 161317.0
25513.0 160638.0
28763.0 158939.0
35111.0 158754.0


