18596.0 166695.0
18615.0 165548.0
19146.0 165155.0
19471.0 164751.0
19912.0 164584.0
20766.0 164029.0
21342.0 162424.0
21708.0 162374.0
22263.0 161473.0
24731.0 161451.0
24801.0 161232.0
25513.0 160439.0
28763.0 159605.0
31937.0 159442.0
32013.0 159406.0
32934.0 159196.0
36184.0 158506.0
39358.0 158437.0
43529.0 158422.0
43605.0 157710.0
46779.0 157554.0

18596.0 164488.0
19146.0 163445.0
19946.0 163225.0
21266.0 162941.0
21342.0 162657.0
21708.0 162439.0
22263.0 162105.0
24516.0 161846.0
24592.0 161532.0
25513.0 161522.0
27913.0 161170.0
28687.0 161078.0
28763.0 160310.0
31937.0 160128.0
36184.0 159929.0

18596.0 164295.0
18615.0 163631.0
19146.0 163445.0
19946.0 163225.0
21266.0 162941.0
21342.0 162657.0
21708.0 162118.0
22263.0 162105.0
24516.0 161846.0
24592.0 161476.0
24801.0 161291.0
27913.0 161170.0
28687.0 161078.0
28763.0 160310.0
31937.0 160128.0
32934.0 160080.0
36184.0 159929.0

18596.0 164010.0
19146.0 163445.0
19946.0 163225.0
21266.0 162941.0
21342.0 162657.0
21708.0 162140.0
22263.0 161868.0
24516.0 161811.0
24592.0 161476.0
24801.0 161291.0
27043.0 161278.0
27894.0 161100.0
28687.0 160877.0
28763.0 160310.0
31937.0 160128.0
32934.0 160058.0
35187.0 160002.0
36184.0 159907.0

18596.0 164295.0
19146.0 163385.0
19946.0 163225.0
20766.0 163054.0
20857.0 162360.0
21266.0 162188.0
21342.0 162056.0
21708.0 161597.0
24592.0 161532.0
24750.0 161331.0
24801.0 161143.0
25513.0 160880.0
28187.0 160844.0
28763.0 160239.0
31937.0 160128.0
32934.0 160040.0
36184.0 159929.0

18596.0 163196.0
20766.0 163054.0
20857.0 162360.0
21266.0 162188.0
21342.0 162056.0
21708.0 161597.0
24592.0 161532.0
24750.0 161331.0
25513.0 161026.0
27766.0 160804.0
28687.0 160770.0
28763.0 160310.0
31937.0 160128.0
32934.0 160080.0
36184.0 159929.0

18596.0 164295.0
18615.0 163631.0
19146.0 163445.0
19946.0 163225.0
21266.0 162941.0
21342.0 162657.0
21708.0 162051.0
22263.0 161876.0
23316.0 161807.0
24592.0 161476.0
24801.0 161291.0
25513.0 161001.0
27894.0 160687.0
28763.0 159837.0
32013.0 159832.0
36184.0 159517.0
46855.0 159353.0

18596.0 164295.0
19146.0 163445.0
19946.0 163225.0
20766.0 163071.0
21266.0 162822.0
21342.0 162657.0
21708.0 162189.0
22263.0 161876.0
23316.0 161807.0
24592.0 161476.0
24801.0 161291.0
25513.0 161001.0
27894.0 160687.0
28763.0 159837.0
32013.0 159832.0
36184.0 159517.0
46855.0 159353.0

18596.0 164295.0
18615.0 163631.0
19146.0 163445.0
19946.0 163225.0
21266.0 162941.0
21342.0 162657.0
21708.0 162118.0
22263.0 161876.0
23316.0 161807.0
24592.0 161476.0
24801.0 161291.0
25513.0 161001.0
27894.0 160687.0
28763.0 159837.0
32013.0 159832.0
36184.0 159517.0
46855.0 159353.0

18545.0 171409.0
18596.0 164131.0
19112.0 164126.0
19146.0 163445.0
19946.0 163225.0
21266.0 162822.0
21342.0 162657.0
21708.0 162189.0
22263.0 161664.0
24592.0 161476.0
24801.0 161291.0
25513.0 161189.0
27894.0 160789.0
28763.0 159837.0
32013.0 159727.0
36184.0 159517.0
39434.0 159494.0
46855.0 159353.0

18545.0 165036.0
18596.0 162998.0
19946.0 162690.0
21266.0 162139.0
21342.0 161760.0
21708.0 161255.0
24801.0 160393.0
28763.0 159942.0
30987.0 159935.0
32013.0 159414.0
36184.0 159306.0
40355.0 159038.0


