18092.0 210761.0
18615.0 208177.0
19505.0 207327.0
20387.0 207189.0
21266.0 206961.0
21342.0 205382.0
21708.0 203593.0
22263.0 203183.0
24801.0 203151.0
25513.0 201331.0
27487.0 201176.0
27842.0 201143.0
27894.0 200854.0
30737.0 200819.0
32934.0 200358.0
35263.0 200065.0

18545.0 210343.0
19146.0 209786.0
19505.0 208490.0
19769.0 207808.0
20787.0 206779.0
21266.0 206771.0
21342.0 206080.0
21638.0 205460.0
21708.0 204722.0
22263.0 204048.0
24516.0 204043.0
24801.0 203584.0
25513.0 203438.0
27842.0 201949.0
32013.0 201786.0
35263.0 201727.0
39434.0 201415.0

18545.0 210343.0
18805.0 209651.0
19112.0 209391.0
19146.0 209312.0
19505.0 205953.0
20838.0 205759.0
21342.0 205457.0
21708.0 204722.0
22263.0 204048.0
24516.0 204043.0
24801.0 203554.0
25513.0 203235.0
27842.0 201949.0
32013.0 201559.0
39434.0 201415.0

18545.0 210232.0
18922.0 209780.0
19505.0 206080.0
21342.0 205584.0
21638.0 205460.0
21708.0 204708.0
22263.0 203447.0
22427.0 203373.0
24801.0 203144.0
24937.0 202956.0
25513.0 202899.0
27842.0 201949.0
32013.0 201559.0
36184.0 201242.0

18545.0 209370.0
18596.0 207473.0
19471.0 207211.0
19505.0 206663.0
20766.0 206184.0
20838.0 205911.0
21342.0 204809.0
21657.0 204567.0
22263.0 204026.0
24801.0 203584.0
24937.0 203582.0
25513.0 203200.0
27266.0 202923.0
27842.0 201949.0
32013.0 201559.0
39434.0 201415.0

18092.0 207577.0
18447.0 207503.0
20787.0 206779.0
21266.0 206771.0
21342.0 204435.0
21661.0 204289.0
21708.0 203587.0
22263.0 203458.0
24801.0 203299.0
24937.0 202956.0
25513.0 202836.0
27043.0 202714.0
27842.0 201949.0
28763.0 201667.0
31006.0 201629.0
32013.0 201559.0
39434.0 201415.0

18545.0 209370.0
18596.0 207513.0
19505.0 206663.0
20766.0 206201.0
20838.0 205928.0
21342.0 204553.0
21708.0 204186.0
22263.0 204048.0
22461.0 203938.0
23316.0 203739.0
24016.0 202716.0
24592.0 202498.0
24801.0 201918.0
27266.0 201898.0
28187.0 201624.0
32013.0 200988.0
35263.0 200953.0

18545.0 210343.0
19146.0 209786.0
19505.0 207908.0
19769.0 207808.0
20787.0 206779.0
20857.0 205997.0
21342.0 204553.0
21638.0 204402.0
21661.0 204345.0
21708.0 203993.0
22263.0 203544.0
24016.0 202716.0
24592.0 202498.0
24801.0 201918.0
27266.0 201898.0
28187.0 201624.0
32013.0 200988.0
35263.0 200907.0

18545.0 209370.0
18596.0 207513.0
19505.0 206418.0
20766.0 205997.0
20838.0 205431.0
21342.0 203906.0
21638.0 203829.0
21708.0 203309.0
24016.0 202716.0
24592.0 202232.0
24801.0 201918.0
27266.0 201898.0
28187.0 201624.0
32013.0 200988.0
35263.0 200953.0

18545.0 210343.0
18856.0 209733.0
19146.0 207310.0
19946.0 206194.0
20857.0 205997.0
21342.0 204318.0
21708.0 203939.0
22461.0 203938.0
23316.0 203739.0
24016.0 202716.0
24592.0 202293.0
24801.0 201918.0
27266.0 201898.0
28187.0 201624.0
32013.0 200988.0
35263.0 200907.0

18545.0 210343.0
18596.0 209410.0
19505.0 206807.0
20787.0 206779.0
21266.0 206120.0
21342.0 204179.0
21627.0 204076.0
21638.0 203970.0
21708.0 202311.0
22263.0 202121.0
24592.0 202081.0
24750.0 201995.0
24801.0 201331.0
25513.0 200980.0
28687.0 200029.0
30940.0 199430.0
32013.0 199305.0
35263.0 198743.0


