18412.0 134315.0
18596.0 123663.0
18615.0 121944.0
19471.0 121775.0
21266.0 121738.0
21342.0 121289.0
21657.0 121267.0
21708.0 120901.0
24516.0 120876.0
24592.0 120554.0
24750.0 120502.0
24820.0 120290.0
25513.0 120006.0
27043.0 119955.0
27842.0 119802.0
28763.0 119565.0
32013.0 119186.0

18092.0 125469.0
18545.0 123409.0
18615.0 122791.0
19146.0 122641.0
19946.0 122568.0
20838.0 122475.0
21266.0 122283.0
21342.0 121500.0
21708.0 121059.0
24592.0 120863.0
25513.0 120447.0
28763.0 120225.0
32013.0 119817.0
39434.0 119759.0

18092.0 125469.0
18545.0 123409.0
18596.0 122860.0
18615.0 122019.0
18787.0 121967.0
19471.0 121913.0
19587.0 121808.0
19912.0 121768.0
20421.0 121689.0
20838.0 121496.0
21266.0 121401.0
21342.0 121099.0
21638.0 120857.0
24592.0 120614.0
25513.0 120349.0
27842.0 120083.0
28763.0 120070.0
32013.0 119682.0
36184.0 119602.0
39434.0 119564.0
46779.0 119510.0

18092.0 125180.0
18545.0 123409.0
18596.0 122187.0
18615.0 121579.0
20345.0 121566.0
20387.0 121526.0
21266.0 121523.0
21342.0 121171.0
21708.0 120550.0
24592.0 120450.0
25513.0 120268.0
28763.0 119754.0
32013.0 119403.0
36184.0 119323.0

18092.0 125261.0
18447.0 125243.0
18545.0 123409.0
18596.0 122814.0
18615.0 121761.0
19471.0 121737.0
19912.0 121697.0
20387.0 121681.0
21266.0 121656.0
21342.0 121326.0
21708.0 120982.0
24592.0 120846.0
24731.0 120796.0
24750.0 120663.0
25513.0 120431.0
27766.0 120360.0
27913.0 120178.0
28763.0 120024.0
32013.0 119809.0
32934.0 119703.0
39434.0 119602.0

18092.0 124597.0
18526.0 124154.0
18545.0 123409.0
18596.0 121980.0
18615.0 121877.0
19112.0 121853.0
19587.0 121792.0
19912.0 121768.0
20766.0 121753.0
21266.0 121696.0
21342.0 121237.0
21689.0 121118.0
21708.0 120796.0
22263.0 120502.0
24516.0 120501.0
24592.0 120466.0
24750.0 120444.0
25437.0 120443.0
25513.0 120289.0
28763.0 119967.0
32013.0 119707.0
32934.0 119507.0
36184.0 119290.0
43529.0 119267.0

18092.0 125180.0
18545.0 123409.0
18596.0 122258.0
18615.0 121845.0
20387.0 121797.0
20838.0 121782.0
21266.0 121663.0
21342.0 121259.0
21638.0 121059.0
21708.0 120898.0
24592.0 120719.0
25513.0 120203.0
28763.0 119736.0
32013.0 119444.0
36184.0 119364.0

17996.0 130175.0
18056.0 128720.0
18092.0 125469.0
18545.0 121787.0
18596.0 121593.0
19946.0 121545.0
21266.0 121501.0
21342.0 121105.0
21638.0 120930.0
21708.0 120528.0
24592.0 120492.0
24750.0 120477.0
25513.0 119501.0
32934.0 119277.0
36184.0 119256.0
40355.0 119117.0

18092.0 125180.0
18545.0 123409.0
18596.0 122258.0
18615.0 121589.0
19912.0 121565.0
21266.0 121521.0
21342.0 121143.0
21657.0 121121.0
21708.0 120848.0
24516.0 120819.0
24592.0 120719.0
24801.0 120591.0
25513.0 120100.0
28687.0 120036.0
28763.0 119715.0
32013.0 119444.0
36184.0 119364.0

18092.0 125180.0
18545.0 123409.0
18596.0 122150.0
18615.0 121877.0
19112.0 121853.0
20838.0 121782.0
21266.0 121696.0
21342.0 120990.0
21638.0 120913.0
21708.0 120898.0
22263.0 120843.0
24516.0 120772.0
24592.0 120719.0
24801.0 120610.0
25437.0 120586.0
25513.0 120336.0
27862.0 120167.0
28763.0 119970.0
32013.0 119733.0
32934.0 119678.0
36184.0 119482.0
39434.0 119118.0

18092.0 122310.0
18596.0 121359.0
19912.0 121319.0
21266.0 121292.0
21342.0 121029.0
21708.0 120367.0
25513.0 119760.0
28763.0 119095.0
36184.0 118499.0
43605.0 118350.0


