17996.0 170903.0
18092.0 169041.0
18596.0 167671.0
18671.0 167048.0
19471.0 164965.0
20238.0 164915.0
20742.0 164500.0
20766.0 163536.0
21266.0 163292.0
21342.0 163252.0
21638.0 163005.0
21689.0 162763.0
24592.0 162708.0
25513.0 162259.0
27824.0 162076.0
28687.0 161280.0
31861.0 161274.0
32934.0 161211.0
36108.0 161179.0

18615.0 177656.0
18922.0 173637.0
20457.0 171695.0
20838.0 170090.0
21342.0 166524.0
21708.0 165311.0
22263.0 165065.0
24016.0 163839.0
24801.0 163582.0
27062.0 163370.0
29684.0 163248.0
30136.0 163000.0

18615.0 177656.0
18922.0 173637.0
19112.0 173158.0
19246.0 171212.0
20742.0 170291.0
20766.0 169738.0
20838.0 169703.0
20857.0 168892.0
21342.0 165861.0
21708.0 165160.0
22263.0 165065.0
24016.0 163839.0
24801.0 163582.0
27043.0 163561.0
27062.0 163349.0
28763.0 163273.0
29684.0 163188.0
30136.0 163000.0

18615.0 177656.0
18805.0 175071.0
18922.0 172335.0
19505.0 171357.0
20457.0 170937.0
20766.0 168759.0
20838.0 167938.0
21342.0 166524.0
21708.0 165311.0
22263.0 165012.0
24016.0 163839.0
24801.0 163582.0
27062.0 163370.0
29684.0 163248.0
30136.0 163000.0

18615.0 177656.0
18922.0 173637.0
19146.0 168469.0
20857.0 168250.0
21342.0 166524.0
21657.0 165936.0
21708.0 164555.0
24016.0 163839.0
24801.0 163582.0
27062.0 163370.0
28763.0 163319.0
29684.0 163248.0
30136.0 163000.0

18596.0 170297.0
20438.0 168307.0
21342.0 165467.0
21708.0 165311.0
22263.0 165065.0
23080.0 164509.0
23931.0 163988.0
24016.0 163839.0
24801.0 163582.0
27062.0 163370.0
29684.0 163248.0
30136.0 163000.0
32013.0 162381.0

18615.0 177656.0
18856.0 174952.0
18922.0 173637.0
19246.0 172704.0
19946.0 168929.0
21342.0 166524.0
21708.0 165230.0
22263.0 164984.0
24016.0 163839.0
24801.0 163582.0
27062.0 163370.0
28763.0 162970.0
31937.0 162851.0

18615.0 177656.0
18922.0 173637.0
19471.0 170609.0
20742.0 168465.0
21342.0 164392.0
21708.0 163986.0
24016.0 163685.0
24801.0 163582.0
27062.0 163370.0
28763.0 162970.0
31937.0 162851.0

18446.0 177042.0
18545.0 175145.0
18922.0 173637.0
19246.0 171147.0
19505.0 170772.0
19946.0 170724.0
20178.0 170362.0
20438.0 168316.0
20857.0 167788.0
21342.0 166524.0
21657.0 165936.0
21708.0 164555.0
24016.0 163839.0
24801.0 163582.0
27062.0 163370.0
28763.0 162970.0
31937.0 162851.0

18615.0 177656.0
18671.0 174971.0
18922.0 173637.0
19146.0 169214.0
20766.0 168125.0
21342.0 166524.0
21708.0 165311.0
22263.0 165065.0
24016.0 163839.0
24801.0 163582.0
27062.0 163370.0
28763.0 162970.0
31937.0 162772.0

18615.0 177656.0
18922.0 173637.0
19946.0 171703.0
20457.0 170980.0
20766.0 169475.0
20879.0 165773.0
21266.0 165401.0
21342.0 163509.0
21689.0 162462.0
22263.0 161538.0
25513.0 160877.0
28763.0 159885.0
31016.0 159577.0


