18092.0 169008.0
18922.0 168881.0
19471.0 168009.0
19505.0 167353.0
20190.0 167346.0
21266.0 166866.0
21638.0 165621.0
21657.0 165618.0
21708.0 164642.0
22263.0 163995.0
24516.0 163966.0
24592.0 163640.0
24750.0 163635.0
25513.0 162549.0
27766.0 162449.0
28687.0 162243.0
28763.0 161725.0
32934.0 161667.0
36108.0 160985.0
36184.0 160925.0

18671.0 170784.0
18856.0 166199.0
21266.0 166023.0
21638.0 165574.0
21708.0 164629.0
24516.0 164516.0
24592.0 164000.0
25513.0 162513.0
27913.0 162478.0
31437.0 162457.0
31937.0 161940.0

18671.0 170784.0
18856.0 166199.0
21266.0 166023.0
21638.0 165574.0
21708.0 164629.0
22936.0 164553.0
23899.0 164540.0
24516.0 163977.0
24592.0 163294.0
25513.0 162513.0
27913.0 162478.0
31437.0 162457.0
31937.0 161940.0

18671.0 170784.0
18856.0 166199.0
20838.0 166017.0
21138.0 165564.0
21266.0 164860.0
21708.0 164629.0
22263.0 164324.0
24516.0 164221.0
24592.0 164000.0
25513.0 162513.0
27913.0 162478.0
28763.0 162293.0
31937.0 161940.0

18447.0 167841.0
18615.0 166448.0
18856.0 166199.0
18922.0 166155.0
19471.0 166006.0
20304.0 165858.0
20438.0 165352.0
20766.0 165309.0
20838.0 165115.0
21266.0 164626.0
21342.0 164017.0
22263.0 163223.0
24516.0 163188.0
24592.0 163177.0
25513.0 162513.0
27913.0 162478.0
31437.0 162457.0
31937.0 161940.0

18671.0 170784.0
18856.0 166199.0
20838.0 166148.0
21266.0 164551.0
21657.0 164463.0
21708.0 163691.0
24750.0 163165.0
25513.0 162513.0
27792.0 162499.0
27913.0 162478.0
31437.0 162457.0
31937.0 161940.0

18671.0 170784.0
18856.0 166199.0
21266.0 166023.0
21638.0 165574.0
21708.0 164629.0
23899.0 164540.0
24516.0 164516.0
24592.0 164000.0
25513.0 162513.0
27913.0 162478.0
31437.0 162457.0
31937.0 161940.0

18092.0 169153.0
18494.0 168730.0
18596.0 167086.0
18671.0 166969.0
18856.0 166199.0
19980.0 165355.0
19987.0 165151.0
20766.0 165144.0
20838.0 164717.0
21266.0 164639.0
21638.0 164624.0
21708.0 164616.0
22263.0 164545.0
23899.0 164540.0
24016.0 164497.0
24592.0 163797.0
25513.0 162513.0
27913.0 162478.0
31437.0 162457.0
31937.0 161940.0

18596.0 167481.0
18671.0 166221.0
18856.0 166199.0
19471.0 166006.0
19980.0 165666.0
20766.0 164999.0
20838.0 164946.0
21342.0 164522.0
21708.0 164183.0
24592.0 163807.0
24801.0 162798.0
25513.0 162380.0
27043.0 161959.0
31937.0 161940.0
40355.0 161924.0

18596.0 168081.0
18856.0 166148.0
20766.0 165801.0
20838.0 165249.0
21638.0 164982.0
21708.0 164183.0
24516.0 162973.0
24801.0 162719.0
25513.0 162513.0
27913.0 162438.0
28763.0 162126.0
31937.0 161849.0

18545.0 170721.0
18596.0 165962.0
18615.0 164074.0
20857.0 164026.0
21342.0 162344.0
21689.0 162103.0
21708.0 161615.0
22263.0 161286.0
24801.0 161137.0
25437.0 160866.0
27894.0 160272.0
30940.0 159780.0


