18092.0 123473.0
18596.0 122953.0
18615.0 122295.0
19587.0 122260.0
20387.0 122190.0
21266.0 122147.0
21342.0 121311.0
21708.0 120836.0
24516.0 120835.0
24592.0 120411.0
24750.0 120324.0
25513.0 119625.0
27894.0 119624.0
28763.0 119499.0
32934.0 118904.0
36184.0 118693.0
39434.0 118658.0
40355.0 118576.0

18092.0 123238.0
18596.0 121978.0
19471.0 121919.0
20345.0 121898.0
21342.0 121049.0
21638.0 121032.0
21708.0 120807.0
24592.0 120508.0
24801.0 120484.0
24820.0 120220.0
27766.0 120123.0
28763.0 119637.0
43529.0 119621.0

18092.0 123238.0
18596.0 121978.0
18615.0 121946.0
19471.0 121919.0
20345.0 121898.0
20387.0 121755.0
21342.0 120848.0
21638.0 120831.0
21708.0 120606.0
24592.0 120462.0
24750.0 120445.0
24782.0 120338.0
24820.0 120220.0
25513.0 120177.0
27766.0 120123.0
28763.0 119637.0
36108.0 119532.0
43529.0 119350.0

18092.0 122870.0
18596.0 121919.0
18615.0 121581.0
20387.0 121501.0
21342.0 120572.0
21638.0 120571.0
21708.0 120453.0
24516.0 120450.0
24592.0 120358.0
24750.0 120262.0
24820.0 120068.0
27913.0 119975.0
28763.0 119487.0
32013.0 119328.0
36108.0 119311.0

18092.0 123238.0
18596.0 121919.0
19471.0 121895.0
20766.0 121852.0
21342.0 120669.0
21638.0 120571.0
24592.0 120358.0
24820.0 120220.0
27766.0 120123.0
27843.0 120106.0
28763.0 119505.0
31437.0 119446.0
43529.0 119350.0

18092.0 122870.0
18596.0 121943.0
18615.0 121931.0
19471.0 121919.0
19912.0 121907.0
19946.0 121848.0
21342.0 120603.0
21638.0 120544.0
21708.0 120453.0
24516.0 120450.0
24750.0 120262.0
24820.0 120068.0
27913.0 119978.0
28763.0 119522.0
36184.0 119402.0
43529.0 119350.0

18092.0 123238.0
18596.0 121978.0
18615.0 121955.0
19471.0 121919.0
20345.0 121898.0
21342.0 121049.0
21638.0 121032.0
21708.0 120766.0
24516.0 120757.0
24592.0 120508.0
24750.0 120485.0
24801.0 120484.0
24820.0 120202.0
27766.0 120123.0
28763.0 119637.0
36184.0 119346.0

18092.0 122789.0
18596.0 121764.0
19946.0 121684.0
21266.0 121659.0
21342.0 120816.0
21638.0 120582.0
21708.0 120453.0
24516.0 120449.0
24750.0 120262.0
24820.0 120219.0
27766.0 120123.0
28763.0 119385.0
36184.0 119339.0

18092.0 123238.0
18596.0 121919.0
19471.0 121895.0
20345.0 121874.0
21342.0 121019.0
21708.0 120807.0
24516.0 120757.0
24592.0 120508.0
24750.0 120485.0
24801.0 120484.0
24820.0 120219.0
27766.0 120123.0
27913.0 120101.0
28763.0 119637.0
36184.0 119346.0

18092.0 122870.0
18596.0 121800.0
19946.0 121776.0
21266.0 121751.0
21342.0 120693.0
21638.0 120595.0
24592.0 120358.0
24750.0 120262.0
24820.0 120219.0
25513.0 120152.0
27766.0 120123.0
27913.0 120101.0
28763.0 119637.0
31937.0 119608.0
36184.0 119375.0
39358.0 119292.0

18092.0 123238.0
18596.0 121719.0
19471.0 121695.0
19912.0 121671.0
21342.0 120696.0
21638.0 120598.0
21708.0 120268.0
24516.0 120265.0
24592.0 120209.0
24750.0 120192.0
24820.0 120182.0
25513.0 119826.0
28763.0 118998.0
32934.0 118919.0
39434.0 118554.0


