21342.0 350343.0
21638.0 349709.0
21708.0 349474.0
22263.0 345653.0
22680.0 344355.0
23550.0 343503.0
24731.0 340833.0
24751.0 340204.0
24801.0 340138.0
24820.0 339946.0
24937.0 339443.0
25010.0 339073.0
25437.0 338475.0
25513.0 334870.0
27043.0 333833.0
28187.0 333775.0
28763.0 332868.0
32934.0 332109.0

21708.0 368779.0
21755.0 360424.0
22020.0 357420.0
22263.0 346648.0
22495.0 345680.0
23392.0 342061.0
23992.0 340120.0
24750.0 338116.0
24782.0 337935.0
25513.0 337507.0
27587.0 337261.0
28763.0 337160.0
29684.0 336566.0

21708.0 368779.0
21755.0 360424.0
22020.0 357420.0
22263.0 345353.0
22395.0 345098.0
22461.0 344841.0
22816.0 343788.0
23294.0 341985.0
23416.0 341251.0
23992.0 339840.0
24750.0 337834.0
24782.0 336413.0
25513.0 335842.0
33178.0 335107.0

21708.0 368779.0
21755.0 360424.0
22020.0 357420.0
22263.0 345279.0
23392.0 341989.0
23416.0 341231.0
23992.0 339909.0
24237.0 339645.0
24750.0 338044.0
24782.0 337935.0
25437.0 337543.0
25513.0 337473.0
27587.0 337261.0
27792.0 336505.0
28687.0 335697.0
28763.0 334918.0
32934.0 333121.0

21708.0 368779.0
21755.0 360424.0
22020.0 357420.0
22263.0 344750.0
22816.0 343865.0
23294.0 339270.0
24750.0 337515.0
24782.0 336362.0
25513.0 334848.0
27792.0 334205.0
27913.0 333653.0
30861.0 332972.0
32858.0 332671.0
36108.0 332204.0

21708.0 368779.0
21755.0 360424.0
22020.0 357420.0
22263.0 346648.0
22495.0 343875.0
23392.0 342061.0
23992.0 340120.0
24750.0 338116.0
24782.0 337935.0
25513.0 337507.0
27043.0 337300.0
27587.0 337261.0
28763.0 337160.0
29684.0 336566.0
37558.0 334547.0

21708.0 368779.0
21755.0 360424.0
22020.0 357420.0
22263.0 345279.0
23392.0 341989.0
23416.0 340968.0
23992.0 340120.0
24750.0 338044.0
24782.0 337935.0
25513.0 337473.0
27587.0 337261.0
27792.0 336505.0

21708.0 368779.0
21755.0 360424.0
22020.0 357420.0
22263.0 345279.0
22395.0 344163.0
22740.0 343804.0
23392.0 341989.0
23416.0 340968.0
23992.0 340120.0
24750.0 338044.0
24782.0 337935.0
25513.0 337473.0
27587.0 337261.0
27792.0 336505.0

21689.0 351620.0
22263.0 345279.0
23392.0 341989.0
23416.0 340968.0
23992.0 340120.0
24750.0 338044.0
24782.0 337935.0
25513.0 335515.0
28163.0 334861.0
28763.0 334214.0
29916.0 330124.0
37937.0 329494.0

21708.0 368779.0
21755.0 360424.0
22020.0 357420.0
22263.0 345279.0
22495.0 345138.0
23392.0 341989.0
23416.0 340968.0
23992.0 340120.0
24750.0 338044.0
24782.0 337935.0
25513.0 337473.0
27587.0 337261.0
28763.0 337126.0
29684.0 336566.0

21689.0 328298.0
22263.0 326220.0
24801.0 325318.0
25513.0 324215.0
27894.0 323599.0
30987.0 321003.0
31025.0 320559.0
31937.0 320496.0
34190.0 318916.0


