22263.0 439615.0
22461.0 438019.0
22495.0 431445.0
23550.0 428858.0
23992.0 424284.0
24201.0 423352.0
24592.0 422094.0
24913.0 421390.0
24937.0 420078.0
25513.0 415930.0
27062.0 415614.0
27913.0 415335.0
28441.0 414561.0
28763.0 411196.0
32934.0 410188.0
36108.0 409696.0
36184.0 409569.0
39434.0 409060.0

21821.0 455976.0
22020.0 452960.0
22263.0 437593.0
23019.0 436872.0
23550.0 435609.0
23992.0 434425.0
24131.0 434307.0
24150.0 433663.0
24176.0 428925.0
24516.0 428327.0
24750.0 427848.0
24801.0 426506.0
24820.0 423533.0
25192.0 422758.0
25513.0 416241.0
27894.0 415306.0
28763.0 415030.0
29684.0 413690.0
32934.0 412156.0

21821.0 455976.0
22020.0 452960.0
22263.0 437392.0
22495.0 426782.0
23880.0 426754.0
24016.0 421962.0
25010.0 419248.0
25513.0 416241.0
27894.0 415306.0
28763.0 415030.0
29684.0 413690.0
32934.0 412156.0

21661.0 445326.0
22146.0 436986.0
22263.0 428252.0
23899.0 425877.0
24016.0 420409.0
25010.0 419105.0
25437.0 418988.0
25513.0 416241.0
27487.0 415674.0
27894.0 415306.0
27913.0 415273.0
28763.0 414119.0
29684.0 411326.0

21821.0 455976.0
22020.0 452960.0
22263.0 437593.0
23019.0 436872.0
23550.0 435609.0
23880.0 435283.0
23916.0 433795.0
23950.0 432735.0
23992.0 430900.0
24176.0 428925.0
24201.0 425396.0
24820.0 423533.0
24913.0 423095.0
24937.0 423056.0
25192.0 422758.0
25513.0 415900.0
27894.0 415306.0
27913.0 414675.0
28187.0 413979.0
28687.0 413873.0
29684.0 413690.0
32934.0 412156.0

21821.0 455976.0
22020.0 451832.0
22263.0 432535.0
22699.0 431087.0
22950.0 430280.0
23294.0 430198.0
23331.0 428510.0
23880.0 423139.0
24516.0 421518.0
24750.0 416251.0
25513.0 411961.0
28187.0 411935.0
28763.0 411215.0
32013.0 410987.0

21821.0 455976.0
22020.0 452960.0
22263.0 428043.0
23280.0 426976.0
24176.0 424512.0
24654.0 422262.0
24750.0 419770.0
25437.0 419048.0
25513.0 416241.0
27894.0 415306.0
28763.0 415030.0
29684.0 413690.0
32934.0 412156.0

21821.0 455976.0
22020.0 452960.0
22263.0 433636.0
22495.0 432507.0
23601.0 429987.0
24016.0 427265.0
24201.0 425246.0
24785.0 423001.0
24801.0 419573.0
25437.0 419290.0
25513.0 415597.0
27894.0 415306.0
28763.0 415030.0
29684.0 413690.0
32934.0 412156.0

21821.0 455976.0
22020.0 452960.0
22263.0 428043.0
23280.0 426976.0
24176.0 424512.0
24654.0 422262.0
24750.0 419770.0
25437.0 419048.0
25513.0 416241.0
27894.0 415306.0
28763.0 415030.0
29684.0 413690.0
32934.0 412156.0

21638.0 445279.0
22263.0 437593.0
23019.0 436872.0
23316.0 432753.0
23817.0 430787.0
23899.0 426671.0
23950.0 422940.0
23992.0 420741.0
25437.0 418832.0
25513.0 414559.0
26643.0 414055.0
27266.0 412291.0
28187.0 411670.0
32934.0 411410.0

21821.0 455976.0
22020.0 430943.0
23550.0 430840.0
23950.0 424581.0
24176.0 419453.0
24651.0 417878.0
24731.0 416447.0
24801.0 405584.0
25513.0 404505.0
31861.0 400818.0
32934.0 399840.0
36184.0 398841.0
42532.0 397529.0


