18092.0 126168.0
18526.0 123335.0
18596.0 123294.0
18615.0 122074.0
19471.0 122050.0
19912.0 122010.0
20387.0 121970.0
21266.0 121969.0
21342.0 120979.0
21638.0 120957.0
21708.0 120715.0
24516.0 120696.0
24592.0 120656.0
24750.0 120497.0
24801.0 120436.0
25513.0 119955.0
27842.0 119918.0
27894.0 119884.0
28687.0 119825.0
28763.0 119534.0
31937.0 119513.0
32013.0 119424.0
32934.0 119329.0
35187.0 119190.0
36184.0 119027.0
39358.0 119005.0
39434.0 118803.0
40355.0 118754.0
42608.0 118587.0
43605.0 118460.0

18092.0 123063.0
18526.0 122653.0
18545.0 122547.0
18596.0 122260.0
18615.0 122191.0
19471.0 121999.0
20766.0 121992.0
20768.0 121937.0
21342.0 121024.0
21638.0 120962.0
24592.0 120922.0
24750.0 120836.0
25513.0 120614.0
28763.0 119933.0
36184.0 119488.0

18092.0 123063.0
18526.0 122653.0
18545.0 122513.0
18596.0 122260.0
18615.0 122191.0
19471.0 121960.0
19946.0 121953.0
20768.0 121937.0
21266.0 121910.0
21342.0 121024.0
21638.0 120962.0
21708.0 120887.0
24750.0 120836.0
25513.0 120614.0
28763.0 119933.0
36184.0 119488.0

18092.0 122958.0
18526.0 122157.0
18596.0 121801.0
20838.0 121697.0
21342.0 121024.0
21638.0 120962.0
24592.0 120922.0
24750.0 120836.0
25513.0 120555.0
28763.0 119933.0
36184.0 119488.0

18092.0 123063.0
18526.0 122653.0
18545.0 122235.0
18596.0 121868.0
19471.0 121782.0
19946.0 121613.0
20838.0 121577.0
21342.0 121024.0
21638.0 120962.0
24592.0 120922.0
24750.0 120836.0
25513.0 120614.0
28763.0 119933.0
36184.0 119488.0

18092.0 123063.0
18526.0 122653.0
18545.0 122513.0
18596.0 122191.0
18615.0 121978.0
19946.0 121971.0
20768.0 121937.0
21266.0 121928.0
21342.0 121024.0
21638.0 120962.0
21708.0 120693.0
24801.0 120692.0
24820.0 120639.0
25513.0 120348.0
28763.0 119933.0
31437.0 119920.0
32934.0 119619.0
36184.0 119488.0
38858.0 119373.0
40355.0 119259.0

18092.0 123063.0
18526.0 122653.0
18545.0 122547.0
18596.0 122260.0
18615.0 121978.0
19471.0 121954.0
19946.0 121947.0
20768.0 121937.0
21266.0 121904.0
21342.0 121024.0
21638.0 120962.0
24592.0 120922.0
24750.0 120836.0
25513.0 120582.0
28763.0 119933.0
36184.0 119488.0

18092.0 123063.0
18526.0 122653.0
18545.0 121484.0
19471.0 121466.0
19946.0 121442.0
21266.0 121417.0
21342.0 121024.0
21638.0 120962.0
21708.0 120878.0
24516.0 120863.0
24731.0 120817.0
24820.0 120777.0
25513.0 120355.0
28687.0 120249.0
28763.0 119933.0
32934.0 119684.0
36184.0 119179.0

18092.0 123063.0
18526.0 122487.0
18545.0 122167.0
18596.0 121688.0
19112.0 121653.0
19912.0 121583.0
19946.0 121552.0
21266.0 121551.0
21342.0 121024.0
21638.0 120962.0
21708.0 120779.0
23950.0 120743.0
24750.0 120630.0
24801.0 120553.0
25513.0 120218.0
27043.0 120181.0
28763.0 119604.0
30085.0 119603.0
32934.0 119558.0
36184.0 119203.0

18092.0 123063.0
18526.0 122653.0
18545.0 122547.0
18596.0 122260.0
18615.0 121897.0
19471.0 121873.0
21266.0 121830.0
21342.0 121024.0
21638.0 120962.0
21708.0 120669.0
24592.0 120632.0
25513.0 120459.0
28763.0 119723.0
32934.0 119640.0
36184.0 119488.0

18092.0 123063.0
18526.0 122653.0
18545.0 122513.0
18596.0 121837.0
21342.0 120618.0
21708.0 120529.0
24820.0 120516.0
25513.0 120217.0
28763.0 119377.0
32013.0 119215.0
36184.0 119108.0
43605.0 119053.0
49032.0 118709.0
53203.0 118621.0
56453.0 117689.0
57526.0 117038.0
63874.0 116916.0


