17396.0 55616.0
17492.0 46179.0
19587.0 43501.0
20438.0 42236.0

16290.0 45095.0
16745.0 43722.0
16816.0 41651.0
16956.0 41540.0
17516.0 41308.0
18016.0 41245.0
18092.0 40619.0
18545.0 40602.0
18596.0 40337.0
19912.0 40313.0
21266.0 40310.0
21342.0 40064.0
21708.0 39975.0
24516.0 39972.0
24592.0 39915.0
24820.0 39884.0
25513.0 39758.0
27894.0 39757.0
28763.0 39631.0
31937.0 39629.0
32013.0 39572.0
32934.0 39511.0
36184.0 39385.0
39434.0 39326.0

16023.0 46336.0
16290.0 45155.0
16494.0 43322.0
16515.0 41568.0
16990.0 41396.0
17095.0 41255.0
17171.0 40859.0
18092.0 40466.0
18545.0 40444.0
18596.0 40337.0
19912.0 40313.0
21266.0 40310.0
21342.0 40088.0
21708.0 39975.0
24516.0 39974.0
24592.0 39939.0
25513.0 39758.0
27894.0 39757.0
28687.0 39755.0
28763.0 39632.0
32013.0 39620.0
32934.0 39536.0
36184.0 39477.0
43605.0 39391.0
45858.0 39295.0

16023.0 46336.0
16290.0 45155.0
16494.0 43322.0
16515.0 41358.0
16595.0 41126.0
17095.0 41063.0
17171.0 40859.0
18092.0 40466.0
18545.0 40444.0
18596.0 40337.0
19912.0 40313.0
21266.0 40310.0
21342.0 40088.0
21708.0 39975.0
24516.0 39974.0
24592.0 39939.0
25513.0 39758.0
27894.0 39757.0
28687.0 39754.0
28763.0 39632.0
32013.0 39613.0
32934.0 39536.0
36184.0 39476.0
39434.0 39391.0
42608.0 39366.0
45858.0 39295.0

16023.0 42383.0
16156.0 41940.0
16515.0 41358.0
16595.0 41126.0
17095.0 41045.0
17171.0 40859.0
18092.0 40466.0
18545.0 40444.0
18596.0 40337.0
19912.0 40313.0
21266.0 40310.0
21342.0 40088.0
21657.0 40071.0
21708.0 39975.0
24516.0 39974.0
24592.0 39939.0
24820.0 39908.0
25513.0 39758.0
27894.0 39757.0
28687.0 39755.0
28763.0 39632.0
31937.0 39631.0
32013.0 39597.0
32934.0 39536.0
36184.0 39410.0
39358.0 39385.0
39434.0 39351.0
42608.0 39326.0
45858.0 39295.0

16023.0 46336.0
16290.0 45155.0
16494.0 43322.0
16515.0 41358.0
16595.0 41126.0
17095.0 41063.0
17171.0 40744.0
18092.0 40466.0
18545.0 40444.0
18596.0 40337.0
19912.0 40313.0
21266.0 40310.0
21342.0 40088.0
21708.0 39975.0
24516.0 39974.0
24592.0 39939.0
24820.0 39908.0
25513.0 39758.0
27894.0 39757.0
28687.0 39755.0
28763.0 39632.0
31937.0 39631.0
32013.0 39597.0
32934.0 39536.0
36184.0 39410.0
39434.0 39351.0
42608.0 39326.0
45858.0 39295.0

16023.0 44236.0
16290.0 43055.0
16515.0 41443.0
16595.0 41336.0
17095.0 41130.0
17171.0 40805.0
18092.0 40466.0
18545.0 40444.0
18596.0 40337.0
19912.0 40313.0
21266.0 40310.0
21342.0 40088.0
21708.0 39975.0
24516.0 39972.0
24592.0 39923.0
24820.0 39889.0
25513.0 39758.0
27894.0 39757.0
28687.0 39754.0
28763.0 39632.0
31937.0 39629.0
32013.0 39573.0
32934.0 39536.0
36184.0 39410.0
39358.0 39385.0
39434.0 39351.0
43605.0 39317.0
45858.0 39295.0

16023.0 46336.0
16156.0 43910.0
16494.0 43322.0
16515.0 41267.0
16595.0 41035.0
17095.0 40954.0
17171.0 40768.0
18092.0 40466.0
18545.0 40444.0
18596.0 40337.0
19912.0 40313.0
21266.0 40310.0
21342.0 40088.0
21708.0 39975.0
24516.0 39974.0
24592.0 39939.0
24820.0 39908.0
25513.0 39758.0
27894.0 39757.0
28687.0 39754.0
28763.0 39632.0
32013.0 39597.0
32934.0 39536.0
36184.0 39455.0
38858.0 39448.0
39434.0 39351.0
42608.0 39326.0
45858.0 39295.0

16023.0 43786.0
16156.0 42722.0
16515.0 41267.0
16595.0 41035.0
17095.0 40954.0
17171.0 40744.0
18092.0 40466.0
18545.0 40444.0
18596.0 40337.0
19912.0 40313.0
21266.0 40310.0
21342.0 40064.0
21708.0 39975.0
24516.0 39974.0
24592.0 39915.0
24820.0 39908.0
25513.0 39758.0
27894.0 39757.0
28687.0 39754.0
28763.0 39632.0
31937.0 39629.0
32013.0 39572.0
32934.0 39536.0
36184.0 39406.0
39434.0 39350.0
40355.0 39343.0
42608.0 39326.0
43605.0 39266.0

16023.0 46336.0
16290.0 45155.0
16494.0 43322.0
16515.0 41267.0
16595.0 41035.0
17095.0 40954.0
17171.0 40768.0
18092.0 40466.0
18545.0 40444.0
18596.0 40337.0
19912.0 40313.0
21266.0 40310.0
21342.0 40088.0
21708.0 39975.0
24516.0 39974.0
24592.0 39939.0
24820.0 39908.0
25513.0 39758.0
27894.0 39757.0
28687.0 39754.0
28763.0 39632.0
31937.0 39631.0
32013.0 39597.0
32934.0 39536.0
36108.0 39511.0
36184.0 39476.0
39358.0 39475.0
39434.0 39351.0
42608.0 39326.0
45858.0 39295.0

16023.0 42383.0
16156.0 41940.0
16515.0 41267.0
16595.0 41035.0
17095.0 40954.0
17171.0 40744.0
18092.0 40466.0
18545.0 40444.0
18596.0 40337.0
19912.0 40313.0
21266.0 40310.0
21342.0 40064.0
21708.0 39975.0
24516.0 39972.0
24592.0 39915.0
24820.0 39889.0
25513.0 39758.0
27894.0 39757.0
28687.0 39754.0
28763.0 39632.0
31937.0 39629.0
32013.0 39572.0
32934.0 39536.0
36108.0 39511.0
36184.0 39410.0
39434.0 39351.0
42608.0 39326.0
43605.0 39317.0
45858.0 39295.0

16023.0 46336.0
16156.0 43910.0
16494.0 43322.0
16515.0 41267.0
16595.0 41035.0
17095.0 40972.0
17171.0 40768.0
18092.0 40466.0
18545.0 40444.0
18596.0 40337.0
19912.0 40313.0
21266.0 40310.0
21342.0 40064.0
21708.0 39975.0
24516.0 39972.0
24592.0 39916.0
24820.0 39908.0
25513.0 39758.0
27894.0 39757.0
28687.0 39754.0
28763.0 39632.0
32013.0 39573.0
32934.0 39512.0
36184.0 39406.0
39434.0 39351.0
42608.0 39326.0
45858.0 39295.0
46855.0 39118.0


