22263.0 394040.0
22699.0 390388.0
23950.0 389998.0
24310.0 389098.0
24516.0 386946.0
24592.0 386032.0
24750.0 381083.0
24801.0 378661.0
24820.0 378231.0
25437.0 376296.0
25513.0 373787.0
27487.0 371019.0
27766.0 370266.0
27843.0 370251.0
27913.0 370052.0
28611.0 369857.0
28687.0 368716.0
28763.0 368202.0
31937.0 367455.0
32358.0 367279.0

21342.0 396823.0
21708.0 389909.0
22020.0 381704.0
22263.0 377061.0
23440.0 375112.0
24016.0 373420.0
25437.0 372733.0
25513.0 372266.0
28611.0 372239.0
29684.0 371787.0
30885.0 370948.0
31937.0 370614.0

21342.0 396823.0
21708.0 381992.0
22020.0 381704.0
22263.0 377061.0
23440.0 375112.0
24016.0 373420.0
24801.0 371705.0
27062.0 370030.0
31937.0 369726.0

21342.0 396823.0
21638.0 380050.0
21708.0 378897.0
22263.0 376857.0
22461.0 375476.0
23440.0 375112.0
24016.0 373420.0
24592.0 372784.0
24801.0 371808.0
25513.0 370215.0
27766.0 370075.0
31658.0 370037.0
31937.0 369772.0
32013.0 368891.0

21342.0 396823.0
21708.0 389909.0
22020.0 381704.0
22263.0 377061.0
23440.0 375112.0
24016.0 373420.0
24801.0 371565.0
27913.0 370076.0
28763.0 369972.0
29684.0 368006.0
32934.0 367941.0

21342.0 394686.0
21708.0 381565.0
21821.0 380887.0
22020.0 380680.0
22263.0 375656.0
23440.0 375112.0
23950.0 373431.0
24016.0 373420.0
24592.0 372601.0
24801.0 371221.0
25437.0 370142.0
27766.0 370075.0
28687.0 369952.0
31937.0 369772.0
32013.0 368891.0

21342.0 396823.0
21708.0 389909.0
22020.0 381704.0
22263.0 377061.0
23440.0 375112.0
24016.0 373420.0
25437.0 372733.0
25513.0 372266.0
27913.0 372264.0
28611.0 372239.0
28763.0 371218.0
29684.0 370159.0
31937.0 369726.0

21342.0 396823.0
21708.0 389909.0
22020.0 381704.0
22263.0 377061.0
23331.0 377037.0
23440.0 375112.0
23550.0 375090.0
24016.0 373420.0
25437.0 372733.0
25513.0 372223.0
27487.0 371511.0
28763.0 370121.0
31937.0 369726.0
33267.0 369371.0

21342.0 396823.0
21708.0 389909.0
22020.0 381704.0
22263.0 377061.0
23440.0 375112.0
24016.0 373420.0
25437.0 372733.0
25513.0 372266.0
27913.0 372264.0
28611.0 372239.0
28763.0 371218.0
29684.0 370159.0
31937.0 369726.0

21342.0 384921.0
21661.0 382562.0
21708.0 381463.0
22020.0 378837.0
22263.0 374869.0
23550.0 374441.0
24016.0 373420.0
24201.0 373399.0
24801.0 373173.0
25437.0 372705.0
25513.0 370399.0
28687.0 370232.0
29684.0 369376.0

21342.0 396823.0
21708.0 371688.0
22263.0 367573.0
24801.0 364333.0
25513.0 363499.0
27894.0 363485.0
27913.0 363357.0
31025.0 361485.0
32013.0 361083.0
34190.0 359401.0
41611.0 358061.0


