21342.0 348951.0
21708.0 346985.0
22263.0 346158.0
23595.0 345056.0
24201.0 344892.0
24237.0 343839.0
24592.0 343589.0
24801.0 337069.0
24937.0 335696.0
29684.0 335140.0
30737.0 334725.0
31006.0 334621.0
32013.0 334422.0
34099.0 333535.0

21708.0 350682.0
22263.0 341514.0
22427.0 341245.0
24785.0 339076.0
25513.0 336182.0
26992.0 335809.0
30155.0 335279.0
32934.0 334486.0

21708.0 350682.0
22263.0 341514.0
22427.0 341245.0
24080.0 341171.0
24651.0 339520.0
24785.0 339076.0
25513.0 336097.0
26992.0 335746.0
28485.0 334490.0
32934.0 333742.0

21638.0 341456.0
22263.0 341195.0
23950.0 340864.0
24750.0 340069.0
24785.0 339076.0
24820.0 338827.0
25010.0 338278.0
25513.0 336182.0
26992.0 335809.0
29755.0 335074.0
30155.0 334824.0
32334.0 333792.0
32934.0 333742.0
35608.0 333425.0

21708.0 349724.0
21761.0 349423.0
22263.0 340777.0
24201.0 338529.0
24592.0 338188.0
25437.0 337818.0
25513.0 336182.0
26992.0 335809.0
29684.0 335079.0
30155.0 334995.0
32934.0 333742.0

21638.0 341456.0
21689.0 341169.0
23316.0 340851.0
24731.0 340286.0
24750.0 339394.0
24785.0 339076.0
25010.0 338830.0
25513.0 336182.0
26992.0 335809.0
28687.0 335159.0
29684.0 333698.0
31937.0 333110.0

21708.0 350682.0
22263.0 341514.0
22427.0 341245.0
24080.0 341171.0
24785.0 339076.0
25513.0 336182.0
26992.0 335809.0
30155.0 335279.0
32934.0 334486.0

21638.0 341456.0
22263.0 341195.0
22936.0 339770.0
24750.0 339101.0
24785.0 339076.0
25513.0 336182.0
26992.0 335809.0
28163.0 335691.0
28485.0 334490.0
32934.0 333742.0

21708.0 349724.0
21761.0 349423.0
22263.0 341514.0
22427.0 341245.0
23416.0 341202.0
24016.0 340876.0
24592.0 340278.0
24750.0 338480.0
25451.0 338441.0
25513.0 336182.0
26992.0 335809.0
29684.0 335079.0
32934.0 334486.0

21638.0 342605.0
22263.0 341514.0
22427.0 341245.0
23992.0 340633.0
24750.0 340272.0
24785.0 339076.0
24913.0 338601.0
25513.0 336182.0
26992.0 335809.0
30155.0 335279.0
32934.0 334486.0
45003.0 334398.0

21708.0 350682.0
22263.0 339882.0
24516.0 336214.0
24617.0 335847.0
24801.0 325198.0
25513.0 325044.0
27690.0 323896.0
28687.0 322720.0
28763.0 322492.0
30940.0 320903.0
35111.0 318925.0
36108.0 318888.0


