17492.0 84557.0
18092.0 82221.0
18596.0 81912.0
18615.0 80887.0
19912.0 80847.0
20387.0 80823.0
21266.0 80817.0
21342.0 80317.0
21708.0 79950.0
24516.0 79944.0
24592.0 79855.0
24820.0 79840.0
25513.0 79697.0
27766.0 79696.0
27913.0 79644.0
28763.0 79263.0
31937.0 79260.0
32013.0 79169.0
36184.0 78821.0
39434.0 78785.0
40355.0 78719.0
43605.0 78539.0
46855.0 78416.0

17345.0 89558.0
17492.0 85198.0
17726.0 83785.0
18016.0 83666.0
18092.0 81481.0
18526.0 81295.0
18545.0 81273.0
18596.0 80801.0
19112.0 80777.0
20766.0 80762.0
21266.0 80663.0
21342.0 80381.0
21708.0 80292.0
24592.0 80255.0
25513.0 79782.0
27843.0 79731.0
28763.0 79705.0
31937.0 79673.0
32934.0 79459.0
36184.0 79363.0
39358.0 79360.0

17345.0 89558.0
17492.0 85198.0
17516.0 84621.0
17726.0 83785.0
18016.0 83666.0
18092.0 81312.0
18526.0 81295.0
18545.0 81273.0
18596.0 80801.0
19112.0 80777.0
20766.0 80762.0
21266.0 80663.0
21342.0 80381.0
21708.0 80014.0
24516.0 79971.0
24592.0 79896.0
24820.0 79845.0
25513.0 79782.0
27842.0 79766.0
27843.0 79731.0
28763.0 79328.0
32013.0 79269.0
42608.0 79209.0

17327.0 89328.0
17492.0 84079.0
17726.0 83704.0
18016.0 83585.0
18092.0 81312.0
18526.0 81295.0
18545.0 81273.0
18596.0 80801.0
19112.0 80777.0
20766.0 80762.0
21266.0 80663.0
21342.0 80381.0
21657.0 80366.0
21708.0 80277.0
24592.0 80110.0
24699.0 80093.0
24820.0 80030.0
25513.0 79782.0
27843.0 79731.0
28763.0 79401.0
31937.0 79358.0
32934.0 79310.0
36184.0 79058.0

17345.0 89558.0
17492.0 85198.0
17516.0 84621.0
17726.0 83785.0
18016.0 83666.0
18092.0 81312.0
18526.0 81295.0
18545.0 81273.0
18596.0 80801.0
19112.0 80777.0
20766.0 80762.0
21266.0 80663.0
21342.0 80381.0
21708.0 80226.0
24516.0 80223.0
24592.0 80110.0
24820.0 80030.0
25513.0 79782.0
27843.0 79731.0
28763.0 79543.0
32934.0 79294.0
36184.0 79215.0

16990.0 86263.0
17145.0 85888.0
17345.0 84872.0
17516.0 84621.0
17726.0 83785.0
18016.0 83666.0
18092.0 81312.0
18526.0 81295.0
18545.0 81273.0
18596.0 80801.0
19112.0 80777.0
20766.0 80762.0
21266.0 80663.0
21342.0 80381.0
21657.0 80368.0
21708.0 80283.0
24516.0 80258.0
24592.0 80102.0
24820.0 79864.0
25513.0 79782.0
27843.0 79731.0
28763.0 79677.0
31937.0 79673.0
32013.0 79562.0
32934.0 79459.0
36108.0 79429.0
36184.0 79252.0

17345.0 89558.0
17492.0 85198.0
17516.0 84621.0
17726.0 83785.0
18016.0 83666.0
18092.0 81312.0
18526.0 81295.0
18545.0 81273.0
18596.0 80801.0
19112.0 80777.0
20766.0 80762.0
21266.0 80663.0
21342.0 80381.0
21708.0 80230.0
24516.0 80226.0
24592.0 80110.0
24820.0 80030.0
25513.0 79758.0
27843.0 79731.0
28763.0 79452.0
32013.0 79392.0
36184.0 78972.0

17145.0 84853.0
17492.0 84353.0
17670.0 84272.0
17726.0 83704.0
18016.0 83666.0
18092.0 81312.0
18526.0 81295.0
18545.0 81273.0
18596.0 80801.0
19112.0 80777.0
20766.0 80762.0
21266.0 80663.0
21342.0 80316.0
21708.0 80104.0
24516.0 80101.0
24592.0 79897.0
24820.0 79749.0
25513.0 79706.0
28763.0 79464.0
32013.0 79357.0
36184.0 79231.0
46779.0 79083.0

17345.0 89558.0
17492.0 85198.0
17516.0 84621.0
17726.0 83785.0
18016.0 83666.0
18092.0 81312.0
18526.0 81295.0
18545.0 81273.0
18596.0 80801.0
19112.0 80777.0
20766.0 80762.0
21266.0 80663.0
21342.0 80381.0
21708.0 80292.0
24592.0 80110.0
24820.0 80030.0
25513.0 79758.0
27843.0 79731.0
28763.0 79705.0
31937.0 79673.0
32934.0 79459.0
35263.0 79422.0
36184.0 79323.0
39358.0 79303.0
42684.0 79293.0

16990.0 86102.0
17145.0 85244.0
17345.0 84872.0
17516.0 84621.0
17675.0 84325.0
17726.0 83785.0
18016.0 83666.0
18092.0 81172.0
18545.0 81150.0
18596.0 80690.0
19912.0 80666.0
21266.0 80663.0
21342.0 80275.0
21708.0 80194.0
24592.0 80012.0
24820.0 79864.0
25513.0 79758.0
27843.0 79731.0
28763.0 79413.0
32013.0 79375.0
35263.0 79371.0
36184.0 79005.0

17345.0 84872.0
17516.0 84621.0
17726.0 83785.0
18016.0 83666.0
18092.0 81308.0
18526.0 81295.0
18545.0 81248.0
18596.0 80690.0
19912.0 80666.0
21266.0 80663.0
21342.0 80291.0
21708.0 80079.0
24592.0 79935.0
25513.0 79575.0
28763.0 79262.0
36184.0 79121.0
43605.0 79020.0
45858.0 78631.0


