20827.0 377828.0
21821.0 360244.0
22020.0 358359.0
22263.0 353611.0
23316.0 345951.0
23416.0 342278.0
24820.0 340637.0
25437.0 340503.0
25513.0 335723.0
25926.0 334835.0
27792.0 334718.0
28000.0 333907.0
28687.0 331459.0
29285.0 331374.0
31006.0 331013.0
31361.0 329476.0

21708.0 348561.0
22263.0 340622.0
23531.0 339156.0
27641.0 339060.0
27842.0 339002.0
27894.0 338613.0
32934.0 337966.0
36184.0 337374.0

21708.0 348561.0
22263.0 340622.0
23531.0 339156.0
25513.0 338374.0
27190.0 337538.0
29755.0 336834.0

20766.0 358450.0
21266.0 356345.0
21342.0 350274.0
21689.0 346974.0
21708.0 343823.0
22263.0 340622.0
23531.0 339156.0
25513.0 338374.0
26666.0 337309.0
29755.0 336834.0
31658.0 336370.0
37337.0 335757.0

21708.0 340341.0
22136.0 340285.0
22263.0 339311.0
22461.0 339200.0
23531.0 339156.0
24801.0 339033.0
25437.0 337832.0
25513.0 337010.0
29684.0 336450.0
31937.0 335657.0

21108.0 354291.0
21689.0 347184.0
21708.0 345568.0
22263.0 340622.0
23531.0 339156.0
25513.0 338374.0
27190.0 337538.0
29755.0 336834.0

21708.0 348561.0
22263.0 340622.0
23531.0 339156.0
25513.0 338374.0
27190.0 337538.0
29755.0 336834.0

21342.0 341350.0
21708.0 338888.0
24801.0 337843.0
25513.0 336940.0
27913.0 336613.0
30861.0 334821.0
32013.0 334215.0

21657.0 347647.0
22263.0 340622.0
23531.0 339156.0
25485.0 337478.0
27266.0 337328.0
27842.0 337206.0
28763.0 336799.0
31937.0 336686.0
32934.0 336608.0
35263.0 335503.0

21638.0 354414.0
21708.0 348561.0
22263.0 340622.0
23531.0 339156.0
25513.0 338374.0
27190.0 337538.0
29755.0 336834.0
37937.0 336774.0

21689.0 345276.0
21708.0 330692.0
23519.0 330403.0
25513.0 326692.0
26769.0 325217.0
29684.0 323328.0
31025.0 322798.0
31861.0 322389.0
35111.0 320808.0


