18092.0 123588.0
18545.0 122609.0
18596.0 122495.0
19912.0 122471.0
19946.0 122140.0
21266.0 122139.0
21342.0 121594.0
21708.0 121224.0
24516.0 121223.0
24592.0 121066.0
24750.0 120744.0
24801.0 120527.0
25513.0 120472.0
27766.0 120389.0
27842.0 120175.0
27843.0 119975.0
28687.0 119915.0
28763.0 119564.0
31937.0 119528.0
32013.0 119444.0
32858.0 119343.0
35187.0 119268.0
35263.0 119207.0
36108.0 119126.0
36184.0 119026.0
39358.0 118840.0
39434.0 118753.0

18092.0 127114.0
18513.0 126109.0
18545.0 124664.0
18615.0 121868.0
19912.0 121828.0
21342.0 121181.0
21638.0 121104.0
21689.0 121103.0
21708.0 120952.0
24801.0 120928.0
25513.0 120568.0
27843.0 120563.0
28763.0 120064.0
31437.0 120023.0
32934.0 119829.0
36184.0 119551.0

18092.0 127114.0
18513.0 126109.0
18545.0 124664.0
18596.0 124188.0
18615.0 121868.0
19912.0 121828.0
21342.0 121156.0
21638.0 121046.0
21708.0 120952.0
24801.0 120794.0
25513.0 120500.0
28763.0 119984.0
32934.0 119773.0
36184.0 119408.0

18092.0 127114.0
18513.0 126109.0
18545.0 124664.0
18615.0 121756.0
19912.0 121587.0
21342.0 121006.0
21689.0 121005.0
21708.0 120906.0
24592.0 120847.0
24801.0 120750.0
25513.0 120259.0
28687.0 120182.0
28763.0 119852.0
32013.0 119848.0
32934.0 119822.0
36184.0 119551.0

18092.0 127114.0
18513.0 126109.0
18545.0 124366.0
18596.0 122567.0
18615.0 121412.0
19912.0 121404.0
19946.0 121364.0
21342.0 120735.0
21708.0 120620.0
24592.0 120544.0
24750.0 120508.0
24801.0 120385.0
25513.0 120144.0
28763.0 119751.0
32013.0 119686.0
35187.0 119634.0
36184.0 119401.0
42032.0 119288.0

18092.0 125196.0
18513.0 123334.0
18615.0 121651.0
19912.0 121587.0
21342.0 120979.0
21708.0 120760.0
24592.0 120577.0
24801.0 120535.0
25513.0 120211.0
28687.0 120175.0
28763.0 119752.0
36184.0 119551.0

18092.0 126844.0
18513.0 126109.0
18545.0 124664.0
18615.0 121483.0
19912.0 121369.0
20387.0 121258.0
21342.0 120728.0
21708.0 120515.0
24592.0 120429.0
25513.0 119802.0
28763.0 119530.0
32934.0 119517.0

18092.0 126882.0
18513.0 126109.0
18545.0 124664.0
18615.0 121483.0
19587.0 121409.0
19912.0 121369.0
20387.0 121258.0
21342.0 120728.0
21708.0 120515.0
24592.0 120429.0
24750.0 120367.0
25513.0 119802.0
28763.0 119530.0
32934.0 119517.0

18092.0 126844.0
18513.0 126109.0
18545.0 124664.0
18596.0 122461.0
18615.0 121306.0
19946.0 121276.0
20387.0 121258.0
21342.0 120728.0
21657.0 120583.0
21708.0 120515.0
24592.0 120429.0
25513.0 119802.0
28763.0 119530.0
32934.0 119517.0
36184.0 119491.0
39434.0 119064.0

18092.0 126844.0
18513.0 126109.0
18545.0 124664.0
18615.0 121483.0
19912.0 121369.0
20387.0 121258.0
21342.0 120728.0
21708.0 120515.0
24592.0 120428.0
25513.0 119781.0
27843.0 119770.0
28763.0 119471.0

18092.0 125389.0
18545.0 122536.0
18596.0 122312.0
18615.0 121418.0
19587.0 121409.0
19912.0 121363.0
20387.0 121258.0
21342.0 121063.0
21689.0 121045.0
21708.0 120834.0
24592.0 120701.0
24820.0 120651.0
25513.0 119805.0
27913.0 119464.0
28763.0 119119.0
39434.0 118862.0


