16870.0 88094.0
17095.0 85485.0
17516.0 84990.0
17745.0 84704.0
18092.0 81816.0
18545.0 81718.0
18596.0 81092.0
19912.0 81068.0
21266.0 81049.0
21342.0 80682.0
21708.0 80151.0
23950.0 80150.0
24016.0 80143.0
24516.0 80080.0
24592.0 79954.0
24801.0 79953.0
27766.0 79894.0
28763.0 79464.0
31937.0 79440.0
35187.0 79404.0
36184.0 79195.0

17996.0 89801.0
18092.0 81819.0
18545.0 81561.0
18596.0 81266.0
18615.0 81253.0
19912.0 81191.0
21266.0 81170.0
21342.0 80836.0
21708.0 80809.0
22263.0 80685.0
24592.0 80607.0
24750.0 80594.0
24801.0 80556.0
25513.0 80342.0
29684.0 80107.0
37105.0 80014.0

17996.0 89801.0
18092.0 81819.0
18545.0 81561.0
18596.0 81266.0
18615.0 81253.0
19912.0 81191.0
21266.0 81170.0
21342.0 80836.0
21708.0 80809.0
22263.0 80685.0
24592.0 80607.0
24750.0 80594.0
24801.0 80556.0
25513.0 80342.0
28763.0 80238.0
29684.0 80107.0
32934.0 79963.0
36108.0 79962.0
40355.0 79918.0

17996.0 89801.0
18016.0 84217.0
18092.0 81542.0
18545.0 81520.0
18596.0 81008.0
19912.0 80984.0
21266.0 80981.0
21342.0 80778.0
21708.0 80616.0
22263.0 80607.0
24750.0 80594.0
24801.0 80395.0
25513.0 79768.0
28763.0 79605.0
36184.0 79372.0

17996.0 89801.0
18092.0 81498.0
18545.0 81400.0
18596.0 81177.0
19247.0 81113.0
19912.0 80927.0
21266.0 80894.0
21342.0 80655.0
21708.0 80538.0
24801.0 80449.0
25513.0 79968.0
28763.0 79727.0
36184.0 79684.0

17996.0 89801.0
18016.0 87699.0
18092.0 81715.0
18545.0 81561.0
18596.0 81266.0
18615.0 81253.0
19912.0 81191.0
21266.0 81170.0
21342.0 80831.0
21657.0 80809.0
21708.0 80742.0
22263.0 80683.0
24592.0 80607.0
24750.0 80594.0
24801.0 80505.0
25513.0 80181.0
28763.0 80114.0
29684.0 80107.0
32934.0 79887.0
36108.0 79886.0

17996.0 89801.0
18092.0 81819.0
18545.0 81561.0
18596.0 81266.0
18615.0 81253.0
19912.0 81191.0
21266.0 81170.0
21342.0 80836.0
21708.0 80809.0
22263.0 80685.0
24592.0 80607.0
24750.0 80594.0
24801.0 80556.0
25513.0 80291.0
28187.0 80243.0
28763.0 80238.0
29684.0 80107.0
32934.0 79887.0

17996.0 89801.0
18092.0 81633.0
18545.0 81557.0
18596.0 81125.0
19912.0 81101.0
21266.0 81058.0
21342.0 80467.0
21708.0 80266.0
24801.0 80123.0
25513.0 79990.0
28763.0 79727.0
36184.0 79371.0

17996.0 89801.0
18092.0 81406.0
18545.0 81400.0
18596.0 81008.0
19912.0 80927.0
21342.0 80564.0
21708.0 80323.0
25513.0 79768.0
28763.0 79672.0
32934.0 79613.0
36184.0 79505.0

17996.0 89801.0
18016.0 87699.0
18092.0 81715.0
18545.0 81561.0
18596.0 81266.0
18615.0 81253.0
19912.0 81191.0
21266.0 81170.0
21342.0 80836.0
21657.0 80809.0
21708.0 80742.0
22263.0 80683.0
24592.0 80607.0
24750.0 80434.0
24801.0 80314.0
25513.0 80291.0
28187.0 80181.0
28763.0 80077.0
32934.0 79879.0
43029.0 79738.0

17996.0 89801.0
18092.0 81417.0
18545.0 81392.0
18596.0 80937.0
19912.0 80897.0
21266.0 80894.0
21342.0 80663.0
21708.0 80200.0
24592.0 80164.0
25513.0 79786.0
28763.0 79543.0
32934.0 79393.0
36184.0 79194.0
43605.0 78512.0
46855.0 78210.0
56453.0 78167.0
57526.0 77984.0
63874.0 77944.0


