20742.0 270939.0
21342.0 262412.0
21412.0 260105.0
21657.0 254209.0
21708.0 252129.0
22263.0 251922.0
22495.0 250953.0
23550.0 249904.0
24820.0 248766.0
25010.0 248459.0
28763.0 248301.0
32934.0 248208.0
34118.0 247517.0
35960.0 247455.0

21342.0 272527.0
21708.0 262929.0
21755.0 261675.0
21795.0 256209.0
23950.0 255855.0
24201.0 254664.0
24237.0 252795.0
24516.0 252734.0
24801.0 252428.0
24820.0 252036.0
24937.0 251652.0
25513.0 251480.0
27766.0 250041.0
28763.0 249106.0

20857.0 265221.0
21342.0 257549.0
21708.0 256284.0
21795.0 255151.0
22263.0 251738.0
23950.0 251300.0
24516.0 250034.0
24937.0 249041.0
27766.0 248958.0
32334.0 248253.0

21266.0 265411.0
21342.0 257549.0
21795.0 255151.0
22263.0 254826.0
23099.0 252415.0
23331.0 252065.0
24820.0 251932.0
24937.0 249797.0
25513.0 249304.0
28763.0 249106.0
29684.0 247840.0

21108.0 265538.0
21342.0 257549.0
21795.0 255151.0
22263.0 254826.0
22495.0 253899.0
22970.0 253085.0
23099.0 252277.0
23331.0 252065.0
24176.0 251645.0
24592.0 249523.0
24937.0 248172.0
25513.0 247847.0
31937.0 247446.0

21266.0 265411.0
21342.0 258016.0
21708.0 256711.0
21795.0 255151.0
22263.0 253157.0
23440.0 251561.0
23550.0 251183.0
23950.0 250040.0
25513.0 248652.0
27913.0 248474.0
28687.0 248396.0
28763.0 246961.0
29684.0 246011.0

21108.0 265538.0
21708.0 262929.0
21755.0 261675.0
21795.0 256209.0
23950.0 255855.0
24201.0 254664.0
24237.0 252795.0
24516.0 252734.0
24801.0 252428.0
24820.0 252036.0
24937.0 251652.0
25513.0 250940.0
27525.0 250428.0
27766.0 250041.0
28763.0 249106.0

21108.0 259211.0
21342.0 253837.0
22263.0 253797.0
22461.0 253295.0
23992.0 252805.0
24237.0 252795.0
24516.0 250920.0
24617.0 250639.0
25513.0 249312.0
28687.0 248059.0

21038.0 259561.0
21638.0 257209.0
21661.0 255392.0
22020.0 254900.0
22263.0 254822.0
22461.0 252702.0
23280.0 252633.0
23550.0 251656.0
24516.0 251615.0
24592.0 251502.0
24801.0 251477.0
24913.0 249883.0
26192.0 249801.0
27487.0 249620.0
28763.0 249106.0

21108.0 265092.0
21342.0 258139.0
21708.0 257634.0
21795.0 256209.0
22211.0 256188.0
22263.0 255461.0
22480.0 255129.0
22495.0 253531.0
23331.0 252748.0
24131.0 252462.0
24516.0 251057.0
25513.0 248485.0

21266.0 260632.0
21661.0 256297.0
21689.0 254139.0
21708.0 247248.0
24801.0 244231.0
27690.0 243013.0
27913.0 242894.0
31006.0 241539.0
31016.0 241192.0
31025.0 241082.0
31861.0 240811.0
34190.0 239681.0


