21342.0 387922.0
21689.0 386272.0
21708.0 380584.0
23940.0 380525.0
23992.0 379484.0
24440.0 379151.0
24750.0 378500.0
24801.0 376989.0
25513.0 370507.0
28763.0 368397.0
32934.0 368325.0
35608.0 367280.0
36184.0 364891.0

21708.0 405929.0
21821.0 395654.0
22495.0 388515.0
22950.0 384754.0
23950.0 381136.0
23992.0 378273.0
24592.0 376272.0
24651.0 376097.0
24750.0 373608.0
25451.0 373331.0
25513.0 372984.0
28763.0 372620.0
32934.0 372580.0

21708.0 382826.0
22495.0 381945.0
23316.0 380480.0
23550.0 379127.0
23950.0 377812.0
23992.0 377043.0
24592.0 372284.0
24820.0 371126.0
25513.0 370297.0
28187.0 369886.0
34611.0 369587.0
38858.0 368942.0

21689.0 379855.0
21708.0 375317.0
24592.0 374156.0
24750.0 373909.0
24801.0 372347.0
24820.0 372238.0
25513.0 371159.0
27894.0 369872.0
28763.0 369320.0

21089.0 405146.0
21657.0 400299.0
21661.0 384885.0
21708.0 383828.0
22495.0 382923.0
22620.0 382168.0
23316.0 381224.0
23416.0 380352.0
23499.0 378440.0
23992.0 376624.0
24016.0 376456.0
24592.0 374370.0
24750.0 373764.0
25437.0 372951.0
25451.0 372619.0
25513.0 370915.0
28000.0 370824.0
28763.0 370511.0
30406.0 370489.0
32934.0 370259.0

21342.0 387539.0
21657.0 384830.0
21708.0 381076.0
22495.0 379096.0
22716.0 378112.0
23316.0 377214.0
23992.0 376527.0
24016.0 375159.0
24592.0 373391.0
24750.0 373254.0
25513.0 370977.0
26566.0 370790.0
32013.0 370647.0
35187.0 370392.0

21708.0 405929.0
21821.0 395654.0
22495.0 383667.0
23950.0 381136.0
23992.0 378273.0
24592.0 375854.0
24750.0 373608.0
25451.0 373331.0
25513.0 372984.0
28763.0 372620.0
32934.0 372580.0

21708.0 405929.0
21821.0 395654.0
22020.0 385575.0
22495.0 379530.0
23950.0 377539.0
23992.0 376751.0
24201.0 375453.0
24592.0 373521.0
24820.0 372796.0
25513.0 371837.0
32934.0 371208.0
35608.0 371146.0

21108.0 389854.0
21342.0 384357.0
22020.0 379560.0
23392.0 378943.0
23950.0 378096.0
24016.0 377000.0
24592.0 373280.0
25513.0 370185.0
28763.0 369925.0

21108.0 389854.0
21342.0 384357.0
22020.0 379560.0
22716.0 378825.0
23916.0 378161.0
23950.0 378096.0
23992.0 377885.0
24016.0 377000.0
24592.0 373280.0
25437.0 372799.0
25513.0 370665.0
29684.0 370582.0
32934.0 370539.0

21364.0 393171.0
21689.0 375078.0
21708.0 368810.0
22263.0 368479.0
24592.0 367844.0
24801.0 366172.0
25513.0 364583.0
28687.0 362641.0
31006.0 361811.0
31025.0 360682.0
34190.0 358868.0
41611.0 358635.0


