21708.0 443602.0
22263.0 434225.0
22461.0 431381.0
22495.0 427635.0
23416.0 425436.0
24016.0 424624.0
24094.0 424148.0
24201.0 423556.0
24516.0 421253.0
24801.0 419851.0
25417.0 418701.0
25513.0 416862.0
27043.0 415253.0
27487.0 414647.0
28187.0 414638.0
28285.0 413424.0
28687.0 412116.0
28763.0 411255.0
29684.0 411126.0
30936.0 410429.0
31437.0 410141.0
35608.0 409822.0
36184.0 409760.0

22461.0 429622.0
23550.0 427021.0
24516.0 425080.0
24731.0 423643.0
24750.0 422846.0
24801.0 422630.0
25437.0 420725.0
25513.0 414708.0
28763.0 412687.0
36184.0 411628.0
39358.0 411560.0

22263.0 433851.0
22461.0 429622.0
23531.0 427311.0
23550.0 427021.0
23931.0 426513.0
23950.0 426484.0
24176.0 420883.0
24731.0 418648.0
24820.0 418328.0
25010.0 417138.0
25437.0 417136.0
25513.0 414708.0
28763.0 412687.0
36108.0 412537.0
36184.0 411628.0
39358.0 411560.0

21708.0 436462.0
22263.0 425231.0
23940.0 423492.0
24176.0 420883.0
24516.0 419990.0
24731.0 418162.0
24820.0 418031.0
25010.0 417138.0
25451.0 416918.0
25513.0 414659.0
27166.0 414378.0
27766.0 413133.0
28763.0 412614.0
30085.0 412089.0
36184.0 411628.0
39358.0 411560.0

21661.0 436927.0
21708.0 436462.0
22263.0 430331.0
22461.0 426731.0
22495.0 422704.0
23080.0 421677.0
24176.0 420883.0
24516.0 418215.0
24820.0 417773.0
25010.0 417138.0
25513.0 414659.0
28763.0 412687.0
36108.0 412537.0
36184.0 411628.0
39358.0 411560.0

21661.0 436927.0
21708.0 436462.0
22236.0 434618.0
22263.0 430511.0
22461.0 426731.0
23550.0 426552.0
24201.0 424544.0
24516.0 424422.0
24731.0 421703.0
24937.0 419923.0
25513.0 414659.0
28687.0 414475.0
28763.0 412687.0
36108.0 412161.0
36184.0 411628.0
39358.0 411560.0

21708.0 446862.0
22263.0 433913.0
22461.0 429622.0
23416.0 424438.0
23788.0 423704.0
23992.0 422323.0
24016.0 421502.0
24128.0 420797.0
24131.0 417748.0
24150.0 417522.0
24731.0 416620.0
25010.0 415777.0
25513.0 414371.0
28163.0 413945.0
28763.0 412687.0
36184.0 411628.0
39358.0 411560.0

22020.0 445711.0
22461.0 429622.0
22740.0 423451.0
23992.0 422323.0
24016.0 421428.0
24128.0 420797.0
24131.0 417748.0
24150.0 417522.0
24731.0 416620.0
25010.0 415777.0
25513.0 414371.0
27894.0 414133.0
28163.0 413945.0
28763.0 412687.0
29684.0 412604.0
32934.0 412516.0
34908.0 412371.0
36108.0 412161.0
36184.0 411628.0
39358.0 411560.0

22461.0 429622.0
23416.0 424438.0
23788.0 423704.0
23992.0 422323.0
24016.0 421502.0
24128.0 420797.0
24131.0 417748.0
24150.0 417522.0
24731.0 416620.0
25010.0 415777.0
25513.0 414371.0
28163.0 413945.0
28763.0 412687.0
36184.0 411628.0
39358.0 411560.0

22020.0 434623.0
22461.0 428221.0
23550.0 427021.0
24516.0 425080.0
24651.0 423882.0
24731.0 420681.0
24801.0 420242.0
24976.0 419629.0
25513.0 414200.0
28763.0 412687.0
30085.0 412089.0
36108.0 411678.0
36184.0 411628.0
39358.0 411560.0

22263.0 411229.0
24801.0 405767.0
30987.0 402766.0
31025.0 401434.0
34190.0 400410.0
35263.0 400078.0


