21266.0 311107.0
21342.0 308592.0
21708.0 298555.0
21755.0 297644.0
23992.0 297261.0
24016.0 296374.0
24516.0 293720.0
24592.0 293531.0
24801.0 293034.0
25451.0 291696.0
25513.0 290509.0
28763.0 288418.0
29684.0 287202.0
35608.0 285887.0

21364.0 306965.0
21708.0 304456.0
22263.0 299005.0
23550.0 298524.0
23992.0 296821.0
24016.0 296803.0
24237.0 295884.0
24516.0 295521.0
24699.0 295361.0
25513.0 293226.0
27043.0 292889.0
28763.0 292728.0
29684.0 291969.0
32934.0 290915.0

21364.0 306965.0
21708.0 303840.0
21755.0 300609.0
22263.0 299005.0
23550.0 298524.0
23916.0 297869.0
23992.0 296821.0
24016.0 295097.0
24516.0 293941.0
24801.0 293747.0
25513.0 293121.0
27043.0 292577.0
27913.0 292335.0
28763.0 292266.0
29684.0 291969.0
32934.0 290915.0

21364.0 306965.0
21708.0 299524.0
22263.0 299005.0
23550.0 298524.0
23992.0 296790.0
24016.0 296697.0
24237.0 295822.0
24516.0 293941.0
24801.0 293747.0
25513.0 293097.0
27043.0 292889.0
28187.0 292725.0
28763.0 292198.0
29684.0 291969.0
32934.0 290915.0
41508.0 290787.0

21364.0 306965.0
21708.0 303840.0
21755.0 300609.0
22263.0 299005.0
23550.0 298524.0
23940.0 297863.0
23951.0 296359.0
24016.0 294756.0
24516.0 293941.0
24801.0 293747.0
25513.0 293094.0
27043.0 292889.0
28163.0 292700.0
28763.0 289823.0

21364.0 304872.0
21708.0 303840.0
22263.0 298827.0
22495.0 298367.0
23950.0 298198.0
23992.0 296821.0
24016.0 295947.0
24237.0 295613.0
24516.0 294455.0
24801.0 293817.0
25513.0 293226.0
27043.0 292889.0
28000.0 292245.0
29684.0 291969.0
30990.0 291676.0
32934.0 290689.0

21364.0 306965.0
21708.0 304456.0
22263.0 299005.0
23550.0 298524.0
23769.0 298467.0
23992.0 296821.0
24016.0 296803.0
24237.0 295884.0
24516.0 295521.0
24699.0 295361.0
25513.0 293226.0
27043.0 292889.0
28763.0 292728.0
29684.0 291969.0
32934.0 290915.0

20838.0 310833.0
21342.0 306761.0
21689.0 305803.0
21708.0 301354.0
21795.0 300516.0
22146.0 299225.0
22263.0 299005.0
23550.0 298524.0
23992.0 296821.0
24016.0 296803.0
24237.0 295544.0
24516.0 295312.0
24699.0 295230.0
25513.0 293226.0
27043.0 292889.0
27266.0 290979.0
32934.0 290909.0

21364.0 306965.0
21708.0 304456.0
22263.0 299005.0
23550.0 298524.0
23992.0 296821.0
24016.0 296803.0
24237.0 295884.0
24516.0 295521.0
24699.0 295361.0
25513.0 293226.0
27043.0 292889.0
28763.0 292728.0
29684.0 291969.0
32934.0 290915.0

21364.0 304531.0
21708.0 304406.0
22263.0 299005.0
23499.0 298837.0
23550.0 298524.0
23992.0 296821.0
24016.0 296803.0
24237.0 295675.0
24516.0 295521.0
24699.0 295361.0
25513.0 293176.0
27043.0 292889.0
28763.0 292728.0
29684.0 291969.0
32934.0 290915.0

20955.0 307800.0
21342.0 305226.0
21638.0 302089.0
21708.0 286902.0
23519.0 284500.0
27894.0 282747.0
29684.0 282148.0
30940.0 281914.0
31025.0 281388.0
31861.0 281257.0
34190.0 280650.0
35111.0 279905.0
41611.0 278860.0


