21708.0 422606.0
22263.0 415131.0
24592.0 414893.0
25513.0 412393.0
26490.0 411614.0
28187.0 411600.0
28687.0 411166.0
28763.0 409764.0
29684.0 409363.0
30161.0 408656.0
32934.0 408373.0
37582.0 408357.0

21708.0 446359.0
21795.0 441065.0
22020.0 436825.0
22263.0 431397.0
23316.0 429682.0
23416.0 427768.0
24516.0 422315.0
24801.0 422022.0
24820.0 419047.0
25513.0 415805.0
26592.0 414744.0
27913.0 413781.0
28763.0 413517.0
31937.0 413467.0
32358.0 413014.0
32934.0 411752.0

21342.0 446386.0
21613.0 441693.0
21661.0 440627.0
22020.0 436825.0
22263.0 427633.0
24516.0 422315.0
24801.0 421719.0
24820.0 419047.0
25513.0 415181.0
26592.0 414744.0
26643.0 414245.0
27913.0 413626.0
28163.0 413617.0
28763.0 412613.0
29285.0 412587.0
30136.0 412554.0
30737.0 412548.0
31937.0 412257.0
32934.0 411449.0
35608.0 411125.0

21108.0 445786.0
21342.0 441138.0
21708.0 434442.0
21755.0 433762.0
22263.0 427633.0
23931.0 425207.0
24016.0 421848.0
24750.0 420363.0
24820.0 419047.0
25513.0 414324.0
26643.0 414245.0
27043.0 411948.0
32358.0 411263.0
32858.0 410969.0
39779.0 410473.0

21342.0 436940.0
22020.0 436825.0
22263.0 431397.0
22461.0 424226.0
23595.0 421726.0
24516.0 420569.0
24820.0 419047.0
25513.0 415181.0
26592.0 414744.0
26643.0 414245.0
27043.0 413648.0
27913.0 413626.0
28163.0 413617.0
28763.0 412410.0
29285.0 412263.0
30737.0 411827.0
32934.0 411449.0
35608.0 410518.0

21342.0 436767.0
22263.0 427633.0
23951.0 427591.0
24237.0 424428.0
24516.0 422315.0
24592.0 422021.0
24750.0 421175.0
24820.0 419047.0
24937.0 418407.0
25437.0 418059.0
25513.0 415181.0
26592.0 414744.0
26643.0 414245.0
27043.0 413648.0
27913.0 413626.0
28163.0 413617.0
28763.0 412410.0
29285.0 412263.0
32013.0 412115.0
32934.0 411449.0
36184.0 411389.0
43029.0 409090.0
50450.0 409059.0

21708.0 446359.0
21795.0 441065.0
22020.0 436825.0
22263.0 431397.0
23316.0 429682.0
23416.0 427768.0
24516.0 422315.0
24750.0 420924.0
24820.0 419047.0
25513.0 414454.0
26269.0 414289.0
27043.0 413648.0
28763.0 412410.0
29285.0 412263.0
32013.0 412115.0
32934.0 411574.0
46855.0 411506.0

21708.0 446359.0
21795.0 441065.0
22020.0 436825.0
22263.0 427954.0
23240.0 426838.0
23931.0 426453.0
24516.0 422315.0
24750.0 420924.0
24820.0 419047.0
25513.0 414454.0
26269.0 414289.0
27043.0 413648.0
28763.0 412410.0
29285.0 412263.0
32013.0 412115.0
32934.0 411574.0
46855.0 411506.0

21708.0 446359.0
21795.0 441065.0
22020.0 436825.0
22263.0 431397.0
23316.0 429682.0
23416.0 427768.0
24516.0 422315.0
24750.0 420924.0
24820.0 419047.0
25513.0 414454.0
26269.0 414289.0
27043.0 413648.0
28763.0 412410.0
29285.0 412263.0
32013.0 412115.0
32934.0 411574.0
46855.0 411506.0

21708.0 446359.0
21795.0 441065.0
22020.0 436351.0
22263.0 431397.0
23316.0 429682.0
23416.0 427768.0
24516.0 422315.0
24750.0 420924.0
24820.0 419047.0
25513.0 414454.0
26269.0 414289.0
27913.0 413781.0
28763.0 413517.0
31937.0 413467.0
32013.0 412404.0
32358.0 412141.0
32934.0 411752.0
36184.0 411389.0

21708.0 446359.0
21795.0 441065.0
22020.0 436825.0
22263.0 431397.0
23316.0 429682.0
23416.0 427768.0
23950.0 424401.0
24016.0 424218.0
24516.0 422315.0
24592.0 419543.0
24782.0 410306.0
24801.0 405711.0
31025.0 401776.0
31937.0 400837.0
35187.0 398988.0


