16816.0 41687.0
16956.0 41576.0
16990.0 41423.0
17516.0 41191.0
18016.0 41110.0
18092.0 40606.0
18545.0 40584.0
18596.0 40337.0
19912.0 40313.0
21266.0 40310.0
21342.0 40064.0
21708.0 39975.0
24516.0 39972.0
24592.0 39915.0
24820.0 39865.0
25513.0 39758.0
28763.0 39631.0
31937.0 39629.0
32013.0 39572.0
35187.0 39569.0
35263.0 39537.0
36184.0 39386.0
39434.0 39326.0
42684.0 39291.0
43605.0 39153.0
46855.0 39093.0
50105.0 39058.0

16023.0 44195.0
16122.0 43914.0
16515.0 41334.0
16595.0 41102.0
17095.0 41039.0
17171.0 40921.0
18092.0 40466.0
18545.0 40444.0
18596.0 40337.0
19912.0 40313.0
21266.0 40310.0
21342.0 40104.0
21657.0 40082.0
21708.0 39975.0
24516.0 39974.0
24592.0 39934.0
24820.0 39884.0
25513.0 39758.0
28763.0 39632.0
31937.0 39630.0
32013.0 39573.0
36184.0 39550.0
43605.0 39306.0

16023.0 44195.0
16122.0 43914.0
16515.0 41334.0
16595.0 41102.0
17095.0 41039.0
17171.0 40921.0
18092.0 40466.0
18545.0 40444.0
18596.0 40337.0
19912.0 40313.0
21266.0 40310.0
21342.0 40104.0
21657.0 40082.0
21708.0 39975.0
24516.0 39974.0
24592.0 39916.0
24820.0 39884.0
25513.0 39758.0
28763.0 39632.0
31937.0 39630.0
32013.0 39573.0
36184.0 39504.0
39434.0 39428.0
43605.0 39306.0

16023.0 42399.0
16156.0 42118.0
16515.0 41334.0
16595.0 41102.0
17095.0 41021.0
17171.0 40744.0
18092.0 40466.0
18545.0 40444.0
18596.0 40337.0
19912.0 40313.0
21266.0 40310.0
21342.0 40064.0
21708.0 39975.0
24516.0 39974.0
24592.0 39916.0
24820.0 39884.0
25513.0 39758.0
28763.0 39632.0
31937.0 39630.0
32013.0 39573.0
35263.0 39555.0
36184.0 39504.0
39434.0 39428.0
43605.0 39306.0
46779.0 39263.0

16023.0 44195.0
16122.0 43914.0
16515.0 41267.0
16595.0 41035.0
17095.0 40954.0
17171.0 40768.0
18092.0 40466.0
18545.0 40444.0
18596.0 40337.0
19912.0 40313.0
21266.0 40310.0
21342.0 40064.0
21708.0 39975.0
24516.0 39974.0
24592.0 39916.0
24820.0 39865.0
25513.0 39758.0
28763.0 39632.0
31937.0 39630.0
32013.0 39573.0
36184.0 39504.0
39434.0 39428.0
43605.0 39306.0

16023.0 44195.0
16122.0 43914.0
16515.0 41334.0
16595.0 41102.0
17095.0 41039.0
17171.0 40921.0
18092.0 40466.0
18545.0 40444.0
18596.0 40337.0
19912.0 40313.0
21266.0 40310.0
21342.0 40064.0
21708.0 39975.0
24516.0 39974.0
24592.0 39916.0
24820.0 39884.0
25513.0 39758.0
28763.0 39632.0
31937.0 39630.0
32013.0 39573.0
36184.0 39423.0
39358.0 39420.0
43605.0 39306.0
46779.0 39263.0

16023.0 44195.0
16122.0 43914.0
16515.0 41334.0
16595.0 41102.0
17095.0 41039.0
17171.0 40921.0
18092.0 40466.0
18545.0 40444.0
18596.0 40337.0
19912.0 40313.0
21266.0 40310.0
21342.0 40088.0
21657.0 40082.0
21708.0 39975.0
24516.0 39974.0
24592.0 39916.0
24820.0 39884.0
25513.0 39758.0
28763.0 39632.0
31937.0 39630.0
32013.0 39573.0
36184.0 39550.0
43605.0 39306.0

16023.0 43772.0
16156.0 43491.0
16515.0 41334.0
16595.0 41102.0
17095.0 41021.0
17171.0 40921.0
18092.0 40466.0
18545.0 40444.0
18596.0 40337.0
19912.0 40313.0
21266.0 40310.0
21342.0 40088.0
21657.0 40082.0
21708.0 39975.0
24516.0 39974.0
24592.0 39916.0
24820.0 39884.0
25513.0 39758.0
28763.0 39632.0
31937.0 39630.0
32013.0 39573.0
35263.0 39544.0
43605.0 39306.0
46779.0 39263.0

16023.0 43442.0
16156.0 42999.0
16515.0 41267.0
16595.0 41035.0
17095.0 40954.0
17171.0 40768.0
18092.0 40466.0
18545.0 40444.0
18596.0 40337.0
19912.0 40313.0
21266.0 40310.0
21342.0 40088.0
21657.0 40071.0
21708.0 39975.0
24516.0 39974.0
24592.0 39916.0
24820.0 39884.0
25513.0 39758.0
28763.0 39632.0
31937.0 39630.0
32013.0 39573.0
32934.0 39565.0
36184.0 39464.0
39434.0 39428.0
40355.0 39278.0
43605.0 39152.0
51026.0 39070.0

16023.0 44195.0
16122.0 43914.0
16515.0 41267.0
16595.0 41035.0
17095.0 40972.0
17171.0 40768.0
18092.0 40466.0
18545.0 40444.0
18596.0 40337.0
19912.0 40313.0
21266.0 40310.0
21342.0 40064.0
21708.0 39975.0
24516.0 39974.0
24592.0 39916.0
24820.0 39884.0
25513.0 39758.0
28763.0 39631.0
31937.0 39630.0
32013.0 39573.0
32934.0 39549.0
36184.0 39463.0
40355.0 39278.0
43605.0 39152.0
51026.0 39070.0

16023.0 43554.0
16515.0 41334.0
16595.0 41102.0
17095.0 41021.0
17171.0 40835.0
18092.0 40466.0
18545.0 40444.0
18596.0 40337.0
19912.0 40313.0
21266.0 40310.0
21342.0 40064.0
21708.0 39975.0
24516.0 39974.0
24592.0 39916.0
24820.0 39884.0
25513.0 39758.0
28763.0 39631.0
31937.0 39630.0
32013.0 39573.0
32934.0 39525.0
36184.0 39399.0
39434.0 39350.0
43605.0 39306.0
46855.0 39117.0
54276.0 39035.0


