18615.0 213866.0
19245.0 213528.0
19505.0 212382.0
19946.0 210786.0
19980.0 209411.0
20666.0 208235.0
20766.0 207881.0
21266.0 207027.0
21342.0 205665.0
22263.0 203111.0
23931.0 203002.0
24016.0 202814.0
24440.0 202718.0
25513.0 201283.0
27766.0 201123.0
28763.0 200559.0
31937.0 200371.0
32934.0 199814.0
36108.0 199813.0
36184.0 199398.0
39358.0 199360.0
40355.0 199260.0

18623.0 212671.0
18856.0 210663.0
19146.0 208537.0
19980.0 207715.0
20421.0 206836.0
21266.0 204589.0
21661.0 203972.0
21708.0 203319.0
24016.0 203260.0
25513.0 203237.0
27766.0 202745.0
28187.0 202147.0
28687.0 202035.0
31937.0 201855.0
32934.0 201220.0
34687.0 201192.0

18615.0 217677.0
18623.0 211754.0
18671.0 210020.0
19146.0 208537.0
19980.0 207715.0
20421.0 206836.0
20766.0 206439.0
21108.0 206304.0
21266.0 204589.0
21342.0 203772.0
21689.0 203334.0
21708.0 203283.0
24016.0 203260.0
24592.0 202882.0
27487.0 202707.0
28187.0 202147.0
28687.0 202035.0
31937.0 201855.0
32934.0 201220.0
34687.0 201192.0

18615.0 217677.0
18623.0 211754.0
18671.0 210020.0
19146.0 208537.0
19980.0 207715.0
20421.0 206836.0
20766.0 205662.0
21266.0 204589.0
21342.0 204039.0
21661.0 203972.0
21708.0 203283.0
24016.0 203260.0
24592.0 202987.0
25513.0 202633.0
27766.0 202495.0
28187.0 202147.0
28687.0 202035.0
31937.0 201855.0
32934.0 201220.0
34687.0 201192.0

18615.0 217677.0
18623.0 211754.0
18671.0 210020.0
19146.0 208537.0
19980.0 207715.0
20421.0 206836.0
20766.0 206439.0
21108.0 206304.0
21266.0 204589.0
21342.0 204135.0
21661.0 203972.0
21708.0 203283.0
24016.0 203260.0
24937.0 203116.0
27690.0 203065.0
27766.0 202745.0
28187.0 202147.0
28687.0 202035.0
31937.0 201855.0
32934.0 201220.0
34687.0 201192.0

18447.0 217728.0
18596.0 212302.0
18615.0 210915.0
18671.0 210020.0
19146.0 208537.0
19505.0 207078.0
20066.0 206543.0
20766.0 206439.0
20838.0 206370.0
21108.0 206304.0
21266.0 204589.0
21342.0 203989.0
21661.0 203972.0
21708.0 203319.0
24016.0 203260.0
24750.0 203247.0
24801.0 203086.0
25513.0 202696.0
27766.0 202452.0
28187.0 202147.0
28687.0 202035.0
31937.0 201855.0
32934.0 201220.0
34687.0 201192.0

18615.0 210815.0
18671.0 209199.0
18856.0 209118.0
19146.0 208537.0
19246.0 207819.0
19980.0 207715.0
20421.0 206836.0
20766.0 205073.0
21266.0 204377.0
21661.0 203972.0
21689.0 203334.0
21708.0 203283.0
24016.0 203260.0
24592.0 202882.0
25513.0 202828.0
27766.0 202745.0
28187.0 202147.0
28687.0 202035.0
31937.0 201855.0
32934.0 201220.0
34687.0 201192.0

18615.0 210815.0
18671.0 209199.0
18856.0 209118.0
18922.0 207050.0
20066.0 206925.0
20421.0 206836.0
20457.0 206816.0
20766.0 205073.0
21266.0 204377.0
21661.0 203972.0
21689.0 203334.0
21708.0 203283.0
24016.0 203260.0
24592.0 202882.0
25513.0 202828.0
27766.0 202745.0
28187.0 202147.0
28687.0 202035.0
31937.0 201855.0
32934.0 201220.0
34687.0 201192.0

18615.0 208089.0
18922.0 206835.0
20766.0 205073.0
21266.0 204377.0
21661.0 203972.0
21689.0 203334.0
21708.0 203283.0
24016.0 203260.0
24592.0 202882.0
25513.0 202828.0
27766.0 202745.0
28187.0 202147.0
28687.0 202035.0
31937.0 201855.0
32934.0 201220.0
34687.0 201192.0

18596.0 212302.0
18615.0 206160.0
20457.0 205627.0
20766.0 205073.0
21266.0 204377.0
21342.0 204309.0
21661.0 203972.0
21689.0 203334.0
21708.0 203283.0
24016.0 203260.0
24592.0 202882.0
25513.0 202739.0
28187.0 202147.0
28687.0 202035.0
31937.0 201842.0
32934.0 201220.0
34687.0 201192.0

18545.0 204232.0
21342.0 203696.0
21689.0 203356.0
21708.0 203207.0
22263.0 203030.0
24516.0 202760.0
24801.0 202491.0
25513.0 199995.0
28687.0 199487.0
35187.0 199124.0


