21689.0 391539.0
21708.0 390169.0
21761.0 389103.0
21821.0 388643.0
22020.0 388333.0
22102.0 384873.0
22495.0 384001.0
22716.0 383607.0
23316.0 380584.0
23992.0 380449.0
24016.0 380106.0
24801.0 379159.0
24913.0 378548.0
25010.0 378400.0
25513.0 372949.0
27894.0 372668.0
27913.0 371798.0
28187.0 369991.0
28763.0 369497.0
32934.0 367981.0
35008.0 367794.0
35187.0 367465.0
35608.0 366686.0
38782.0 366068.0
46203.0 365605.0

21708.0 402314.0
21755.0 391512.0
21821.0 386452.0
22495.0 383532.0
23316.0 383488.0
23350.0 383394.0
23940.0 383138.0
23950.0 381703.0
24516.0 376658.0
25513.0 372740.0
26690.0 372484.0
28687.0 372183.0
28763.0 371056.0
32934.0 370394.0
34611.0 370281.0

21342.0 403310.0
21689.0 392759.0
21708.0 376396.0
23499.0 375733.0
23931.0 375293.0
24237.0 374171.0
24750.0 373653.0
24820.0 372520.0
25513.0 370818.0
29684.0 370203.0
32934.0 369644.0

21587.0 389850.0
21638.0 381254.0
21708.0 380849.0
22263.0 375106.0
23950.0 374272.0
24516.0 373736.0
24820.0 373075.0
25010.0 372885.0
25513.0 371305.0
28763.0 370970.0
31437.0 370927.0
32934.0 370394.0
34611.0 370281.0

21342.0 391409.0
21708.0 385571.0
22263.0 381289.0
22495.0 379825.0
23550.0 374662.0
24516.0 372851.0
24592.0 371968.0
24820.0 371891.0
27487.0 371298.0
27862.0 370945.0
28763.0 369759.0
31437.0 369576.0
31937.0 367989.0
32013.0 367605.0
42108.0 366115.0

20961.0 407702.0
21342.0 395070.0
21657.0 393207.0
21689.0 392668.0
21708.0 383507.0
22263.0 381450.0
22495.0 378765.0
23316.0 378327.0
24176.0 378276.0
24440.0 377360.0
24516.0 375986.0
24750.0 374030.0
24820.0 372924.0
25513.0 372635.0
26690.0 372484.0
27843.0 371844.0
28763.0 371056.0
32934.0 370278.0
34832.0 369485.0
40355.0 368911.0

21661.0 404743.0
21708.0 395705.0
21755.0 391512.0
21821.0 386452.0
22495.0 383532.0
23316.0 383488.0
23350.0 383394.0
23940.0 383138.0
23950.0 381703.0
24176.0 380589.0
24263.0 379782.0
24516.0 376658.0
24820.0 376457.0
25010.0 376115.0
25513.0 372740.0
26690.0 372484.0
28687.0 372183.0
28763.0 371056.0
32934.0 370394.0
34611.0 370281.0

21661.0 404743.0
21708.0 393483.0
21755.0 391512.0
21821.0 386452.0
22263.0 382033.0
22716.0 382006.0
23316.0 379875.0
23950.0 378724.0
24176.0 377059.0
24516.0 376658.0
24801.0 375662.0
24820.0 374293.0
25010.0 373920.0
25513.0 371394.0
28763.0 371056.0
32358.0 370487.0
32934.0 370394.0
34611.0 370281.0
35608.0 370195.0

21661.0 404743.0
21708.0 388737.0
21821.0 386452.0
22263.0 386234.0
22395.0 386200.0
22495.0 383532.0
22716.0 382361.0
23916.0 381640.0
24128.0 381498.0
24176.0 381320.0
24201.0 379019.0
24516.0 376658.0
25069.0 375694.0
25513.0 372740.0
26690.0 372484.0
28163.0 372461.0
28687.0 372183.0
28763.0 371056.0
32934.0 370394.0
34611.0 370281.0

21708.0 387525.0
21755.0 387482.0
21821.0 386452.0
22102.0 384720.0
22263.0 380753.0
23951.0 378061.0
24016.0 377000.0
24201.0 376638.0
24516.0 376285.0
24750.0 375306.0
24801.0 374439.0
25513.0 370069.0
31006.0 369809.0

21342.0 390955.0
21708.0 385143.0
21755.0 381323.0
23011.0 381129.0
23331.0 380309.0
23788.0 378017.0
23950.0 377804.0
23992.0 376191.0
24201.0 375645.0
24592.0 374437.0
24820.0 374400.0
25513.0 370678.0
27690.0 368815.0
27894.0 368620.0
28611.0 367925.0
30987.0 361279.0
63874.0 350748.0


