17996.0 89440.0
18092.0 81977.0
18545.0 81960.0
18596.0 81593.0
18615.0 80874.0
19912.0 80850.0
20387.0 80810.0
21266.0 80807.0
21342.0 80395.0
21708.0 80306.0
24516.0 80303.0
24592.0 79999.0
25513.0 79625.0
27894.0 79574.0
28763.0 79407.0
31937.0 79404.0
32013.0 79313.0
32934.0 79095.0
36184.0 78928.0
39434.0 78852.0
40355.0 78721.0
43605.0 78617.0

17345.0 83861.0
17516.0 83610.0
18092.0 81992.0
18596.0 80959.0
21266.0 80871.0
21342.0 80588.0
21708.0 80143.0
24516.0 80100.0
27766.0 80057.0
27843.0 80030.0
27894.0 79973.0
28763.0 79554.0
32013.0 79508.0
32934.0 79409.0
35187.0 79182.0
40355.0 79038.0
43605.0 79004.0
47776.0 78956.0

17345.0 83861.0
17516.0 83610.0
18092.0 81992.0
18596.0 80959.0
21266.0 80871.0
21342.0 80588.0
21708.0 80143.0
24516.0 80099.0
24801.0 80031.0
27766.0 79992.0
27894.0 79903.0
28763.0 79554.0
32013.0 79310.0
32934.0 79309.0
35187.0 79182.0
36184.0 79156.0
39358.0 79122.0
39434.0 79077.0
40355.0 79038.0
43605.0 79004.0
46855.0 78987.0
47776.0 78956.0
54276.0 78953.0

16515.0 86465.0
16571.0 85092.0
17095.0 84044.0
17171.0 83094.0
18092.0 81647.0
18545.0 81549.0
18596.0 80801.0
21266.0 80758.0
21342.0 80320.0
21708.0 80143.0
24516.0 80052.0
24801.0 79930.0
25513.0 79720.0
27843.0 79698.0
28763.0 79387.0
31937.0 79366.0
32013.0 79328.0
32934.0 79316.0
35187.0 79182.0
36184.0 79018.0
39358.0 78822.0

17345.0 83861.0
17516.0 83610.0
18092.0 81948.0
18545.0 81886.0
18596.0 80959.0
21266.0 80871.0
21342.0 80588.0
21708.0 80143.0
24516.0 80099.0
25513.0 80014.0
27842.0 79994.0
27843.0 79963.0
27894.0 79903.0
28763.0 79509.0
31937.0 79508.0
32013.0 79437.0
32934.0 79301.0
35187.0 79182.0
36184.0 79147.0
39434.0 79126.0
40355.0 79038.0
43605.0 79004.0
47776.0 78956.0
51026.0 78837.0

16990.0 85274.0
17095.0 84044.0
17171.0 83094.0
18092.0 81566.0
18596.0 80801.0
21266.0 80758.0
21342.0 80375.0
21708.0 80143.0
24516.0 80099.0
24801.0 80056.0
25513.0 79701.0
27843.0 79679.0
28763.0 79428.0
32013.0 79416.0
32934.0 79222.0
35187.0 79182.0
36184.0 79051.0
40355.0 79038.0
43605.0 79004.0
47776.0 78956.0

17345.0 83861.0
17516.0 83610.0
18092.0 81771.0
18545.0 81462.0
18596.0 80959.0
21266.0 80871.0
21342.0 80290.0
21708.0 80143.0
24516.0 80099.0
24801.0 79930.0
25513.0 79859.0
27843.0 79778.0
28763.0 79538.0
31016.0 79537.0
32013.0 79335.0
32934.0 79301.0
35187.0 79182.0
35263.0 79176.0
36184.0 79147.0
39434.0 79102.0
40355.0 79038.0
42684.0 78954.0
51026.0 78837.0

16990.0 85274.0
17095.0 84044.0
17171.0 83094.0
18092.0 81416.0
18545.0 81318.0
18596.0 80801.0
21266.0 80758.0
21342.0 80290.0
21708.0 80030.0
24516.0 79987.0
24592.0 79932.0
24801.0 79930.0
25513.0 79720.0
27843.0 79698.0
28763.0 79444.0
31937.0 79437.0
32013.0 79305.0
32934.0 79176.0
36184.0 79117.0
39434.0 79102.0
40355.0 78981.0
42684.0 78954.0
50105.0 78869.0
51026.0 78837.0

17345.0 83861.0
17516.0 83610.0
18092.0 81992.0
18596.0 80959.0
21266.0 80871.0
21342.0 80290.0
21708.0 80143.0
24516.0 80099.0
24801.0 79930.0
25513.0 79859.0
27843.0 79778.0
28763.0 79538.0
31016.0 79537.0
32013.0 79335.0
32934.0 79301.0
35187.0 79182.0
35263.0 79176.0
36184.0 79147.0
39434.0 79102.0
40355.0 79038.0
42684.0 78954.0
51026.0 78837.0

16990.0 85274.0
17095.0 84548.0
17171.0 83175.0
18092.0 81209.0
18545.0 81165.0
18596.0 80801.0
21266.0 80757.0
21342.0 80356.0
21708.0 80057.0
24516.0 80014.0
24592.0 79997.0
25513.0 79642.0
27843.0 79620.0
28687.0 79611.0
28763.0 79488.0
31937.0 79437.0
32013.0 79385.0
32934.0 79092.0
36184.0 79077.0
40355.0 78981.0
43605.0 78952.0

16990.0 85274.0
17345.0 83861.0
17516.0 83610.0
18092.0 81234.0
18596.0 80755.0
19912.0 80731.0
21266.0 80685.0
21342.0 80193.0
21708.0 79990.0
24592.0 79854.0
27766.0 79853.0
27843.0 79778.0
28687.0 79680.0
28763.0 79308.0
35187.0 79182.0
36184.0 78953.0
42608.0 78871.0
42684.0 78720.0
50105.0 78617.0


