16956.0 84331.0
17095.0 83282.0
17516.0 82887.0
18016.0 82788.0
18092.0 81633.0
18526.0 81611.0
18596.0 81417.0
18615.0 80881.0
19912.0 80817.0
20345.0 80814.0
20421.0 80781.0
21342.0 80382.0
21708.0 80293.0
24516.0 80290.0
24592.0 79896.0
24820.0 79814.0
25513.0 79688.0
27766.0 79685.0
27913.0 79662.0
28763.0 79308.0
32013.0 79190.0
36184.0 78829.0
39434.0 78794.0
40355.0 78665.0
43605.0 78539.0
51026.0 78457.0

17745.0 87638.0
17996.0 85821.0
18092.0 81509.0
18526.0 81358.0
18596.0 80905.0
19912.0 80857.0
21266.0 80856.0
21342.0 80337.0
21708.0 80247.0
24516.0 80220.0
24592.0 80075.0
24820.0 80036.0
25513.0 79772.0
28763.0 79586.0
31937.0 79559.0
32934.0 79491.0
36184.0 79340.0
39434.0 79336.0

17745.0 87638.0
17996.0 85821.0
18092.0 81509.0
18526.0 81358.0
18596.0 80905.0
19912.0 80857.0
21266.0 80856.0
21342.0 80313.0
21708.0 80135.0
24516.0 80132.0
24592.0 80074.0
24820.0 80036.0
25513.0 79747.0
28763.0 79562.0
31937.0 79559.0
32934.0 79437.0
36184.0 79340.0
39434.0 79312.0

17492.0 87488.0
17945.0 86985.0
17996.0 85740.0
18092.0 81112.0
18545.0 81090.0
18596.0 80690.0
19912.0 80650.0
21342.0 80251.0
21708.0 80038.0
24592.0 79831.0
24820.0 79781.0
25513.0 79605.0
27894.0 79604.0
28763.0 79387.0
32013.0 79269.0
36184.0 79023.0

17745.0 87638.0
17996.0 85821.0
18092.0 81466.0
18526.0 81358.0
18596.0 80817.0
18615.0 80796.0
19912.0 80769.0
20387.0 80732.0
21266.0 80731.0
21342.0 80250.0
21708.0 79950.0
24516.0 79947.0
25513.0 79747.0
28763.0 79586.0
31937.0 79559.0
32934.0 79436.0
36184.0 79340.0
39434.0 79336.0

17492.0 88088.0
17516.0 87689.0
17670.0 87651.0
17745.0 87638.0
17945.0 87023.0
17996.0 85821.0
18092.0 81509.0
18526.0 81358.0
18596.0 80905.0
19912.0 80857.0
21266.0 80856.0
21342.0 80313.0
21708.0 80135.0
24592.0 80074.0
24801.0 80043.0
24820.0 80036.0
25513.0 79772.0
28763.0 79586.0
31937.0 79559.0
32013.0 79460.0
36184.0 79234.0

17745.0 87638.0
17996.0 85821.0
18092.0 81509.0
18526.0 81358.0
18596.0 80905.0
19912.0 80857.0
21266.0 80856.0
21342.0 80337.0
21708.0 80223.0
24516.0 80220.0
24592.0 80075.0
24820.0 80012.0
25513.0 79747.0
28763.0 79562.0
31937.0 79559.0
32934.0 79374.0
36184.0 79330.0
39434.0 79220.0

17745.0 87638.0
17945.0 86985.0
17996.0 85662.0
18092.0 81292.0
18526.0 81280.0
18596.0 80674.0
19912.0 80626.0
21342.0 80337.0
21708.0 80015.0
24592.0 79974.0
24820.0 79924.0
25513.0 79516.0
28763.0 79352.0
32934.0 79276.0
36184.0 79106.0

17745.0 87638.0
17996.0 85821.0
18092.0 81509.0
18526.0 81358.0
18596.0 80739.0
19912.0 80691.0
21266.0 80690.0
21342.0 80337.0
21708.0 80194.0
24516.0 80169.0
24592.0 80047.0
24820.0 80012.0
25513.0 79605.0
28763.0 79562.0
31937.0 79559.0
32934.0 79374.0
36184.0 79330.0
39434.0 79220.0

17492.0 85675.0
17977.0 84598.0
18092.0 81237.0
18596.0 80905.0
19912.0 80857.0
21266.0 80853.0
21342.0 80289.0
21708.0 80111.0
24516.0 80108.0
24592.0 79974.0
24820.0 79924.0
25513.0 79733.0
28763.0 79390.0
32013.0 79205.0
36184.0 79020.0
39434.0 78996.0
42608.0 78967.0

17745.0 86795.0
17996.0 85756.0
18092.0 81322.0
18596.0 80704.0
19912.0 80680.0
21266.0 80655.0
21342.0 80305.0
21708.0 79974.0
24516.0 79949.0
24820.0 79923.0
25513.0 79575.0
28763.0 79405.0
32934.0 79239.0
36184.0 79093.0
42684.0 79000.0
43605.0 78983.0
46855.0 78746.0


