18092.0 122557.0
18545.0 121794.0
18596.0 121301.0
19912.0 121237.0
21266.0 121210.0
21342.0 120770.0
21587.0 120753.0
21708.0 120540.0
24516.0 120519.0
24592.0 120321.0
24750.0 120130.0
25513.0 120014.0
27894.0 119960.0
28763.0 119273.0
30885.0 119222.0
32013.0 119144.0
35187.0 119095.0
36184.0 118745.0
43605.0 118721.0

18092.0 122962.0
18545.0 122749.0
18596.0 122555.0
18615.0 122283.0
19112.0 122170.0
19946.0 122101.0
20838.0 122065.0
21342.0 121361.0
21657.0 121344.0
24516.0 121232.0
24592.0 120572.0
24937.0 120564.0
28187.0 120499.0
28763.0 120268.0
31361.0 120029.0

18092.0 122962.0
18545.0 122749.0
18596.0 122555.0
18615.0 122161.0
19845.0 122157.0
19946.0 122101.0
20838.0 122064.0
21342.0 121257.0
24016.0 121223.0
24592.0 120562.0
25513.0 120500.0
28187.0 120499.0
28763.0 120268.0
31361.0 120029.0
40355.0 119870.0
43529.0 119848.0

18056.0 127683.0
18092.0 122800.0
18545.0 122749.0
18596.0 122124.0
19471.0 122088.0
19946.0 122020.0
20838.0 122019.0
21266.0 122017.0
21342.0 121257.0
24016.0 121223.0
24592.0 120572.0
24937.0 120564.0
25513.0 120417.0
28687.0 120222.0
28763.0 119950.0
40355.0 119870.0
43529.0 119848.0

18092.0 122836.0
18545.0 122749.0
18596.0 122393.0
18615.0 122283.0
19112.0 122170.0
19471.0 122053.0
20345.0 122037.0
21342.0 121208.0
21638.0 121057.0
24592.0 120572.0
24937.0 120564.0
25513.0 120259.0
27043.0 120258.0
28763.0 120176.0
31361.0 120029.0
32934.0 119737.0
36184.0 119734.0

18056.0 128036.0
18092.0 122962.0
18545.0 122749.0
18596.0 122555.0
18615.0 122283.0
19112.0 122170.0
19471.0 122112.0
19946.0 122101.0
20838.0 122064.0
21342.0 121361.0
21657.0 121344.0
24516.0 121232.0
24592.0 120572.0
24937.0 120564.0
28187.0 120499.0
28687.0 120426.0
28763.0 120259.0
31361.0 120029.0
36184.0 119977.0
39358.0 119956.0

18092.0 122962.0
18545.0 122749.0
18596.0 122555.0
18615.0 122161.0
19946.0 122101.0
20838.0 122064.0
21342.0 121257.0
21708.0 121193.0
24592.0 120572.0
24937.0 120564.0
25513.0 120454.0
28763.0 120120.0
31361.0 120029.0
31437.0 119995.0
32013.0 119989.0
34611.0 119881.0
40355.0 119870.0
43529.0 119848.0

18092.0 122836.0
18545.0 122623.0
18596.0 122323.0
18615.0 121887.0
19912.0 121847.0
20421.0 121811.0
21342.0 121139.0
21638.0 121050.0
22263.0 121003.0
24592.0 120572.0
24820.0 120466.0
25513.0 120317.0
28763.0 119828.0
32013.0 119451.0
36184.0 119258.0
39434.0 119205.0
42608.0 118912.0

18092.0 122836.0
18545.0 122732.0
18596.0 122323.0
18615.0 122246.0
19112.0 122170.0
19946.0 122101.0
20345.0 121849.0
20421.0 121757.0
21342.0 121067.0
21638.0 121050.0
24516.0 121010.0
24592.0 120572.0
24937.0 120564.0
25513.0 120451.0
27766.0 120355.0
28763.0 119828.0
32934.0 119707.0
35263.0 119702.0
35608.0 119648.0
36184.0 119299.0

18056.0 128036.0
18092.0 122962.0
18545.0 122749.0
18596.0 122555.0
18615.0 122181.0
19112.0 122170.0
19946.0 122101.0
20838.0 122064.0
21342.0 121211.0
21638.0 121201.0
21708.0 120923.0
24516.0 120782.0
24592.0 120572.0
24937.0 120564.0
25513.0 120500.0
28187.0 120499.0
28763.0 120120.0
31361.0 120029.0
31437.0 119995.0
32013.0 119989.0
34611.0 119881.0

18056.0 126853.0
18092.0 122962.0
18545.0 122749.0
18596.0 122054.0
19112.0 122019.0
20345.0 121972.0
20766.0 121807.0
21266.0 121646.0
21342.0 120993.0
21638.0 120935.0
21708.0 120790.0
23950.0 120789.0
24516.0 120787.0
24592.0 120547.0
24801.0 120496.0
27843.0 120452.0
27913.0 120431.0
28187.0 120393.0
28763.0 119121.0
32013.0 119110.0
32934.0 118841.0
36184.0 118711.0


