17492.0 83444.0
18092.0 81417.0
18596.0 80785.0
19912.0 80745.0
21342.0 80413.0
21708.0 80273.0
24516.0 80270.0
24592.0 80047.0
25513.0 79708.0
27894.0 79606.0
28763.0 79421.0
32013.0 79254.0
32934.0 79140.0
36184.0 78829.0
39434.0 78770.0
43605.0 78537.0
46855.0 78436.0
50029.0 78393.0

17996.0 87830.0
18092.0 81913.0
18545.0 81462.0
18596.0 81234.0
18615.0 81021.0
21266.0 80978.0
21342.0 80412.0
21657.0 80390.0
21708.0 80148.0
24592.0 80109.0
25513.0 79866.0
27842.0 79831.0
27862.0 79780.0
28763.0 79774.0
32013.0 79602.0
35263.0 79427.0
36184.0 79195.0
42684.0 78949.0

17171.0 83764.0
18092.0 81560.0
18545.0 81462.0
18596.0 81173.0
18615.0 80958.0
19912.0 80918.0
20421.0 80810.0
21342.0 80412.0
21657.0 80390.0
21708.0 80148.0
24592.0 80109.0
25513.0 79866.0
27842.0 79831.0
27862.0 79780.0
28763.0 79774.0
32013.0 79602.0
35263.0 79427.0
36184.0 79195.0
42684.0 78949.0

17996.0 87830.0
18092.0 81274.0
18545.0 81235.0
18596.0 80918.0
18615.0 80796.0
20387.0 80756.0
21266.0 80731.0
21342.0 80317.0
21708.0 80105.0
24592.0 79831.0
27862.0 79780.0
28763.0 79419.0
32013.0 79271.0
36184.0 79038.0
42684.0 78949.0

17171.0 83764.0
18092.0 81560.0
18545.0 81462.0
18596.0 81234.0
18615.0 80958.0
19912.0 80918.0
20421.0 80810.0
21342.0 80412.0
21657.0 80390.0
21708.0 80148.0
24592.0 80109.0
25513.0 79866.0
27842.0 79831.0
27862.0 79780.0
28763.0 79774.0
32013.0 79540.0
35263.0 79427.0
36184.0 79195.0
42684.0 78949.0

16990.0 87107.0
17095.0 84369.0
17171.0 83321.0
17736.0 82810.0
18092.0 81484.0
18545.0 81462.0
18596.0 81173.0
18615.0 81021.0
21266.0 80978.0
21342.0 80411.0
21657.0 80390.0
21708.0 80081.0
24592.0 80044.0
25513.0 79866.0
27842.0 79831.0
27862.0 79780.0
28763.0 79649.0
31937.0 79547.0
32013.0 79540.0
32934.0 79433.0
35263.0 79427.0
36184.0 79195.0
42684.0 78949.0

17171.0 83764.0
18092.0 81484.0
18545.0 81462.0
18596.0 81234.0
18615.0 81021.0
21266.0 80978.0
21342.0 80412.0
21657.0 80390.0
21708.0 80148.0
24592.0 80109.0
25513.0 79866.0
27842.0 79831.0
27862.0 79780.0
28763.0 79774.0
32013.0 79539.0
35263.0 79427.0
36184.0 79195.0
42684.0 78949.0

16816.0 85955.0
16956.0 84273.0
17171.0 82900.0
17516.0 82505.0
18092.0 81484.0
18545.0 81462.0
18596.0 81157.0
18615.0 81021.0
20421.0 80982.0
21266.0 80973.0
21342.0 80380.0
21657.0 80354.0
21708.0 80095.0
24592.0 79969.0
24820.0 79918.0
25513.0 79805.0
27766.0 79780.0
27894.0 79763.0
28763.0 79480.0
32013.0 79463.0
35263.0 79427.0
36184.0 79195.0
39434.0 78943.0

17171.0 83764.0
17492.0 83443.0
17745.0 82450.0
18016.0 82331.0
18092.0 81484.0
18545.0 81462.0
18596.0 81185.0
18615.0 81021.0
21266.0 80978.0
21342.0 80412.0
21657.0 80390.0
21708.0 80148.0
24516.0 80145.0
24592.0 80044.0
25513.0 79825.0
27842.0 79757.0
28763.0 79532.0
32013.0 79375.0
36184.0 79195.0
39434.0 79141.0
42684.0 78949.0

17492.0 83113.0
17736.0 82810.0
17745.0 82451.0
18092.0 81484.0
18545.0 81462.0
18596.0 81037.0
18615.0 80860.0
19912.0 80812.0
20345.0 80809.0
21342.0 80381.0
21657.0 80359.0
21708.0 80148.0
24516.0 80123.0
24592.0 79975.0
25513.0 79747.0
28763.0 79534.0
32013.0 79501.0
32934.0 79494.0
35263.0 79408.0
36184.0 79126.0
42684.0 78949.0

17492.0 83113.0
18092.0 81484.0
18545.0 81462.0
18596.0 81033.0
18615.0 80860.0
19912.0 80812.0
20345.0 80803.0
21266.0 80800.0
21342.0 80314.0
21657.0 80292.0
21708.0 80095.0
24592.0 79969.0
24820.0 79780.0
25513.0 79719.0
28763.0 79308.0
32013.0 79298.0
35263.0 79239.0
36184.0 79195.0
39434.0 79086.0
42684.0 78949.0


