21755.0 360259.0
22020.0 355893.0
22263.0 349434.0
22680.0 344295.0
23550.0 341392.0
24592.0 341224.0
25010.0 340492.0
25513.0 336523.0
27166.0 336399.0
28187.0 333647.0
28687.0 332857.0
31006.0 332146.0
32358.0 331420.0

22020.0 363847.0
22102.0 344090.0
22461.0 341959.0
23992.0 340786.0
24016.0 340048.0
24801.0 337750.0
25513.0 335703.0
28687.0 334020.0

21661.0 353767.0
22102.0 341858.0
23653.0 341369.0
23950.0 339488.0
24801.0 337750.0
25513.0 335703.0
27043.0 335106.0
28163.0 334173.0
28687.0 334020.0

21661.0 352412.0
22102.0 341415.0
23992.0 340786.0
24016.0 339605.0
24592.0 339322.0
24651.0 338052.0
24801.0 336135.0
25451.0 335966.0
25513.0 334834.0
27043.0 334632.0
28687.0 333577.0

21657.0 352108.0
22020.0 345305.0
22102.0 341415.0
23931.0 340978.0
23992.0 340786.0
24016.0 339605.0
24801.0 337307.0
25513.0 335703.0
27043.0 335106.0
27266.0 334581.0
28687.0 333577.0
28763.0 332899.0

20742.0 347176.0
20766.0 347157.0
21342.0 343072.0
21708.0 339049.0
22102.0 338944.0
23653.0 338529.0
23992.0 338370.0
24801.0 336820.0
25513.0 335374.0
27913.0 335332.0
28687.0 333577.0

21661.0 353767.0
22102.0 344090.0
22461.0 341959.0
23992.0 340786.0
24016.0 340048.0
24801.0 337750.0
25513.0 335703.0
27043.0 335106.0
28687.0 334020.0

21661.0 353767.0
22102.0 344090.0
22461.0 341959.0
23992.0 340723.0
24016.0 340048.0
24592.0 339958.0
24801.0 337750.0
25513.0 334591.0
28687.0 334020.0

21661.0 353767.0
22102.0 344090.0
22461.0 341959.0
23992.0 339792.0
24651.0 336931.0
25513.0 335194.0
27043.0 335106.0
27294.0 334638.0
28687.0 334020.0
32671.0 331066.0

20766.0 346843.0
21708.0 339049.0
22102.0 338944.0
24801.0 337750.0
25513.0 335617.0
27043.0 334750.0
28687.0 334020.0

21657.0 327607.0
21708.0 326371.0
27690.0 323780.0
27894.0 322810.0
30940.0 321860.0
31025.0 321159.0
34190.0 320543.0


