18092.0 124604.0
18545.0 124444.0
18589.0 123791.0
18596.0 123486.0
18615.0 122637.0
19912.0 122597.0
20387.0 122407.0
21266.0 121963.0
21342.0 120980.0
21708.0 120796.0
24516.0 120550.0
24592.0 120402.0
24820.0 120210.0
25513.0 120098.0
27842.0 119896.0
27894.0 119766.0
28687.0 119659.0
28763.0 119375.0
31937.0 119340.0
32013.0 119275.0
32934.0 119028.0
35263.0 118938.0
36108.0 118921.0
36184.0 118637.0
39434.0 118606.0
42684.0 118368.0
43529.0 118243.0
43605.0 118230.0
50105.0 118209.0

18092.0 126504.0
18513.0 125295.0
18526.0 125248.0
18596.0 122450.0
18615.0 121962.0
19912.0 121948.0
21266.0 121874.0
21342.0 121134.0
21638.0 121119.0
21708.0 120907.0
24516.0 120906.0
24801.0 120621.0
25513.0 120492.0
27766.0 120484.0
27894.0 120481.0
28687.0 120477.0
28763.0 119902.0
36108.0 119648.0

18092.0 126504.0
18513.0 125295.0
18526.0 125248.0
18596.0 122450.0
18615.0 121962.0
19912.0 121900.0
20387.0 121860.0
20421.0 121344.0
21342.0 121069.0
21657.0 121047.0
21689.0 120859.0
24516.0 120856.0
24592.0 120524.0
25513.0 120374.0
27842.0 120179.0
27913.0 120079.0
28763.0 119848.0
32013.0 119493.0
35263.0 119407.0

18092.0 125313.0
18513.0 125295.0
18526.0 123578.0
18596.0 122256.0
18615.0 121962.0
19912.0 121948.0
20387.0 121941.0
20421.0 121516.0
21342.0 121017.0
21657.0 121000.0
21689.0 120842.0
24516.0 120839.0
24592.0 120580.0
24801.0 120440.0
25513.0 120308.0
27766.0 120299.0
27894.0 120155.0
28763.0 119795.0
32013.0 119613.0
32934.0 119611.0
35263.0 119544.0
39434.0 119336.0

18092.0 126504.0
18513.0 125295.0
18526.0 125248.0
18596.0 122450.0
18615.0 121962.0
19912.0 121940.0
20345.0 121915.0
20387.0 121914.0
20421.0 121344.0
21342.0 120989.0
21689.0 120842.0
24516.0 120839.0
24592.0 120484.0
24801.0 120483.0
25513.0 120382.0
27842.0 119958.0
28763.0 119748.0
32934.0 119481.0
35263.0 119337.0

18092.0 126500.0
18513.0 125295.0
18526.0 125248.0
18596.0 122450.0
18615.0 121962.0
19912.0 121937.0
20387.0 121859.0
20421.0 121516.0
21342.0 120981.0
21689.0 120842.0
24516.0 120795.0
24592.0 120580.0
24820.0 120449.0
25513.0 120336.0
27842.0 120316.0
27862.0 120299.0
28763.0 119647.0
32013.0 119613.0
35263.0 119544.0
39434.0 119336.0
40355.0 119275.0
43605.0 118957.0

18092.0 126504.0
18513.0 125295.0
18526.0 125248.0
18545.0 124076.0
18596.0 122450.0
18615.0 121962.0
19912.0 121940.0
20345.0 121915.0
20421.0 121424.0
21342.0 121134.0
21638.0 121119.0
21689.0 120842.0
24516.0 120839.0
24592.0 120773.0
24801.0 120621.0
25513.0 120492.0
27766.0 120484.0
27842.0 120432.0
28763.0 119890.0
32934.0 119711.0
36108.0 119648.0

18092.0 126504.0
18513.0 125295.0
18526.0 125248.0
18545.0 124076.0
18596.0 122030.0
18615.0 121962.0
19912.0 121938.0
20345.0 121915.0
20387.0 121914.0
20421.0 121384.0
21342.0 121029.0
21689.0 120842.0
24516.0 120839.0
24592.0 120572.0
25513.0 120308.0
27842.0 120278.0
27894.0 120155.0
28763.0 119896.0
32013.0 119541.0
35263.0 119472.0

18092.0 126504.0
18513.0 125295.0
18526.0 125248.0
18545.0 124076.0
18596.0 122450.0
18615.0 121962.0
19912.0 121940.0
20345.0 121915.0
20387.0 121914.0
20421.0 121344.0
21342.0 121029.0
21657.0 121007.0
21689.0 120842.0
24516.0 120839.0
24592.0 120524.0
24801.0 120523.0
25513.0 120492.0
27766.0 120484.0
27842.0 120179.0
27913.0 120079.0
28763.0 119847.0
31016.0 119804.0
32013.0 119492.0
35263.0 119423.0

18092.0 126451.0
18513.0 125295.0
18526.0 125248.0
18545.0 124076.0
18596.0 122450.0
18615.0 121644.0
19912.0 121604.0
20345.0 121579.0
21342.0 120975.0
21689.0 120842.0
21708.0 120775.0
24592.0 120506.0
25513.0 120492.0
27766.0 120336.0
28687.0 120287.0
28763.0 119744.0
32013.0 119700.0
32934.0 119535.0
43529.0 119511.0

18092.0 126504.0
18513.0 125295.0
18526.0 125248.0
18545.0 122052.0
18615.0 121768.0
19912.0 121562.0
20387.0 121538.0
21266.0 121537.0
21342.0 120709.0
21638.0 120692.0
21708.0 120257.0
24516.0 120256.0
24592.0 120109.0
25513.0 119721.0
28763.0 119078.0
32013.0 118818.0
36184.0 118645.0
39434.0 118480.0
42608.0 118418.0
46279.0 118245.0
49032.0 118116.0
52703.0 118060.0
56453.0 117542.0
63874.0 116916.0


