18092.0 82511.0
18545.0 82251.0
18596.0 81973.0
18615.0 80884.0
19912.0 80844.0
20387.0 80820.0
21266.0 80817.0
21342.0 80281.0
21708.0 80017.0
24516.0 80013.0
24592.0 79854.0
24820.0 79840.0
25513.0 79642.0
27842.0 79606.0
28763.0 79263.0
31937.0 79260.0
32013.0 79202.0
32934.0 79084.0
36108.0 79083.0
36184.0 78784.0
39434.0 78690.0
43605.0 78551.0
46855.0 78515.0

17492.0 84157.0
18092.0 81628.0
18596.0 80991.0
19912.0 80967.0
21266.0 80966.0
21342.0 80432.0
21708.0 80307.0
24592.0 80160.0
24750.0 80156.0
24801.0 80064.0
25513.0 79744.0
27843.0 79700.0
28763.0 79581.0
31937.0 79580.0
32013.0 79553.0
32934.0 79375.0
36184.0 79145.0

17492.0 84157.0
18092.0 81628.0
18545.0 81570.0
18596.0 80900.0
19912.0 80876.0
21266.0 80875.0
21342.0 80432.0
21708.0 80307.0
24592.0 80160.0
24750.0 80156.0
24801.0 80039.0
25513.0 79744.0
27843.0 79700.0
28763.0 79581.0
31937.0 79580.0
32013.0 79553.0
32934.0 79375.0
36184.0 79145.0

17345.0 84437.0
17492.0 84157.0
18092.0 81566.0
18545.0 81509.0
18596.0 80720.0
19912.0 80656.0
21266.0 80653.0
21342.0 80407.0
21708.0 80303.0
22263.0 80167.0
24592.0 79854.0
25513.0 79731.0
27843.0 79700.0
28763.0 79560.0
32013.0 79375.0
35263.0 79289.0
36184.0 79120.0
43529.0 79109.0

17492.0 84157.0
18092.0 81628.0
18545.0 81570.0
18596.0 80991.0
19912.0 80967.0
21266.0 80957.0
21342.0 80432.0
21708.0 80307.0
24592.0 80160.0
24750.0 80156.0
24801.0 80039.0
25513.0 79744.0
27843.0 79700.0
28763.0 79581.0
31937.0 79575.0
32013.0 79553.0
32934.0 79375.0
36184.0 79120.0

17345.0 84437.0
17492.0 83777.0
17745.0 83763.0
18092.0 81596.0
18545.0 81509.0
18596.0 80991.0
19912.0 80967.0
21266.0 80924.0
21342.0 80432.0
21708.0 80303.0
24592.0 79878.0
25513.0 79709.0
27843.0 79700.0
28687.0 79685.0
28763.0 79535.0
32013.0 79412.0
32934.0 79375.0
35263.0 79361.0
36108.0 79302.0
36184.0 79120.0
43529.0 79109.0

17492.0 84157.0
18092.0 81628.0
18545.0 81570.0
18596.0 80991.0
18615.0 80871.0
19912.0 80847.0
20387.0 80823.0
21342.0 80432.0
21708.0 80307.0
24592.0 80034.0
24820.0 79983.0
25513.0 79744.0
27843.0 79700.0
28763.0 79571.0
32013.0 79535.0
32934.0 79375.0
36184.0 79145.0

17345.0 83835.0
17492.0 82887.0
18092.0 81161.0
18545.0 81144.0
18596.0 80720.0
19912.0 80696.0
21266.0 80653.0
21342.0 80321.0
21708.0 79990.0
24592.0 79954.0
25513.0 79666.0
28763.0 79330.0
32013.0 79205.0
35263.0 79168.0
36184.0 79097.0

17492.0 84157.0
18092.0 81628.0
18545.0 81570.0
18596.0 80991.0
18615.0 80871.0
19912.0 80847.0
20387.0 80823.0
21342.0 80432.0
21708.0 80307.0
24592.0 80034.0
24820.0 79983.0
25513.0 79744.0
27843.0 79700.0
28763.0 79571.0
32013.0 79535.0
32934.0 79375.0
36184.0 79145.0

16816.0 85108.0
16956.0 84445.0
17171.0 83072.0
17345.0 82693.0
18092.0 81596.0
18545.0 81509.0
18596.0 80991.0
18615.0 80871.0
19912.0 80847.0
20387.0 80823.0
21266.0 80765.0
21342.0 80432.0
21708.0 79950.0
24592.0 79854.0
25513.0 79680.0
28687.0 79677.0
28763.0 79264.0
32013.0 79205.0
36184.0 79031.0

17492.0 83671.0
18092.0 81441.0
18596.0 80900.0
19912.0 80876.0
21266.0 80826.0
21342.0 80291.0
21708.0 80038.0
24516.0 79947.0
24592.0 79854.0
25513.0 79516.0
28763.0 79262.0
32013.0 79203.0
35263.0 79168.0
36184.0 78922.0
40355.0 78897.0
42684.0 78840.0
43605.0 78827.0


