18092.0 167566.0
18596.0 165947.0
18615.0 164976.0
19912.0 164838.0
20766.0 164834.0
20838.0 164516.0
21342.0 162808.0
21708.0 162667.0
22263.0 161487.0
24516.0 161486.0
24592.0 161258.0
25513.0 161026.0
27843.0 160930.0
27894.0 160735.0
28763.0 160261.0
32013.0 159519.0
32934.0 159344.0
35187.0 159272.0
36108.0 159220.0
39434.0 158946.0
42608.0 158864.0

18545.0 168177.0
18615.0 166557.0
19505.0 165250.0
20838.0 165097.0
21342.0 162478.0
21708.0 162241.0
24592.0 162130.0
24750.0 161823.0
25513.0 161551.0
27766.0 161393.0
31937.0 161365.0
32013.0 161016.0
32934.0 161011.0

18545.0 168177.0
18615.0 166557.0
19112.0 166178.0
19505.0 165250.0
20838.0 165097.0
21266.0 164496.0
21342.0 162478.0
21708.0 162241.0
24516.0 162204.0
24592.0 162130.0
24750.0 161823.0
25513.0 161551.0
27766.0 161393.0
31937.0 161365.0
32013.0 161016.0
32934.0 161011.0
39358.0 160766.0

18092.0 165294.0
18596.0 164429.0
19505.0 164027.0
20766.0 163506.0
21342.0 162478.0
21708.0 162190.0
24516.0 162111.0
24592.0 161844.0
24750.0 161715.0
25513.0 161415.0
27766.0 161393.0
28763.0 161139.0
32013.0 161005.0
36184.0 160720.0
39434.0 160594.0
43605.0 160426.0

18092.0 168661.0
18545.0 165645.0
18671.0 165348.0
19112.0 164807.0
19946.0 164587.0
20787.0 164530.0
20838.0 164490.0
21266.0 164474.0
21342.0 162478.0
21708.0 162241.0
24516.0 161917.0
24750.0 161823.0
25513.0 161551.0
27766.0 161393.0
31937.0 161365.0
32013.0 161016.0
32934.0 160987.0
36184.0 160909.0

18092.0 165743.0
19112.0 164905.0
19946.0 164685.0
20787.0 164414.0
21342.0 162478.0
21708.0 161586.0
24592.0 161460.0
24820.0 161248.0
28763.0 161147.0
32013.0 160865.0

18545.0 167880.0
18596.0 165907.0
18615.0 164691.0
19946.0 164475.0
20766.0 164457.0
20838.0 163889.0
21342.0 162478.0
21708.0 162241.0
24516.0 161917.0
24750.0 161823.0
25513.0 161551.0
27766.0 161393.0
28763.0 160906.0
32013.0 160674.0
32934.0 160654.0
39358.0 160573.0

18312.0 166521.0
18545.0 165780.0
18615.0 165054.0
19146.0 164763.0
19946.0 164335.0
21266.0 164276.0
21342.0 162478.0
21708.0 162241.0
24516.0 161917.0
24750.0 161823.0
25513.0 161551.0
27766.0 161393.0
28763.0 160906.0
31937.0 160585.0
39358.0 160302.0

18545.0 167880.0
18596.0 164235.0
20766.0 163951.0
20838.0 163486.0
21342.0 162478.0
21708.0 162241.0
24516.0 161917.0
24750.0 161823.0
25513.0 161415.0
27766.0 161393.0
28763.0 160906.0
32013.0 160674.0
32934.0 160654.0
39358.0 160573.0

18122.0 178288.0
18513.0 177511.0
18545.0 168177.0
18589.0 167244.0
18596.0 164927.0
19146.0 164398.0
19471.0 164367.0
20766.0 164006.0
21266.0 163554.0
21342.0 162478.0
21708.0 161787.0
25513.0 161411.0
27766.0 161393.0
28763.0 161283.0
32013.0 161016.0
32934.0 161011.0
36184.0 160994.0
39358.0 160784.0

18447.0 177386.0
18545.0 168177.0
18596.0 164231.0
19247.0 163524.0
19912.0 163500.0
20766.0 163315.0
21266.0 163290.0
21342.0 162478.0
21638.0 162439.0
21689.0 162377.0
21708.0 161652.0
24592.0 161589.0
24801.0 161378.0
24820.0 160733.0
25513.0 160079.0
28687.0 159690.0
28763.0 159529.0
32934.0 159140.0


