18596.0 166824.0
18615.0 164113.0
21266.0 163844.0
21342.0 161971.0
21638.0 161954.0
21708.0 161550.0
22263.0 160959.0
23950.0 160888.0
24016.0 160873.0
24516.0 160463.0
24801.0 160399.0
25513.0 160252.0
27913.0 160201.0
28187.0 160161.0
28687.0 160088.0
28763.0 159379.0
32013.0 159338.0
32934.0 159121.0
36108.0 159108.0
36184.0 158731.0
39434.0 158648.0
40355.0 158646.0
43605.0 158440.0

18545.0 167885.0
18596.0 166627.0
18615.0 165109.0
21138.0 164954.0
21266.0 163904.0
21342.0 162300.0
21657.0 162237.0
21708.0 162216.0
23880.0 162160.0
24592.0 161783.0
25513.0 161099.0
27190.0 160779.0
28763.0 160551.0
30155.0 160402.0
31006.0 159970.0
32934.0 159754.0
36184.0 159462.0
39358.0 159250.0

18545.0 167885.0
18596.0 166627.0
18615.0 165109.0
21138.0 164954.0
21266.0 163904.0
21342.0 162080.0
21657.0 162017.0
21708.0 161928.0
24592.0 161783.0
25513.0 161099.0
27190.0 160779.0
28763.0 160551.0
30155.0 160402.0
31006.0 159970.0
32934.0 159754.0
36184.0 159462.0
39358.0 159250.0

18545.0 167885.0
18596.0 166627.0
18615.0 165069.0
19912.0 164959.0
20421.0 164683.0
20838.0 164621.0
20857.0 164286.0
21108.0 164238.0
21266.0 163885.0
21342.0 161914.0
21708.0 161664.0
24516.0 161538.0
24801.0 161441.0
25513.0 160852.0
27190.0 160779.0
27690.0 160716.0
28763.0 160290.0
31006.0 159970.0
32934.0 159754.0
36184.0 159462.0
39358.0 159250.0

18545.0 167885.0
18596.0 166627.0
18615.0 165109.0
21138.0 164954.0
21266.0 163904.0
21342.0 162080.0
21657.0 162017.0
21708.0 161928.0
24592.0 161783.0
25513.0 160724.0
27690.0 160716.0
28763.0 159920.0
31006.0 159869.0
32934.0 159754.0
36184.0 159462.0
39358.0 159250.0

18545.0 167885.0
18596.0 166627.0
18615.0 165069.0
19912.0 164934.0
19946.0 164752.0
20421.0 164683.0
20838.0 164483.0
21266.0 163527.0
21342.0 162080.0
21638.0 161978.0
21657.0 161919.0
21708.0 161557.0
24516.0 161431.0
25513.0 161090.0
27190.0 160779.0
27690.0 160716.0
28763.0 160458.0
30155.0 160402.0
31006.0 159970.0
32934.0 159754.0
36184.0 159462.0
39358.0 159250.0

18545.0 167885.0
18596.0 164534.0
18615.0 163491.0
19112.0 163421.0
21266.0 163417.0
21342.0 162080.0
21657.0 162017.0
21708.0 161300.0
24516.0 161013.0
24592.0 160738.0
25513.0 160719.0
27690.0 160716.0
28763.0 159968.0
32934.0 159754.0
36184.0 159462.0
39358.0 159250.0
43605.0 159242.0

18545.0 167885.0
18596.0 166627.0
18615.0 165069.0
19112.0 164998.0
19505.0 164977.0
20421.0 164683.0
21266.0 163904.0
21342.0 162046.0
21657.0 162017.0
21708.0 161808.0
24516.0 161765.0
24592.0 161541.0
25513.0 160894.0
27190.0 160779.0
27690.0 160716.0
28763.0 160243.0
31006.0 159970.0
32934.0 159754.0
36184.0 159462.0
39358.0 159250.0

18545.0 167885.0
18596.0 166627.0
18615.0 164714.0
20421.0 164328.0
21266.0 163860.0
21342.0 161988.0
21708.0 161105.0
23950.0 161104.0
24016.0 160760.0
24801.0 160730.0
25513.0 160677.0
28763.0 159646.0
36184.0 159462.0
39358.0 159250.0

18545.0 167885.0
18596.0 166275.0
18615.0 164708.0
19946.0 164683.0
20421.0 164648.0
20766.0 164319.0
21266.0 163522.0
21342.0 161988.0
21708.0 161035.0
24016.0 160760.0
24801.0 160730.0
25513.0 160677.0
28763.0 159646.0
36184.0 159462.0
39358.0 159250.0

18545.0 167885.0
18596.0 166627.0
18615.0 163531.0
20766.0 163145.0
21266.0 163107.0
21342.0 162104.0
21587.0 162103.0
21638.0 162052.0
21657.0 161861.0
21708.0 161619.0
24016.0 161605.0
24516.0 161394.0
24592.0 161238.0
24750.0 161175.0
24782.0 160472.0
28763.0 159147.0
32013.0 159137.0
35263.0 158821.0
41611.0 158475.0


