21266.0 356912.0
21661.0 356459.0
21689.0 355712.0
23316.0 354092.0
23392.0 348209.0
23550.0 346492.0
23916.0 345492.0
24182.0 339638.0
24516.0 339537.0
25437.0 339369.0
25513.0 333210.0
26807.0 333115.0
27166.0 332977.0
27411.0 332919.0
28187.0 331618.0
32934.0 331029.0

22263.0 339821.0
25437.0 339643.0
25513.0 336808.0
26643.0 336760.0
29684.0 336666.0
30955.0 336456.0
32858.0 335891.0
32934.0 335692.0

22020.0 350704.0
22263.0 339821.0
24976.0 339585.0
25010.0 336665.0
25513.0 336551.0
29684.0 335855.0
32934.0 335692.0
37105.0 335311.0

22263.0 339821.0
24176.0 339559.0
24592.0 338277.0
24801.0 338086.0
24913.0 337002.0
25513.0 336798.0
26643.0 336760.0
27843.0 336362.0
29684.0 335694.0
32934.0 335692.0

21708.0 354117.0
22102.0 349734.0
22263.0 339821.0
24516.0 339038.0
24592.0 338655.0
24750.0 338338.0
24913.0 338225.0
25010.0 337767.0
25437.0 334981.0
28163.0 334065.0

20955.0 348982.0
22263.0 339723.0
24016.0 338768.0
24237.0 338047.0
24937.0 335488.0
25437.0 335265.0
25513.0 333969.0
31437.0 333780.0

22263.0 339821.0
24237.0 338139.0
25485.0 336783.0
25513.0 336551.0
29684.0 335466.0
31658.0 334772.0
37105.0 334124.0

21821.0 353987.0
22263.0 339821.0
24237.0 338139.0
25485.0 336783.0
25792.0 336778.0
26643.0 336760.0
28687.0 336750.0
29684.0 335466.0
32934.0 334970.0
37105.0 334124.0

22236.0 345328.0
22263.0 339821.0
24237.0 338139.0
25010.0 337848.0
25437.0 335062.0
25513.0 334976.0
28163.0 333937.0

21434.0 349143.0
22263.0 339821.0
23880.0 339231.0
24176.0 338175.0
24237.0 338139.0
24516.0 334525.0
29684.0 334492.0
30955.0 334038.0
31937.0 333847.0
32934.0 332931.0

21638.0 342369.0
22263.0 339821.0
24592.0 335808.0
24801.0 325946.0
25513.0 324748.0
26769.0 323519.0
29684.0 323080.0
31861.0 321182.0
32013.0 321056.0
32934.0 320769.0
34190.0 319521.0


