18092.0 127413.0
18596.0 124155.0
18615.0 122765.0
19845.0 122607.0
19912.0 122545.0
20421.0 122397.0
21342.0 121391.0
21638.0 121375.0
21708.0 120327.0
24516.0 120302.0
24592.0 119896.0
24820.0 119849.0
27766.0 119824.0
27913.0 119724.0
28763.0 119490.0
31016.0 119465.0
31937.0 119355.0
32013.0 119084.0
35263.0 118946.0
36184.0 118838.0
39434.0 118636.0

18016.0 131395.0
18092.0 126911.0
18545.0 123368.0
18596.0 123041.0
18615.0 122750.0
18671.0 122602.0
19471.0 122491.0
21266.0 122488.0
21342.0 121454.0
21638.0 121323.0
21708.0 121103.0
24516.0 120977.0
24592.0 120706.0
24820.0 120464.0
28687.0 120404.0
28763.0 119959.0
31937.0 119912.0
32013.0 119344.0
39434.0 119159.0
46855.0 118913.0

18016.0 131395.0
18092.0 125796.0
18545.0 123085.0
18596.0 122449.0
19471.0 122442.0
20345.0 122441.0
21266.0 122335.0
21342.0 121397.0
21587.0 121395.0
21638.0 121323.0
21708.0 121053.0
22263.0 120915.0
24516.0 120837.0
24592.0 120542.0
24820.0 120414.0
28687.0 120404.0
28763.0 119804.0
32013.0 119344.0
36184.0 119215.0
39434.0 119079.0
46855.0 118913.0

18016.0 131395.0
18092.0 123967.0
18545.0 123063.0
18596.0 122409.0
18615.0 121879.0
19112.0 121855.0
20345.0 121812.0
21266.0 121741.0
21342.0 120973.0
21638.0 120956.0
21708.0 120835.0
24516.0 120834.0
24592.0 120479.0
24820.0 120464.0
25513.0 120427.0
27913.0 120351.0
28687.0 120022.0
28763.0 119861.0
31937.0 119643.0
32013.0 119344.0
36184.0 119121.0
46855.0 118913.0

18016.0 131395.0
18092.0 125796.0
18312.0 122865.0
18596.0 121819.0
19912.0 121739.0
21266.0 121738.0
21342.0 120696.0
21708.0 120515.0
24516.0 120490.0
24592.0 120455.0
24750.0 120382.0
25513.0 120343.0
28687.0 120228.0
28763.0 119598.0
32013.0 119344.0
36184.0 119070.0
39434.0 119004.0
46855.0 118913.0

18016.0 131395.0
18092.0 124424.0
18545.0 123161.0
18596.0 122156.0
18615.0 121693.0
19112.0 121669.0
20387.0 121645.0
21266.0 121531.0
21342.0 120875.0
21657.0 120781.0
24516.0 120757.0
24592.0 120638.0
24801.0 120566.0
24820.0 120464.0
25513.0 120406.0
27913.0 120188.0
28763.0 119753.0
31937.0 119750.0
32013.0 119344.0
39358.0 119181.0
39434.0 119159.0
46855.0 118913.0

18016.0 131395.0
18092.0 125796.0
18545.0 123268.0
18596.0 122449.0
19471.0 122442.0
20345.0 122441.0
21266.0 122327.0
21342.0 121257.0
21657.0 121247.0
21708.0 121045.0
24516.0 120837.0
24592.0 120706.0
24820.0 120464.0
28687.0 120404.0
28763.0 119804.0
32013.0 119344.0
36184.0 119128.0
46855.0 118913.0

18016.0 131056.0
18092.0 122371.0
18545.0 122012.0
18596.0 121565.0
19912.0 121525.0
19946.0 121518.0
21342.0 120471.0
21708.0 120248.0
24516.0 120165.0
24592.0 120039.0
25513.0 119966.0
28763.0 119164.0
31937.0 119134.0
32013.0 119120.0
35263.0 119084.0
36184.0 118982.0
43529.0 118963.0
43605.0 118649.0

18016.0 131395.0
18092.0 124212.0
18545.0 123089.0
18596.0 121565.0
21266.0 121482.0
21342.0 120528.0
21708.0 120227.0
24592.0 119967.0
25513.0 119898.0
27862.0 119892.0
28763.0 119260.0
32013.0 119259.0
32934.0 119234.0
36108.0 119233.0
36184.0 118821.0
43605.0 118571.0

18016.0 131395.0
18092.0 122323.0
18545.0 122208.0
18596.0 121922.0
19112.0 121898.0
19912.0 121858.0
21266.0 121741.0
21342.0 120704.0
21708.0 120389.0
24516.0 120364.0
24592.0 120330.0
24750.0 120295.0
24801.0 120134.0
24820.0 119974.0
25513.0 119894.0
28763.0 119500.0
32013.0 119344.0
36184.0 119162.0
39434.0 119159.0
46855.0 118913.0

18016.0 131395.0
18092.0 123232.0
18596.0 122375.0
18615.0 122188.0
20345.0 122187.0
21266.0 121818.0
21342.0 120849.0
21638.0 120832.0
21708.0 120522.0
24516.0 120479.0
24592.0 120293.0
24750.0 120061.0
27913.0 119994.0
28763.0 118939.0
36184.0 118921.0
40355.0 118867.0
42608.0 118859.0
46855.0 118853.0
49032.0 118379.0
56453.0 118322.0
57374.0 118269.0
63874.0 116916.0


