18092.0 81699.0
18545.0 81677.0
18596.0 81390.0
18615.0 81104.0
19912.0 81080.0
20387.0 81056.0
21266.0 81055.0
21342.0 80345.0
21708.0 80015.0
24516.0 80012.0
24592.0 79895.0
25513.0 79739.0
27894.0 79737.0
28763.0 79327.0
31937.0 79324.0
32013.0 79268.0
32934.0 79180.0
36108.0 79177.0
36184.0 78770.0
39358.0 78767.0
39434.0 78735.0
43605.0 78537.0

17492.0 85480.0
17745.0 84531.0
17996.0 83321.0
18092.0 81748.0
18596.0 81122.0
19912.0 81082.0
21266.0 81039.0
21342.0 80576.0
21708.0 80234.0
24516.0 80233.0
24592.0 80099.0
24820.0 80048.0
25513.0 79992.0
27766.0 79984.0
27842.0 79956.0
28687.0 79720.0
28763.0 79560.0
31937.0 79541.0
32013.0 79482.0
35263.0 79428.0
36184.0 79164.0
39434.0 79062.0

17171.0 82672.0
17745.0 82447.0
18092.0 81748.0
18596.0 81122.0
19912.0 81082.0
21266.0 81039.0
21342.0 80575.0
21708.0 80234.0
24516.0 80233.0
24592.0 80099.0
24820.0 80048.0
25513.0 79899.0
27913.0 79872.0
28687.0 79720.0
28763.0 79560.0
31937.0 79518.0
32013.0 79482.0
32934.0 79450.0
35263.0 79428.0
36184.0 79119.0
39434.0 79062.0
43605.0 78859.0

17171.0 82672.0
17745.0 82447.0
18092.0 81611.0
18545.0 81440.0
18596.0 80750.0
19912.0 80726.0
21266.0 80683.0
21342.0 80340.0
21657.0 80235.0
21708.0 80039.0
24592.0 79980.0
25513.0 79776.0
28687.0 79720.0
28763.0 79482.0
32934.0 79187.0
36108.0 79184.0
36184.0 78910.0

17492.0 85480.0
17745.0 84531.0
17996.0 83321.0
18092.0 81748.0
18545.0 81445.0
18596.0 81122.0
19912.0 81082.0
21266.0 81039.0
21342.0 80540.0
21708.0 80234.0
24516.0 80233.0
24592.0 80099.0
24820.0 80048.0
25513.0 79899.0
27913.0 79872.0
28687.0 79720.0
28763.0 79560.0
31937.0 79541.0
32013.0 79482.0
35263.0 79428.0
36184.0 79068.0
39434.0 79062.0
43605.0 78859.0

16990.0 85282.0
17171.0 82672.0
17745.0 82447.0
18092.0 81687.0
18545.0 81458.0
18596.0 80897.0
19912.0 80857.0
21266.0 80814.0
21342.0 80388.0
21708.0 80104.0
24592.0 80045.0
25513.0 79908.0
28687.0 79675.0
28763.0 79482.0
32013.0 79411.0
32934.0 79257.0
36184.0 79068.0
39434.0 79062.0
43605.0 78719.0

17171.0 82672.0
17745.0 82447.0
18092.0 81748.0
18545.0 81440.0
18596.0 81122.0
19912.0 81082.0
21266.0 81039.0
21342.0 80575.0
21708.0 80234.0
24516.0 80233.0
24592.0 80099.0
24820.0 80048.0
25513.0 79899.0
27913.0 79872.0
28687.0 79720.0
28763.0 79560.0
31937.0 79518.0
32013.0 79482.0
35263.0 79428.0
36184.0 79136.0
39434.0 79062.0

16816.0 85804.0
16990.0 83720.0
17171.0 82672.0
17745.0 82447.0
18016.0 82404.0
18092.0 81445.0
18545.0 81401.0
18596.0 80881.0
19912.0 80857.0
21266.0 80814.0
21342.0 80428.0
21657.0 80323.0
21708.0 80187.0
24592.0 80027.0
25513.0 79725.0
28687.0 79720.0
28763.0 79482.0
32934.0 79470.0
35187.0 79437.0
35263.0 79428.0
36184.0 79119.0
39434.0 79062.0

17171.0 82672.0
17745.0 82447.0
18092.0 81748.0
18545.0 81440.0
18596.0 81122.0
19912.0 81082.0
21266.0 81039.0
21342.0 80575.0
21708.0 80234.0
24516.0 80233.0
24592.0 80099.0
24820.0 80048.0
25513.0 79899.0
27913.0 79872.0
28687.0 79720.0
28763.0 79560.0
31937.0 79518.0
32013.0 79482.0
35263.0 79428.0
36184.0 79136.0
39434.0 79062.0

17171.0 82672.0
17745.0 82447.0
18092.0 81748.0
18545.0 81654.0
18596.0 80766.0
19912.0 80726.0
21266.0 80683.0
21342.0 80435.0
21708.0 80144.0
24592.0 80085.0
24801.0 80077.0
24820.0 80048.0
25513.0 79776.0
28687.0 79720.0
28763.0 79522.0
31937.0 79497.0
32013.0 79482.0
32934.0 79468.0
35263.0 79428.0
36108.0 79184.0
36184.0 78998.0
40355.0 78841.0

16816.0 85166.0
16990.0 83720.0
17171.0 82672.0
17516.0 82440.0
17745.0 82308.0
18092.0 81536.0
18545.0 81421.0
18596.0 80766.0
19912.0 80726.0
21266.0 80683.0
21342.0 80434.0
21657.0 80399.0
21708.0 80135.0
24592.0 80018.0
25513.0 79575.0
28763.0 79308.0
32934.0 79284.0
36108.0 79061.0
36184.0 78958.0
39358.0 78902.0
39434.0 78737.0
43605.0 78393.0
46855.0 78245.0


