18092.0 168784.0
18596.0 165694.0
18615.0 163069.0
19845.0 162741.0
19980.0 162661.0
21266.0 162474.0
21342.0 161578.0
21708.0 161172.0
23595.0 161129.0
24516.0 161058.0
24820.0 160757.0
25513.0 160290.0
27913.0 160230.0
28687.0 159947.0
30136.0 159850.0
30904.0 159799.0
31016.0 159732.0
31937.0 159602.0
32013.0 159248.0
34611.0 159097.0
39358.0 159062.0
39434.0 158953.0

18513.0 176819.0
18596.0 166348.0
18856.0 166074.0
18922.0 165804.0
19146.0 164910.0
19247.0 164097.0
19946.0 164051.0
20766.0 163080.0
20838.0 163079.0
21342.0 162717.0
21708.0 162552.0
22263.0 161517.0
25513.0 161381.0
28763.0 161206.0
29684.0 161174.0
32013.0 161148.0

18513.0 176819.0
18545.0 167630.0
18596.0 163639.0
19146.0 163293.0
20766.0 163080.0
20838.0 163079.0
21266.0 163041.0
21342.0 162617.0
21638.0 162531.0
21708.0 162338.0
22263.0 161517.0
25513.0 161381.0
28763.0 160753.0
32934.0 160670.0

18513.0 176819.0
18596.0 165462.0
18856.0 164135.0
19247.0 164097.0
19471.0 164066.0
19946.0 164051.0
20766.0 163080.0
20838.0 163079.0
21266.0 163041.0
21342.0 162617.0
21638.0 162531.0
21708.0 162338.0
22263.0 161517.0
25513.0 161381.0
28763.0 160753.0
32934.0 160670.0

18513.0 176819.0
18545.0 165553.0
18596.0 163352.0
18671.0 162895.0
19471.0 162784.0
21266.0 162775.0
21342.0 162410.0
21638.0 162305.0
22263.0 161517.0
25513.0 160924.0
27690.0 160764.0
28687.0 160316.0

18092.0 165501.0
18526.0 165345.0
18596.0 163639.0
19146.0 163310.0
20766.0 163018.0
21342.0 162586.0
21638.0 162531.0
21708.0 162338.0
22263.0 161517.0
25513.0 160661.0
28763.0 160419.0

18513.0 176819.0
18596.0 164610.0
18922.0 164405.0
19146.0 164384.0
19247.0 164097.0
19946.0 164051.0
20766.0 163080.0
20838.0 163079.0
21266.0 163041.0
21342.0 162617.0
21708.0 162380.0
22263.0 161517.0
25513.0 161337.0
27043.0 160979.0
28187.0 160897.0
28763.0 160120.0
36184.0 160038.0

18092.0 166437.0
18596.0 163503.0
19146.0 163068.0
20766.0 162914.0
21342.0 162370.0
21708.0 162278.0
22263.0 161517.0
25513.0 161323.0
27043.0 160979.0
28187.0 160938.0
28763.0 160120.0
36184.0 160038.0

18513.0 176819.0
18545.0 165565.0
18596.0 163171.0
20766.0 163080.0
20838.0 162887.0
21342.0 162563.0
21638.0 162531.0
21708.0 162232.0
22263.0 161517.0
25513.0 161381.0
28763.0 160753.0
32934.0 160670.0

18092.0 166802.0
18446.0 166450.0
18596.0 164147.0
19146.0 164073.0
19505.0 163982.0
19946.0 163899.0
20766.0 163080.0
20838.0 163079.0
21266.0 163041.0
21342.0 162530.0
21708.0 162395.0
22263.0 161510.0
25513.0 161374.0
27792.0 161303.0
28187.0 161261.0
28763.0 160819.0
32013.0 160787.0
32934.0 160559.0
36108.0 160168.0
43605.0 160079.0

18092.0 164409.0
18596.0 162996.0
19946.0 162891.0
20838.0 162884.0
21266.0 162757.0
21342.0 162428.0
21708.0 162250.0
22263.0 161517.0
25513.0 160213.0
28763.0 159536.0


