18596.0 170481.0
18615.0 164019.0
19912.0 163786.0
20421.0 163750.0
21342.0 161614.0
21708.0 161238.0
24516.0 160910.0
25513.0 160198.0
27792.0 159885.0
28763.0 159156.0
31937.0 159155.0
32013.0 159102.0
32934.0 158846.0
36184.0 158265.0
39358.0 158070.0
40355.0 157778.0
46779.0 157738.0

18513.0 173012.0
18596.0 165500.0
18615.0 164953.0
19112.0 164852.0
19505.0 164308.0
19912.0 164093.0
19946.0 163300.0
20421.0 163241.0
20838.0 163058.0
21342.0 162713.0
21708.0 162619.0
22263.0 162374.0
23950.0 162359.0
24592.0 162082.0
25513.0 162032.0
27766.0 161978.0
27824.0 161956.0
27842.0 161831.0
27843.0 161778.0
28763.0 161660.0
31006.0 161404.0
31937.0 161053.0
39434.0 161034.0
42608.0 160851.0

18513.0 173012.0
18545.0 164797.0
18615.0 164795.0
19313.0 164521.0
19505.0 164308.0
19912.0 163671.0
19946.0 163300.0
20421.0 163241.0
20838.0 163058.0
21342.0 162713.0
21587.0 162662.0
21708.0 162595.0
22263.0 162374.0
23950.0 162359.0
24016.0 162347.0
24516.0 162090.0
24592.0 161711.0
25513.0 161546.0
28763.0 160814.0
31437.0 160800.0
32013.0 160736.0
35187.0 160553.0

18092.0 171425.0
18122.0 170947.0
18545.0 163517.0
19946.0 163300.0
20421.0 163241.0
20838.0 163058.0
21342.0 162418.0
21708.0 162189.0
24592.0 161711.0
25513.0 161546.0
27842.0 161404.0
28763.0 160854.0
31437.0 160840.0
32013.0 160736.0
35187.0 160553.0

18092.0 166688.0
18545.0 163419.0
19471.0 163370.0
19946.0 163202.0
20421.0 163143.0
20838.0 162960.0
21342.0 162529.0
21638.0 162391.0
22263.0 162374.0
23950.0 162359.0
24016.0 162347.0
24592.0 161711.0
25513.0 161484.0
27766.0 161348.0
28187.0 160912.0
28763.0 160694.0
35187.0 160407.0
35608.0 160243.0
36184.0 160225.0

18513.0 173012.0
18545.0 164797.0
18596.0 164030.0
18615.0 163768.0
19146.0 163714.0
19912.0 163671.0
19946.0 162823.0
20421.0 162764.0
21342.0 162638.0
21657.0 162413.0
22263.0 162374.0
23950.0 162359.0
24016.0 162347.0
24592.0 161711.0
25513.0 161484.0
28687.0 160975.0
31437.0 160960.0
32013.0 160736.0
35187.0 160553.0
36184.0 160545.0

18513.0 173012.0
18545.0 163517.0
19946.0 163300.0
20421.0 163241.0
20838.0 163058.0
21342.0 162713.0
21638.0 162544.0
22263.0 162374.0
23950.0 162359.0
24516.0 162315.0
24592.0 162082.0
24801.0 161661.0
25513.0 161415.0
28687.0 160975.0
31437.0 160960.0
32934.0 160764.0
36108.0 160763.0

18513.0 173012.0
18545.0 163517.0
19505.0 163234.0
20838.0 163058.0
21342.0 162713.0
21638.0 162544.0
22263.0 162374.0
23950.0 162359.0
24516.0 162315.0
24592.0 162082.0
24801.0 161661.0
25513.0 161415.0
28687.0 160975.0
31437.0 160960.0
32934.0 160764.0
36108.0 160763.0

18092.0 167062.0
18545.0 163395.0
19946.0 163202.0
20421.0 163143.0
20838.0 162960.0
21342.0 162693.0
21708.0 162541.0
22263.0 162374.0
23950.0 162359.0
24592.0 162082.0
24801.0 161661.0
25513.0 161415.0
28687.0 160975.0
31437.0 160960.0
32934.0 160764.0
36108.0 160763.0

18513.0 173012.0
18545.0 164797.0
18615.0 163816.0
19146.0 163223.0
19946.0 163006.0
20421.0 162947.0
20857.0 162928.0
21342.0 162282.0
21638.0 162193.0
24592.0 161642.0
25513.0 161296.0
28687.0 160975.0
31437.0 160960.0
32013.0 160831.0
32934.0 160764.0
35187.0 160608.0

18513.0 173012.0
18545.0 163517.0
19946.0 162929.0
21342.0 162101.0
21708.0 161972.0
24592.0 161855.0
24801.0 161623.0
24820.0 161358.0
25437.0 161351.0
25513.0 160638.0
28763.0 159059.0
35111.0 158912.0
35187.0 158911.0


