20166.0 309319.0
20766.0 299416.0
21689.0 298607.0
21708.0 297740.0
22020.0 296369.0
22263.0 295058.0
22495.0 292878.0
24516.0 292377.0
25437.0 291490.0
25513.0 289066.0
27030.0 288978.0
28763.0 288464.0
29684.0 287445.0
32013.0 286513.0
32934.0 286429.0
35187.0 286175.0

21108.0 320465.0
21638.0 316048.0
21708.0 307572.0
22140.0 307033.0
22263.0 300927.0
23550.0 296830.0
24651.0 296706.0
25010.0 296572.0
25417.0 296528.0
25513.0 294109.0
28187.0 293686.0

21108.0 320465.0
21638.0 316048.0
21708.0 307572.0
22140.0 307033.0
22263.0 300927.0
23550.0 296830.0
24651.0 296706.0
25010.0 296572.0
25417.0 296528.0
25513.0 294109.0
27966.0 293879.0
28187.0 293686.0
32934.0 292820.0

21108.0 320465.0
21638.0 316048.0
21657.0 301463.0
21821.0 300267.0
22020.0 298692.0
22263.0 294748.0
25513.0 294109.0
27913.0 293967.0
28187.0 293686.0
28763.0 293610.0
32013.0 292843.0
32858.0 292708.0

21108.0 320465.0
21638.0 316048.0
21708.0 302946.0
22263.0 300927.0
22461.0 298423.0
23550.0 296830.0
24016.0 296363.0
25513.0 293061.0
32934.0 292750.0

21108.0 320465.0
21638.0 316048.0
21689.0 310456.0
21708.0 300599.0
22263.0 298439.0
22461.0 295887.0
24651.0 295763.0
24750.0 294925.0
25010.0 294867.0
25513.0 293782.0
27966.0 293443.0
28187.0 293359.0
32934.0 292074.0

21108.0 320465.0
21638.0 316048.0
21708.0 307572.0
22140.0 307033.0
22263.0 300927.0
23550.0 296830.0
24651.0 296706.0
25010.0 296572.0
25417.0 296528.0
25513.0 294109.0
28187.0 293686.0
32934.0 293676.0

21108.0 320465.0
21638.0 316048.0
21708.0 303090.0
21795.0 298543.0
22263.0 296622.0
22461.0 294149.0
24592.0 293913.0
25513.0 292563.0
32934.0 292077.0

21108.0 320465.0
21638.0 316048.0
21708.0 301896.0
22263.0 299379.0
22461.0 295522.0
23940.0 294178.0
24801.0 292752.0
25513.0 292561.0
38782.0 292190.0

21108.0 320465.0
21638.0 316048.0
21708.0 307572.0
22140.0 307033.0
22263.0 300286.0
22461.0 298876.0
22495.0 298026.0
23550.0 295884.0
24651.0 295760.0
25513.0 293782.0
28187.0 291760.0
32934.0 291731.0

21108.0 320465.0
21638.0 316048.0
21661.0 303596.0
21689.0 298843.0
21708.0 289662.0
22263.0 289038.0
24440.0 289021.0
24801.0 287985.0
25513.0 286958.0
27894.0 286038.0
29684.0 281280.0
34190.0 280733.0


