17492.0 83216.0
18092.0 81383.0
18545.0 81344.0
18596.0 80936.0
19912.0 80872.0
21266.0 80869.0
21342.0 80403.0
21708.0 79950.0
24516.0 79947.0
24592.0 79854.0
25513.0 79697.0
27894.0 79696.0
27913.0 79646.0
28687.0 79643.0
28763.0 79330.0
31937.0 79261.0
32934.0 79142.0
36184.0 78861.0
39434.0 78802.0
42608.0 78801.0
46855.0 78609.0

17171.0 88260.0
17492.0 85810.0
18092.0 81473.0
18526.0 81322.0
18545.0 81300.0
18596.0 80832.0
19912.0 80808.0
21266.0 80783.0
21342.0 80370.0
21708.0 80263.0
24592.0 80119.0
25513.0 79917.0
28687.0 79892.0
28763.0 79670.0
36184.0 79204.0

17171.0 88260.0
17492.0 85810.0
18092.0 81131.0
18545.0 80990.0
18596.0 80760.0
21266.0 80735.0
21342.0 80346.0
21708.0 80263.0
24592.0 80119.0
25513.0 79917.0
28687.0 79892.0
28763.0 79552.0
32013.0 79524.0
36184.0 79204.0

17171.0 87201.0
17492.0 85810.0
17996.0 85230.0
18092.0 80932.0
18545.0 80893.0
18596.0 80674.0
19912.0 80626.0
21266.0 80623.0
21342.0 80217.0
21708.0 80038.0
24592.0 79993.0
24801.0 79949.0
24820.0 79942.0
25513.0 79856.0
27843.0 79820.0
27913.0 79706.0
28763.0 79263.0
36184.0 79127.0
45282.0 79126.0

17171.0 88260.0
17492.0 85810.0
18092.0 81350.0
18526.0 81236.0
18596.0 80674.0
19912.0 80626.0
21266.0 80625.0
21342.0 80346.0
21708.0 79950.0
24592.0 79891.0
25513.0 79853.0
28763.0 79264.0
31937.0 79261.0
32013.0 79228.0
36184.0 79028.0
39358.0 79015.0

17171.0 86321.0
17492.0 84204.0
17516.0 83451.0
18092.0 81382.0
18312.0 81299.0
18545.0 81092.0
18596.0 80832.0
19912.0 80808.0
19946.0 80787.0
21266.0 80783.0
21342.0 80346.0
21708.0 80263.0
24592.0 80061.0
24750.0 79889.0
28687.0 79765.0
28763.0 79629.0
32013.0 79583.0
32934.0 79441.0
36184.0 79204.0

17171.0 88260.0
17492.0 85810.0
18092.0 81473.0
18526.0 81322.0
18545.0 81300.0
18596.0 80832.0
19912.0 80808.0
21266.0 80783.0
21342.0 80370.0
21708.0 80263.0
24592.0 80119.0
24801.0 80097.0
24820.0 80046.0
25513.0 79917.0
28687.0 79892.0
28763.0 79670.0
32013.0 79615.0
36184.0 79204.0

17171.0 85877.0
17492.0 85619.0
17745.0 83239.0
18016.0 82745.0
18092.0 80932.0
18596.0 80674.0
19912.0 80626.0
21266.0 80623.0
21342.0 80251.0
21708.0 79950.0
24592.0 79890.0
25513.0 79752.0
27894.0 79751.0
28687.0 79749.0
28763.0 79263.0
31937.0 79260.0
32013.0 79169.0
35263.0 79110.0
36184.0 79027.0
39358.0 79014.0

17171.0 88260.0
17492.0 85810.0
18092.0 81253.0
18526.0 81236.0
18545.0 81214.0
18596.0 80674.0
19912.0 80626.0
21266.0 80623.0
21342.0 80348.0
21708.0 79950.0
24592.0 79891.0
25513.0 79852.0
28763.0 79264.0
31937.0 79261.0
32013.0 79228.0
36184.0 79028.0
39358.0 79015.0

17171.0 87201.0
17492.0 84204.0
17516.0 83337.0
18092.0 81207.0
18545.0 81092.0
18596.0 80811.0
19912.0 80808.0
19946.0 80787.0
21266.0 80783.0
21342.0 80346.0
21708.0 80127.0
24516.0 80102.0
24801.0 80097.0
24820.0 80022.0
25513.0 79880.0
28687.0 79858.0
28763.0 79546.0
32013.0 79341.0
36184.0 79204.0

17171.0 88260.0
17492.0 84429.0
17996.0 83467.0
18092.0 81038.0
18545.0 80940.0
18596.0 80755.0
19912.0 80731.0
21266.0 80712.0
21342.0 80346.0
21708.0 80055.0
24516.0 80052.0
24592.0 79960.0
24820.0 79749.0
25513.0 79621.0
27894.0 79620.0
28687.0 79618.0
28763.0 79262.0
32013.0 79146.0
35187.0 79144.0
36184.0 79136.0
39358.0 79123.0
39434.0 78667.0


