18092.0 123342.0
18545.0 123320.0
18596.0 122253.0
18615.0 121922.0
19912.0 121882.0
21266.0 121857.0
21342.0 120809.0
21638.0 120803.0
21689.0 120802.0
21708.0 120505.0
24016.0 120497.0
24516.0 120391.0
24592.0 120243.0
24820.0 120192.0
25513.0 119758.0
27843.0 119608.0
27894.0 119570.0
28763.0 119341.0
32013.0 119329.0
32934.0 118952.0
35608.0 118951.0
36184.0 118678.0

18092.0 124969.0
18312.0 124888.0
18545.0 122724.0
18596.0 122266.0
19471.0 122259.0
19912.0 121778.0
20387.0 121558.0
21342.0 121158.0
21657.0 121152.0
21708.0 120865.0
24592.0 120703.0
24801.0 120641.0
25513.0 120481.0
28763.0 120276.0
31937.0 120239.0
32013.0 120048.0
32934.0 119607.0
36184.0 119548.0

18092.0 124969.0
18312.0 124888.0
18545.0 122724.0
18596.0 122092.0
18615.0 121584.0
19912.0 121544.0
21266.0 121377.0
21342.0 121142.0
21708.0 120849.0
24516.0 120684.0
24592.0 120371.0
24820.0 120239.0
25513.0 120180.0
27843.0 120163.0
28763.0 119894.0
31437.0 119887.0
31937.0 119762.0
32013.0 119557.0
32934.0 119202.0
36184.0 119124.0
43529.0 118988.0
43605.0 118837.0

18092.0 122563.0
18545.0 122271.0
18596.0 122004.0
18615.0 121259.0
19912.0 121219.0
20345.0 121218.0
21266.0 121216.0
21342.0 120826.0
21708.0 120410.0
24516.0 120328.0
24750.0 120295.0
25513.0 119826.0
28763.0 119600.0
32013.0 119563.0
32934.0 119498.0
35187.0 119477.0
36184.0 119252.0
37861.0 119245.0
39434.0 119213.0
42608.0 119033.0
43605.0 118958.0
46779.0 118877.0

18092.0 124969.0
18312.0 124888.0
18545.0 122724.0
18596.0 122231.0
18615.0 121584.0
19912.0 121544.0
21266.0 121377.0
21342.0 121103.0
21708.0 120654.0
24592.0 120521.0
25513.0 120047.0
28763.0 119625.0
32934.0 119440.0
36184.0 119133.0
43529.0 119045.0

18092.0 124698.0
18312.0 124373.0
18545.0 122512.0
18596.0 122131.0
18615.0 121229.0
19912.0 121189.0
21266.0 121185.0
21342.0 120644.0
21708.0 120343.0
24592.0 120278.0
24750.0 120256.0
25513.0 119968.0
28763.0 119683.0
32013.0 119462.0
32934.0 119361.0
36184.0 119054.0
42608.0 119033.0
43605.0 118958.0
46779.0 118877.0

18092.0 124969.0
18312.0 124888.0
18545.0 122724.0
18596.0 122266.0
18615.0 121944.0
19471.0 121940.0
19845.0 121925.0
19912.0 121778.0
20387.0 121550.0
21342.0 121116.0
21708.0 120500.0
24516.0 120420.0
28687.0 120392.0
28763.0 119631.0
32934.0 119607.0
36184.0 119548.0
39358.0 119506.0
43605.0 119197.0
46779.0 119190.0

18092.0 124520.0
18545.0 122724.0
18596.0 122161.0
18615.0 121807.0
19912.0 121445.0
20387.0 121421.0
21266.0 121420.0
21342.0 120880.0
21657.0 120846.0
21708.0 120395.0
24516.0 120392.0
24592.0 120336.0
25513.0 120090.0
28763.0 119556.0
31937.0 119555.0
32934.0 119390.0
36184.0 119325.0
39358.0 119324.0
43605.0 119139.0
46779.0 119136.0
50029.0 119119.0

18092.0 124969.0
18312.0 124888.0
18545.0 122724.0
18596.0 122231.0
18615.0 121531.0
19912.0 121507.0
21266.0 121505.0
21342.0 120948.0
21708.0 120500.0
24516.0 120420.0
25513.0 120259.0
28687.0 120258.0
28763.0 119631.0
31937.0 119589.0
32013.0 119573.0
35187.0 119544.0
36184.0 119283.0
43605.0 119001.0

18092.0 123413.0
18526.0 123351.0
18545.0 122709.0
18596.0 122266.0
18615.0 121833.0
19912.0 121149.0
21266.0 121146.0
21342.0 120801.0
21708.0 120317.0
24801.0 120131.0
25513.0 119798.0
28763.0 119631.0
32934.0 119607.0
36184.0 119390.0
43605.0 119197.0
46779.0 119190.0

18092.0 124572.0
18545.0 122320.0
18596.0 121972.0
18615.0 121243.0
19912.0 121219.0
20345.0 121218.0
21266.0 121215.0
21342.0 120849.0
21708.0 120406.0
24516.0 120405.0
24592.0 120380.0
24801.0 120329.0
24820.0 120227.0
25513.0 119667.0
27894.0 119565.0
28763.0 119169.0
36184.0 118905.0
42532.0 118853.0
43605.0 118423.0


