20857.0 215814.0
21108.0 215108.0
21342.0 207612.0
21708.0 205679.0
22461.0 205029.0
24592.0 204890.0
24750.0 204749.0
25513.0 204326.0
28763.0 203830.0
31937.0 203600.0
32013.0 203349.0
36184.0 202488.0
43605.0 202296.0

19946.0 214858.0
21342.0 213674.0
21579.0 213620.0
21708.0 210019.0
22263.0 206870.0
27894.0 206580.0

19946.0 214858.0
21266.0 213260.0
21342.0 210428.0
21627.0 209285.0
21657.0 208870.0
21708.0 207016.0
22263.0 206870.0
24592.0 206135.0
28687.0 206012.0
31016.0 205952.0
31937.0 205719.0
32013.0 205386.0

19466.0 217173.0
19946.0 214858.0
21266.0 213610.0
21342.0 207660.0
22263.0 206099.0
24440.0 206096.0
25451.0 205798.0
27766.0 205751.0
27894.0 204819.0
28687.0 204431.0
31937.0 204324.0

19505.0 221887.0
19946.0 214858.0
20768.0 214135.0
20838.0 213754.0
21266.0 213330.0
21342.0 207336.0
21708.0 206602.0
22263.0 204539.0
23080.0 204503.0
23880.0 204364.0
27043.0 204236.0
28687.0 203783.0
33248.0 203770.0

19946.0 214858.0
21021.0 211377.0
21342.0 209787.0
21657.0 209125.0
21708.0 206108.0
22263.0 206099.0
24016.0 206030.0
24820.0 205764.0
25513.0 205737.0
26911.0 205526.0
28187.0 205453.0
28687.0 204769.0
32934.0 204058.0

19946.0 214858.0
20857.0 214490.0
21342.0 213674.0
21579.0 213620.0
21689.0 210188.0
21708.0 210019.0
22263.0 206870.0
27894.0 206580.0
28763.0 206303.0
31937.0 206089.0
32334.0 205677.0

19505.0 214391.0
20345.0 214159.0
20690.0 212898.0
20838.0 209511.0
21266.0 208879.0
21342.0 208777.0
21708.0 208132.0
22263.0 206375.0
24516.0 206223.0
24801.0 206132.0
25437.0 205694.0
25513.0 205682.0
28687.0 204658.0
39358.0 204459.0

19946.0 214858.0
20690.0 212898.0
21266.0 211144.0
21342.0 208673.0
21661.0 208643.0
21708.0 208167.0
22020.0 207947.0
22263.0 204912.0
24750.0 204758.0
25513.0 204004.0
28763.0 203669.0

19946.0 214858.0
20066.0 214204.0
21342.0 211847.0
21661.0 209999.0
21708.0 207871.0
22020.0 207346.0
22263.0 206533.0
24016.0 206426.0
24516.0 206056.0
26643.0 205776.0
26992.0 205179.0
31937.0 204578.0
32013.0 204288.0
39358.0 204036.0

19946.0 210329.0
21190.0 208896.0
21657.0 208471.0
21708.0 203336.0
24801.0 201514.0
27690.0 201107.0
32013.0 200436.0
36184.0 199800.0
41611.0 198213.0
42532.0 197852.0
42684.0 197448.0


