16990.0 82973.0
17095.0 82874.0
17745.0 82499.0
18016.0 82380.0
18092.0 82027.0
18596.0 81660.0
18615.0 80865.0
19912.0 80841.0
20345.0 80838.0
21342.0 80529.0
21708.0 80106.0
24516.0 80103.0
24592.0 79977.0
24750.0 79960.0
24820.0 79909.0
25513.0 79889.0
27842.0 79876.0
27843.0 79868.0
27913.0 79839.0
28687.0 79814.0
28763.0 79402.0
31937.0 79400.0
32013.0 79274.0
35263.0 79240.0
36184.0 78923.0
46855.0 78814.0

17996.0 89801.0
18092.0 81563.0
18545.0 81339.0
18596.0 81125.0
21266.0 81067.0
21342.0 80814.0
21708.0 80809.0
22263.0 80620.0
24516.0 80619.0
24592.0 80607.0
24750.0 80594.0
24801.0 80556.0
25513.0 80277.0
28763.0 79817.0
32013.0 79741.0
36184.0 79444.0

17996.0 89801.0
18092.0 81563.0
18545.0 81339.0
18596.0 81125.0
21266.0 81067.0
21342.0 80814.0
21708.0 80620.0
24516.0 80379.0
25513.0 80277.0
28763.0 79817.0
32013.0 79741.0
36184.0 79444.0

17996.0 89801.0
18092.0 81563.0
18545.0 81339.0
18596.0 81125.0
18615.0 80891.0
19912.0 80867.0
20387.0 80851.0
21266.0 80848.0
21342.0 80457.0
21708.0 80232.0
24516.0 80229.0
25513.0 80068.0
28763.0 79817.0
32013.0 79741.0
36184.0 79444.0

17996.0 89801.0
18092.0 81489.0
18545.0 81339.0
18596.0 81051.0
21266.0 81003.0
21342.0 80716.0
21708.0 80578.0
24592.0 80473.0
25513.0 80023.0
27913.0 79921.0
28763.0 79803.0
32013.0 79741.0
36184.0 79444.0

17492.0 89518.0
17996.0 88092.0
18092.0 81489.0
18545.0 81339.0
18596.0 81051.0
19912.0 81027.0
21342.0 80651.0
21708.0 80358.0
23950.0 80246.0
24516.0 80127.0
25513.0 80072.0
27913.0 80052.0
28763.0 79709.0
36184.0 79444.0

17996.0 89801.0
18092.0 81563.0
18545.0 81339.0
18596.0 81125.0
19912.0 81118.0
21266.0 81043.0
21342.0 80814.0
21708.0 80620.0
22263.0 80596.0
24516.0 80379.0
25513.0 80277.0
28763.0 79817.0
32013.0 79741.0
36184.0 79444.0

17996.0 89801.0
18092.0 81563.0
18545.0 81339.0
18596.0 80934.0
19912.0 80886.0
21342.0 80457.0
21708.0 80219.0
24516.0 80127.0
25513.0 79720.0
32934.0 79476.0
36184.0 79444.0

17996.0 89801.0
18092.0 81311.0
18545.0 81272.0
18596.0 81069.0
19912.0 80849.0
21266.0 80806.0
21342.0 80701.0
21708.0 80399.0
24516.0 80379.0
24592.0 80363.0
24750.0 80346.0
25513.0 79951.0
27843.0 79929.0
28763.0 79564.0
32934.0 79514.0
36184.0 79444.0

17492.0 89599.0
17996.0 88092.0
18092.0 81489.0
18545.0 81339.0
18596.0 81051.0
19912.0 81027.0
21266.0 81017.0
21342.0 80688.0
21657.0 80683.0
21708.0 80358.0
24516.0 80355.0
25513.0 80241.0
28763.0 79817.0
32013.0 79741.0
36184.0 79444.0

17492.0 85161.0
18092.0 81563.0
18545.0 81148.0
18596.0 80994.0
19112.0 80959.0
19912.0 80889.0
21266.0 80845.0
21342.0 80615.0
21638.0 80614.0
21708.0 80311.0
24592.0 80252.0
24750.0 80142.0
25513.0 79686.0
28763.0 79525.0
32013.0 79484.0
32934.0 79356.0
36184.0 79215.0


