16023.0 42505.0
16156.0 42062.0
16515.0 41382.0
16595.0 41150.0
17095.0 41087.0
17171.0 40744.0
18092.0 40466.0
18545.0 40444.0
18596.0 40337.0
19912.0 40313.0
21266.0 40312.0
21342.0 40064.0
21708.0 39975.0
24516.0 39974.0
24592.0 39915.0
25513.0 39758.0
27894.0 39757.0
28687.0 39755.0
28763.0 39631.0
31937.0 39630.0
32013.0 39572.0
32934.0 39512.0
36184.0 39385.0
39434.0 39326.0
43605.0 39152.0

16023.0 44195.0
16122.0 43914.0
16494.0 43828.0
16515.0 41334.0
16595.0 41102.0
17095.0 41039.0
17171.0 40921.0
18092.0 40466.0
18545.0 40444.0
18596.0 40337.0
19912.0 40313.0
21266.0 40310.0
21342.0 40104.0
21657.0 40082.0
21708.0 39975.0
24592.0 39934.0
24820.0 39884.0
25513.0 39758.0
28763.0 39632.0
32013.0 39573.0
36184.0 39550.0

16023.0 44195.0
16122.0 43914.0
16494.0 43828.0
16515.0 41334.0
16595.0 41102.0
17095.0 41039.0
17171.0 40921.0
18092.0 40466.0
18545.0 40444.0
18596.0 40337.0
19912.0 40313.0
21266.0 40310.0
21342.0 40104.0
21657.0 40082.0
21708.0 39975.0
24592.0 39934.0
24820.0 39884.0
25513.0 39758.0
28763.0 39632.0
32013.0 39573.0
36184.0 39450.0
39434.0 39391.0
46855.0 39346.0

16023.0 44195.0
16122.0 43914.0
16494.0 43828.0
16515.0 41267.0
16595.0 41035.0
17095.0 40954.0
17171.0 40921.0
18092.0 40466.0
18545.0 40444.0
18596.0 40337.0
19912.0 40313.0
21266.0 40310.0
21342.0 40088.0
21657.0 40071.0
21708.0 39975.0
24592.0 39923.0
24820.0 39884.0
25513.0 39758.0
28763.0 39632.0
32013.0 39573.0
35263.0 39555.0
36184.0 39450.0
39358.0 39407.0
39434.0 39391.0

16023.0 44195.0
16122.0 43914.0
16494.0 43828.0
16515.0 41267.0
16595.0 41035.0
17095.0 40972.0
17171.0 40916.0
18092.0 40466.0
18545.0 40444.0
18596.0 40337.0
19912.0 40313.0
21266.0 40310.0
21342.0 40064.0
21708.0 39975.0
24516.0 39974.0
24592.0 39916.0
24820.0 39865.0
25513.0 39758.0
28763.0 39632.0
32013.0 39573.0
36184.0 39504.0
39434.0 39428.0
46855.0 39346.0

16023.0 44195.0
16122.0 43914.0
16256.0 42899.0
16515.0 41267.0
16595.0 41035.0
17095.0 40972.0
17171.0 40921.0
18092.0 40466.0
18545.0 40444.0
18596.0 40337.0
19912.0 40313.0
21266.0 40310.0
21342.0 40104.0
21657.0 40082.0
21708.0 39975.0
24516.0 39974.0
24592.0 39916.0
24820.0 39884.0
25513.0 39758.0
28763.0 39632.0
32013.0 39573.0
35187.0 39572.0
35263.0 39555.0
36184.0 39450.0
39358.0 39407.0
39434.0 39391.0
40355.0 39278.0
43605.0 39152.0
51026.0 39070.0

16023.0 44195.0
16122.0 43914.0
16494.0 43828.0
16515.0 41334.0
16595.0 41102.0
17095.0 41039.0
17171.0 40921.0
18092.0 40466.0
18545.0 40444.0
18596.0 40337.0
19912.0 40313.0
21266.0 40310.0
21342.0 40104.0
21657.0 40082.0
21708.0 39975.0
24592.0 39916.0
24820.0 39884.0
25513.0 39758.0
28763.0 39632.0
32013.0 39573.0
36184.0 39450.0
39434.0 39391.0

16023.0 44195.0
16122.0 43914.0
16494.0 43828.0
16515.0 41267.0
16595.0 41035.0
17095.0 40954.0
17171.0 40744.0
18092.0 40466.0
18545.0 40444.0
18596.0 40337.0
19912.0 40313.0
21266.0 40310.0
21342.0 40088.0
21657.0 40082.0
21708.0 39975.0
24592.0 39916.0
24820.0 39884.0
25513.0 39758.0
28763.0 39632.0
32013.0 39573.0
32934.0 39524.0
36184.0 39398.0
39434.0 39391.0
43605.0 39153.0
51026.0 39071.0

16023.0 43442.0
16156.0 42999.0
16515.0 41267.0
16595.0 41035.0
17095.0 40954.0
17171.0 40916.0
18092.0 40466.0
18545.0 40444.0
18596.0 40337.0
19912.0 40313.0
21266.0 40310.0
21342.0 40088.0
21657.0 40071.0
21708.0 39975.0
24516.0 39974.0
24592.0 39916.0
24820.0 39884.0
25513.0 39758.0
28763.0 39632.0
32013.0 39573.0
32934.0 39565.0
36184.0 39450.0
39434.0 39391.0
40355.0 39278.0
43605.0 39152.0
51026.0 39070.0

16023.0 44195.0
16122.0 43914.0
16494.0 43828.0
16515.0 41267.0
16595.0 41035.0
17095.0 40954.0
17171.0 40921.0
18092.0 40466.0
18545.0 40444.0
18596.0 40337.0
19912.0 40313.0
21266.0 40310.0
21342.0 40064.0
21708.0 39975.0
24516.0 39974.0
24592.0 39916.0
24820.0 39884.0
25513.0 39758.0
28763.0 39632.0
32013.0 39573.0
35263.0 39537.0
36184.0 39450.0
39358.0 39407.0

16023.0 44195.0
16122.0 43914.0
16494.0 43828.0
16515.0 41334.0
16595.0 41102.0
17095.0 41039.0
17171.0 40768.0
18092.0 40466.0
18545.0 40444.0
18596.0 40337.0
19912.0 40313.0
21266.0 40310.0
21342.0 40088.0
21657.0 40082.0
21708.0 39975.0
24516.0 39972.0
24592.0 39916.0
24820.0 39884.0
25513.0 39758.0
28763.0 39631.0
32013.0 39573.0
32934.0 39536.0
36184.0 39410.0
39358.0 39407.0
39434.0 39363.0
43605.0 39152.0


