16515.0 88440.0
16595.0 88045.0
16816.0 83473.0
16956.0 83362.0
17516.0 83130.0
17745.0 82921.0
18092.0 81226.0
18545.0 81128.0
18596.0 81087.0
19912.0 81063.0
21266.0 81020.0
21342.0 80412.0
21708.0 80323.0
24592.0 80197.0
24801.0 80045.0
25513.0 79859.0
27842.0 79711.0
28763.0 79505.0
32013.0 79423.0
32934.0 79213.0
35187.0 79183.0
35263.0 79127.0
36184.0 79122.0
39434.0 78839.0
40355.0 78629.0
42684.0 78570.0
46855.0 78516.0
50105.0 78368.0

17516.0 88867.0
18056.0 84563.0
18092.0 81762.0
18596.0 80976.0
21342.0 80850.0
21708.0 80734.0
24516.0 80698.0
24801.0 80638.0
25513.0 79975.0
28763.0 79900.0
32934.0 79734.0

17516.0 88867.0
17745.0 82956.0
18092.0 81681.0
18596.0 80960.0
19912.0 80936.0
21266.0 80933.0
21342.0 80751.0
21708.0 80297.0
25513.0 79814.0
32934.0 79734.0
35187.0 79493.0

17516.0 88867.0
17745.0 83977.0
18056.0 83405.0
18092.0 81681.0
18596.0 80960.0
19912.0 80936.0
21266.0 80933.0
21342.0 80751.0
21657.0 80696.0
21708.0 80297.0
24592.0 80171.0
25513.0 79814.0
28763.0 79653.0
32934.0 79592.0
36184.0 79465.0

17516.0 88867.0
18016.0 82946.0
18092.0 81681.0
18596.0 80960.0
19912.0 80936.0
21266.0 80918.0
21342.0 80707.0
21708.0 80297.0
25513.0 79814.0
32934.0 79734.0
36184.0 79591.0

17492.0 84686.0
17745.0 83004.0
18092.0 81326.0
18545.0 81304.0
18596.0 80960.0
19912.0 80936.0
21266.0 80933.0
21342.0 80751.0
21638.0 80743.0
21708.0 80297.0
25513.0 79814.0
32934.0 79734.0

17516.0 88867.0
18056.0 83486.0
18092.0 81681.0
18596.0 80960.0
19912.0 80936.0
21266.0 80918.0
21342.0 80625.0
21708.0 80297.0
25513.0 79814.0
28763.0 79607.0
34687.0 79423.0
36184.0 79343.0
38858.0 79094.0

17492.0 88007.0
17745.0 83307.0
18092.0 81646.0
18545.0 81242.0
18596.0 80960.0
19912.0 80936.0
21266.0 80875.0
21342.0 80552.0
21708.0 80297.0
24592.0 80171.0
25513.0 79975.0
28187.0 79876.0
28763.0 79613.0
32013.0 79589.0
35187.0 79493.0
36184.0 79343.0

17516.0 88867.0
18016.0 82946.0
18092.0 81681.0
18596.0 80960.0
19912.0 80936.0
21266.0 80918.0
21342.0 80625.0
21708.0 80297.0
25513.0 79814.0
28763.0 79607.0
34687.0 79423.0
36184.0 79343.0
38858.0 79094.0

16990.0 85816.0
17345.0 84712.0
17492.0 83799.0
17516.0 83385.0
17745.0 83004.0
18092.0 81326.0
18545.0 81304.0
18596.0 80960.0
19912.0 80936.0
21266.0 80933.0
21342.0 80751.0
21708.0 80488.0
24592.0 80429.0
25513.0 79723.0
28763.0 79664.0
32013.0 79589.0
32934.0 79579.0
35187.0 79493.0

17492.0 84638.0
17745.0 82956.0
18092.0 81681.0
18596.0 80960.0
19912.0 80936.0
21266.0 80917.0
21342.0 80683.0
21638.0 80652.0
21657.0 80630.0
21708.0 80200.0
24516.0 80197.0
24592.0 80138.0
25513.0 79690.0
28763.0 79399.0
32934.0 79220.0
40355.0 78802.0


