18596.0 164125.0
18615.0 163179.0
19912.0 163010.0
21266.0 162918.0
21342.0 162857.0
21708.0 162682.0
22263.0 162674.0
24516.0 162583.0
24592.0 162576.0
24750.0 162486.0
24801.0 162304.0
25513.0 160675.0
27843.0 160538.0
27913.0 160490.0
28187.0 160486.0
28763.0 159435.0
32013.0 159217.0
35608.0 159171.0
36184.0 158633.0

18596.0 166344.0
18615.0 163642.0
19912.0 163577.0
21342.0 162577.0
21708.0 161994.0
22263.0 161935.0
24016.0 161928.0
24592.0 161762.0
24820.0 161653.0
27842.0 161636.0
27843.0 161511.0
28687.0 161017.0
28763.0 160793.0
30737.0 160665.0
35263.0 160606.0
36184.0 160493.0

18596.0 166344.0
18615.0 163642.0
19912.0 163577.0
21342.0 162223.0
21638.0 162206.0
21708.0 161994.0
22263.0 161935.0
24016.0 161928.0
24592.0 161762.0
24801.0 161569.0
25513.0 161276.0
27843.0 161135.0
28687.0 161017.0
28763.0 160187.0
31937.0 159944.0

18596.0 166344.0
18615.0 163538.0
19845.0 163416.0
21266.0 162865.0
21342.0 162223.0
21638.0 162206.0
21708.0 161994.0
22263.0 161935.0
24016.0 161928.0
24592.0 161762.0
24801.0 161415.0
27842.0 161289.0
28687.0 161017.0
28763.0 160786.0
30737.0 160665.0
32934.0 160371.0
42684.0 160065.0

18545.0 164915.0
18615.0 163304.0
21342.0 162223.0
21708.0 161994.0
22263.0 161895.0
24516.0 161894.0
24592.0 161621.0
24801.0 161564.0
24820.0 161216.0
28687.0 161017.0
28763.0 160667.0
30737.0 160665.0
35263.0 160606.0
36184.0 160493.0
39434.0 160395.0
42684.0 159994.0

18596.0 165282.0
18615.0 163601.0
19912.0 163577.0
20857.0 163208.0
21266.0 162842.0
21342.0 162223.0
21708.0 161994.0
22263.0 161895.0
24516.0 161879.0
24592.0 161744.0
24801.0 161639.0
25513.0 161413.0
27843.0 161330.0
27913.0 161018.0
28687.0 161017.0
28763.0 160264.0
32934.0 160053.0
36184.0 159721.0

18596.0 165182.0
18615.0 163601.0
19912.0 163577.0
21342.0 162223.0
21708.0 161994.0
22263.0 161327.0
25513.0 160992.0
27913.0 160350.0
28763.0 159968.0

18545.0 169654.0
18596.0 163696.0
18615.0 163601.0
19912.0 163577.0
20066.0 163543.0
20387.0 163503.0
20768.0 163030.0
21266.0 162755.0
21342.0 162223.0
21708.0 161965.0
22263.0 161935.0
24016.0 161928.0
24516.0 161821.0
24592.0 161762.0
24801.0 161420.0
25513.0 161160.0
28187.0 160550.0
28763.0 160238.0
42684.0 160065.0

18545.0 164915.0
18615.0 163217.0
19912.0 163177.0
20345.0 162953.0
21342.0 162223.0
21708.0 161994.0
22263.0 161895.0
24016.0 161875.0
24592.0 161762.0
24801.0 161420.0
27842.0 161289.0
28687.0 161017.0
28763.0 160735.0
30737.0 160665.0
35263.0 160606.0
36184.0 160493.0
39434.0 160400.0
42684.0 160065.0

18447.0 170459.0
18596.0 164104.0
18615.0 163601.0
19247.0 163384.0
20787.0 163383.0
21266.0 162865.0
21342.0 162223.0
21638.0 162206.0
21708.0 161994.0
22263.0 161935.0
24016.0 161906.0
24592.0 161744.0
24801.0 161209.0
27842.0 161083.0
28687.0 161017.0
28763.0 159805.0
35608.0 159723.0

18596.0 164815.0
18615.0 163148.0
21266.0 162865.0
21342.0 161803.0
21708.0 161398.0
24801.0 161394.0
25513.0 160585.0
27913.0 159646.0
28763.0 159146.0
38361.0 159086.0


