16956.0 85636.0
17171.0 84686.0
17279.0 84133.0
17492.0 84107.0
17516.0 83020.0
18016.0 82957.0
18092.0 81988.0
18545.0 81971.0
18596.0 81805.0
18615.0 81509.0
19471.0 81340.0
19912.0 81300.0
20421.0 81152.0
21342.0 80547.0
21638.0 80546.0
21708.0 80301.0
24516.0 80276.0
24592.0 80134.0
24750.0 80112.0
24820.0 79922.0
27842.0 79851.0
28763.0 79766.0
32013.0 79311.0
35263.0 79294.0
36184.0 79126.0
39434.0 78753.0
42684.0 78683.0
46855.0 78672.0

17926.0 90188.0
18016.0 83133.0
18092.0 82165.0
18596.0 81310.0
19912.0 81278.0
20421.0 81130.0
21342.0 80532.0
24516.0 80507.0
24592.0 80445.0
25513.0 80166.0
27842.0 79926.0
28763.0 79824.0
31937.0 79821.0
36184.0 79742.0

17926.0 90188.0
18016.0 83133.0
18092.0 82165.0
18596.0 81310.0
19912.0 81278.0
20421.0 81130.0
21266.0 81067.0
21342.0 80532.0
24516.0 80507.0
24592.0 80445.0
25513.0 80166.0
27842.0 79926.0
28763.0 79823.0
31937.0 79821.0
36184.0 79742.0

17926.0 90188.0
18016.0 83133.0
18092.0 82095.0
18596.0 81276.0
19112.0 81236.0
20421.0 81130.0
21342.0 80532.0
24516.0 80507.0
24592.0 80445.0
24801.0 80423.0
24820.0 80320.0
25513.0 80166.0
27842.0 79926.0
28763.0 79823.0
31937.0 79821.0
36108.0 79554.0

17926.0 90188.0
18016.0 83133.0
18092.0 82095.0
18596.0 81310.0
18615.0 81302.0
19912.0 81278.0
20421.0 81130.0
21342.0 80532.0
24516.0 80507.0
24592.0 80445.0
24801.0 80423.0
25513.0 80166.0
27842.0 79926.0
28763.0 79824.0
31937.0 79821.0
36184.0 79742.0

17745.0 83562.0
18016.0 83133.0
18092.0 81900.0
18596.0 81310.0
18615.0 81302.0
19912.0 81278.0
20421.0 81130.0
21266.0 81067.0
21342.0 80532.0
24516.0 80507.0
24592.0 80445.0
25513.0 80166.0
27842.0 79926.0
28763.0 79824.0
31937.0 79821.0
36108.0 79753.0
36184.0 79742.0
40279.0 79660.0

17926.0 90188.0
18016.0 83133.0
18092.0 82004.0
18596.0 81310.0
19912.0 81278.0
20421.0 81130.0
21266.0 81067.0
21342.0 80532.0
21708.0 80426.0
25513.0 80166.0
27842.0 79926.0
28763.0 79823.0
31937.0 79821.0
36184.0 79742.0

17745.0 83562.0
18016.0 83133.0
18092.0 82004.0
18596.0 81310.0
18615.0 81302.0
19912.0 81278.0
20421.0 81130.0
21266.0 81067.0
21342.0 80532.0
21708.0 80426.0
25513.0 80166.0
27842.0 79926.0
28763.0 79823.0
31937.0 79821.0
36184.0 79742.0

17926.0 90188.0
18016.0 83133.0
18092.0 82004.0
18596.0 81310.0
18615.0 81302.0
19912.0 81278.0
20421.0 81130.0
21266.0 81067.0
21342.0 80532.0
21708.0 80426.0
25513.0 80166.0
27842.0 79926.0
28763.0 79823.0
31937.0 79821.0
36184.0 79742.0

17745.0 83562.0
18016.0 83133.0
18092.0 82004.0
18596.0 81310.0
18615.0 81302.0
19912.0 81278.0
20421.0 81130.0
21266.0 81067.0
21342.0 80532.0
21708.0 80426.0
25513.0 80166.0
27842.0 79926.0
28763.0 79823.0
31937.0 79821.0
36108.0 79472.0

17095.0 82848.0
17171.0 81898.0
18092.0 81482.0
18545.0 81460.0
18596.0 81310.0
18615.0 81302.0
19845.0 81287.0
19912.0 81278.0
20421.0 81130.0
21266.0 81067.0
21342.0 80532.0
21708.0 80320.0
24592.0 80212.0
25513.0 80003.0
27842.0 79926.0
28763.0 79440.0
36184.0 79248.0
39358.0 79227.0


