16023.0 44120.0
16290.0 42939.0
16571.0 42906.0
16595.0 42240.0
16990.0 41546.0
17516.0 41203.0
18016.0 41104.0
18092.0 40466.0
18545.0 40444.0
18596.0 40337.0
19912.0 40313.0
21266.0 40310.0
21342.0 40064.0
21708.0 39975.0
24516.0 39972.0
24592.0 39915.0
24820.0 39865.0
25513.0 39758.0
27894.0 39757.0
28687.0 39755.0
28763.0 39631.0
31937.0 39629.0
32013.0 39572.0
32934.0 39511.0
36184.0 39385.0
39434.0 39326.0
40355.0 39279.0
43605.0 39152.0

16023.0 54373.0
16156.0 49279.0
16515.0 42497.0
16595.0 42102.0
16816.0 41457.0
16990.0 41396.0
17516.0 41164.0
18016.0 41083.0
18092.0 40466.0
18545.0 40444.0
18596.0 40337.0
19912.0 40313.0
21266.0 40310.0
21342.0 40064.0
21708.0 39975.0
24516.0 39974.0
24592.0 39916.0
25513.0 39782.0
28763.0 39656.0
32934.0 39548.0
36184.0 39398.0

16023.0 47153.0
16515.0 42497.0
16595.0 42102.0
16816.0 41457.0
16990.0 41396.0
17516.0 41164.0
18016.0 41083.0
18092.0 40466.0
18545.0 40444.0
18596.0 40337.0
19912.0 40313.0
21266.0 40310.0
21342.0 40064.0
21708.0 39975.0
24516.0 39974.0
24592.0 39916.0
25513.0 39758.0
28763.0 39632.0
32934.0 39548.0
36184.0 39398.0

16023.0 47537.0
16515.0 42327.0
16519.0 42306.0
16595.0 41932.0
16816.0 41457.0
16990.0 41396.0
17516.0 41164.0
18016.0 41083.0
18092.0 40466.0
18545.0 40444.0
18596.0 40337.0
19912.0 40313.0
21266.0 40310.0
21342.0 40064.0
21708.0 39975.0
24516.0 39974.0
24592.0 39916.0
25513.0 39758.0
28687.0 39757.0
28763.0 39632.0
32934.0 39524.0
36184.0 39398.0

16023.0 54373.0
16156.0 49279.0
16515.0 42497.0
16595.0 42102.0
16816.0 41457.0
16990.0 41396.0
17516.0 41152.0
18016.0 41053.0
18092.0 40466.0
18545.0 40444.0
18596.0 40337.0
19912.0 40313.0
21266.0 40310.0
21342.0 40064.0
21708.0 39975.0
24516.0 39974.0
24592.0 39916.0
25513.0 39758.0
28763.0 39656.0
32013.0 39651.0
32934.0 39548.0
36184.0 39398.0
43605.0 39219.0

16023.0 48278.0
16156.0 47250.0
16290.0 46064.0
16515.0 41715.0
16595.0 41320.0
17095.0 41221.0
17516.0 41164.0
18016.0 41083.0
18092.0 40466.0
18545.0 40444.0
18596.0 40337.0
19912.0 40313.0
21266.0 40310.0
21342.0 40064.0
21708.0 39975.0
24516.0 39974.0
24592.0 39916.0
25513.0 39758.0
28687.0 39757.0
28763.0 39632.0
32013.0 39596.0
32934.0 39524.0
36184.0 39398.0

16023.0 47003.0
16290.0 45557.0
16515.0 42497.0
16595.0 42102.0
16816.0 41457.0
16990.0 41396.0
17516.0 41164.0
18016.0 41083.0
18092.0 40466.0
18545.0 40444.0
18596.0 40337.0
19912.0 40313.0
21266.0 40310.0
21342.0 40064.0
21708.0 39975.0
24516.0 39974.0
24592.0 39916.0
25513.0 39758.0
28763.0 39632.0
32013.0 39596.0
32934.0 39512.0
36184.0 39398.0

16023.0 49560.0
16156.0 47250.0
16515.0 42069.0
16816.0 41457.0
16990.0 41396.0
17516.0 41164.0
18016.0 41083.0
18092.0 40466.0
18545.0 40444.0
18596.0 40337.0
19912.0 40313.0
21266.0 40310.0
21342.0 40064.0
21708.0 39975.0
24516.0 39974.0
24592.0 39915.0
25513.0 39758.0
28763.0 39632.0
31937.0 39631.0
32013.0 39573.0
32934.0 39512.0
36184.0 39398.0

16023.0 54373.0
16156.0 49279.0
16515.0 42497.0
16571.0 41792.0
16816.0 41457.0
16990.0 41396.0
17516.0 41152.0
18016.0 41053.0
18092.0 40466.0
18545.0 40444.0
18596.0 40337.0
19912.0 40313.0
21266.0 40310.0
21342.0 40064.0
21708.0 39975.0
24516.0 39974.0
24592.0 39916.0
24820.0 39865.0
25513.0 39758.0
28687.0 39757.0
28763.0 39632.0
32013.0 39573.0
32934.0 39511.0
36184.0 39385.0
40355.0 39367.0
43605.0 39153.0

16023.0 49560.0
16156.0 47250.0
16515.0 41715.0
16595.0 41320.0
17095.0 41221.0
17516.0 41164.0
18016.0 41083.0
18092.0 40466.0
18545.0 40444.0
18596.0 40337.0
19912.0 40313.0
21266.0 40310.0
21342.0 40064.0
21708.0 39975.0
24516.0 39972.0
24592.0 39916.0
24820.0 39865.0
25513.0 39758.0
28687.0 39755.0
28763.0 39632.0
32013.0 39573.0
32934.0 39512.0
36184.0 39398.0
39434.0 39340.0
40355.0 39279.0

16023.0 45117.0
16515.0 41715.0
16595.0 41320.0
17095.0 41221.0
17516.0 41164.0
18016.0 41083.0
18092.0 40466.0
18545.0 40444.0
18596.0 40337.0
19912.0 40313.0
21266.0 40310.0
21342.0 40064.0
21708.0 39975.0
24516.0 39974.0
24592.0 39916.0
24820.0 39884.0
25513.0 39758.0
28687.0 39755.0
28763.0 39632.0
32013.0 39573.0
32934.0 39511.0
36184.0 39386.0
39434.0 39326.0
43605.0 39152.0


