18092.0 82521.0
18545.0 82504.0
18596.0 82338.0
18615.0 81641.0
19146.0 81583.0
19946.0 81472.0
20387.0 81448.0
21266.0 81445.0
21342.0 80393.0
21708.0 80134.0
24592.0 79974.0
24820.0 79923.0
27913.0 79824.0
28763.0 79495.0
32013.0 79269.0
36184.0 79167.0
39434.0 78935.0

16913.0 91614.0
17431.0 91544.0
17492.0 84152.0
17647.0 83637.0
17745.0 83472.0
18016.0 83402.0
18092.0 82202.0
18526.0 82055.0
18545.0 81781.0
18596.0 81478.0
19946.0 81454.0
21342.0 80670.0
21638.0 80669.0
24516.0 80645.0
24750.0 80458.0
25513.0 80339.0
28763.0 79872.0
32013.0 79845.0
32934.0 79626.0
36184.0 79386.0

16913.0 91614.0
17431.0 91544.0
17492.0 84152.0
17647.0 83637.0
17745.0 83472.0
18016.0 83402.0
18092.0 82202.0
18526.0 82055.0
18545.0 81781.0
18596.0 81478.0
19946.0 81454.0
21342.0 80670.0
21638.0 80669.0
23950.0 80520.0
24750.0 80422.0
24820.0 80216.0
28763.0 79562.0
36184.0 79308.0

16913.0 91614.0
17431.0 91544.0
17492.0 84152.0
17647.0 83637.0
17745.0 83436.0
18016.0 83402.0
18092.0 82202.0
18494.0 82153.0
18526.0 82055.0
18545.0 81736.0
18596.0 81478.0
18615.0 81463.0
19946.0 81454.0
21266.0 81420.0
21342.0 80601.0
21638.0 80600.0
24516.0 80576.0
24592.0 80484.0
24750.0 80119.0
27862.0 80068.0
28763.0 79872.0
32013.0 79845.0
32934.0 79626.0
36184.0 79308.0

16913.0 91614.0
17431.0 91544.0
17492.0 84152.0
17647.0 83637.0
17745.0 83472.0
18016.0 83402.0
18092.0 81424.0
18545.0 81227.0
18596.0 81208.0
19471.0 81184.0
20345.0 81183.0
20421.0 81168.0
21342.0 80594.0
21657.0 80503.0
21708.0 80382.0
24592.0 80094.0
24820.0 80043.0
28763.0 79538.0
32934.0 79409.0
36184.0 79308.0
43605.0 79290.0

16913.0 91614.0
16956.0 85222.0
17171.0 84174.0
17492.0 84152.0
17647.0 83637.0
17745.0 83472.0
18016.0 83402.0
18092.0 81798.0
18545.0 81705.0
18596.0 81478.0
19946.0 81454.0
21266.0 81453.0
21342.0 80670.0
21638.0 80669.0
24516.0 80645.0
24750.0 80458.0
24820.0 80377.0
25513.0 80339.0
27842.0 80242.0
28763.0 79851.0
32013.0 79838.0
32934.0 79626.0
36184.0 79308.0

16913.0 91614.0
17431.0 91544.0
17492.0 84152.0
17647.0 83637.0
17745.0 83472.0
18016.0 83402.0
18092.0 82202.0
18494.0 82154.0
18526.0 82055.0
18545.0 81719.0
18596.0 81478.0
19946.0 81454.0
21342.0 80670.0
21638.0 80669.0
22263.0 80453.0
24750.0 80304.0
24801.0 80194.0
27843.0 80144.0
27862.0 80122.0
28763.0 79562.0
36184.0 79386.0

16913.0 91614.0
17431.0 91544.0
17492.0 84152.0
17516.0 83656.0
17647.0 83637.0
17745.0 83472.0
18016.0 83402.0
18092.0 82157.0
18526.0 82055.0
18545.0 81719.0
18596.0 81478.0
19946.0 81454.0
21342.0 80479.0
21638.0 80478.0
22263.0 80453.0
24750.0 80304.0
24801.0 80194.0
27843.0 80144.0
27862.0 80122.0
28763.0 79561.0
36184.0 79269.0
43605.0 79266.0

16913.0 91614.0
17431.0 91544.0
17492.0 84152.0
17647.0 83637.0
17745.0 83472.0
18016.0 83402.0
18092.0 81942.0
18545.0 81477.0
19471.0 81372.0
19946.0 81354.0
20345.0 81333.0
21266.0 81329.0
21342.0 80670.0
21638.0 80669.0
21657.0 80653.0
22263.0 80453.0
24750.0 80304.0
24801.0 80194.0
25513.0 80171.0
27843.0 80144.0
27862.0 80122.0
28763.0 79852.0
32013.0 79527.0
36184.0 79386.0

16913.0 91614.0
16956.0 85222.0
17171.0 84174.0
17492.0 83979.0
17647.0 83637.0
17670.0 83493.0
17745.0 83472.0
18016.0 83402.0
18092.0 81798.0
18545.0 81719.0
18596.0 81478.0
19946.0 81454.0
21342.0 80670.0
21638.0 80669.0
21708.0 80581.0
22263.0 80434.0
24592.0 80286.0
24801.0 80176.0
27842.0 80149.0
27843.0 80144.0
28763.0 79672.0
32934.0 79601.0
36184.0 79386.0

16913.0 91614.0
17431.0 91544.0
17492.0 83960.0
17647.0 83637.0
17745.0 82268.0
18092.0 81730.0
18545.0 81568.0
18596.0 81478.0
18615.0 81182.0
19912.0 81158.0
20387.0 81134.0
20421.0 80968.0
21342.0 80635.0
21657.0 80613.0
21708.0 80332.0
24592.0 80231.0
24820.0 80216.0
25513.0 79776.0
28763.0 79562.0
32013.0 79557.0
32934.0 79403.0
36184.0 79232.0
39434.0 79226.0
43605.0 79056.0
46855.0 78896.0


