16816.0 42487.0
16990.0 41423.0
17516.0 41191.0
18016.0 41110.0
18092.0 40496.0
18545.0 40474.0
18596.0 40337.0
19912.0 40313.0
21266.0 40310.0
21342.0 40064.0
21708.0 39975.0
24516.0 39972.0
24592.0 39915.0
24820.0 39865.0
25513.0 39758.0
27894.0 39757.0
28687.0 39754.0
28763.0 39631.0
31937.0 39628.0
32013.0 39572.0
32934.0 39511.0
36184.0 39385.0
39434.0 39326.0
40355.0 39278.0
43529.0 39276.0
43605.0 39153.0
46855.0 39093.0
54276.0 39012.0

16494.0 46725.0
16571.0 46297.0
16816.0 42528.0
16990.0 41577.0
17345.0 41445.0
17516.0 41182.0
18016.0 41083.0
18092.0 40496.0
18545.0 40474.0
18596.0 40337.0
19912.0 40313.0
21266.0 40310.0
21342.0 40064.0
21708.0 39975.0
24516.0 39974.0
24592.0 39916.0
24820.0 39865.0
25513.0 39758.0
28763.0 39631.0
31937.0 39630.0
32013.0 39573.0
32934.0 39512.0
36184.0 39398.0
39434.0 39364.0
40355.0 39279.0

16494.0 46725.0
16571.0 46297.0
16816.0 42108.0
16990.0 41577.0
17345.0 41445.0
17516.0 41182.0
18016.0 41083.0
18092.0 40496.0
18545.0 40474.0
18596.0 40337.0
19912.0 40313.0
21266.0 40310.0
21342.0 40064.0
21708.0 39975.0
24516.0 39972.0
24592.0 39916.0
24820.0 39865.0
25513.0 39758.0
28763.0 39631.0
31937.0 39630.0
32013.0 39573.0
32934.0 39512.0
36184.0 39398.0
39434.0 39364.0
40355.0 39279.0

16494.0 46725.0
16515.0 45173.0
16816.0 42528.0
16990.0 41577.0
17345.0 41445.0
17516.0 41182.0
18016.0 41083.0
18092.0 40466.0
18596.0 40337.0
19912.0 40313.0
21266.0 40310.0
21342.0 40064.0
21708.0 39975.0
24516.0 39974.0
24592.0 39916.0
24820.0 39865.0
25513.0 39758.0
28687.0 39757.0
28763.0 39631.0
31937.0 39630.0
32013.0 39573.0
32934.0 39512.0
36184.0 39398.0
39434.0 39364.0
40355.0 39279.0

16494.0 46725.0
16571.0 46297.0
16816.0 42528.0
16990.0 41577.0
17345.0 41445.0
17516.0 41182.0
18016.0 41083.0
18092.0 40466.0
18596.0 40337.0
19912.0 40313.0
21266.0 40310.0
21342.0 40064.0
21708.0 39975.0
24516.0 39974.0
24592.0 39916.0
24820.0 39865.0
25513.0 39758.0
28687.0 39757.0
28763.0 39631.0
31937.0 39630.0
32013.0 39573.0
32934.0 39512.0
36184.0 39398.0
39434.0 39364.0
40355.0 39279.0

16023.0 47887.0
16290.0 46950.0
16494.0 46725.0
16515.0 45173.0
16595.0 45166.0
16745.0 43700.0
16816.0 41843.0
16956.0 41773.0
16990.0 41396.0
17516.0 41155.0
18016.0 41083.0
18092.0 40466.0
18545.0 40449.0
18596.0 40337.0
19912.0 40313.0
21266.0 40310.0
21342.0 40064.0
21708.0 39975.0
24516.0 39972.0
24592.0 39916.0
24820.0 39865.0
25513.0 39758.0
28687.0 39757.0
28763.0 39631.0
31937.0 39630.0
32013.0 39573.0
32934.0 39512.0
36184.0 39398.0
39434.0 39364.0
40355.0 39279.0
43529.0 39278.0

16494.0 46725.0
16571.0 46297.0
16816.0 42528.0
16990.0 41577.0
17345.0 41445.0
17516.0 41182.0
18016.0 41083.0
18092.0 40466.0
18545.0 40444.0
18596.0 40337.0
19912.0 40313.0
21266.0 40310.0
21342.0 40064.0
21708.0 39975.0
24516.0 39972.0
24592.0 39916.0
24820.0 39865.0
25513.0 39758.0
28687.0 39757.0
28763.0 39631.0
31937.0 39630.0
32013.0 39573.0
32934.0 39512.0
36184.0 39398.0
39434.0 39364.0
40355.0 39279.0

16290.0 46950.0
16494.0 46725.0
16515.0 45173.0
16595.0 45166.0
16745.0 44336.0
16816.0 42451.0
16956.0 41838.0
16990.0 41387.0
17516.0 41155.0
18016.0 41074.0
18092.0 40466.0
18545.0 40444.0
18596.0 40337.0
19912.0 40313.0
21266.0 40310.0
21342.0 40064.0
21708.0 39975.0
24516.0 39972.0
24592.0 39915.0
24820.0 39865.0
25513.0 39758.0
27894.0 39757.0
28763.0 39631.0
31937.0 39630.0
32013.0 39573.0
32934.0 39512.0
36108.0 39511.0
36184.0 39398.0
39434.0 39364.0
40355.0 39279.0
43529.0 39278.0

16494.0 46725.0
16571.0 46297.0
16816.0 42528.0
16990.0 41577.0
17345.0 41445.0
17516.0 41182.0
18016.0 41083.0
18092.0 40466.0
18545.0 40449.0
18596.0 40337.0
19912.0 40313.0
21266.0 40310.0
21342.0 40064.0
21708.0 39975.0
24516.0 39974.0
24592.0 39916.0
24820.0 39865.0
25513.0 39758.0
28763.0 39631.0
31937.0 39630.0
32013.0 39573.0
32934.0 39512.0
36184.0 39398.0
39434.0 39364.0
40355.0 39279.0

16023.0 48131.0
16290.0 46950.0
16494.0 46725.0
16515.0 45173.0
16595.0 45166.0
16745.0 44336.0
16816.0 41843.0
16956.0 41773.0
16990.0 41396.0
17516.0 41155.0
18016.0 41074.0
18092.0 40466.0
18545.0 40444.0
18596.0 40337.0
19912.0 40313.0
21266.0 40310.0
21342.0 40064.0
21708.0 39975.0
24516.0 39974.0
24592.0 39915.0
24820.0 39865.0
25513.0 39758.0
27894.0 39757.0
28763.0 39631.0
31937.0 39630.0
32013.0 39573.0
32934.0 39512.0
36184.0 39386.0
39434.0 39340.0
40355.0 39279.0

16290.0 46969.0
16494.0 46725.0
16571.0 46297.0
16816.0 41608.0
16990.0 41568.0
17345.0 41406.0
17516.0 41155.0
18016.0 41074.0
18092.0 40466.0
18545.0 40444.0
18596.0 40337.0
19912.0 40313.0
21266.0 40310.0
21342.0 40064.0
21708.0 39975.0
24516.0 39974.0
24592.0 39915.0
24820.0 39865.0
25513.0 39758.0
27894.0 39757.0
28763.0 39631.0
31937.0 39629.0
32013.0 39573.0
32934.0 39512.0
36184.0 39386.0
39434.0 39364.0
40355.0 39279.0
43529.0 39278.0
43605.0 39153.0
46779.0 39151.0


