19946.0 218997.0
19980.0 217230.0
20269.0 209258.0
20857.0 208204.0
21342.0 207330.0
24516.0 206930.0
24820.0 206155.0
25513.0 204536.0
27766.0 204371.0
27843.0 204329.0
28763.0 203364.0
32934.0 202912.0
36184.0 202771.0
54276.0 202170.0

21342.0 218391.0
21661.0 215443.0
21689.0 209596.0
22263.0 206524.0
23880.0 205588.0
24731.0 205213.0
24937.0 204897.0
28763.0 204682.0
29684.0 204518.0
31437.0 204241.0

20857.0 218440.0
21342.0 212641.0
21689.0 209596.0
21708.0 207440.0
22263.0 205580.0
23880.0 205346.0
24016.0 205338.0
24731.0 205213.0
24937.0 204897.0
25513.0 204548.0
28763.0 203947.0

19505.0 217438.0
20857.0 216725.0
21138.0 214459.0
21342.0 210468.0
21661.0 209872.0
21689.0 209596.0
21708.0 207440.0
22263.0 205580.0
23880.0 205346.0
24016.0 205338.0
24731.0 205213.0
24937.0 204897.0
25513.0 204548.0
28763.0 203947.0

20857.0 214782.0
21342.0 214399.0
21638.0 212891.0
21661.0 210369.0
21689.0 209596.0
21708.0 207440.0
22263.0 205580.0
23880.0 205346.0
24016.0 205338.0
24731.0 205213.0
24937.0 204897.0
25513.0 204548.0
28187.0 204428.0
28763.0 203947.0

19471.0 221187.0
19845.0 220775.0
19946.0 218913.0
20857.0 214100.0
21342.0 211259.0
21638.0 210882.0
21661.0 210369.0
21689.0 209596.0
21708.0 208244.0
22263.0 206489.0
23880.0 205381.0
24731.0 205213.0
24937.0 204897.0
28763.0 204682.0
29684.0 204518.0
31437.0 204241.0

20857.0 218440.0
21342.0 212641.0
21638.0 211436.0
21689.0 209596.0
21708.0 209064.0
22263.0 205822.0
23880.0 205588.0
24016.0 205580.0
24731.0 205213.0
24937.0 204897.0
25513.0 204825.0
28187.0 204629.0
28763.0 204189.0

18922.0 217932.0
20066.0 217465.0
20857.0 214100.0
21266.0 212882.0
21342.0 211444.0
21638.0 207924.0
21708.0 206357.0
22263.0 205822.0
23880.0 205588.0
23950.0 205458.0
24731.0 205213.0
24937.0 204897.0
25513.0 204825.0
27843.0 204734.0
28187.0 204629.0
28763.0 204189.0

21342.0 212304.0
21638.0 211436.0
21689.0 209596.0
21708.0 209064.0
22263.0 205822.0
23880.0 205588.0
24016.0 205580.0
24731.0 205213.0
24937.0 204897.0
25513.0 204825.0
28187.0 204629.0
28763.0 204189.0

20457.0 219596.0
21342.0 212316.0
21638.0 211414.0
21689.0 208443.0
21708.0 207807.0
22020.0 207393.0
22263.0 205822.0
23880.0 205588.0
24016.0 205580.0
24731.0 205213.0
24937.0 204897.0
25513.0 204774.0
28763.0 204189.0

19821.0 213991.0
20269.0 210774.0
21190.0 208821.0
21342.0 206546.0
21708.0 205950.0
22263.0 204999.0
23519.0 204258.0
24592.0 200798.0
24782.0 200632.0
25513.0 200057.0


