18092.0 166835.0
18447.0 165789.0
18545.0 165664.0
18596.0 164801.0
19145.0 164361.0
19471.0 164067.0
19980.0 164023.0
20421.0 163783.0
21342.0 161613.0
21638.0 161368.0
21708.0 161310.0
24592.0 160911.0
24750.0 160858.0
24801.0 160699.0
25513.0 160673.0
27190.0 160467.0
27842.0 160252.0
28763.0 160024.0
31016.0 159989.0
32013.0 159864.0
35187.0 159778.0
35263.0 159777.0
36184.0 159695.0
39434.0 159568.0

18092.0 173021.0
18513.0 170582.0
18577.0 169622.0
18596.0 164532.0
19146.0 164339.0
20690.0 164331.0
20766.0 164306.0
20838.0 164305.0
21266.0 164065.0
21342.0 162088.0
21708.0 161577.0
24516.0 161506.0
24592.0 161186.0
24801.0 161007.0
28763.0 160483.0
30155.0 160474.0
31937.0 160407.0

18092.0 173021.0
18513.0 170582.0
18577.0 168836.0
18596.0 164532.0
19146.0 164339.0
19946.0 163932.0
20766.0 163610.0
20857.0 163460.0
21266.0 163289.0
21342.0 161794.0
21708.0 161338.0
24516.0 161313.0
24592.0 161186.0
24801.0 161007.0
28763.0 160483.0
30155.0 160428.0
31937.0 160407.0

18092.0 173021.0
18513.0 170582.0
18577.0 168836.0
18596.0 164532.0
19146.0 164339.0
20690.0 164331.0
20766.0 163730.0
20857.0 163694.0
21266.0 163310.0
21342.0 161794.0
21708.0 161338.0
24516.0 161313.0
24592.0 161186.0
24801.0 161007.0
25513.0 160902.0
27190.0 160621.0
28763.0 160483.0
30155.0 160428.0
31006.0 160358.0

18092.0 173021.0
18513.0 170582.0
18545.0 166512.0
18596.0 164338.0
18615.0 164216.0
20066.0 164058.0
20766.0 163826.0
21266.0 163716.0
21342.0 161794.0
21708.0 161338.0
24516.0 161313.0
24592.0 161186.0
24801.0 161007.0
28763.0 160483.0
30155.0 160428.0
31937.0 160407.0

18092.0 168167.0
18545.0 166512.0
18596.0 164461.0
18615.0 164216.0
19946.0 163420.0
20457.0 163318.0
20766.0 163257.0
21266.0 163083.0
21342.0 161794.0
21708.0 161338.0
24516.0 161313.0
24592.0 161186.0
24801.0 161007.0
28763.0 160483.0
30155.0 160428.0
31937.0 160407.0

18092.0 173021.0
18513.0 170582.0
18577.0 169622.0
18596.0 164486.0
18615.0 164290.0
19946.0 163359.0
21266.0 163208.0
21342.0 161794.0
21708.0 161338.0
24516.0 161313.0
24592.0 161186.0
24801.0 161007.0
28763.0 160483.0
30155.0 160428.0
31937.0 160407.0

18092.0 173021.0
18513.0 170582.0
18577.0 169622.0
18596.0 164406.0
18615.0 163216.0
19912.0 162871.0
21266.0 162763.0
21342.0 161794.0
21708.0 161338.0
24516.0 161313.0
24592.0 161186.0
24801.0 161007.0
28763.0 160483.0
30155.0 160428.0
31937.0 160407.0
43605.0 160288.0

18092.0 166336.0
18596.0 164285.0
18615.0 164216.0
19946.0 164204.0
20787.0 164022.0
20838.0 163905.0
21266.0 163621.0
21342.0 161794.0
21708.0 161338.0
24516.0 161313.0
24592.0 161186.0
24801.0 161007.0
28763.0 160483.0
30155.0 160428.0
31937.0 160407.0

18092.0 170901.0
18513.0 170582.0
18545.0 166512.0
18596.0 164461.0
18615.0 163522.0
19505.0 163235.0
19912.0 162918.0
21266.0 162915.0
21342.0 161794.0
21708.0 161338.0
24516.0 161313.0
24592.0 161186.0
24801.0 161007.0
25513.0 160410.0
31937.0 160407.0

18092.0 173021.0
18513.0 170582.0
18577.0 167880.0
18596.0 164532.0
18615.0 163792.0
19146.0 163653.0
19946.0 163291.0
20690.0 163283.0
21266.0 162824.0
21342.0 161709.0
21708.0 161408.0
24516.0 161383.0
24592.0 160722.0
25513.0 160156.0
28763.0 160030.0
32013.0 160017.0
34190.0 159575.0
35111.0 159345.0
36108.0 159050.0
41611.0 158270.0
49032.0 157613.0


