18092.0 124742.0
18545.0 124725.0
18596.0 122052.0
19912.0 121923.0
21342.0 120956.0
21657.0 120858.0
21708.0 120596.0
24516.0 120571.0
24801.0 120320.0
25513.0 120170.0
27766.0 120099.0
27913.0 120061.0
28763.0 119959.0
32013.0 119872.0
32934.0 119505.0
35187.0 119485.0
40355.0 119278.0

18092.0 129510.0
18545.0 127141.0
18596.0 122762.0
18615.0 122711.0
19471.0 122687.0
21342.0 121441.0
21708.0 121352.0
24516.0 121246.0
28763.0 120697.0
31937.0 120691.0
36184.0 119910.0

18092.0 129510.0
18545.0 126205.0
18596.0 122687.0
21266.0 122686.0
21342.0 121441.0
21708.0 121352.0
24516.0 121246.0
25513.0 120823.0
27913.0 120772.0
28763.0 120646.0
32934.0 120347.0
36184.0 119910.0

18092.0 129510.0
18526.0 124648.0
18596.0 121853.0
21266.0 121774.0
21342.0 121441.0
21708.0 121352.0
24516.0 121246.0
24801.0 121042.0
25513.0 120595.0
28763.0 120472.0
32013.0 120359.0
32934.0 120251.0
36184.0 119910.0

18092.0 126271.0
18447.0 124073.0
18545.0 123722.0
18596.0 121802.0
20345.0 121756.0
20421.0 121743.0
21342.0 121441.0
21689.0 121279.0
23931.0 121197.0
24516.0 121144.0
24820.0 120981.0
25513.0 120664.0
27266.0 120571.0
28763.0 120472.0
32013.0 120359.0
32934.0 120128.0
36184.0 119910.0

18092.0 129510.0
18545.0 126205.0
18596.0 122138.0
20838.0 122102.0
21266.0 122059.0
21342.0 121441.0
21708.0 121333.0
24516.0 121246.0
24750.0 121168.0
24801.0 120865.0
25513.0 120767.0
26992.0 120766.0
27842.0 120707.0
28763.0 120618.0
30955.0 120496.0
31937.0 120368.0
32013.0 120064.0
36184.0 119910.0

18092.0 129510.0
18545.0 126205.0
18596.0 122762.0
18615.0 122655.0
19471.0 122631.0
21342.0 121441.0
21708.0 121217.0
25513.0 120522.0
32934.0 119926.0
36184.0 119778.0

18092.0 129510.0
18545.0 126205.0
18596.0 122138.0
21266.0 122059.0
21342.0 121441.0
21708.0 121246.0
25513.0 120522.0
32934.0 120136.0
36184.0 119910.0

18092.0 129510.0
18447.0 123959.0
18596.0 122033.0
19505.0 121929.0
19912.0 121905.0
20345.0 121880.0
21342.0 121364.0
21708.0 121217.0
24516.0 121200.0
25513.0 120522.0
32934.0 119926.0
36184.0 119778.0

18092.0 129510.0
18545.0 126205.0
18596.0 122169.0
18615.0 122118.0
21342.0 121441.0
21708.0 121352.0
24516.0 121246.0
25513.0 120912.0
27766.0 120771.0
28763.0 120646.0
31437.0 120583.0
32934.0 120368.0
36184.0 119910.0

18092.0 127417.0
18545.0 125712.0
18596.0 122169.0
18615.0 121801.0
19112.0 121678.0
19912.0 121608.0
21266.0 121605.0
21342.0 120932.0
21708.0 120926.0
24592.0 120675.0
24820.0 120624.0
28187.0 120610.0
28763.0 119556.0
29684.0 119471.0
41611.0 119271.0
49032.0 118848.0


