20838.0 258906.0
21342.0 256015.0
21708.0 251862.0
22461.0 251847.0
23950.0 251839.0
24016.0 251759.0
24592.0 250607.0
24750.0 250505.0
25513.0 246876.0
27843.0 246603.0
27913.0 246302.0
28763.0 245435.0
32013.0 245166.0
32934.0 244868.0

20955.0 271844.0
21266.0 271364.0
21342.0 256440.0
21661.0 255519.0
21708.0 251325.0
22461.0 250587.0
24750.0 250394.0
25437.0 250004.0
25513.0 248659.0
28763.0 247866.0

20955.0 271844.0
20961.0 265319.0
21108.0 260094.0
21342.0 256440.0
21661.0 255519.0
21708.0 251325.0
22461.0 250587.0
24750.0 250394.0
24801.0 250001.0
25513.0 248659.0
28763.0 247866.0

20955.0 271844.0
21266.0 269766.0
21342.0 251829.0
21708.0 248911.0
25513.0 248354.0
28687.0 248219.0
28763.0 247866.0

20955.0 271844.0
21266.0 271364.0
21342.0 252833.0
21708.0 251325.0
22461.0 250587.0
24237.0 250390.0
24801.0 249304.0
25513.0 248659.0
28763.0 247866.0

20955.0 271039.0
21266.0 269766.0
21342.0 254127.0
21638.0 251312.0
21708.0 251099.0
22461.0 250587.0
23550.0 250002.0
24801.0 248473.0
28687.0 248446.0
28763.0 247866.0
32013.0 247810.0

20955.0 271844.0
21266.0 271364.0
21342.0 256440.0
21661.0 255519.0
21708.0 251325.0
22461.0 250587.0
24750.0 250394.0
25437.0 250004.0
25513.0 248659.0
28763.0 247866.0

20438.0 265856.0
20857.0 265088.0
21095.0 263976.0
21342.0 255051.0
21657.0 253621.0
21708.0 249303.0
23316.0 249177.0
25513.0 248659.0
28187.0 248161.0
28763.0 247866.0

20955.0 271844.0
21266.0 271364.0
21342.0 252426.0
21708.0 251325.0
21761.0 250890.0
22461.0 250587.0
24651.0 250529.0
24750.0 250394.0
24801.0 249513.0
25513.0 248659.0
28763.0 247866.0

20955.0 271844.0
21266.0 260111.0
21342.0 254601.0
21657.0 252259.0
21708.0 249303.0
24016.0 249253.0
25513.0 248041.0
28763.0 247866.0

20955.0 271844.0
21266.0 271364.0
21342.0 253734.0
21657.0 253593.0
21689.0 243502.0
24801.0 242680.0
30940.0 240008.0
32013.0 239724.0
34190.0 238903.0
36184.0 238860.0
38361.0 238810.0
41611.0 237831.0
49032.0 237209.0


