18671.0 211760.0
18922.0 209558.0
19471.0 209244.0
19505.0 208584.0
20766.0 208039.0
21266.0 207811.0
21342.0 204419.0
22136.0 204120.0
22263.0 203066.0
24516.0 202629.0
25513.0 202494.0
27043.0 202047.0
28187.0 202040.0
28687.0 201833.0
28763.0 200552.0
31937.0 200296.0
32013.0 200081.0
32934.0 199871.0
36184.0 199481.0
39358.0 199174.0

19246.0 217180.0
19313.0 214022.0
19471.0 211179.0
19505.0 208475.0
20666.0 208091.0
20766.0 207651.0
20787.0 207032.0
21266.0 205520.0
21342.0 204379.0
22936.0 204310.0
24016.0 204286.0
24516.0 204260.0
24651.0 203624.0
24750.0 203546.0
25513.0 203402.0
28687.0 203327.0
28763.0 203227.0
30936.0 203168.0
32934.0 203143.0
36108.0 202920.0
36184.0 202850.0

18596.0 212505.0
18856.0 210441.0
19112.0 209913.0
19146.0 208719.0
19471.0 206548.0
19946.0 206063.0
20438.0 205906.0
21266.0 204502.0
21342.0 203873.0
24516.0 203800.0
24592.0 203734.0
24651.0 203624.0
24750.0 203546.0
25513.0 203227.0
28687.0 203026.0
28763.0 202793.0
36184.0 202632.0

18596.0 210818.0
18856.0 210441.0
19146.0 208719.0
19247.0 207923.0
19471.0 206786.0
19505.0 205890.0
20766.0 205332.0
20838.0 204797.0
21342.0 203873.0
24016.0 203758.0
24592.0 203734.0
24651.0 203624.0
24750.0 203546.0
25513.0 203357.0
28187.0 203322.0
28763.0 203027.0
31437.0 202709.0
32013.0 202687.0
36184.0 202632.0
36341.0 202192.0

18615.0 211363.0
18671.0 207772.0
19313.0 206888.0
20766.0 205992.0
21266.0 205520.0
21342.0 203699.0
21661.0 203502.0
24592.0 203470.0
25513.0 203273.0
28687.0 203233.0
28763.0 202853.0
36184.0 202632.0

18596.0 211611.0
18615.0 207834.0
19146.0 206816.0
19505.0 206578.0
19946.0 205944.0
20766.0 205867.0
20838.0 204822.0
21342.0 203873.0
24016.0 203669.0
24651.0 203624.0
24750.0 203546.0
24801.0 203350.0
25513.0 202954.0
35608.0 202932.0
36108.0 202920.0
36184.0 202632.0

18615.0 211363.0
18671.0 207772.0
19313.0 206888.0
20766.0 205970.0
20838.0 205763.0
21266.0 205520.0
21342.0 203699.0
21661.0 203502.0
24592.0 203470.0
25513.0 203118.0
28763.0 202853.0
36184.0 202632.0

18615.0 206401.0
19505.0 205250.0
19769.0 205056.0
21266.0 205048.0
21342.0 203873.0
24016.0 203758.0
24592.0 203734.0
24651.0 203624.0
24750.0 203546.0
25513.0 203118.0
28763.0 203027.0
36108.0 202920.0
36184.0 202632.0

18615.0 211363.0
18671.0 207772.0
19313.0 207505.0
19471.0 207344.0
19505.0 207039.0
19946.0 206769.0
20766.0 205970.0
20838.0 205763.0
21266.0 205520.0
21342.0 203699.0
21661.0 203502.0
24592.0 203470.0
24750.0 203417.0
25513.0 202924.0
28763.0 202405.0
31006.0 202305.0
31437.0 202206.0
31937.0 201848.0
32013.0 201636.0

18615.0 207874.0
18671.0 207772.0
19146.0 206816.0
19471.0 206760.0
19505.0 206565.0
20766.0 205724.0
20838.0 204708.0
21342.0 203699.0
21661.0 203502.0
24592.0 203470.0
24820.0 203455.0
25513.0 202885.0
27894.0 202869.0
28763.0 202853.0
36184.0 202632.0

18596.0 213394.0
18615.0 205772.0
18856.0 205479.0
19505.0 205151.0
19946.0 204301.0
21342.0 204009.0
21638.0 203767.0
21708.0 203193.0
22263.0 202361.0
24782.0 201468.0
25513.0 200731.0
27894.0 200052.0


