21342.0 305310.0
21638.0 300806.0
22020.0 300098.0
22263.0 293396.0
23595.0 292094.0
24016.0 292051.0
24801.0 290727.0
26643.0 290381.0
26662.0 288836.0
28763.0 288310.0
32867.0 288226.0
32934.0 287250.0

20766.0 307857.0
21342.0 304306.0
21346.0 301228.0
22263.0 300775.0
22461.0 297162.0
23950.0 295011.0
25010.0 293754.0
27966.0 292763.0

20766.0 307857.0
21342.0 304306.0
21346.0 301228.0
22263.0 300775.0
22461.0 295118.0
23950.0 295011.0
24820.0 294200.0
25010.0 293754.0
27862.0 293293.0
27913.0 293053.0
27966.0 292763.0
28763.0 292003.0
30155.0 291999.0

20766.0 307857.0
21342.0 304306.0
21346.0 301228.0
22263.0 296533.0
22461.0 296032.0
23316.0 295710.0
23950.0 295011.0
23992.0 295002.0
24820.0 294659.0
25010.0 293754.0
27242.0 293613.0
27487.0 293353.0
27862.0 293256.0
27966.0 292763.0
29684.0 290989.0

20766.0 307857.0
21342.0 303889.0
21346.0 301228.0
22263.0 298888.0
22461.0 295118.0
23950.0 295011.0
24937.0 294036.0
25010.0 293754.0
27966.0 292763.0
32934.0 292377.0

20766.0 307857.0
21342.0 303889.0
21346.0 301228.0
21708.0 300674.0
22263.0 298123.0
22461.0 296645.0
23550.0 296237.0
23950.0 295011.0
24750.0 294442.0
25010.0 293754.0
26566.0 293597.0
27266.0 292939.0
27966.0 292763.0
28763.0 292605.0
29684.0 292278.0

20766.0 307857.0
21342.0 304306.0
21346.0 301228.0
21795.0 301193.0
22102.0 300945.0
22263.0 300775.0
22461.0 297162.0
23440.0 296189.0
23950.0 295011.0
24516.0 294945.0
25010.0 293754.0
26043.0 293741.0
26690.0 292941.0
27243.0 291695.0
31437.0 291075.0

20766.0 307857.0
21342.0 304306.0
21346.0 301228.0
21795.0 301193.0
22102.0 300945.0
22263.0 300694.0
22461.0 297162.0
23440.0 296189.0
23950.0 295011.0
24516.0 294945.0
25010.0 293754.0
26043.0 293741.0
26690.0 292941.0
27243.0 291695.0
31437.0 291075.0

20766.0 307857.0
21342.0 304306.0
21346.0 301228.0
21795.0 301193.0
22102.0 300945.0
22263.0 299600.0
22461.0 297162.0
23440.0 296189.0
23950.0 295011.0
24516.0 294945.0
25010.0 293754.0
26043.0 293741.0
26690.0 292941.0
27243.0 291695.0
31437.0 291075.0

20766.0 307857.0
21342.0 304306.0
21346.0 301228.0
21795.0 298887.0
22263.0 297583.0
22461.0 296645.0
23440.0 296189.0
23950.0 295011.0
24516.0 294945.0
25010.0 293754.0
26043.0 293741.0
26690.0 292941.0
27243.0 291695.0
31437.0 291075.0

20766.0 307857.0
21342.0 293366.0
21689.0 289026.0
21708.0 285925.0
23519.0 285033.0
24801.0 282880.0
25513.0 282839.0
26769.0 282563.0
27913.0 281789.0
28687.0 281682.0
30940.0 279843.0
32013.0 279309.0


