22236.0 348633.0
24201.0 346138.0
24617.0 344245.0
24750.0 343008.0
24913.0 342531.0
25513.0 341092.0
26662.0 341088.0
27062.0 340834.0
27294.0 340690.0
27487.0 339873.0
27766.0 337117.0
27894.0 334422.0
28763.0 333590.0
29684.0 332997.0
30136.0 331973.0
32013.0 331934.0
32934.0 331262.0
34099.0 330649.0

21627.0 360056.0
21657.0 347034.0
22263.0 342645.0
24237.0 341390.0
24651.0 341342.0
24801.0 340985.0
24913.0 340757.0
25437.0 340350.0
25513.0 339635.0
25809.0 339007.0
28687.0 338338.0
29684.0 337190.0
34687.0 336584.0

21627.0 360056.0
21657.0 347034.0
22263.0 341488.0
24237.0 341390.0
24651.0 341342.0
24801.0 339923.0
25437.0 338797.0
26807.0 338503.0
27843.0 338418.0
27913.0 338263.0
28763.0 337319.0
29684.0 337190.0
34687.0 336584.0

21627.0 360056.0
21657.0 347034.0
21708.0 345442.0
22263.0 342645.0
22278.0 341773.0
24237.0 341390.0
24592.0 340854.0
24913.0 340757.0
25437.0 340350.0
25513.0 338631.0
27843.0 336050.0
32013.0 335757.0
32358.0 335103.0
35263.0 335053.0

21342.0 349386.0
21657.0 347034.0
21708.0 342873.0
22263.0 341200.0
22936.0 340499.0
23940.0 339900.0
24720.0 339523.0
25437.0 338713.0
25513.0 337702.0
26332.0 335763.0
26566.0 334902.0
28187.0 334612.0
29816.0 334041.0
35508.0 333811.0
39358.0 332545.0

21627.0 360056.0
21657.0 347034.0
22263.0 342645.0
23531.0 341662.0
24237.0 341390.0
24651.0 341342.0
24801.0 340276.0
25126.0 338429.0
27024.0 338400.0
27894.0 336951.0
28187.0 335723.0
29684.0 335484.0
32934.0 335395.0

21627.0 360056.0
21657.0 347034.0
22263.0 341488.0
23931.0 340585.0
24680.0 339909.0
24801.0 336020.0
27166.0 334858.0
27792.0 334655.0
28763.0 332831.0
31937.0 332698.0

21627.0 360056.0
21657.0 347034.0
22020.0 342837.0
22263.0 339738.0
23950.0 338963.0
24016.0 338022.0
24516.0 337096.0
28187.0 335933.0
32013.0 335817.0
32934.0 335055.0

21627.0 360056.0
21657.0 347034.0
21661.0 345260.0
21708.0 345017.0
22263.0 341200.0
23992.0 340707.0
24440.0 340529.0
24592.0 338621.0
24913.0 337385.0
25513.0 335237.0
28187.0 334612.0
28763.0 333245.0
35508.0 333077.0
36184.0 332052.0
39358.0 331884.0

21627.0 360056.0
21657.0 347034.0
22263.0 342385.0
22278.0 341773.0
22480.0 341723.0
23916.0 341607.0
24237.0 341390.0
24592.0 340854.0
24801.0 340047.0
25437.0 338713.0
25513.0 338243.0
26807.0 337772.0
28163.0 337721.0
28187.0 337264.0
29684.0 337141.0
30137.0 336744.0
32013.0 336599.0
32934.0 336156.0
35263.0 336055.0
35508.0 335146.0
36184.0 334702.0

21627.0 360056.0
21657.0 347034.0
21708.0 329758.0
22263.0 328052.0
24801.0 326684.0
27894.0 325858.0
28763.0 324739.0
30987.0 322289.0
34190.0 320480.0


