20066.0 222004.0
20238.0 220030.0
20742.0 212782.0
20838.0 212027.0
21089.0 211931.0
21138.0 210173.0
21708.0 209234.0
22263.0 208004.0
25437.0 207129.0
25513.0 205742.0
28187.0 204630.0
28687.0 204451.0
32934.0 203995.0
35608.0 203591.0

19505.0 213214.0
21038.0 212995.0
21138.0 211673.0
21266.0 210985.0
21342.0 210025.0
21587.0 208889.0
21708.0 207054.0
22263.0 206198.0
24592.0 205436.0
25513.0 205013.0
29684.0 204242.0

19505.0 213214.0
21038.0 212995.0
21138.0 211673.0
21266.0 210985.0
21342.0 210025.0
21587.0 208889.0
21708.0 207054.0
22263.0 206198.0
24592.0 205436.0
25513.0 205013.0
29684.0 204242.0

19112.0 214073.0
19505.0 213214.0
20787.0 212584.0
21108.0 212210.0
21138.0 211673.0
21266.0 210985.0
21342.0 208143.0
21657.0 207033.0
21689.0 206758.0
21708.0 206541.0
22263.0 206198.0
23940.0 206071.0
24592.0 205436.0
25513.0 205013.0
29684.0 204242.0

19112.0 210291.0
19505.0 209799.0
21342.0 208059.0
21708.0 207054.0
22263.0 206198.0
24592.0 205436.0
25513.0 205013.0
29684.0 204242.0

18615.0 211109.0
19505.0 210189.0
21342.0 208103.0
21708.0 206541.0
22263.0 206198.0
24592.0 205436.0
25513.0 205013.0
29684.0 204242.0

19505.0 213214.0
21038.0 212995.0
21138.0 211673.0
21266.0 210985.0
21342.0 210025.0
21587.0 208889.0
21708.0 207054.0
22263.0 206198.0
24592.0 205436.0
25513.0 205013.0
29684.0 204242.0

19313.0 213433.0
19505.0 213214.0
21038.0 212995.0
21108.0 212210.0
21138.0 211673.0
21266.0 207798.0
21342.0 205877.0
24516.0 205540.0
24592.0 205436.0
25513.0 205013.0
28687.0 204969.0
29684.0 204242.0

19505.0 213214.0
21038.0 212995.0
21108.0 212210.0
21138.0 211673.0
21266.0 210985.0
21342.0 209255.0
21587.0 208889.0
21708.0 207054.0
22263.0 206198.0
24592.0 205436.0
25513.0 205013.0
29684.0 204242.0

18615.0 211109.0
19505.0 210189.0
21266.0 209269.0
21342.0 206216.0
22263.0 206198.0
24592.0 205436.0
25513.0 205013.0
28687.0 204745.0
29684.0 204242.0

19505.0 213214.0
19946.0 207333.0
21638.0 207094.0
21689.0 205510.0
21708.0 203120.0
22263.0 202444.0
24801.0 201450.0
30940.0 200503.0
31006.0 200224.0
31937.0 199140.0


