21342.0 254749.0
21708.0 250005.0
22020.0 248800.0
22263.0 248527.0
23550.0 248477.0
24592.0 248459.0
24801.0 247761.0
25513.0 246332.0
28763.0 245205.0
31361.0 244821.0

19980.0 268981.0
20438.0 265164.0
20742.0 261574.0
21089.0 258324.0
21108.0 257631.0
21342.0 255402.0
21708.0 255002.0
21821.0 254989.0
22263.0 252198.0
23992.0 251439.0
24801.0 249409.0
27487.0 249002.0
31437.0 248815.0

19980.0 268981.0
20438.0 265164.0
20742.0 261574.0
21089.0 258324.0
21108.0 256912.0
21342.0 255108.0
21708.0 252789.0
22263.0 252198.0
22495.0 251362.0
24592.0 251200.0
24801.0 249085.0
27487.0 249002.0
31437.0 248582.0

18922.0 267780.0
19980.0 267522.0
20166.0 261245.0
20766.0 255453.0
21342.0 254617.0
21638.0 254056.0
21708.0 251076.0
23854.0 250992.0
24801.0 249409.0
27487.0 249002.0
28763.0 248270.0
33248.0 248003.0

19980.0 268981.0
20438.0 265164.0
20742.0 261574.0
21089.0 258324.0
21108.0 256656.0
21342.0 255402.0
21708.0 249675.0
22740.0 249069.0
24592.0 249004.0
24699.0 248403.0
25513.0 247520.0
27913.0 247472.0
32013.0 246182.0

19980.0 267522.0
20066.0 262485.0
20742.0 261574.0
20838.0 256246.0
21342.0 255402.0
21689.0 255034.0
21708.0 250898.0
23854.0 250849.0
23950.0 250758.0
24237.0 250629.0
24801.0 249116.0
27487.0 249002.0
31006.0 248872.0
31437.0 248582.0

19980.0 268981.0
20438.0 265164.0
20742.0 261574.0
21089.0 258324.0
21108.0 256087.0
21342.0 255402.0
21708.0 254321.0
22263.0 251712.0
23817.0 251096.0
24801.0 249409.0
27487.0 249002.0
28763.0 248716.0
30661.0 248484.0
31006.0 248217.0

19980.0 267522.0
20238.0 264548.0
20438.0 260486.0
20955.0 260033.0
21089.0 258324.0
21108.0 256850.0
21138.0 255396.0
21342.0 253490.0
21708.0 251913.0
22263.0 251888.0
23817.0 251577.0
23992.0 251439.0
24750.0 251276.0
24801.0 249409.0
27487.0 249002.0
31006.0 248548.0

19980.0 268981.0
20438.0 265164.0
20742.0 261574.0
21089.0 258324.0
21108.0 257631.0
21342.0 253459.0
21708.0 249683.0
22495.0 249314.0
23880.0 247821.0
24750.0 247267.0
25513.0 246692.0

18922.0 265516.0
19980.0 263763.0
20742.0 261574.0
21089.0 258324.0
21108.0 257631.0
21342.0 254425.0
21689.0 252192.0
21708.0 250715.0
23817.0 249863.0
24801.0 249409.0
24937.0 249288.0
27487.0 249002.0
28763.0 248716.0
30661.0 248484.0
31006.0 248217.0

19980.0 268670.0
20438.0 265164.0
20742.0 261574.0
20857.0 255825.0
21342.0 251490.0
21661.0 251300.0
21689.0 247933.0
21708.0 245018.0
24801.0 242863.0
25513.0 241636.0
27894.0 240681.0
34190.0 239173.0


