16956.0 45688.0
18922.0 44751.0
19845.0 43290.0
21342.0 42192.0
28763.0 41083.0
36184.0 40740.0

16726.0 43883.0
16816.0 42109.0
16956.0 41998.0
17516.0 41766.0
17745.0 41586.0
18092.0 40619.0
18545.0 40602.0
18596.0 40425.0
19912.0 40313.0
21342.0 40064.0
21708.0 39975.0
24516.0 39972.0
24592.0 39915.0
25513.0 39758.0
27894.0 39757.0
28687.0 39755.0
28763.0 39631.0
31937.0 39629.0
32013.0 39572.0
32934.0 39524.0
36108.0 39523.0
36184.0 39398.0
39434.0 39339.0
40355.0 39279.0
43605.0 39152.0
46855.0 39093.0
50029.0 39092.0
51026.0 39070.0

16023.0 42369.0
16156.0 42347.0
16515.0 41448.0
16595.0 41053.0
17095.0 40954.0
18092.0 40531.0
18545.0 40509.0
18596.0 40353.0
19912.0 40313.0
21266.0 40310.0
21342.0 40186.0
21657.0 40176.0
21708.0 39975.0
24592.0 39916.0
24820.0 39865.0
25513.0 39758.0
28763.0 39632.0
32013.0 39573.0
36184.0 39450.0
43605.0 39217.0

16023.0 42369.0
16156.0 42347.0
16515.0 41448.0
16595.0 41053.0
17095.0 40954.0
17171.0 40744.0
18092.0 40531.0
18545.0 40509.0
18596.0 40337.0
19912.0 40313.0
21266.0 40310.0
21342.0 40186.0
21657.0 40176.0
21708.0 39975.0
24516.0 39972.0
24592.0 39916.0
24820.0 39865.0
25513.0 39758.0
28763.0 39632.0
32013.0 39573.0
36184.0 39450.0
39434.0 39433.0
43605.0 39217.0

16023.0 42369.0
16156.0 42347.0
16515.0 41448.0
16595.0 41053.0
17095.0 40954.0
18092.0 40466.0
18545.0 40444.0
18596.0 40337.0
19912.0 40313.0
21266.0 40310.0
21342.0 40088.0
21657.0 40071.0
21708.0 39975.0
24516.0 39974.0
24592.0 39916.0
24820.0 39865.0
25513.0 39758.0
28763.0 39632.0
32013.0 39573.0
32934.0 39512.0
36184.0 39386.0
43605.0 39177.0

16023.0 42369.0
16156.0 42347.0
16515.0 41267.0
16595.0 41035.0
17095.0 40954.0
18092.0 40466.0
18545.0 40449.0
18596.0 40337.0
19912.0 40313.0
21266.0 40310.0
21342.0 40128.0
21708.0 39975.0
24516.0 39974.0
24592.0 39916.0
24820.0 39865.0
25513.0 39758.0
28687.0 39757.0
28763.0 39632.0
31937.0 39631.0
32013.0 39573.0
32934.0 39512.0
36184.0 39386.0
43605.0 39217.0

16023.0 42369.0
16156.0 42347.0
16515.0 41448.0
16595.0 41053.0
17095.0 40954.0
18092.0 40531.0
18545.0 40444.0
18596.0 40353.0
19912.0 40313.0
21266.0 40310.0
21342.0 40153.0
21708.0 39975.0
24516.0 39974.0
24592.0 39916.0
24820.0 39865.0
25513.0 39758.0
28687.0 39757.0
28763.0 39631.0
31937.0 39629.0
32013.0 39573.0
32934.0 39512.0
36184.0 39385.0
43605.0 39217.0

16023.0 42369.0
16156.0 42347.0
16515.0 41448.0
16595.0 41053.0
17095.0 40954.0
17171.0 40744.0
18092.0 40531.0
18545.0 40509.0
18596.0 40337.0
19912.0 40313.0
21266.0 40310.0
21342.0 40169.0
21708.0 39975.0
24516.0 39972.0
24592.0 39916.0
24820.0 39865.0
25513.0 39758.0
28763.0 39632.0
32013.0 39573.0
32934.0 39512.0
36184.0 39386.0
43605.0 39217.0

16023.0 42369.0
16156.0 42347.0
16515.0 41448.0
16595.0 41053.0
17095.0 40954.0
17171.0 40744.0
18092.0 40466.0
18545.0 40444.0
18596.0 40337.0
19912.0 40313.0
21266.0 40310.0
21342.0 40064.0
21708.0 39975.0
24516.0 39972.0
24592.0 39916.0
24820.0 39865.0
25513.0 39758.0
28763.0 39632.0
32013.0 39573.0
32934.0 39512.0
36184.0 39386.0
43605.0 39217.0

16023.0 42369.0
16156.0 42347.0
16515.0 41448.0
16595.0 41053.0
17095.0 40954.0
17171.0 40744.0
18092.0 40466.0
18545.0 40444.0
18596.0 40337.0
19912.0 40313.0
21266.0 40310.0
21342.0 40088.0
21657.0 40071.0
21708.0 39975.0
24516.0 39972.0
24592.0 39916.0
24820.0 39865.0
25513.0 39758.0
28763.0 39632.0
32013.0 39573.0
32934.0 39512.0
36184.0 39386.0
43605.0 39160.0

16023.0 42369.0
16156.0 42347.0
16515.0 41448.0
16595.0 41053.0
17095.0 40954.0
17171.0 40744.0
18092.0 40466.0
18545.0 40444.0
18596.0 40337.0
19912.0 40313.0
21266.0 40310.0
21342.0 40064.0
21708.0 39975.0
24516.0 39972.0
24592.0 39915.0
24820.0 39865.0
25513.0 39758.0
28687.0 39755.0
28763.0 39632.0
31937.0 39631.0
32013.0 39572.0
32934.0 39512.0
36184.0 39386.0
39434.0 39364.0
43605.0 39217.0

16023.0 42369.0
16156.0 42086.0
16515.0 41448.0
16595.0 41053.0
17095.0 40954.0
17171.0 40744.0
18092.0 40531.0
18545.0 40449.0
18596.0 40353.0
19912.0 40313.0
21266.0 40310.0
21342.0 40064.0
21708.0 39975.0
24516.0 39972.0
24592.0 39915.0
24820.0 39865.0
25513.0 39758.0
27894.0 39757.0
28763.0 39631.0
31937.0 39628.0
32013.0 39572.0
32934.0 39511.0
36184.0 39385.0
39434.0 39340.0
40355.0 39279.0
43605.0 39152.0
46855.0 39117.0
50105.0 39058.0


