18092.0 221211.0
18579.0 218730.0
19247.0 211849.0
20079.0 211647.0
20857.0 211425.0
21266.0 211207.0
21342.0 209745.0
21689.0 209567.0
21708.0 208334.0
23316.0 206699.0
24016.0 205548.0
27266.0 205542.0
28187.0 205507.0
28687.0 204555.0
28763.0 204424.0
31006.0 204268.0

20766.0 217216.0
20961.0 215955.0
21342.0 213405.0
21708.0 211269.0
22263.0 208197.0
25513.0 207372.0
27043.0 206239.0
32934.0 205476.0
36184.0 205270.0

20766.0 217216.0
20961.0 215955.0
21342.0 213405.0
21689.0 212260.0
21708.0 210621.0
22263.0 208197.0
25513.0 207372.0
27043.0 206239.0
31437.0 206083.0
32934.0 205476.0
36184.0 205270.0

20766.0 217153.0
20857.0 212118.0
21657.0 209387.0
21708.0 208484.0
22263.0 207416.0
22495.0 206807.0
25513.0 206227.0
31437.0 205393.0
36184.0 205270.0

20766.0 217216.0
20961.0 215955.0
21138.0 214490.0
21342.0 213405.0
21689.0 212260.0
21708.0 210134.0
22263.0 208197.0
25513.0 207372.0
27043.0 206239.0
32934.0 205476.0
36184.0 205270.0

18623.0 215248.0
19146.0 210120.0
19946.0 209866.0
19980.0 209591.0
20066.0 209439.0
20766.0 208794.0
21657.0 207997.0
22263.0 207503.0
22495.0 206656.0
25513.0 206157.0
28763.0 206056.0
32013.0 205713.0
32934.0 205476.0
36184.0 205270.0

20766.0 217216.0
20961.0 215955.0
21342.0 213405.0
21689.0 212260.0
21708.0 210621.0
22263.0 208197.0
25513.0 207372.0
27043.0 206239.0
31437.0 206083.0
32934.0 205476.0
36184.0 205270.0

20166.0 218821.0
20766.0 213846.0
21342.0 209998.0
21708.0 208383.0
22263.0 206562.0
25513.0 205782.0
30155.0 205113.0

20766.0 217216.0
20961.0 215955.0
21342.0 213405.0
21364.0 212391.0
21689.0 212260.0
21708.0 209563.0
22263.0 208197.0
24592.0 208005.0
24801.0 207561.0
25513.0 207372.0
27043.0 206239.0
28763.0 206219.0
31437.0 206083.0
32934.0 205476.0
36184.0 205270.0

20155.0 220787.0
20766.0 217216.0
20961.0 215955.0
21342.0 213405.0
21364.0 212634.0
21657.0 211037.0
21708.0 207381.0
22263.0 206452.0
25513.0 205707.0
28187.0 205548.0
29684.0 205256.0
32934.0 205081.0

20766.0 217216.0
20961.0 215955.0
21266.0 213549.0
21342.0 210368.0
21657.0 208265.0
21689.0 204544.0
21708.0 202901.0
24801.0 201656.0
27894.0 201049.0
28763.0 200900.0


