17492.0 86779.0
17516.0 84797.0
17647.0 83480.0
17745.0 83315.0
18016.0 83245.0
18092.0 81641.0
18526.0 81406.0
18545.0 81293.0
18596.0 81212.0
18615.0 81195.0
19471.0 81171.0
20387.0 81147.0
21266.0 81126.0
21342.0 80400.0
21708.0 80310.0
24516.0 80307.0
24592.0 79896.0
24820.0 79845.0
25513.0 79688.0
27766.0 79685.0
27842.0 79652.0
28763.0 79328.0
32013.0 79210.0
32934.0 79190.0
35263.0 79154.0
36184.0 79035.0
39434.0 78964.0

17713.0 85828.0
17996.0 83624.0
18092.0 81784.0
18596.0 81144.0
19912.0 81120.0
20387.0 80994.0
21342.0 80395.0
21708.0 80306.0
24592.0 80113.0
24801.0 80035.0
27913.0 79977.0
28763.0 79746.0
32013.0 79661.0
36184.0 79469.0
43605.0 79236.0

17713.0 85828.0
17996.0 83624.0
18092.0 81784.0
18596.0 80801.0
19912.0 80761.0
21266.0 80758.0
21342.0 80355.0
21708.0 80266.0
24592.0 80113.0
24801.0 80035.0
25513.0 79833.0
28687.0 79832.0
28763.0 79746.0
32013.0 79661.0
36108.0 79595.0
36184.0 79469.0
43605.0 79236.0

16956.0 87464.0
17095.0 86091.0
17492.0 83599.0
17996.0 83438.0
18016.0 83437.0
18092.0 81434.0
18545.0 81417.0
18596.0 80785.0
19912.0 80761.0
21266.0 80742.0
21342.0 80168.0
21708.0 79950.0
24592.0 79909.0
24820.0 79879.0
27913.0 79719.0
28763.0 79264.0
32013.0 79223.0
36184.0 78972.0

17713.0 85828.0
17996.0 83624.0
18092.0 81784.0
18596.0 81144.0
18615.0 81079.0
19912.0 81031.0
20345.0 81028.0
20387.0 80994.0
20421.0 80904.0
21342.0 80251.0
21708.0 79950.0
24592.0 79909.0
27913.0 79719.0
28763.0 79282.0
32013.0 79223.0
36184.0 78972.0

16956.0 87464.0
17095.0 86091.0
17396.0 85490.0
17492.0 83458.0
18092.0 81784.0
18596.0 81144.0
18615.0 81079.0
19912.0 81055.0
20345.0 81052.0
20387.0 80994.0
20421.0 80928.0
21342.0 80284.0
21708.0 80039.0
24592.0 80008.0
24801.0 79930.0
25513.0 79808.0
28763.0 79398.0
32013.0 79322.0
39434.0 79026.0
40355.0 78898.0
46855.0 78555.0

17713.0 85828.0
17996.0 83624.0
18092.0 81784.0
18596.0 80994.0
19912.0 80954.0
20421.0 80904.0
21342.0 80251.0
21708.0 79950.0
24592.0 79909.0
27862.0 79808.0
27913.0 79719.0
28763.0 79264.0
32013.0 79223.0
36184.0 78972.0

16956.0 87464.0
17095.0 86091.0
17492.0 83458.0
18092.0 81743.0
18596.0 80801.0
19912.0 80761.0
21266.0 80758.0
21342.0 80251.0
21708.0 79950.0
24592.0 79909.0
25513.0 79833.0
27862.0 79808.0
27913.0 79719.0
28763.0 79264.0
32013.0 79223.0
36184.0 78972.0

17713.0 85828.0
17996.0 83624.0
18092.0 81784.0
18596.0 80994.0
19912.0 80954.0
20421.0 80904.0
21342.0 80251.0
21708.0 79950.0
24592.0 79909.0
27862.0 79808.0
27913.0 79719.0
28763.0 79264.0
32013.0 79223.0
36184.0 78972.0

16956.0 87464.0
17095.0 86091.0
17492.0 85306.0
17996.0 83349.0
18092.0 81743.0
18596.0 80785.0
19912.0 80761.0
21266.0 80742.0
21342.0 80233.0
21708.0 80122.0
24516.0 80121.0
24592.0 80032.0
24801.0 79930.0
24820.0 79919.0
25513.0 79621.0
28687.0 79620.0
28763.0 79398.0
32013.0 79339.0
32934.0 79262.0
39434.0 79026.0

17492.0 84066.0
17996.0 83624.0
18092.0 81392.0
18545.0 81190.0
18596.0 80801.0
19912.0 80761.0
21266.0 80758.0
21342.0 80251.0
21708.0 79950.0
24516.0 79947.0
24801.0 79930.0
24820.0 79857.0
25513.0 79674.0
28763.0 79308.0
32934.0 79195.0
36184.0 78892.0
43605.0 78689.0
50105.0 78386.0


