18526.0 127136.0
18596.0 122694.0
18671.0 122421.0
19112.0 122350.0
19471.0 122059.0
19912.0 122035.0
21266.0 121951.0
21342.0 120960.0
21638.0 120913.0
21708.0 120701.0
24516.0 120698.0
24592.0 120515.0
24801.0 120481.0
25513.0 120467.0
27043.0 120414.0
27894.0 120341.0
27913.0 120312.0
28763.0 119721.0
32934.0 119477.0
39358.0 119378.0

18092.0 123064.0
18545.0 122696.0
18596.0 121937.0
19912.0 121913.0
20838.0 121884.0
21266.0 121765.0
21342.0 121403.0
21689.0 121350.0
21708.0 121311.0
23950.0 121082.0
24592.0 120959.0
25513.0 120563.0
28763.0 119748.0
36184.0 119611.0
39434.0 119323.0

18092.0 123064.0
18545.0 122696.0
18596.0 121891.0
19912.0 121867.0
19946.0 121816.0
20838.0 121814.0
21266.0 121719.0
21342.0 121229.0
21708.0 120405.0
24592.0 120279.0
28763.0 119720.0
32013.0 119682.0
36184.0 119424.0
39434.0 119323.0

18092.0 122799.0
18545.0 122684.0
18596.0 121766.0
19912.0 121742.0
21266.0 121381.0
21342.0 120775.0
21708.0 120558.0
24592.0 120338.0
25513.0 120228.0
27842.0 120121.0
28763.0 119610.0
32013.0 119505.0
36184.0 119299.0
43605.0 119298.0

18092.0 123064.0
18545.0 122696.0
18596.0 121604.0
19912.0 121580.0
21266.0 121577.0
21342.0 121229.0
21708.0 121156.0
23950.0 120639.0
24750.0 120541.0
28763.0 119748.0
36184.0 119477.0
39434.0 119323.0

18092.0 122799.0
18545.0 122696.0
18596.0 121891.0
19912.0 121867.0
19946.0 121799.0
21266.0 121680.0
21342.0 120850.0
21657.0 120833.0
21708.0 120598.0
23950.0 120521.0
24016.0 120501.0
24592.0 120378.0
25513.0 120199.0
28763.0 119649.0
31437.0 119576.0
36184.0 119233.0
39434.0 119071.0

18092.0 123064.0
18545.0 122696.0
18596.0 121891.0
19912.0 121867.0
19946.0 121816.0
20838.0 121814.0
21266.0 121719.0
21342.0 120808.0
21657.0 120715.0
21708.0 120498.0
24516.0 120497.0
24592.0 120404.0
24750.0 120370.0
28763.0 119720.0
32013.0 119685.0
36184.0 119315.0

18092.0 122560.0
18596.0 121592.0
19146.0 121534.0
19912.0 121510.0
20766.0 121495.0
21342.0 120808.0
21657.0 120715.0
21708.0 120498.0
24516.0 120497.0
24592.0 120404.0
24750.0 120370.0
25513.0 120232.0
28763.0 119666.0
31937.0 119663.0
36184.0 119224.0

18092.0 123064.0
18545.0 122696.0
18596.0 121604.0
21266.0 121576.0
21342.0 120808.0
21657.0 120715.0
21708.0 120498.0
24516.0 120497.0
24592.0 120404.0
24750.0 120370.0
28187.0 120248.0
28763.0 119689.0
31437.0 119579.0
36184.0 119261.0
39434.0 119241.0
43605.0 119045.0
46855.0 119025.0

18092.0 122844.0
18545.0 122696.0
18596.0 121891.0
19912.0 121867.0
19946.0 121799.0
21266.0 121680.0
21342.0 120799.0
21708.0 120687.0
24516.0 120680.0
24592.0 120333.0
24750.0 120324.0
25513.0 120190.0
27913.0 120143.0
28763.0 119743.0
32013.0 119544.0
36184.0 119109.0

18092.0 122926.0
18545.0 121943.0
18596.0 121642.0
19912.0 121618.0
19946.0 121440.0
20766.0 121420.0
21266.0 121415.0
21342.0 120507.0
21708.0 120406.0
24592.0 120222.0
24820.0 120081.0
27843.0 119849.0
28763.0 119069.0
32934.0 118796.0
36184.0 118370.0
40355.0 118174.0
43605.0 117921.0


