16816.0 85638.0
16956.0 85287.0
17095.0 84793.0
17345.0 84749.0
17431.0 84239.0
17516.0 84007.0
18016.0 83944.0
18092.0 80932.0
18545.0 80910.0
18596.0 80674.0
19912.0 80626.0
21266.0 80623.0
21342.0 80251.0
21708.0 79950.0
24516.0 79947.0
24592.0 79831.0
24820.0 79730.0
25513.0 79623.0
27766.0 79620.0
27842.0 79587.0
28687.0 79584.0
28763.0 79263.0
31937.0 79261.0
32013.0 79144.0
35187.0 79128.0
35263.0 79109.0
36184.0 78771.0
39358.0 78768.0
39434.0 78653.0
43605.0 78510.0
46855.0 78433.0
54276.0 78338.0

16571.0 89678.0
17492.0 84730.0
18092.0 81233.0
18545.0 81211.0
18596.0 80902.0
19912.0 80878.0
21266.0 80877.0
21342.0 80562.0
21657.0 80473.0
21708.0 80078.0
24516.0 80077.0
24592.0 79985.0
24820.0 79888.0
25513.0 79801.0
27842.0 79766.0
28763.0 79351.0
36184.0 79079.0
43605.0 78715.0

16571.0 89678.0
17492.0 84730.0
18092.0 81233.0
18545.0 81211.0
18596.0 80902.0
19912.0 80878.0
21266.0 80853.0
21342.0 80562.0
21657.0 80473.0
21708.0 80078.0
24516.0 80077.0
24592.0 79985.0
24820.0 79888.0
25513.0 79801.0
27842.0 79766.0
28763.0 79351.0
36184.0 78877.0
43605.0 78714.0

16515.0 87965.0
16571.0 87643.0
17492.0 84704.0
18092.0 81206.0
18545.0 81167.0
18596.0 80883.0
19912.0 80835.0
21266.0 80834.0
21342.0 80469.0
21657.0 80347.0
21708.0 80078.0
24516.0 80077.0
24592.0 79979.0
24820.0 79888.0
25513.0 79701.0
28763.0 79351.0
32934.0 79275.0
36184.0 79028.0
39434.0 79011.0
43605.0 78644.0

16571.0 89678.0
17492.0 84730.0
18092.0 81233.0
18545.0 81211.0
18596.0 80795.0
19912.0 80744.0
21266.0 80743.0
21342.0 80168.0
21708.0 80057.0
24592.0 79985.0
24820.0 79888.0
25513.0 79516.0
27894.0 79515.0
28763.0 79351.0
32934.0 79262.0
36184.0 79079.0
40355.0 78662.0
43605.0 78610.0

16515.0 90709.0
16571.0 87297.0
17492.0 84639.0
17516.0 83742.0
18092.0 81233.0
18545.0 81211.0
18596.0 80902.0
19912.0 80878.0
20345.0 80877.0
20421.0 80866.0
21266.0 80853.0
21342.0 80498.0
21657.0 80473.0
21708.0 80078.0
24516.0 80077.0
24592.0 79985.0
24820.0 79792.0
27766.0 79788.0
27792.0 79727.0
27842.0 79726.0
28763.0 79351.0
36184.0 79079.0
43605.0 78644.0

16571.0 89678.0
17492.0 84730.0
18092.0 81233.0
18545.0 81211.0
18596.0 80795.0
19912.0 80771.0
21266.0 80746.0
21342.0 80282.0
21657.0 80265.0
21708.0 80078.0
24516.0 80077.0
24592.0 79985.0
24820.0 79888.0
25513.0 79717.0
28687.0 79709.0
28763.0 79351.0
36108.0 79291.0
36184.0 78890.0
43605.0 78714.0

16515.0 87564.0
17492.0 83995.0
17516.0 82774.0
17745.0 82763.0
18092.0 81167.0
18545.0 81150.0
18596.0 80795.0
19912.0 80771.0
21266.0 80746.0
21342.0 80282.0
21657.0 80265.0
21708.0 79990.0
24516.0 79989.0
24592.0 79872.0
24820.0 79821.0
25513.0 79637.0
28763.0 79351.0
32013.0 79341.0
32934.0 79253.0
36184.0 78877.0
43605.0 78644.0

16571.0 89678.0
17492.0 84730.0
18092.0 81233.0
18545.0 81211.0
18596.0 80795.0
19912.0 80744.0
21266.0 80743.0
21342.0 80282.0
21657.0 80265.0
21708.0 80057.0
24592.0 79985.0
24820.0 79888.0
25513.0 79717.0
28687.0 79709.0
28763.0 79351.0
36108.0 79291.0
36184.0 78890.0
43605.0 78714.0

16515.0 89161.0
17279.0 88371.0
17492.0 84730.0
18092.0 81233.0
18545.0 81211.0
18596.0 80795.0
19912.0 80771.0
21266.0 80746.0
21342.0 80405.0
21708.0 80078.0
24516.0 80077.0
24592.0 79979.0
24801.0 79978.0
24820.0 79888.0
25513.0 79730.0
27842.0 79726.0
27843.0 79633.0
28687.0 79625.0
28763.0 79351.0
32013.0 79317.0
35187.0 79312.0
36184.0 78877.0
43605.0 78644.0

16571.0 89480.0
17492.0 84413.0
17516.0 83742.0
18092.0 81233.0
18545.0 81177.0
18596.0 80795.0
19912.0 80771.0
21266.0 80743.0
21342.0 80168.0
21657.0 80146.0
21708.0 80055.0
24516.0 79949.0
24592.0 79895.0
24820.0 79886.0
25513.0 79717.0
27843.0 79633.0
28763.0 79262.0
32013.0 79257.0
32934.0 79100.0
36184.0 78770.0
39434.0 78676.0
43605.0 78627.0
46855.0 78592.0
54276.0 78385.0


