21266.0 267955.0
21342.0 266910.0
21364.0 265187.0
21638.0 259194.0
21657.0 255516.0
21708.0 253441.0
22263.0 250674.0
24516.0 250478.0
24750.0 249635.0
25010.0 248756.0
27913.0 248318.0
28187.0 247074.0
31437.0 246914.0
32934.0 245951.0

20838.0 264847.0
20961.0 260834.0
21342.0 258624.0
21661.0 254681.0
21708.0 252018.0
22263.0 250631.0
23950.0 250164.0
25513.0 249155.0
31437.0 249095.0
50950.0 248835.0

20838.0 259741.0
21342.0 258624.0
21638.0 256632.0
21661.0 254681.0
21708.0 252018.0
22263.0 250631.0
23950.0 250164.0
25513.0 249155.0
28763.0 249145.0
31437.0 249095.0
50950.0 248835.0

20766.0 266644.0
20838.0 264847.0
20961.0 260834.0
21342.0 258624.0
21627.0 257592.0
21638.0 255389.0
21661.0 254681.0
21708.0 252018.0
22263.0 250411.0
22461.0 249443.0
24750.0 249201.0
25513.0 248935.0
28763.0 248068.0
32013.0 247489.0
32934.0 247476.0
40355.0 246914.0

20838.0 264847.0
20857.0 264608.0
20961.0 260834.0
21138.0 259948.0
21342.0 252064.0
21661.0 252011.0
21689.0 251138.0
21708.0 250054.0
24016.0 249889.0
24516.0 249549.0
25513.0 249155.0
27913.0 248920.0
28687.0 247744.0
28763.0 247275.0
32934.0 246922.0
34511.0 246470.0

20766.0 266176.0
20787.0 261198.0
20961.0 260834.0
21342.0 254454.0
21587.0 253109.0
21708.0 252018.0
22263.0 250411.0
23950.0 250164.0
25451.0 250043.0
25513.0 248935.0
28187.0 248893.0
50950.0 248835.0

20742.0 263822.0
20961.0 260834.0
21342.0 258624.0
21661.0 254681.0
21708.0 252018.0
22263.0 250631.0
23950.0 250164.0
25513.0 249155.0
31437.0 249095.0
50950.0 248835.0

20838.0 264847.0
20961.0 260834.0
21342.0 255273.0
21638.0 254679.0
21708.0 252018.0
22263.0 250631.0
23950.0 250164.0
25513.0 249155.0
26643.0 248864.0
29684.0 248197.0
32013.0 246737.0
40355.0 246349.0

20838.0 264847.0
20961.0 260834.0
21138.0 259948.0
21342.0 258624.0
21661.0 254681.0
21708.0 252018.0
22263.0 250631.0
23950.0 250164.0
25513.0 249155.0
28763.0 248765.0
30936.0 248610.0
38758.0 248476.0

20838.0 264847.0
20961.0 260834.0
21342.0 254454.0
21708.0 251884.0
22263.0 250631.0
23950.0 250164.0
25513.0 249025.0
27487.0 248708.0
28763.0 248687.0
32934.0 247799.0
35608.0 247522.0

20838.0 264847.0
20961.0 260834.0
21342.0 256950.0
21661.0 254472.0
21689.0 245291.0
21708.0 244681.0
24731.0 244591.0
27894.0 243401.0
28763.0 241709.0
30940.0 241527.0
31937.0 239494.0
35111.0 239090.0


