18016.0 86975.0
18092.0 81490.0
18545.0 81415.0
18596.0 81106.0
19912.0 80946.0
21266.0 80943.0
21342.0 80406.0
21708.0 80317.0
24516.0 80314.0
24592.0 79920.0
24820.0 79869.0
25513.0 79670.0
27843.0 79658.0
28763.0 79473.0
31937.0 79452.0
32013.0 79414.0
32934.0 79240.0
36184.0 78852.0
39358.0 78849.0
39434.0 78841.0

17171.0 84306.0
17492.0 84213.0
18056.0 83728.0
18092.0 81578.0
18545.0 81447.0
18596.0 81080.0
18615.0 81074.0
19912.0 81040.0
19946.0 81016.0
20421.0 81014.0
21266.0 80995.0
21342.0 80584.0
21708.0 80372.0
24820.0 80207.0
25513.0 80047.0
28687.0 80026.0
28763.0 79664.0
31937.0 79661.0
32013.0 79589.0
35187.0 79552.0
36184.0 79428.0

17171.0 84306.0
17492.0 83997.0
18056.0 83469.0
18092.0 81578.0
18545.0 81447.0
18596.0 81080.0
18615.0 81074.0
19912.0 81040.0
19946.0 81016.0
20421.0 81014.0
21266.0 80924.0
21342.0 80584.0
21708.0 80313.0
24516.0 80312.0
24592.0 80254.0
24801.0 80081.0
24820.0 80009.0
25513.0 79990.0
28763.0 79551.0
31937.0 79550.0
32013.0 79492.0
36184.0 79393.0

16956.0 84010.0
16990.0 83360.0
17171.0 82312.0
17345.0 82279.0
17516.0 82028.0
17745.0 81937.0
18016.0 81818.0
18092.0 81444.0
18545.0 81431.0
18596.0 81064.0
19912.0 81010.0
20421.0 80974.0
21266.0 80973.0
21342.0 80470.0
21708.0 80372.0
24592.0 80257.0
24820.0 80059.0
25513.0 79990.0
28763.0 79627.0
32013.0 79589.0
35187.0 79552.0
36184.0 79394.0

16990.0 83360.0
17171.0 82312.0
17345.0 82279.0
17516.0 81917.0
18016.0 81818.0
18092.0 81420.0
18545.0 81322.0
18596.0 80975.0
18615.0 80918.0
19912.0 80894.0
20345.0 80893.0
20421.0 80859.0
21342.0 80584.0
21587.0 80581.0
21638.0 80579.0
21708.0 80321.0
24592.0 79855.0
24820.0 79804.0
27766.0 79803.0
28763.0 79587.0
30885.0 79440.0
32013.0 79193.0

16816.0 83486.0
16956.0 83416.0
17171.0 82637.0
17516.0 82242.0
17745.0 82209.0
18016.0 82143.0
18092.0 81545.0
18545.0 81447.0
18596.0 80991.0
19912.0 80927.0
21266.0 80924.0
21342.0 80470.0
21638.0 80448.0
21708.0 80189.0
24516.0 80146.0
24592.0 80062.0
24820.0 80011.0
28763.0 79584.0
31937.0 79583.0
32013.0 79551.0
35111.0 79539.0
35187.0 79525.0
36184.0 79351.0

17171.0 84306.0
17492.0 83997.0
17996.0 83550.0
18056.0 83539.0
18092.0 81578.0
18545.0 81447.0
18596.0 81080.0
18615.0 81074.0
19912.0 81040.0
19946.0 81016.0
20421.0 81014.0
21266.0 80924.0
21342.0 80575.0
21708.0 80361.0
24016.0 80345.0
24592.0 80326.0
24801.0 80242.0
24820.0 80132.0
25513.0 79819.0
27792.0 79756.0
28763.0 79586.0
32013.0 79545.0
32934.0 79461.0
36184.0 79353.0
39434.0 79212.0
43605.0 79204.0

16990.0 83360.0
17171.0 82312.0
17745.0 81937.0
18016.0 81818.0
18092.0 81357.0
18545.0 81259.0
18596.0 80950.0
19146.0 80827.0
19912.0 80803.0
19946.0 80733.0
21342.0 80430.0
21708.0 80258.0
24516.0 80217.0
24592.0 80180.0
24750.0 80124.0
24820.0 79971.0
25513.0 79781.0
27792.0 79736.0
27913.0 79735.0
28763.0 79423.0
31937.0 79420.0
32013.0 79413.0
36184.0 79048.0
39434.0 78978.0

16990.0 83360.0
17171.0 82312.0
17345.0 82279.0
17516.0 81917.0
18016.0 81818.0
18092.0 81444.0
18545.0 81346.0
18596.0 80985.0
19912.0 80937.0
21266.0 80924.0
21342.0 80545.0
21708.0 80283.0
24750.0 80180.0
24820.0 79992.0
25513.0 79773.0
27792.0 79756.0
28763.0 79626.0
31937.0 79623.0
32013.0 79572.0
35187.0 79525.0
36184.0 79334.0
39358.0 79329.0
39434.0 79212.0

16595.0 85035.0
16816.0 83486.0
16956.0 83416.0
17171.0 82637.0
17516.0 82242.0
17745.0 82209.0
18016.0 82143.0
18092.0 81545.0
18545.0 81171.0
18596.0 81080.0
18615.0 81074.0
19912.0 81040.0
19946.0 81005.0
21266.0 80924.0
21342.0 80394.0
21708.0 80254.0
24592.0 80120.0
24801.0 79930.0
25513.0 79773.0
27792.0 79756.0
28763.0 79586.0
32013.0 79489.0
36184.0 79243.0
39434.0 79212.0

16990.0 85645.0
17095.0 84272.0
17492.0 83675.0
18056.0 83539.0
18092.0 81578.0
18545.0 81036.0
18596.0 80833.0
19912.0 80769.0
21342.0 80394.0
21708.0 80122.0
24516.0 80119.0
24592.0 80060.0
24801.0 79929.0
25513.0 79690.0
28763.0 79329.0
32013.0 79296.0
36184.0 79049.0
39434.0 79013.0


