18092.0 124685.0
18545.0 124587.0
18615.0 121659.0
21266.0 121616.0
21342.0 121127.0
21638.0 121105.0
21708.0 120434.0
24016.0 120343.0
24592.0 120077.0
25513.0 119667.0
27842.0 119519.0
27894.0 119430.0
28763.0 119304.0
32013.0 119053.0
32934.0 118854.0
35263.0 118834.0
36184.0 118709.0
39434.0 118388.0
40355.0 118155.0
47776.0 117948.0

18092.0 123505.0
18545.0 122484.0
18596.0 121884.0
19912.0 121860.0
19946.0 121829.0
21342.0 121045.0
21708.0 120600.0
24592.0 120589.0
24801.0 120329.0
25513.0 120096.0
28687.0 120052.0
28763.0 119731.0
32934.0 119285.0

18092.0 123505.0
18545.0 122484.0
18596.0 121884.0
19912.0 121860.0
19946.0 121829.0
21342.0 121045.0
21708.0 120600.0
24592.0 120530.0
24801.0 120267.0
25513.0 120096.0
28687.0 120052.0
28763.0 119731.0
32934.0 119285.0

18092.0 122636.0
18447.0 122635.0
18545.0 122193.0
18596.0 121884.0
19912.0 121718.0
21266.0 121715.0
21342.0 121045.0
21708.0 120600.0
24592.0 120589.0
24801.0 120285.0
25513.0 120096.0
28687.0 119991.0
28763.0 119731.0
32934.0 119285.0

18092.0 123497.0
18545.0 122193.0
18596.0 121794.0
19912.0 121746.0
19946.0 121722.0
21266.0 121721.0
21342.0 121045.0
21708.0 120600.0
24592.0 120492.0
24801.0 120267.0
25513.0 120096.0
28687.0 120052.0
28763.0 119620.0
32934.0 119285.0

18092.0 122650.0
18447.0 122635.0
18545.0 122344.0
18596.0 121884.0
18615.0 121848.0
19946.0 121829.0
21342.0 120978.0
21657.0 120961.0
21708.0 120600.0
24592.0 120565.0
24801.0 120285.0
25513.0 120096.0
28687.0 119991.0
28763.0 119731.0
31437.0 119716.0
32013.0 119652.0
32934.0 119285.0
39434.0 118905.0

18092.0 123505.0
18545.0 122484.0
18596.0 121884.0
19912.0 121860.0
19946.0 121829.0
21266.0 121801.0
21342.0 121045.0
21708.0 120600.0
24592.0 120530.0
24801.0 120267.0
25513.0 120096.0
28687.0 120052.0
28763.0 119731.0
32934.0 119285.0

18092.0 122650.0
18447.0 122635.0
18545.0 122344.0
18596.0 121884.0
19912.0 121859.0
19946.0 121829.0
21342.0 121045.0
21657.0 120931.0
21708.0 120600.0
24592.0 120530.0
24801.0 120267.0
24820.0 120216.0
25513.0 119973.0
28687.0 119969.0
28763.0 119731.0
32013.0 119616.0
32934.0 119285.0
46855.0 118965.0

18092.0 123462.0
18447.0 123416.0
18545.0 122032.0
18596.0 121723.0
19946.0 121716.0
21266.0 121680.0
21342.0 120970.0
21638.0 120924.0
21708.0 120528.0
24592.0 120492.0
24801.0 120267.0
25513.0 120096.0
28687.0 120052.0
28763.0 119548.0
32934.0 119285.0
40355.0 118936.0

18092.0 122650.0
18447.0 122635.0
18545.0 122344.0
18596.0 121884.0
19912.0 121673.0
21266.0 121559.0
21342.0 121045.0
21708.0 120600.0
24592.0 120530.0
24801.0 120285.0
25513.0 120096.0
28687.0 119991.0
28763.0 119731.0
32934.0 119285.0
40355.0 119234.0

18092.0 123102.0
18526.0 122964.0
18545.0 122484.0
18596.0 121884.0
19912.0 121820.0
21266.0 121777.0
21342.0 120927.0
21657.0 120612.0
21708.0 120309.0
24516.0 120308.0
24592.0 120125.0
25513.0 120036.0
28763.0 119418.0
32934.0 119032.0
43605.0 118035.0
60624.0 117995.0
60700.0 117502.0
63874.0 116916.0


