18922.0 222339.0
19980.0 220375.0
20066.0 220121.0
20166.0 219783.0
20190.0 219614.0
20666.0 212196.0
21266.0 212051.0
21708.0 210801.0
21795.0 210635.0
22263.0 205222.0
28687.0 204994.0
36108.0 204904.0

19146.0 214290.0
20489.0 211404.0
20838.0 210941.0
21579.0 210324.0
21708.0 207704.0
23240.0 207673.0
24016.0 207186.0
24913.0 207160.0
24976.0 207110.0
25513.0 206032.0
26490.0 205804.0

19146.0 214290.0
19471.0 211467.0
20489.0 211404.0
20838.0 210782.0
21579.0 210324.0
21708.0 207285.0
23240.0 207254.0
24016.0 207136.0
24651.0 206781.0
24801.0 206509.0
25437.0 205872.0
25513.0 204371.0
28687.0 204331.0
32013.0 204034.0

19146.0 214290.0
19471.0 211467.0
20489.0 211404.0
20766.0 207909.0
21342.0 207687.0
21708.0 206816.0
22020.0 206547.0
25513.0 205283.0
28687.0 205240.0
31413.0 205020.0
34587.0 205017.0
39434.0 203901.0

19146.0 214290.0
19280.0 211343.0
20838.0 210782.0
21266.0 210439.0
21579.0 210324.0
21689.0 209715.0
21708.0 206563.0
22263.0 205031.0
25437.0 204798.0
25513.0 204689.0
28187.0 204184.0

18922.0 220433.0
19146.0 214290.0
19471.0 211467.0
20489.0 211404.0
20838.0 209155.0
20857.0 209085.0
21708.0 207285.0
22461.0 206690.0
24016.0 206107.0
24750.0 205832.0
25513.0 205421.0
27842.0 205073.0
28763.0 204767.0

19146.0 214290.0
20489.0 211404.0
20838.0 210941.0
21579.0 210324.0
21708.0 207704.0
23240.0 207673.0
24016.0 207186.0
24801.0 206914.0
25437.0 205872.0
25513.0 204371.0
28687.0 204331.0
32013.0 204034.0

19146.0 214290.0
20489.0 211404.0
20838.0 210941.0
21579.0 210324.0
21708.0 207478.0
22020.0 207189.0
22263.0 206051.0
25437.0 205872.0
25513.0 204371.0
28687.0 204331.0
31437.0 203982.0

19146.0 214290.0
19471.0 209454.0
20838.0 209164.0
21266.0 207766.0
21689.0 207108.0
21708.0 206389.0
22263.0 205554.0
25437.0 205259.0
28187.0 204627.0
43529.0 204549.0

19146.0 212623.0
20489.0 211404.0
20838.0 210941.0
21579.0 208148.0
21638.0 208089.0
21708.0 207050.0
22263.0 207019.0
24731.0 206561.0
24801.0 204782.0
25437.0 204439.0
31413.0 204300.0
32013.0 204194.0

18596.0 205457.0
23440.0 205371.0
23788.0 204914.0
24592.0 202714.0
27690.0 201073.0
28687.0 199676.0
31006.0 199466.0
39434.0 198551.0
41611.0 198504.0


