18092.0 170417.0
18545.0 170079.0
18596.0 167245.0
18615.0 167033.0
18671.0 166751.0
19471.0 166733.0
19505.0 164695.0
20766.0 163974.0
21266.0 163949.0
21342.0 162600.0
21657.0 162529.0
21708.0 162291.0
22263.0 161875.0
23880.0 161652.0
24592.0 161375.0
25437.0 161354.0
25513.0 160542.0
28687.0 160541.0
28763.0 160259.0
30136.0 160047.0
31437.0 159975.0
32013.0 159730.0
32934.0 159200.0
36184.0 159045.0

18122.0 179255.0
18596.0 165565.0
18671.0 165396.0
19112.0 164734.0
19505.0 164452.0
21302.0 164447.0
21342.0 162525.0
21638.0 162382.0
21708.0 161981.0
24592.0 161758.0
28687.0 161593.0
28763.0 160628.0

18092.0 164638.0
18596.0 163926.0
19146.0 163371.0
19471.0 163347.0
21266.0 163228.0
21342.0 162147.0
21587.0 162130.0
21708.0 161729.0
24592.0 161694.0
25513.0 161067.0
28763.0 160628.0
36184.0 160314.0

18122.0 179255.0
18545.0 166966.0
18596.0 163926.0
19587.0 163923.0
20387.0 163454.0
21342.0 161901.0
21708.0 161829.0
24592.0 161473.0
25513.0 161095.0
28763.0 160470.0
36184.0 160271.0
38858.0 160257.0

18092.0 167052.0
18596.0 163596.0
19247.0 163525.0
20787.0 163508.0
20838.0 163332.0
21266.0 163287.0
21342.0 162480.0
21638.0 162336.0
21708.0 161974.0
24592.0 161758.0
25513.0 161435.0
28187.0 161205.0
28687.0 161150.0
28763.0 160521.0
38858.0 160349.0

18122.0 179255.0
18589.0 169110.0
18596.0 164766.0
18671.0 164055.0
19505.0 163580.0
21266.0 163461.0
21342.0 162478.0
21587.0 162427.0
21638.0 162329.0
21708.0 161981.0
24592.0 161758.0
27043.0 161756.0
28687.0 161037.0
28763.0 160628.0
36184.0 160041.0

18092.0 164638.0
18596.0 163984.0
19946.0 163879.0
20838.0 163724.0
21342.0 162361.0
21708.0 161981.0
24592.0 161758.0
25513.0 161279.0
28187.0 161075.0
28763.0 160628.0
36184.0 160607.0

18092.0 164638.0
18596.0 163879.0
19946.0 163808.0
20766.0 163735.0
20838.0 163724.0
21342.0 162361.0
21638.0 162336.0
21708.0 161981.0
24592.0 161758.0
25513.0 161279.0
28187.0 161075.0
28763.0 160628.0
36184.0 160607.0

18092.0 164070.0
18545.0 163730.0
18596.0 163653.0
18615.0 163441.0
21266.0 163440.0
21342.0 162269.0
21638.0 162171.0
21708.0 161921.0
24592.0 161647.0
24820.0 161549.0
25513.0 161279.0
28187.0 161075.0
28763.0 160470.0

18092.0 167779.0
18596.0 164661.0
18671.0 164055.0
19146.0 163378.0
19471.0 163371.0
21266.0 163252.0
21342.0 162525.0
21638.0 162255.0
21708.0 161981.0
24592.0 161758.0
24820.0 161744.0
25513.0 161013.0
28763.0 160522.0
36184.0 160349.0

18092.0 164376.0
18545.0 164224.0
18596.0 163984.0
19112.0 163760.0
19146.0 163371.0
19471.0 163347.0
19505.0 163034.0
19912.0 162994.0
21266.0 162880.0
21342.0 162222.0
21638.0 162152.0
21689.0 162070.0
21708.0 161827.0
22263.0 161785.0
24592.0 161580.0
25513.0 161014.0
28763.0 160294.0
29684.0 159275.0


