17492.0 84835.0
17516.0 84603.0
18016.0 84540.0
18092.0 81803.0
18545.0 81799.0
18596.0 80934.0
19912.0 80894.0
21266.0 80851.0
21342.0 80470.0
21708.0 80258.0
24516.0 80016.0
24592.0 79849.0
24750.0 79848.0
24820.0 79798.0
27766.0 79796.0
27842.0 79762.0
28763.0 79436.0
32013.0 79163.0
35187.0 79160.0
35263.0 79127.0
36184.0 78944.0
39434.0 78865.0

17145.0 83925.0
17171.0 82719.0
17745.0 82525.0
18092.0 81428.0
18526.0 81330.0
18545.0 81268.0
18596.0 81172.0
18615.0 81001.0
19912.0 80939.0
21266.0 80936.0
21342.0 80295.0
21657.0 80278.0
21708.0 80014.0
25513.0 79931.0
27843.0 79920.0
28763.0 79603.0
32013.0 79485.0
36184.0 79296.0
43605.0 79177.0
51026.0 79056.0

17145.0 83925.0
17171.0 82719.0
17745.0 82525.0
18092.0 81428.0
18526.0 81330.0
18545.0 81268.0
18596.0 81172.0
18615.0 81001.0
19912.0 80939.0
21266.0 80936.0
21342.0 80295.0
21657.0 80278.0
21708.0 80014.0
25513.0 79913.0
27766.0 79894.0
28763.0 79544.0
32013.0 79485.0
32934.0 79439.0
36184.0 79180.0
39358.0 79177.0
43605.0 78947.0

17095.0 83674.0
17171.0 82621.0
17745.0 82525.0
18092.0 81160.0
18526.0 81138.0
18596.0 80704.0
19912.0 80680.0
21266.0 80677.0
21342.0 80295.0
21657.0 80278.0
21708.0 79974.0
24592.0 79955.0
25513.0 79757.0
28687.0 79754.0
28763.0 79425.0
32934.0 79367.0
36184.0 79180.0
39358.0 79177.0
51026.0 78947.0

17145.0 83925.0
17171.0 82719.0
17745.0 82525.0
18092.0 81302.0
18526.0 81280.0
18545.0 81268.0
18596.0 81003.0
18615.0 81001.0
19471.0 80963.0
19912.0 80939.0
21266.0 80936.0
21342.0 80295.0
21657.0 80278.0
21708.0 80014.0
25513.0 79913.0
28687.0 79903.0
28763.0 79544.0
32013.0 79485.0
36184.0 79296.0
39358.0 79177.0
51026.0 78947.0

16956.0 83969.0
17095.0 83674.0
17171.0 82621.0
17745.0 82525.0
18092.0 81347.0
18526.0 81325.0
18545.0 81268.0
18596.0 81020.0
18615.0 81001.0
19912.0 80939.0
21266.0 80935.0
21342.0 80295.0
21657.0 80278.0
21708.0 79974.0
24516.0 79971.0
24592.0 79915.0
25513.0 79829.0
27894.0 79620.0
28763.0 79385.0
32934.0 79309.0
36184.0 79296.0
39358.0 79177.0
39434.0 79064.0
46779.0 78944.0

17145.0 83925.0
17171.0 82719.0
17745.0 82525.0
18092.0 81428.0
18526.0 81330.0
18545.0 81268.0
18596.0 81172.0
18615.0 81001.0
19912.0 80939.0
21266.0 80936.0
21342.0 80295.0
21657.0 80278.0
21708.0 80014.0
25513.0 79931.0
27766.0 79894.0
28763.0 79467.0
32934.0 79304.0
36184.0 79173.0
43605.0 78940.0

16956.0 83830.0
17095.0 83674.0
17171.0 82621.0
17745.0 82525.0
18092.0 81278.0
18545.0 81234.0
18596.0 81036.0
18615.0 81001.0
19912.0 80851.0
21266.0 80848.0
21342.0 80295.0
21657.0 80153.0
21708.0 80014.0
24516.0 80011.0
24592.0 79832.0
25513.0 79800.0
27894.0 79620.0
28763.0 79425.0
32013.0 79343.0
32934.0 79043.0
43605.0 78947.0

17145.0 83925.0
17171.0 82719.0
17745.0 82525.0
18092.0 81302.0
18526.0 81280.0
18545.0 81268.0
18596.0 81003.0
18615.0 81001.0
19471.0 80963.0
19912.0 80939.0
21266.0 80936.0
21342.0 80295.0
21657.0 80278.0
21708.0 80014.0
25513.0 79931.0
27766.0 79894.0
28763.0 79544.0
32013.0 79485.0
32934.0 79439.0
36184.0 79180.0
43605.0 78947.0

16571.0 84080.0
16956.0 83969.0
17095.0 83674.0
17171.0 82621.0
17745.0 82525.0
18092.0 81306.0
18526.0 81284.0
18545.0 81208.0
18596.0 80690.0
19912.0 80626.0
21266.0 80623.0
21342.0 80271.0
21708.0 79974.0
24516.0 79971.0
24592.0 79915.0
25513.0 79768.0
28763.0 79448.0
32013.0 79437.0
32934.0 79308.0
36184.0 79173.0
43605.0 78940.0

16956.0 83969.0
17095.0 83674.0
17171.0 82719.0
17745.0 82525.0
18092.0 81345.0
18526.0 81323.0
18545.0 81268.0
18596.0 80674.0
19912.0 80626.0
21266.0 80623.0
21342.0 80295.0
21657.0 80278.0
21708.0 79974.0
24516.0 79971.0
24592.0 79879.0
25513.0 79581.0
28763.0 79262.0
32013.0 79203.0
36184.0 78874.0
39434.0 78748.0
40355.0 78714.0


