21342.0 361727.0
21708.0 352892.0
23499.0 351880.0
24016.0 350515.0
24310.0 348902.0
24516.0 344891.0
24801.0 342634.0
24976.0 339702.0
25513.0 336084.0
28187.0 335707.0
28687.0 334478.0
28763.0 334282.0
29684.0 332482.0
37105.0 332173.0

22263.0 354158.0
23392.0 352479.0
23416.0 348211.0
23550.0 343090.0
23992.0 341985.0
24237.0 341593.0
24592.0 341255.0
24937.0 339491.0
27894.0 339312.0
28163.0 338326.0
28763.0 337373.0
29755.0 337210.0
32358.0 336916.0

21795.0 351499.0
22263.0 346039.0
23316.0 345365.0
23550.0 343090.0
23992.0 341985.0
24201.0 341941.0
24237.0 338574.0
24801.0 338251.0
28763.0 337373.0
29755.0 337210.0
32358.0 336916.0

21708.0 353375.0
22263.0 344929.0
23416.0 342205.0
23992.0 341985.0
24016.0 341596.0
24201.0 341102.0
24516.0 340872.0
24592.0 340722.0
24801.0 340581.0
24913.0 340398.0
24937.0 339022.0
28163.0 336801.0
32358.0 336073.0

21708.0 356949.0
22263.0 344185.0
22461.0 342657.0
23992.0 341985.0
24016.0 340137.0
24913.0 339055.0
26643.0 338974.0
27062.0 338052.0
27190.0 337351.0
29684.0 336343.0
32858.0 336302.0

21708.0 351191.0
22263.0 346906.0
23316.0 346392.0
23550.0 343090.0
23940.0 342218.0
23992.0 341985.0
24201.0 340990.0
24237.0 340293.0
24937.0 339491.0
27894.0 339312.0
28163.0 336578.0
32358.0 336073.0

22263.0 346608.0
22495.0 343007.0
23428.0 341763.0
24237.0 341593.0
24516.0 341272.0
24592.0 341255.0
24937.0 339491.0
25513.0 339223.0
28163.0 338326.0
28763.0 337373.0
29755.0 337210.0
32358.0 336916.0

21657.0 358168.0
21708.0 349926.0
21795.0 345893.0
22263.0 340901.0
23940.0 339669.0
24237.0 339455.0
25437.0 339238.0
25513.0 339235.0
26887.0 339154.0
26911.0 337074.0
32358.0 336073.0

22263.0 345446.0
23077.0 344228.0
23550.0 343090.0
23931.0 342784.0
23992.0 341985.0
24016.0 338743.0
24592.0 338703.0
28163.0 338326.0
28763.0 337373.0
29755.0 337210.0
32358.0 336916.0

21536.0 357115.0
21795.0 352691.0
21821.0 351524.0
22263.0 340901.0
23940.0 339669.0
24237.0 339455.0
24937.0 339232.0
26566.0 337823.0
28763.0 337373.0
29755.0 337210.0
32358.0 336073.0

21708.0 348666.0
22263.0 346351.0
23077.0 343400.0
23550.0 343090.0
23992.0 341985.0
24237.0 341593.0
24592.0 341255.0
24801.0 341061.0
24937.0 339491.0
25513.0 336401.0
27043.0 334200.0
27690.0 326731.0
28611.0 324121.0
31861.0 321275.0
34190.0 320617.0
35111.0 319493.0
41611.0 318077.0
49032.0 315576.0
56453.0 313555.0


