18092.0 127634.0
18545.0 127279.0
18596.0 123379.0
18615.0 122150.0
19912.0 122102.0
21266.0 122070.0
21342.0 121003.0
21708.0 120517.0
24516.0 120511.0
24592.0 120307.0
24801.0 120095.0
24820.0 120044.0
27766.0 120009.0
27913.0 120003.0
28687.0 119732.0
28763.0 119191.0
31937.0 119190.0
32013.0 118864.0
36108.0 118843.0
36184.0 118491.0
39358.0 118490.0
39434.0 118199.0
43605.0 118018.0
46855.0 117804.0
50105.0 117619.0

18092.0 123692.0
18545.0 123452.0
18596.0 122595.0
18615.0 122402.0
19112.0 122167.0
19946.0 122143.0
21266.0 121986.0
21342.0 120880.0
21708.0 120791.0
24516.0 120766.0
24592.0 120388.0
28763.0 119589.0

18092.0 123692.0
18545.0 123452.0
18596.0 122595.0
18615.0 122402.0
19112.0 122167.0
19946.0 122143.0
20345.0 122135.0
20766.0 122120.0
21266.0 121986.0
21342.0 120880.0
21708.0 120791.0
24516.0 120766.0
24592.0 120388.0
28763.0 119589.0

18092.0 123674.0
18545.0 123452.0
18596.0 122461.0
18615.0 122380.0
19112.0 122076.0
20345.0 122068.0
20766.0 122053.0
21266.0 121986.0
21342.0 120880.0
21708.0 120791.0
24516.0 120766.0
24592.0 120329.0
28763.0 119589.0
40355.0 119299.0
43605.0 119175.0

18092.0 123692.0
18545.0 123452.0
18596.0 122352.0
19112.0 122093.0
19912.0 122040.0
20345.0 121914.0
21266.0 121913.0
21342.0 120880.0
21708.0 120791.0
24516.0 120766.0
24592.0 120388.0
24820.0 120354.0
28763.0 119589.0

18092.0 123674.0
18545.0 123452.0
18596.0 122462.0
18615.0 121950.0
21266.0 121949.0
21342.0 120635.0
21708.0 120521.0
24592.0 120388.0
24750.0 120350.0
27842.0 120148.0
27862.0 120085.0
28687.0 120084.0
28763.0 119589.0
43605.0 119476.0

18092.0 123692.0
18545.0 123452.0
18596.0 122595.0
18615.0 122402.0
19112.0 122167.0
19946.0 122143.0
20345.0 122135.0
20766.0 122120.0
21266.0 121986.0
21342.0 120880.0
21708.0 120791.0
24516.0 120766.0
24592.0 120388.0
28763.0 119589.0

18092.0 122900.0
18596.0 122595.0
18615.0 122131.0
19845.0 122124.0
19912.0 121841.0
21266.0 121838.0
21342.0 120880.0
21587.0 120858.0
21708.0 120689.0
24516.0 120655.0
24592.0 120388.0
24750.0 120350.0
24820.0 120303.0
27842.0 119959.0
28763.0 119589.0
36184.0 119234.0
39434.0 119176.0
43605.0 118893.0

18092.0 123692.0
18545.0 123452.0
18596.0 122352.0
19112.0 122159.0
19471.0 122119.0
19912.0 122040.0
20345.0 121914.0
21266.0 121913.0
21342.0 120880.0
21708.0 120791.0
24516.0 120766.0
24592.0 120388.0
28763.0 119589.0

18092.0 123674.0
18545.0 123452.0
18596.0 122595.0
18615.0 122144.0
19946.0 122143.0
20345.0 122135.0
20766.0 122120.0
21266.0 121986.0
21342.0 120844.0
21708.0 120505.0
24592.0 120388.0
27862.0 120380.0
27913.0 120176.0
28763.0 119450.0

18092.0 122676.0
18596.0 121850.0
18615.0 121758.0
19146.0 121739.0
20345.0 121614.0
21342.0 120828.0
21708.0 120151.0
24801.0 120108.0
25513.0 119799.0
28763.0 118939.0
43605.0 118828.0


