18092.0 124653.0
18596.0 123396.0
18615.0 122326.0
19112.0 122316.0
19471.0 122302.0
19912.0 122262.0
20421.0 122128.0
21266.0 122127.0
21342.0 121979.0
21638.0 121978.0
21689.0 121977.0
22263.0 121037.0
24516.0 121036.0
24592.0 120952.0
24782.0 120812.0
25513.0 120028.0
27843.0 120006.0
27913.0 119979.0
28687.0 119974.0
28763.0 119549.0
32013.0 119496.0
32934.0 118861.0
36184.0 118783.0
39434.0 118740.0
40355.0 118223.0
43605.0 118127.0
46855.0 118116.0

18092.0 126382.0
18545.0 123194.0
18596.0 122639.0
18615.0 122068.0
19912.0 122028.0
19946.0 121992.0
20421.0 121630.0
21342.0 120930.0
21708.0 120719.0
24516.0 120676.0
24801.0 120625.0
24820.0 120376.0
28763.0 120222.0
32013.0 119969.0

18092.0 125757.0
18446.0 124800.0
18494.0 124419.0
18545.0 123186.0
18596.0 122083.0
18615.0 122068.0
19112.0 122025.0
19912.0 121798.0
20421.0 121630.0
21342.0 120930.0
21708.0 120719.0
24516.0 120676.0
24731.0 120623.0
24820.0 120376.0
27894.0 120218.0
28687.0 120193.0
32013.0 119969.0

18092.0 124093.0
18545.0 122699.0
18596.0 122144.0
18615.0 122000.0
19912.0 121798.0
20421.0 121630.0
21342.0 120890.0
21708.0 120679.0
24516.0 120585.0
24801.0 120527.0
24820.0 120322.0
27842.0 120240.0
27894.0 120131.0
28763.0 119830.0
32013.0 119821.0
32934.0 119665.0
35263.0 119563.0
36184.0 119470.0

18092.0 126382.0
18545.0 122986.0
18596.0 122161.0
18615.0 122068.0
19912.0 121798.0
20421.0 121630.0
21342.0 120930.0
21708.0 120719.0
24516.0 120676.0
24731.0 120623.0
24820.0 120376.0
27894.0 120218.0
28687.0 120193.0
32013.0 119969.0
32934.0 119959.0

18092.0 126102.0
18545.0 123194.0
18596.0 122639.0
18615.0 121939.0
19912.0 121899.0
19946.0 121831.0
20421.0 121630.0
21266.0 121627.0
21342.0 120890.0
21708.0 120679.0
24516.0 120585.0
24801.0 120534.0
24820.0 120322.0
27842.0 120240.0
27894.0 120144.0
28763.0 119717.0
31437.0 119644.0

18092.0 126382.0
18545.0 123194.0
18596.0 121385.0
19912.0 121321.0
21342.0 120714.0
21708.0 120502.0
24516.0 120501.0
24592.0 120434.0
24820.0 120376.0
25513.0 120237.0
27894.0 120131.0
28763.0 120022.0
32013.0 119920.0

18092.0 125127.0
18545.0 123194.0
18596.0 121385.0
19912.0 121345.0
21266.0 121292.0
21342.0 120738.0
21708.0 120526.0
24592.0 120434.0
24750.0 120373.0
24820.0 120322.0
25513.0 120237.0
27894.0 120131.0
28763.0 119551.0
36184.0 119449.0

18092.0 126382.0
18545.0 122986.0
18596.0 121385.0
19912.0 121321.0
21266.0 121318.0
21342.0 120630.0
21708.0 120330.0
24516.0 120327.0
24592.0 120294.0
24801.0 120276.0
25513.0 120237.0
27842.0 120199.0
27894.0 120131.0
28763.0 119894.0
32013.0 119829.0

18092.0 124166.0
18545.0 123194.0
18596.0 122493.0
18615.0 122037.0
19912.0 121899.0
20421.0 121630.0
21342.0 120890.0
21708.0 120679.0
24516.0 120676.0
24801.0 120624.0
24820.0 120376.0
27842.0 120343.0
27894.0 120144.0
28763.0 119960.0
32013.0 119821.0

18092.0 122141.0
18596.0 121396.0
19912.0 121115.0
21342.0 120818.0
21708.0 120305.0
24516.0 120302.0
24592.0 120185.0
25513.0 119954.0
28763.0 119050.0
32013.0 118989.0
32934.0 118771.0


