16515.0 42630.0
16816.0 41890.0
16956.0 41634.0
16990.0 41481.0
17516.0 41249.0
18016.0 41186.0
18092.0 40466.0
18545.0 40444.0
18596.0 40337.0
19912.0 40313.0
21266.0 40312.0
21342.0 40064.0
21708.0 39975.0
24516.0 39972.0
24592.0 39916.0
24820.0 39865.0
25513.0 39758.0
27894.0 39757.0
28687.0 39755.0
28763.0 39631.0
31937.0 39629.0
32013.0 39572.0
32934.0 39511.0
36184.0 39385.0
39358.0 39383.0
39434.0 39326.0
40355.0 39279.0
43605.0 39153.0
46855.0 39094.0
51026.0 39071.0

16515.0 41758.0
16595.0 41120.0
17095.0 41021.0
17171.0 40835.0
18092.0 40466.0
18545.0 40449.0
18596.0 40337.0
19912.0 40313.0
21266.0 40310.0
21342.0 40104.0
21708.0 39999.0
24516.0 39974.0
24592.0 39940.0
24820.0 39889.0
25513.0 39758.0
28763.0 39656.0
32013.0 39626.0
32934.0 39542.0
36108.0 39509.0
36184.0 39410.0
40355.0 39319.0
46855.0 39224.0

16515.0 41758.0
16595.0 41120.0
17095.0 41021.0
17171.0 40835.0
18092.0 40466.0
18545.0 40449.0
18596.0 40337.0
19912.0 40313.0
21266.0 40310.0
21342.0 40104.0
21708.0 39999.0
24516.0 39974.0
24592.0 39940.0
24820.0 39889.0
25513.0 39758.0
28763.0 39656.0
32013.0 39626.0
32934.0 39542.0
36108.0 39509.0
36184.0 39410.0
40355.0 39319.0
46855.0 39224.0

16515.0 41448.0
16519.0 41427.0
16595.0 41053.0
17095.0 40954.0
17171.0 40768.0
18092.0 40466.0
18545.0 40449.0
18596.0 40337.0
19912.0 40313.0
21266.0 40310.0
21342.0 40064.0
21708.0 39975.0
24516.0 39974.0
24592.0 39915.0
24820.0 39889.0
25513.0 39758.0
28763.0 39632.0
32013.0 39572.0
32934.0 39512.0
36108.0 39509.0
36184.0 39386.0
39434.0 39327.0
40355.0 39319.0
43605.0 39153.0
50105.0 39058.0

16515.0 41448.0
16595.0 41053.0
17095.0 40954.0
17171.0 40835.0
18092.0 40466.0
18545.0 40449.0
18596.0 40337.0
19912.0 40313.0
21266.0 40310.0
21342.0 40064.0
21708.0 39975.0
24516.0 39972.0
24592.0 39939.0
24820.0 39889.0
25513.0 39758.0
28763.0 39632.0
31937.0 39629.0
32013.0 39573.0
32934.0 39542.0
36108.0 39509.0
36184.0 39410.0
40355.0 39279.0
43605.0 39193.0

16515.0 41448.0
16595.0 41053.0
17095.0 40954.0
17171.0 40768.0
18092.0 40466.0
18545.0 40449.0
18596.0 40337.0
19912.0 40313.0
21266.0 40310.0
21342.0 40064.0
21708.0 39975.0
24516.0 39972.0
24592.0 39915.0
24820.0 39889.0
25513.0 39758.0
27894.0 39757.0
28687.0 39755.0
28763.0 39631.0
31937.0 39629.0
32013.0 39572.0
32934.0 39512.0
36108.0 39509.0
36184.0 39398.0
39358.0 39383.0
39434.0 39327.0
40355.0 39279.0
43605.0 39193.0

16515.0 41382.0
16595.0 41120.0
17095.0 41021.0
17171.0 40744.0
18092.0 40466.0
18545.0 40449.0
18596.0 40337.0
19912.0 40313.0
21266.0 40310.0
21342.0 40088.0
21708.0 39975.0
24516.0 39974.0
24592.0 39915.0
24820.0 39889.0
25513.0 39758.0
28687.0 39755.0
28763.0 39632.0
31937.0 39630.0
32013.0 39572.0
32934.0 39512.0
36108.0 39509.0
36184.0 39410.0
39358.0 39397.0
40355.0 39319.0
46779.0 39315.0
46855.0 39224.0

16515.0 41382.0
16595.0 41120.0
17095.0 41021.0
17171.0 40744.0
18092.0 40466.0
18545.0 40444.0
18596.0 40337.0
19912.0 40313.0
21266.0 40310.0
21342.0 40064.0
21708.0 39975.0
24516.0 39972.0
24592.0 39915.0
24820.0 39889.0
25513.0 39758.0
28687.0 39755.0
28763.0 39631.0
31937.0 39629.0
32013.0 39572.0
32934.0 39512.0
36108.0 39509.0
36184.0 39386.0
39434.0 39340.0
40355.0 39286.0
43605.0 39227.0
46855.0 39135.0

16515.0 41448.0
16595.0 41053.0
17095.0 40954.0
17171.0 40835.0
18092.0 40466.0
18545.0 40449.0
18596.0 40337.0
19912.0 40313.0
21266.0 40310.0
21342.0 40064.0
21708.0 39975.0
24516.0 39972.0
24592.0 39916.0
24820.0 39889.0
25513.0 39758.0
28687.0 39756.0
28763.0 39632.0
31937.0 39630.0
32013.0 39573.0
32934.0 39512.0
36108.0 39509.0
36184.0 39410.0
39358.0 39397.0
39434.0 39340.0
40355.0 39279.0
43605.0 39227.0
46855.0 39224.0

16515.0 41448.0
16595.0 41053.0
17095.0 40954.0
17171.0 40835.0
18092.0 40466.0
18545.0 40449.0
18596.0 40337.0
19912.0 40313.0
21266.0 40310.0
21342.0 40064.0
21708.0 39975.0
24516.0 39972.0
24592.0 39915.0
24820.0 39889.0
25513.0 39758.0
28687.0 39757.0
28763.0 39631.0
32013.0 39572.0
32934.0 39512.0
36108.0 39509.0
36184.0 39386.0
39434.0 39340.0
40355.0 39279.0
43605.0 39227.0
46855.0 39135.0

16290.0 46363.0
16515.0 41267.0
16595.0 41035.0
17095.0 40954.0
17171.0 40768.0
18092.0 40466.0
18545.0 40444.0
18596.0 40337.0
19912.0 40313.0
21266.0 40310.0
21342.0 40064.0
21708.0 39975.0
24516.0 39972.0
24592.0 39916.0
24820.0 39865.0
25513.0 39758.0
27894.0 39757.0
28687.0 39755.0
28763.0 39632.0
31937.0 39629.0
32013.0 39573.0
32934.0 39512.0
36108.0 39509.0
36184.0 39386.0
39434.0 39374.0
40355.0 39279.0
43605.0 39153.0


