16595.0 43463.0
16816.0 42698.0
16990.0 41634.0
17516.0 41239.0
18016.0 41140.0
18092.0 40676.0
18545.0 40659.0
18596.0 40367.0
19912.0 40313.0
21342.0 40064.0
21708.0 39975.0
24516.0 39972.0
24592.0 39916.0
25513.0 39758.0
27894.0 39757.0
28763.0 39631.0
31937.0 39629.0
32013.0 39572.0
32934.0 39512.0
36108.0 39511.0
36184.0 39385.0
39434.0 39326.0

16527.0 44608.0
16595.0 42091.0
16956.0 41868.0
16990.0 41387.0
17516.0 41155.0
18016.0 41074.0
18092.0 40496.0
18596.0 40337.0
19912.0 40313.0
21266.0 40312.0
21342.0 40064.0
21708.0 39975.0
24592.0 39916.0
24820.0 39905.0
25513.0 39758.0
28687.0 39757.0
28763.0 39656.0
32013.0 39573.0
32934.0 39512.0
36108.0 39511.0
39434.0 39491.0

16515.0 42252.0
16595.0 42091.0
16956.0 41868.0
16990.0 41387.0
17516.0 41155.0
18016.0 41074.0
18092.0 40496.0
18596.0 40337.0
19912.0 40313.0
21266.0 40312.0
21342.0 40064.0
21708.0 39975.0
24592.0 39916.0
24820.0 39905.0
25513.0 39758.0
28687.0 39757.0
28763.0 39632.0
31937.0 39629.0
32013.0 39573.0
32934.0 39512.0
36108.0 39511.0
39434.0 39491.0

16515.0 42252.0
16595.0 42091.0
16816.0 41938.0
16956.0 41868.0
16990.0 41387.0
17516.0 41155.0
18016.0 41074.0
18092.0 40466.0
18545.0 40444.0
18596.0 40337.0
19912.0 40313.0
21266.0 40312.0
21342.0 40064.0
21708.0 39975.0
24592.0 39916.0
24820.0 39905.0
25513.0 39758.0
28687.0 39757.0
28763.0 39656.0
32013.0 39573.0
32934.0 39512.0
36108.0 39511.0
39434.0 39491.0

16515.0 42252.0
16595.0 42091.0
16816.0 41938.0
16956.0 41868.0
16990.0 41387.0
17516.0 41155.0
18016.0 41074.0
18092.0 40466.0
18545.0 40444.0
18596.0 40337.0
19912.0 40313.0
21266.0 40312.0
21342.0 40064.0
21708.0 39975.0
24516.0 39974.0
24592.0 39916.0
24820.0 39905.0
25513.0 39758.0
28687.0 39757.0
28763.0 39632.0
32013.0 39573.0
32934.0 39512.0
36108.0 39511.0
39434.0 39491.0

16515.0 41334.0
16595.0 41102.0
17095.0 41039.0
18092.0 40496.0
18596.0 40337.0
19912.0 40313.0
21266.0 40312.0
21342.0 40064.0
21708.0 39975.0
24592.0 39916.0
24820.0 39905.0
25513.0 39758.0
28687.0 39757.0
28763.0 39656.0
32013.0 39573.0
32934.0 39512.0
36108.0 39511.0
39434.0 39491.0

16515.0 42252.0
16595.0 42091.0
16816.0 41938.0
16956.0 41868.0
16990.0 41387.0
17516.0 41155.0
18016.0 41074.0
18092.0 40496.0
18596.0 40337.0
19912.0 40313.0
21266.0 40312.0
21342.0 40064.0
21708.0 39975.0
24516.0 39974.0
24592.0 39916.0
24820.0 39905.0
25513.0 39758.0
28687.0 39757.0
28763.0 39632.0
31937.0 39629.0
32013.0 39573.0
32934.0 39512.0
36108.0 39511.0
39434.0 39491.0

16515.0 42189.0
16595.0 41996.0
16816.0 41938.0
16956.0 41868.0
16990.0 41387.0
17516.0 41155.0
18016.0 41074.0
18092.0 40466.0
18545.0 40444.0
18596.0 40337.0
19912.0 40313.0
21266.0 40312.0
21342.0 40064.0
21708.0 39975.0
24516.0 39974.0
24592.0 39916.0
24820.0 39905.0
25513.0 39758.0
28687.0 39757.0
28763.0 39632.0
32013.0 39573.0
32934.0 39512.0
36108.0 39511.0
39434.0 39491.0
42608.0 39488.0

16515.0 42252.0
16595.0 42091.0
16816.0 41938.0
16956.0 41868.0
16990.0 41387.0
17516.0 41155.0
18016.0 41074.0
18092.0 40466.0
18545.0 40444.0
18596.0 40337.0
19912.0 40313.0
21266.0 40312.0
21342.0 40064.0
21708.0 39975.0
24516.0 39974.0
24592.0 39916.0
24820.0 39905.0
25513.0 39758.0
28687.0 39757.0
28763.0 39632.0
31937.0 39629.0
32013.0 39573.0
32934.0 39512.0
36108.0 39511.0
39434.0 39491.0

16515.0 41267.0
16595.0 41035.0
17095.0 40972.0
17171.0 40835.0
18092.0 40466.0
18596.0 40337.0
19912.0 40313.0
21266.0 40312.0
21342.0 40064.0
21708.0 39975.0
24516.0 39972.0
24592.0 39916.0
24820.0 39905.0
25513.0 39758.0
28687.0 39755.0
28763.0 39632.0
32013.0 39573.0
32934.0 39512.0
36108.0 39511.0
36184.0 39474.0
39358.0 39473.0

16515.0 42199.0
16519.0 42136.0
16595.0 42091.0
16816.0 41678.0
16956.0 41567.0
16990.0 41387.0
17516.0 41155.0
18016.0 41074.0
18092.0 40466.0
18545.0 40444.0
18596.0 40337.0
19912.0 40313.0
21266.0 40310.0
21342.0 40064.0
21708.0 39975.0
24516.0 39972.0
24592.0 39916.0
24820.0 39865.0
25513.0 39758.0
28687.0 39755.0
28763.0 39631.0
31937.0 39629.0
32013.0 39573.0
32934.0 39512.0
36108.0 39511.0
36184.0 39386.0
39434.0 39340.0
40355.0 39279.0
43605.0 39153.0


