16515.0 44187.0
16726.0 42774.0
16816.0 41608.0
16990.0 41577.0
17516.0 41182.0
18016.0 41083.0
18092.0 40466.0
18545.0 40444.0
18596.0 40337.0
19912.0 40313.0
21266.0 40310.0
21342.0 40064.0
21708.0 39975.0
24516.0 39972.0
24592.0 39915.0
25513.0 39758.0
27894.0 39757.0
28687.0 39755.0
28763.0 39631.0
31937.0 39629.0
32013.0 39572.0
32934.0 39511.0
36108.0 39509.0
36184.0 39385.0
39358.0 39383.0
39434.0 39326.0
40355.0 39278.0
43605.0 39152.0
46855.0 39117.0
51026.0 39071.0

16023.0 42369.0
16156.0 41932.0
16595.0 41700.0
16956.0 41589.0
16990.0 41387.0
17516.0 41173.0
18016.0 41074.0
18092.0 40624.0
18545.0 40607.0
18596.0 40353.0
19912.0 40313.0
21342.0 40104.0
21708.0 39975.0
24516.0 39972.0
24592.0 39916.0
24820.0 39865.0
28763.0 39631.0
32013.0 39573.0
36184.0 39528.0
39434.0 39460.0

16023.0 42369.0
16156.0 41932.0
16595.0 41700.0
16956.0 41589.0
16990.0 41387.0
17516.0 41173.0
18016.0 41074.0
18092.0 40624.0
18545.0 40607.0
18596.0 40353.0
19912.0 40313.0
21266.0 40310.0
21342.0 40064.0
21708.0 39975.0
24516.0 39972.0
24592.0 39916.0
24820.0 39865.0
25513.0 39758.0
27894.0 39757.0
28687.0 39755.0
28763.0 39631.0
32013.0 39573.0
36184.0 39528.0
39434.0 39460.0

16023.0 42369.0
16156.0 41932.0
16595.0 41700.0
16956.0 41589.0
16990.0 41387.0
17516.0 41155.0
18016.0 41074.0
18092.0 40607.0
18596.0 40353.0
19912.0 40313.0
21266.0 40310.0
21342.0 40064.0
21708.0 39975.0
24516.0 39972.0
24592.0 39916.0
24820.0 39865.0
28763.0 39631.0
32013.0 39573.0
36184.0 39385.0

16023.0 42369.0
16156.0 41932.0
16595.0 41700.0
16956.0 41589.0
16990.0 41387.0
17516.0 41155.0
18016.0 41074.0
18092.0 40607.0
18596.0 40353.0
19912.0 40313.0
21342.0 40064.0
21708.0 39975.0
24516.0 39972.0
24592.0 39916.0
24820.0 39865.0
28763.0 39631.0
32013.0 39573.0
36184.0 39385.0

16023.0 42369.0
16156.0 41932.0
16595.0 41693.0
16956.0 41589.0
16990.0 41387.0
17516.0 41155.0
18016.0 41074.0
18092.0 40561.0
18596.0 40353.0
19912.0 40313.0
21342.0 40064.0
21708.0 39975.0
24516.0 39972.0
24592.0 39916.0
24820.0 39865.0
28763.0 39631.0
32013.0 39573.0
36184.0 39385.0
43605.0 39377.0

16023.0 42369.0
16156.0 41932.0
16595.0 41700.0
16956.0 41589.0
16990.0 41387.0
17516.0 41155.0
18016.0 41074.0
18092.0 40624.0
18545.0 40607.0
18596.0 40353.0
19912.0 40313.0
21266.0 40310.0
21342.0 40064.0
21708.0 39975.0
24516.0 39972.0
24592.0 39916.0
24820.0 39865.0
25513.0 39758.0
27894.0 39757.0
28687.0 39755.0
28763.0 39631.0
32013.0 39573.0
36184.0 39426.0

16023.0 42369.0
16156.0 41932.0
16595.0 41700.0
16956.0 41589.0
16990.0 41387.0
17516.0 41155.0
18016.0 41074.0
18092.0 40466.0
18545.0 40449.0
18596.0 40353.0
19912.0 40313.0
21266.0 40310.0
21342.0 40064.0
21708.0 39975.0
24516.0 39972.0
24592.0 39916.0
24820.0 39865.0
25513.0 39758.0
27894.0 39757.0
28687.0 39755.0
28763.0 39631.0
31937.0 39629.0
32013.0 39573.0
32934.0 39552.0
36184.0 39426.0

16023.0 42369.0
16156.0 41932.0
16595.0 41700.0
16956.0 41589.0
16990.0 41387.0
17516.0 41155.0
18016.0 41074.0
18092.0 40624.0
18545.0 40607.0
18596.0 40353.0
19912.0 40313.0
21266.0 40310.0
21342.0 40064.0
21708.0 39975.0
24516.0 39972.0
24592.0 39916.0
24820.0 39865.0
28763.0 39631.0
32013.0 39573.0
36184.0 39426.0

16023.0 42369.0
16156.0 41932.0
16595.0 41693.0
16956.0 41589.0
16990.0 41387.0
17516.0 41155.0
18016.0 41074.0
18092.0 40624.0
18545.0 40602.0
18596.0 40353.0
19912.0 40313.0
21266.0 40310.0
21342.0 40064.0
21708.0 39975.0
24516.0 39972.0
24592.0 39916.0
24820.0 39865.0
25513.0 39758.0
27894.0 39757.0
28687.0 39755.0
28763.0 39631.0
32013.0 39573.0
36184.0 39385.0
43605.0 39377.0

16023.0 42369.0
16156.0 41932.0
16595.0 41700.0
16956.0 41589.0
16990.0 41387.0
17516.0 41155.0
18016.0 41074.0
18092.0 40466.0
18545.0 40444.0
18596.0 40337.0
19912.0 40313.0
21266.0 40310.0
21342.0 40064.0
21708.0 39975.0
24516.0 39972.0
24592.0 39916.0
24820.0 39865.0
25513.0 39758.0
28687.0 39755.0
28763.0 39631.0
31937.0 39628.0
32013.0 39573.0
32934.0 39512.0
36108.0 39511.0
36184.0 39386.0
39434.0 39327.0
40355.0 39303.0
43529.0 39278.0
43605.0 39153.0
51026.0 39110.0


