16745.0 44088.0
16816.0 42138.0
16871.0 42009.0
16990.0 41423.0
17516.0 41191.0
18016.0 41128.0
18092.0 40466.0
18545.0 40444.0
18596.0 40337.0
19912.0 40313.0
21266.0 40310.0
21342.0 40064.0
21708.0 39975.0
24516.0 39972.0
24592.0 39915.0
24820.0 39865.0
25513.0 39758.0
27894.0 39757.0
28763.0 39631.0
31937.0 39629.0
32013.0 39572.0
32934.0 39512.0
36184.0 39385.0
39434.0 39326.0
40355.0 39279.0
43605.0 39153.0

16290.0 45004.0
16494.0 42979.0
16816.0 41952.0
16956.0 41841.0
16990.0 41426.0
17516.0 41185.0
18016.0 41122.0
18092.0 40496.0
18545.0 40474.0
18596.0 40337.0
21266.0 40312.0
21342.0 40088.0
21708.0 39999.0
24592.0 39916.0
25513.0 39817.0
28687.0 39816.0
28763.0 39672.0
32013.0 39670.0
32934.0 39571.0
36184.0 39404.0

16290.0 45004.0
16494.0 42979.0
16816.0 41952.0
16956.0 41841.0
16990.0 41426.0
17516.0 41185.0
18016.0 41122.0
18092.0 40466.0
18545.0 40444.0
18596.0 40337.0
21266.0 40312.0
21342.0 40088.0
21708.0 39999.0
24592.0 39916.0
25513.0 39817.0
28687.0 39816.0
28763.0 39672.0
32013.0 39597.0
32934.0 39571.0
36184.0 39404.0

16290.0 45004.0
16494.0 42979.0
16571.0 42572.0
16816.0 41952.0
16956.0 41841.0
16990.0 41426.0
17516.0 41185.0
18016.0 41122.0
18092.0 40466.0
18545.0 40444.0
18596.0 40337.0
21266.0 40312.0
21342.0 40088.0
21708.0 39999.0
24516.0 39974.0
24592.0 39916.0
24820.0 39889.0
25513.0 39817.0
28687.0 39816.0
28763.0 39656.0
32013.0 39580.0
32934.0 39524.0
36184.0 39404.0

16290.0 45004.0
16494.0 42979.0
16816.0 41952.0
16956.0 41841.0
16990.0 41426.0
17516.0 41185.0
18016.0 41122.0
18092.0 40466.0
18545.0 40444.0
18596.0 40337.0
21266.0 40312.0
21342.0 40088.0
21708.0 39999.0
24592.0 39916.0
24820.0 39889.0
25513.0 39817.0
28687.0 39816.0
28763.0 39656.0
32013.0 39580.0
32934.0 39524.0
36184.0 39404.0

16290.0 43759.0
16475.0 43365.0
16494.0 42979.0
16816.0 41952.0
16956.0 41841.0
16990.0 41387.0
17516.0 41155.0
18016.0 41074.0
18092.0 40466.0
18545.0 40444.0
18596.0 40337.0
19912.0 40313.0
21266.0 40310.0
21342.0 40064.0
21708.0 39975.0
24516.0 39972.0
24592.0 39916.0
24820.0 39889.0
25513.0 39758.0
28687.0 39757.0
28763.0 39639.0
32013.0 39580.0
32934.0 39512.0
36184.0 39404.0
40355.0 39321.0

16023.0 49889.0
16290.0 45004.0
16494.0 42979.0
16816.0 41952.0
16956.0 41841.0
16990.0 41417.0
17516.0 41185.0
18016.0 41113.0
18092.0 40496.0
18545.0 40474.0
18596.0 40337.0
21266.0 40312.0
21342.0 40088.0
21708.0 39975.0
24516.0 39974.0
24592.0 39916.0
24820.0 39889.0
25513.0 39817.0
27894.0 39816.0
28763.0 39672.0
32013.0 39580.0
32934.0 39524.0
36184.0 39404.0

16290.0 45004.0
16494.0 42979.0
16515.0 41847.0
16595.0 41615.0
16990.0 41396.0
17516.0 41164.0
18016.0 41101.0
18092.0 40466.0
18545.0 40444.0
18596.0 40337.0
19912.0 40313.0
21266.0 40312.0
21342.0 40088.0
21657.0 40071.0
21708.0 39975.0
24516.0 39974.0
24592.0 39916.0
24820.0 39889.0
25513.0 39758.0
28763.0 39656.0
32013.0 39580.0
32934.0 39512.0
36184.0 39398.0

16290.0 45004.0
16494.0 42979.0
16816.0 41952.0
16956.0 41841.0
16990.0 41417.0
17516.0 41185.0
18016.0 41113.0
18092.0 40496.0
18545.0 40474.0
18596.0 40337.0
21266.0 40312.0
21342.0 40088.0
21708.0 39975.0
24516.0 39974.0
24592.0 39916.0
24820.0 39889.0
25513.0 39817.0
27894.0 39816.0
28763.0 39672.0
32013.0 39580.0
32934.0 39524.0
36184.0 39404.0

16290.0 44501.0
16480.0 43373.0
16494.0 42979.0
16571.0 42635.0
16726.0 42431.0
16816.0 41481.0
16990.0 41387.0
17516.0 41155.0
18016.0 41092.0
18092.0 40466.0
18545.0 40444.0
18596.0 40337.0
19912.0 40313.0
21266.0 40310.0
21342.0 40064.0
21708.0 39975.0
24516.0 39972.0
24592.0 39916.0
24820.0 39889.0
25513.0 39758.0
28763.0 39632.0
31937.0 39631.0
32013.0 39579.0
32934.0 39524.0
36184.0 39399.0

16023.0 47216.0
16275.0 46972.0
16290.0 44393.0
16480.0 43373.0
16494.0 42979.0
16515.0 41448.0
16595.0 41053.0
17095.0 40954.0
18092.0 40466.0
18545.0 40444.0
18596.0 40337.0
19912.0 40313.0
21266.0 40310.0
21342.0 40064.0
21708.0 39975.0
24516.0 39972.0
24592.0 39916.0
24820.0 39865.0
25513.0 39758.0
27894.0 39757.0
28687.0 39755.0
28763.0 39631.0
31937.0 39629.0
32013.0 39572.0
32934.0 39512.0
36108.0 39509.0
36184.0 39385.0
39358.0 39383.0
39434.0 39340.0
40355.0 39279.0
43605.0 39153.0
46855.0 39117.0
50105.0 39058.0


