16515.0 41382.0
16595.0 41150.0
17095.0 41069.0
18092.0 40466.0
18545.0 40444.0
18596.0 40337.0
19912.0 40313.0
21266.0 40312.0
21342.0 40064.0
21708.0 39975.0
24516.0 39972.0
24592.0 39915.0
24820.0 39865.0
25513.0 39758.0
27894.0 39757.0
28687.0 39755.0
28763.0 39631.0
31937.0 39628.0
32013.0 39572.0
32934.0 39511.0
36184.0 39385.0
39434.0 39326.0
43605.0 39153.0
46855.0 39093.0

16023.0 42523.0
16515.0 41358.0
16595.0 41126.0
17171.0 40859.0
18092.0 40466.0
18545.0 40449.0
18596.0 40337.0
19912.0 40313.0
21342.0 40064.0
21708.0 40040.0
24592.0 40001.0
24801.0 39974.0
25513.0 39758.0
28763.0 39632.0
32934.0 39549.0
36184.0 39439.0
39434.0 39364.0
43605.0 39227.0
46855.0 39101.0

16023.0 42523.0
16515.0 41358.0
16595.0 41035.0
17171.0 40768.0
18092.0 40466.0
18545.0 40449.0
18596.0 40337.0
19912.0 40313.0
21266.0 40310.0
21342.0 40064.0
21708.0 39999.0
24592.0 39940.0
24820.0 39905.0
25513.0 39758.0
28687.0 39755.0
28763.0 39632.0
32013.0 39596.0
32934.0 39536.0
36184.0 39423.0
39358.0 39398.0
39434.0 39364.0
40355.0 39286.0
43605.0 39177.0
46779.0 39152.0
46855.0 39101.0

16023.0 42523.0
16156.0 42104.0
16515.0 41358.0
16595.0 41126.0
17171.0 40859.0
18092.0 40466.0
18545.0 40449.0
18596.0 40337.0
19912.0 40313.0
21266.0 40312.0
21342.0 40064.0
21708.0 39975.0
24516.0 39974.0
24592.0 39939.0
25513.0 39758.0
28763.0 39632.0
32934.0 39549.0
36184.0 39439.0
39434.0 39364.0
40355.0 39286.0
43605.0 39227.0
46855.0 39101.0

16023.0 42523.0
16515.0 41358.0
16595.0 41126.0
17095.0 41063.0
17171.0 40859.0
18092.0 40466.0
18545.0 40449.0
18596.0 40337.0
19912.0 40313.0
21342.0 40064.0
21708.0 40039.0
24592.0 39988.0
24801.0 39974.0
24820.0 39908.0
25513.0 39758.0
28763.0 39632.0
32934.0 39536.0
36184.0 39423.0
39358.0 39398.0
39434.0 39364.0
42608.0 39339.0
43605.0 39177.0
46779.0 39152.0
46855.0 39101.0

16023.0 42432.0
16156.0 41932.0
16515.0 41358.0
16595.0 41126.0
17171.0 40768.0
18092.0 40466.0
18545.0 40444.0
18596.0 40337.0
19912.0 40313.0
21266.0 40310.0
21342.0 40064.0
21708.0 39975.0
24516.0 39974.0
24592.0 39939.0
25513.0 39758.0
27894.0 39757.0
28763.0 39632.0
31937.0 39631.0
32013.0 39596.0
32934.0 39512.0
36184.0 39386.0
39434.0 39364.0
43605.0 39227.0
46855.0 39101.0

16023.0 42523.0
16515.0 41267.0
16595.0 41035.0
17171.0 40768.0
18092.0 40466.0
18545.0 40444.0
18596.0 40337.0
19912.0 40313.0
21266.0 40312.0
21342.0 40064.0
21708.0 39999.0
24516.0 39996.0
24592.0 39939.0
24820.0 39908.0
25513.0 39758.0
28763.0 39632.0
32013.0 39596.0
32934.0 39536.0
36184.0 39410.0
39358.0 39398.0
39434.0 39364.0
42608.0 39339.0
43605.0 39177.0
46779.0 39152.0
46855.0 39101.0

16023.0 42523.0
16156.0 42104.0
16515.0 41267.0
16595.0 41035.0
17171.0 40768.0
18092.0 40466.0
18545.0 40444.0
18596.0 40337.0
19912.0 40313.0
21266.0 40310.0
21342.0 40064.0
21708.0 39975.0
24516.0 39974.0
24592.0 39923.0
24820.0 39905.0
25513.0 39758.0
27894.0 39757.0
28687.0 39755.0
28763.0 39632.0
31937.0 39631.0
32013.0 39580.0
32934.0 39512.0
36184.0 39410.0
39358.0 39398.0
39434.0 39363.0
40355.0 39303.0
43605.0 39177.0
46779.0 39152.0
46855.0 39101.0

16023.0 42523.0
16515.0 41267.0
16595.0 41035.0
17095.0 40972.0
17171.0 40768.0
18092.0 40466.0
18545.0 40449.0
18596.0 40337.0
19912.0 40313.0
21266.0 40312.0
21342.0 40064.0
21708.0 39975.0
24516.0 39974.0
24592.0 39939.0
24820.0 39908.0
25513.0 39758.0
28763.0 39632.0
32013.0 39596.0
32934.0 39536.0
36184.0 39410.0
39358.0 39398.0
39434.0 39364.0
42608.0 39339.0
43605.0 39177.0
46779.0 39152.0
46855.0 39101.0

16023.0 42432.0
16156.0 42242.0
16515.0 41358.0
16595.0 41126.0
17171.0 40768.0
18092.0 40466.0
18545.0 40444.0
18596.0 40337.0
19912.0 40313.0
21266.0 40310.0
21342.0 40064.0
21708.0 39975.0
24516.0 39972.0
24592.0 39916.0
24820.0 39908.0
25513.0 39758.0
27894.0 39757.0
28687.0 39756.0
28763.0 39631.0
31937.0 39629.0
32013.0 39579.0
32934.0 39512.0
36184.0 39386.0
39434.0 39364.0
42608.0 39339.0
43605.0 39177.0
46779.0 39152.0
46855.0 39101.0

16023.0 42316.0
16156.0 41932.0
16515.0 41267.0
16595.0 41035.0
17095.0 40954.0
17171.0 40768.0
18092.0 40466.0
18545.0 40444.0
18596.0 40337.0
19912.0 40313.0
21266.0 40310.0
21342.0 40064.0
21708.0 39975.0
24516.0 39974.0
24592.0 39915.0
24820.0 39865.0
25513.0 39758.0
27894.0 39757.0
28763.0 39631.0
32013.0 39573.0
32934.0 39512.0
36184.0 39386.0
39434.0 39327.0
40355.0 39279.0
43605.0 39153.0
46855.0 39101.0
50029.0 39093.0


