16290.0 44825.0
16480.0 43373.0
16494.0 42979.0
16515.0 41943.0
16816.0 41924.0
16875.0 41699.0
16990.0 41387.0
17516.0 41220.0
17745.0 41162.0
18016.0 41157.0
18092.0 40466.0
18545.0 40444.0
18596.0 40337.0
19912.0 40313.0
21266.0 40310.0
21342.0 40064.0
21708.0 39975.0
24516.0 39972.0
24592.0 39915.0
24820.0 39865.0
25513.0 39758.0
27894.0 39757.0
28763.0 39631.0
32013.0 39572.0
32934.0 39511.0
36184.0 39385.0
39434.0 39326.0
43605.0 39152.0
46779.0 39151.0
46855.0 39094.0
51026.0 39070.0

16023.0 42375.0
16156.0 41932.0
16571.0 41779.0
16595.0 41700.0
16956.0 41589.0
16990.0 41387.0
17171.0 40805.0
18092.0 40466.0
18545.0 40444.0
18596.0 40337.0
19912.0 40313.0
21266.0 40310.0
21342.0 40064.0
21708.0 39975.0
24592.0 39934.0
24820.0 39905.0
25513.0 39798.0
28763.0 39632.0
32013.0 39591.0
32934.0 39565.0
36184.0 39477.0
39434.0 39345.0

16023.0 42375.0
16156.0 41932.0
16571.0 41779.0
16595.0 41700.0
16956.0 41589.0
16990.0 41387.0
17171.0 40805.0
18092.0 40466.0
18545.0 40444.0
18596.0 40337.0
19912.0 40313.0
21266.0 40310.0
21342.0 40064.0
21708.0 39975.0
24592.0 39934.0
24820.0 39905.0
25513.0 39758.0
28763.0 39632.0
32013.0 39591.0
32934.0 39552.0
36184.0 39477.0
39434.0 39345.0

16023.0 42375.0
16156.0 41932.0
16571.0 41779.0
16595.0 41700.0
16956.0 41589.0
16990.0 41387.0
17171.0 40805.0
18092.0 40466.0
18545.0 40444.0
18596.0 40337.0
19912.0 40313.0
21266.0 40310.0
21342.0 40064.0
21708.0 39975.0
24516.0 39974.0
24592.0 39916.0
24820.0 39865.0
25513.0 39758.0
28763.0 39632.0
31937.0 39631.0
32013.0 39591.0
32934.0 39565.0
36184.0 39477.0
39434.0 39345.0

16023.0 42375.0
16156.0 41932.0
16515.0 41507.0
16595.0 41275.0
17095.0 41212.0
17171.0 40744.0
18092.0 40466.0
18545.0 40444.0
18596.0 40337.0
19912.0 40313.0
21266.0 40310.0
21342.0 40064.0
21708.0 39975.0
24516.0 39974.0
24592.0 39916.0
24820.0 39905.0
25513.0 39758.0
28763.0 39632.0
32013.0 39591.0
32934.0 39565.0
36184.0 39477.0
39434.0 39345.0

16023.0 42375.0
16156.0 41932.0
16571.0 41779.0
16595.0 41700.0
16956.0 41589.0
16990.0 41387.0
17171.0 40805.0
18092.0 40466.0
18545.0 40444.0
18596.0 40337.0
19912.0 40313.0
21266.0 40310.0
21342.0 40064.0
21708.0 39975.0
24516.0 39972.0
24592.0 39915.0
24820.0 39905.0
25513.0 39758.0
28763.0 39631.0
32013.0 39591.0
32934.0 39565.0
36184.0 39477.0
39434.0 39345.0

16023.0 42375.0
16156.0 41932.0
16571.0 41779.0
16595.0 41700.0
16956.0 41589.0
16990.0 41387.0
17171.0 40805.0
18092.0 40466.0
18545.0 40444.0
18596.0 40337.0
19912.0 40313.0
21266.0 40310.0
21342.0 40064.0
21708.0 39975.0
24592.0 39915.0
24820.0 39865.0
25513.0 39758.0
28763.0 39632.0
32013.0 39591.0
32934.0 39549.0
36184.0 39477.0
39434.0 39345.0

16023.0 42375.0
16156.0 41932.0
16571.0 41779.0
16595.0 41700.0
16956.0 41589.0
16990.0 41387.0
17171.0 40805.0
18092.0 40466.0
18545.0 40444.0
18596.0 40337.0
19912.0 40313.0
21266.0 40310.0
21342.0 40064.0
21708.0 39975.0
24516.0 39974.0
24592.0 39915.0
24820.0 39865.0
25513.0 39758.0
28763.0 39632.0
32013.0 39591.0
32934.0 39549.0
36184.0 39450.0
39434.0 39345.0

16023.0 42375.0
16156.0 41932.0
16515.0 41507.0
16595.0 41275.0
17095.0 41212.0
17171.0 40744.0
18092.0 40466.0
18545.0 40444.0
18596.0 40337.0
19912.0 40313.0
21266.0 40310.0
21342.0 40064.0
21708.0 39975.0
24516.0 39974.0
24592.0 39916.0
24820.0 39865.0
25513.0 39758.0
28763.0 39632.0
32013.0 39591.0
32934.0 39549.0
36184.0 39477.0
39434.0 39345.0

16023.0 42375.0
16156.0 41932.0
16571.0 41779.0
16595.0 41700.0
16956.0 41589.0
16990.0 41387.0
17171.0 40805.0
18092.0 40466.0
18545.0 40444.0
18596.0 40337.0
19912.0 40313.0
21266.0 40310.0
21342.0 40064.0
21708.0 39975.0
24516.0 39972.0
24592.0 39915.0
24820.0 39865.0
25513.0 39758.0
28687.0 39757.0
28763.0 39632.0
31937.0 39631.0
32013.0 39591.0
32934.0 39549.0
36184.0 39468.0
39434.0 39345.0

16023.0 42375.0
16156.0 41932.0
16515.0 41382.0
16595.0 41150.0
17095.0 41069.0
17171.0 40744.0
18092.0 40466.0
18545.0 40444.0
18596.0 40337.0
19912.0 40313.0
21266.0 40310.0
21342.0 40064.0
21708.0 39975.0
24516.0 39972.0
24592.0 39915.0
24820.0 39865.0
25513.0 39758.0
28687.0 39757.0
28763.0 39631.0
32013.0 39573.0
32934.0 39512.0
36184.0 39385.0
39434.0 39327.0
42684.0 39315.0
43605.0 39170.0


