16023.0 42369.0
16156.0 42088.0
16595.0 41693.0
16956.0 41623.0
17095.0 41524.0
17345.0 41406.0
17516.0 41173.0
18016.0 41074.0
18092.0 40466.0
18545.0 40444.0
18596.0 40337.0
19912.0 40313.0
21266.0 40310.0
21342.0 40064.0
21708.0 39975.0
24516.0 39972.0
24592.0 39915.0
24820.0 39865.0
25513.0 39758.0
28763.0 39632.0
31937.0 39629.0
32013.0 39572.0
35187.0 39570.0
35263.0 39537.0
36184.0 39386.0
39358.0 39383.0
39434.0 39327.0
42608.0 39324.0
42684.0 39291.0

16023.0 43771.0
16156.0 42187.0
16515.0 41657.0
16595.0 41262.0
17095.0 41163.0
17745.0 41127.0
18016.0 41104.0
18092.0 40466.0
18545.0 40444.0
18596.0 40337.0
19912.0 40313.0
21266.0 40310.0
21342.0 40088.0
21708.0 39975.0
24516.0 39972.0
24592.0 39940.0
25513.0 39782.0
28763.0 39631.0
32013.0 39620.0
32934.0 39552.0
36184.0 39386.0
39434.0 39350.0
43605.0 39340.0

16023.0 42630.0
16156.0 42187.0
16515.0 41657.0
16595.0 41262.0
17095.0 41163.0
17745.0 41127.0
18016.0 41104.0
18092.0 40466.0
18545.0 40444.0
18596.0 40337.0
19912.0 40313.0
21266.0 40310.0
21342.0 40088.0
21708.0 39975.0
24516.0 39972.0
24592.0 39940.0
25513.0 39782.0
28763.0 39631.0
32013.0 39620.0
32934.0 39512.0
36184.0 39386.0
39434.0 39350.0
43605.0 39340.0

16023.0 42472.0
16156.0 42029.0
16515.0 41448.0
16595.0 41053.0
17095.0 40954.0
18092.0 40466.0
18545.0 40444.0
18596.0 40337.0
19912.0 40313.0
21266.0 40310.0
21342.0 40088.0
21708.0 39975.0
24516.0 39972.0
24592.0 39939.0
25513.0 39782.0
28687.0 39755.0
28763.0 39631.0
32013.0 39620.0
32934.0 39552.0
36184.0 39386.0
39434.0 39350.0
43605.0 39340.0

16023.0 42630.0
16156.0 42029.0
16515.0 41448.0
16595.0 41053.0
17095.0 40954.0
18092.0 40466.0
18545.0 40444.0
18596.0 40337.0
19912.0 40313.0
21266.0 40310.0
21342.0 40088.0
21708.0 39975.0
24516.0 39972.0
24592.0 39916.0
24820.0 39865.0
25513.0 39782.0
28763.0 39631.0
32013.0 39620.0
32934.0 39552.0
36184.0 39386.0
39434.0 39350.0
43605.0 39340.0

16023.0 42547.0
16156.0 42104.0
16515.0 41448.0
16595.0 41053.0
17095.0 40954.0
18092.0 40466.0
18545.0 40444.0
18596.0 40337.0
19912.0 40313.0
21266.0 40310.0
21342.0 40088.0
21708.0 39975.0
24516.0 39972.0
24592.0 39940.0
25513.0 39782.0
27843.0 39776.0
28687.0 39755.0
28763.0 39631.0
31937.0 39629.0
32013.0 39596.0
32934.0 39512.0
36184.0 39386.0
39434.0 39350.0
43605.0 39340.0

16023.0 42630.0
16156.0 42187.0
16515.0 41576.0
16595.0 41163.0
17095.0 41082.0
18092.0 40466.0
18545.0 40444.0
18596.0 40337.0
19912.0 40313.0
21266.0 40310.0
21342.0 40064.0
21708.0 39975.0
24516.0 39972.0
24592.0 39940.0
25513.0 39782.0
28763.0 39631.0
32013.0 39620.0
32934.0 39552.0
36184.0 39386.0
39434.0 39350.0
43605.0 39340.0

16023.0 42405.0
16156.0 41962.0
16515.0 41657.0
16595.0 41262.0
17095.0 41163.0
17745.0 41127.0
18016.0 41083.0
18092.0 40466.0
18545.0 40444.0
18596.0 40337.0
19912.0 40313.0
21266.0 40310.0
21342.0 40064.0
21708.0 39975.0
24516.0 39972.0
24592.0 39940.0
24820.0 39889.0
25513.0 39782.0
28687.0 39755.0
28763.0 39631.0
32013.0 39597.0
32934.0 39552.0
36184.0 39386.0
39434.0 39350.0
43605.0 39317.0

16023.0 42630.0
16156.0 41932.0
16515.0 41448.0
16595.0 41053.0
17095.0 40954.0
18092.0 40466.0
18545.0 40444.0
18596.0 40337.0
19912.0 40313.0
21266.0 40310.0
21342.0 40064.0
21708.0 39975.0
24516.0 39972.0
24592.0 39916.0
24820.0 39865.0
25513.0 39782.0
28687.0 39755.0
28763.0 39631.0
32013.0 39573.0
32934.0 39552.0
36184.0 39386.0
39434.0 39350.0
43605.0 39340.0

16023.0 42405.0
16156.0 41932.0
16515.0 41448.0
16595.0 41053.0
17095.0 40954.0
18092.0 40466.0
18545.0 40444.0
18596.0 40337.0
19912.0 40313.0
21266.0 40310.0
21342.0 40064.0
21708.0 39975.0
24516.0 39972.0
24592.0 39915.0
24820.0 39865.0
25513.0 39782.0
28687.0 39755.0
28763.0 39631.0
32013.0 39572.0
32934.0 39512.0
36184.0 39386.0
39434.0 39350.0
43605.0 39340.0

16023.0 42375.0
16156.0 41879.0
16515.0 41509.0
16595.0 41114.0
17095.0 41015.0
18092.0 40466.0
18545.0 40444.0
18596.0 40337.0
19912.0 40313.0
21266.0 40310.0
21342.0 40064.0
21708.0 39975.0
24516.0 39972.0
24592.0 39915.0
24820.0 39865.0
25513.0 39758.0
27894.0 39757.0
28687.0 39755.0
28763.0 39631.0
32013.0 39572.0
32934.0 39512.0
36108.0 39511.0
36184.0 39386.0
39434.0 39326.0
42684.0 39291.0
43529.0 39278.0
43605.0 39177.0
46779.0 39174.0
51026.0 39071.0
54200.0 39068.0


