15590.0 46804.0
16093.0 45504.0
16290.0 43420.0
16515.0 42209.0
16816.0 41431.0
16990.0 41423.0
17516.0 41191.0
18016.0 41128.0
18092.0 40618.0
18526.0 40596.0
18596.0 40353.0
19912.0 40343.0
21266.0 40340.0
21342.0 40064.0
21708.0 39975.0
24516.0 39972.0
24592.0 39915.0
24820.0 39865.0
25513.0 39758.0
27894.0 39757.0
28763.0 39631.0
32013.0 39572.0
32934.0 39511.0
36108.0 39509.0
36184.0 39385.0
39434.0 39326.0
40355.0 39279.0
43605.0 39152.0
46779.0 39149.0
46855.0 39093.0

16515.0 41395.0
16595.0 41163.0
17095.0 41100.0
17171.0 40829.0
18092.0 40466.0
18545.0 40444.0
18596.0 40337.0
19912.0 40313.0
21266.0 40312.0
21342.0 40064.0
21708.0 39975.0
24592.0 39916.0
24820.0 39865.0
25513.0 39782.0
28763.0 39632.0
31937.0 39631.0
32013.0 39573.0
32934.0 39536.0

16515.0 41395.0
16595.0 41163.0
17095.0 41100.0
17171.0 40829.0
18092.0 40466.0
18545.0 40444.0
18596.0 40337.0
19912.0 40313.0
21266.0 40312.0
21342.0 40064.0
21708.0 39975.0
24592.0 39916.0
24820.0 39865.0
25513.0 39782.0
28763.0 39632.0
31937.0 39631.0
32013.0 39573.0
32934.0 39536.0

16515.0 41328.0
16595.0 41096.0
17095.0 41021.0
17171.0 40805.0
18092.0 40466.0
18545.0 40444.0
18596.0 40337.0
19912.0 40313.0
21266.0 40312.0
21342.0 40064.0
21708.0 39975.0
24516.0 39974.0
24592.0 39916.0
24820.0 39865.0
25513.0 39782.0
27894.0 39781.0
28763.0 39632.0
31937.0 39631.0
32013.0 39573.0
32934.0 39536.0
36184.0 39496.0

16515.0 41334.0
16595.0 41102.0
17095.0 41021.0
17171.0 40829.0
18092.0 40466.0
18545.0 40444.0
18596.0 40337.0
19912.0 40313.0
21266.0 40312.0
21342.0 40064.0
21708.0 39975.0
24516.0 39974.0
24592.0 39916.0
24820.0 39865.0
25513.0 39782.0
28763.0 39632.0
31937.0 39631.0
32013.0 39573.0
32934.0 39536.0

16515.0 41328.0
16595.0 41096.0
17095.0 41033.0
17171.0 40829.0
18092.0 40466.0
18545.0 40444.0
18596.0 40337.0
19912.0 40313.0
21266.0 40312.0
21342.0 40064.0
21708.0 39975.0
24516.0 39974.0
24592.0 39916.0
24820.0 39865.0
25513.0 39758.0
28763.0 39632.0
31937.0 39631.0
32013.0 39573.0
32934.0 39525.0
36184.0 39469.0
39358.0 39395.0

16515.0 41395.0
16595.0 41163.0
17095.0 41100.0
17171.0 40829.0
18092.0 40466.0
18545.0 40444.0
18596.0 40337.0
19912.0 40313.0
21266.0 40310.0
21342.0 40064.0
21708.0 39975.0
24592.0 39916.0
24820.0 39865.0
25513.0 39758.0
27894.0 39757.0
28763.0 39632.0
31937.0 39628.0
32013.0 39573.0
32934.0 39536.0

16515.0 41328.0
16595.0 41096.0
17095.0 41021.0
17171.0 40805.0
18092.0 40466.0
18545.0 40444.0
18596.0 40337.0
19912.0 40313.0
21266.0 40312.0
21342.0 40064.0
21708.0 39975.0
24516.0 39974.0
24592.0 39916.0
24820.0 39865.0
25513.0 39782.0
27894.0 39781.0
28763.0 39632.0
31937.0 39631.0
32013.0 39573.0
32934.0 39536.0
36184.0 39496.0

16515.0 41334.0
16595.0 41102.0
17095.0 41021.0
17171.0 40805.0
18092.0 40466.0
18545.0 40444.0
18596.0 40337.0
19912.0 40313.0
21266.0 40312.0
21342.0 40064.0
21708.0 39975.0
24516.0 39974.0
24592.0 39916.0
24820.0 39865.0
25513.0 39782.0
27894.0 39781.0
28763.0 39632.0
31937.0 39631.0
32013.0 39573.0
32934.0 39536.0

16515.0 41267.0
16595.0 41035.0
17095.0 40972.0
17171.0 40805.0
18092.0 40466.0
18545.0 40444.0
18596.0 40337.0
19912.0 40313.0
21266.0 40312.0
21342.0 40064.0
21708.0 39975.0
24516.0 39974.0
24592.0 39916.0
24820.0 39865.0
25513.0 39782.0
27843.0 39765.0
28763.0 39632.0
31937.0 39631.0
32013.0 39573.0
32934.0 39536.0
36184.0 39496.0

16515.0 41267.0
16595.0 41035.0
17095.0 40954.0
17171.0 40768.0
18092.0 40466.0
18545.0 40444.0
18596.0 40337.0
19912.0 40313.0
21266.0 40310.0
21342.0 40064.0
21708.0 39975.0
24516.0 39972.0
24592.0 39915.0
24820.0 39865.0
25513.0 39758.0
28687.0 39755.0
28763.0 39631.0
31937.0 39629.0
32013.0 39572.0
32934.0 39512.0
36184.0 39385.0
39434.0 39350.0
40355.0 39303.0
43529.0 39278.0
43605.0 39153.0
46855.0 39117.0


