----------------- All ---------------

GD
1 12 8 11 9 10 5 6 4 3 7 2
1 12 7 9 11 8 4 10 6 5 3 2
2 1 12 7 8 6 5 9 10 11 4 3
1 10 9 11 3 8 5 12 4 7 6 2
1 3 11 10 8 12 5 9 6 7 2 4
1 9 7 7 12 3 11 8 4 10 5 2
1 3 9 5 7 8 12 4 6 10 11 2
2 1 4 6 10 6 9 8 11 8 12 3
1 3 10 7 6 9 8 11 5 12 4 2
1 5 2 3 10 6 12 7 8 9 11 4
1 8 3 12 4 5 9 11 6 10 7 2
1 12 11 10 4 7 5 9 3 9 6 2
1 2 8 11 4 9 7 6 12 10 5 3
2 4 8 9 5 6 7 11 3 12 10 1
10 12 9 4 11 7 5 6 2 8 3 1
1 2 12 11 8 5 7 9 4 10 6 3
3 2 11 12 7 10 9 6 4 5 8 1
1 3 12 9 10 8 11 7 5 7 4 2
1 9 12 11 10 5 8 3 6 4 7 2
1 2 5 11 3 9 7 10 8 12 6 4
2 8 10 12 11 10 7 6 4 6 3 1
1 3 11 10 12 9 8 5 6 4 7 2
1 2 11 12 7 11 8 9 4 6 5 3
1 7 10 8 11 9 12 6 5 4 3 2
1 2 7 6 11 8 9 5 3 5 10 12
1 3 6 11 12 7 4 10 9 8 5 2
1 2 11 12 10 9 8 3 5 4 7 6
3 1 12 9 11 4 8 10 5 7 6 2
1 2 11 5 4 12 10 7 8 7 3 9
1 2 10 10 12 7 6 11 4 8 5 3
1 2 10 6 8 12 5 11 7 9 4 3
1 2 6 7 12 10 11 8 5 9 4 3
1 12 11 5 9 10 2 4 6 8 3 7
2 3 9 6 8 7 10 5 11 4 12 1
2 1 12 4 6 9 10 5 8 7 11 3
1 12 11 10 9 8 5 7 6 2 3 4
1 12 2 4 9 3 7 6 8 6 10 11
1 12 11 10 9 6 5 7 3 8 4 2
1 5 8 8 4 11 3 8 11 11 12 2
1 3 10 5 4 11 6 7 12 8 9 2

DIR
1 2 12 12 12 12 12 12 12 12 12 12
1 12 11 11 11 11 11 11 11 11 11 11
1 2 5 12 5 6 5 12 12 12 12 12
1 2 5 10 12 10 10 5 10 5 10 11
1 11 11 11 12 11 11 11 11 11 11 11
1 2 12 12 12 12 12 12 12 12 12 12
1 2 6 6 6 6 12 12 12 12 12 12
1 9 9 9 12 9 9 9 10 9 11 9
1 2 12 12 12 12 12 12 12 12 12 12
1 2 10 10 10 10 10 10 10 12 10 11
1 12 12 12 12 12 12 12 12 12 12 12
1 10 3 10 10 3 12 10 10 10 12 10
1 12 12 12 12 12 12 12 12 12 12 12
1 2 12 12 12 12 12 12 12 12 12 12
1 2 12 12 12 12 12 12 12 12 12 12
1 8 2 4 9 4 12 8 12 8 10 8
1 2 12 12 12 12 12 12 12 12 12 12
1 8 8 8 11 8 12 8 11 8 11 8
1 2 6 6 6 7 12 6 12 12 12 12
1 12 12 12 12 12 12 12 12 12 12 12
1 2 12 12 12 12 12 12 12 12 12 12
1 2 12 12 12 12 12 12 12 12 12 12
1 2 12 12 12 12 12 12 12 12 12 12
1 10 10 10 12 10 10 10 10 10 10 12
1 2 12 12 12 12 12 12 12 12 12 12
1 2 12 12 12 12 12 12 12 12 12 12
1 2 11 11 11 11 11 11 12 11 11 11
1 8 8 8 8 8 9 8 12 8 12 12
1 2 4 12 12 12 4 12 12 12 12 12
1 2 12 12 12 12 12 12 12 12 12 12
1 12 12 12 12 12 12 12 12 12 12 12
1 12 12 12 12 12 12 12 12 12 12 12
1 2 11 11 11 11 11 11 12 11 11 11
1 12 12 12 12 12 12 12 12 12 12 12
1 11 11 11 11 11 11 11 11 11 11 12
1 2 5 5 5 12 6 9 12 9 12 9
1 2 3 12 12 12 12 12 12 12 12 12
1 2 3 10 11 10 10 10 10 10 12 10
1 2 12 12 12 12 12 12 12 12 12 12
1 2 5 5 5 12 12 12 12 12 12 12

DCI
1 3 2 5 7 8 7 4 11 9 10 12
1 12 3 10 6 3 10 6 10 6 10 11
1 9 2 3 6 7 4 6 10 8 11 12
1 11 2 4 5 3 7 6 8 10 9 12
1 12 2 4 11 3 9 5 7 7 8 11
1 10 5 5 8 5 5 7 11 7 9 12
1 12 3 6 4 3 9 7 10 5 8 11
1 12 4 4 7 4 9 6 8 6 10 11
1 12 2 6 9 9 6 3 6 9 12 10
1 12 3 3 6 4 10 5 8 9 7 11
1 3 2 6 5 5 7 10 11 10 8 12
1 12 2 6 8 3 7 5 11 5 9 10
1 10 2 5 8 5 11 3 9 6 8 12
1 12 2 4 4 11 8 6 6 9 8 10
1 10 2 4 3 5 6 7 11 8 9 12
3 12 3 3 4 5 6 8 11 8 11 9
1 11 2 3 5 7 4 6 9 9 10 12
1 12 2 3 7 6 11 6 9 6 10 9
1 11 2 5 3 6 8 5 10 7 10 12
1 12 2 4 6 4 11 7 8 5 10 9
1 12 3 6 6 3 6 9 10 9 9 12
1 6 2 4 7 4 12 5 10 8 10 12
1 10 3 4 6 3 9 5 11 7 9 12
1 9 3 4 10 3 8 8 8 8 11 12
1 11 2 6 8 3 7 5 10 5 10 12
1 12 2 6 6 7 10 3 10 10 6 11
1 12 5 5 10 6 10 5 8 5 11 8
1 12 4 4 7 6 9 4 8 6 10 11
1 10 2 3 10 5 5 7 8 7 12 11
1 12 4 4 8 4 7 6 10 6 9 11
1 12 3 3 7 5 10 4 9 6 9 11
1 11 5 5 9 5 10 5 8 8 8 12
1 11 2 3 8 5 7 6 10 5 12 9
1 12 5 5 5 5 7 6 11 8 9 10
1 12 2 9 9 9 9 9 10 9 3 11
1 9 2 3 5 4 6 8 11 8 12 10
1 3 2 5 9 4 10 7 9 7 11 12
1 12 4 4 9 8 5 4 7 6 10 11
1 11 4 4 10 8 9 4 8 8 8 12
1 11 2 3 5 4 6 7 9 8 10 12

IGD
1 2 7 9 6 3 11 8 4 5 10 12
1 2 7 4 5 10 3 8 6 9 11 12
1 11 2 9 4 8 5 3 7 6 10 12
1 2 5 3 9 6 8 4 7 11 10 12
1 12 2 4 6 3 9 5 7 8 10 11
1 3 10 10 2 8 4 11 6 5 7 12
1 9 3 10 6 4 2 11 8 5 7 12
1 12 5 7 3 7 10 9 4 9 2 11
1 12 4 6 8 2 7 5 9 3 10 11
1 2 6 7 4 11 3 8 5 9 10 12
1 2 10 3 11 9 8 5 7 4 6 12
1 2 3 7 8 4 10 6 9 6 11 12
1 8 6 3 10 4 7 9 2 5 12 11
1 9 4 5 10 3 7 6 11 2 8 12
1 2 3 6 8 4 9 7 11 5 10 12
1 11 2 3 5 8 4 7 10 6 9 12
1 11 4 2 6 5 3 10 8 9 7 12
1 11 2 3 9 6 8 5 7 5 10 12
1 2 3 5 4 10 6 9 11 8 12 7
1 11 6 3 12 2 10 5 7 4 9 8
1 2 5 3 7 5 6 9 11 9 10 12
1 2 4 5 3 6 7 9 8 11 10 12
1 11 3 4 7 3 6 5 9 8 10 12
1 6 4 7 3 5 2 9 8 10 11 12
1 3 8 5 4 9 7 11 6 11 12 2
7 11 8 2 1 4 10 3 5 6 9 12
1 7 3 4 5 6 2 10 11 10 8 12
1 12 3 4 9 6 2 5 10 8 7 11
1 12 3 10 6 2 4 9 7 9 11 5
1 12 4 4 6 7 2 5 9 8 10 11
1 11 2 6 5 3 9 4 8 10 7 12
1 12 4 4 5 6 2 9 10 9 7 11
1 2 3 4 8 5 9 10 12 7 11 6
1 10 5 9 8 7 4 6 2 11 3 12
1 12 2 8 7 6 6 9 11 10 3 4
1 2 4 6 5 7 10 8 3 9 11 12
1 2 3 5 10 4 8 7 9 7 11 12
1 2 6 5 4 9 3 7 11 8 10 12
1 2 5 5 11 8 9 5 8 8 10 12
1 11 2 3 10 4 6 9 5 7 8 12

HV
1 2 3 8 8 8 11 4 9 8 11 12
1 10 2 8 8 8 10 8 8 8 11 12
1 2 3 4 10 7 5 7 10 11 10 12
1 3 3 4 6 5 10 10 11 10 10 12
1 12 3 3 11 5 7 7 10 5 10 10
1 4 4 4 10 5 8 8 11 8 10 12
1 2 4 9 6 4 12 9 10 5 9 12
1 12 6 6 10 6 7 6 8 6 11 10
1 2 9 9 9 9 9 9 10 9 11 12
1 3 3 5 11 5 12 6 9 9 9 11
1 2 5 9 5 5 6 9 11 9 11 12
1 3 3 7 9 7 12 7 10 7 11 9
1 3 2 8 12 8 9 4 8 8 12 10
1 11 5 5 8 10 5 7 9 7 5 12
1 2 3 11 4 11 11 11 11 11 11 12
1 2 4 4 5 6 7 9 11 9 12 11
1 9 2 3 8 8 4 8 10 8 11 12
1 2 3 7 10 7 8 7 10 7 12 12
1 2 3 10 10 10 11 10 10 10 10 12
1 2 3 5 7 5 12 8 10 7 12 10
1 7 3 10 5 3 4 10 12 10 12 7
1 2 5 5 12 5 10 9 9 9 11 9
1 2 5 5 8 5 9 6 10 7 12 12
1 2 3 5 10 4 6 8 9 8 12 12
1 9 6 6 8 6 11 6 7 6 10 12
1 12 2 4 5 8 10 3 8 8 9 11
1 9 2 3 8 4 12 8 8 8 11 10
1 9 4 4 8 6 10 4 8 6 11 12
1 4 2 9 12 3 5 9 9 9 11 10
1 2 5 5 9 9 12 5 9 9 10 12
1 2 5 5 12 5 10 7 8 7 10 11
1 2 9 9 11 10 9 9 9 9 9 12
1 2 3 5 11 5 11 11 12 11 11 11
1 10 2 7 7 3 7 7 12 9 9 12
1 11 3 10 10 10 10 10 10 10 3 12
1 2 3 4 12 6 9 7 10 6 12 9
1 2 11 11 11 11 11 11 11 11 11 12
1 12 2 4 10 7 10 4 7 7 10 12
1 12 7 7 10 7 10 7 7 7 10 11
1 2 4 4 11 5 7 9 7 9 11 12



----------------- Avg --------------

QI: GD    DIR    DCI    IGD    HV    
1.475 5.275 8.975 8.4 8.225 8.0 7.375 7.55 6.175 7.5 6.325 3.175 
1.0 5.225 9.375 10.5 10.75 10.55 11.0 10.9 11.6 11.1 11.625 11.4 
1.05 10.5 2.75 4.575 6.9 5.175 7.925 5.875 9.225 7.325 9.4 11.05 
1.15 7.0 4.375 5.3 6.5 5.725 6.2 7.25 7.725 7.5 9.0 10.825 
1.0 5.125 3.975 6.275 8.925 6.525 8.975 7.6 9.45 8.2 10.35 11.2 


----------------- Med ---------------

QI: GD    DIR    DCI    IGD    HV    
1.0 3.0 10.0 9.0 9.0 8.0 7.0 7.0 6.0 8.0 6.0 2.0 
1.0 2.0 11.0 12.0 12.0 12.0 12.0 12.0 12.0 12.0 12.0 12.0 
1.0 11.5 2.0 4.0 7.0 5.0 8.0 6.0 9.5 7.5 10.0 11.0 
1.0 8.5 4.0 5.0 6.0 6.0 6.5 7.5 8.0 8.0 10.0 12.0 
1.0 2.5 3.0 5.0 9.5 6.0 10.0 8.0 10.0 8.0 11.0 12.0 

