----------------- All ---------------

GD
4 3 1 2 5 15 15 15 15 15 15 15 15 15 15
15 3 1 2 4 14 14 14 14 14 14 14 14 14 14
4 3 1 2 5 15 15 15 15 15 15 15 15 15 15
15 3 1 2 14 13 13 13 13 13 13 13 13 13 13
5 3 1 2 4 15 15 15 15 15 15 15 15 15 15
5 3 1 2 4 15 15 15 15 15 15 15 15 15 15
4 3 1 2 15 14 14 14 14 14 14 14 14 14 14
4 3 1 2 15 14 14 14 14 14 14 14 14 14 14
14 3 1 2 15 13 13 13 13 13 13 13 13 13 13
15 3 1 2 14 13 13 13 13 13 13 13 13 13 13
15 3 1 2 4 14 14 14 14 14 14 14 14 14 14
4 3 1 2 5 15 15 15 15 15 15 15 15 15 15
4 3 1 2 5 15 15 15 15 15 15 15 15 15 15
15 3 2 1 4 14 14 14 14 14 14 14 14 14 14
5 3 1 2 4 15 15 15 15 15 15 15 15 15 15
4 3 1 2 15 14 14 14 14 14 14 14 14 14 14
5 3 2 2 4 15 15 15 15 15 15 15 15 15 15
15 3 1 2 14 13 13 13 13 13 13 13 13 13 13
15 3 1 2 14 13 13 13 13 13 13 13 13 13 13
15 3 1 2 4 14 14 14 14 14 14 14 14 14 14
4 3 1 2 5 15 15 15 15 15 15 15 15 15 15
4 3 1 2 15 14 14 14 14 14 14 14 14 14 14
4 3 1 2 5 15 15 15 15 15 15 15 15 15 15
4 3 1 2 5 15 15 15 15 15 15 15 15 15 15
15 3 2 2 14 13 13 13 13 13 13 13 13 13 13
4 3 1 2 5 15 15 15 15 15 15 15 15 15 15
5 3 1 2 4 15 15 15 15 15 15 15 15 15 15
4 3 1 2 15 14 14 14 14 14 14 14 14 14 14
15 3 2 1 14 13 13 13 13 13 13 13 13 13 13
4 3 1 2 15 14 14 14 14 14 14 14 14 14 14
4 3 1 2 15 14 14 14 14 14 14 14 14 14 14
15 3 1 2 4 14 14 14 14 14 14 14 14 14 14
4 3 1 2 5 15 15 15 15 15 15 15 15 15 15
4 3 1 2 5 15 15 15 15 15 15 15 15 15 15
5 3 1 2 4 15 15 15 15 15 15 15 15 15 15
5 3 1 2 4 15 15 15 15 15 15 15 15 15 15
4 3 1 2 15 14 14 14 14 14 14 14 14 14 14
5 3 1 2 4 15 15 15 15 15 15 15 15 15 15
5 3 1 2 4 15 15 15 15 15 15 15 15 15 15
15 3 2 1 4 14 14 14 14 14 14 14 14 14 14

DIR
14 3 2 2 15 13 13 13 13 13 13 13 13 13 13
15 3 2 2 14 13 13 13 13 13 13 13 13 13 13
15 3 1 2 14 13 13 13 13 13 13 13 13 13 13
15 3 2 2 14 13 13 13 13 13 13 13 13 13 13
15 3 2 2 14 13 13 13 13 13 13 13 13 13 13
15 3 1 2 14 13 13 13 13 13 13 13 13 13 13
5 3 1 2 4 15 15 15 15 15 15 15 15 15 15
15 3 1 2 4 14 14 14 14 14 14 14 14 14 14
14 3 2 2 15 13 13 13 13 13 13 13 13 13 13
15 3 1 2 4 14 14 14 14 14 14 14 14 14 14
14 3 1 2 15 13 13 13 13 13 13 13 13 13 13
14 3 1 2 15 13 13 13 13 13 13 13 13 13 13
15 3 1 2 14 13 13 13 13 13 13 13 13 13 13
4 3 2 2 15 14 14 14 14 14 14 14 14 14 14
15 3 1 2 14 13 13 13 13 13 13 13 13 13 13
15 3 1 2 14 13 13 13 13 13 13 13 13 13 13
15 3 2 2 4 14 14 14 14 14 14 14 14 14 14
15 3 1 2 4 14 14 14 14 14 14 14 14 14 14
14 3 2 2 15 13 13 13 13 13 13 13 13 13 13
5 3 1 2 4 15 15 15 15 15 15 15 15 15 15
5 3 1 2 4 15 15 15 15 15 15 15 15 15 15
15 3 1 2 4 14 14 14 14 14 14 14 14 14 14
4 3 2 2 15 14 14 14 14 14 14 14 14 14 14
15 3 1 2 14 13 13 13 13 13 13 13 13 13 13
15 3 2 2 4 14 14 14 14 14 14 14 14 14 14
14 3 1 2 15 13 13 13 13 13 13 13 13 13 13
4 3 1 2 15 14 14 14 14 14 14 14 14 14 14
14 3 1 2 15 13 13 13 13 13 13 13 13 13 13
4 3 1 2 15 14 14 14 14 14 14 14 14 14 14
15 3 1 2 14 13 13 13 13 13 13 13 13 13 13
14 3 1 2 15 13 13 13 13 13 13 13 13 13 13
15 3 1 2 14 13 13 13 13 13 13 13 13 13 13
15 3 1 2 4 14 14 14 14 14 14 14 14 14 14
15 3 1 2 14 13 13 13 13 13 13 13 13 13 13
4 3 1 2 15 14 14 14 14 14 14 14 14 14 14
4 3 1 2 15 14 14 14 14 14 14 14 14 14 14
14 3 1 2 15 13 13 13 13 13 13 13 13 13 13
15 3 1 2 4 14 14 14 14 14 14 14 14 14 14
15 3 2 2 14 13 13 13 13 13 13 13 13 13 13
4 3 1 2 15 14 14 14 14 14 14 14 14 14 14

DCI
14 13 2 2 15 13 13 13 13 13 13 13 13 13 13
15 3 2 2 14 13 13 13 13 13 13 13 13 13 13
15 13 2 2 14 13 13 13 13 13 13 13 13 13 13
14 13 12 12 15 12 12 12 12 12 12 12 12 12 12
14 13 2 2 15 12 12 12 12 12 12 12 12 12 12
15 13 2 2 14 12 12 12 12 12 12 12 12 12 12
14 3 2 2 15 14 14 14 14 14 14 14 14 14 14
15 13 2 2 14 12 12 12 12 12 12 12 12 12 12
14 3 2 2 15 14 14 14 14 14 14 14 14 14 14
15 4 2 2 3 14 14 14 14 14 14 14 14 14 14
15 13 2 2 14 12 12 12 12 12 12 12 12 12 12
15 13 2 2 14 12 12 12 12 12 12 12 12 12 12
15 13 2 2 14 12 12 12 12 12 12 12 12 12 12
3 14 2 2 15 14 14 14 14 14 14 14 14 14 14
15 14 2 2 13 12 12 12 12 12 12 12 12 12 12
15 14 12 12 13 12 12 12 12 12 12 12 12 12 12
15 4 2 2 3 14 14 14 14 14 14 14 14 14 14
15 13 2 2 14 12 12 12 12 12 12 12 12 12 12
14 3 2 2 15 13 13 13 13 13 13 13 13 13 13
3 14 2 2 15 13 13 13 13 13 13 13 13 13 13
15 13 2 2 15 12 12 12 12 12 12 12 12 12 12
15 14 2 2 13 12 12 12 12 12 12 12 12 12 12
3 14 2 2 15 13 13 13 13 13 13 13 13 13 13
15 13 2 2 14 12 12 12 12 12 12 12 12 12 12
15 13 2 2 14 13 13 13 13 13 13 13 13 13 13
14 13 2 2 15 12 12 12 12 12 12 12 12 12 12
15 13 2 2 14 12 12 12 12 12 12 12 12 12 12
15 13 2 2 14 12 12 12 12 12 12 12 12 12 12
14 13 2 2 15 12 12 12 12 12 12 12 12 12 12
15 13 2 2 14 12 12 12 12 12 12 12 12 12 12
15 13 12 12 14 12 12 12 12 12 12 12 12 12 12
15 13 12 12 14 12 12 12 12 12 12 12 12 12 12
15 14 2 2 3 13 13 13 13 13 13 13 13 13 13
15 14 2 2 13 12 12 12 12 12 12 12 12 12 12
14 13 2 2 15 13 13 13 13 13 13 13 13 13 13
14 13 2 2 15 13 13 13 13 13 13 13 13 13 13
15 13 2 2 14 13 13 13 13 13 13 13 13 13 13
14 13 12 12 15 12 12 12 12 12 12 12 12 12 12
15 14 2 2 14 14 14 14 14 14 14 14 14 14 14
14 3 2 2 15 13 13 13 13 13 13 13 13 13 13

IGD
13 15 1 2 14 12 12 12 12 12 12 12 12 12 12
3 15 1 2 14 13 13 13 13 13 13 13 13 13 13
15 13 1 2 14 12 12 12 12 12 12 12 12 12 12
3 15 1 2 14 13 13 13 13 13 13 13 13 13 13
14 15 1 2 13 12 12 12 12 12 12 12 12 12 12
13 15 2 1 14 12 12 12 12 12 12 12 12 12 12
14 15 1 2 13 12 12 12 12 12 12 12 12 12 12
15 14 1 2 3 13 13 13 13 13 13 13 13 13 13
13 14 1 2 15 12 12 12 12 12 12 12 12 12 12
13 15 1 2 14 12 12 12 12 12 12 12 12 12 12
4 3 1 2 15 14 14 14 14 14 14 14 14 14 14
15 14 2 1 13 12 12 12 12 12 12 12 12 12 12
15 14 1 2 13 12 12 12 12 12 12 12 12 12 12
13 15 2 2 14 12 12 12 12 12 12 12 12 12 12
14 15 1 2 13 12 12 12 12 12 12 12 12 12 12
14 15 1 2 13 12 12 12 12 12 12 12 12 12 12
14 15 2 2 13 12 12 12 12 12 12 12 12 12 12
13 15 1 2 14 12 12 12 12 12 12 12 12 12 12
3 15 1 2 14 13 13 13 13 13 13 13 13 13 13
13 14 1 2 15 12 12 12 12 12 12 12 12 12 12
13 14 1 2 15 12 12 12 12 12 12 12 12 12 12
14 15 2 1 13 12 12 12 12 12 12 12 12 12 12
14 15 1 2 13 12 12 12 12 12 12 12 12 12 12
15 14 1 2 13 12 12 12 12 12 12 12 12 12 12
3 15 2 2 14 13 13 13 13 13 13 13 13 13 13
15 14 2 1 13 12 12 12 12 12 12 12 12 12 12
13 15 1 2 14 12 12 12 12 12 12 12 12 12 12
14 15 1 2 3 13 13 13 13 13 13 13 13 13 13
4 15 2 1 3 14 14 14 14 14 14 14 14 14 14
14 15 1 2 3 13 13 13 13 13 13 13 13 13 13
15 14 1 2 13 12 12 12 12 12 12 12 12 12 12
13 15 2 1 14 12 12 12 12 12 12 12 12 12 12
14 15 1 2 13 12 12 12 12 12 12 12 12 12 12
15 14 1 2 13 12 12 12 12 12 12 12 12 12 12
13 15 1 2 14 12 12 12 12 12 12 12 12 12 12
13 14 1 2 15 12 12 12 12 12 12 12 12 12 12
14 15 1 2 13 12 12 12 12 12 12 12 12 12 12
13 15 1 2 14 12 12 12 12 12 12 12 12 12 12
15 13 2 1 14 12 12 12 12 12 12 12 12 12 12
13 15 1 2 14 12 12 12 12 12 12 12 12 12 12

HV
15 3 1 2 14 13 13 13 13 13 13 13 13 13 13
14 3 1 2 15 13 13 13 13 13 13 13 13 13 13
15 3 1 2 14 13 13 13 13 13 13 13 13 13 13
14 3 1 2 15 13 13 13 13 13 13 13 13 13 13
4 3 1 2 15 14 14 14 14 14 14 14 14 14 14
14 3 1 2 15 13 13 13 13 13 13 13 13 13 13
15 3 1 2 14 13 13 13 13 13 13 13 13 13 13
15 3 1 2 14 13 13 13 13 13 13 13 13 13 13
14 3 1 2 15 13 13 13 13 13 13 13 13 13 13
14 3 1 2 15 13 13 13 13 13 13 13 13 13 13
15 3 1 2 14 13 13 13 13 13 13 13 13 13 13
15 3 1 2 14 13 13 13 13 13 13 13 13 13 13
14 3 1 2 15 13 13 13 13 13 13 13 13 13 13
14 3 2 2 15 13 13 13 13 13 13 13 13 13 13
15 3 1 2 14 13 13 13 13 13 13 13 13 13 13
15 3 1 2 14 13 13 13 13 13 13 13 13 13 13
15 3 2 2 14 13 13 13 13 13 13 13 13 13 13
14 3 1 2 15 13 13 13 13 13 13 13 13 13 13
14 3 1 2 15 13 13 13 13 13 13 13 13 13 13
14 3 1 2 15 13 13 13 13 13 13 13 13 13 13
14 3 1 2 15 13 13 13 13 13 13 13 13 13 13
15 3 1 2 14 13 13 13 13 13 13 13 13 13 13
14 3 1 2 15 13 13 13 13 13 13 13 13 13 13
14 3 1 2 15 13 13 13 13 13 13 13 13 13 13
15 3 2 2 14 13 13 13 13 13 13 13 13 13 13
14 3 1 2 15 13 13 13 13 13 13 13 13 13 13
14 3 1 2 15 13 13 13 13 13 13 13 13 13 13
14 3 1 2 15 13 13 13 13 13 13 13 13 13 13
15 3 1 2 14 13 13 13 13 13 13 13 13 13 13
15 3 1 2 14 13 13 13 13 13 13 13 13 13 13
15 3 1 2 14 13 13 13 13 13 13 13 13 13 13
14 3 1 2 15 13 13 13 13 13 13 13 13 13 13
4 3 1 2 15 14 14 14 14 14 14 14 14 14 14
15 13 1 2 14 12 12 12 12 12 12 12 12 12 12
14 3 1 2 15 13 13 13 13 13 13 13 13 13 13
14 3 1 2 15 13 13 13 13 13 13 13 13 13 13
15 3 1 2 4 14 14 14 14 14 14 14 14 14 14
14 3 1 2 15 13 13 13 13 13 13 13 13 13 13
15 3 1 2 14 13 13 13 13 13 13 13 13 13 13
15 3 1 2 14 13 13 13 13 13 13 13 13 13 13



----------------- Avg --------------

QI: GD    DIR    DCI    IGD    HV    
7.775 3.0 1.125 1.925 8.225 14.3 14.3 14.3 14.3 14.3 14.3 14.3 14.3 14.3 14.3 
12.1 3.0 1.275 2.0 11.65 13.525 13.525 13.525 13.525 13.525 13.525 13.525 13.525 13.525 13.525 
13.8 11.525 3.25 3.25 13.475 12.6 12.6 12.6 12.6 12.6 12.6 12.6 12.6 12.6 12.6 
12.275 14.325 1.25 1.825 12.65 12.275 12.275 12.275 12.275 12.275 12.275 12.275 12.275 12.275 12.275 
13.95 3.25 1.075 2.0 14.3 13.05 13.05 13.05 13.05 13.05 13.05 13.05 13.05 13.05 13.05 


----------------- Med ---------------

QI: GD    DIR    DCI    IGD    HV    
5.0 3.0 1.0 2.0 5.0 14.0 14.0 14.0 14.0 14.0 14.0 14.0 14.0 14.0 14.0 
15.0 3.0 1.0 2.0 14.0 13.0 13.0 13.0 13.0 13.0 13.0 13.0 13.0 13.0 13.0 
15.0 13.0 2.0 2.0 14.0 12.0 12.0 12.0 12.0 12.0 12.0 12.0 12.0 12.0 12.0 
13.5 15.0 1.0 2.0 14.0 12.0 12.0 12.0 12.0 12.0 12.0 12.0 12.0 12.0 12.0 
14.0 3.0 1.0 2.0 15.0 13.0 13.0 13.0 13.0 13.0 13.0 13.0 13.0 13.0 13.0 

