1 3 3 8 6 8 6 11 6 11 11
8 1 7 2 7 9 7 7 7 10 11
11 1 9 3 2 7 5 8 7 4 10
1 2 6 11 4 8 3 7 5 9 11
6 1 4 4 2 5 8 10 8 10 11
1 4 6 4 4 6 9 7 9 10 11
9 1 2 5 3 4 6 9 9 10 11
2 1 8 4 8 3 8 9 8 10 11
8 1 3 9 3 8 8 4 8 10 11
9 1 5 8 5 7 2 6 5 10 11
1 5 5 10 9 6 5 9 5 9 11
5 2 2 10 9 9 4 4 9 9 11
4 1 4 5 8 4 6 11 8 9 10
1 2 4 7 9 5 7 4 10 9 11
11 1 4 2 9 3 5 7 6 8 11
10 1 8 3 2 8 8 9 8 8 11
3 3 3 10 4 5 7 7 8 9 11
3 3 3 7 7 10 7 8 7 9 11
10 1 4 2 6 9 4 8 6 7 11
1 2 10 5 3 10 5 10 10 10 11
6 1 5 3 3 5 8 10 10 8 11
9 2 2 3 8 6 5 7 5 11 10
11 1 4 2 7 7 7 9 9 3 10
7 1 5 5 5 5 6 9 8 10 11
10 1 3 2 8 8 5 6 4 9 11
10 3 3 8 3 8 8 9 8 8 11
10 2 2 8 6 6 6 9 6 8 11
1 2 5 9 8 8 5 10 5 8 11
10 1 2 10 4 8 7 7 7 4 11
7 1 4 5 6 9 4 2 10 9 11
1 3 3 5 5 10 6 10 10 10 11
9 1 7 4 2 3 7 8 7 10 11
10 1 2 9 3 6 6 9 6 7 11
10 2 7 7 9 2 7 7 9 7 11
10 2 2 7 3 5 9 5 9 6 11
10 5 5 9 5 9 5 6 5 7 11
10 5 5 5 5 5 9 7 9 6 11
10 1 5 7 5 7 5 5 9 9 11
10 6 6 6 6 9 6 8 6 8 11
5 1 2 9 4 8 4 7 6 10 11