1 2 3 10 4 5 7 6 8 9 11
9 10 5 4 7 2 6 3 8 1 11
10 1 8 9 2 6 5 4 7 3 11
2 1 4 10 6 7 3 5 8 9 11
6 1 7 3 2 4 8 10 9 5 11
7 1 5 2 3 4 8 9 6 10 11
11 1 2 8 3 4 6 7 5 9 10
9 1 5 3 6 2 8 4 8 10 11
10 1 4 6 4 9 8 2 7 5 11
10 9 6 8 5 2 4 1 7 3 11
8 5 7 10 9 2 7 1 5 3 11
11 4 4 9 1 2 5 6 8 7 10
8 5 6 1 4 2 3 9 10 7 11
1 3 6 2 10 4 8 11 9 7 5
9 1 2 3 10 8 7 5 4 6 11
10 2 8 4 3 1 7 5 9 6 11
9 2 5 3 4 6 8 1 10 11 7
10 1 2 3 4 8 6 9 6 7 11
10 1 3 2 7 9 4 5 7 8 11
3 1 7 6 2 8 4 10 5 9 11
6 4 5 1 3 2 10 7 9 8 11
11 1 2 7 6 3 5 8 4 9 10
10 1 3 9 2 5 8 4 6 7 11
8 3 5 4 1 2 6 7 9 10 11
11 5 6 7 1 9 3 4 2 8 10
9 1 2 4 3 5 6 10 7 8 11
10 2 7 9 4 8 5 1 3 6 11
1 2 5 9 8 6 4 11 4 7 10
11 1 2 3 5 6 7 9 8 4 10
8 11 4 6 3 1 5 7 2 9 10
10 1 2 3 6 8 4 7 5 9 11
11 1 3 2 8 4 6 5 7 9 10
1 2 3 5 4 6 8 10 8 9 11
11 1 2 5 8 4 3 7 9 6 10
10 2 6 4 1 5 9 3 8 7 11
6 1 2 4 3 5 8 9 8 10 11
11 3 5 1 4 2 7 9 7 8 10
1 7 2 4 5 10 3 6 8 9 11
11 2 2 7 3 9 4 8 5 6 10
4 6 7 10 9 5 3 1 2 8 11