11 9 6 7 4 8 2 1 5 3 10
10 4 9 8 6 7 5 2 1 3 11
11 4 5 2 6 1 9 8 7 3 10
11 4 3 5 1 7 8 10 9 6 2
1 2 6 9 7 5 3 10 8 4 11
11 3 6 5 8 1 4 2 10 7 9
11 5 8 7 9 6 1 2 3 4 10
8 2 3 4 5 6 10 9 11 7 1
11 2 2 9 8 4 5 6 7 3 10
5 7 10 1 8 11 2 9 3 4 6
9 1 2 4 8 7 3 6 10 5 11
11 2 5 3 6 4 7 8 9 10 1
9 2 10 4 11 3 6 7 8 1 5
6 4 10 7 8 2 3 5 11 9 1
1 5 8 9 7 6 2 4 3 10 11
4 1 8 11 9 10 2 3 6 5 7
5 4 1 11 3 10 8 6 9 7 2
11 6 1 3 4 2 8 7 9 5 10
11 3 4 5 7 9 10 8 6 1 2
11 8 1 9 5 4 7 10 6 3 2
2 7 9 8 3 6 4 5 10 11 1
11 4 2 2 3 9 6 5 10 7 8
7 2 5 10 6 8 1 3 4 9 11
11 6 5 9 4 7 1 10 8 3 2
7 2 6 9 11 3 8 4 10 5 1
10 3 4 1 8 2 9 6 5 7 11
10 4 4 5 6 2 7 8 1 9 11
10 3 4 6 5 7 1 8 11 9 2
4 1 2 11 5 10 3 7 8 9 6
11 8 10 9 4 2 3 1 6 5 7
11 1 2 5 9 3 7 4 8 6 10
9 3 4 5 6 7 1 2 10 11 8
11 1 3 4 5 6 7 8 10 9 2
11 2 6 1 3 7 4 5 9 8 10
11 1 4 3 6 2 5 7 8 9 10
10 2 4 7 5 6 3 8 1 9 11
11 4 2 3 1 9 5 7 6 8 10
11 6 2 9 4 8 3 7 1 5 10
11 6 1 3 2 4 7 10 9 8 5
10 3 7 11 9 8 1 2 5 4 6