3 3 6 8 3 7 6 10 6 10 11
10 1 4 6 4 7 5 9 4 8 11
10 1 5 6 5 7 5 9 5 9 11
1 2 4 6 5 3 9 11 7 8 10
9 1 7 3 2 7 7 10 7 8 11
1 5 9 5 5 5 9 10 9 9 11
10 1 2 9 4 4 6 7 5 8 11
11 2 5 5 2 9 5 8 6 10 8
5 2 6 2 3 4 8 9 8 10 11
10 1 5 7 5 7 5 9 5 9 11
1 2 8 10 10 4 3 8 8 8 11
4 1 4 11 4 9 6 11 9 5 9
9 1 2 3 8 5 5 8 8 11 10
1 2 4 3 6 8 8 11 11 5 9
1 3 3 7 4 5 6 11 8 9 11
11 1 2 4 3 5 6 8 8 9 11
7 1 2 5 4 4 6 8 9 10 11
10 2 2 7 5 8 5 7 5 9 11
3 1 6 4 3 9 8 10 6 7 11
11 1 5 6 5 9 5 8 5 8 11
6 2 2 5 3 4 11 11 11 11 11
2 1 3 11 8 7 6 6 6 9 10
2 2 3 5 5 11 7 11 7 11 11
8 1 3 4 7 7 3 10 7 9 11
10 2 4 7 6 8 4 9 2 5 11
9 2 2 9 9 10 9 9 9 9 11
10 1 2 8 4 3 8 9 8 8 11
10 1 2 9 3 7 5 7 5 8 11
3 1 2 10 4 10 5 7 8 7 11
7 1 6 9 4 8 4 2 5 10 11
1 2 5 5 9 5 9 9 9 10 11
8 1 5 3 2 6 5 9 11 8 10
11 1 5 5 5 5 7 8 7 9 10
4 1 4 5 7 10 2 7 8 10 11
5 1 4 6 4 4 9 7 10 8 11
6 5 5 9 5 8 5 10 5 8 11
1 3 4 6 3 5 9 10 9 7 11
10 1 4 8 4 6 4 8 6 9 11
8 5 5 10 5 10 5 6 5 7 11
8 3 3 8 6 9 5 10 3 5 11