11 1 3 9 8 4 6 5 7 2 10
11 1 5 6 7 4 2 8 3 9 10
11 2 7 9 8 1 4 5 4 6 10
10 1 3 7 2 5 4 8 6 9 11
10 1 3 4 9 2 7 7 7 8 11
8 1 9 2 6 7 5 10 5 3 11
8 2 5 7 6 1 9 3 10 4 11
10 3 1 9 2 8 4 6 5 7 11
1 2 4 7 10 3 8 6 5 9 11
7 5 9 8 10 1 2 4 3 6 11
10 2 5 6 7 1 4 9 3 8 11
10 2 9 6 8 4 1 7 3 5 11
10 1 4 8 6 9 2 3 5 7 11
11 1 3 7 5 8 3 9 4 6 10
10 1 6 5 9 4 3 2 7 8 11
10 1 9 5 3 4 8 2 6 7 11
9 1 3 4 7 8 2 5 6 10 11
9 2 3 4 8 5 2 6 10 7 11
11 1 5 9 6 8 4 2 7 3 10
4 8 1 3 2 10 6 7 5 9 11
10 4 6 5 1 3 8 9 7 2 11
7 2 5 4 10 9 3 8 6 1 11
4 1 9 10 5 8 2 6 7 3 11
10 1 6 2 4 5 8 8 9 3 11
11 1 4 9 8 10 2 3 5 6 7
10 3 1 8 9 4 3 5 7 6 11
7 1 4 5 8 6 10 2 11 3 9
9 1 10 4 3 2 7 6 8 5 11
10 4 6 7 8 5 2 3 2 9 11
10 1 4 9 6 2 8 5 8 3 11
9 3 7 2 1 10 4 5 6 8 11
10 5 8 9 1 2 6 4 3 7 11
10 2 8 9 6 3 1 5 4 7 11
10 2 9 8 5 1 6 3 4 7 11
10 1 2 4 9 5 3 6 7 8 11
1 2 8 9 5 6 4 7 3 10 11
11 6 9 4 8 1 7 2 3 5 10
10 5 8 9 7 6 1 3 2 4 11
1 2 3 8 10 6 7 5 9 4 11
10 3 4 8 5 9 1 2 7 6 11