17996.0 88140.0
18092.0 81505.0
18545.0 81281.0
18596.0 81208.0
19912.0 81143.0
19946.0 81119.0
21342.0 80546.0
21708.0 80122.0
24516.0 80079.0
24592.0 79936.0
24820.0 79844.0
28763.0 79513.0
32013.0 79328.0
36184.0 79164.0
39434.0 79060.0
46855.0 78998.0

16290.0 103843.0
16566.0 100690.0
16571.0 99098.0
16990.0 97054.0
17345.0 93330.0
17516.0 91556.0
18092.0 86379.0
18596.0 85753.0
20438.0 84487.0
21342.0 84365.0
21661.0 83511.0
22427.0 82701.0
28187.0 82379.0
32013.0 81324.0
35608.0 81074.0
37105.0 80586.0
63874.0 77944.0

18615.0 101787.0
20178.0 97623.0
20955.0 96469.0
23653.0 95795.0
24310.0 93851.0
24750.0 87383.0
43529.0 84074.0

18122.0 99065.0
19471.0 93719.0
20742.0 91889.0
22263.0 89981.0
24750.0 87383.0
43529.0 82841.0

16956.0 86759.0
17095.0 84871.0
17345.0 84749.0
17431.0 84239.0
17516.0 84007.0
18016.0 83944.0
18092.0 81218.0
18545.0 81098.0
18596.0 81079.0
19912.0 81055.0
19946.0 81031.0
21266.0 80964.0
21342.0 80251.0
21708.0 80200.0
24516.0 80132.0
24592.0 80011.0
24820.0 79800.0
27766.0 79799.0
27862.0 79771.0
28763.0 79502.0
32013.0 79228.0
36184.0 78963.0

16571.0 90082.0
17345.0 89967.0
17996.0 89836.0
18092.0 83002.0
18447.0 82121.0
18545.0 81517.0
18596.0 81257.0
18615.0 81097.0
19845.0 81075.0
20421.0 81037.0
21342.0 80672.0
24592.0 80181.0
25513.0 80160.0
28687.0 79975.0
28763.0 79466.0
39434.0 79336.0

16571.0 90082.0
17345.0 89967.0
17996.0 89836.0
18092.0 83002.0
18447.0 82121.0
18545.0 81517.0
18596.0 81257.0
18615.0 81097.0
19845.0 81075.0
20421.0 81037.0
21342.0 80672.0
24592.0 80181.0
25513.0 80160.0
28687.0 79975.0
28763.0 79466.0
39434.0 79336.0

16571.0 90082.0
17345.0 89967.0
17996.0 89836.0
18092.0 83002.0
18447.0 82121.0
18545.0 81517.0
18596.0 81257.0
18615.0 81097.0
19845.0 81075.0
20421.0 81037.0
21342.0 80672.0
24592.0 80181.0
25513.0 80160.0
28687.0 79975.0
28763.0 79466.0
39434.0 79336.0

16571.0 90082.0
17345.0 89967.0
17996.0 89836.0
18092.0 83002.0
18447.0 82121.0
18545.0 81517.0
18596.0 81257.0
18615.0 81097.0
19845.0 81075.0
20421.0 81037.0
21342.0 80672.0
24592.0 80181.0
25513.0 80160.0
28687.0 79975.0
28763.0 79466.0
39434.0 79336.0

16571.0 90082.0
17345.0 89967.0
17996.0 89836.0
18092.0 83002.0
18447.0 82121.0
18545.0 81517.0
18596.0 81257.0
18615.0 81097.0
19845.0 81075.0
20421.0 81037.0
21342.0 80672.0
24592.0 80181.0
25513.0 80160.0
28687.0 79975.0
28763.0 79466.0
39434.0 79336.0

16571.0 90082.0
17345.0 89967.0
17996.0 89836.0
18092.0 83002.0
18447.0 82121.0
18545.0 81517.0
18596.0 81257.0
18615.0 81097.0
19845.0 81075.0
20421.0 81037.0
21342.0 80672.0
24592.0 80181.0
25513.0 80160.0
28687.0 79975.0
28763.0 79466.0
39434.0 79336.0

16571.0 90082.0
17345.0 89967.0
17996.0 89836.0
18092.0 83002.0
18447.0 82121.0
18545.0 81517.0
18596.0 81257.0
18615.0 81097.0
19845.0 81075.0
20421.0 81037.0
21342.0 80672.0
24592.0 80181.0
25513.0 80160.0
28687.0 79975.0
28763.0 79466.0
39434.0 79336.0

16571.0 90082.0
17345.0 89967.0
17996.0 89836.0
18092.0 83002.0
18447.0 82121.0
18545.0 81517.0
18596.0 81257.0
18615.0 81097.0
19845.0 81075.0
20421.0 81037.0
21342.0 80672.0
24592.0 80181.0
25513.0 80160.0
28687.0 79975.0
28763.0 79466.0
39434.0 79336.0

16571.0 90082.0
17345.0 89967.0
17996.0 89836.0
18092.0 83002.0
18447.0 82121.0
18545.0 81517.0
18596.0 81257.0
18615.0 81097.0
19845.0 81075.0
20421.0 81037.0
21342.0 80672.0
24592.0 80181.0
25513.0 80160.0
28687.0 79975.0
28763.0 79466.0
39434.0 79336.0

16571.0 90082.0
17345.0 89967.0
17996.0 89836.0
18092.0 83002.0
18447.0 82121.0
18545.0 81517.0
18596.0 81257.0
18615.0 81097.0
19845.0 81075.0
20421.0 81037.0
21342.0 80672.0
24592.0 80181.0
25513.0 80160.0
28687.0 79975.0
28763.0 79466.0
39434.0 79336.0


