18092.0 81213.0
18596.0 80690.0
19912.0 80650.0
21342.0 80564.0
21708.0 80330.0
24516.0 80239.0
24592.0 80146.0
24750.0 80129.0
24820.0 80096.0
25513.0 80029.0
27842.0 80003.0
27913.0 79844.0
28763.0 79371.0
32013.0 79299.0
36184.0 79149.0
39434.0 79079.0

16256.0 104569.0
16515.0 99053.0
16745.0 98940.0
17345.0 96227.0
17396.0 95727.0
17492.0 94894.0
17516.0 93254.0
18056.0 90184.0
18122.0 88231.0
18596.0 87447.0
19146.0 86829.0
20066.0 86789.0
20742.0 86392.0
20766.0 85054.0
21708.0 83564.0
22263.0 82786.0
28763.0 82208.0
33911.0 81563.0
63874.0 77944.0

19490.0 112955.0
20612.0 105006.0
20742.0 99795.0
21108.0 99392.0
21657.0 98143.0
21761.0 96275.0
21821.0 96216.0
22950.0 94699.0
23080.0 94113.0
27563.0 94073.0
28504.0 92434.0
28933.0 92298.0
31413.0 89484.0

18922.0 91989.0
20438.0 91720.0
22263.0 90834.0
24263.0 90821.0
24913.0 89539.0
25513.0 87390.0
30737.0 85825.0

17492.0 84835.0
18092.0 82108.0
18545.0 81799.0
18615.0 81220.0
19912.0 81180.0
21266.0 81137.0
21342.0 80503.0
21708.0 80477.0
24516.0 80433.0
24592.0 80181.0
24820.0 79991.0
27766.0 79968.0
27842.0 79956.0
27894.0 79891.0
27913.0 79817.0
28763.0 79480.0
32013.0 79378.0
36184.0 79129.0
39434.0 78865.0

18092.0 81783.0
18526.0 81589.0
18545.0 81333.0
18596.0 81221.0
18615.0 81197.0
20345.0 81194.0
20387.0 80977.0
21342.0 80816.0
21638.0 80799.0
21708.0 80258.0
25513.0 80196.0
28763.0 79792.0

18092.0 81783.0
18526.0 81589.0
18545.0 81333.0
18596.0 81221.0
18615.0 81197.0
20345.0 81194.0
20387.0 80977.0
21342.0 80816.0
21638.0 80799.0
21708.0 80258.0
25513.0 80196.0
28763.0 79792.0

18092.0 81783.0
18526.0 81589.0
18545.0 81333.0
18596.0 81221.0
18615.0 81197.0
20345.0 81194.0
20387.0 80977.0
21342.0 80816.0
21638.0 80799.0
21708.0 80258.0
25513.0 80196.0
28763.0 79792.0

18092.0 81783.0
18526.0 81589.0
18545.0 81333.0
18596.0 81221.0
18615.0 81197.0
20345.0 81194.0
20387.0 80977.0
21342.0 80816.0
21638.0 80799.0
21708.0 80258.0
25513.0 80196.0
28763.0 79792.0

18092.0 81783.0
18526.0 81589.0
18545.0 81333.0
18596.0 81221.0
18615.0 81197.0
20345.0 81194.0
20387.0 80977.0
21342.0 80816.0
21638.0 80799.0
21708.0 80258.0
25513.0 80196.0
28763.0 79792.0

18092.0 81783.0
18526.0 81589.0
18545.0 81333.0
18596.0 81221.0
18615.0 81197.0
20345.0 81194.0
20387.0 80977.0
21342.0 80816.0
21638.0 80799.0
21708.0 80258.0
25513.0 80196.0
28763.0 79792.0

18092.0 81783.0
18526.0 81589.0
18545.0 81333.0
18596.0 81221.0
18615.0 81197.0
20345.0 81194.0
20387.0 80977.0
21342.0 80816.0
21638.0 80799.0
21708.0 80258.0
25513.0 80196.0
28763.0 79792.0

18092.0 81783.0
18526.0 81589.0
18545.0 81333.0
18596.0 81221.0
18615.0 81197.0
20345.0 81194.0
20387.0 80977.0
21342.0 80816.0
21638.0 80799.0
21708.0 80258.0
25513.0 80196.0
28763.0 79792.0

18092.0 81783.0
18526.0 81589.0
18545.0 81333.0
18596.0 81221.0
18615.0 81197.0
20345.0 81194.0
20387.0 80977.0
21342.0 80816.0
21638.0 80799.0
21708.0 80258.0
25513.0 80196.0
28763.0 79792.0

18092.0 81783.0
18526.0 81589.0
18545.0 81333.0
18596.0 81221.0
18615.0 81197.0
20345.0 81194.0
20387.0 80977.0
21342.0 80816.0
21638.0 80799.0
21708.0 80258.0
25513.0 80196.0
28763.0 79792.0


