17492.0 87805.0
18092.0 82181.0
18545.0 81681.0
18596.0 81314.0
19146.0 81287.0
19912.0 81144.0
21266.0 81141.0
21342.0 80683.0
21689.0 80631.0
21708.0 80193.0
24592.0 80098.0
24801.0 80022.0
24820.0 79952.0
25513.0 79688.0
27766.0 79687.0
27842.0 79652.0
28763.0 79561.0
32013.0 79435.0
32934.0 79354.0
35187.0 79211.0
39434.0 78966.0
42608.0 78730.0
50029.0 78391.0

16745.0 111792.0
16816.0 101012.0
16956.0 97773.0
17345.0 94380.0
17492.0 93780.0
17516.0 93341.0
17996.0 92552.0
18092.0 90479.0
18122.0 90380.0
18513.0 87917.0
18623.0 87209.0
18922.0 85971.0
19505.0 84629.0
21266.0 83456.0
21708.0 83425.0
24516.0 82991.0
24592.0 82062.0
24820.0 81689.0
25513.0 81571.0
31437.0 81156.0
35187.0 81041.0
43029.0 80723.0
63874.0 77944.0

19219.0 98691.0
21708.0 96963.0
22020.0 92824.0
23069.0 91816.0
23316.0 89345.0

18805.0 102150.0
19219.0 98691.0
19812.0 93026.0
20387.0 92666.0
21021.0 89581.0
23316.0 89345.0
25010.0 87782.0
28763.0 87480.0
31437.0 86298.0

17996.0 89440.0
18092.0 81977.0
18545.0 81960.0
18596.0 81593.0
18615.0 80890.0
20387.0 80850.0
21342.0 80395.0
21708.0 80306.0
24516.0 80303.0
24592.0 79999.0
25513.0 79800.0
28763.0 79407.0
31937.0 79404.0
32013.0 79313.0
32934.0 79311.0
36184.0 79077.0
39434.0 78852.0
43605.0 78815.0
46855.0 78756.0

17345.0 83861.0
17516.0 83610.0
18092.0 82027.0
18596.0 81155.0
19946.0 81131.0
20387.0 81091.0
21266.0 81067.0
21342.0 80658.0
24592.0 80615.0
24731.0 80459.0
25437.0 80229.0
27766.0 80070.0
28763.0 79922.0
32013.0 79801.0
35187.0 79563.0

17345.0 83861.0
17516.0 83610.0
18092.0 82027.0
18596.0 81155.0
19946.0 81131.0
20387.0 81091.0
21266.0 81067.0
21342.0 80658.0
24592.0 80615.0
24731.0 80459.0
25437.0 80229.0
27766.0 80070.0
28763.0 79922.0
32013.0 79801.0
35187.0 79563.0

17345.0 83861.0
17516.0 83610.0
18092.0 82027.0
18596.0 81155.0
19946.0 81131.0
20387.0 81091.0
21266.0 81067.0
21342.0 80658.0
24592.0 80615.0
24731.0 80459.0
25437.0 80229.0
27766.0 80070.0
28763.0 79922.0
32013.0 79801.0
35187.0 79563.0

17345.0 83861.0
17516.0 83610.0
18092.0 82027.0
18596.0 81155.0
19946.0 81131.0
20387.0 81091.0
21266.0 81067.0
21342.0 80658.0
24592.0 80615.0
24731.0 80459.0
25437.0 80229.0
27766.0 80070.0
28763.0 79922.0
32013.0 79801.0
35187.0 79563.0

17345.0 83861.0
17516.0 83610.0
18092.0 82027.0
18596.0 81155.0
19946.0 81131.0
20387.0 81091.0
21266.0 81067.0
21342.0 80658.0
24592.0 80615.0
24731.0 80459.0
25437.0 80229.0
27766.0 80070.0
28763.0 79922.0
32013.0 79801.0
35187.0 79563.0

17345.0 83861.0
17516.0 83610.0
18092.0 82027.0
18596.0 81155.0
19946.0 81131.0
20387.0 81091.0
21266.0 81067.0
21342.0 80658.0
24592.0 80615.0
24731.0 80459.0
25437.0 80229.0
27766.0 80070.0
28763.0 79922.0
32013.0 79801.0
35187.0 79563.0

17345.0 83861.0
17516.0 83610.0
18092.0 82027.0
18596.0 81155.0
19946.0 81131.0
20387.0 81091.0
21266.0 81067.0
21342.0 80658.0
24592.0 80615.0
24731.0 80459.0
25437.0 80229.0
27766.0 80070.0
28763.0 79922.0
32013.0 79801.0
35187.0 79563.0

17345.0 83861.0
17516.0 83610.0
18092.0 82027.0
18596.0 81155.0
19946.0 81131.0
20387.0 81091.0
21266.0 81067.0
21342.0 80658.0
24592.0 80615.0
24731.0 80459.0
25437.0 80229.0
27766.0 80070.0
28763.0 79922.0
32013.0 79801.0
35187.0 79563.0

17345.0 83861.0
17516.0 83610.0
18092.0 82027.0
18596.0 81155.0
19946.0 81131.0
20387.0 81091.0
21266.0 81067.0
21342.0 80658.0
24592.0 80615.0
24731.0 80459.0
25437.0 80229.0
27766.0 80070.0
28763.0 79922.0
32013.0 79801.0
35187.0 79563.0

17345.0 83861.0
17516.0 83610.0
18092.0 82027.0
18596.0 81155.0
19946.0 81131.0
20387.0 81091.0
21266.0 81067.0
21342.0 80658.0
24592.0 80615.0
24731.0 80459.0
25437.0 80229.0
27766.0 80070.0
28763.0 79922.0
32013.0 79801.0
35187.0 79563.0


