16990.0 85027.0
17326.0 84115.0
17516.0 83701.0
18016.0 83602.0
18092.0 81806.0
18545.0 81784.0
18596.0 81119.0
19912.0 81079.0
21266.0 81036.0
21342.0 80468.0
22263.0 80326.0
24516.0 80325.0
24592.0 80043.0
24820.0 80015.0
25513.0 79950.0
27862.0 79863.0
28763.0 79446.0
32013.0 79384.0
36184.0 79096.0
39434.0 79037.0
43605.0 78853.0
46855.0 78810.0

16816.0 98338.0
16936.0 97038.0
16990.0 96445.0
17492.0 96299.0
17612.0 95460.0
17996.0 94527.0
18016.0 93212.0
18092.0 88345.0
18596.0 85594.0
21638.0 85284.0
21657.0 84274.0
22263.0 83958.0
22461.0 83663.0
24440.0 83015.0
24820.0 82769.0
25513.0 82479.0
28687.0 82055.0
29684.0 81331.0
63874.0 77944.0

20166.0 102085.0
21108.0 99640.0
21708.0 98596.0
22263.0 94382.0
23653.0 92462.0
27043.0 91938.0
28163.0 90112.0
29604.0 89973.0
30737.0 89555.0

20166.0 102085.0
21108.0 99640.0
21364.0 92766.0
23653.0 92462.0
27043.0 91938.0
28163.0 90112.0
29604.0 89973.0
30737.0 89555.0

18092.0 83190.0
18596.0 81280.0
19912.0 81243.0
21266.0 81237.0
21342.0 80486.0
21708.0 80357.0
24516.0 80313.0
24750.0 80002.0
25513.0 79936.0
27766.0 79935.0
27913.0 79875.0
28687.0 79739.0
28763.0 79442.0
32013.0 79426.0
32934.0 79157.0
36184.0 78997.0
40355.0 78952.0

18016.0 98346.0
18092.0 81925.0
18596.0 81553.0
18615.0 81531.0
19505.0 81423.0
19912.0 81399.0
20768.0 81398.0
20838.0 81213.0
21266.0 81210.0
21342.0 80673.0
21708.0 80483.0
24801.0 80357.0
25513.0 80281.0
28763.0 79943.0
36184.0 79786.0
39434.0 79695.0
46855.0 79690.0

18016.0 98346.0
18092.0 81925.0
18596.0 81553.0
18615.0 81531.0
19505.0 81423.0
19912.0 81399.0
20768.0 81398.0
20838.0 81213.0
21266.0 81210.0
21342.0 80673.0
21708.0 80483.0
24801.0 80357.0
25513.0 80281.0
28763.0 79943.0
36184.0 79786.0
39434.0 79695.0
46855.0 79690.0

18016.0 98346.0
18092.0 81925.0
18596.0 81553.0
18615.0 81531.0
19505.0 81423.0
19912.0 81399.0
20768.0 81398.0
20838.0 81213.0
21266.0 81210.0
21342.0 80673.0
21708.0 80483.0
24801.0 80357.0
25513.0 80281.0
28763.0 79943.0
36184.0 79786.0
39434.0 79695.0
46855.0 79690.0

18016.0 98346.0
18092.0 81925.0
18596.0 81553.0
18615.0 81531.0
19505.0 81423.0
19912.0 81399.0
20768.0 81398.0
20838.0 81213.0
21266.0 81210.0
21342.0 80673.0
21708.0 80483.0
24801.0 80357.0
25513.0 80281.0
28763.0 79943.0
36184.0 79786.0
39434.0 79695.0
46855.0 79690.0

18016.0 98346.0
18092.0 81925.0
18596.0 81553.0
18615.0 81531.0
19505.0 81423.0
19912.0 81399.0
20768.0 81398.0
20838.0 81213.0
21266.0 81210.0
21342.0 80673.0
21708.0 80483.0
24801.0 80357.0
25513.0 80281.0
28763.0 79943.0
36184.0 79786.0
39434.0 79695.0
46855.0 79690.0

18016.0 98346.0
18092.0 81925.0
18596.0 81553.0
18615.0 81531.0
19505.0 81423.0
19912.0 81399.0
20768.0 81398.0
20838.0 81213.0
21266.0 81210.0
21342.0 80673.0
21708.0 80483.0
24801.0 80357.0
25513.0 80281.0
28763.0 79943.0
36184.0 79786.0
39434.0 79695.0
46855.0 79690.0

18016.0 98346.0
18092.0 81925.0
18596.0 81553.0
18615.0 81531.0
19505.0 81423.0
19912.0 81399.0
20768.0 81398.0
20838.0 81213.0
21266.0 81210.0
21342.0 80673.0
21708.0 80483.0
24801.0 80357.0
25513.0 80281.0
28763.0 79943.0
36184.0 79786.0
39434.0 79695.0
46855.0 79690.0

18016.0 98346.0
18092.0 81925.0
18596.0 81553.0
18615.0 81531.0
19505.0 81423.0
19912.0 81399.0
20768.0 81398.0
20838.0 81213.0
21266.0 81210.0
21342.0 80673.0
21708.0 80483.0
24801.0 80357.0
25513.0 80281.0
28763.0 79943.0
36184.0 79786.0
39434.0 79695.0
46855.0 79690.0

18016.0 98346.0
18092.0 81925.0
18596.0 81553.0
18615.0 81531.0
19505.0 81423.0
19912.0 81399.0
20768.0 81398.0
20838.0 81213.0
21266.0 81210.0
21342.0 80673.0
21708.0 80483.0
24801.0 80357.0
25513.0 80281.0
28763.0 79943.0
36184.0 79786.0
39434.0 79695.0
46855.0 79690.0

18016.0 98346.0
18092.0 81925.0
18596.0 81553.0
18615.0 81531.0
19505.0 81423.0
19912.0 81399.0
20768.0 81398.0
20838.0 81213.0
21266.0 81210.0
21342.0 80673.0
21708.0 80483.0
24801.0 80357.0
25513.0 80281.0
28763.0 79943.0
36184.0 79786.0
39434.0 79695.0
46855.0 79690.0


