16956.0 85484.0
16990.0 84303.0
17171.0 83255.0
17516.0 82860.0
18016.0 82761.0
18092.0 82077.0
18615.0 81032.0
19946.0 81008.0
21342.0 80781.0
21708.0 80149.0
24820.0 79990.0
25513.0 79690.0
27894.0 79639.0
28763.0 79572.0
31937.0 79485.0
32013.0 79446.0
32934.0 79095.0
36184.0 79052.0
40355.0 78803.0

16256.0 101889.0
16515.0 98857.0
16816.0 97389.0
17396.0 93872.0
17779.0 93066.0
18016.0 89981.0
18545.0 89181.0
18596.0 86389.0
19845.0 84255.0
21638.0 83477.0
21708.0 82458.0
25437.0 82063.0
25513.0 82011.0
28763.0 81979.0
31937.0 81635.0
32934.0 81629.0
34611.0 81613.0
35187.0 81390.0
35608.0 81264.0
46779.0 80982.0
63874.0 77944.0

18615.0 95920.0
20955.0 90859.0
27062.0 90778.0

18615.0 95920.0
20955.0 90859.0
27062.0 90778.0
28087.0 89024.0

17516.0 82788.0
18016.0 82725.0
18092.0 82335.0
18312.0 82016.0
18596.0 81654.0
18615.0 81094.0
19587.0 81036.0
19912.0 80925.0
20387.0 80885.0
21266.0 80882.0
21342.0 80354.0
21708.0 80265.0
24592.0 80099.0
24750.0 79938.0
24820.0 79887.0
28763.0 79504.0
32013.0 79252.0
36184.0 79055.0
39434.0 79006.0

18016.0 83370.0
18092.0 81842.0
18545.0 81620.0
18596.0 81427.0
18615.0 81385.0
19146.0 81369.0
19471.0 81361.0
19912.0 81308.0
20269.0 81202.0
21342.0 81114.0
21587.0 81090.0
21638.0 81075.0
21657.0 81056.0
21689.0 81027.0
21708.0 81011.0
23316.0 80952.0
24516.0 80633.0
24592.0 80606.0
25513.0 80275.0
28763.0 80037.0
31937.0 79994.0
32013.0 79959.0
32934.0 79887.0
36184.0 79683.0

18016.0 83370.0
18092.0 81842.0
18545.0 81620.0
18596.0 81427.0
18615.0 81385.0
19146.0 81369.0
19471.0 81361.0
19912.0 81308.0
20269.0 81202.0
21342.0 81114.0
21587.0 81090.0
21638.0 81075.0
21657.0 81056.0
21689.0 81027.0
21708.0 81011.0
23316.0 80952.0
24516.0 80633.0
24592.0 80606.0
25513.0 80275.0
28763.0 80037.0
31937.0 79994.0
32013.0 79959.0
32934.0 79887.0
36184.0 79683.0

18016.0 83370.0
18092.0 81842.0
18545.0 81620.0
18596.0 81427.0
18615.0 81385.0
19146.0 81369.0
19471.0 81361.0
19912.0 81308.0
20269.0 81202.0
21342.0 81114.0
21587.0 81090.0
21638.0 81075.0
21657.0 81056.0
21689.0 81027.0
21708.0 81011.0
23316.0 80952.0
24516.0 80633.0
24592.0 80606.0
25513.0 80275.0
28763.0 80037.0
31937.0 79994.0
32013.0 79959.0
32934.0 79887.0
36184.0 79683.0

18016.0 83370.0
18092.0 81842.0
18545.0 81620.0
18596.0 81427.0
18615.0 81385.0
19146.0 81369.0
19471.0 81361.0
19912.0 81308.0
20269.0 81202.0
21342.0 81114.0
21587.0 81090.0
21638.0 81075.0
21657.0 81056.0
21689.0 81027.0
21708.0 81011.0
23316.0 80952.0
24516.0 80633.0
24592.0 80606.0
25513.0 80275.0
28763.0 80037.0
31937.0 79994.0
32013.0 79959.0
32934.0 79887.0
36184.0 79683.0

18016.0 83370.0
18092.0 81842.0
18545.0 81620.0
18596.0 81427.0
18615.0 81385.0
19146.0 81369.0
19471.0 81361.0
19912.0 81308.0
20269.0 81202.0
21342.0 81114.0
21587.0 81090.0
21638.0 81075.0
21657.0 81056.0
21689.0 81027.0
21708.0 81011.0
23316.0 80952.0
24516.0 80633.0
24592.0 80606.0
25513.0 80275.0
28763.0 80037.0
31937.0 79994.0
32013.0 79959.0
32934.0 79887.0
36184.0 79683.0

18016.0 83370.0
18092.0 81842.0
18545.0 81620.0
18596.0 81427.0
18615.0 81385.0
19146.0 81369.0
19471.0 81361.0
19912.0 81308.0
20269.0 81202.0
21342.0 81114.0
21587.0 81090.0
21638.0 81075.0
21657.0 81056.0
21689.0 81027.0
21708.0 81011.0
23316.0 80952.0
24516.0 80633.0
24592.0 80606.0
25513.0 80275.0
28763.0 80037.0
31937.0 79994.0
32013.0 79959.0
32934.0 79887.0
36184.0 79683.0

18016.0 83370.0
18092.0 81842.0
18545.0 81620.0
18596.0 81427.0
18615.0 81385.0
19146.0 81369.0
19471.0 81361.0
19912.0 81308.0
20269.0 81202.0
21342.0 81114.0
21587.0 81090.0
21638.0 81075.0
21657.0 81056.0
21689.0 81027.0
21708.0 81011.0
23316.0 80952.0
24516.0 80633.0
24592.0 80606.0
25513.0 80275.0
28763.0 80037.0
31937.0 79994.0
32013.0 79959.0
32934.0 79887.0
36184.0 79683.0

18016.0 83370.0
18092.0 81842.0
18545.0 81620.0
18596.0 81427.0
18615.0 81385.0
19146.0 81369.0
19471.0 81361.0
19912.0 81308.0
20269.0 81202.0
21342.0 81114.0
21587.0 81090.0
21638.0 81075.0
21657.0 81056.0
21689.0 81027.0
21708.0 81011.0
23316.0 80952.0
24516.0 80633.0
24592.0 80606.0
25513.0 80275.0
28763.0 80037.0
31937.0 79994.0
32013.0 79959.0
32934.0 79887.0
36184.0 79683.0

18016.0 83370.0
18092.0 81842.0
18545.0 81620.0
18596.0 81427.0
18615.0 81385.0
19146.0 81369.0
19471.0 81361.0
19912.0 81308.0
20269.0 81202.0
21342.0 81114.0
21587.0 81090.0
21638.0 81075.0
21657.0 81056.0
21689.0 81027.0
21708.0 81011.0
23316.0 80952.0
24516.0 80633.0
24592.0 80606.0
25513.0 80275.0
28763.0 80037.0
31937.0 79994.0
32013.0 79959.0
32934.0 79887.0
36184.0 79683.0

18016.0 83370.0
18092.0 81842.0
18545.0 81620.0
18596.0 81427.0
18615.0 81385.0
19146.0 81369.0
19471.0 81361.0
19912.0 81308.0
20269.0 81202.0
21342.0 81114.0
21587.0 81090.0
21638.0 81075.0
21657.0 81056.0
21689.0 81027.0
21708.0 81011.0
23316.0 80952.0
24516.0 80633.0
24592.0 80606.0
25513.0 80275.0
28763.0 80037.0
31937.0 79994.0
32013.0 79959.0
32934.0 79887.0
36184.0 79683.0


