17996.0 86632.0
18092.0 81889.0
18545.0 81867.0
18596.0 81108.0
18615.0 80812.0
19912.0 80756.0
19946.0 80755.0
20387.0 80732.0
21266.0 80712.0
21342.0 80128.0
21708.0 80017.0
24516.0 80014.0
24592.0 79832.0
24820.0 79730.0
25513.0 79516.0
27894.0 79515.0
28687.0 79513.0
28763.0 79330.0
31937.0 79329.0
32013.0 79204.0
32934.0 79023.0
36108.0 79022.0
36184.0 78838.0
39434.0 78654.0
43605.0 78605.0

16023.0 102657.0
16515.0 97673.0
16571.0 96572.0
16956.0 95052.0
17095.0 93994.0
17126.0 89503.0
17171.0 87381.0
17516.0 86744.0
18092.0 82290.0
18615.0 81773.0
20387.0 81291.0
21342.0 81229.0
21638.0 80947.0
21708.0 80405.0
24516.0 80388.0
24592.0 80158.0
25513.0 79934.0
27913.0 79881.0
28763.0 79603.0
35187.0 79544.0
36184.0 79445.0
39434.0 79444.0
42684.0 79415.0
43605.0 79338.0
46855.0 79142.0
50105.0 78858.0
51026.0 78842.0
63874.0 77944.0

20457.0 104481.0
20955.0 99608.0
21108.0 99405.0
22020.0 91630.0
24801.0 90490.0
27913.0 90412.0
28163.0 89003.0

20112.0 104281.0
20955.0 99608.0
21108.0 99405.0
22020.0 91630.0
24263.0 90223.0
26662.0 89495.0
28163.0 89003.0

17492.0 85707.0
17516.0 84698.0
18092.0 81161.0
18545.0 81117.0
18596.0 80950.0
19912.0 80910.0
19946.0 80870.0
21266.0 80862.0
21342.0 80258.0
21638.0 80257.0
21708.0 79974.0
24516.0 79971.0
24592.0 79915.0
24750.0 79898.0
25513.0 79599.0
27894.0 79539.0
28763.0 79287.0
31937.0 79284.0
32013.0 79252.0
32934.0 79036.0
36108.0 79035.0
36184.0 78784.0
39434.0 78773.0
40355.0 78693.0
43605.0 78441.0
51026.0 78429.0

17516.0 85751.0
17713.0 84652.0
17945.0 84580.0
18092.0 81373.0
18526.0 81342.0
18596.0 80755.0
19912.0 80744.0
21266.0 80712.0
21342.0 80493.0
21689.0 80406.0
21708.0 80307.0
24592.0 80232.0
24820.0 80056.0
25513.0 79749.0
27862.0 79708.0
28763.0 79412.0
36184.0 79057.0
54276.0 78693.0

17516.0 85751.0
17713.0 84652.0
17945.0 84580.0
18092.0 81373.0
18526.0 81342.0
18596.0 80755.0
19912.0 80744.0
21266.0 80712.0
21342.0 80493.0
21689.0 80406.0
21708.0 80307.0
24592.0 80232.0
24820.0 80056.0
25513.0 79749.0
27862.0 79708.0
28763.0 79412.0
36184.0 79057.0
54276.0 78693.0

17516.0 85751.0
17713.0 84652.0
17945.0 84580.0
18092.0 81373.0
18526.0 81342.0
18596.0 80755.0
19912.0 80744.0
21266.0 80712.0
21342.0 80493.0
21689.0 80406.0
21708.0 80307.0
24592.0 80232.0
24820.0 80056.0
25513.0 79749.0
27862.0 79708.0
28763.0 79412.0
36184.0 79057.0
54276.0 78693.0

17516.0 85751.0
17713.0 84652.0
17945.0 84580.0
18092.0 81373.0
18526.0 81342.0
18596.0 80755.0
19912.0 80744.0
21266.0 80712.0
21342.0 80493.0
21689.0 80406.0
21708.0 80307.0
24592.0 80232.0
24820.0 80056.0
25513.0 79749.0
27862.0 79708.0
28763.0 79412.0
36184.0 79057.0
54276.0 78693.0

17516.0 85751.0
17713.0 84652.0
17945.0 84580.0
18092.0 81373.0
18526.0 81342.0
18596.0 80755.0
19912.0 80744.0
21266.0 80712.0
21342.0 80493.0
21689.0 80406.0
21708.0 80307.0
24592.0 80232.0
24820.0 80056.0
25513.0 79749.0
27862.0 79708.0
28763.0 79412.0
36184.0 79057.0
54276.0 78693.0

17516.0 85751.0
17713.0 84652.0
17945.0 84580.0
18092.0 81373.0
18526.0 81342.0
18596.0 80755.0
19912.0 80744.0
21266.0 80712.0
21342.0 80493.0
21689.0 80406.0
21708.0 80307.0
24592.0 80232.0
24820.0 80056.0
25513.0 79749.0
27862.0 79708.0
28763.0 79412.0
36184.0 79057.0
54276.0 78693.0

17516.0 85751.0
17713.0 84652.0
17945.0 84580.0
18092.0 81373.0
18526.0 81342.0
18596.0 80755.0
19912.0 80744.0
21266.0 80712.0
21342.0 80493.0
21689.0 80406.0
21708.0 80307.0
24592.0 80232.0
24820.0 80056.0
25513.0 79749.0
27862.0 79708.0
28763.0 79412.0
36184.0 79057.0
54276.0 78693.0

17516.0 85751.0
17713.0 84652.0
17945.0 84580.0
18092.0 81373.0
18526.0 81342.0
18596.0 80755.0
19912.0 80744.0
21266.0 80712.0
21342.0 80493.0
21689.0 80406.0
21708.0 80307.0
24592.0 80232.0
24820.0 80056.0
25513.0 79749.0
27862.0 79708.0
28763.0 79412.0
36184.0 79057.0
54276.0 78693.0

17516.0 85751.0
17713.0 84652.0
17945.0 84580.0
18092.0 81373.0
18526.0 81342.0
18596.0 80755.0
19912.0 80744.0
21266.0 80712.0
21342.0 80493.0
21689.0 80406.0
21708.0 80307.0
24592.0 80232.0
24820.0 80056.0
25513.0 79749.0
27862.0 79708.0
28763.0 79412.0
36184.0 79057.0
54276.0 78693.0

17516.0 85751.0
17713.0 84652.0
17945.0 84580.0
18092.0 81373.0
18526.0 81342.0
18596.0 80755.0
19912.0 80744.0
21266.0 80712.0
21342.0 80493.0
21689.0 80406.0
21708.0 80307.0
24592.0 80232.0
24820.0 80056.0
25513.0 79749.0
27862.0 79708.0
28763.0 79412.0
36184.0 79057.0
54276.0 78693.0


