16745.0 88029.0
16816.0 85211.0
16990.0 83198.0
17095.0 83099.0
17171.0 82774.0
17516.0 82379.0
18016.0 82280.0
18092.0 81630.0
18545.0 81596.0
18596.0 81307.0
18615.0 81056.0
19912.0 80992.0
20345.0 80989.0
21342.0 80193.0
21708.0 80015.0
24516.0 80012.0
24592.0 79897.0
24820.0 79795.0
27766.0 79792.0
28763.0 79328.0
31937.0 79325.0
32013.0 79192.0
35263.0 79171.0
36184.0 78784.0
39358.0 78781.0
39434.0 78713.0
42608.0 78712.0
43605.0 78479.0
46855.0 78421.0
57450.0 78413.0

16023.0 112293.0
16156.0 111850.0
16515.0 94280.0
16519.0 94088.0
16816.0 92131.0
17019.0 89289.0
17745.0 87301.0
18016.0 87298.0
18092.0 83114.0
18596.0 82605.0
18615.0 82209.0
19912.0 81838.0
20345.0 81212.0
21342.0 80931.0
22263.0 80861.0
24592.0 80605.0
24801.0 80522.0
24820.0 80463.0
25513.0 80226.0
27842.0 80086.0
27894.0 80082.0
29684.0 79838.0
31937.0 79653.0
32934.0 79640.0
36108.0 79514.0
36184.0 79218.0
40355.0 79128.0
43529.0 78865.0
46855.0 78632.0
63874.0 77944.0

17492.0 106992.0
19505.0 94052.0
21364.0 88820.0

17492.0 106992.0
18596.0 92431.0
21342.0 91596.0
21364.0 88820.0

16956.0 85143.0
16990.0 83697.0
17516.0 83302.0
17745.0 83077.0
18016.0 83007.0
18092.0 81963.0
18545.0 81929.0
18596.0 80853.0
19912.0 80805.0
21266.0 80802.0
21342.0 80629.0
21708.0 80084.0
24592.0 79896.0
24820.0 79845.0
25513.0 79808.0
27842.0 79773.0
27913.0 79757.0
28763.0 79596.0
32013.0 79191.0
35263.0 79138.0
36184.0 79047.0
39434.0 78666.0
42684.0 78613.0
46779.0 78573.0
46855.0 78420.0
50105.0 78384.0

17492.0 84117.0
17745.0 83130.0
18092.0 82208.0
18545.0 82204.0
18596.0 81223.0
19912.0 81008.0
20421.0 80972.0
21342.0 80730.0
21708.0 80499.0
24592.0 80234.0
25513.0 80058.0
27766.0 80023.0
28763.0 79743.0
32013.0 79645.0
35187.0 79602.0
39358.0 79571.0
43605.0 79261.0

17492.0 84117.0
17745.0 83130.0
18092.0 82208.0
18545.0 82204.0
18596.0 81223.0
19912.0 81008.0
20421.0 80972.0
21342.0 80730.0
21708.0 80499.0
24592.0 80234.0
25513.0 80058.0
27766.0 80023.0
28763.0 79743.0
32013.0 79645.0
35187.0 79602.0
39358.0 79571.0
43605.0 79261.0

17492.0 84117.0
17745.0 83130.0
18092.0 82208.0
18545.0 82204.0
18596.0 81223.0
19912.0 81008.0
20421.0 80972.0
21342.0 80730.0
21708.0 80499.0
24592.0 80234.0
25513.0 80058.0
27766.0 80023.0
28763.0 79743.0
32013.0 79645.0
35187.0 79602.0
39358.0 79571.0
43605.0 79261.0

17492.0 84117.0
17745.0 83130.0
18092.0 82208.0
18545.0 82204.0
18596.0 81223.0
19912.0 81008.0
20421.0 80972.0
21342.0 80730.0
21708.0 80499.0
24592.0 80234.0
25513.0 80058.0
27766.0 80023.0
28763.0 79743.0
32013.0 79645.0
35187.0 79602.0
39358.0 79571.0
43605.0 79261.0

17492.0 84117.0
17745.0 83130.0
18092.0 82208.0
18545.0 82204.0
18596.0 81223.0
19912.0 81008.0
20421.0 80972.0
21342.0 80730.0
21708.0 80499.0
24592.0 80234.0
25513.0 80058.0
27766.0 80023.0
28763.0 79743.0
32013.0 79645.0
35187.0 79602.0
39358.0 79571.0
43605.0 79261.0

17492.0 84117.0
17745.0 83130.0
18092.0 82208.0
18545.0 82204.0
18596.0 81223.0
19912.0 81008.0
20421.0 80972.0
21342.0 80730.0
21708.0 80499.0
24592.0 80234.0
25513.0 80058.0
27766.0 80023.0
28763.0 79743.0
32013.0 79645.0
35187.0 79602.0
39358.0 79571.0
43605.0 79261.0

17492.0 84117.0
17745.0 83130.0
18092.0 82208.0
18545.0 82204.0
18596.0 81223.0
19912.0 81008.0
20421.0 80972.0
21342.0 80730.0
21708.0 80499.0
24592.0 80234.0
25513.0 80058.0
27766.0 80023.0
28763.0 79743.0
32013.0 79645.0
35187.0 79602.0
39358.0 79571.0
43605.0 79261.0

17492.0 84117.0
17745.0 83130.0
18092.0 82208.0
18545.0 82204.0
18596.0 81223.0
19912.0 81008.0
20421.0 80972.0
21342.0 80730.0
21708.0 80499.0
24592.0 80234.0
25513.0 80058.0
27766.0 80023.0
28763.0 79743.0
32013.0 79645.0
35187.0 79602.0
39358.0 79571.0
43605.0 79261.0

17492.0 84117.0
17745.0 83130.0
18092.0 82208.0
18545.0 82204.0
18596.0 81223.0
19912.0 81008.0
20421.0 80972.0
21342.0 80730.0
21708.0 80499.0
24592.0 80234.0
25513.0 80058.0
27766.0 80023.0
28763.0 79743.0
32013.0 79645.0
35187.0 79602.0
39358.0 79571.0
43605.0 79261.0

17492.0 84117.0
17745.0 83130.0
18092.0 82208.0
18545.0 82204.0
18596.0 81223.0
19912.0 81008.0
20421.0 80972.0
21342.0 80730.0
21708.0 80499.0
24592.0 80234.0
25513.0 80058.0
27766.0 80023.0
28763.0 79743.0
32013.0 79645.0
35187.0 79602.0
39358.0 79571.0
43605.0 79261.0


