18092.0 81170.0
18545.0 81073.0
18596.0 80786.0
19912.0 80714.0
21266.0 80711.0
21342.0 80440.0
21708.0 80178.0
24516.0 80175.0
24592.0 80015.0
25513.0 79516.0
27894.0 79515.0
28687.0 79512.0
28763.0 79330.0
31937.0 79327.0
32013.0 79168.0
32934.0 79023.0
36184.0 78838.0
40355.0 78557.0
43605.0 78372.0

16023.0 104380.0
16156.0 97820.0
16515.0 96586.0
16745.0 91048.0
17095.0 90301.0
17345.0 89901.0
17492.0 86581.0
18016.0 86423.0
18092.0 82758.0
18545.0 82593.0
18596.0 82501.0
18615.0 81950.0
21266.0 81891.0
21342.0 80641.0
22263.0 80520.0
24516.0 80500.0
24750.0 80469.0
24801.0 80269.0
25513.0 79983.0
27913.0 79949.0
28687.0 79774.0
28763.0 79710.0
31937.0 79707.0
32013.0 79620.0
32934.0 79518.0
36108.0 79348.0
36184.0 79305.0
39434.0 79220.0
40355.0 79142.0
43605.0 78927.0
63874.0 77944.0

19145.0 97156.0
20955.0 93024.0
21266.0 91525.0
30406.0 87473.0

18615.0 100610.0
19145.0 97156.0
20666.0 97014.0
20955.0 93024.0
21266.0 91525.0
24128.0 91303.0
24201.0 88833.0
30406.0 87473.0

17492.0 83216.0
18092.0 81383.0
18545.0 81344.0
18596.0 80936.0
19912.0 80872.0
21266.0 80869.0
21342.0 80403.0
21708.0 79950.0
24516.0 79947.0
24592.0 79854.0
25513.0 79697.0
27894.0 79696.0
27913.0 79646.0
28687.0 79643.0
28763.0 79330.0
31937.0 79261.0
32934.0 79142.0
36184.0 78861.0
39434.0 78802.0
42608.0 78801.0
46855.0 78609.0

17171.0 88260.0
17492.0 85810.0
18092.0 81473.0
18526.0 81322.0
18545.0 81300.0
18596.0 80832.0
19912.0 80808.0
21266.0 80783.0
21342.0 80370.0
21708.0 80263.0
24592.0 80222.0
25513.0 79917.0
28687.0 79892.0
28763.0 79741.0
36184.0 79508.0

17171.0 88260.0
17492.0 85810.0
18092.0 81473.0
18526.0 81322.0
18545.0 81300.0
18596.0 80832.0
19912.0 80808.0
21266.0 80783.0
21342.0 80370.0
21708.0 80263.0
24592.0 80222.0
25513.0 79917.0
28687.0 79892.0
28763.0 79741.0
36184.0 79508.0

17171.0 88260.0
17492.0 85810.0
18092.0 81473.0
18526.0 81322.0
18545.0 81300.0
18596.0 80832.0
19912.0 80808.0
21266.0 80783.0
21342.0 80370.0
21708.0 80263.0
24592.0 80222.0
25513.0 79917.0
28687.0 79892.0
28763.0 79741.0
36184.0 79508.0

17171.0 88260.0
17492.0 85810.0
18092.0 81473.0
18526.0 81322.0
18545.0 81300.0
18596.0 80832.0
19912.0 80808.0
21266.0 80783.0
21342.0 80370.0
21708.0 80263.0
24592.0 80222.0
25513.0 79917.0
28687.0 79892.0
28763.0 79741.0
36184.0 79508.0

17171.0 88260.0
17492.0 85810.0
18092.0 81473.0
18526.0 81322.0
18545.0 81300.0
18596.0 80832.0
19912.0 80808.0
21266.0 80783.0
21342.0 80370.0
21708.0 80263.0
24592.0 80222.0
25513.0 79917.0
28687.0 79892.0
28763.0 79741.0
36184.0 79508.0

17171.0 88260.0
17492.0 85810.0
18092.0 81473.0
18526.0 81322.0
18545.0 81300.0
18596.0 80832.0
19912.0 80808.0
21266.0 80783.0
21342.0 80370.0
21708.0 80263.0
24592.0 80222.0
25513.0 79917.0
28687.0 79892.0
28763.0 79741.0
36184.0 79508.0

17171.0 88260.0
17492.0 85810.0
18092.0 81473.0
18526.0 81322.0
18545.0 81300.0
18596.0 80832.0
19912.0 80808.0
21266.0 80783.0
21342.0 80370.0
21708.0 80263.0
24592.0 80222.0
25513.0 79917.0
28687.0 79892.0
28763.0 79741.0
36184.0 79508.0

17171.0 88260.0
17492.0 85810.0
18092.0 81473.0
18526.0 81322.0
18545.0 81300.0
18596.0 80832.0
19912.0 80808.0
21266.0 80783.0
21342.0 80370.0
21708.0 80263.0
24592.0 80222.0
25513.0 79917.0
28687.0 79892.0
28763.0 79741.0
36184.0 79508.0

17171.0 88260.0
17492.0 85810.0
18092.0 81473.0
18526.0 81322.0
18545.0 81300.0
18596.0 80832.0
19912.0 80808.0
21266.0 80783.0
21342.0 80370.0
21708.0 80263.0
24592.0 80222.0
25513.0 79917.0
28687.0 79892.0
28763.0 79741.0
36184.0 79508.0

17171.0 88260.0
17492.0 85810.0
18092.0 81473.0
18526.0 81322.0
18545.0 81300.0
18596.0 80832.0
19912.0 80808.0
21266.0 80783.0
21342.0 80370.0
21708.0 80263.0
24592.0 80222.0
25513.0 79917.0
28687.0 79892.0
28763.0 79741.0
36184.0 79508.0


