16816.0 85565.0
16922.0 85476.0
16956.0 84870.0
16990.0 83689.0
17095.0 83392.0
17171.0 83247.0
17516.0 82852.0
18016.0 82753.0
18092.0 82001.0
18545.0 81896.0
18615.0 80972.0
19912.0 80965.0
19946.0 80932.0
21266.0 80843.0
21342.0 80251.0
21708.0 79950.0
24516.0 79947.0
24592.0 79890.0
24820.0 79845.0
25513.0 79516.0
27894.0 79514.0
28687.0 79513.0
28763.0 79262.0
32013.0 79145.0
32934.0 79036.0
36108.0 79034.0
36184.0 78783.0
39434.0 78690.0
43605.0 78305.0
51026.0 78187.0

16256.0 99674.0
16515.0 98541.0
16816.0 97389.0
17095.0 86845.0
17171.0 86412.0
18016.0 86342.0
18092.0 83220.0
18596.0 82113.0
18615.0 81863.0
19912.0 81420.0
21266.0 81370.0
21342.0 81291.0
21657.0 81169.0
21708.0 80738.0
24516.0 80608.0
24592.0 80603.0
24782.0 80564.0
25513.0 80017.0
27894.0 79698.0
28763.0 79679.0
32013.0 79639.0
32934.0 79432.0
36184.0 79124.0
43605.0 78955.0
63874.0 77944.0

18615.0 95920.0
20955.0 90859.0
27062.0 90778.0

18615.0 95920.0
20955.0 90859.0
27062.0 90778.0
28087.0 89024.0

17516.0 82729.0
18016.0 82666.0
18092.0 82213.0
18312.0 82016.0
18596.0 81654.0
18615.0 80933.0
19912.0 80909.0
20387.0 80885.0
21266.0 80882.0
21342.0 80250.0
21708.0 80038.0
24516.0 80035.0
24592.0 79854.0
24820.0 79804.0
25513.0 79690.0
27894.0 79515.0
28687.0 79514.0
28763.0 79330.0
31937.0 79329.0
32013.0 79168.0
32934.0 79036.0
36184.0 78851.0
39434.0 78690.0
40355.0 78663.0
42684.0 78570.0
43605.0 78511.0
46855.0 78375.0
51026.0 78346.0
54276.0 78280.0

18016.0 83370.0
18092.0 81726.0
18545.0 81543.0
18596.0 81427.0
18615.0 81287.0
19471.0 81105.0
19912.0 81065.0
20345.0 81064.0
20421.0 81029.0
21342.0 80614.0
21587.0 80597.0
21708.0 80516.0
24592.0 80456.0
24801.0 80335.0
24820.0 80298.0
25513.0 79745.0
28763.0 79649.0
32934.0 79430.0
43605.0 79307.0

18016.0 83370.0
18092.0 81726.0
18545.0 81543.0
18596.0 81427.0
18615.0 81287.0
19471.0 81105.0
19912.0 81065.0
20345.0 81064.0
20421.0 81029.0
21342.0 80614.0
21587.0 80597.0
21708.0 80516.0
24592.0 80456.0
24801.0 80335.0
24820.0 80298.0
25513.0 79745.0
28763.0 79649.0
32934.0 79430.0
43605.0 79307.0

18016.0 83370.0
18092.0 81726.0
18545.0 81543.0
18596.0 81427.0
18615.0 81287.0
19471.0 81105.0
19912.0 81065.0
20345.0 81064.0
20421.0 81029.0
21342.0 80614.0
21587.0 80597.0
21708.0 80516.0
24592.0 80456.0
24801.0 80335.0
24820.0 80298.0
25513.0 79745.0
28763.0 79649.0
32934.0 79430.0
43605.0 79307.0

18016.0 83370.0
18092.0 81726.0
18545.0 81543.0
18596.0 81427.0
18615.0 81287.0
19471.0 81105.0
19912.0 81065.0
20345.0 81064.0
20421.0 81029.0
21342.0 80614.0
21587.0 80597.0
21708.0 80516.0
24592.0 80456.0
24801.0 80335.0
24820.0 80298.0
25513.0 79745.0
28763.0 79649.0
32934.0 79430.0
43605.0 79307.0

18016.0 83370.0
18092.0 81726.0
18545.0 81543.0
18596.0 81427.0
18615.0 81287.0
19471.0 81105.0
19912.0 81065.0
20345.0 81064.0
20421.0 81029.0
21342.0 80614.0
21587.0 80597.0
21708.0 80516.0
24592.0 80456.0
24801.0 80335.0
24820.0 80298.0
25513.0 79745.0
28763.0 79649.0
32934.0 79430.0
43605.0 79307.0

18016.0 83370.0
18092.0 81726.0
18545.0 81543.0
18596.0 81427.0
18615.0 81287.0
19471.0 81105.0
19912.0 81065.0
20345.0 81064.0
20421.0 81029.0
21342.0 80614.0
21587.0 80597.0
21708.0 80516.0
24592.0 80456.0
24801.0 80335.0
24820.0 80298.0
25513.0 79745.0
28763.0 79649.0
32934.0 79430.0
43605.0 79307.0

18016.0 83370.0
18092.0 81726.0
18545.0 81543.0
18596.0 81427.0
18615.0 81287.0
19471.0 81105.0
19912.0 81065.0
20345.0 81064.0
20421.0 81029.0
21342.0 80614.0
21587.0 80597.0
21708.0 80516.0
24592.0 80456.0
24801.0 80335.0
24820.0 80298.0
25513.0 79745.0
28763.0 79649.0
32934.0 79430.0
43605.0 79307.0

18016.0 83370.0
18092.0 81726.0
18545.0 81543.0
18596.0 81427.0
18615.0 81287.0
19471.0 81105.0
19912.0 81065.0
20345.0 81064.0
20421.0 81029.0
21342.0 80614.0
21587.0 80597.0
21708.0 80516.0
24592.0 80456.0
24801.0 80335.0
24820.0 80298.0
25513.0 79745.0
28763.0 79649.0
32934.0 79430.0
43605.0 79307.0

18016.0 83370.0
18092.0 81726.0
18545.0 81543.0
18596.0 81427.0
18615.0 81287.0
19471.0 81105.0
19912.0 81065.0
20345.0 81064.0
20421.0 81029.0
21342.0 80614.0
21587.0 80597.0
21708.0 80516.0
24592.0 80456.0
24801.0 80335.0
24820.0 80298.0
25513.0 79745.0
28763.0 79649.0
32934.0 79430.0
43605.0 79307.0

18016.0 83370.0
18092.0 81726.0
18545.0 81543.0
18596.0 81427.0
18615.0 81287.0
19471.0 81105.0
19912.0 81065.0
20345.0 81064.0
20421.0 81029.0
21342.0 80614.0
21587.0 80597.0
21708.0 80516.0
24592.0 80456.0
24801.0 80335.0
24820.0 80298.0
25513.0 79745.0
28763.0 79649.0
32934.0 79430.0
43605.0 79307.0


