16990.0 84409.0
17095.0 83915.0
17171.0 83455.0
17516.0 83060.0
18016.0 82961.0
18092.0 81410.0
18545.0 81393.0
18596.0 80734.0
19912.0 80686.0
21266.0 80683.0
21342.0 80315.0
21708.0 80015.0
24516.0 80012.0
24592.0 79896.0
24820.0 79845.0
25513.0 79762.0
27766.0 79761.0
27842.0 79652.0
28763.0 79326.0
31937.0 79305.0
32013.0 79210.0
32934.0 79186.0
35263.0 79174.0
36108.0 79172.0
36184.0 78847.0
39434.0 78708.0
42608.0 78707.0
43605.0 78520.0
46855.0 78485.0
50105.0 78426.0

16290.0 102746.0
16515.0 96529.0
16571.0 89944.0
17171.0 84956.0
18092.0 83154.0
18545.0 83132.0
18596.0 82527.0
19912.0 81590.0
19946.0 81337.0
21342.0 80667.0
21708.0 80475.0
24592.0 80223.0
24820.0 79935.0
25513.0 79886.0
28763.0 79730.0
31937.0 79635.0
32013.0 79289.0
36184.0 79235.0
39434.0 79232.0
40355.0 79002.0
42608.0 78801.0
56453.0 78423.0
63874.0 77944.0

20142.0 91688.0
24201.0 90232.0

18615.0 89290.0
21402.0 88932.0
21708.0 87890.0
23416.0 87380.0
27563.0 86523.0

16990.0 83849.0
17171.0 82801.0
17516.0 82406.0
17694.0 82389.0
18016.0 82307.0
18092.0 81484.0
18545.0 81462.0
18596.0 80720.0
19912.0 80686.0
21266.0 80685.0
21342.0 80471.0
21689.0 80403.0
21708.0 80017.0
24516.0 80014.0
24592.0 79854.0
25513.0 79562.0
28687.0 79559.0
28763.0 79377.0
31937.0 79374.0
32934.0 79094.0
36108.0 79093.0
36184.0 78970.0
39358.0 78908.0
40355.0 78709.0
43605.0 78604.0
46855.0 78568.0
51026.0 78522.0
54276.0 78486.0

18092.0 81636.0
18545.0 81574.0
18596.0 80768.0
19912.0 80704.0
21266.0 80703.0
21342.0 80452.0
21708.0 80145.0
24592.0 80110.0
24750.0 80106.0
25513.0 79806.0
28687.0 79805.0
28763.0 79554.0
32934.0 79353.0
43605.0 79292.0

18092.0 81636.0
18545.0 81574.0
18596.0 80768.0
19912.0 80704.0
21266.0 80703.0
21342.0 80452.0
21708.0 80145.0
24592.0 80110.0
24750.0 80106.0
25513.0 79806.0
28687.0 79805.0
28763.0 79554.0
32934.0 79353.0
43605.0 79292.0

18092.0 81636.0
18545.0 81574.0
18596.0 80768.0
19912.0 80704.0
21266.0 80703.0
21342.0 80452.0
21708.0 80145.0
24592.0 80110.0
24750.0 80106.0
25513.0 79806.0
28687.0 79805.0
28763.0 79554.0
32934.0 79353.0
43605.0 79292.0

18092.0 81636.0
18545.0 81574.0
18596.0 80768.0
19912.0 80704.0
21266.0 80703.0
21342.0 80452.0
21708.0 80145.0
24592.0 80110.0
24750.0 80106.0
25513.0 79806.0
28687.0 79805.0
28763.0 79554.0
32934.0 79353.0
43605.0 79292.0

18092.0 81636.0
18545.0 81574.0
18596.0 80768.0
19912.0 80704.0
21266.0 80703.0
21342.0 80452.0
21708.0 80145.0
24592.0 80110.0
24750.0 80106.0
25513.0 79806.0
28687.0 79805.0
28763.0 79554.0
32934.0 79353.0
43605.0 79292.0

18092.0 81636.0
18545.0 81574.0
18596.0 80768.0
19912.0 80704.0
21266.0 80703.0
21342.0 80452.0
21708.0 80145.0
24592.0 80110.0
24750.0 80106.0
25513.0 79806.0
28687.0 79805.0
28763.0 79554.0
32934.0 79353.0
43605.0 79292.0

18092.0 81636.0
18545.0 81574.0
18596.0 80768.0
19912.0 80704.0
21266.0 80703.0
21342.0 80452.0
21708.0 80145.0
24592.0 80110.0
24750.0 80106.0
25513.0 79806.0
28687.0 79805.0
28763.0 79554.0
32934.0 79353.0
43605.0 79292.0

18092.0 81636.0
18545.0 81574.0
18596.0 80768.0
19912.0 80704.0
21266.0 80703.0
21342.0 80452.0
21708.0 80145.0
24592.0 80110.0
24750.0 80106.0
25513.0 79806.0
28687.0 79805.0
28763.0 79554.0
32934.0 79353.0
43605.0 79292.0

18092.0 81636.0
18545.0 81574.0
18596.0 80768.0
19912.0 80704.0
21266.0 80703.0
21342.0 80452.0
21708.0 80145.0
24592.0 80110.0
24750.0 80106.0
25513.0 79806.0
28687.0 79805.0
28763.0 79554.0
32934.0 79353.0
43605.0 79292.0

18092.0 81636.0
18545.0 81574.0
18596.0 80768.0
19912.0 80704.0
21266.0 80703.0
21342.0 80452.0
21708.0 80145.0
24592.0 80110.0
24750.0 80106.0
25513.0 79806.0
28687.0 79805.0
28763.0 79554.0
32934.0 79353.0
43605.0 79292.0


