17996.0 88140.0
18092.0 81505.0
18545.0 81281.0
18596.0 80690.0
19912.0 80626.0
21266.0 80620.0
21342.0 80317.0
21708.0 80017.0
24516.0 80014.0
24592.0 79830.0
24820.0 79780.0
25513.0 79733.0
27842.0 79658.0
28763.0 79351.0
32013.0 79144.0
35187.0 79142.0
35263.0 79074.0
36184.0 78859.0
39434.0 78653.0
42684.0 78636.0
46855.0 78589.0

16023.0 106285.0
16126.0 103322.0
16515.0 102801.0
16566.0 100690.0
16571.0 99098.0
16870.0 98631.0
16990.0 97054.0
17126.0 90241.0
17171.0 85769.0
17516.0 84870.0
17726.0 83786.0
18092.0 83264.0
18545.0 82968.0
18596.0 82730.0
18615.0 82341.0
19471.0 82164.0
19912.0 82157.0
19946.0 81994.0
21266.0 81501.0
21342.0 81043.0
24516.0 81002.0
24592.0 80765.0
24820.0 80513.0
25513.0 80362.0
27913.0 80107.0
28763.0 79749.0
32934.0 79513.0
36184.0 79152.0
39434.0 79109.0
43605.0 78642.0
46855.0 78589.0
54200.0 78563.0
63874.0 77944.0

18615.0 101787.0
20178.0 97623.0
20955.0 96469.0
23653.0 95795.0
24310.0 93851.0
24750.0 87383.0
43529.0 84074.0

18122.0 99065.0
19471.0 93719.0
20742.0 91889.0
22263.0 89981.0
24750.0 87383.0
43529.0 82841.0

16816.0 85638.0
16956.0 85287.0
17095.0 84793.0
17345.0 84749.0
17431.0 84239.0
17516.0 84007.0
18016.0 83944.0
18092.0 80932.0
18545.0 80910.0
18596.0 80674.0
19912.0 80626.0
21266.0 80623.0
21342.0 80251.0
21708.0 79950.0
24516.0 79947.0
24592.0 79831.0
24820.0 79730.0
25513.0 79623.0
27766.0 79620.0
27842.0 79587.0
28687.0 79584.0
28763.0 79264.0
31937.0 79262.0
32013.0 79144.0
35187.0 79128.0
35263.0 79109.0
36184.0 78789.0
39358.0 78768.0
39434.0 78653.0
43605.0 78510.0
46855.0 78433.0
54276.0 78338.0

16571.0 89678.0
17492.0 84730.0
18092.0 81519.0
18545.0 81269.0
18596.0 81060.0
18615.0 80972.0
19912.0 80932.0
20345.0 80929.0
20421.0 80896.0
21342.0 80562.0
21708.0 80078.0
24516.0 80077.0
24592.0 79985.0
24820.0 79888.0
25513.0 79802.0
28763.0 79351.0
36184.0 79079.0
43605.0 78715.0

16571.0 89678.0
17492.0 84730.0
18092.0 81519.0
18545.0 81269.0
18596.0 81060.0
18615.0 80972.0
19912.0 80932.0
20345.0 80929.0
20421.0 80896.0
21342.0 80562.0
21708.0 80078.0
24516.0 80077.0
24592.0 79985.0
24820.0 79888.0
25513.0 79802.0
28763.0 79351.0
36184.0 79079.0
43605.0 78715.0

16571.0 89678.0
17492.0 84730.0
18092.0 81519.0
18545.0 81269.0
18596.0 81060.0
18615.0 80972.0
19912.0 80932.0
20345.0 80929.0
20421.0 80896.0
21342.0 80562.0
21708.0 80078.0
24516.0 80077.0
24592.0 79985.0
24820.0 79888.0
25513.0 79802.0
28763.0 79351.0
36184.0 79079.0
43605.0 78715.0

16571.0 89678.0
17492.0 84730.0
18092.0 81519.0
18545.0 81269.0
18596.0 81060.0
18615.0 80972.0
19912.0 80932.0
20345.0 80929.0
20421.0 80896.0
21342.0 80562.0
21708.0 80078.0
24516.0 80077.0
24592.0 79985.0
24820.0 79888.0
25513.0 79802.0
28763.0 79351.0
36184.0 79079.0
43605.0 78715.0

16571.0 89678.0
17492.0 84730.0
18092.0 81519.0
18545.0 81269.0
18596.0 81060.0
18615.0 80972.0
19912.0 80932.0
20345.0 80929.0
20421.0 80896.0
21342.0 80562.0
21708.0 80078.0
24516.0 80077.0
24592.0 79985.0
24820.0 79888.0
25513.0 79802.0
28763.0 79351.0
36184.0 79079.0
43605.0 78715.0

16571.0 89678.0
17492.0 84730.0
18092.0 81519.0
18545.0 81269.0
18596.0 81060.0
18615.0 80972.0
19912.0 80932.0
20345.0 80929.0
20421.0 80896.0
21342.0 80562.0
21708.0 80078.0
24516.0 80077.0
24592.0 79985.0
24820.0 79888.0
25513.0 79802.0
28763.0 79351.0
36184.0 79079.0
43605.0 78715.0

16571.0 89678.0
17492.0 84730.0
18092.0 81519.0
18545.0 81269.0
18596.0 81060.0
18615.0 80972.0
19912.0 80932.0
20345.0 80929.0
20421.0 80896.0
21342.0 80562.0
21708.0 80078.0
24516.0 80077.0
24592.0 79985.0
24820.0 79888.0
25513.0 79802.0
28763.0 79351.0
36184.0 79079.0
43605.0 78715.0

16571.0 89678.0
17492.0 84730.0
18092.0 81519.0
18545.0 81269.0
18596.0 81060.0
18615.0 80972.0
19912.0 80932.0
20345.0 80929.0
20421.0 80896.0
21342.0 80562.0
21708.0 80078.0
24516.0 80077.0
24592.0 79985.0
24820.0 79888.0
25513.0 79802.0
28763.0 79351.0
36184.0 79079.0
43605.0 78715.0

16571.0 89678.0
17492.0 84730.0
18092.0 81519.0
18545.0 81269.0
18596.0 81060.0
18615.0 80972.0
19912.0 80932.0
20345.0 80929.0
20421.0 80896.0
21342.0 80562.0
21708.0 80078.0
24516.0 80077.0
24592.0 79985.0
24820.0 79888.0
25513.0 79802.0
28763.0 79351.0
36184.0 79079.0
43605.0 78715.0

16571.0 89678.0
17492.0 84730.0
18092.0 81519.0
18545.0 81269.0
18596.0 81060.0
18615.0 80972.0
19912.0 80932.0
20345.0 80929.0
20421.0 80896.0
21342.0 80562.0
21708.0 80078.0
24516.0 80077.0
24592.0 79985.0
24820.0 79888.0
25513.0 79802.0
28763.0 79351.0
36184.0 79079.0
43605.0 78715.0


