17492.0 84511.0
17516.0 83162.0
17745.0 83151.0
18016.0 83063.0
18092.0 81224.0
18526.0 81207.0
18545.0 81190.0
18596.0 80827.0
19912.0 80779.0
21266.0 80776.0
21342.0 80500.0
21638.0 80478.0
21708.0 80218.0
24516.0 80215.0
24592.0 80034.0
25513.0 79713.0
27842.0 79678.0
28687.0 79670.0
28763.0 79347.0
31937.0 79326.0
32013.0 79162.0
32934.0 79124.0
36184.0 78902.0
39358.0 78898.0
39434.0 78670.0
40355.0 78645.0
43605.0 78480.0
46779.0 78461.0

16494.0 96396.0
16566.0 95019.0
16571.0 92694.0
16745.0 91487.0
17095.0 90466.0
17326.0 87906.0
17516.0 86345.0
17745.0 84800.0
18092.0 84091.0
18545.0 83822.0
18596.0 81608.0
18615.0 81545.0
19587.0 81480.0
19912.0 81258.0
21266.0 81231.0
21342.0 80799.0
21708.0 80548.0
24592.0 80504.0
24801.0 80263.0
25513.0 80199.0
27913.0 80030.0
28763.0 79877.0
32013.0 79836.0
32934.0 79732.0
35263.0 79520.0
36184.0 79476.0
40279.0 79386.0
40355.0 79296.0
46855.0 79201.0
63874.0 77944.0

19838.0 91341.0
21708.0 89151.0
28763.0 89101.0
33411.0 86479.0

19838.0 91341.0
21708.0 89151.0
23316.0 88988.0
33411.0 86479.0

16956.0 84331.0
17095.0 83282.0
17516.0 82887.0
18016.0 82788.0
18092.0 81633.0
18526.0 81611.0
18596.0 81417.0
18615.0 81034.0
19112.0 80992.0
19912.0 80817.0
20421.0 80781.0
21342.0 80382.0
21708.0 80293.0
24516.0 80290.0
24592.0 79896.0
24820.0 79814.0
25513.0 79688.0
27766.0 79685.0
27913.0 79662.0
28763.0 79308.0
32013.0 79190.0
36184.0 78829.0
39434.0 78794.0
40355.0 78665.0
43605.0 78539.0
51026.0 78457.0

17745.0 87638.0
17996.0 85821.0
18092.0 81509.0
18526.0 81358.0
18596.0 80905.0
19912.0 80857.0
21266.0 80856.0
21342.0 80337.0
21708.0 80247.0
24516.0 80220.0
24592.0 80075.0
24820.0 80036.0
25513.0 80021.0
27913.0 79863.0
28763.0 79586.0
31937.0 79559.0
36184.0 79340.0
39434.0 79336.0

17745.0 87638.0
17996.0 85821.0
18092.0 81509.0
18526.0 81358.0
18596.0 80905.0
19912.0 80857.0
21266.0 80856.0
21342.0 80337.0
21708.0 80247.0
24516.0 80220.0
24592.0 80075.0
24820.0 80036.0
25513.0 80021.0
27913.0 79863.0
28763.0 79586.0
31937.0 79559.0
36184.0 79340.0
39434.0 79336.0

17745.0 87638.0
17996.0 85821.0
18092.0 81509.0
18526.0 81358.0
18596.0 80905.0
19912.0 80857.0
21266.0 80856.0
21342.0 80337.0
21708.0 80247.0
24516.0 80220.0
24592.0 80075.0
24820.0 80036.0
25513.0 80021.0
27913.0 79863.0
28763.0 79586.0
31937.0 79559.0
36184.0 79340.0
39434.0 79336.0

17745.0 87638.0
17996.0 85821.0
18092.0 81509.0
18526.0 81358.0
18596.0 80905.0
19912.0 80857.0
21266.0 80856.0
21342.0 80337.0
21708.0 80247.0
24516.0 80220.0
24592.0 80075.0
24820.0 80036.0
25513.0 80021.0
27913.0 79863.0
28763.0 79586.0
31937.0 79559.0
36184.0 79340.0
39434.0 79336.0

17745.0 87638.0
17996.0 85821.0
18092.0 81509.0
18526.0 81358.0
18596.0 80905.0
19912.0 80857.0
21266.0 80856.0
21342.0 80337.0
21708.0 80247.0
24516.0 80220.0
24592.0 80075.0
24820.0 80036.0
25513.0 80021.0
27913.0 79863.0
28763.0 79586.0
31937.0 79559.0
36184.0 79340.0
39434.0 79336.0

17745.0 87638.0
17996.0 85821.0
18092.0 81509.0
18526.0 81358.0
18596.0 80905.0
19912.0 80857.0
21266.0 80856.0
21342.0 80337.0
21708.0 80247.0
24516.0 80220.0
24592.0 80075.0
24820.0 80036.0
25513.0 80021.0
27913.0 79863.0
28763.0 79586.0
31937.0 79559.0
36184.0 79340.0
39434.0 79336.0

17745.0 87638.0
17996.0 85821.0
18092.0 81509.0
18526.0 81358.0
18596.0 80905.0
19912.0 80857.0
21266.0 80856.0
21342.0 80337.0
21708.0 80247.0
24516.0 80220.0
24592.0 80075.0
24820.0 80036.0
25513.0 80021.0
27913.0 79863.0
28763.0 79586.0
31937.0 79559.0
36184.0 79340.0
39434.0 79336.0

17745.0 87638.0
17996.0 85821.0
18092.0 81509.0
18526.0 81358.0
18596.0 80905.0
19912.0 80857.0
21266.0 80856.0
21342.0 80337.0
21708.0 80247.0
24516.0 80220.0
24592.0 80075.0
24820.0 80036.0
25513.0 80021.0
27913.0 79863.0
28763.0 79586.0
31937.0 79559.0
36184.0 79340.0
39434.0 79336.0

17745.0 87638.0
17996.0 85821.0
18092.0 81509.0
18526.0 81358.0
18596.0 80905.0
19912.0 80857.0
21266.0 80856.0
21342.0 80337.0
21708.0 80247.0
24516.0 80220.0
24592.0 80075.0
24820.0 80036.0
25513.0 80021.0
27913.0 79863.0
28763.0 79586.0
31937.0 79559.0
36184.0 79340.0
39434.0 79336.0

17745.0 87638.0
17996.0 85821.0
18092.0 81509.0
18526.0 81358.0
18596.0 80905.0
19912.0 80857.0
21266.0 80856.0
21342.0 80337.0
21708.0 80247.0
24516.0 80220.0
24592.0 80075.0
24820.0 80036.0
25513.0 80021.0
27913.0 79863.0
28763.0 79586.0
31937.0 79559.0
36184.0 79340.0
39434.0 79336.0


