18092.0 81213.0
18596.0 80690.0
19912.0 80626.0
21266.0 80623.0
21342.0 80358.0
21708.0 80017.0
24516.0 80014.0
24592.0 79832.0
24820.0 79730.0
27766.0 79727.0
27842.0 79691.0
28763.0 79262.0
31937.0 79260.0
32013.0 79144.0
35187.0 79142.0
35263.0 79107.0
36184.0 78783.0
39434.0 78667.0
43605.0 78469.0
46855.0 78352.0
50105.0 78316.0

16023.0 100764.0
16256.0 100210.0
16515.0 98654.0
16956.0 93503.0
16990.0 86615.0
17516.0 85638.0
17670.0 84405.0
18092.0 83505.0
18447.0 82537.0
18545.0 82368.0
18596.0 82293.0
18615.0 82183.0
19912.0 81773.0
20421.0 81626.0
21266.0 81625.0
21342.0 81282.0
21708.0 81017.0
22263.0 80758.0
24016.0 80319.0
25513.0 80064.0
27766.0 79922.0
27894.0 79871.0
28763.0 79707.0
31937.0 79692.0
32013.0 79581.0
35187.0 79416.0
36184.0 79293.0
39358.0 79114.0
43605.0 78881.0
46855.0 78654.0
54276.0 78578.0
56453.0 78566.0
60624.0 78062.0
63874.0 77944.0

19490.0 112955.0
20612.0 105006.0
20742.0 99795.0
21108.0 99392.0
21657.0 98143.0
21761.0 96275.0
21821.0 96216.0
22950.0 94699.0
23080.0 94113.0
27563.0 94073.0
28504.0 92434.0
28933.0 92298.0
31413.0 89484.0

18922.0 91989.0
20438.0 91720.0
22263.0 90834.0
24263.0 90821.0
24801.0 88983.0
25513.0 87390.0
30737.0 85545.0

17492.0 84835.0
17516.0 84603.0
18016.0 84540.0
18092.0 81803.0
18545.0 81799.0
18596.0 80934.0
19912.0 80894.0
21266.0 80851.0
21342.0 80503.0
21708.0 80380.0
24516.0 80379.0
24592.0 79871.0
24750.0 79849.0
24820.0 79798.0
27766.0 79796.0
27842.0 79781.0
28763.0 79480.0
32013.0 79163.0
36184.0 78966.0
39434.0 78865.0

17145.0 83925.0
17171.0 82719.0
17745.0 82525.0
18092.0 81428.0
18526.0 81330.0
18545.0 81268.0
18596.0 81172.0
18615.0 81001.0
19912.0 80939.0
21266.0 80936.0
21342.0 80295.0
21657.0 80278.0
21708.0 80014.0
25513.0 79931.0
27843.0 79920.0
28763.0 79603.0
32013.0 79485.0
36184.0 79380.0
43605.0 79268.0
51026.0 79056.0

17145.0 83925.0
17171.0 82719.0
17745.0 82525.0
18092.0 81428.0
18526.0 81330.0
18545.0 81268.0
18596.0 81172.0
18615.0 81001.0
19912.0 80939.0
21266.0 80936.0
21342.0 80295.0
21657.0 80278.0
21708.0 80014.0
25513.0 79931.0
27843.0 79920.0
28763.0 79603.0
32013.0 79485.0
36184.0 79380.0
43605.0 79268.0
51026.0 79056.0

17145.0 83925.0
17171.0 82719.0
17745.0 82525.0
18092.0 81428.0
18526.0 81330.0
18545.0 81268.0
18596.0 81172.0
18615.0 81001.0
19912.0 80939.0
21266.0 80936.0
21342.0 80295.0
21657.0 80278.0
21708.0 80014.0
25513.0 79931.0
27843.0 79920.0
28763.0 79603.0
32013.0 79485.0
36184.0 79380.0
43605.0 79268.0
51026.0 79056.0

17145.0 83925.0
17171.0 82719.0
17745.0 82525.0
18092.0 81428.0
18526.0 81330.0
18545.0 81268.0
18596.0 81172.0
18615.0 81001.0
19912.0 80939.0
21266.0 80936.0
21342.0 80295.0
21657.0 80278.0
21708.0 80014.0
25513.0 79931.0
27843.0 79920.0
28763.0 79603.0
32013.0 79485.0
36184.0 79380.0
43605.0 79268.0
51026.0 79056.0

17145.0 83925.0
17171.0 82719.0
17745.0 82525.0
18092.0 81428.0
18526.0 81330.0
18545.0 81268.0
18596.0 81172.0
18615.0 81001.0
19912.0 80939.0
21266.0 80936.0
21342.0 80295.0
21657.0 80278.0
21708.0 80014.0
25513.0 79931.0
27843.0 79920.0
28763.0 79603.0
32013.0 79485.0
36184.0 79380.0
43605.0 79268.0
51026.0 79056.0

17145.0 83925.0
17171.0 82719.0
17745.0 82525.0
18092.0 81428.0
18526.0 81330.0
18545.0 81268.0
18596.0 81172.0
18615.0 81001.0
19912.0 80939.0
21266.0 80936.0
21342.0 80295.0
21657.0 80278.0
21708.0 80014.0
25513.0 79931.0
27843.0 79920.0
28763.0 79603.0
32013.0 79485.0
36184.0 79380.0
43605.0 79268.0
51026.0 79056.0

17145.0 83925.0
17171.0 82719.0
17745.0 82525.0
18092.0 81428.0
18526.0 81330.0
18545.0 81268.0
18596.0 81172.0
18615.0 81001.0
19912.0 80939.0
21266.0 80936.0
21342.0 80295.0
21657.0 80278.0
21708.0 80014.0
25513.0 79931.0
27843.0 79920.0
28763.0 79603.0
32013.0 79485.0
36184.0 79380.0
43605.0 79268.0
51026.0 79056.0

17145.0 83925.0
17171.0 82719.0
17745.0 82525.0
18092.0 81428.0
18526.0 81330.0
18545.0 81268.0
18596.0 81172.0
18615.0 81001.0
19912.0 80939.0
21266.0 80936.0
21342.0 80295.0
21657.0 80278.0
21708.0 80014.0
25513.0 79931.0
27843.0 79920.0
28763.0 79603.0
32013.0 79485.0
36184.0 79380.0
43605.0 79268.0
51026.0 79056.0

17145.0 83925.0
17171.0 82719.0
17745.0 82525.0
18092.0 81428.0
18526.0 81330.0
18545.0 81268.0
18596.0 81172.0
18615.0 81001.0
19912.0 80939.0
21266.0 80936.0
21342.0 80295.0
21657.0 80278.0
21708.0 80014.0
25513.0 79931.0
27843.0 79920.0
28763.0 79603.0
32013.0 79485.0
36184.0 79380.0
43605.0 79268.0
51026.0 79056.0

17145.0 83925.0
17171.0 82719.0
17745.0 82525.0
18092.0 81428.0
18526.0 81330.0
18545.0 81268.0
18596.0 81172.0
18615.0 81001.0
19912.0 80939.0
21266.0 80936.0
21342.0 80295.0
21657.0 80278.0
21708.0 80014.0
25513.0 79931.0
27843.0 79920.0
28763.0 79603.0
32013.0 79485.0
36184.0 79380.0
43605.0 79268.0
51026.0 79056.0


