18092.0 81523.0
18545.0 81372.0
18596.0 81343.0
18615.0 80796.0
19912.0 80756.0
20387.0 80732.0
21266.0 80729.0
21342.0 80250.0
21708.0 79950.0
24516.0 79947.0
24592.0 79855.0
25513.0 79516.0
27894.0 79514.0
28687.0 79513.0
28763.0 79262.0
31937.0 79259.0
32013.0 79168.0
32934.0 79023.0
36108.0 79019.0
36184.0 78771.0
39358.0 78769.0
39434.0 78718.0
43605.0 78455.0

16515.0 93394.0
16956.0 92330.0
17095.0 91282.0
17516.0 85853.0
18016.0 85280.0
18092.0 82529.0
18545.0 82113.0
18596.0 81930.0
19471.0 81746.0
19946.0 81710.0
20838.0 81674.0
21266.0 81557.0
21342.0 81323.0
21657.0 81122.0
21708.0 80795.0
24516.0 80666.0
25513.0 80322.0
28687.0 80300.0
28763.0 80017.0
31937.0 80010.0
32934.0 79830.0
36108.0 79540.0
36184.0 79361.0
40355.0 79170.0
46779.0 79068.0
47776.0 78924.0
53203.0 78504.0
56453.0 78108.0
60624.0 78105.0
60700.0 77983.0
63874.0 77944.0

18922.0 100331.0
20955.0 94929.0
21342.0 94094.0
24884.0 92017.0
25010.0 90024.0
32334.0 88602.0

18922.0 100331.0
20766.0 89206.0
24801.0 89144.0
27894.0 89115.0
32334.0 88602.0

18092.0 81699.0
18545.0 81677.0
18596.0 81390.0
18615.0 81104.0
19912.0 81080.0
20387.0 81056.0
21266.0 81055.0
21342.0 80345.0
21708.0 80015.0
24516.0 80012.0
24592.0 79895.0
25513.0 79739.0
27894.0 79737.0
28763.0 79327.0
31937.0 79324.0
32013.0 79268.0
32934.0 79180.0
36108.0 79177.0
36184.0 78770.0
39358.0 78767.0
39434.0 78735.0
43605.0 78537.0

17492.0 85480.0
17745.0 84531.0
17996.0 83321.0
18092.0 81748.0
18596.0 81122.0
19912.0 81082.0
21266.0 81039.0
21342.0 80576.0
21708.0 80315.0
24516.0 80309.0
24592.0 80099.0
24820.0 80048.0
25513.0 79992.0
27766.0 79984.0
27842.0 79956.0
28687.0 79720.0
28763.0 79560.0
31937.0 79541.0
32013.0 79522.0
35263.0 79428.0
36184.0 79164.0

17492.0 85480.0
17745.0 84531.0
17996.0 83321.0
18092.0 81748.0
18596.0 81122.0
19912.0 81082.0
21266.0 81039.0
21342.0 80576.0
21708.0 80315.0
24516.0 80309.0
24592.0 80099.0
24820.0 80048.0
25513.0 79992.0
27766.0 79984.0
27842.0 79956.0
28687.0 79720.0
28763.0 79560.0
31937.0 79541.0
32013.0 79522.0
35263.0 79428.0
36184.0 79164.0

17492.0 85480.0
17745.0 84531.0
17996.0 83321.0
18092.0 81748.0
18596.0 81122.0
19912.0 81082.0
21266.0 81039.0
21342.0 80576.0
21708.0 80315.0
24516.0 80309.0
24592.0 80099.0
24820.0 80048.0
25513.0 79992.0
27766.0 79984.0
27842.0 79956.0
28687.0 79720.0
28763.0 79560.0
31937.0 79541.0
32013.0 79522.0
35263.0 79428.0
36184.0 79164.0

17492.0 85480.0
17745.0 84531.0
17996.0 83321.0
18092.0 81748.0
18596.0 81122.0
19912.0 81082.0
21266.0 81039.0
21342.0 80576.0
21708.0 80315.0
24516.0 80309.0
24592.0 80099.0
24820.0 80048.0
25513.0 79992.0
27766.0 79984.0
27842.0 79956.0
28687.0 79720.0
28763.0 79560.0
31937.0 79541.0
32013.0 79522.0
35263.0 79428.0
36184.0 79164.0

17492.0 85480.0
17745.0 84531.0
17996.0 83321.0
18092.0 81748.0
18596.0 81122.0
19912.0 81082.0
21266.0 81039.0
21342.0 80576.0
21708.0 80315.0
24516.0 80309.0
24592.0 80099.0
24820.0 80048.0
25513.0 79992.0
27766.0 79984.0
27842.0 79956.0
28687.0 79720.0
28763.0 79560.0
31937.0 79541.0
32013.0 79522.0
35263.0 79428.0
36184.0 79164.0

17492.0 85480.0
17745.0 84531.0
17996.0 83321.0
18092.0 81748.0
18596.0 81122.0
19912.0 81082.0
21266.0 81039.0
21342.0 80576.0
21708.0 80315.0
24516.0 80309.0
24592.0 80099.0
24820.0 80048.0
25513.0 79992.0
27766.0 79984.0
27842.0 79956.0
28687.0 79720.0
28763.0 79560.0
31937.0 79541.0
32013.0 79522.0
35263.0 79428.0
36184.0 79164.0

17492.0 85480.0
17745.0 84531.0
17996.0 83321.0
18092.0 81748.0
18596.0 81122.0
19912.0 81082.0
21266.0 81039.0
21342.0 80576.0
21708.0 80315.0
24516.0 80309.0
24592.0 80099.0
24820.0 80048.0
25513.0 79992.0
27766.0 79984.0
27842.0 79956.0
28687.0 79720.0
28763.0 79560.0
31937.0 79541.0
32013.0 79522.0
35263.0 79428.0
36184.0 79164.0

17492.0 85480.0
17745.0 84531.0
17996.0 83321.0
18092.0 81748.0
18596.0 81122.0
19912.0 81082.0
21266.0 81039.0
21342.0 80576.0
21708.0 80315.0
24516.0 80309.0
24592.0 80099.0
24820.0 80048.0
25513.0 79992.0
27766.0 79984.0
27842.0 79956.0
28687.0 79720.0
28763.0 79560.0
31937.0 79541.0
32013.0 79522.0
35263.0 79428.0
36184.0 79164.0

17492.0 85480.0
17745.0 84531.0
17996.0 83321.0
18092.0 81748.0
18596.0 81122.0
19912.0 81082.0
21266.0 81039.0
21342.0 80576.0
21708.0 80315.0
24516.0 80309.0
24592.0 80099.0
24820.0 80048.0
25513.0 79992.0
27766.0 79984.0
27842.0 79956.0
28687.0 79720.0
28763.0 79560.0
31937.0 79541.0
32013.0 79522.0
35263.0 79428.0
36184.0 79164.0

17492.0 85480.0
17745.0 84531.0
17996.0 83321.0
18092.0 81748.0
18596.0 81122.0
19912.0 81082.0
21266.0 81039.0
21342.0 80576.0
21708.0 80315.0
24516.0 80309.0
24592.0 80099.0
24820.0 80048.0
25513.0 79992.0
27766.0 79984.0
27842.0 79956.0
28687.0 79720.0
28763.0 79560.0
31937.0 79541.0
32013.0 79522.0
35263.0 79428.0
36184.0 79164.0


