17095.0 82991.0
17171.0 82041.0
18545.0 82007.0
18596.0 81830.0
18615.0 81082.0
20387.0 81018.0
21266.0 81015.0
21342.0 80308.0
21708.0 80218.0
24516.0 80215.0
24592.0 80010.0
27766.0 80007.0
27842.0 79975.0
27862.0 79782.0
27913.0 79763.0
28763.0 79371.0
31937.0 79370.0
32013.0 79245.0
36184.0 79016.0
43605.0 78792.0

16023.0 96733.0
16290.0 96003.0
17279.0 93147.0
17345.0 89358.0
17396.0 87928.0
17492.0 87736.0
17745.0 86493.0
17996.0 86271.0
18016.0 85731.0
18092.0 83106.0
18545.0 83084.0
18596.0 82520.0
19912.0 81742.0
21266.0 81710.0
21342.0 80960.0
21708.0 80754.0
24592.0 80493.0
24820.0 80408.0
27843.0 80001.0
28763.0 79752.0
32013.0 79394.0
36184.0 79219.0
39358.0 79199.0
39434.0 79148.0
40355.0 78976.0
43605.0 78828.0
54276.0 78646.0
63874.0 77944.0

18922.0 94654.0
23940.0 92176.0

18922.0 94654.0
23392.0 94251.0
23463.0 93766.0
23940.0 92176.0

17492.0 84557.0
18092.0 82221.0
18596.0 81912.0
18615.0 80887.0
19912.0 80847.0
20387.0 80823.0
21266.0 80817.0
21342.0 80317.0
21708.0 79950.0
24516.0 79944.0
24592.0 79855.0
24820.0 79840.0
25513.0 79697.0
27766.0 79696.0
27913.0 79644.0
28763.0 79263.0
31937.0 79260.0
32013.0 79169.0
36184.0 78821.0
39434.0 78785.0
40355.0 78719.0
43605.0 78539.0
46855.0 78416.0

17345.0 89558.0
17492.0 85198.0
17726.0 83785.0
18016.0 83666.0
18092.0 81481.0
18526.0 81295.0
18545.0 81273.0
18596.0 80801.0
19112.0 80777.0
20766.0 80762.0
21266.0 80663.0
21342.0 80381.0
21708.0 80292.0
24592.0 80255.0
25513.0 79782.0
27843.0 79731.0
28763.0 79705.0
31937.0 79673.0
32934.0 79459.0
36184.0 79363.0
39358.0 79360.0

17345.0 89558.0
17492.0 85198.0
17726.0 83785.0
18016.0 83666.0
18092.0 81481.0
18526.0 81295.0
18545.0 81273.0
18596.0 80801.0
19112.0 80777.0
20766.0 80762.0
21266.0 80663.0
21342.0 80381.0
21708.0 80292.0
24592.0 80255.0
25513.0 79782.0
27843.0 79731.0
28763.0 79705.0
31937.0 79673.0
32934.0 79459.0
36184.0 79363.0
39358.0 79360.0

17345.0 89558.0
17492.0 85198.0
17726.0 83785.0
18016.0 83666.0
18092.0 81481.0
18526.0 81295.0
18545.0 81273.0
18596.0 80801.0
19112.0 80777.0
20766.0 80762.0
21266.0 80663.0
21342.0 80381.0
21708.0 80292.0
24592.0 80255.0
25513.0 79782.0
27843.0 79731.0
28763.0 79705.0
31937.0 79673.0
32934.0 79459.0
36184.0 79363.0
39358.0 79360.0

17345.0 89558.0
17492.0 85198.0
17726.0 83785.0
18016.0 83666.0
18092.0 81481.0
18526.0 81295.0
18545.0 81273.0
18596.0 80801.0
19112.0 80777.0
20766.0 80762.0
21266.0 80663.0
21342.0 80381.0
21708.0 80292.0
24592.0 80255.0
25513.0 79782.0
27843.0 79731.0
28763.0 79705.0
31937.0 79673.0
32934.0 79459.0
36184.0 79363.0
39358.0 79360.0

17345.0 89558.0
17492.0 85198.0
17726.0 83785.0
18016.0 83666.0
18092.0 81481.0
18526.0 81295.0
18545.0 81273.0
18596.0 80801.0
19112.0 80777.0
20766.0 80762.0
21266.0 80663.0
21342.0 80381.0
21708.0 80292.0
24592.0 80255.0
25513.0 79782.0
27843.0 79731.0
28763.0 79705.0
31937.0 79673.0
32934.0 79459.0
36184.0 79363.0
39358.0 79360.0

17345.0 89558.0
17492.0 85198.0
17726.0 83785.0
18016.0 83666.0
18092.0 81481.0
18526.0 81295.0
18545.0 81273.0
18596.0 80801.0
19112.0 80777.0
20766.0 80762.0
21266.0 80663.0
21342.0 80381.0
21708.0 80292.0
24592.0 80255.0
25513.0 79782.0
27843.0 79731.0
28763.0 79705.0
31937.0 79673.0
32934.0 79459.0
36184.0 79363.0
39358.0 79360.0

17345.0 89558.0
17492.0 85198.0
17726.0 83785.0
18016.0 83666.0
18092.0 81481.0
18526.0 81295.0
18545.0 81273.0
18596.0 80801.0
19112.0 80777.0
20766.0 80762.0
21266.0 80663.0
21342.0 80381.0
21708.0 80292.0
24592.0 80255.0
25513.0 79782.0
27843.0 79731.0
28763.0 79705.0
31937.0 79673.0
32934.0 79459.0
36184.0 79363.0
39358.0 79360.0

17345.0 89558.0
17492.0 85198.0
17726.0 83785.0
18016.0 83666.0
18092.0 81481.0
18526.0 81295.0
18545.0 81273.0
18596.0 80801.0
19112.0 80777.0
20766.0 80762.0
21266.0 80663.0
21342.0 80381.0
21708.0 80292.0
24592.0 80255.0
25513.0 79782.0
27843.0 79731.0
28763.0 79705.0
31937.0 79673.0
32934.0 79459.0
36184.0 79363.0
39358.0 79360.0

17345.0 89558.0
17492.0 85198.0
17726.0 83785.0
18016.0 83666.0
18092.0 81481.0
18526.0 81295.0
18545.0 81273.0
18596.0 80801.0
19112.0 80777.0
20766.0 80762.0
21266.0 80663.0
21342.0 80381.0
21708.0 80292.0
24592.0 80255.0
25513.0 79782.0
27843.0 79731.0
28763.0 79705.0
31937.0 79673.0
32934.0 79459.0
36184.0 79363.0
39358.0 79360.0

17345.0 89558.0
17492.0 85198.0
17726.0 83785.0
18016.0 83666.0
18092.0 81481.0
18526.0 81295.0
18545.0 81273.0
18596.0 80801.0
19112.0 80777.0
20766.0 80762.0
21266.0 80663.0
21342.0 80381.0
21708.0 80292.0
24592.0 80255.0
25513.0 79782.0
27843.0 79731.0
28763.0 79705.0
31937.0 79673.0
32934.0 79459.0
36184.0 79363.0
39358.0 79360.0


