17377.0 89071.0
17492.0 86636.0
17516.0 86222.0
17996.0 84340.0
18092.0 81248.0
18545.0 81226.0
18596.0 81006.0
19912.0 80942.0
21266.0 80939.0
21342.0 80128.0
21708.0 79950.0
24516.0 79944.0
24592.0 79831.0
24820.0 79730.0
27766.0 79724.0
27842.0 79658.0
28763.0 79262.0
31937.0 79259.0
32013.0 79144.0
35187.0 79142.0
35263.0 79074.0
36184.0 78770.0
39358.0 78767.0
39434.0 78652.0
42684.0 78618.0
43605.0 78304.0
46855.0 78186.0

16094.0 107385.0
16290.0 93445.0
16816.0 90547.0
16847.0 90144.0
16956.0 89408.0
17171.0 87456.0
17745.0 85853.0
17977.0 85757.0
18016.0 84703.0
18092.0 83711.0
18545.0 83410.0
18596.0 82231.0
19112.0 82119.0
19912.0 81714.0
21342.0 81572.0
21689.0 81505.0
21708.0 81006.0
24592.0 80751.0
24801.0 80511.0
25513.0 80277.0
27843.0 80227.0
30155.0 80154.0
31006.0 80094.0
31937.0 79736.0
32934.0 79677.0
34687.0 79599.0
36184.0 79286.0
50950.0 79005.0
60624.0 78520.0
63874.0 77944.0

18615.0 97614.0
20889.0 94379.0
21795.0 93109.0
23950.0 93089.0
30861.0 91883.0
33518.0 90329.0

18615.0 97614.0
20889.0 94379.0
21708.0 94289.0
21795.0 93109.0
22263.0 92840.0
24751.0 92735.0
25437.0 88668.0
32858.0 86747.0

18092.0 82743.0
18545.0 82251.0
18615.0 81107.0
19912.0 81083.0
20387.0 81059.0
21266.0 81056.0
21342.0 80317.0
21708.0 80017.0
24516.0 80013.0
24592.0 79854.0
25513.0 79673.0
27894.0 79672.0
28763.0 79263.0
32013.0 79205.0
32934.0 79156.0
36184.0 78930.0
39434.0 78828.0

17492.0 84157.0
18092.0 81628.0
18596.0 80991.0
19912.0 80967.0
21266.0 80966.0
21342.0 80432.0
21708.0 80343.0
24801.0 80064.0
25513.0 79744.0
27843.0 79700.0
28763.0 79581.0
31937.0 79580.0
32013.0 79553.0
32934.0 79375.0

17492.0 84157.0
18092.0 81628.0
18596.0 80991.0
19912.0 80967.0
21266.0 80966.0
21342.0 80432.0
21708.0 80343.0
24801.0 80064.0
25513.0 79744.0
27843.0 79700.0
28763.0 79581.0
31937.0 79580.0
32013.0 79553.0
32934.0 79375.0

17492.0 84157.0
18092.0 81628.0
18596.0 80991.0
19912.0 80967.0
21266.0 80966.0
21342.0 80432.0
21708.0 80343.0
24801.0 80064.0
25513.0 79744.0
27843.0 79700.0
28763.0 79581.0
31937.0 79580.0
32013.0 79553.0
32934.0 79375.0

17492.0 84157.0
18092.0 81628.0
18596.0 80991.0
19912.0 80967.0
21266.0 80966.0
21342.0 80432.0
21708.0 80343.0
24801.0 80064.0
25513.0 79744.0
27843.0 79700.0
28763.0 79581.0
31937.0 79580.0
32013.0 79553.0
32934.0 79375.0

17492.0 84157.0
18092.0 81628.0
18596.0 80991.0
19912.0 80967.0
21266.0 80966.0
21342.0 80432.0
21708.0 80343.0
24801.0 80064.0
25513.0 79744.0
27843.0 79700.0
28763.0 79581.0
31937.0 79580.0
32013.0 79553.0
32934.0 79375.0

17492.0 84157.0
18092.0 81628.0
18596.0 80991.0
19912.0 80967.0
21266.0 80966.0
21342.0 80432.0
21708.0 80343.0
24801.0 80064.0
25513.0 79744.0
27843.0 79700.0
28763.0 79581.0
31937.0 79580.0
32013.0 79553.0
32934.0 79375.0

17492.0 84157.0
18092.0 81628.0
18596.0 80991.0
19912.0 80967.0
21266.0 80966.0
21342.0 80432.0
21708.0 80343.0
24801.0 80064.0
25513.0 79744.0
27843.0 79700.0
28763.0 79581.0
31937.0 79580.0
32013.0 79553.0
32934.0 79375.0

17492.0 84157.0
18092.0 81628.0
18596.0 80991.0
19912.0 80967.0
21266.0 80966.0
21342.0 80432.0
21708.0 80343.0
24801.0 80064.0
25513.0 79744.0
27843.0 79700.0
28763.0 79581.0
31937.0 79580.0
32013.0 79553.0
32934.0 79375.0

17492.0 84157.0
18092.0 81628.0
18596.0 80991.0
19912.0 80967.0
21266.0 80966.0
21342.0 80432.0
21708.0 80343.0
24801.0 80064.0
25513.0 79744.0
27843.0 79700.0
28763.0 79581.0
31937.0 79580.0
32013.0 79553.0
32934.0 79375.0

17492.0 84157.0
18092.0 81628.0
18596.0 80991.0
19912.0 80967.0
21266.0 80966.0
21342.0 80432.0
21708.0 80343.0
24801.0 80064.0
25513.0 79744.0
27843.0 79700.0
28763.0 79581.0
31937.0 79580.0
32013.0 79553.0
32934.0 79375.0


