16816.0 85542.0
16990.0 84096.0
17516.0 83469.0
18016.0 83370.0
18092.0 81806.0
18545.0 81784.0
18596.0 81119.0
19912.0 81039.0
21266.0 81036.0
21342.0 80290.0
21657.0 80268.0
21708.0 80057.0
24516.0 80054.0
24592.0 79849.0
24750.0 79848.0
24820.0 79798.0
27766.0 79777.0
27842.0 79763.0
27913.0 79762.0
28763.0 79402.0
32013.0 79191.0
36184.0 78830.0
39434.0 78712.0
46855.0 78614.0

16136.0 99789.0
16726.0 94072.0
17145.0 94054.0
17171.0 86964.0
17996.0 85414.0
18016.0 85413.0
18092.0 83510.0
18545.0 83493.0
18596.0 82264.0
18615.0 81397.0
21342.0 81377.0
21638.0 81272.0
21657.0 81017.0
24516.0 80956.0
24592.0 80662.0
24801.0 80531.0
25437.0 80522.0
25513.0 79873.0
28763.0 79779.0
31937.0 79653.0
36108.0 79508.0
36184.0 79262.0
39358.0 78978.0
46779.0 78859.0
60624.0 78856.0
63874.0 77944.0

20166.0 102085.0
21108.0 99640.0
21708.0 98596.0
22263.0 94382.0
23653.0 92462.0
27043.0 91938.0
28163.0 90112.0
29604.0 89973.0
30737.0 89555.0

18922.0 89566.0
20066.0 88794.0
20766.0 88716.0
25513.0 87739.0

18092.0 81899.0
18545.0 81877.0
18596.0 81071.0
19912.0 81023.0
21266.0 81020.0
21342.0 80316.0
21708.0 80103.0
24516.0 80100.0
24592.0 79896.0
25513.0 79717.0
27894.0 79620.0
28763.0 79395.0
32013.0 79269.0
32934.0 79157.0
36184.0 78811.0
43605.0 78578.0

17492.0 83853.0
17516.0 83439.0
18092.0 81925.0
18596.0 81122.0
18615.0 81106.0
19112.0 81103.0
19912.0 80929.0
21266.0 80904.0
21342.0 80507.0
21708.0 80323.0
24592.0 80033.0
24820.0 79982.0
25513.0 79892.0
28763.0 79572.0
32013.0 79306.0
36184.0 79106.0
43605.0 78995.0

17492.0 83853.0
17516.0 83439.0
18092.0 81925.0
18596.0 81122.0
18615.0 81106.0
19112.0 81103.0
19912.0 80929.0
21266.0 80904.0
21342.0 80507.0
21708.0 80323.0
24592.0 80033.0
24820.0 79982.0
25513.0 79892.0
28763.0 79572.0
32013.0 79306.0
36184.0 79106.0
43605.0 78995.0

17492.0 83853.0
17516.0 83439.0
18092.0 81925.0
18596.0 81122.0
18615.0 81106.0
19112.0 81103.0
19912.0 80929.0
21266.0 80904.0
21342.0 80507.0
21708.0 80323.0
24592.0 80033.0
24820.0 79982.0
25513.0 79892.0
28763.0 79572.0
32013.0 79306.0
36184.0 79106.0
43605.0 78995.0

17492.0 83853.0
17516.0 83439.0
18092.0 81925.0
18596.0 81122.0
18615.0 81106.0
19112.0 81103.0
19912.0 80929.0
21266.0 80904.0
21342.0 80507.0
21708.0 80323.0
24592.0 80033.0
24820.0 79982.0
25513.0 79892.0
28763.0 79572.0
32013.0 79306.0
36184.0 79106.0
43605.0 78995.0

17492.0 83853.0
17516.0 83439.0
18092.0 81925.0
18596.0 81122.0
18615.0 81106.0
19112.0 81103.0
19912.0 80929.0
21266.0 80904.0
21342.0 80507.0
21708.0 80323.0
24592.0 80033.0
24820.0 79982.0
25513.0 79892.0
28763.0 79572.0
32013.0 79306.0
36184.0 79106.0
43605.0 78995.0

17492.0 83853.0
17516.0 83439.0
18092.0 81925.0
18596.0 81122.0
18615.0 81106.0
19112.0 81103.0
19912.0 80929.0
21266.0 80904.0
21342.0 80507.0
21708.0 80323.0
24592.0 80033.0
24820.0 79982.0
25513.0 79892.0
28763.0 79572.0
32013.0 79306.0
36184.0 79106.0
43605.0 78995.0

17492.0 83853.0
17516.0 83439.0
18092.0 81925.0
18596.0 81122.0
18615.0 81106.0
19112.0 81103.0
19912.0 80929.0
21266.0 80904.0
21342.0 80507.0
21708.0 80323.0
24592.0 80033.0
24820.0 79982.0
25513.0 79892.0
28763.0 79572.0
32013.0 79306.0
36184.0 79106.0
43605.0 78995.0

17492.0 83853.0
17516.0 83439.0
18092.0 81925.0
18596.0 81122.0
18615.0 81106.0
19112.0 81103.0
19912.0 80929.0
21266.0 80904.0
21342.0 80507.0
21708.0 80323.0
24592.0 80033.0
24820.0 79982.0
25513.0 79892.0
28763.0 79572.0
32013.0 79306.0
36184.0 79106.0
43605.0 78995.0

17492.0 83853.0
17516.0 83439.0
18092.0 81925.0
18596.0 81122.0
18615.0 81106.0
19112.0 81103.0
19912.0 80929.0
21266.0 80904.0
21342.0 80507.0
21708.0 80323.0
24592.0 80033.0
24820.0 79982.0
25513.0 79892.0
28763.0 79572.0
32013.0 79306.0
36184.0 79106.0
43605.0 78995.0

17492.0 83853.0
17516.0 83439.0
18092.0 81925.0
18596.0 81122.0
18615.0 81106.0
19112.0 81103.0
19912.0 80929.0
21266.0 80904.0
21342.0 80507.0
21708.0 80323.0
24592.0 80033.0
24820.0 79982.0
25513.0 79892.0
28763.0 79572.0
32013.0 79306.0
36184.0 79106.0
43605.0 78995.0


