16990.0 85141.0
17492.0 83918.0
17516.0 83686.0
18016.0 83623.0
18092.0 82107.0
18545.0 82090.0
18596.0 81469.0
18615.0 80949.0
19112.0 80930.0
19912.0 80860.0
20387.0 80820.0
21266.0 80817.0
21342.0 80128.0
21708.0 79950.0
24516.0 79947.0
24592.0 79854.0
25513.0 79516.0
27894.0 79514.0
28687.0 79513.0
28763.0 79262.0
31937.0 79259.0
32013.0 79168.0
32934.0 79100.0
36184.0 78783.0
39434.0 78724.0
40355.0 78709.0
42684.0 78689.0
43605.0 78304.0

16023.0 108103.0
16290.0 98663.0
16419.0 98600.0
16515.0 93568.0
17019.0 93026.0
17279.0 90274.0
17492.0 85918.0
17996.0 85550.0
18092.0 83950.0
18545.0 82250.0
18615.0 81764.0
19505.0 81624.0
20345.0 81599.0
20387.0 81392.0
21342.0 81012.0
21708.0 80746.0
24516.0 80586.0
24592.0 80349.0
25513.0 79914.0
28763.0 79687.0
29684.0 79527.0
32858.0 79489.0
32934.0 79461.0
36108.0 79419.0
36184.0 79116.0
39358.0 78912.0
42684.0 78780.0
43605.0 78654.0
63874.0 77944.0

18615.0 102597.0
20457.0 98616.0
21266.0 97966.0
21440.0 97434.0
21708.0 95565.0
22495.0 95270.0
22936.0 94733.0
24617.0 91183.0
30885.0 90117.0
32805.0 89118.0
32867.0 89057.0

18494.0 96083.0
21342.0 90744.0
22699.0 90014.0
26490.0 89962.0
26600.0 88393.0
26662.0 87375.0
27062.0 84375.0
36184.0 84228.0

18016.0 84499.0
18092.0 81461.0
18545.0 81201.0
18596.0 80785.0
19912.0 80626.0
21266.0 80623.0
21342.0 80128.0
21708.0 79950.0
24516.0 79947.0
24592.0 79854.0
24820.0 79839.0
25513.0 79623.0
27766.0 79622.0
27842.0 79587.0
27894.0 79586.0
28763.0 79352.0
32013.0 79169.0
32934.0 79143.0
36184.0 78851.0
39434.0 78690.0
40355.0 78618.0
43605.0 78373.0
46855.0 78246.0

17516.0 83633.0
18092.0 82052.0
18545.0 81962.0
18596.0 81131.0
18615.0 80846.0
19912.0 80782.0
20421.0 80746.0
21342.0 80620.0
21708.0 80510.0
24592.0 80035.0
24801.0 79996.0
24820.0 79936.0
27766.0 79935.0
27842.0 79842.0
28763.0 79517.0
31937.0 79516.0
32934.0 79376.0
35187.0 79281.0
43605.0 79125.0
46855.0 79025.0
51026.0 79002.0

17516.0 83633.0
18092.0 82052.0
18545.0 81962.0
18596.0 81131.0
18615.0 80846.0
19912.0 80782.0
20421.0 80746.0
21342.0 80620.0
21708.0 80510.0
24592.0 80035.0
24801.0 79996.0
24820.0 79936.0
27766.0 79935.0
27842.0 79842.0
28763.0 79517.0
31937.0 79516.0
32934.0 79376.0
35187.0 79281.0
43605.0 79125.0
46855.0 79025.0
51026.0 79002.0

17516.0 83633.0
18092.0 82052.0
18545.0 81962.0
18596.0 81131.0
18615.0 80846.0
19912.0 80782.0
20421.0 80746.0
21342.0 80620.0
21708.0 80510.0
24592.0 80035.0
24801.0 79996.0
24820.0 79936.0
27766.0 79935.0
27842.0 79842.0
28763.0 79517.0
31937.0 79516.0
32934.0 79376.0
35187.0 79281.0
43605.0 79125.0
46855.0 79025.0
51026.0 79002.0

17516.0 83633.0
18092.0 82052.0
18545.0 81962.0
18596.0 81131.0
18615.0 80846.0
19912.0 80782.0
20421.0 80746.0
21342.0 80620.0
21708.0 80510.0
24592.0 80035.0
24801.0 79996.0
24820.0 79936.0
27766.0 79935.0
27842.0 79842.0
28763.0 79517.0
31937.0 79516.0
32934.0 79376.0
35187.0 79281.0
43605.0 79125.0
46855.0 79025.0
51026.0 79002.0

17516.0 83633.0
18092.0 82052.0
18545.0 81962.0
18596.0 81131.0
18615.0 80846.0
19912.0 80782.0
20421.0 80746.0
21342.0 80620.0
21708.0 80510.0
24592.0 80035.0
24801.0 79996.0
24820.0 79936.0
27766.0 79935.0
27842.0 79842.0
28763.0 79517.0
31937.0 79516.0
32934.0 79376.0
35187.0 79281.0
43605.0 79125.0
46855.0 79025.0
51026.0 79002.0

17516.0 83633.0
18092.0 82052.0
18545.0 81962.0
18596.0 81131.0
18615.0 80846.0
19912.0 80782.0
20421.0 80746.0
21342.0 80620.0
21708.0 80510.0
24592.0 80035.0
24801.0 79996.0
24820.0 79936.0
27766.0 79935.0
27842.0 79842.0
28763.0 79517.0
31937.0 79516.0
32934.0 79376.0
35187.0 79281.0
43605.0 79125.0
46855.0 79025.0
51026.0 79002.0

17516.0 83633.0
18092.0 82052.0
18545.0 81962.0
18596.0 81131.0
18615.0 80846.0
19912.0 80782.0
20421.0 80746.0
21342.0 80620.0
21708.0 80510.0
24592.0 80035.0
24801.0 79996.0
24820.0 79936.0
27766.0 79935.0
27842.0 79842.0
28763.0 79517.0
31937.0 79516.0
32934.0 79376.0
35187.0 79281.0
43605.0 79125.0
46855.0 79025.0
51026.0 79002.0

17516.0 83633.0
18092.0 82052.0
18545.0 81962.0
18596.0 81131.0
18615.0 80846.0
19912.0 80782.0
20421.0 80746.0
21342.0 80620.0
21708.0 80510.0
24592.0 80035.0
24801.0 79996.0
24820.0 79936.0
27766.0 79935.0
27842.0 79842.0
28763.0 79517.0
31937.0 79516.0
32934.0 79376.0
35187.0 79281.0
43605.0 79125.0
46855.0 79025.0
51026.0 79002.0

17516.0 83633.0
18092.0 82052.0
18545.0 81962.0
18596.0 81131.0
18615.0 80846.0
19912.0 80782.0
20421.0 80746.0
21342.0 80620.0
21708.0 80510.0
24592.0 80035.0
24801.0 79996.0
24820.0 79936.0
27766.0 79935.0
27842.0 79842.0
28763.0 79517.0
31937.0 79516.0
32934.0 79376.0
35187.0 79281.0
43605.0 79125.0
46855.0 79025.0
51026.0 79002.0

17516.0 83633.0
18092.0 82052.0
18545.0 81962.0
18596.0 81131.0
18615.0 80846.0
19912.0 80782.0
20421.0 80746.0
21342.0 80620.0
21708.0 80510.0
24592.0 80035.0
24801.0 79996.0
24820.0 79936.0
27766.0 79935.0
27842.0 79842.0
28763.0 79517.0
31937.0 79516.0
32934.0 79376.0
35187.0 79281.0
43605.0 79125.0
46855.0 79025.0
51026.0 79002.0


