17492.0 86372.0
17516.0 86352.0
17675.0 85759.0
17745.0 85365.0
18016.0 85246.0
18092.0 83475.0
18615.0 81045.0
19946.0 81028.0
20387.0 80916.0
21266.0 80915.0
21342.0 80542.0
21708.0 80162.0
24516.0 80159.0
24592.0 80000.0
25513.0 79594.0
27894.0 79592.0
28687.0 79591.0
28763.0 79407.0
32013.0 79314.0
32934.0 79100.0
36184.0 78922.0
39434.0 78848.0
42608.0 78845.0
42684.0 78821.0
43529.0 78599.0

16290.0 104955.0
16515.0 95651.0
16595.0 89247.0
16956.0 88088.0
17694.0 87910.0
18016.0 87838.0
18092.0 83794.0
18545.0 83384.0
18596.0 81823.0
19505.0 81679.0
21342.0 81290.0
21708.0 81269.0
22263.0 81050.0
24592.0 80429.0
25513.0 80294.0
31937.0 79903.0
32934.0 79800.0
36184.0 79371.0
43529.0 79327.0
46779.0 79043.0
54276.0 78878.0
57450.0 78635.0
63874.0 77944.0

18922.0 100150.0
20112.0 93312.0
25513.0 90936.0
28163.0 88502.0

18922.0 99496.0
20112.0 93312.0
22263.0 92967.0
23950.0 91668.0
25513.0 90807.0
26643.0 89007.0
28163.0 88502.0

17996.0 86817.0
18092.0 81350.0
18545.0 81333.0
18596.0 80674.0
19912.0 80626.0
21266.0 80625.0
21342.0 80373.0
21708.0 80028.0
24516.0 80025.0
24592.0 79933.0
24820.0 79882.0
25513.0 79800.0
27894.0 79593.0
28763.0 79340.0
31937.0 79337.0
32013.0 79228.0
32934.0 79114.0
36184.0 78801.0
40355.0 78574.0
43605.0 78344.0
46855.0 78263.0

16956.0 94851.0
17269.0 89058.0
17492.0 84933.0
18092.0 81548.0
18545.0 81501.0
18596.0 81315.0
18615.0 81121.0
19912.0 81097.0
19946.0 81057.0
21342.0 80513.0
21657.0 80410.0
21708.0 80322.0
24516.0 80214.0
25513.0 79928.0
28763.0 79754.0
31937.0 79636.0
32934.0 79509.0
36184.0 79263.0
44526.0 79165.0
47700.0 79164.0

16956.0 94851.0
17269.0 89058.0
17492.0 84933.0
18092.0 81548.0
18545.0 81501.0
18596.0 81315.0
18615.0 81121.0
19912.0 81097.0
19946.0 81057.0
21342.0 80513.0
21657.0 80410.0
21708.0 80322.0
24516.0 80214.0
25513.0 79928.0
28763.0 79754.0
31937.0 79636.0
32934.0 79509.0
36184.0 79263.0
44526.0 79165.0
47700.0 79164.0

16956.0 94851.0
17269.0 89058.0
17492.0 84933.0
18092.0 81548.0
18545.0 81501.0
18596.0 81315.0
18615.0 81121.0
19912.0 81097.0
19946.0 81057.0
21342.0 80513.0
21657.0 80410.0
21708.0 80322.0
24516.0 80214.0
25513.0 79928.0
28763.0 79754.0
31937.0 79636.0
32934.0 79509.0
36184.0 79263.0
44526.0 79165.0
47700.0 79164.0

16956.0 94851.0
17269.0 89058.0
17492.0 84933.0
18092.0 81548.0
18545.0 81501.0
18596.0 81315.0
18615.0 81121.0
19912.0 81097.0
19946.0 81057.0
21342.0 80513.0
21657.0 80410.0
21708.0 80322.0
24516.0 80214.0
25513.0 79928.0
28763.0 79754.0
31937.0 79636.0
32934.0 79509.0
36184.0 79263.0
44526.0 79165.0
47700.0 79164.0

16956.0 94851.0
17269.0 89058.0
17492.0 84933.0
18092.0 81548.0
18545.0 81501.0
18596.0 81315.0
18615.0 81121.0
19912.0 81097.0
19946.0 81057.0
21342.0 80513.0
21657.0 80410.0
21708.0 80322.0
24516.0 80214.0
25513.0 79928.0
28763.0 79754.0
31937.0 79636.0
32934.0 79509.0
36184.0 79263.0
44526.0 79165.0
47700.0 79164.0

16956.0 94851.0
17269.0 89058.0
17492.0 84933.0
18092.0 81548.0
18545.0 81501.0
18596.0 81315.0
18615.0 81121.0
19912.0 81097.0
19946.0 81057.0
21342.0 80513.0
21657.0 80410.0
21708.0 80322.0
24516.0 80214.0
25513.0 79928.0
28763.0 79754.0
31937.0 79636.0
32934.0 79509.0
36184.0 79263.0
44526.0 79165.0
47700.0 79164.0

16956.0 94851.0
17269.0 89058.0
17492.0 84933.0
18092.0 81548.0
18545.0 81501.0
18596.0 81315.0
18615.0 81121.0
19912.0 81097.0
19946.0 81057.0
21342.0 80513.0
21657.0 80410.0
21708.0 80322.0
24516.0 80214.0
25513.0 79928.0
28763.0 79754.0
31937.0 79636.0
32934.0 79509.0
36184.0 79263.0
44526.0 79165.0
47700.0 79164.0

16956.0 94851.0
17269.0 89058.0
17492.0 84933.0
18092.0 81548.0
18545.0 81501.0
18596.0 81315.0
18615.0 81121.0
19912.0 81097.0
19946.0 81057.0
21342.0 80513.0
21657.0 80410.0
21708.0 80322.0
24516.0 80214.0
25513.0 79928.0
28763.0 79754.0
31937.0 79636.0
32934.0 79509.0
36184.0 79263.0
44526.0 79165.0
47700.0 79164.0

16956.0 94851.0
17269.0 89058.0
17492.0 84933.0
18092.0 81548.0
18545.0 81501.0
18596.0 81315.0
18615.0 81121.0
19912.0 81097.0
19946.0 81057.0
21342.0 80513.0
21657.0 80410.0
21708.0 80322.0
24516.0 80214.0
25513.0 79928.0
28763.0 79754.0
31937.0 79636.0
32934.0 79509.0
36184.0 79263.0
44526.0 79165.0
47700.0 79164.0

16956.0 94851.0
17269.0 89058.0
17492.0 84933.0
18092.0 81548.0
18545.0 81501.0
18596.0 81315.0
18615.0 81121.0
19912.0 81097.0
19946.0 81057.0
21342.0 80513.0
21657.0 80410.0
21708.0 80322.0
24516.0 80214.0
25513.0 79928.0
28763.0 79754.0
31937.0 79636.0
32934.0 79509.0
36184.0 79263.0
44526.0 79165.0
47700.0 79164.0


