16515.0 43467.0
16816.0 41752.0
17345.0 41745.0
17516.0 41383.0
18016.0 41284.0
18092.0 40657.0
18545.0 40635.0
18596.0 40528.0
21342.0 40292.0
21708.0 40080.0
24820.0 40029.0
25513.0 39887.0
28763.0 39761.0
31937.0 39736.0
32934.0 39613.0
40355.0 39367.0
43605.0 39365.0

16023.0 50759.0
16290.0 47029.0
16515.0 45432.0
17095.0 44246.0
18056.0 43363.0
18671.0 43297.0
19313.0 43116.0
19845.0 42203.0
21708.0 41980.0
23880.0 41201.0
24820.0 41129.0
28763.0 41105.0
32858.0 40763.0
63874.0 38972.0

17145.0 49617.0
18016.0 48143.0
18922.0 47519.0
20457.0 46086.0
20742.0 43969.0
21342.0 43322.0
22495.0 42384.0

17145.0 49617.0
18016.0 48143.0
18092.0 45653.0
18545.0 44167.0
18922.0 43658.0
19980.0 43383.0
21342.0 43322.0
22263.0 43189.0
22495.0 42384.0
25485.0 41355.0
32934.0 40535.0

16816.0 41843.0
16956.0 41576.0
17516.0 41182.0
18016.0 41083.0
18092.0 40466.0
18545.0 40444.0
18596.0 40337.0
19912.0 40313.0
21266.0 40310.0
21342.0 40064.0
21708.0 39975.0
24516.0 39972.0
24592.0 39916.0
25513.0 39758.0
27894.0 39757.0
28687.0 39754.0
28763.0 39631.0
31937.0 39628.0
32013.0 39596.0
32934.0 39511.0
36184.0 39385.0
39434.0 39350.0
40355.0 39278.0
43605.0 39152.0
46855.0 39117.0

16515.0 42963.0
16595.0 42014.0
16990.0 41387.0
17516.0 41155.0
18016.0 41074.0
18092.0 40466.0
18545.0 40444.0
18596.0 40337.0
19912.0 40313.0
21266.0 40310.0
21342.0 40064.0
21708.0 39975.0
24516.0 39972.0
24592.0 39940.0
25513.0 39758.0
28687.0 39757.0
28763.0 39632.0
31937.0 39629.0
32934.0 39512.0
39358.0 39474.0
39434.0 39460.0
40355.0 39278.0

16515.0 42963.0
16595.0 42014.0
16956.0 41896.0
16990.0 41387.0
17516.0 41155.0
18016.0 41074.0
18092.0 40466.0
18545.0 40444.0
18596.0 40337.0
19912.0 40313.0
21266.0 40310.0
21342.0 40064.0
21708.0 39975.0
24516.0 39972.0
24592.0 39940.0
25513.0 39758.0
28687.0 39757.0
28763.0 39632.0
31937.0 39629.0
32934.0 39512.0
39358.0 39474.0
39434.0 39460.0
40355.0 39278.0

16515.0 42930.0
16595.0 42014.0
16956.0 41896.0
16990.0 41387.0
17516.0 41155.0
18016.0 41074.0
18092.0 40466.0
18545.0 40444.0
18596.0 40337.0
19912.0 40313.0
21266.0 40310.0
21342.0 40064.0
21708.0 39975.0
24516.0 39972.0
24592.0 39940.0
25513.0 39758.0
27894.0 39757.0
28763.0 39632.0
31937.0 39629.0
32934.0 39511.0
36184.0 39445.0
40355.0 39278.0

16515.0 42963.0
16595.0 42014.0
16990.0 41387.0
17516.0 41155.0
18016.0 41074.0
18092.0 40466.0
18545.0 40444.0
18596.0 40337.0
19912.0 40313.0
21266.0 40310.0
21342.0 40064.0
21708.0 39975.0
24516.0 39972.0
24592.0 39939.0
25513.0 39758.0
28687.0 39757.0
28763.0 39632.0
31937.0 39629.0
32013.0 39596.0
32934.0 39512.0
36184.0 39399.0
40355.0 39278.0

16515.0 42069.0
16595.0 42014.0
16990.0 41387.0
17516.0 41155.0
18016.0 41074.0
18092.0 40466.0
18545.0 40444.0
18596.0 40337.0
19912.0 40313.0
21266.0 40310.0
21342.0 40064.0
21708.0 39975.0
24516.0 39972.0
24592.0 39940.0
25513.0 39758.0
27894.0 39757.0
28763.0 39632.0
31937.0 39629.0
32934.0 39511.0
39358.0 39450.0
40355.0 39278.0

16515.0 42963.0
16595.0 42014.0
16956.0 41896.0
16990.0 41387.0
17516.0 41155.0
18016.0 41074.0
18092.0 40466.0
18545.0 40444.0
18596.0 40337.0
19912.0 40313.0
21266.0 40310.0
21342.0 40064.0
21708.0 39975.0
24516.0 39972.0
24592.0 39940.0
25513.0 39758.0
28687.0 39757.0
28763.0 39632.0
31937.0 39629.0
32934.0 39512.0
36184.0 39466.0
39434.0 39460.0
40355.0 39278.0

16515.0 42184.0
16595.0 41789.0
16990.0 41387.0
17516.0 41155.0
18016.0 41074.0
18092.0 40466.0
18545.0 40444.0
18596.0 40337.0
19912.0 40313.0
21266.0 40310.0
21342.0 40064.0
21708.0 39975.0
24516.0 39972.0
24592.0 39916.0
25513.0 39758.0
28687.0 39757.0
28763.0 39632.0
31937.0 39629.0
32013.0 39596.0
32934.0 39512.0
36184.0 39410.0
40355.0 39278.0

16515.0 42963.0
16595.0 42014.0
16956.0 41896.0
16990.0 41387.0
17516.0 41155.0
18016.0 41074.0
18092.0 40466.0
18545.0 40444.0
18596.0 40337.0
19912.0 40313.0
21266.0 40310.0
21342.0 40064.0
21708.0 39975.0
24516.0 39972.0
24592.0 39939.0
25513.0 39758.0
28687.0 39757.0
28763.0 39632.0
31937.0 39629.0
32013.0 39596.0
32934.0 39512.0
36184.0 39410.0
40355.0 39278.0

16515.0 42069.0
16595.0 42014.0
16956.0 41896.0
16990.0 41387.0
17516.0 41155.0
18016.0 41074.0
18092.0 40466.0
18545.0 40444.0
18596.0 40337.0
19912.0 40313.0
21266.0 40310.0
21342.0 40064.0
21708.0 39975.0
24516.0 39972.0
24592.0 39940.0
25513.0 39758.0
28687.0 39757.0
28763.0 39632.0
31937.0 39629.0
32934.0 39512.0
36184.0 39466.0
39358.0 39463.0
39434.0 39460.0
40355.0 39278.0

16515.0 42963.0
16595.0 42014.0
16816.0 41952.0
16956.0 41841.0
16990.0 41387.0
17516.0 41155.0
18016.0 41074.0
18092.0 40466.0
18545.0 40444.0
18596.0 40337.0
19912.0 40313.0
21266.0 40310.0
21342.0 40064.0
21708.0 39975.0
24516.0 39972.0
24592.0 39916.0
25513.0 39758.0
28687.0 39755.0
28763.0 39631.0
31937.0 39629.0
32013.0 39573.0
32934.0 39512.0
36184.0 39386.0
40355.0 39278.0
43605.0 39152.0


