16290.0 43122.0
16519.0 43059.0
16816.0 41861.0
16956.0 41750.0
16990.0 41452.0
17516.0 41220.0
18016.0 41157.0
18092.0 40747.0
18596.0 40632.0
18615.0 40544.0
19112.0 40509.0
19912.0 40439.0
20345.0 40438.0
20421.0 40403.0
21342.0 40244.0
21708.0 40233.0
24516.0 40203.0
24592.0 40095.0
24820.0 40013.0
25513.0 39758.0
28763.0 39671.0
32013.0 39591.0
32934.0 39551.0
36184.0 39425.0
43605.0 39343.0

15590.0 55631.0
16023.0 51075.0
16419.0 49474.0
16515.0 47935.0
16595.0 46198.0
16816.0 45691.0
16956.0 45312.0
17279.0 44888.0
17492.0 43450.0
18545.0 43226.0
18589.0 42085.0
23240.0 41705.0
24516.0 40600.0
25513.0 40575.0
43029.0 40490.0
63874.0 38972.0

17996.0 49936.0
18016.0 48048.0
19505.0 47431.0
19912.0 45359.0
20142.0 45341.0
24750.0 45167.0
24785.0 44607.0
27062.0 44552.0
28163.0 44436.0
31437.0 42811.0

17492.0 46113.0
18805.0 44936.0
24785.0 44607.0
25513.0 41850.0

16515.0 41507.0
16595.0 41275.0
17095.0 41194.0
17171.0 40744.0
18092.0 40606.0
18545.0 40584.0
18596.0 40337.0
19912.0 40313.0
21266.0 40310.0
21342.0 40064.0
21708.0 39975.0
24516.0 39972.0
24592.0 39915.0
24820.0 39865.0
25513.0 39758.0
28763.0 39631.0
31937.0 39629.0
32013.0 39573.0
32934.0 39549.0
35263.0 39537.0
36184.0 39399.0
39358.0 39396.0
39434.0 39340.0
42684.0 39304.0

16093.0 45874.0
16290.0 43536.0
16515.0 41382.0
16595.0 41150.0
17095.0 41087.0
17171.0 40744.0
18092.0 40466.0
18545.0 40449.0
18596.0 40337.0
19912.0 40313.0
21266.0 40312.0
21342.0 40104.0
21708.0 40015.0
24592.0 39980.0
24820.0 39954.0
25513.0 39758.0
28763.0 39697.0
32934.0 39536.0
36184.0 39464.0
39434.0 39429.0

16093.0 45874.0
16290.0 43536.0
16515.0 41382.0
16595.0 41150.0
17095.0 41087.0
17171.0 40744.0
18092.0 40466.0
18545.0 40449.0
18596.0 40337.0
19912.0 40313.0
21266.0 40312.0
21342.0 40104.0
21708.0 39975.0
24592.0 39939.0
25513.0 39758.0
28763.0 39632.0
31937.0 39631.0
32934.0 39536.0
36184.0 39386.0

16093.0 45469.0
16290.0 43385.0
16515.0 41382.0
16595.0 41150.0
17095.0 41087.0
17171.0 40744.0
18092.0 40466.0
18545.0 40444.0
18596.0 40337.0
19912.0 40313.0
21266.0 40310.0
21342.0 40064.0
21708.0 39975.0
24516.0 39974.0
24592.0 39916.0
25513.0 39758.0
27894.0 39757.0
28763.0 39632.0
31937.0 39631.0
32013.0 39596.0
32934.0 39536.0
36184.0 39410.0
43605.0 39304.0

16093.0 45874.0
16290.0 43536.0
16515.0 41382.0
16595.0 41150.0
17095.0 41069.0
17171.0 40744.0
18092.0 40466.0
18545.0 40449.0
18596.0 40337.0
19912.0 40313.0
21266.0 40312.0
21342.0 40104.0
21708.0 39975.0
24516.0 39974.0
24592.0 39939.0
25513.0 39758.0
28763.0 39632.0
31937.0 39631.0
32013.0 39596.0
32934.0 39536.0
36184.0 39410.0

15590.0 46866.0
16093.0 45414.0
16156.0 42118.0
16515.0 41382.0
16595.0 41150.0
17095.0 41087.0
17171.0 40744.0
18092.0 40466.0
18545.0 40444.0
18596.0 40337.0
19912.0 40313.0
21266.0 40312.0
21342.0 40064.0
21708.0 39975.0
24516.0 39974.0
24592.0 39916.0
25513.0 39758.0
28687.0 39757.0
28763.0 39632.0
31937.0 39631.0
32013.0 39597.0
32934.0 39525.0
36184.0 39410.0

16093.0 45874.0
16290.0 43536.0
16515.0 41382.0
16595.0 41150.0
17095.0 41087.0
17171.0 40744.0
18092.0 40466.0
18545.0 40444.0
18596.0 40337.0
19912.0 40313.0
21266.0 40312.0
21342.0 40104.0
21708.0 39975.0
24592.0 39939.0
25513.0 39758.0
28687.0 39757.0
28763.0 39678.0
32013.0 39642.0
32934.0 39536.0
36184.0 39410.0
43605.0 39388.0

16093.0 45469.0
16156.0 43754.0
16290.0 43330.0
16515.0 41382.0
16595.0 41150.0
17095.0 41087.0
17171.0 40744.0
18092.0 40466.0
18545.0 40444.0
18596.0 40337.0
19912.0 40313.0
21266.0 40312.0
21342.0 40104.0
21708.0 39975.0
24516.0 39974.0
24592.0 39939.0
25513.0 39758.0
28687.0 39757.0
28763.0 39632.0
31937.0 39631.0
32013.0 39596.0
32934.0 39512.0
36184.0 39386.0

16093.0 45874.0
16290.0 43536.0
16515.0 41382.0
16595.0 41150.0
17095.0 41069.0
17171.0 40744.0
18092.0 40466.0
18545.0 40444.0
18596.0 40337.0
19912.0 40313.0
21266.0 40312.0
21342.0 40104.0
21708.0 39975.0
24592.0 39939.0
25513.0 39758.0
28687.0 39757.0
28763.0 39632.0
32013.0 39596.0
32934.0 39512.0
36184.0 39386.0

15590.0 47053.0
16093.0 45349.0
16290.0 43265.0
16515.0 41382.0
16595.0 41150.0
17095.0 41087.0
17171.0 40744.0
18092.0 40466.0
18545.0 40444.0
18596.0 40337.0
19912.0 40313.0
21266.0 40312.0
21342.0 40064.0
21708.0 39975.0
24516.0 39974.0
24592.0 39916.0
25513.0 39758.0
28687.0 39757.0
28763.0 39632.0
31937.0 39631.0
32934.0 39525.0
36184.0 39393.0
40355.0 39303.0
43605.0 39176.0

16093.0 45874.0
16290.0 43330.0
16515.0 41382.0
16595.0 41150.0
17095.0 41087.0
17171.0 40744.0
18092.0 40466.0
18545.0 40444.0
18596.0 40337.0
19912.0 40313.0
21266.0 40310.0
21342.0 40064.0
21708.0 39975.0
24516.0 39974.0
24592.0 39916.0
24820.0 39865.0
25513.0 39758.0
28687.0 39757.0
28763.0 39631.0
32013.0 39573.0
32934.0 39512.0
36184.0 39385.0
40355.0 39303.0
43605.0 39159.0
46855.0 39141.0


