16515.0 53499.0
16726.0 42623.0
16816.0 41366.0
17516.0 41134.0
18016.0 41071.0
18092.0 40602.0
18596.0 40367.0
19912.0 40343.0
21266.0 40340.0
21342.0 40241.0
21708.0 40042.0
25513.0 39854.0
27843.0 39846.0
27894.0 39803.0
28763.0 39728.0
32013.0 39642.0
32934.0 39511.0
36184.0 39496.0

16023.0 49724.0
16745.0 47504.0
16936.0 47085.0
17145.0 46994.0
17223.0 46993.0
17279.0 46924.0
17492.0 46271.0
17977.0 45427.0
17996.0 44223.0
18092.0 44027.0
18513.0 41942.0
23416.0 41926.0
23950.0 41411.0
31937.0 41278.0
32013.0 41193.0
63874.0 38972.0

18092.0 46773.0
19313.0 46099.0
19471.0 45908.0
19946.0 44666.0
22699.0 44490.0
24913.0 44380.0
25792.0 42918.0

16515.0 53499.0
17516.0 45908.0
18513.0 42559.0
20766.0 42528.0
20857.0 42213.0
21708.0 42029.0
24937.0 41967.0

15590.0 46209.0
16070.0 45694.0
16093.0 44757.0
16290.0 43265.0
16816.0 42668.0
16956.0 41965.0
16990.0 41604.0
17171.0 41545.0
17516.0 41209.0
18016.0 41110.0
18092.0 40646.0
18545.0 40629.0
18596.0 40337.0
19912.0 40313.0
21266.0 40310.0
21342.0 40064.0
21708.0 39975.0
24516.0 39972.0
24592.0 39916.0
24820.0 39865.0
25513.0 39758.0
27894.0 39757.0
28763.0 39631.0
31937.0 39629.0
32013.0 39573.0
32934.0 39512.0
36184.0 39386.0
39358.0 39383.0
39434.0 39327.0

16515.0 43052.0
16571.0 41943.0
16816.0 41742.0
16956.0 41631.0
16990.0 41461.0
17171.0 40993.0
18092.0 40531.0
18545.0 40509.0
18596.0 40402.0
19912.0 40378.0
21266.0 40377.0
21342.0 40182.0
21657.0 40171.0
21708.0 39975.0
24516.0 39972.0
24592.0 39916.0
24820.0 39905.0
25513.0 39846.0
28763.0 39672.0
32013.0 39613.0
36184.0 39410.0
50105.0 39351.0
54276.0 39245.0

16023.0 56567.0
16290.0 50144.0
16515.0 42833.0
16571.0 41785.0
16816.0 41681.0
16956.0 41570.0
16990.0 41461.0
17171.0 40835.0
18092.0 40466.0
18545.0 40449.0
18596.0 40337.0
19912.0 40313.0
21342.0 40064.0
21708.0 39975.0
24516.0 39972.0
24592.0 39916.0
24820.0 39865.0
25513.0 39758.0
28763.0 39632.0
32013.0 39613.0
32934.0 39512.0
36184.0 39386.0
43029.0 39375.0
50105.0 39351.0
54276.0 39245.0

16515.0 41267.0
16595.0 41035.0
17095.0 40954.0
17171.0 40768.0
18092.0 40466.0
18545.0 40444.0
18596.0 40337.0
19912.0 40313.0
21266.0 40310.0
21342.0 40064.0
21708.0 39975.0
24516.0 39972.0
24592.0 39916.0
24820.0 39865.0
25513.0 39758.0
27894.0 39757.0
28687.0 39755.0
28763.0 39632.0
32013.0 39573.0
32934.0 39512.0
36184.0 39386.0
39434.0 39327.0
43605.0 39304.0
49529.0 39190.0

16515.0 42833.0
16571.0 41785.0
16816.0 41742.0
16956.0 41631.0
16990.0 41461.0
17171.0 40835.0
18092.0 40466.0
18545.0 40444.0
18596.0 40337.0
19912.0 40313.0
21342.0 40064.0
21708.0 39975.0
24516.0 39972.0
24592.0 39916.0
24820.0 39865.0
25513.0 39758.0
28763.0 39632.0
32013.0 39597.0
32934.0 39512.0
36184.0 39386.0
43029.0 39375.0
50105.0 39351.0
54276.0 39245.0

16515.0 41531.0
16595.0 41299.0
17095.0 41236.0
17171.0 40835.0
18092.0 40466.0
18545.0 40444.0
18596.0 40337.0
19912.0 40313.0
21342.0 40104.0
21708.0 39975.0
24516.0 39972.0
24592.0 39916.0
24820.0 39865.0
25513.0 39758.0
28763.0 39632.0
31937.0 39631.0
32013.0 39573.0
36184.0 39386.0
42684.0 39369.0
50105.0 39351.0
54276.0 39245.0

16515.0 42833.0
16571.0 41785.0
16816.0 41681.0
16956.0 41570.0
16990.0 41461.0
17171.0 40835.0
18092.0 40531.0
18545.0 40509.0
18596.0 40402.0
19912.0 40378.0
21266.0 40377.0
21342.0 40142.0
21708.0 39975.0
24516.0 39972.0
24592.0 39916.0
24820.0 39905.0
25513.0 39836.0
28763.0 39672.0
32013.0 39613.0
36184.0 39410.0
42684.0 39369.0
50105.0 39351.0
54276.0 39245.0

16515.0 41267.0
16595.0 41035.0
17095.0 41021.0
17171.0 40744.0
18092.0 40466.0
18545.0 40444.0
18596.0 40337.0
19912.0 40313.0
21266.0 40312.0
21342.0 40064.0
21708.0 39975.0
24516.0 39972.0
24592.0 39915.0
24820.0 39865.0
25513.0 39758.0
28763.0 39631.0
32013.0 39572.0
32934.0 39549.0
35263.0 39537.0
36184.0 39386.0
39434.0 39350.0
43605.0 39177.0

16515.0 42833.0
16571.0 41785.0
16816.0 41742.0
16956.0 41631.0
16990.0 41461.0
17171.0 40835.0
18092.0 40466.0
18545.0 40444.0
18596.0 40337.0
19912.0 40313.0
21342.0 40064.0
21708.0 39975.0
24516.0 39972.0
24592.0 39916.0
24820.0 39889.0
25513.0 39836.0
28763.0 39672.0
32013.0 39597.0
36184.0 39410.0
42684.0 39369.0
50105.0 39351.0
54276.0 39245.0

16515.0 42991.0
16571.0 41792.0
16816.0 41681.0
16956.0 41570.0
16990.0 41396.0
17171.0 40744.0
18092.0 40466.0
18545.0 40444.0
18596.0 40337.0
19912.0 40313.0
21266.0 40312.0
21342.0 40064.0
21708.0 39975.0
24516.0 39972.0
24592.0 39916.0
24820.0 39889.0
25513.0 39758.0
28763.0 39632.0
31937.0 39631.0
32013.0 39573.0
36184.0 39386.0
42684.0 39369.0
50105.0 39351.0
54276.0 39245.0

16515.0 41267.0
16595.0 41053.0
17095.0 40954.0
17171.0 40744.0
18092.0 40466.0
18545.0 40444.0
18596.0 40337.0
19912.0 40313.0
21266.0 40312.0
21342.0 40064.0
21708.0 39975.0
24516.0 39972.0
24592.0 39915.0
24820.0 39865.0
25513.0 39758.0
28687.0 39757.0
28763.0 39632.0
31937.0 39631.0
32013.0 39573.0
32934.0 39512.0
36184.0 39386.0
39434.0 39350.0
42608.0 39339.0
43605.0 39177.0
46855.0 39117.0
51026.0 39095.0


