16515.0 44025.0
16526.0 43696.0
16726.0 42612.0
16816.0 41662.0
17516.0 41267.0
18016.0 41168.0
18092.0 40646.0
18545.0 40629.0
18596.0 40337.0
19912.0 40313.0
21266.0 40312.0
21342.0 40064.0
21708.0 39975.0
25513.0 39758.0
28763.0 39632.0
32013.0 39573.0
36184.0 39386.0
39434.0 39327.0

16023.0 45196.0
16094.0 45094.0
17745.0 44388.0
18545.0 43621.0
19505.0 42793.0
22263.0 41174.0
35608.0 40569.0
50450.0 40183.0
63874.0 38972.0

18016.0 54904.0
18092.0 47999.0
18596.0 46152.0
21108.0 45758.0
21138.0 45598.0
22020.0 45513.0
22263.0 44164.0
23880.0 43360.0

17746.0 46829.0
18596.0 46152.0
18615.0 45373.0
18922.0 43961.0
22263.0 42978.0

16515.0 42859.0
16816.0 41991.0
16990.0 41423.0
17516.0 41191.0
18016.0 41110.0
18092.0 40466.0
18545.0 40444.0
18596.0 40337.0
19912.0 40313.0
21266.0 40310.0
21342.0 40064.0
21708.0 39975.0
24516.0 39972.0
24592.0 39915.0
24820.0 39865.0
25513.0 39758.0
27894.0 39757.0
28687.0 39755.0
28763.0 39631.0
31937.0 39628.0
32013.0 39572.0
32934.0 39512.0
36184.0 39385.0
39358.0 39384.0
39434.0 39327.0
42608.0 39326.0
42684.0 39291.0

16515.0 41473.0
16595.0 41241.0
17171.0 40835.0
18092.0 40466.0
18545.0 40444.0
18596.0 40337.0
21342.0 40064.0
21708.0 40040.0
24592.0 39980.0
25513.0 39817.0
27894.0 39757.0
28763.0 39696.0
31937.0 39695.0
32013.0 39637.0
32934.0 39511.0
36184.0 39463.0
39434.0 39433.0
40355.0 39303.0
46855.0 39208.0

16515.0 41473.0
16595.0 41241.0
17171.0 40835.0
18092.0 40466.0
18545.0 40444.0
18596.0 40337.0
21266.0 40310.0
21342.0 40064.0
21708.0 39999.0
24516.0 39974.0
24592.0 39934.0
24750.0 39922.0
24820.0 39905.0
25513.0 39758.0
27894.0 39757.0
28763.0 39656.0
32013.0 39637.0
32934.0 39511.0
36184.0 39398.0
40355.0 39303.0
46855.0 39208.0

16515.0 41382.0
16595.0 41150.0
17095.0 41069.0
17171.0 40744.0
18092.0 40466.0
18545.0 40444.0
18596.0 40337.0
19912.0 40313.0
21266.0 40310.0
21342.0 40064.0
21708.0 39975.0
24516.0 39972.0
24592.0 39915.0
24820.0 39889.0
25513.0 39758.0
27894.0 39757.0
28763.0 39632.0
31937.0 39631.0
32013.0 39596.0
32934.0 39511.0
36108.0 39509.0
36184.0 39385.0
39434.0 39350.0
40355.0 39303.0
46855.0 39208.0

16515.0 41382.0
16595.0 41150.0
17095.0 41087.0
17171.0 40835.0
18092.0 40466.0
18545.0 40444.0
18596.0 40337.0
19912.0 40313.0
21266.0 40310.0
21342.0 40064.0
21708.0 39975.0
24516.0 39974.0
24592.0 39915.0
24820.0 39905.0
25513.0 39758.0
27894.0 39757.0
28763.0 39632.0
32013.0 39596.0
32934.0 39511.0
36184.0 39410.0
39434.0 39390.0
40355.0 39303.0
46855.0 39208.0

16515.0 41443.0
16595.0 41211.0
17095.0 41069.0
17171.0 40744.0
18092.0 40466.0
18545.0 40444.0
18596.0 40337.0
19912.0 40313.0
21266.0 40312.0
21342.0 40064.0
21708.0 39975.0
24516.0 39972.0
24592.0 39915.0
25513.0 39758.0
27894.0 39757.0
28763.0 39632.0
32013.0 39596.0
32934.0 39511.0
36184.0 39386.0
39434.0 39369.0
40355.0 39303.0
46855.0 39208.0

16515.0 41473.0
16595.0 41241.0
17171.0 40835.0
18092.0 40466.0
18545.0 40444.0
18596.0 40337.0
19912.0 40313.0
21266.0 40310.0
21342.0 40064.0
21708.0 39975.0
24516.0 39974.0
24592.0 39916.0
24820.0 39905.0
25513.0 39758.0
27894.0 39757.0
28763.0 39696.0
31937.0 39695.0
32013.0 39637.0
32934.0 39511.0
36184.0 39450.0
39434.0 39433.0
40355.0 39303.0
46855.0 39208.0

16515.0 41382.0
16595.0 41150.0
17095.0 41069.0
17171.0 40744.0
18092.0 40466.0
18545.0 40444.0
18596.0 40337.0
19912.0 40313.0
21266.0 40310.0
21342.0 40064.0
21708.0 39975.0
24516.0 39972.0
24592.0 39915.0
24820.0 39889.0
25513.0 39758.0
27894.0 39757.0
28763.0 39632.0
31937.0 39629.0
32013.0 39596.0
32934.0 39511.0
36108.0 39508.0
36184.0 39385.0
39434.0 39326.0
40355.0 39303.0
46855.0 39208.0

16515.0 41382.0
16595.0 41150.0
17095.0 41069.0
17171.0 40744.0
18092.0 40466.0
18545.0 40444.0
18596.0 40337.0
19912.0 40313.0
21266.0 40310.0
21342.0 40064.0
21708.0 39975.0
24516.0 39972.0
24592.0 39915.0
24820.0 39905.0
25513.0 39758.0
27894.0 39757.0
28763.0 39632.0
32013.0 39596.0
32934.0 39511.0
36184.0 39398.0
40355.0 39303.0
46855.0 39208.0

16156.0 43073.0
16495.0 43010.0
16515.0 41382.0
16595.0 41150.0
17095.0 41069.0
17171.0 40744.0
18092.0 40466.0
18545.0 40444.0
18596.0 40337.0
19912.0 40313.0
21266.0 40310.0
21342.0 40064.0
21708.0 39975.0
24516.0 39972.0
24592.0 39915.0
24820.0 39905.0
25513.0 39758.0
27894.0 39757.0
28687.0 39755.0
28763.0 39632.0
32013.0 39596.0
32934.0 39511.0
36108.0 39509.0
36184.0 39385.0
40355.0 39278.0
46855.0 39208.0

16515.0 41382.0
16595.0 41150.0
17095.0 41069.0
17171.0 40805.0
18092.0 40466.0
18545.0 40444.0
18596.0 40337.0
19912.0 40313.0
21266.0 40310.0
21342.0 40064.0
21708.0 39975.0
24516.0 39972.0
24592.0 39915.0
24820.0 39889.0
25513.0 39758.0
27894.0 39757.0
28687.0 39755.0
28763.0 39631.0
31937.0 39629.0
32013.0 39572.0
32934.0 39511.0
36108.0 39509.0
36184.0 39385.0
39434.0 39326.0
40355.0 39278.0
43605.0 39152.0
46855.0 39094.0


