16816.0 41651.0
16990.0 41387.0
17516.0 41155.0
18016.0 41092.0
18092.0 40547.0
18596.0 40337.0
19912.0 40313.0
21266.0 40310.0
21342.0 40187.0
21708.0 39975.0
24592.0 39915.0
24820.0 39865.0
25513.0 39758.0
28763.0 39698.0
32013.0 39572.0
32934.0 39512.0
36184.0 39453.0
39434.0 39326.0
43605.0 39220.0
46855.0 39184.0
50105.0 39058.0

16023.0 48575.0
16515.0 47810.0
17145.0 44258.0
18092.0 43525.0
19505.0 42856.0
20742.0 41998.0
21266.0 41772.0
24016.0 41569.0
28163.0 41557.0
28763.0 41163.0
32013.0 40466.0
63874.0 38972.0

17713.0 50840.0
18596.0 49210.0
18790.0 48904.0
19466.0 46783.0
19505.0 42856.0

17713.0 50840.0
17945.0 48617.0
19466.0 46783.0
19505.0 42856.0

16816.0 41843.0
16990.0 41577.0
17516.0 41182.0
18016.0 41083.0
18092.0 40466.0
18545.0 40444.0
18596.0 40337.0
19912.0 40313.0
21342.0 40064.0
21708.0 39975.0
24516.0 39972.0
24592.0 39916.0
24820.0 39865.0
25513.0 39758.0
27894.0 39757.0
28687.0 39755.0
28763.0 39631.0
31937.0 39629.0
32013.0 39572.0
32934.0 39512.0
36184.0 39385.0
39434.0 39327.0
40355.0 39278.0
43605.0 39152.0
51026.0 39071.0

16515.0 41448.0
16595.0 41053.0
17095.0 40954.0
17171.0 40768.0
18092.0 40702.0
18545.0 40680.0
18596.0 40402.0
19912.0 40378.0
21342.0 40104.0
21708.0 39975.0
24820.0 39924.0
25513.0 39798.0
28763.0 39672.0
32013.0 39573.0
36184.0 39386.0
39434.0 39367.0
43605.0 39153.0
46855.0 39134.0
51026.0 39070.0

16515.0 41448.0
16595.0 41053.0
17095.0 40954.0
17171.0 40768.0
18092.0 40624.0
18545.0 40474.0
18596.0 40337.0
19912.0 40313.0
21266.0 40310.0
21342.0 40064.0
21708.0 39975.0
24516.0 39972.0
24592.0 39939.0
24820.0 39924.0
25513.0 39758.0
27894.0 39757.0
28763.0 39632.0
31937.0 39629.0
32013.0 39573.0
32934.0 39512.0
36184.0 39386.0
39434.0 39367.0
40355.0 39279.0
43605.0 39153.0
46855.0 39134.0
51026.0 39070.0

16515.0 41448.0
16595.0 41053.0
17095.0 40954.0
17171.0 40744.0
18092.0 40466.0
18545.0 40444.0
18596.0 40337.0
19912.0 40313.0
21266.0 40310.0
21342.0 40064.0
21708.0 39975.0
24516.0 39972.0
24592.0 39916.0
24820.0 39865.0
25513.0 39758.0
27894.0 39757.0
28687.0 39755.0
28763.0 39631.0
31937.0 39629.0
32013.0 39573.0
32934.0 39512.0
36184.0 39386.0
39434.0 39350.0
40355.0 39279.0
43605.0 39153.0
46855.0 39134.0
51026.0 39070.0
54276.0 39012.0

16515.0 41358.0
16595.0 41053.0
17095.0 40954.0
17171.0 40768.0
18092.0 40496.0
18545.0 40474.0
18596.0 40337.0
19912.0 40313.0
21266.0 40310.0
21342.0 40064.0
21708.0 39975.0
24516.0 39972.0
24592.0 39916.0
24820.0 39865.0
25513.0 39758.0
28763.0 39632.0
31937.0 39631.0
32013.0 39573.0
32934.0 39512.0
36184.0 39386.0
39434.0 39340.0
40355.0 39279.0
43605.0 39153.0
46855.0 39094.0
51026.0 39070.0
54276.0 39012.0

16515.0 41267.0
16595.0 41035.0
17095.0 40954.0
17171.0 40768.0
18092.0 40466.0
18545.0 40444.0
18596.0 40337.0
19912.0 40313.0
21266.0 40310.0
21342.0 40064.0
21708.0 39975.0
24516.0 39972.0
24592.0 39916.0
24820.0 39865.0
25513.0 39758.0
28687.0 39755.0
28763.0 39631.0
32013.0 39573.0
32934.0 39512.0
36184.0 39386.0
39434.0 39340.0
40355.0 39279.0
43605.0 39153.0
46855.0 39094.0
51026.0 39070.0
54276.0 39012.0

16023.0 51661.0
16515.0 41448.0
16595.0 41053.0
17095.0 40954.0
17171.0 40768.0
18092.0 40496.0
18545.0 40474.0
18596.0 40367.0
19912.0 40343.0
21266.0 40342.0
21342.0 40064.0
21708.0 39975.0
24516.0 39974.0
24592.0 39915.0
24820.0 39884.0
25513.0 39758.0
28763.0 39631.0
32013.0 39572.0
32934.0 39525.0
36184.0 39385.0
39434.0 39367.0
40355.0 39279.0
43605.0 39153.0
46855.0 39134.0
51026.0 39070.0
54276.0 39011.0

16023.0 42943.0
16156.0 41879.0
16515.0 41267.0
16595.0 41035.0
17095.0 40954.0
17171.0 40744.0
18092.0 40466.0
18545.0 40444.0
18596.0 40337.0
19912.0 40313.0
21266.0 40310.0
21342.0 40064.0
21708.0 39975.0
24516.0 39972.0
24592.0 39915.0
24820.0 39884.0
25513.0 39758.0
27894.0 39757.0
28687.0 39755.0
28763.0 39632.0
31937.0 39629.0
32013.0 39572.0
32934.0 39512.0
36184.0 39386.0
39434.0 39367.0
40355.0 39279.0
43605.0 39153.0
46855.0 39134.0
51026.0 39070.0

16515.0 41448.0
16595.0 41053.0
17095.0 40954.0
17171.0 40768.0
18092.0 40496.0
18545.0 40474.0
18596.0 40367.0
19912.0 40343.0
21266.0 40342.0
21342.0 40064.0
21708.0 39975.0
24516.0 39974.0
24592.0 39939.0
24820.0 39924.0
25513.0 39758.0
28763.0 39632.0
31937.0 39631.0
32013.0 39573.0
32934.0 39525.0
36184.0 39386.0
39434.0 39367.0
40355.0 39279.0
43605.0 39153.0
46855.0 39134.0
51026.0 39070.0

16515.0 41267.0
16595.0 41035.0
17095.0 40954.0
17171.0 40768.0
18092.0 40466.0
18545.0 40444.0
18596.0 40337.0
19912.0 40313.0
21266.0 40310.0
21342.0 40064.0
21708.0 39975.0
24516.0 39972.0
24592.0 39916.0
24820.0 39865.0
25513.0 39758.0
27894.0 39757.0
28763.0 39632.0
32013.0 39573.0
32934.0 39512.0
36108.0 39511.0
36184.0 39386.0
39434.0 39350.0
40355.0 39279.0
43605.0 39153.0
46855.0 39134.0
51026.0 39070.0
54276.0 39012.0

16515.0 41267.0
16595.0 41053.0
17095.0 40954.0
17171.0 40768.0
18092.0 40466.0
18545.0 40444.0
18596.0 40337.0
19912.0 40313.0
21266.0 40310.0
21342.0 40064.0
21708.0 39975.0
24516.0 39972.0
24592.0 39916.0
24820.0 39865.0
25513.0 39758.0
27894.0 39757.0
28763.0 39631.0
31937.0 39629.0
32013.0 39572.0
32934.0 39512.0
36184.0 39385.0
39434.0 39327.0
40355.0 39279.0
43605.0 39152.0
46855.0 39093.0
50105.0 39058.0


