16816.0 42423.0
16956.0 42353.0
16990.0 41537.0
17516.0 41305.0
18016.0 41269.0
18092.0 40710.0
18545.0 40693.0
18596.0 40516.0
18615.0 40443.0
19912.0 40343.0
21342.0 40064.0
21708.0 39975.0
24516.0 39974.0
24592.0 39915.0
25513.0 39758.0
27894.0 39757.0
28687.0 39755.0
28763.0 39631.0
32013.0 39572.0
32934.0 39512.0
36184.0 39386.0
39434.0 39344.0
40355.0 39279.0
43605.0 39152.0
51026.0 39070.0

16023.0 49764.0
16515.0 46253.0
17095.0 44917.0
17670.0 44744.0
18092.0 43670.0
18545.0 42661.0
21342.0 42271.0
21708.0 42077.0
22495.0 41924.0
24237.0 41592.0
28163.0 41559.0
28187.0 40729.0
63874.0 38972.0

17713.0 51169.0
17996.0 48660.0
18615.0 46379.0
22699.0 43325.0
38782.0 41229.0

16870.0 44143.0
17923.0 44013.0
18016.0 43907.0
18092.0 43399.0
21108.0 42403.0
21342.0 42304.0
24937.0 41034.0
29684.0 40866.0

16816.0 42577.0
16990.0 41396.0
17516.0 41164.0
18016.0 41101.0
18092.0 40466.0
18545.0 40444.0
18596.0 40337.0
19912.0 40313.0
21266.0 40310.0
21342.0 40064.0
21708.0 39975.0
24516.0 39972.0
24592.0 39915.0
24820.0 39865.0
25513.0 39758.0
27894.0 39757.0
28687.0 39755.0
28763.0 39631.0
31937.0 39629.0
32013.0 39572.0
32934.0 39512.0
36184.0 39385.0
39434.0 39327.0
40355.0 39278.0
43605.0 39152.0
46855.0 39094.0
51026.0 39071.0

16023.0 45623.0
16290.0 43116.0
16515.0 41645.0
16595.0 41259.0
17095.0 41160.0
17171.0 41146.0
18016.0 41083.0
18092.0 40466.0
18545.0 40444.0
18596.0 40337.0
19912.0 40313.0
21266.0 40312.0
21342.0 40064.0
21708.0 39975.0
24592.0 39963.0
24820.0 39924.0
25513.0 39758.0
27894.0 39757.0
28763.0 39632.0
31937.0 39631.0
32934.0 39525.0
36184.0 39515.0
39358.0 39396.0

16023.0 45623.0
16290.0 43116.0
16515.0 41645.0
16595.0 41259.0
17095.0 41160.0
17171.0 41146.0
18016.0 41083.0
18092.0 40466.0
18545.0 40444.0
18596.0 40337.0
19912.0 40313.0
21266.0 40310.0
21342.0 40064.0
21708.0 39975.0
24516.0 39974.0
24592.0 39934.0
24820.0 39905.0
25513.0 39758.0
27894.0 39757.0
28763.0 39632.0
31937.0 39631.0
32013.0 39591.0
32934.0 39525.0
36184.0 39515.0
39358.0 39396.0

16023.0 45562.0
16290.0 43000.0
16515.0 41328.0
16595.0 41053.0
17095.0 40954.0
17171.0 40829.0
18092.0 40466.0
18545.0 40444.0
18596.0 40337.0
19912.0 40313.0
21266.0 40310.0
21342.0 40064.0
21708.0 39975.0
24516.0 39974.0
24592.0 39916.0
24820.0 39905.0
25513.0 39758.0
27894.0 39757.0
28763.0 39632.0
31937.0 39629.0
32013.0 39573.0
32934.0 39512.0
36184.0 39439.0
39358.0 39396.0
39434.0 39380.0

16023.0 45623.0
16290.0 43116.0
16515.0 41645.0
16595.0 41259.0
17095.0 41160.0
17171.0 41007.0
18092.0 40466.0
18545.0 40444.0
18596.0 40337.0
19912.0 40313.0
21266.0 40310.0
21342.0 40064.0
21708.0 39975.0
24516.0 39974.0
24592.0 39916.0
24820.0 39905.0
25513.0 39758.0
27894.0 39757.0
28763.0 39632.0
31937.0 39631.0
32013.0 39591.0
32934.0 39525.0
36108.0 39522.0
36184.0 39515.0
39358.0 39396.0

16023.0 44181.0
16290.0 43000.0
16515.0 41334.0
16595.0 41102.0
17095.0 41021.0
17171.0 40835.0
18092.0 40466.0
18545.0 40444.0
18596.0 40337.0
19912.0 40313.0
21266.0 40310.0
21342.0 40064.0
21708.0 39975.0
24516.0 39974.0
24592.0 39916.0
25513.0 39758.0
27894.0 39757.0
28763.0 39632.0
31937.0 39631.0
32013.0 39591.0
32934.0 39512.0
36184.0 39439.0
39358.0 39396.0

16023.0 45623.0
16290.0 43116.0
16515.0 41645.0
16595.0 41259.0
17095.0 41160.0
17171.0 41146.0
18016.0 41083.0
18092.0 40466.0
18545.0 40444.0
18596.0 40337.0
19912.0 40313.0
21266.0 40312.0
21342.0 40064.0
21708.0 39975.0
24516.0 39974.0
24592.0 39934.0
24820.0 39905.0
25513.0 39758.0
27894.0 39757.0
28763.0 39632.0
31937.0 39631.0
32013.0 39591.0
32934.0 39525.0
36184.0 39515.0
39358.0 39396.0

16023.0 45562.0
16290.0 43000.0
16515.0 41267.0
16595.0 41035.0
17095.0 40954.0
17171.0 40768.0
18092.0 40466.0
18545.0 40444.0
18596.0 40337.0
19912.0 40313.0
21266.0 40312.0
21342.0 40064.0
21708.0 39975.0
24516.0 39974.0
24592.0 39915.0
24820.0 39865.0
25513.0 39758.0
27894.0 39757.0
28763.0 39631.0
31937.0 39630.0
32013.0 39572.0
32934.0 39512.0
36184.0 39385.0
39434.0 39326.0

16023.0 45623.0
16290.0 43116.0
16515.0 41645.0
16595.0 41259.0
17095.0 41160.0
17171.0 41007.0
18092.0 40466.0
18545.0 40444.0
18596.0 40337.0
19912.0 40313.0
21266.0 40312.0
21342.0 40064.0
21708.0 39975.0
24516.0 39974.0
24592.0 39916.0
24820.0 39905.0
25513.0 39758.0
27894.0 39757.0
28763.0 39632.0
31937.0 39631.0
32013.0 39591.0
32934.0 39525.0
36184.0 39515.0
39358.0 39396.0

16023.0 44297.0
16290.0 43000.0
16515.0 41448.0
16595.0 41053.0
17095.0 40954.0
17171.0 40859.0
18092.0 40466.0
18545.0 40444.0
18596.0 40337.0
19912.0 40313.0
21266.0 40310.0
21342.0 40064.0
21708.0 39975.0
24592.0 39934.0
24820.0 39905.0
25513.0 39758.0
27894.0 39757.0
28763.0 39632.0
31937.0 39631.0
32013.0 39591.0
32934.0 39525.0
36184.0 39515.0
39358.0 39396.0

16023.0 43681.0
16156.0 43034.0
16515.0 41448.0
16595.0 41053.0
17095.0 40954.0
17171.0 40859.0
18092.0 40466.0
18545.0 40444.0
18596.0 40337.0
19912.0 40313.0
21266.0 40310.0
21342.0 40064.0
21708.0 39975.0
24516.0 39972.0
24592.0 39915.0
24820.0 39865.0
25513.0 39758.0
27894.0 39757.0
28763.0 39632.0
31937.0 39629.0
32013.0 39572.0
32934.0 39511.0
36184.0 39386.0
39358.0 39385.0
39434.0 39326.0
40355.0 39278.0
43605.0 39153.0
46779.0 39150.0
46855.0 39094.0
50029.0 39091.0
51026.0 39071.0


