seeds 1016 factoryScale1 numberOfIslands5 numberOfReplacement1 notImprovedInARow 3

remove and add nothing
push: 58 pull: 0
Final PF: 
18596.0 40337.0 
18092.0 40466.0 
18545.0 40444.0 
19912.0 40313.0 
21266.0 40310.0 
25513.0 39758.0 
28763.0 39699.0 
32934.0 39524.0 
36184.0 39466.0 
16515.0 41803.0 
16571.0 41718.0 
16595.0 41390.0 
17095.0 41327.0 
17171.0 40768.0 
21708.0 39975.0 
24516.0 39972.0 
21342.0 40064.0 
24592.0 39915.0 
16156.0 44892.0 
32013.0 39645.0 
Remove random   Add new
push: 53 pull: 155
Final PF: 
18596.0 40337.0 
18092.0 40466.0 
18545.0 40444.0 
19912.0 40313.0 
21266.0 40310.0 
25513.0 39758.0 
16515.0 41803.0 
16571.0 41718.0 
16595.0 41390.0 
17095.0 41297.0 
17171.0 40768.0 
21708.0 39975.0 
24516.0 39972.0 
28763.0 39632.0 
21342.0 40064.0 
24592.0 39915.0 
32013.0 39573.0 
32934.0 39512.0 
36184.0 39386.0 
16156.0 44892.0 
Remove random   Add random
push: 21 pull: 106
Final PF: 
18092.0 40466.0 
18545.0 40444.0 
18596.0 40337.0 
19912.0 40313.0 
21266.0 40310.0 
21342.0 40064.0 
25513.0 39758.0 
28687.0 39757.0 
28763.0 39632.0 
31937.0 39631.0 
17095.0 41327.0 
17171.0 40768.0 
24592.0 39915.0 
16515.0 41803.0 
16571.0 41718.0 
16595.0 41390.0 
21708.0 39975.0 
24516.0 39972.0 
32013.0 39573.0 
32934.0 39512.0 
36184.0 39386.0 
16156.0 44892.0 
Remove random   Add best
push: 44 pull: 137
Final PF: 
16515.0 41448.0 
16595.0 41053.0 
17171.0 40768.0 
18596.0 40337.0 
17095.0 40954.0 
18092.0 40466.0 
18545.0 40444.0 
19912.0 40313.0 
21266.0 40310.0 
21342.0 40064.0 
21708.0 39975.0 
24820.0 39889.0 
25513.0 39758.0 
28763.0 39632.0 
32013.0 39573.0 
24516.0 39972.0 
24592.0 39915.0 
32934.0 39512.0 
36184.0 39386.0 
16156.0 44892.0 
Remove random   Add diversity
push: 39 pull: 125
Final PF: 
18092.0 40466.0 
18545.0 40444.0 
18596.0 40337.0 
24820.0 39889.0 
28687.0 39757.0 
32013.0 39597.0 
32934.0 39512.0 
36184.0 39466.0 
16023.0 43829.0 
16156.0 42765.0 
19912.0 40313.0 
21266.0 40310.0 
25513.0 39758.0 
16595.0 41390.0 
17095.0 41327.0 
17171.0 40768.0 
21342.0 40064.0 
21708.0 39975.0 
24516.0 39972.0 
28763.0 39632.0 
16515.0 41622.0 
24592.0 39915.0 
Remove worst   Add new
push: 45 pull: 140
Final PF: 
18596.0 40337.0 
28687.0 39757.0 
18092.0 40466.0 
18545.0 40444.0 
19912.0 40313.0 
21266.0 40310.0 
25513.0 39758.0 
16515.0 41773.0 
16571.0 41718.0 
16595.0 41360.0 
17095.0 41218.0 
17171.0 40768.0 
21708.0 39975.0 
24516.0 39972.0 
21342.0 40064.0 
24592.0 39915.0 
28763.0 39632.0 
32013.0 39572.0 
32934.0 39512.0 
36184.0 39386.0 
40355.0 39385.0 
16156.0 44892.0 
Remove worst   Add random
push: 15 pull: 76
Final PF: 
18092.0 40466.0 
18545.0 40444.0 
18596.0 40337.0 
19912.0 40313.0 
21266.0 40310.0 
21708.0 39975.0 
24516.0 39972.0 
24820.0 39889.0 
28687.0 39757.0 
36184.0 39386.0 
16023.0 43671.0 
16156.0 42607.0 
25513.0 39758.0 
32013.0 39572.0 
40355.0 39279.0 
16515.0 41773.0 
16571.0 41718.0 
16595.0 41360.0 
17095.0 41218.0 
17171.0 40768.0 
21342.0 40064.0 
24592.0 39915.0 
28763.0 39632.0 
32934.0 39512.0 
Remove worst   Add best
push: 40 pull: 132
Final PF: 
16515.0 41448.0 
16595.0 41053.0 
17171.0 40768.0 
18596.0 40337.0 
28687.0 39757.0 
17095.0 40954.0 
18092.0 40466.0 
18545.0 40444.0 
19912.0 40313.0 
21266.0 40310.0 
21342.0 40064.0 
21708.0 39975.0 
25513.0 39758.0 
24516.0 39972.0 
24592.0 39915.0 
28763.0 39632.0 
32013.0 39572.0 
32934.0 39512.0 
36184.0 39386.0 
40355.0 39385.0 
16156.0 44892.0 
Remove worst   Add diversity
push: 31 pull: 111
Final PF: 
16515.0 41267.0 
16595.0 41035.0 
17095.0 40972.0 
18092.0 40466.0 
18545.0 40444.0 
18596.0 40337.0 
28687.0 39757.0 
31937.0 39631.0 
16023.0 43671.0 
16156.0 42607.0 
19912.0 40313.0 
21266.0 40310.0 
25513.0 39758.0 
36184.0 39386.0 
17171.0 40768.0 
21708.0 39975.0 
24516.0 39972.0 
32013.0 39572.0 
21342.0 40064.0 
24592.0 39915.0 
24820.0 39865.0 
28763.0 39632.0 
32934.0 39512.0 
40355.0 39279.0 
linkage migration
push: 14 pull: 66
Final PF: 
18596.0 40337.0 
19912.0 40313.0 
21266.0 40310.0 
21342.0 40064.0 
21708.0 39975.0 
24516.0 39972.0 
25513.0 39758.0 
28763.0 39632.0 
31937.0 39631.0 
32934.0 39512.0 
36184.0 39386.0 
43605.0 39153.0 
18092.0 40466.0 
18545.0 40444.0 
27894.0 39757.0 
32013.0 39573.0 
39434.0 39351.0 
40355.0 39279.0 
46855.0 39118.0 
16515.0 41267.0 
16595.0 41035.0 
17095.0 40954.0 
17171.0 40768.0 
28687.0 39755.0 
24592.0 39915.0 
24820.0 39865.0 
16023.0 42442.0 
16156.0 41999.0 
39358.0 39383.0 



---------------------------------------
Quality Indicator Results: 

for each remove method 
Remove random   


 GD: 
46576.705
46885.717
46633.331
46693.612


 D1R: 
44236.558
44236.558
44236.558
44236.558
DCI: 
0.652
0.739
0.826
0.739


 IGD: 
139.4
128.883
116.445
35.826


 HV: 
0.991
0.991
0.993
1.0


Remove worst   


 GD: 
47128.164
47004.18
47195.256
47212.098


 D1R: 
44236.558
44236.558
44236.558
44236.558
DCI: 
0.667
0.792
0.708
0.958


 IGD: 
134.185
32.034
128.174
0.75


 HV: 
0.99
0.998
0.991
1.0



---------------------------------------
for each add method
Add new


 GD: 
46576.705
47128.164


 D1R: 
44236.558
44236.558
DCI: 
0.758
1.0


 IGD: 
13.633
0.0


 HV: 
1.0
1.0


Add random


 GD: 
46885.717
47004.18


 D1R: 
44236.558
44236.558
DCI: 
0.707
0.96


 IGD: 
104.509
4.009


 HV: 
0.992
1.0


Add best


 GD: 
46633.331
47195.256


 D1R: 
44236.558
44236.558
DCI: 
0.894
0.955


 IGD: 
7.014
10.928


 HV: 
1.0
1.0


Add diversity


 GD: 
46693.612
47212.098


 D1R: 
44236.558
44236.558
DCI: 
0.583
1.0


 IGD: 
54.247
0.0


 HV: 
0.993
1.0



---------------------------------------
 results for all together 

Remove nothing   Add nothing
Remove random   Add new
Remove random   Add random
Remove random   Add best
Remove random   Add diversity
Remove worst   Add new
Remove worst   Add random
Remove worst   Add best
Remove worst   Add diversity
Linkage migration


 GD: 
46587.011
46576.705
46885.717
46633.331
46693.612
47128.164
47004.18
47195.256
47212.098
48653.392


 D1R: 
44236.558
44236.558
44236.558
44236.558
44236.558
44236.558
44236.558
44236.558
44236.558
44236.558
DCI: 
0.379
0.506
0.54
0.54
0.448
0.517
0.552
0.552
0.69
0.989


 IGD: 
766.289
760.425
748.885
754.646
736.061
296.814
263.522
299.045
243.271
0.036


 HV: 
0.975
0.983
0.982
0.984
0.983
0.983
0.993
0.984
0.995
1.0


---------------------------------------
 actions for all together 

58 0
53 155
21 106
44 137
39 125
45 140
15 76
40 132
31 111
14 66

