seeds 1025 factoryScale5 numberOfIslands5 numberOfReplacement1 notImprovedInARow 3

remove and add nothing
push: 58 pull: 0
Final PF: 
17171.0 40768.0 
21342.0 40088.0 
24592.0 40005.0 
25513.0 39847.0 
28687.0 39822.0 
16515.0 41267.0 
16595.0 41035.0 
17095.0 40972.0 
32013.0 39690.0 
36184.0 39628.0 
39358.0 39625.0 
39434.0 39592.0 
18092.0 40466.0 
18545.0 40449.0 
18596.0 40337.0 
19912.0 40313.0 
21266.0 40312.0 
32934.0 39678.0 
21708.0 40040.0 
28763.0 39697.0 
Remove random   Add new
push: 49 pull: 148
Final PF: 
21342.0 40064.0 
21708.0 39975.0 
17171.0 40768.0 
18596.0 40337.0 
19912.0 40313.0 
21266.0 40312.0 
24592.0 39940.0 
25513.0 39758.0 
28763.0 39632.0 
31937.0 39631.0 
32934.0 39512.0 
36108.0 39511.0 
16515.0 41267.0 
16595.0 41035.0 
17095.0 40972.0 
18092.0 40466.0 
18545.0 40449.0 
24516.0 39974.0 
Remove random   Add random
push: 22 pull: 112
Final PF: 
16595.0 41035.0 
17171.0 40768.0 
18092.0 40466.0 
18545.0 40444.0 
18596.0 40337.0 
21266.0 40310.0 
24592.0 39963.0 
24750.0 39946.0 
25513.0 39823.0 
28763.0 39697.0 
16515.0 41267.0 
19912.0 40313.0 
32013.0 39690.0 
17095.0 40954.0 
21342.0 40064.0 
21708.0 39975.0 
24516.0 39974.0 
27894.0 39781.0 
32934.0 39535.0 
36184.0 39496.0 
40355.0 39490.0 
Remove random   Add best
push: 47 pull: 139
Final PF: 
16595.0 41035.0 
17171.0 40768.0 
18092.0 40466.0 
18596.0 40337.0 
19912.0 40313.0 
21342.0 40064.0 
21708.0 39975.0 
25513.0 39758.0 
28763.0 39632.0 
31937.0 39631.0 
32934.0 39512.0 
36108.0 39511.0 
16515.0 41267.0 
17095.0 40972.0 
18545.0 40444.0 
24516.0 39974.0 
24592.0 39939.0 
32013.0 39597.0 
36184.0 39410.0 
21266.0 40310.0 
Remove random   Add diversity
push: 38 pull: 127
Final PF: 
16515.0 41267.0 
16595.0 41035.0 
17171.0 40768.0 
21342.0 40064.0 
21708.0 39975.0 
24516.0 39974.0 
28763.0 39632.0 
32934.0 39629.0 
36184.0 39410.0 
25513.0 39823.0 
28687.0 39822.0 
18092.0 40466.0 
18545.0 40444.0 
18596.0 40337.0 
19912.0 40313.0 
21266.0 40312.0 
17095.0 40954.0 
24592.0 39916.0 
24820.0 39884.0 
31937.0 39631.0 
35263.0 39601.0 
39434.0 39351.0 
42684.0 39315.0 
Remove worst   Add new
push: 53 pull: 153
Final PF: 
21342.0 40064.0 
21708.0 39975.0 
24516.0 39974.0 
32934.0 39629.0 
36184.0 39503.0 
17171.0 40768.0 
25513.0 39847.0 
28687.0 39822.0 
16515.0 41267.0 
16595.0 41035.0 
17095.0 40972.0 
32013.0 39690.0 
18092.0 40466.0 
18545.0 40444.0 
18596.0 40337.0 
19912.0 40313.0 
21266.0 40312.0 
24592.0 39940.0 
28763.0 39697.0 
Remove worst   Add random
push: 21 pull: 99
Final PF: 
16595.0 41035.0 
17171.0 40768.0 
18092.0 40466.0 
18596.0 40337.0 
21266.0 40312.0 
21342.0 40064.0 
21708.0 39975.0 
24516.0 39974.0 
25513.0 39758.0 
28763.0 39632.0 
19912.0 40313.0 
24592.0 39916.0 
28687.0 39757.0 
31937.0 39631.0 
32013.0 39597.0 
32934.0 39512.0 
36108.0 39511.0 
36184.0 39386.0 
16515.0 41267.0 
17095.0 40954.0 
18545.0 40444.0 
Remove worst   Add best
push: 46 pull: 133
Final PF: 
16595.0 41035.0 
17171.0 40768.0 
21342.0 40064.0 
21708.0 39975.0 
24516.0 39974.0 
18092.0 40466.0 
18596.0 40337.0 
19912.0 40313.0 
24592.0 39916.0 
25513.0 39758.0 
28763.0 39632.0 
31937.0 39631.0 
32934.0 39512.0 
36108.0 39511.0 
36184.0 39386.0 
16515.0 41267.0 
17095.0 40972.0 
18545.0 40444.0 
21266.0 40310.0 
Remove worst   Add diversity
push: 33 pull: 121
Final PF: 
21342.0 40064.0 
21708.0 39975.0 
24516.0 39974.0 
28763.0 39632.0 
18596.0 40337.0 
19912.0 40313.0 
25513.0 39758.0 
32013.0 39597.0 
32934.0 39512.0 
36184.0 39386.0 
39358.0 39385.0 
16515.0 41267.0 
16595.0 41035.0 
17095.0 40972.0 
39434.0 39363.0 
17171.0 40744.0 
18092.0 40466.0 
18545.0 40444.0 
24592.0 39916.0 
21266.0 40310.0 
linkage migration
push: 34 pull: 99
Final PF: 
21342.0 40064.0 
21708.0 39975.0 
24516.0 39974.0 
25513.0 39758.0 
32934.0 39512.0 
36184.0 39386.0 
63874.0 38972.0 
17171.0 40768.0 
18092.0 40466.0 
18545.0 40444.0 
18596.0 40337.0 
19912.0 40313.0 
21266.0 40310.0 
24592.0 39916.0 
24820.0 39865.0 
28763.0 39631.0 
36108.0 39511.0 
56453.0 39054.0 
16515.0 41267.0 
16595.0 41035.0 
17095.0 40972.0 
27894.0 39757.0 
31937.0 39630.0 
39358.0 39384.0 
32013.0 39573.0 
39434.0 39351.0 
40355.0 39279.0 
43605.0 39152.0 



---------------------------------------
Quality Indicator Results: 

for each remove method 
Remove random   


 GD: 
46548.601
47150.982
47114.421
47859.82


 D1R: 
44236.558
44236.558
44236.558
44236.558
DCI: 
0.609
0.522
0.783
0.783


 IGD: 
173.786
71.71
160.276
17.894


 HV: 
0.982
0.971
1.0
0.991


Remove worst   


 GD: 
46700.297
47202.975
46912.214
47460.202


 D1R: 
44236.558
44236.558
44236.558
44214.441
DCI: 
0.391
0.826
0.739
0.826


 IGD: 
180.128
145.455
156.616
17.902


 HV: 
0.957
0.999
0.998
1.0



---------------------------------------
for each add method
Add new


 GD: 
46548.601
46700.297


 D1R: 
44236.558
44236.558
DCI: 
0.895
0.737


 IGD: 
0.278
24.646


 HV: 
1.0
0.965


Add random


 GD: 
47150.982
47202.975


 D1R: 
44236.558
44236.558
DCI: 
0.571
0.952


 IGD: 
25.614
193.262


 HV: 
0.97
1.0


Add best


 GD: 
47114.421
46912.214


 D1R: 
44236.558
44236.558
DCI: 
0.9
0.95


 IGD: 
1.15
5.363


 HV: 
1.0
1.0


Add diversity


 GD: 
47859.82
47460.202


 D1R: 
44236.558
44214.441
DCI: 
0.696
0.783


 IGD: 
17.327
156.254


 HV: 
0.984
1.0



---------------------------------------
 results for all together 

Remove nothing   Add nothing
Remove random   Add new
Remove random   Add random
Remove random   Add best
Remove random   Add diversity
Remove worst   Add new
Remove worst   Add random
Remove worst   Add best
Remove worst   Add diversity
Linkage migration


 GD: 
47620.523
46548.601
47150.982
47114.421
47859.82
46700.297
47202.975
46912.214
47460.202
50269.038


 D1R: 
44236.558
44236.558
44236.558
44236.558
44236.558
44236.558
44236.558
44236.558
44214.441
44236.558
DCI: 
0.179
0.44
0.393
0.512
0.476
0.321
0.583
0.583
0.583
0.929


 IGD: 
923.906
1486.157
824.957
1463.999
629.041
1484.926
1458.208
1464.598
871.099
1.556


 HV: 
0.845
0.888
0.889
0.922
0.941
0.88
0.93
0.93
0.937
1.0


---------------------------------------
 actions for all together 

58 0
49 148
22 112
47 139
38 127
53 153
21 99
46 133
33 121
34 99

