seeds 1007 factoryScale10 numberOfIslands5 numberOfReplacement1 notImprovedInARow 3

remove and add nothing
push: 56 pull: 0
Final PF: 
16816.0 41810.0 
18596.0 40337.0 
19912.0 40313.0 
21266.0 40310.0 
21708.0 39975.0 
24516.0 39974.0 
24592.0 39915.0 
25513.0 39758.0 
28763.0 39631.0 
32013.0 39572.0 
16023.0 45018.0 
16156.0 43954.0 
18092.0 40466.0 
18545.0 40449.0 
21342.0 40064.0 
24820.0 39865.0 
35187.0 39570.0 
35263.0 39537.0 
38437.0 39536.0 
39434.0 39391.0 
42684.0 39331.0 
16515.0 42450.0 
16519.0 42387.0 
16595.0 41945.0 
16990.0 41396.0 
17516.0 41164.0 
18016.0 41101.0 
Remove random   Add new
push: 52 pull: 151
Final PF: 
16816.0 41810.0 
18596.0 40337.0 
19912.0 40313.0 
21266.0 40310.0 
21708.0 39975.0 
24516.0 39974.0 
24592.0 39915.0 
25513.0 39758.0 
28763.0 39631.0 
32013.0 39572.0 
16023.0 45018.0 
16156.0 43954.0 
18092.0 40466.0 
18545.0 40449.0 
21342.0 40064.0 
24820.0 39865.0 
35187.0 39570.0 
35263.0 39537.0 
38437.0 39536.0 
39434.0 39391.0 
42684.0 39291.0 
16515.0 42450.0 
16519.0 42387.0 
16595.0 41945.0 
16990.0 41396.0 
17516.0 41164.0 
18016.0 41101.0 
Remove random   Add random
push: 23 pull: 104
Final PF: 
16156.0 43954.0 
16515.0 41334.0 
16595.0 41102.0 
17095.0 41039.0 
18596.0 40337.0 
19912.0 40313.0 
21266.0 40310.0 
21342.0 40064.0 
21708.0 39975.0 
24516.0 39974.0 
24592.0 39915.0 
24820.0 39865.0 
25513.0 39758.0 
28687.0 39757.0 
28763.0 39631.0 
32013.0 39572.0 
35263.0 39537.0 
36184.0 39410.0 
42684.0 39291.0 
16023.0 45018.0 
18092.0 40466.0 
18545.0 40449.0 
35187.0 39570.0 
39434.0 39391.0 
Remove random   Add best
push: 50 pull: 143
Final PF: 
16816.0 41810.0 
16990.0 41396.0 
18596.0 40337.0 
19912.0 40313.0 
21266.0 40310.0 
21708.0 39975.0 
24516.0 39974.0 
24592.0 39915.0 
25513.0 39758.0 
28763.0 39631.0 
32013.0 39572.0 
16023.0 45018.0 
16156.0 43954.0 
18092.0 40466.0 
18545.0 40449.0 
21342.0 40064.0 
24820.0 39865.0 
35187.0 39570.0 
35263.0 39537.0 
38437.0 39536.0 
39434.0 39391.0 
42684.0 39291.0 
16515.0 42450.0 
16519.0 42387.0 
16595.0 41945.0 
17516.0 41164.0 
18016.0 41101.0 
Remove random   Add diversity
push: 35 pull: 120
Final PF: 
18596.0 40337.0 
19912.0 40313.0 
21266.0 40310.0 
21708.0 39975.0 
24516.0 39974.0 
24592.0 39915.0 
25513.0 39758.0 
27894.0 39757.0 
28763.0 39631.0 
32013.0 39572.0 
32934.0 39525.0 
42684.0 39291.0 
16023.0 45018.0 
16122.0 43946.0 
16515.0 41448.0 
16595.0 41053.0 
17095.0 40954.0 
17171.0 40768.0 
18092.0 40466.0 
18545.0 40449.0 
21342.0 40064.0 
24820.0 39865.0 
39434.0 39391.0 
36184.0 39475.0 
Remove worst   Add new
push: 53 pull: 147
Final PF: 
16816.0 41810.0 
18596.0 40337.0 
19912.0 40313.0 
21266.0 40310.0 
21708.0 39975.0 
24516.0 39974.0 
24592.0 39915.0 
25513.0 39758.0 
28763.0 39631.0 
32013.0 39572.0 
16023.0 45018.0 
16156.0 43954.0 
18092.0 40466.0 
18545.0 40444.0 
21342.0 40064.0 
24820.0 39865.0 
35187.0 39570.0 
35263.0 39537.0 
38437.0 39536.0 
39434.0 39391.0 
42684.0 39291.0 
16515.0 42450.0 
16519.0 42387.0 
16595.0 41945.0 
16990.0 41396.0 
17516.0 41164.0 
18016.0 41101.0 
Remove worst   Add random
push: 21 pull: 93
Final PF: 
18545.0 40444.0 
18596.0 40337.0 
19912.0 40313.0 
21266.0 40310.0 
21708.0 39975.0 
24516.0 39974.0 
24592.0 39915.0 
24820.0 39865.0 
25513.0 39758.0 
28763.0 39631.0 
32013.0 39572.0 
32934.0 39525.0 
16122.0 43946.0 
16515.0 41358.0 
16595.0 41126.0 
17095.0 41063.0 
17171.0 40859.0 
18092.0 40466.0 
21342.0 40064.0 
39434.0 39391.0 
42684.0 39291.0 
16023.0 44309.0 
Remove worst   Add best
push: 50 pull: 148
Final PF: 
16816.0 41810.0 
16990.0 41396.0 
18596.0 40337.0 
19912.0 40313.0 
21266.0 40310.0 
21708.0 39975.0 
24516.0 39974.0 
24592.0 39915.0 
25513.0 39758.0 
28763.0 39631.0 
32013.0 39572.0 
16023.0 45018.0 
16156.0 43954.0 
18092.0 40466.0 
18545.0 40444.0 
21342.0 40064.0 
24820.0 39865.0 
35187.0 39570.0 
35263.0 39537.0 
38437.0 39536.0 
39434.0 39391.0 
42684.0 39291.0 
16515.0 42450.0 
16519.0 42387.0 
16595.0 41945.0 
17516.0 41164.0 
18016.0 41101.0 
Remove worst   Add diversity
push: 21 pull: 87
Final PF: 
18596.0 40337.0 
19912.0 40313.0 
21266.0 40310.0 
21708.0 39975.0 
24516.0 39974.0 
24592.0 39915.0 
25513.0 39758.0 
28687.0 39757.0 
28763.0 39631.0 
32013.0 39572.0 
32934.0 39511.0 
17095.0 40954.0 
17171.0 40768.0 
21342.0 40064.0 
24820.0 39865.0 
36184.0 39385.0 
39434.0 39327.0 
42684.0 39291.0 
16023.0 43205.0 
16156.0 42762.0 
18092.0 40466.0 
18545.0 40444.0 
16515.0 41267.0 
16595.0 41035.0 
linkage migration
push: 10 pull: 59
Final PF: 
18596.0 40337.0 
19912.0 40313.0 
21266.0 40310.0 
21342.0 40064.0 
21708.0 39975.0 
24592.0 39915.0 
25513.0 39758.0 
28687.0 39755.0 
28763.0 39631.0 
32013.0 39572.0 
32934.0 39512.0 
36108.0 39509.0 
36184.0 39385.0 
39358.0 39383.0 
43605.0 39152.0 
46855.0 39093.0 
16023.0 42438.0 
16156.0 41995.0 
16595.0 41763.0 
18092.0 40466.0 
18545.0 40444.0 
24820.0 39865.0 
40355.0 39279.0 
16816.0 41651.0 
16990.0 41387.0 
17516.0 41155.0 
18016.0 41074.0 
24516.0 39972.0 
27894.0 39757.0 
31937.0 39630.0 
39434.0 39327.0 



---------------------------------------
Quality Indicator Results: 

for each remove method 
Remove random   


 GD: 
47685.788
48025.982
47685.788
47580.375


 D1R: 
44326.263
44325.708
44326.263
44236.558
DCI: 
0.667
0.75
0.667
0.917


 IGD: 
197.775
90.233
197.775
7.458


 HV: 
0.991
0.998
0.991
1.0


Remove worst   


 GD: 
47685.62
47241.351
47685.62
47469.808


 D1R: 
44326.263
44320.437
44326.263
44236.558
DCI: 
0.583
0.583
0.583
1.0


 IGD: 
221.283
241.218
221.283
0.0


 HV: 
0.982
0.99
0.982
1.0



---------------------------------------
for each add method
Add new


 GD: 
47685.788
47685.62


 D1R: 
44326.263
44326.263
DCI: 
0.963
1.0


 IGD: 
0.185
0.0


 HV: 
1.0
1.0


Add random


 GD: 
48025.982
47241.351


 D1R: 
44325.708
44320.437
DCI: 
0.792
0.792


 IGD: 
64.025
144.55


 HV: 
1.0
1.0


Add best


 GD: 
47685.788
47685.62


 D1R: 
44326.263
44326.263
DCI: 
0.963
1.0


 IGD: 
0.185
0.0


 HV: 
1.0
1.0


Add diversity


 GD: 
47580.375
47469.808


 D1R: 
44236.558
44236.558
DCI: 
0.667
0.958


 IGD: 
96.003
33.042


 HV: 
0.991
1.0



---------------------------------------
 results for all together 

Remove nothing   Add nothing
Remove random   Add new
Remove random   Add random
Remove random   Add best
Remove random   Add diversity
Remove worst   Add new
Remove worst   Add random
Remove worst   Add best
Remove worst   Add diversity
Linkage migration


 GD: 
47686.792
47685.788
48025.982
47685.788
47580.375
47685.62
47241.351
47685.62
47469.808
48750.774


 D1R: 
44326.263
44326.263
44325.708
44326.263
44236.558
44326.263
44320.437
44326.263
44236.558
44326.263
DCI: 
0.367
0.367
0.367
0.367
0.467
0.4
0.4
0.4
0.633
0.856


 IGD: 
302.597
302.362
221.772
302.362
151.508
302.19
408.924
302.19
141.495
68.345


 HV: 
0.983
0.984
0.99
0.984
0.992
0.984
0.991
0.984
0.999
1.0


---------------------------------------
 actions for all together 

56 0
52 151
23 104
50 143
35 120
53 147
21 93
50 148
21 87
10 59

