seeds 1021 factoryScale7 numberOfIslands5 numberOfReplacement1 notImprovedInARow 3

remove and add nothing
push: 56 pull: 0
Final PF: 
32934.0 39525.0 
39434.0 39339.0 
43605.0 39177.0 
46855.0 39117.0 
16256.0 46232.0 
18596.0 40337.0 
19912.0 40313.0 
21266.0 40310.0 
21342.0 40064.0 
21708.0 39975.0 
24516.0 39974.0 
28763.0 39632.0 
36184.0 39386.0 
18092.0 40466.0 
18545.0 40444.0 
24592.0 39916.0 
24820.0 39884.0 
25513.0 39758.0 
32013.0 39573.0 
16515.0 41448.0 
16595.0 41053.0 
17095.0 40954.0 
17171.0 40768.0 
Remove random   Add new
push: 54 pull: 157
Final PF: 
32934.0 39525.0 
39434.0 39339.0 
43605.0 39177.0 
46855.0 39117.0 
16256.0 46232.0 
18596.0 40337.0 
19912.0 40313.0 
21266.0 40310.0 
21342.0 40064.0 
21708.0 39975.0 
24516.0 39974.0 
28763.0 39632.0 
36184.0 39386.0 
18092.0 40466.0 
18545.0 40444.0 
24592.0 39916.0 
24820.0 39884.0 
25513.0 39758.0 
32013.0 39573.0 
16515.0 41448.0 
16595.0 41053.0 
17095.0 40954.0 
17171.0 40768.0 
Remove random   Add random
push: 27 pull: 105
Final PF: 
17095.0 40954.0 
17171.0 40768.0 
18092.0 40466.0 
18545.0 40444.0 
21342.0 40064.0 
21708.0 39975.0 
32934.0 39512.0 
39434.0 39339.0 
43605.0 39177.0 
46855.0 39117.0 
16256.0 46232.0 
16515.0 41448.0 
16595.0 41053.0 
18596.0 40337.0 
19912.0 40313.0 
21266.0 40310.0 
24516.0 39974.0 
25513.0 39758.0 
28763.0 39632.0 
36108.0 39511.0 
36184.0 39386.0 
24592.0 39916.0 
24820.0 39884.0 
32013.0 39573.0 
Remove random   Add best
push: 50 pull: 146
Final PF: 
16595.0 41053.0 
17095.0 40954.0 
39434.0 39339.0 
43605.0 39177.0 
46855.0 39117.0 
16256.0 46232.0 
18596.0 40337.0 
19912.0 40313.0 
21266.0 40310.0 
21342.0 40064.0 
21708.0 39975.0 
24516.0 39974.0 
25513.0 39758.0 
28763.0 39632.0 
32934.0 39512.0 
36108.0 39511.0 
36184.0 39386.0 
16515.0 41448.0 
18092.0 40466.0 
18545.0 40444.0 
24592.0 39916.0 
24820.0 39884.0 
32013.0 39573.0 
17171.0 40768.0 
Remove random   Add diversity
push: 37 pull: 121
Final PF: 
16256.0 46232.0 
39434.0 39326.0 
43605.0 39153.0 
46855.0 39093.0 
18596.0 40337.0 
19912.0 40313.0 
21266.0 40310.0 
21342.0 40064.0 
21708.0 39975.0 
24516.0 39972.0 
25513.0 39758.0 
28763.0 39632.0 
31937.0 39631.0 
32013.0 39573.0 
32934.0 39512.0 
36184.0 39386.0 
16290.0 43500.0 
18092.0 40466.0 
18545.0 40444.0 
24592.0 39916.0 
24820.0 39884.0 
28687.0 39757.0 
16515.0 41267.0 
16595.0 41035.0 
17095.0 40954.0 
17171.0 40768.0 
Remove worst   Add new
push: 46 pull: 119
Final PF: 
32934.0 39512.0 
36184.0 39386.0 
39434.0 39339.0 
40355.0 39279.0 
43605.0 39153.0 
46855.0 39117.0 
16256.0 46232.0 
18092.0 40466.0 
18545.0 40444.0 
18596.0 40337.0 
19912.0 40313.0 
21266.0 40310.0 
21342.0 40064.0 
21708.0 39975.0 
24516.0 39974.0 
25513.0 39758.0 
28763.0 39632.0 
31937.0 39631.0 
24592.0 39916.0 
24820.0 39884.0 
32013.0 39573.0 
16515.0 41448.0 
16595.0 41053.0 
17095.0 40954.0 
17171.0 40768.0 
Remove worst   Add random
push: 26 pull: 92
Final PF: 
17171.0 40768.0 
18092.0 40466.0 
18596.0 40337.0 
19912.0 40313.0 
24592.0 39916.0 
25513.0 39758.0 
32934.0 39512.0 
36184.0 39386.0 
39434.0 39339.0 
40355.0 39279.0 
43605.0 39153.0 
46855.0 39117.0 
16256.0 46232.0 
18545.0 40444.0 
21266.0 40310.0 
21342.0 40064.0 
21708.0 39975.0 
24516.0 39974.0 
28763.0 39632.0 
31937.0 39631.0 
16515.0 41267.0 
17095.0 40954.0 
24820.0 39884.0 
32013.0 39573.0 
16595.0 41035.0 
Remove worst   Add best
push: 41 pull: 117
Final PF: 
16595.0 41035.0 
32934.0 39512.0 
36108.0 39511.0 
36184.0 39386.0 
39434.0 39339.0 
40355.0 39279.0 
43605.0 39153.0 
46855.0 39117.0 
16256.0 46232.0 
18092.0 40466.0 
18545.0 40444.0 
18596.0 40337.0 
19912.0 40313.0 
21266.0 40310.0 
21342.0 40064.0 
21708.0 39975.0 
24516.0 39974.0 
25513.0 39758.0 
28763.0 39632.0 
31937.0 39631.0 
16515.0 41267.0 
17171.0 40768.0 
24592.0 39916.0 
24820.0 39884.0 
32013.0 39573.0 
17095.0 40954.0 
Remove worst   Add diversity
push: 27 pull: 98
Final PF: 
16256.0 46232.0 
16290.0 43500.0 
32934.0 39512.0 
36184.0 39386.0 
39434.0 39339.0 
40355.0 39279.0 
43605.0 39153.0 
46855.0 39117.0 
18092.0 40466.0 
18545.0 40444.0 
18596.0 40337.0 
19912.0 40313.0 
21266.0 40310.0 
21342.0 40064.0 
21708.0 39975.0 
24516.0 39972.0 
25513.0 39758.0 
28763.0 39632.0 
31937.0 39631.0 
32013.0 39573.0 
24592.0 39916.0 
24820.0 39884.0 
16515.0 41267.0 
16595.0 41035.0 
17095.0 40954.0 
17171.0 40768.0 
28687.0 39757.0 
linkage migration
push: 18 pull: 75
Final PF: 
16023.0 42375.0 
16156.0 41932.0 
19912.0 40313.0 
32934.0 39512.0 
39434.0 39339.0 
40355.0 39303.0 
43605.0 39153.0 
46855.0 39117.0 
18092.0 40466.0 
18545.0 40444.0 
18596.0 40337.0 
21266.0 40310.0 
21342.0 40064.0 
21708.0 39975.0 
24516.0 39972.0 
25513.0 39758.0 
28687.0 39755.0 
28763.0 39632.0 
32013.0 39573.0 
39358.0 39383.0 
24592.0 39915.0 
24820.0 39884.0 
27894.0 39757.0 
36184.0 39385.0 
16515.0 41334.0 
31937.0 39628.0 
16595.0 41053.0 
17095.0 40954.0 
17171.0 40768.0 



---------------------------------------
Quality Indicator Results: 

for each remove method 
Remove random   


 GD: 
48231.67
48451.802
48451.802
48287.132


 D1R: 
44236.558
44236.558
44236.558
44236.558
DCI: 
0.593
0.667
0.667
0.963


 IGD: 
100.129
94.229
94.229
6.307


 HV: 
0.996
0.996
0.996
1.0


Remove worst   


 GD: 
48660.604
48653.212
48840.582
48585.366


 D1R: 
44236.558
44236.558
44236.558
44236.558
DCI: 
0.786
0.857
0.893
0.964


 IGD: 
91.353
90.675
85.45
5.225


 HV: 
0.997
0.997
0.997
1.0



---------------------------------------
for each add method
Add new


 GD: 
48231.67
48660.604


 D1R: 
44236.558
44236.558
DCI: 
0.84
1.0


 IGD: 
42.222
0.0


 HV: 
0.998
1.0


Add random


 GD: 
48451.802
48653.212


 D1R: 
44236.558
44236.558
DCI: 
0.808
0.962


 IGD: 
47.752
5.627


 HV: 
0.999
1.0


Add best


 GD: 
48451.802
48840.582


 D1R: 
44236.558
44236.558
DCI: 
0.808
1.0


 IGD: 
47.752
0.0


 HV: 
0.999
1.0


Add diversity


 GD: 
48287.132
48585.366


 D1R: 
44236.558
44236.558
DCI: 
0.963
0.926


 IGD: 
34.155
1.37


 HV: 
0.999
1.0



---------------------------------------
 results for all together 

Remove nothing   Add nothing
Remove random   Add new
Remove random   Add random
Remove random   Add best
Remove random   Add diversity
Remove worst   Add new
Remove worst   Add random
Remove worst   Add best
Remove worst   Add diversity
Linkage migration


 GD: 
48231.67
48231.67
48451.802
48451.802
48287.132
48660.604
48653.212
48840.582
48585.366
48652.508


 D1R: 
44236.558
44236.558
44236.558
44236.558
44236.558
44236.558
44236.558
44236.558
44236.558
44236.558
DCI: 
0.478
0.478
0.544
0.544
0.711
0.578
0.644
0.678
0.678
0.8


 IGD: 
140.083
140.083
134.773
134.773
129.182
105.057
108.956
104.08
99.436
9.772


 HV: 
0.988
0.988
0.989
0.989
0.993
0.99
0.99
0.99
0.993
1.0


---------------------------------------
 actions for all together 

56 0
54 157
27 105
50 146
37 121
46 119
26 92
41 117
27 98
18 75

