seeds 1023 factoryScale4 numberOfIslands5 numberOfReplacement1 notImprovedInARow 3

remove and add nothing
push: 59 pull: 0
Final PF: 
16990.0 41568.0 
17516.0 41173.0 
18016.0 41074.0 
21342.0 40064.0 
21708.0 39975.0 
24516.0 39972.0 
24820.0 39905.0 
28763.0 39632.0 
31937.0 39629.0 
42608.0 39347.0 
16816.0 41612.0 
36108.0 39508.0 
18092.0 40466.0 
18545.0 40444.0 
18596.0 40337.0 
19912.0 40313.0 
21266.0 40310.0 
24592.0 39916.0 
25513.0 39758.0 
28687.0 39757.0 
32013.0 39573.0 
32934.0 39525.0 
36184.0 39399.0 
16515.0 43506.0 
16571.0 42556.0 
Remove random   Add new
push: 55 pull: 165
Final PF: 
16990.0 41568.0 
17516.0 41173.0 
18016.0 41074.0 
21342.0 40064.0 
21708.0 39975.0 
24516.0 39972.0 
24592.0 39916.0 
24820.0 39889.0 
28763.0 39632.0 
31937.0 39629.0 
42608.0 39347.0 
16816.0 41612.0 
32934.0 39511.0 
36108.0 39508.0 
18092.0 40466.0 
18545.0 40444.0 
18596.0 40337.0 
19912.0 40313.0 
21266.0 40310.0 
25513.0 39758.0 
28687.0 39757.0 
32013.0 39573.0 
36184.0 39399.0 
16515.0 43506.0 
16571.0 42556.0 
Remove random   Add random
push: 22 pull: 113
Final PF: 
16990.0 41568.0 
18596.0 40337.0 
21266.0 40310.0 
21342.0 40064.0 
21708.0 39975.0 
24516.0 39972.0 
24820.0 39865.0 
25513.0 39758.0 
28763.0 39632.0 
31937.0 39629.0 
36108.0 39508.0 
16515.0 43165.0 
16816.0 41612.0 
19912.0 40313.0 
24592.0 39915.0 
32934.0 39511.0 
18092.0 40466.0 
18545.0 40444.0 
28687.0 39757.0 
32013.0 39573.0 
36184.0 39399.0 
16571.0 41785.0 
17171.0 40744.0 
40355.0 39303.0 
Remove random   Add best
push: 49 pull: 150
Final PF: 
16816.0 41431.0 
17516.0 41173.0 
18016.0 41074.0 
21342.0 40064.0 
21708.0 39975.0 
24516.0 39972.0 
24820.0 39905.0 
28763.0 39632.0 
31937.0 39629.0 
42608.0 39347.0 
32934.0 39511.0 
36108.0 39508.0 
18092.0 40466.0 
18545.0 40444.0 
18596.0 40337.0 
19912.0 40313.0 
21266.0 40310.0 
24592.0 39916.0 
25513.0 39758.0 
28687.0 39757.0 
32013.0 39573.0 
36184.0 39399.0 
16515.0 43506.0 
16571.0 42556.0 
Remove random   Add diversity
push: 37 pull: 129
Final PF: 
21342.0 40064.0 
21708.0 39975.0 
24516.0 39972.0 
28763.0 39632.0 
31937.0 39629.0 
36184.0 39399.0 
16515.0 41515.0 
16595.0 41120.0 
17095.0 41021.0 
27894.0 39757.0 
28687.0 39754.0 
32934.0 39511.0 
36108.0 39508.0 
18092.0 40466.0 
18545.0 40444.0 
18596.0 40337.0 
19912.0 40313.0 
21266.0 40310.0 
24592.0 39916.0 
25513.0 39758.0 
32013.0 39573.0 
40355.0 39303.0 
24820.0 39865.0 
Remove worst   Add new
push: 49 pull: 145
Final PF: 
16990.0 41568.0 
17516.0 41173.0 
18016.0 41074.0 
21342.0 40064.0 
21708.0 39975.0 
24516.0 39972.0 
24592.0 39916.0 
24820.0 39865.0 
28763.0 39632.0 
31937.0 39629.0 
42684.0 39291.0 
16816.0 41612.0 
32934.0 39511.0 
36108.0 39508.0 
18092.0 40466.0 
18545.0 40444.0 
18596.0 40337.0 
19912.0 40313.0 
21266.0 40310.0 
25513.0 39758.0 
28687.0 39757.0 
32013.0 39573.0 
36184.0 39399.0 
39434.0 39340.0 
40355.0 39303.0 
43605.0 39244.0 
16515.0 43506.0 
16571.0 42556.0 
Remove worst   Add random
push: 20 pull: 91
Final PF: 
21342.0 40064.0 
21708.0 39975.0 
24516.0 39972.0 
24820.0 39865.0 
28763.0 39632.0 
31937.0 39629.0 
36184.0 39386.0 
42684.0 39291.0 
43605.0 39244.0 
16515.0 41515.0 
16595.0 41120.0 
17095.0 41021.0 
27894.0 39757.0 
32013.0 39573.0 
32934.0 39511.0 
36108.0 39508.0 
18092.0 40466.0 
18545.0 40444.0 
18596.0 40337.0 
19912.0 40313.0 
21266.0 40310.0 
25513.0 39758.0 
39434.0 39340.0 
24592.0 39915.0 
40355.0 39303.0 
Remove worst   Add best
push: 44 pull: 134
Final PF: 
16816.0 41366.0 
17516.0 41134.0 
21342.0 40064.0 
21708.0 39975.0 
24516.0 39972.0 
24592.0 39916.0 
24820.0 39865.0 
28763.0 39632.0 
31937.0 39629.0 
42684.0 39291.0 
32934.0 39511.0 
36108.0 39508.0 
18016.0 41053.0 
18092.0 40466.0 
18545.0 40444.0 
18596.0 40337.0 
19912.0 40313.0 
21266.0 40310.0 
25513.0 39758.0 
28687.0 39757.0 
32013.0 39573.0 
36184.0 39399.0 
39358.0 39398.0 
39434.0 39340.0 
40355.0 39303.0 
43605.0 39244.0 
16515.0 43506.0 
16571.0 42556.0 
Remove worst   Add diversity
push: 25 pull: 97
Final PF: 
21342.0 40064.0 
21708.0 39975.0 
24516.0 39972.0 
24592.0 39916.0 
24820.0 39865.0 
28763.0 39632.0 
31937.0 39629.0 
36184.0 39386.0 
39434.0 39340.0 
42684.0 39291.0 
16515.0 41515.0 
16595.0 41120.0 
17095.0 41021.0 
28687.0 39754.0 
32934.0 39511.0 
36108.0 39508.0 
18092.0 40466.0 
18545.0 40444.0 
18596.0 40337.0 
19912.0 40313.0 
21266.0 40310.0 
25513.0 39758.0 
32013.0 39573.0 
27894.0 39757.0 
40355.0 39302.0 
43605.0 39177.0 
46855.0 39118.0 
linkage migration
push: 22 pull: 87
Final PF: 
18092.0 40466.0 
18545.0 40444.0 
18596.0 40337.0 
19912.0 40313.0 
21266.0 40310.0 
21342.0 40064.0 
21708.0 39975.0 
24516.0 39972.0 
24592.0 39915.0 
25513.0 39758.0 
27894.0 39757.0 
31937.0 39629.0 
36184.0 39386.0 
16515.0 41267.0 
16595.0 41035.0 
17095.0 40954.0 
17171.0 40768.0 
24820.0 39865.0 
36108.0 39508.0 
46855.0 39230.0 
28687.0 39755.0 
32934.0 39512.0 
39434.0 39327.0 
43605.0 39244.0 
54276.0 39036.0 
16023.0 42375.0 
16156.0 41932.0 
32013.0 39572.0 
43529.0 39277.0 
28763.0 39631.0 
40355.0 39278.0 



---------------------------------------
Quality Indicator Results: 

for each remove method 
Remove random   


 GD: 
47619.253
47599.072
47725.877
47792.847


 D1R: 
44326.263
44214.441
44326.263
44326.263
DCI: 
0.653
0.792
0.653
0.944


 IGD: 
205.339
79.097
199.274
12.01


 HV: 
0.988
0.998
0.989
1.0


Remove worst   


 GD: 
48613.441
48903.276
48988.43
49355.509


 D1R: 
44326.263
44326.263
44326.263
44326.263
DCI: 
0.679
0.877
0.679
0.988


 IGD: 
83.892
8.144
76.171
0.038


 HV: 
0.99
0.998
0.991
1.0



---------------------------------------
for each add method
Add new


 GD: 
47619.253
48613.441


 D1R: 
44326.263
44326.263
DCI: 
0.821
1.0


 IGD: 
205.402
0.0


 HV: 
0.997
1.0


Add random


 GD: 
47599.072
48903.276


 D1R: 
44214.441
44326.263
DCI: 
0.692
0.962


 IGD: 
206.365
11.489


 HV: 
0.997
1.0


Add best


 GD: 
47725.877
48988.43


 D1R: 
44326.263
44326.263
DCI: 
0.679
1.0


 IGD: 
328.179
0.0


 HV: 
0.996
1.0


Add diversity


 GD: 
47792.847
49355.509


 D1R: 
44326.263
44326.263
DCI: 
0.802
1.0


 IGD: 
250.662
0.0


 HV: 
0.991
1.0



---------------------------------------
 results for all together 

Remove nothing   Add nothing
Remove random   Add new
Remove random   Add random
Remove random   Add best
Remove random   Add diversity
Remove worst   Add new
Remove worst   Add random
Remove worst   Add best
Remove worst   Add diversity
Linkage migration


 GD: 
47620.227
47619.253
47599.072
47725.877
47792.847
48613.441
48903.276
48988.43
49355.509
49492.418


 D1R: 
44326.263
44326.263
44214.441
44326.263
44326.263
44326.263
44326.263
44326.263
44326.263
44236.558
DCI: 
0.419
0.452
0.527
0.452
0.548
0.484
0.559
0.484
0.645
0.882


 IGD: 
529.791
528.791
574.368
520.54
534.637
255.456
191.122
242.408
77.108
6.833


 HV: 
0.975
0.976
0.986
0.976
0.987
0.986
0.992
0.987
1.0
1.0


---------------------------------------
 actions for all together 

59 0
55 165
22 113
49 150
37 129
49 145
20 91
44 134
25 97
22 87

