seeds 1001 factoryScale5 numberOfIslands5 numberOfReplacement1 notImprovedInARow 3

remove and add nothing
push: 58 pull: 0
Final PF: 
18092.0 40466.0 
18545.0 40444.0 
18596.0 40337.0 
19912.0 40313.0 
21266.0 40312.0 
21342.0 40064.0 
21708.0 39975.0 
24516.0 39974.0 
24592.0 39915.0 
27894.0 39781.0 
32013.0 39572.0 
16990.0 41387.0 
17516.0 41155.0 
18016.0 41074.0 
28763.0 39632.0 
16515.0 42262.0 
16816.0 41662.0 
32934.0 39525.0 
36184.0 39399.0 
43605.0 39384.0 
16290.0 48551.0 
16480.0 46826.0 
16494.0 45882.0 
25513.0 39782.0 
Remove random   Add new
push: 56 pull: 160
Final PF: 
18092.0 40466.0 
18545.0 40444.0 
18596.0 40337.0 
19912.0 40313.0 
21266.0 40312.0 
21342.0 40064.0 
21708.0 39975.0 
24516.0 39974.0 
24592.0 39915.0 
27894.0 39781.0 
32013.0 39572.0 
16990.0 41387.0 
17516.0 41155.0 
18016.0 41074.0 
28763.0 39632.0 
16515.0 42262.0 
16816.0 41662.0 
32934.0 39525.0 
36184.0 39399.0 
43605.0 39384.0 
16290.0 48551.0 
16480.0 46826.0 
16494.0 45882.0 
25513.0 39782.0 
Remove random   Add random
push: 23 pull: 106
Final PF: 
16494.0 45444.0 
16515.0 42262.0 
16595.0 41867.0 
18092.0 40466.0 
18545.0 40444.0 
18596.0 40337.0 
19912.0 40313.0 
21266.0 40312.0 
21342.0 40064.0 
21708.0 39975.0 
24516.0 39974.0 
24592.0 39915.0 
27894.0 39781.0 
28763.0 39632.0 
32013.0 39572.0 
32934.0 39525.0 
16023.0 49997.0 
16094.0 46276.0 
17516.0 41155.0 
16816.0 41662.0 
16990.0 41387.0 
18016.0 41074.0 
36184.0 39399.0 
43605.0 39384.0 
25513.0 39782.0 
Remove random   Add best
push: 48 pull: 144
Final PF: 
16990.0 41387.0 
18092.0 40466.0 
18545.0 40444.0 
18596.0 40337.0 
19912.0 40313.0 
21266.0 40312.0 
21342.0 40064.0 
21708.0 39975.0 
24516.0 39974.0 
24592.0 39915.0 
27894.0 39781.0 
32013.0 39572.0 
16956.0 41567.0 
17516.0 41155.0 
25513.0 39782.0 
28687.0 39757.0 
28763.0 39632.0 
31937.0 39631.0 
18016.0 41074.0 
16515.0 42262.0 
16595.0 41867.0 
16816.0 41662.0 
32934.0 39525.0 
36184.0 39399.0 
43605.0 39384.0 
16290.0 48551.0 
16480.0 46826.0 
16494.0 45882.0 
Remove random   Add diversity
push: 41 pull: 136
Final PF: 
16290.0 48551.0 
18016.0 41074.0 
18092.0 40466.0 
18545.0 40444.0 
18596.0 40337.0 
19912.0 40313.0 
21266.0 40312.0 
21342.0 40064.0 
21708.0 39975.0 
24516.0 39974.0 
24592.0 39915.0 
24820.0 39865.0 
25513.0 39758.0 
32013.0 39572.0 
32934.0 39525.0 
36184.0 39399.0 
42532.0 39382.0 
16023.0 49997.0 
16515.0 42262.0 
16990.0 41387.0 
17516.0 41155.0 
28763.0 39632.0 
31937.0 39629.0 
16595.0 42172.0 
16816.0 41662.0 
16480.0 46826.0 
16494.0 45882.0 
Remove worst   Add new
push: 49 pull: 133
Final PF: 
17516.0 41155.0 
18016.0 41074.0 
18092.0 40466.0 
18545.0 40444.0 
18596.0 40337.0 
19912.0 40313.0 
21266.0 40310.0 
21342.0 40064.0 
21708.0 39975.0 
24516.0 39972.0 
24592.0 39915.0 
27894.0 39781.0 
28763.0 39632.0 
32013.0 39572.0 
16990.0 41387.0 
16515.0 42262.0 
16595.0 41867.0 
16816.0 41662.0 
32934.0 39525.0 
36184.0 39399.0 
43605.0 39384.0 
16290.0 48551.0 
16480.0 46826.0 
16494.0 45882.0 
25513.0 39782.0 
Remove worst   Add random
push: 21 pull: 95
Final PF: 
16290.0 48551.0 
16494.0 45882.0 
17516.0 41155.0 
18016.0 41074.0 
18092.0 40466.0 
18545.0 40444.0 
18596.0 40337.0 
19912.0 40313.0 
21266.0 40310.0 
21342.0 40064.0 
21708.0 39975.0 
24516.0 39972.0 
24592.0 39915.0 
27894.0 39781.0 
28763.0 39632.0 
32013.0 39572.0 
16816.0 41662.0 
16990.0 41387.0 
25513.0 39782.0 
31937.0 39631.0 
16515.0 42262.0 
16595.0 41867.0 
32934.0 39525.0 
36184.0 39399.0 
43605.0 39384.0 
16480.0 46826.0 
Remove worst   Add best
push: 41 pull: 138
Final PF: 
16595.0 41867.0 
16816.0 41662.0 
16990.0 41387.0 
17516.0 41155.0 
18016.0 41074.0 
18092.0 40466.0 
18545.0 40444.0 
18596.0 40337.0 
19912.0 40313.0 
21266.0 40310.0 
21342.0 40064.0 
21708.0 39975.0 
24516.0 39972.0 
24592.0 39915.0 
27894.0 39781.0 
28763.0 39632.0 
32013.0 39572.0 
16515.0 42262.0 
25513.0 39782.0 
31937.0 39631.0 
32934.0 39525.0 
36184.0 39399.0 
43605.0 39384.0 
16290.0 48551.0 
16480.0 46826.0 
16494.0 45882.0 
Remove worst   Add diversity
push: 35 pull: 115
Final PF: 
16290.0 48551.0 
18092.0 40466.0 
18545.0 40444.0 
18596.0 40337.0 
19912.0 40313.0 
21342.0 40064.0 
21708.0 39975.0 
24516.0 39974.0 
24592.0 39915.0 
24820.0 39889.0 
32013.0 39572.0 
36184.0 39399.0 
16023.0 49997.0 
28763.0 39632.0 
32934.0 39525.0 
21266.0 40310.0 
25513.0 39758.0 
16515.0 41515.0 
16595.0 41120.0 
17095.0 41021.0 
43605.0 39384.0 
16480.0 46826.0 
16494.0 45882.0 
linkage migration
push: 31 pull: 114
Final PF: 
18092.0 40466.0 
18545.0 40444.0 
18596.0 40337.0 
19912.0 40313.0 
21342.0 40064.0 
21708.0 39975.0 
24516.0 39974.0 
24592.0 39915.0 
24820.0 39865.0 
25513.0 39758.0 
32013.0 39572.0 
32934.0 39525.0 
43605.0 39317.0 
46855.0 39245.0 
16816.0 41481.0 
39434.0 39326.0 
16990.0 41387.0 
17516.0 41155.0 
18016.0 41074.0 
21266.0 40310.0 
28763.0 39632.0 
36184.0 39399.0 
39358.0 39385.0 
16515.0 42262.0 
16595.0 41867.0 
16290.0 48551.0 
16480.0 46826.0 
16494.0 45882.0 



---------------------------------------
Quality Indicator Results: 

for each remove method 
Remove random   


 GD: 
47586.572
47493.838
47568.929
47716.893


 D1R: 
44326.263
44326.263
44326.263
44326.263
DCI: 
0.643
0.786
0.75
0.821


 IGD: 
122.83
23.854
97.476
96.049


 HV: 
0.995
1.0
0.996
0.996


Remove worst   


 GD: 
47484.41
47615.695
47615.695
47904.121


 D1R: 
44326.263
44326.263
44326.263
44326.263
DCI: 
0.708
0.75
0.75
0.917


 IGD: 
125.527
121.518
121.518
4.092


 HV: 
0.998
0.998
0.998
1.0



---------------------------------------
for each add method
Add new


 GD: 
47586.572
47484.41


 D1R: 
44326.263
44326.263
DCI: 
0.88
1.0


 IGD: 
12.218
0.0


 HV: 
1.0
1.0


Add random


 GD: 
47493.838
47615.695


 D1R: 
44326.263
44326.263
DCI: 
0.885
0.885


 IGD: 
3.854
94.996


 HV: 
1.0
0.996


Add best


 GD: 
47568.929
47615.695


 D1R: 
44326.263
44326.263
DCI: 
0.929
0.929


 IGD: 
0.143
11.267


 HV: 
1.0
1.0


Add diversity


 GD: 
47716.893
47904.121


 D1R: 
44326.263
44326.263
DCI: 
0.833
0.875


 IGD: 
49.771
49.667


 HV: 
0.998
1.0



---------------------------------------
 results for all together 

Remove nothing   Add nothing
Remove random   Add new
Remove random   Add random
Remove random   Add best
Remove random   Add diversity
Remove worst   Add new
Remove worst   Add random
Remove worst   Add best
Remove worst   Add diversity
Linkage migration


 GD: 
47586.572
47586.572
47493.838
47568.929
47716.893
47484.41
47615.695
47615.695
47904.121
48490.852


 D1R: 
44326.263
44326.263
44326.263
44326.263
44326.263
44326.263
44326.263
44326.263
44326.263
44326.263
DCI: 
0.407
0.407
0.519
0.444
0.556
0.481
0.481
0.481
0.63
0.667


 IGD: 
409.884
409.884
314.888
400.68
372.682
409.73
406.153
406.153
298.408
146.929


 HV: 
0.996
0.996
1.0
0.996
0.996
0.996
0.996
0.996
0.998
0.998


---------------------------------------
 actions for all together 

58 0
56 160
23 106
48 144
41 136
49 133
21 95
41 138
35 115
31 114

