seeds 1001 factoryScale1 numberOfIslands5 numberOfReplacement1 notImprovedInARow 3

remove and add nothing
push: 58 pull: 0
Final PF: 
18092.0 40466.0 
18545.0 40444.0 
18596.0 40337.0 
19912.0 40313.0 
21266.0 40312.0 
21342.0 40064.0 
21708.0 39975.0 
24516.0 39974.0 
24592.0 39915.0 
27894.0 39781.0 
32013.0 39572.0 
16515.0 42262.0 
16816.0 41662.0 
32934.0 39525.0 
36184.0 39399.0 
43605.0 39384.0 
16990.0 41387.0 
17516.0 41155.0 
18016.0 41074.0 
28763.0 39632.0 
16290.0 48551.0 
16480.0 46826.0 
16494.0 45882.0 
25513.0 39782.0 
Remove random   Add new
push: 56 pull: 159
Final PF: 
18092.0 40466.0 
18545.0 40444.0 
18596.0 40337.0 
19912.0 40313.0 
21266.0 40312.0 
21342.0 40064.0 
21708.0 39975.0 
24516.0 39974.0 
24592.0 39915.0 
27894.0 39781.0 
32013.0 39572.0 
16990.0 41387.0 
17516.0 41155.0 
18016.0 41074.0 
28763.0 39632.0 
16515.0 42262.0 
16816.0 41662.0 
32934.0 39525.0 
36184.0 39399.0 
43605.0 39384.0 
16290.0 48551.0 
16480.0 46826.0 
16494.0 45882.0 
25513.0 39782.0 
Remove random   Add random
push: 25 pull: 114
Final PF: 
16494.0 45444.0 
16816.0 41662.0 
16990.0 41387.0 
18092.0 40466.0 
18545.0 40444.0 
18596.0 40337.0 
19912.0 40313.0 
21266.0 40312.0 
21342.0 40064.0 
21708.0 39975.0 
24516.0 39974.0 
24592.0 39915.0 
24820.0 39865.0 
25513.0 39758.0 
32013.0 39572.0 
43605.0 39384.0 
16094.0 46276.0 
17516.0 41155.0 
18016.0 41074.0 
28763.0 39632.0 
32934.0 39525.0 
36184.0 39399.0 
16515.0 42262.0 
16595.0 41867.0 
Remove random   Add best
push: 47 pull: 146
Final PF: 
16816.0 41662.0 
16990.0 41387.0 
18092.0 40466.0 
18545.0 40444.0 
18596.0 40337.0 
19912.0 40313.0 
21266.0 40312.0 
21342.0 40064.0 
21708.0 39975.0 
24516.0 39974.0 
24592.0 39915.0 
32013.0 39572.0 
28763.0 39632.0 
31937.0 39631.0 
17516.0 41155.0 
18016.0 41074.0 
16515.0 42262.0 
16595.0 41867.0 
25513.0 39758.0 
32934.0 39525.0 
36184.0 39399.0 
43605.0 39384.0 
16290.0 48551.0 
16480.0 46826.0 
16494.0 45882.0 
Remove random   Add diversity
push: 38 pull: 125
Final PF: 
16290.0 48551.0 
18016.0 41074.0 
18092.0 40466.0 
18545.0 40444.0 
18596.0 40337.0 
19912.0 40313.0 
21266.0 40312.0 
21342.0 40064.0 
21708.0 39975.0 
24516.0 39974.0 
24592.0 39915.0 
24820.0 39865.0 
25513.0 39758.0 
32013.0 39572.0 
36184.0 39399.0 
42532.0 39382.0 
16023.0 49997.0 
16515.0 42262.0 
16990.0 41387.0 
17516.0 41155.0 
28763.0 39632.0 
31937.0 39629.0 
16595.0 41867.0 
16816.0 41662.0 
32934.0 39525.0 
16480.0 46826.0 
16494.0 45882.0 
Remove worst   Add new
push: 49 pull: 145
Final PF: 
17516.0 41155.0 
18016.0 41074.0 
18092.0 40466.0 
18545.0 40444.0 
18596.0 40337.0 
19912.0 40313.0 
21266.0 40310.0 
21342.0 40064.0 
21708.0 39975.0 
24516.0 39972.0 
24592.0 39915.0 
27894.0 39781.0 
28763.0 39632.0 
32013.0 39572.0 
16990.0 41387.0 
16515.0 42262.0 
16595.0 41867.0 
16816.0 41662.0 
32934.0 39525.0 
36184.0 39399.0 
43605.0 39384.0 
16290.0 48551.0 
16480.0 46826.0 
16494.0 45882.0 
25513.0 39782.0 
Remove worst   Add random
push: 27 pull: 115
Final PF: 
16290.0 48551.0 
16480.0 46826.0 
17516.0 41155.0 
18016.0 41074.0 
18092.0 40466.0 
18545.0 40444.0 
18596.0 40337.0 
19912.0 40313.0 
21266.0 40310.0 
21342.0 40064.0 
21708.0 39975.0 
24516.0 39972.0 
24592.0 39915.0 
24820.0 39889.0 
28763.0 39632.0 
31937.0 39631.0 
32013.0 39572.0 
16816.0 41662.0 
25513.0 39758.0 
43605.0 39384.0 
16595.0 41867.0 
16990.0 41387.0 
16515.0 42262.0 
32934.0 39525.0 
36184.0 39399.0 
16494.0 45882.0 
Remove worst   Add best
push: 47 pull: 128
Final PF: 
16990.0 41387.0 
17516.0 41155.0 
18016.0 41074.0 
18092.0 40466.0 
18545.0 40444.0 
18596.0 40337.0 
19912.0 40313.0 
21266.0 40310.0 
21342.0 40064.0 
21708.0 39975.0 
24516.0 39972.0 
24592.0 39915.0 
27894.0 39781.0 
28763.0 39632.0 
32013.0 39572.0 
16956.0 41567.0 
25513.0 39782.0 
28687.0 39757.0 
31937.0 39631.0 
16515.0 42262.0 
16595.0 41867.0 
16816.0 41662.0 
32934.0 39525.0 
36184.0 39399.0 
43605.0 39384.0 
16290.0 48551.0 
16480.0 46826.0 
16494.0 45882.0 
Remove worst   Add diversity
push: 33 pull: 118
Final PF: 
16290.0 48551.0 
16494.0 43301.0 
18092.0 40466.0 
18545.0 40444.0 
18596.0 40337.0 
19912.0 40313.0 
21342.0 40064.0 
21708.0 39975.0 
24516.0 39974.0 
24592.0 39915.0 
24820.0 39865.0 
25513.0 39758.0 
32013.0 39572.0 
32934.0 39525.0 
36184.0 39399.0 
16023.0 49997.0 
28763.0 39632.0 
31937.0 39631.0 
21266.0 40310.0 
16515.0 41515.0 
16595.0 41120.0 
17095.0 41021.0 
43605.0 39384.0 
16480.0 46826.0 
linkage migration
push: 14 pull: 70
Final PF: 
16023.0 44408.0 
16122.0 44338.0 
16495.0 43437.0 
18092.0 40466.0 
18545.0 40444.0 
18596.0 40337.0 
19912.0 40313.0 
21342.0 40064.0 
21708.0 39975.0 
24592.0 39915.0 
24820.0 39865.0 
25513.0 39758.0 
28763.0 39632.0 
32013.0 39572.0 
32934.0 39512.0 
36184.0 39386.0 
39434.0 39327.0 
42684.0 39291.0 
43605.0 39153.0 
46855.0 39094.0 
21266.0 40310.0 
24516.0 39972.0 
31937.0 39629.0 
40355.0 39303.0 
16990.0 41387.0 
17516.0 41155.0 
18016.0 41074.0 
27894.0 39757.0 
28687.0 39756.0 
51026.0 39071.0 
16515.0 41942.0 
16595.0 41710.0 
16816.0 41481.0 



---------------------------------------
Quality Indicator Results: 

for each remove method 
Remove random   


 GD: 
47586.572
47216.585
47576.212
47706.386


 D1R: 
44326.263
44326.263
44326.263
44326.263
DCI: 
0.692
0.885
0.769
0.923


 IGD: 
120.145
146.795
104.051
79.71


 HV: 
0.995
1.0
0.996
0.996


Remove worst   


 GD: 
47484.41
47553.165
47568.805
47927.151


 D1R: 
44326.263
44326.263
44326.263
44326.263
DCI: 
0.64
0.72
0.72
0.92


 IGD: 
168.084
154.899
158.384
5.932


 HV: 
0.997
0.998
0.997
1.0



---------------------------------------
for each add method
Add new


 GD: 
47586.572
47484.41


 D1R: 
44326.263
44326.263
DCI: 
0.88
1.0


 IGD: 
12.218
0.0


 HV: 
1.0
1.0


Add random


 GD: 
47216.585
47553.165


 D1R: 
44326.263
44326.263
DCI: 
0.88
0.88


 IGD: 
4.009
40.938


 HV: 
1.0
0.996


Add best


 GD: 
47576.212
47568.805


 D1R: 
44326.263
44326.263
DCI: 
0.852
0.963


 IGD: 
11.833
0.889


 HV: 
1.0
1.0


Add diversity


 GD: 
47706.386
47927.151


 D1R: 
44326.263
44326.263
DCI: 
0.792
0.917


 IGD: 
93.072
44.792


 HV: 
0.998
1.0



---------------------------------------
 results for all together 

Remove nothing   Add nothing
Remove random   Add new
Remove random   Add random
Remove random   Add best
Remove random   Add diversity
Remove worst   Add new
Remove worst   Add random
Remove worst   Add best
Remove worst   Add diversity
Linkage migration


 GD: 
47586.572
47586.572
47216.585
47576.212
47706.386
47484.41
47553.165
47568.805
47927.151
49082.941


 D1R: 
44326.263
44326.263
44326.263
44326.263
44326.263
44326.263
44326.263
44326.263
44326.263
44326.263
DCI: 
0.3
0.3
0.367
0.333
0.4
0.367
0.4
0.389
0.533
0.867


 IGD: 
580.71
580.71
572.636
606.122
596.708
580.572
598.763
572.385
492.397
39.683


 HV: 
0.986
0.986
0.99
0.986
0.986
0.986
0.986
0.986
0.988
1.0


---------------------------------------
 actions for all together 

58 0
56 159
25 114
47 146
38 125
49 145
27 115
47 128
33 118
14 70

