seeds 1033 factoryScale6 numberOfIslands5 numberOfReplacement1 notImprovedInARow 3

remove and add nothing
push: 55 pull: 0
Final PF: 
16515.0 41382.0 
16595.0 41150.0 
17171.0 40744.0 
18092.0 40466.0 
18545.0 40449.0 
18596.0 40337.0 
21266.0 40312.0 
24516.0 39974.0 
21342.0 40064.0 
21708.0 39975.0 
24592.0 39915.0 
24820.0 39865.0 
28763.0 39632.0 
32013.0 39572.0 
39434.0 39363.0 
43605.0 39340.0 
50105.0 39246.0 
16023.0 45929.0 
25513.0 39798.0 
32934.0 39525.0 
36108.0 39524.0 
36184.0 39499.0 
Remove random   Add new
push: 49 pull: 144
Final PF: 
16515.0 41382.0 
16595.0 41150.0 
17171.0 40744.0 
18092.0 40466.0 
18545.0 40449.0 
18596.0 40337.0 
21266.0 40312.0 
24516.0 39974.0 
25513.0 39782.0 
28687.0 39757.0 
36184.0 39410.0 
21342.0 40064.0 
21708.0 39975.0 
24592.0 39915.0 
24820.0 39865.0 
28763.0 39632.0 
32013.0 39572.0 
39434.0 39363.0 
43605.0 39340.0 
46855.0 39327.0 
50105.0 39246.0 
16023.0 43402.0 
16156.0 42959.0 
17095.0 41130.0 
32934.0 39525.0 
36108.0 39524.0 
Remove random   Add random
push: 13 pull: 92
Final PF: 
16156.0 42898.0 
16515.0 41382.0 
16595.0 41150.0 
17095.0 41069.0 
17171.0 40744.0 
18092.0 40466.0 
18545.0 40449.0 
18596.0 40337.0 
21266.0 40310.0 
24516.0 39974.0 
31937.0 39631.0 
39434.0 39327.0 
19912.0 40313.0 
21342.0 40064.0 
21708.0 39975.0 
24592.0 39915.0 
24820.0 39865.0 
28763.0 39632.0 
32013.0 39572.0 
50105.0 39246.0 
16023.0 43402.0 
32934.0 39525.0 
36108.0 39524.0 
36184.0 39386.0 
42608.0 39326.0 
25513.0 39758.0 
Remove random   Add best
push: 46 pull: 138
Final PF: 
16515.0 41382.0 
16595.0 41150.0 
17171.0 40744.0 
18092.0 40466.0 
18545.0 40449.0 
18596.0 40337.0 
21266.0 40312.0 
24516.0 39974.0 
21342.0 40064.0 
21708.0 39975.0 
24592.0 39915.0 
24820.0 39865.0 
28763.0 39632.0 
32013.0 39572.0 
36184.0 39468.0 
39434.0 39363.0 
43605.0 39340.0 
46855.0 39327.0 
50105.0 39246.0 
16023.0 43402.0 
16156.0 42959.0 
17095.0 41087.0 
25513.0 39798.0 
32934.0 39525.0 
36108.0 39524.0 
Remove random   Add diversity
push: 40 pull: 130
Final PF: 
16515.0 41382.0 
16595.0 41150.0 
17095.0 41069.0 
17171.0 40744.0 
18092.0 40466.0 
18545.0 40449.0 
18596.0 40337.0 
21266.0 40312.0 
24516.0 39974.0 
25513.0 39782.0 
28763.0 39632.0 
21342.0 40064.0 
21708.0 39975.0 
24592.0 39915.0 
24820.0 39865.0 
32013.0 39572.0 
32934.0 39525.0 
39434.0 39363.0 
43605.0 39340.0 
50105.0 39246.0 
36108.0 39524.0 
36184.0 39399.0 
16023.0 42410.0 
Remove worst   Add new
push: 47 pull: 137
Final PF: 
16515.0 41382.0 
16595.0 41150.0 
17171.0 40744.0 
18092.0 40466.0 
18545.0 40449.0 
18596.0 40337.0 
21266.0 40312.0 
24516.0 39974.0 
21342.0 40064.0 
21708.0 39975.0 
24592.0 39915.0 
24820.0 39865.0 
28763.0 39632.0 
32013.0 39572.0 
36184.0 39468.0 
39434.0 39363.0 
43605.0 39340.0 
46855.0 39327.0 
50105.0 39246.0 
16023.0 43402.0 
16156.0 42959.0 
17095.0 41130.0 
25513.0 39758.0 
32934.0 39525.0 
36108.0 39524.0 
Remove worst   Add random
push: 17 pull: 77
Final PF: 
16023.0 42410.0 
16515.0 41382.0 
16595.0 41150.0 
17095.0 41069.0 
17171.0 40744.0 
18092.0 40466.0 
18545.0 40449.0 
18596.0 40337.0 
21266.0 40312.0 
21342.0 40064.0 
24516.0 39974.0 
32934.0 39525.0 
36108.0 39524.0 
21708.0 39975.0 
24592.0 39915.0 
24820.0 39865.0 
28763.0 39632.0 
32013.0 39572.0 
39434.0 39363.0 
43605.0 39340.0 
46855.0 39327.0 
50105.0 39246.0 
25513.0 39758.0 
31937.0 39631.0 
36184.0 39399.0 
Remove worst   Add best
push: 40 pull: 120
Final PF: 
16515.0 41382.0 
16595.0 41150.0 
17171.0 40744.0 
18092.0 40466.0 
18545.0 40449.0 
18596.0 40337.0 
24516.0 39974.0 
21342.0 40064.0 
21708.0 39975.0 
24592.0 39915.0 
24820.0 39865.0 
28763.0 39632.0 
32013.0 39572.0 
39434.0 39363.0 
43605.0 39340.0 
46855.0 39327.0 
50105.0 39246.0 
16023.0 43402.0 
16156.0 42959.0 
19912.0 40313.0 
21266.0 40310.0 
25513.0 39758.0 
28687.0 39757.0 
31937.0 39631.0 
32934.0 39525.0 
36108.0 39524.0 
36184.0 39386.0 
39358.0 39385.0 
17095.0 41069.0 
Remove worst   Add diversity
push: 30 pull: 109
Final PF: 
16023.0 42410.0 
16515.0 41382.0 
16595.0 41150.0 
17095.0 41069.0 
17171.0 40744.0 
18092.0 40466.0 
18545.0 40449.0 
18596.0 40337.0 
24516.0 39974.0 
28763.0 39632.0 
32934.0 39512.0 
36184.0 39386.0 
21342.0 40064.0 
21708.0 39975.0 
24592.0 39915.0 
24820.0 39865.0 
32013.0 39572.0 
39434.0 39363.0 
43605.0 39340.0 
50105.0 39246.0 
19912.0 40313.0 
21266.0 40310.0 
25513.0 39758.0 
31937.0 39631.0 
36108.0 39511.0 
linkage migration
push: 22 pull: 87
Final PF: 
17171.0 40744.0 
18092.0 40466.0 
18545.0 40444.0 
18596.0 40337.0 
19912.0 40313.0 
21266.0 40310.0 
21342.0 40064.0 
21708.0 39975.0 
24592.0 39915.0 
25513.0 39758.0 
28687.0 39757.0 
28763.0 39631.0 
32013.0 39572.0 
32934.0 39512.0 
36184.0 39386.0 
46855.0 39117.0 
24820.0 39865.0 
43605.0 39153.0 
16023.0 42410.0 
16156.0 41967.0 
16515.0 41334.0 
16595.0 41102.0 
17095.0 41021.0 
24516.0 39972.0 
31937.0 39629.0 
39434.0 39340.0 
40355.0 39279.0 
39358.0 39385.0 



---------------------------------------
Quality Indicator Results: 

for each remove method 
Remove random   


 GD: 
49007.052
48420.047
49006.949
48569.349


 D1R: 
44214.441
44214.441
44214.441
44214.441
DCI: 
0.654
0.923
0.615
0.692


 IGD: 
120.054
25.08
126.873
101.185


 HV: 
0.997
1.0
0.995
0.999


Remove worst   


 GD: 
49007.19
49165.783
49159.566
48516.169


 D1R: 
44214.441
44214.441
44214.441
44214.441
DCI: 
0.643
0.75
0.893
0.893


 IGD: 
84.776
56.522
21.103
124.123


 HV: 
0.995
0.999
0.997
1.0



---------------------------------------
for each add method
Add new


 GD: 
49007.052
49007.19


 D1R: 
44214.441
44214.441
DCI: 
0.962
0.923


 IGD: 
0.923
7.857


 HV: 
1.0
0.999


Add random


 GD: 
48420.047
49165.783


 D1R: 
44214.441
44214.441
DCI: 
0.96
0.8


 IGD: 
20.232
94.573


 HV: 
1.0
1.0


Add best


 GD: 
49006.949
49159.566


 D1R: 
44214.441
44214.441
DCI: 
0.724
1.0


 IGD: 
61.374
0.0


 HV: 
0.997
1.0


Add diversity


 GD: 
48569.349
48516.169


 D1R: 
44214.441
44214.441
DCI: 
0.72
1.0


 IGD: 
59.097
0.0


 HV: 
0.998
1.0



---------------------------------------
 results for all together 

Remove nothing   Add nothing
Remove random   Add new
Remove random   Add random
Remove random   Add best
Remove random   Add diversity
Remove worst   Add new
Remove worst   Add random
Remove worst   Add best
Remove worst   Add diversity
Linkage migration


 GD: 
48909.324
49007.052
48420.047
49006.949
48569.349
49007.19
49165.783
49159.566
48516.169
48659.918


 D1R: 
44214.441
44214.441
44214.441
44214.441
44214.441
44214.441
44214.441
44214.441
44214.441
44214.441
DCI: 
0.299
0.333
0.471
0.299
0.333
0.333
0.368
0.506
0.54
0.931


 IGD: 
185.098
149.229
126.722
155.561
123.714
155.668
119.535
92.11
71.063
5.689


 HV: 
0.981
0.989
0.991
0.988
0.991
0.988
0.991
0.99
0.991
1.0


---------------------------------------
 actions for all together 

55 0
49 144
13 92
46 138
40 130
47 137
17 77
40 120
30 109
22 87

