seeds 1006 factoryScale4 numberOfIslands5 numberOfReplacement1 notImprovedInARow 3

remove and add nothing
push: 59 pull: 0
Final PF: 
16023.0 43363.0 
16156.0 43082.0 
16571.0 41718.0 
17171.0 40768.0 
27842.0 39907.0 
35263.0 39602.0 
42608.0 39371.0 
21342.0 40129.0 
21708.0 40040.0 
28763.0 39678.0 
36184.0 39445.0 
18596.0 40432.0 
19912.0 40408.0 
21266.0 40407.0 
28687.0 39840.0 
32934.0 39614.0 
16990.0 41598.0 
18092.0 40654.0 
17095.0 41285.0 
24592.0 39915.0 
27766.0 39913.0 
27913.0 39861.0 
32013.0 39658.0 
Remove random   Add new
push: 53 pull: 155
Final PF: 
16023.0 43363.0 
16156.0 43082.0 
16571.0 41718.0 
17171.0 40768.0 
42608.0 39371.0 
18092.0 40646.0 
18596.0 40337.0 
19912.0 40313.0 
21266.0 40312.0 
21342.0 40064.0 
21708.0 39975.0 
24820.0 39865.0 
25513.0 39758.0 
28763.0 39678.0 
32013.0 39619.0 
36184.0 39445.0 
39434.0 39386.0 
46855.0 39355.0 
32934.0 39590.0 
16990.0 41598.0 
17095.0 41285.0 
24592.0 39915.0 
Remove random   Add random
push: 17 pull: 93
Final PF: 
16023.0 43363.0 
16156.0 43082.0 
16495.0 42983.0 
16571.0 41718.0 
18092.0 40654.0 
24516.0 40039.0 
35263.0 39602.0 
36184.0 39445.0 
39434.0 39425.0 
42608.0 39371.0 
42684.0 39369.0 
16990.0 41598.0 
17095.0 41285.0 
17171.0 40744.0 
21708.0 40040.0 
28763.0 39678.0 
18596.0 40402.0 
19912.0 40378.0 
21266.0 40377.0 
25513.0 39823.0 
18545.0 40632.0 
21342.0 40128.0 
32013.0 39612.0 
24592.0 39915.0 
Remove random   Add best
push: 44 pull: 142
Final PF: 
16023.0 43363.0 
16156.0 43082.0 
16571.0 41718.0 
16990.0 41568.0 
17171.0 40768.0 
42608.0 39371.0 
42684.0 39369.0 
21342.0 40064.0 
21708.0 39975.0 
24820.0 39865.0 
28763.0 39678.0 
32013.0 39632.0 
36184.0 39445.0 
39434.0 39386.0 
18596.0 40432.0 
19912.0 40408.0 
21266.0 40407.0 
28687.0 39840.0 
32934.0 39590.0 
18092.0 40654.0 
18545.0 40632.0 
17095.0 41285.0 
24592.0 39915.0 
27913.0 39861.0 
Remove random   Add diversity
push: 27 pull: 114
Final PF: 
16571.0 41718.0 
36184.0 39445.0 
39434.0 39391.0 
40355.0 39279.0 
16023.0 43302.0 
18596.0 40337.0 
19912.0 40313.0 
21266.0 40312.0 
21342.0 40064.0 
21708.0 39975.0 
24516.0 39974.0 
24820.0 39889.0 
25513.0 39758.0 
28687.0 39757.0 
28763.0 39632.0 
32013.0 39596.0 
32934.0 39512.0 
16990.0 41598.0 
16156.0 43074.0 
16495.0 42975.0 
17095.0 41285.0 
17171.0 40744.0 
18092.0 40619.0 
18545.0 40602.0 
24592.0 39915.0 
Remove worst   Add new
push: 50 pull: 150
Final PF: 
16023.0 43363.0 
16156.0 43082.0 
16571.0 41718.0 
42608.0 39371.0 
42684.0 39369.0 
18092.0 40646.0 
18545.0 40629.0 
18596.0 40337.0 
19912.0 40313.0 
21266.0 40312.0 
21342.0 40064.0 
21708.0 39975.0 
24516.0 39974.0 
24820.0 39865.0 
25513.0 39758.0 
28763.0 39678.0 
32013.0 39619.0 
36184.0 39445.0 
39434.0 39410.0 
46855.0 39355.0 
32934.0 39590.0 
16990.0 41598.0 
17095.0 41285.0 
17171.0 40744.0 
24592.0 39915.0 
Remove worst   Add random
push: 20 pull: 86
Final PF: 
16023.0 43363.0 
16156.0 43082.0 
16571.0 41718.0 
24820.0 39889.0 
32934.0 39536.0 
42608.0 39371.0 
42684.0 39369.0 
17095.0 41285.0 
17171.0 40744.0 
18092.0 40466.0 
18545.0 40449.0 
18596.0 40337.0 
19912.0 40313.0 
21342.0 40064.0 
21708.0 39975.0 
25513.0 39758.0 
28763.0 39632.0 
36184.0 39399.0 
16990.0 41488.0 
24592.0 39915.0 
16515.0 42833.0 
Remove worst   Add best
push: 47 pull: 146
Final PF: 
16023.0 43363.0 
16156.0 43082.0 
16571.0 41718.0 
16990.0 41568.0 
17171.0 40744.0 
42608.0 39371.0 
42684.0 39369.0 
18092.0 40624.0 
18545.0 40607.0 
21342.0 40064.0 
21708.0 39975.0 
28763.0 39678.0 
36184.0 39445.0 
18596.0 40432.0 
19912.0 40408.0 
21266.0 40407.0 
28687.0 39840.0 
32934.0 39590.0 
24820.0 39889.0 
32013.0 39643.0 
17095.0 41285.0 
24592.0 39915.0 
27913.0 39861.0 
Remove worst   Add diversity
push: 27 pull: 88
Final PF: 
16023.0 43363.0 
16571.0 41718.0 
39434.0 39327.0 
16156.0 43073.0 
16595.0 41700.0 
16956.0 41589.0 
17171.0 40744.0 
18092.0 40618.0 
18526.0 40596.0 
18596.0 40337.0 
19912.0 40313.0 
21266.0 40312.0 
21708.0 39975.0 
24516.0 39974.0 
25513.0 39758.0 
28687.0 39757.0 
28763.0 39632.0 
31937.0 39631.0 
32013.0 39597.0 
32934.0 39512.0 
36184.0 39410.0 
39358.0 39385.0 
21342.0 40128.0 
16495.0 42975.0 
17095.0 41285.0 
24592.0 39915.0 
linkage migration
push: 11 pull: 67
Final PF: 
18092.0 40466.0 
18545.0 40444.0 
18596.0 40337.0 
19912.0 40313.0 
32013.0 39572.0 
39434.0 39326.0 
46855.0 39094.0 
16023.0 42375.0 
16156.0 41932.0 
32934.0 39512.0 
36184.0 39386.0 
40355.0 39279.0 
43605.0 39153.0 
21342.0 40064.0 
21708.0 39975.0 
24516.0 39972.0 
24820.0 39889.0 
31937.0 39631.0 
16515.0 41382.0 
16595.0 41168.0 
17095.0 41069.0 
17171.0 40744.0 
21266.0 40310.0 
24592.0 39915.0 
25513.0 39758.0 
28687.0 39755.0 
28763.0 39632.0 
51026.0 39070.0 



---------------------------------------
Quality Indicator Results: 

for each remove method 
Remove random   


 GD: 
48286.457
47989.607
48108.538
47431.964


 D1R: 
44236.558
44214.441
44236.558
44214.441
DCI: 
0.48
0.2
0.36
0.88


 IGD: 
44.6
228.425
222.59
412.78


 HV: 
0.99
0.983
0.985
1.0


Remove worst   


 GD: 
48476.751
47474.072
47775.105
47460.352


 D1R: 
44214.441
44214.441
44214.441
44214.441
DCI: 
0.448
0.552
0.241
0.759


 IGD: 
56.071
326.079
322.423
473.519


 HV: 
0.991
0.997
0.984
1.0



---------------------------------------
for each add method
Add new


 GD: 
48286.457
48476.751


 D1R: 
44236.558
44214.441
DCI: 
0.84
0.96


 IGD: 
19.706
0.96


 HV: 
1.0
1.0


Add random


 GD: 
47989.607
47474.072


 D1R: 
44214.441
44214.441
DCI: 
0.435
0.913


 IGD: 
90.795
46.759


 HV: 
0.986
1.0


Add best


 GD: 
48108.538
47775.105


 D1R: 
44236.558
44214.441
DCI: 
0.875
0.875


 IGD: 
3.292
133.71


 HV: 
1.0
0.997


Add diversity


 GD: 
47431.964
47460.352


 D1R: 
44214.441
44214.441
DCI: 
0.726
0.845


 IGD: 
10.445
47.323


 HV: 
0.998
1.0



---------------------------------------
 results for all together 

Remove nothing   Add nothing
Remove random   Add new
Remove random   Add random
Remove random   Add best
Remove random   Add diversity
Remove worst   Add new
Remove worst   Add random
Remove worst   Add best
Remove worst   Add diversity
Linkage migration


 GD: 
47811.602
48286.457
47989.607
48108.538
47431.964
48476.751
47474.072
47775.105
47460.352
48969.47


 D1R: 
44236.558
44236.558
44214.441
44236.558
44214.441
44214.441
44214.441
44214.441
44214.441
44214.441
DCI: 
0.034
0.241
0.069
0.138
0.345
0.276
0.31
0.138
0.368
0.931


 IGD: 
662.127
194.139
382.262
364.19
450.469
188.407
657.845
632.996
549.299
4.293


 HV: 
0.96
0.97
0.964
0.965
0.981
0.97
0.974
0.963
0.978
1.0


---------------------------------------
 actions for all together 

59 0
53 155
17 93
44 142
27 114
50 150
20 86
47 146
27 88
11 67

