seeds 1030 factoryScale8 numberOfIslands5 numberOfReplacement1 notImprovedInARow 3

remove and add nothing
push: 56 pull: 0
Final PF: 
16023.0 46604.0 
16156.0 45423.0 
16419.0 44995.0 
16495.0 44759.0 
16515.0 41745.0 
16595.0 41350.0 
17095.0 41251.0 
24516.0 39972.0 
32934.0 39571.0 
40355.0 39279.0 
17516.0 41134.0 
18016.0 41053.0 
18596.0 40337.0 
21266.0 40312.0 
19912.0 40313.0 
18092.0 40466.0 
18545.0 40444.0 
21342.0 40088.0 
21657.0 40071.0 
21708.0 39999.0 
24592.0 39940.0 
28763.0 39656.0 
36184.0 39410.0 
25513.0 39758.0 
Remove random   Add new
push: 52 pull: 147
Final PF: 
16023.0 46604.0 
16156.0 45423.0 
16419.0 44995.0 
16495.0 44759.0 
16515.0 41745.0 
16595.0 41350.0 
17095.0 41251.0 
24516.0 39972.0 
32934.0 39571.0 
40355.0 39279.0 
17516.0 41134.0 
18016.0 41053.0 
18596.0 40337.0 
21266.0 40312.0 
19912.0 40313.0 
18092.0 40466.0 
18545.0 40444.0 
21342.0 40088.0 
21657.0 40071.0 
21708.0 39999.0 
24592.0 39940.0 
28763.0 39656.0 
36184.0 39410.0 
25513.0 39758.0 
28687.0 39757.0 
Remove random   Add random
push: 20 pull: 96
Final PF: 
16023.0 46604.0 
16156.0 45423.0 
16419.0 44995.0 
16495.0 44759.0 
16515.0 41745.0 
16595.0 41350.0 
17095.0 41251.0 
17516.0 41134.0 
18016.0 41053.0 
18092.0 40466.0 
18545.0 40444.0 
19912.0 40313.0 
21266.0 40312.0 
21708.0 39975.0 
24516.0 39972.0 
24592.0 39940.0 
25513.0 39758.0 
28763.0 39656.0 
32013.0 39597.0 
32934.0 39536.0 
40355.0 39279.0 
18596.0 40337.0 
21342.0 40088.0 
28687.0 39757.0 
21657.0 40071.0 
24820.0 39889.0 
36184.0 39410.0 
Remove random   Add best
push: 38 pull: 119
Final PF: 
16023.0 46604.0 
16156.0 45423.0 
16419.0 44995.0 
16495.0 44759.0 
16595.0 41320.0 
18092.0 40466.0 
21708.0 39999.0 
24516.0 39972.0 
28763.0 39656.0 
32934.0 39536.0 
40355.0 39279.0 
17516.0 41134.0 
18016.0 41053.0 
18596.0 40337.0 
21266.0 40312.0 
17095.0 41221.0 
19912.0 40313.0 
18545.0 40444.0 
21342.0 40088.0 
21657.0 40071.0 
24592.0 39940.0 
24820.0 39889.0 
28687.0 39757.0 
36184.0 39410.0 
16515.0 41617.0 
25513.0 39758.0 
Remove random   Add diversity
push: 36 pull: 100
Final PF: 
16515.0 41745.0 
16595.0 41350.0 
17095.0 41251.0 
24516.0 39972.0 
28763.0 39632.0 
36184.0 39410.0 
40355.0 39279.0 
16156.0 43165.0 
17516.0 41134.0 
18016.0 41053.0 
18596.0 40337.0 
21266.0 40312.0 
18092.0 40466.0 
19912.0 40313.0 
21342.0 40064.0 
21708.0 39975.0 
24592.0 39916.0 
24820.0 39865.0 
25513.0 39758.0 
31937.0 39631.0 
32013.0 39573.0 
18545.0 40444.0 
32934.0 39536.0 
16023.0 45704.0 
28687.0 39757.0 
Remove worst   Add new
push: 47 pull: 130
Final PF: 
16023.0 46604.0 
16156.0 45423.0 
16419.0 44995.0 
16495.0 44759.0 
16515.0 41745.0 
16595.0 41350.0 
17095.0 41251.0 
21708.0 39975.0 
24516.0 39972.0 
25513.0 39758.0 
28763.0 39632.0 
32934.0 39525.0 
40355.0 39279.0 
17516.0 41134.0 
18016.0 41053.0 
18596.0 40337.0 
21266.0 40312.0 
18092.0 40466.0 
19912.0 40313.0 
18545.0 40444.0 
21342.0 40088.0 
21657.0 40071.0 
24592.0 39923.0 
24820.0 39889.0 
36184.0 39410.0 
Remove worst   Add random
push: 20 pull: 75
Final PF: 
15590.0 47468.0 
16023.0 46604.0 
16515.0 41654.0 
16595.0 41259.0 
17095.0 41160.0 
18596.0 40337.0 
19912.0 40313.0 
21266.0 40312.0 
21708.0 39975.0 
24516.0 39972.0 
24820.0 39889.0 
25513.0 39758.0 
28763.0 39632.0 
32934.0 39525.0 
40355.0 39279.0 
16290.0 43265.0 
17516.0 41134.0 
18016.0 41053.0 
18092.0 40466.0 
18545.0 40444.0 
21657.0 40071.0 
24592.0 39916.0 
16093.0 45349.0 
21342.0 40088.0 
28687.0 39757.0 
32013.0 39580.0 
36184.0 39410.0 
Remove worst   Add best
push: 36 pull: 100
Final PF: 
16023.0 46604.0 
16156.0 45423.0 
16419.0 44995.0 
16495.0 44759.0 
16595.0 41241.0 
18092.0 40466.0 
21708.0 39975.0 
24516.0 39972.0 
25513.0 39758.0 
28763.0 39632.0 
32934.0 39525.0 
40355.0 39279.0 
17516.0 41134.0 
18016.0 41053.0 
18596.0 40337.0 
21266.0 40312.0 
16515.0 41473.0 
16519.0 41427.0 
17095.0 41160.0 
19912.0 40313.0 
24592.0 39916.0 
24820.0 39889.0 
32013.0 39597.0 
18545.0 40444.0 
21342.0 40088.0 
21657.0 40071.0 
28687.0 39757.0 
36184.0 39410.0 
Remove worst   Add diversity
push: 28 pull: 93
Final PF: 
16515.0 41745.0 
16595.0 41350.0 
17095.0 41251.0 
21708.0 39975.0 
24516.0 39972.0 
24592.0 39939.0 
25513.0 39758.0 
28763.0 39632.0 
31937.0 39631.0 
32934.0 39512.0 
36184.0 39410.0 
40355.0 39279.0 
17516.0 41134.0 
18016.0 41053.0 
18596.0 40337.0 
21266.0 40312.0 
18092.0 40466.0 
19912.0 40313.0 
21342.0 40064.0 
28687.0 39757.0 
32013.0 39572.0 
16156.0 43602.0 
18545.0 40444.0 
24820.0 39889.0 
16023.0 45704.0 
linkage migration
push: 21 pull: 80
Final PF: 
16023.0 44584.0 
16156.0 43403.0 
16515.0 41654.0 
16595.0 41259.0 
17095.0 41160.0 
17171.0 40768.0 
18092.0 40466.0 
18545.0 40444.0 
18596.0 40337.0 
19912.0 40313.0 
21266.0 40310.0 
21342.0 40064.0 
21708.0 39975.0 
24516.0 39972.0 
24592.0 39916.0 
24820.0 39865.0 
25513.0 39758.0 
28763.0 39631.0 
39434.0 39363.0 
40355.0 39279.0 
43605.0 39153.0 
16290.0 43163.0 
27894.0 39757.0 
32013.0 39573.0 
32934.0 39512.0 
51026.0 39110.0 
36108.0 39511.0 
36184.0 39393.0 
39358.0 39385.0 
31937.0 39629.0 



---------------------------------------
Quality Indicator Results: 

for each remove method 
Remove random   


 GD: 
47093.333
47229.071
47081.244
47274.535


 D1R: 
44326.263
44326.263
44326.263
44326.263
DCI: 
0.48
0.56
0.64
0.88


 IGD: 
170.176
86.673
157.729
7.52


 HV: 
0.992
0.994
0.993
1.0


Remove worst   


 GD: 
47007.892
47236.049
47117.772
47291.746


 D1R: 
44326.263
44326.263
44326.263
44326.263
DCI: 
0.483
0.69
0.69
0.724


 IGD: 
229.592
42.911
145.979
104.096


 HV: 
0.995
0.999
0.996
1.0



---------------------------------------
for each add method
Add new


 GD: 
47093.333
47007.892


 D1R: 
44326.263
44326.263
DCI: 
0.808
0.962


 IGD: 
13.255
5.627


 HV: 
0.998
1.0


Add random


 GD: 
47229.071
47236.049


 D1R: 
44326.263
44326.263
DCI: 
0.63
1.0


 IGD: 
108.171
0.0


 HV: 
0.996
1.0


Add best


 GD: 
47081.244
47117.772


 D1R: 
44326.263
44326.263
DCI: 
0.679
1.0


 IGD: 
50.759
0.0


 HV: 
0.998
1.0


Add diversity


 GD: 
47274.535
47291.746


 D1R: 
44326.263
44326.263
DCI: 
0.947
0.88


 IGD: 
1.0
19.36


 HV: 
1.0
0.999



---------------------------------------
 results for all together 

Remove nothing   Add nothing
Remove random   Add new
Remove random   Add random
Remove random   Add best
Remove random   Add diversity
Remove worst   Add new
Remove worst   Add random
Remove worst   Add best
Remove worst   Add diversity
Linkage migration


 GD: 
47012.799
47093.333
47229.071
47081.244
47274.535
47007.892
47236.049
47117.772
47291.746
48964.333


 D1R: 
44326.263
44326.263
44326.263
44326.263
44326.263
44326.263
44326.263
44326.263
44326.263
44236.558
DCI: 
0.219
0.219
0.25
0.219
0.417
0.271
0.365
0.427
0.365
0.833


 IGD: 
446.127
443.487
376.156
441.358
327.759
435.837
261.252
367.601
348.886
110.798


 HV: 
0.989
0.989
0.99
0.99
0.994
0.99
0.993
0.991
0.994
1.0


---------------------------------------
 actions for all together 

56 0
52 147
20 96
38 119
36 100
47 130
20 75
36 100
28 93
21 80

