seeds 1023 factoryScale1 numberOfIslands5 numberOfReplacement1 notImprovedInARow 3

remove and add nothing
push: 59 pull: 0
Final PF: 
16990.0 41568.0 
17516.0 41173.0 
18016.0 41074.0 
21342.0 40064.0 
21708.0 39975.0 
24516.0 39972.0 
24820.0 39905.0 
28763.0 39632.0 
31937.0 39629.0 
42608.0 39347.0 
16816.0 41612.0 
36108.0 39508.0 
18092.0 40466.0 
18545.0 40444.0 
18596.0 40337.0 
19912.0 40313.0 
21266.0 40310.0 
24592.0 39916.0 
25513.0 39758.0 
28687.0 39757.0 
32013.0 39573.0 
32934.0 39525.0 
36184.0 39399.0 
16515.0 43506.0 
16571.0 42556.0 
Remove random   Add new
push: 55 pull: 165
Final PF: 
16990.0 41568.0 
17516.0 41173.0 
18016.0 41074.0 
21342.0 40064.0 
21708.0 39975.0 
24516.0 39972.0 
24592.0 39916.0 
24820.0 39889.0 
28763.0 39632.0 
31937.0 39629.0 
42608.0 39347.0 
16816.0 41612.0 
32934.0 39511.0 
36108.0 39508.0 
18092.0 40466.0 
18545.0 40444.0 
18596.0 40337.0 
19912.0 40313.0 
21266.0 40310.0 
25513.0 39758.0 
28687.0 39757.0 
32013.0 39573.0 
36184.0 39399.0 
16515.0 43506.0 
16571.0 42556.0 
Remove random   Add random
push: 18 pull: 110
Final PF: 
18545.0 40444.0 
18596.0 40337.0 
21342.0 40064.0 
21708.0 39975.0 
24516.0 39972.0 
24820.0 39905.0 
25513.0 39758.0 
27894.0 39757.0 
28763.0 39632.0 
31937.0 39629.0 
32013.0 39573.0 
36108.0 39508.0 
42608.0 39347.0 
16515.0 42677.0 
16816.0 41547.0 
17516.0 41152.0 
18016.0 41053.0 
21266.0 40310.0 
32934.0 39511.0 
16571.0 42326.0 
17171.0 41376.0 
18092.0 40466.0 
19912.0 40313.0 
24592.0 39916.0 
36184.0 39399.0 
Remove random   Add best
push: 47 pull: 152
Final PF: 
16816.0 41431.0 
17516.0 41173.0 
18016.0 41074.0 
18092.0 40466.0 
21342.0 40064.0 
21708.0 39975.0 
24516.0 39972.0 
24820.0 39905.0 
28763.0 39632.0 
31937.0 39629.0 
42608.0 39347.0 
36108.0 39508.0 
18545.0 40444.0 
18596.0 40337.0 
19912.0 40313.0 
21266.0 40310.0 
24592.0 39916.0 
25513.0 39758.0 
28687.0 39757.0 
32013.0 39573.0 
32934.0 39525.0 
36184.0 39399.0 
16515.0 43506.0 
16571.0 42556.0 
Remove random   Add diversity
push: 39 pull: 129
Final PF: 
21342.0 40064.0 
21708.0 39975.0 
24516.0 39972.0 
28763.0 39632.0 
31937.0 39629.0 
36184.0 39399.0 
16515.0 41515.0 
16595.0 41120.0 
17095.0 41021.0 
27894.0 39757.0 
28687.0 39754.0 
32934.0 39511.0 
36108.0 39508.0 
18092.0 40466.0 
18545.0 40444.0 
18596.0 40337.0 
19912.0 40313.0 
21266.0 40310.0 
24592.0 39916.0 
25513.0 39758.0 
32013.0 39573.0 
40355.0 39303.0 
24820.0 39865.0 
Remove worst   Add new
push: 50 pull: 149
Final PF: 
16990.0 41568.0 
17516.0 41173.0 
18016.0 41074.0 
21342.0 40064.0 
21708.0 39975.0 
24516.0 39972.0 
24592.0 39916.0 
24820.0 39865.0 
28763.0 39632.0 
31937.0 39629.0 
42684.0 39291.0 
16816.0 41612.0 
32934.0 39511.0 
36108.0 39508.0 
18092.0 40466.0 
18545.0 40444.0 
18596.0 40337.0 
19912.0 40313.0 
21266.0 40310.0 
25513.0 39758.0 
28687.0 39757.0 
32013.0 39573.0 
36184.0 39399.0 
39434.0 39340.0 
40355.0 39303.0 
43605.0 39244.0 
16515.0 43506.0 
16571.0 42556.0 
Remove worst   Add random
push: 15 pull: 90
Final PF: 
18092.0 40466.0 
19912.0 40313.0 
21342.0 40064.0 
21708.0 39975.0 
24516.0 39972.0 
24592.0 39916.0 
24820.0 39865.0 
28763.0 39632.0 
31937.0 39629.0 
32934.0 39511.0 
36184.0 39386.0 
42684.0 39291.0 
18545.0 40444.0 
28687.0 39757.0 
36108.0 39508.0 
18596.0 40337.0 
21266.0 40310.0 
25513.0 39758.0 
32013.0 39573.0 
43605.0 39244.0 
39434.0 39327.0 
40355.0 39303.0 
46855.0 39118.0 
16515.0 41515.0 
16595.0 41120.0 
17095.0 41021.0 
17171.0 40835.0 
Remove worst   Add best
push: 44 pull: 138
Final PF: 
16816.0 41366.0 
17516.0 41134.0 
21342.0 40064.0 
21708.0 39975.0 
24516.0 39972.0 
24592.0 39916.0 
24820.0 39865.0 
28763.0 39632.0 
31937.0 39629.0 
42684.0 39291.0 
18092.0 40466.0 
32934.0 39511.0 
36108.0 39508.0 
18016.0 41053.0 
18545.0 40444.0 
18596.0 40337.0 
19912.0 40313.0 
21266.0 40310.0 
25513.0 39758.0 
28687.0 39757.0 
32013.0 39573.0 
36184.0 39399.0 
39358.0 39398.0 
39434.0 39340.0 
40355.0 39303.0 
43605.0 39244.0 
16515.0 43506.0 
16571.0 42556.0 
Remove worst   Add diversity
push: 29 pull: 98
Final PF: 
21342.0 40064.0 
21708.0 39975.0 
24516.0 39972.0 
24820.0 39865.0 
28763.0 39632.0 
31937.0 39629.0 
32013.0 39573.0 
36108.0 39508.0 
43605.0 39244.0 
16515.0 41515.0 
16595.0 41120.0 
17095.0 41021.0 
27894.0 39757.0 
28687.0 39754.0 
32934.0 39511.0 
40355.0 39285.0 
18092.0 40466.0 
18545.0 40444.0 
18596.0 40337.0 
19912.0 40313.0 
21266.0 40310.0 
25513.0 39758.0 
24592.0 39915.0 
36184.0 39386.0 
39434.0 39327.0 
46855.0 39118.0 
linkage migration
push: 19 pull: 67
Final PF: 
21342.0 40064.0 
21708.0 39975.0 
24516.0 39972.0 
24820.0 39865.0 
31937.0 39629.0 
32934.0 39511.0 
36108.0 39508.0 
40355.0 39279.0 
18092.0 40466.0 
18545.0 40444.0 
18596.0 40337.0 
19912.0 40313.0 
21266.0 40310.0 
25513.0 39758.0 
32013.0 39573.0 
43605.0 39153.0 
17171.0 40744.0 
24592.0 39915.0 
27894.0 39757.0 
28763.0 39631.0 
36184.0 39386.0 
39434.0 39327.0 
46855.0 39118.0 
54276.0 39012.0 
16515.0 41576.0 
16595.0 41181.0 
17095.0 41082.0 



---------------------------------------
Quality Indicator Results: 

for each remove method 
Remove random   


 GD: 
47619.253
47553.576
47726.325
47792.847


 D1R: 
44326.263
44326.263
44326.263
44326.263
DCI: 
0.696
0.739
0.652
1.0


 IGD: 
92.313
57.838
86.592
97.975


 HV: 
0.988
0.99
0.989
1.0


Remove worst   


 GD: 
48613.441
49198.867
48988.43
49023.344


 D1R: 
44326.263
44298.312
44326.263
44326.263
DCI: 
0.617
0.877
0.617
0.963


 IGD: 
217.764
30.185
209.349
7.442


 HV: 
0.99
1.0
0.992
0.999



---------------------------------------
for each add method
Add new


 GD: 
47619.253
48613.441


 D1R: 
44326.263
44326.263
DCI: 
0.821
1.0


 IGD: 
205.402
0.0


 HV: 
0.997
1.0


Add random


 GD: 
47553.576
49198.867


 D1R: 
44326.263
44298.312
DCI: 
0.593
0.963


 IGD: 
315.087
30.5


 HV: 
0.982
1.0


Add best


 GD: 
47726.325
48988.43


 D1R: 
44326.263
44326.263
DCI: 
0.643
1.0


 IGD: 
328.698
0.0


 HV: 
0.995
1.0


Add diversity


 GD: 
47792.847
49023.344


 D1R: 
44326.263
44326.263
DCI: 
0.795
1.0


 IGD: 
168.154
0.0


 HV: 
0.993
1.0



---------------------------------------
 results for all together 

Remove nothing   Add nothing
Remove random   Add new
Remove random   Add random
Remove random   Add best
Remove random   Add diversity
Remove worst   Add new
Remove worst   Add random
Remove worst   Add best
Remove worst   Add diversity
Linkage migration


 GD: 
47620.227
47619.253
47553.576
47726.325
47792.847
48613.441
49198.867
48988.43
49023.344
49509.006


 D1R: 
44326.263
44326.263
44326.263
44326.263
44326.263
44326.263
44298.312
44326.263
44326.263
44214.441
DCI: 
0.476
0.512
0.548
0.476
0.726
0.548
0.762
0.548
0.845
0.857


 IGD: 
496.877
495.766
465.798
490.893
407.542
223.895
37.185
215.355
14.268
12.133


 HV: 
0.973
0.974
0.975
0.974
0.985
0.983
0.997
0.984
0.996
1.0


---------------------------------------
 actions for all together 

59 0
55 165
18 110
47 152
39 129
50 149
15 90
44 138
29 98
19 67

