seeds 1028 factoryScale1 numberOfIslands5 numberOfReplacement1 notImprovedInARow 3

remove and add nothing
push: 57 pull: 0
Final PF: 
16816.0 41651.0 
16956.0 41540.0 
16990.0 41387.0 
17516.0 41155.0 
18016.0 41092.0 
21342.0 40064.0 
16290.0 43465.0 
16023.0 44220.0 
25513.0 39804.0 
28763.0 39715.0 
32013.0 39670.0 
32934.0 39536.0 
36184.0 39466.0 
43605.0 39317.0 
16571.0 42709.0 
18092.0 40496.0 
18545.0 40474.0 
18596.0 40337.0 
21266.0 40312.0 
21708.0 39999.0 
24516.0 39974.0 
24592.0 39940.0 
Remove random   Add new
push: 51 pull: 140
Final PF: 
16816.0 41651.0 
16956.0 41540.0 
16990.0 41387.0 
17516.0 41155.0 
21342.0 40064.0 
16290.0 43465.0 
18092.0 40466.0 
18596.0 40337.0 
19912.0 40313.0 
21266.0 40312.0 
21708.0 39975.0 
28763.0 39632.0 
32013.0 39597.0 
39434.0 39431.0 
40355.0 39367.0 
16023.0 44220.0 
18016.0 41074.0 
18545.0 40444.0 
24592.0 39916.0 
25513.0 39758.0 
32934.0 39512.0 
36184.0 39466.0 
42684.0 39291.0 
16571.0 42709.0 
24516.0 39974.0 
Remove random   Add random
push: 20 pull: 83
Final PF: 
16595.0 42178.0 
16816.0 41651.0 
16956.0 41540.0 
16990.0 41387.0 
17516.0 41155.0 
18016.0 41092.0 
18092.0 40496.0 
19912.0 40313.0 
21266.0 40312.0 
21342.0 40064.0 
21708.0 39975.0 
24516.0 39974.0 
24592.0 39940.0 
25513.0 39758.0 
28763.0 39632.0 
31937.0 39629.0 
32013.0 39596.0 
32934.0 39536.0 
36184.0 39439.0 
16023.0 42410.0 
40355.0 39367.0 
18596.0 40337.0 
43605.0 39317.0 
18545.0 40474.0 
Remove random   Add best
push: 44 pull: 132
Final PF: 
16816.0 41651.0 
16956.0 41540.0 
16990.0 41387.0 
17516.0 41155.0 
21342.0 40064.0 
16290.0 43465.0 
40355.0 39367.0 
47776.0 39285.0 
51026.0 39159.0 
16023.0 44220.0 
18016.0 41074.0 
18596.0 40337.0 
19912.0 40313.0 
21266.0 40310.0 
21708.0 39975.0 
25513.0 39758.0 
28763.0 39632.0 
36184.0 39386.0 
18092.0 40466.0 
18545.0 40444.0 
32934.0 39512.0 
42684.0 39291.0 
16571.0 42709.0 
24516.0 39974.0 
24592.0 39940.0 
Remove random   Add diversity
push: 32 pull: 110
Final PF: 
16816.0 41651.0 
16956.0 41540.0 
16990.0 41387.0 
17516.0 41155.0 
18545.0 40449.0 
19912.0 40313.0 
21342.0 40064.0 
21708.0 39975.0 
24516.0 39974.0 
25513.0 39758.0 
40355.0 39367.0 
18596.0 40337.0 
24592.0 39915.0 
28763.0 39631.0 
32013.0 39572.0 
32934.0 39512.0 
36108.0 39509.0 
36184.0 39386.0 
47776.0 39196.0 
51026.0 39159.0 
54200.0 39158.0 
18016.0 41083.0 
18092.0 40466.0 
21266.0 40310.0 
16515.0 42207.0 
16595.0 41975.0 
43605.0 39304.0 
16023.0 42410.0 
Remove worst   Add new
push: 46 pull: 140
Final PF: 
16816.0 41651.0 
16956.0 41540.0 
16990.0 41387.0 
17516.0 41155.0 
21342.0 40064.0 
16290.0 43465.0 
24592.0 39915.0 
32013.0 39572.0 
40355.0 39367.0 
16023.0 44220.0 
18016.0 41074.0 
18092.0 40466.0 
18545.0 40444.0 
18596.0 40337.0 
19912.0 40313.0 
21266.0 40310.0 
21708.0 39975.0 
24516.0 39972.0 
25513.0 39758.0 
28763.0 39632.0 
32934.0 39512.0 
36184.0 39386.0 
43605.0 39317.0 
46855.0 39117.0 
16571.0 42709.0 
Remove worst   Add random
push: 20 pull: 95
Final PF: 
16571.0 42709.0 
16816.0 41651.0 
16956.0 41540.0 
16990.0 41387.0 
17516.0 41155.0 
18092.0 40466.0 
18545.0 40444.0 
18596.0 40337.0 
19912.0 40313.0 
21342.0 40064.0 
21708.0 39975.0 
24592.0 39916.0 
25513.0 39758.0 
28687.0 39757.0 
28763.0 39632.0 
31937.0 39629.0 
32013.0 39573.0 
46855.0 39117.0 
40355.0 39367.0 
43605.0 39241.0 
46779.0 39240.0 
21266.0 40310.0 
24516.0 39972.0 
18016.0 41074.0 
32934.0 39512.0 
36184.0 39386.0 
16023.0 43018.0 
Remove worst   Add best
push: 43 pull: 115
Final PF: 
16816.0 41651.0 
16956.0 41540.0 
16990.0 41387.0 
17516.0 41155.0 
21342.0 40064.0 
16290.0 43465.0 
24592.0 39915.0 
32013.0 39572.0 
40355.0 39367.0 
16023.0 44220.0 
18016.0 41074.0 
18092.0 40466.0 
18545.0 40444.0 
18596.0 40337.0 
19912.0 40313.0 
21266.0 40310.0 
21708.0 39975.0 
24516.0 39972.0 
25513.0 39758.0 
28763.0 39632.0 
32934.0 39512.0 
36184.0 39386.0 
43605.0 39317.0 
46855.0 39117.0 
16571.0 42709.0 
Remove worst   Add diversity
push: 30 pull: 111
Final PF: 
19912.0 40313.0 
21266.0 40310.0 
21342.0 40064.0 
21708.0 39975.0 
16515.0 41358.0 
16595.0 41126.0 
17095.0 41063.0 
18092.0 40466.0 
18545.0 40444.0 
24820.0 39884.0 
32013.0 39573.0 
32934.0 39536.0 
16023.0 42410.0 
18596.0 40337.0 
25513.0 39758.0 
36184.0 39426.0 
24516.0 39972.0 
24592.0 39915.0 
27894.0 39757.0 
28763.0 39631.0 
43529.0 39276.0 
43605.0 39153.0 
46855.0 39117.0 
linkage migration
push: 14 pull: 56
Final PF: 
16816.0 41651.0 
16956.0 41540.0 
16990.0 41387.0 
17516.0 41155.0 
18016.0 41074.0 
18092.0 40466.0 
18596.0 40337.0 
19912.0 40313.0 
21266.0 40310.0 
21342.0 40064.0 
21708.0 39975.0 
24592.0 39916.0 
25513.0 39758.0 
28687.0 39757.0 
28763.0 39631.0 
32013.0 39573.0 
32934.0 39525.0 
39434.0 39340.0 
42684.0 39304.0 
46855.0 39282.0 
16023.0 43506.0 
16256.0 42952.0 
16515.0 41942.0 
16595.0 41710.0 
18545.0 40444.0 
24516.0 39972.0 
36184.0 39386.0 
24820.0 39865.0 
36108.0 39522.0 



---------------------------------------
Quality Indicator Results: 

for each remove method 
Remove random   


 GD: 
47762.64
47557.635
48540.573
49355.716


 D1R: 
44326.263
44353.652
44326.263
44326.263
DCI: 
0.598
0.471
0.678
0.862


 IGD: 
544.153
468.401
132.427
36.789


 HV: 
0.989
0.992
0.993
1.0


Remove worst   


 GD: 
47998.112
48642.153
47998.112
48392.125


 D1R: 
44326.263
44326.263
44326.263
44326.263
DCI: 
0.627
0.64
0.627
0.827


 IGD: 
132.51
121.6
132.51
133.388


 HV: 
0.988
0.993
0.988
1.0



---------------------------------------
for each add method
Add new


 GD: 
47762.64
47998.112


 D1R: 
44326.263
44326.263
DCI: 
0.787
0.96


 IGD: 
4.583
38.39


 HV: 
0.999
1.0


Add random


 GD: 
47557.635
48642.153


 D1R: 
44353.652
44326.263
DCI: 
0.519
0.926


 IGD: 
138.586
43.829


 HV: 
0.998
1.0


Add best


 GD: 
48540.573
47998.112


 D1R: 
44326.263
44326.263
DCI: 
0.84
0.96


 IGD: 
36.537
231.876


 HV: 
0.996
1.0


Add diversity


 GD: 
49355.716
48392.125


 D1R: 
44326.263
44326.263
DCI: 
0.6
0.827


 IGD: 
107.553
139.702


 HV: 
0.989
1.0



---------------------------------------
 results for all together 

Remove nothing   Add nothing
Remove random   Add new
Remove random   Add random
Remove random   Add best
Remove random   Add diversity
Remove worst   Add new
Remove worst   Add random
Remove worst   Add best
Remove worst   Add diversity
Linkage migration


 GD: 
47179.7
47762.64
47557.635
48540.573
49355.716
47998.112
48642.153
47998.112
48392.125
47973.003


 D1R: 
44353.652
44326.263
44353.652
44326.263
44326.263
44326.263
44326.263
44326.263
44326.263
44326.263
DCI: 
0.074
0.383
0.284
0.432
0.519
0.543
0.556
0.543
0.728
0.531


 IGD: 
466.059
344.176
296.135
322.582
201.721
196.423
186.36
196.423
162.489
171.746


 HV: 
0.974
0.982
0.985
0.986
0.993
0.991
0.995
0.991
1.0
0.988


---------------------------------------
 actions for all together 

57 0
51 140
20 83
44 132
32 110
46 140
20 95
43 115
30 111
14 56

