seeds 1029 factoryScale8 numberOfIslands5 numberOfReplacement1 notImprovedInARow 3

remove and add nothing
push: 58 pull: 0
Final PF: 
16515.0 42485.0 
16816.0 41612.0 
16990.0 41426.0 
18092.0 40496.0 
18545.0 40474.0 
18596.0 40367.0 
19912.0 40343.0 
21266.0 40342.0 
21342.0 40064.0 
21708.0 39975.0 
24801.0 39974.0 
25513.0 39758.0 
27894.0 39757.0 
28763.0 39631.0 
32934.0 39536.0 
36184.0 39385.0 
43605.0 39322.0 
16023.0 44822.0 
16156.0 44379.0 
16571.0 41792.0 
17171.0 40744.0 
Remove random   Add new
push: 53 pull: 158
Final PF: 
16990.0 41426.0 
16515.0 42485.0 
16816.0 41612.0 
18092.0 40496.0 
18545.0 40474.0 
18596.0 40367.0 
19912.0 40343.0 
21266.0 40342.0 
21342.0 40064.0 
21708.0 39975.0 
24801.0 39974.0 
25513.0 39758.0 
27894.0 39757.0 
28763.0 39631.0 
32934.0 39512.0 
36184.0 39385.0 
43605.0 39322.0 
16023.0 44822.0 
16156.0 44379.0 
16571.0 41792.0 
17171.0 40744.0 
Remove random   Add random
push: 22 pull: 106
Final PF: 
16595.0 41035.0 
17171.0 40744.0 
18092.0 40496.0 
19912.0 40343.0 
32934.0 39536.0 
16023.0 44590.0 
16515.0 41267.0 
18545.0 40474.0 
18596.0 40367.0 
21266.0 40342.0 
24516.0 39974.0 
24820.0 39889.0 
25513.0 39758.0 
16156.0 43331.0 
21708.0 39975.0 
28763.0 39631.0 
17095.0 40954.0 
21342.0 40064.0 
24592.0 39915.0 
27894.0 39757.0 
36184.0 39385.0 
43605.0 39322.0 
Remove random   Add best
push: 45 pull: 138
Final PF: 
16595.0 41150.0 
17171.0 40744.0 
16515.0 41382.0 
17095.0 41087.0 
18092.0 40496.0 
18545.0 40474.0 
18596.0 40367.0 
19912.0 40343.0 
21266.0 40342.0 
21342.0 40064.0 
21708.0 39975.0 
24801.0 39974.0 
25513.0 39758.0 
27894.0 39757.0 
28763.0 39631.0 
32934.0 39536.0 
36184.0 39385.0 
43605.0 39322.0 
16023.0 44822.0 
16156.0 44379.0 
Remove random   Add diversity
push: 36 pull: 124
Final PF: 
16816.0 41612.0 
16990.0 41426.0 
18092.0 40496.0 
18545.0 40474.0 
18596.0 40367.0 
19912.0 40343.0 
21708.0 39975.0 
24592.0 39958.0 
25513.0 39758.0 
28687.0 39755.0 
32934.0 39525.0 
36108.0 39522.0 
40355.0 39303.0 
16023.0 43774.0 
16515.0 42239.0 
21266.0 40342.0 
21342.0 40064.0 
27894.0 39757.0 
28763.0 39631.0 
36184.0 39385.0 
16571.0 41792.0 
17171.0 40744.0 
24820.0 39908.0 
Remove worst   Add new
push: 54 pull: 158
Final PF: 
16515.0 42485.0 
16816.0 41612.0 
16990.0 41426.0 
18545.0 40474.0 
18092.0 40496.0 
18596.0 40367.0 
19912.0 40343.0 
21266.0 40342.0 
21342.0 40064.0 
21708.0 39975.0 
24801.0 39974.0 
25513.0 39758.0 
27894.0 39757.0 
28763.0 39631.0 
32934.0 39512.0 
36184.0 39385.0 
43605.0 39322.0 
16023.0 44822.0 
16156.0 44379.0 
16571.0 41792.0 
17171.0 40744.0 
Remove worst   Add random
push: 17 pull: 102
Final PF: 
16156.0 44379.0 
18092.0 40496.0 
18545.0 40474.0 
18596.0 40337.0 
21708.0 39975.0 
24516.0 39972.0 
24592.0 39963.0 
25513.0 39758.0 
28687.0 39755.0 
43605.0 39322.0 
17171.0 40744.0 
21342.0 40064.0 
16515.0 41382.0 
17095.0 41069.0 
19912.0 40313.0 
27894.0 39757.0 
28763.0 39631.0 
32934.0 39512.0 
36184.0 39385.0 
16023.0 44822.0 
24820.0 39924.0 
Remove worst   Add best
push: 44 pull: 133
Final PF: 
16595.0 41150.0 
17171.0 40744.0 
16515.0 41382.0 
18092.0 40496.0 
18545.0 40474.0 
18596.0 40367.0 
19912.0 40343.0 
17095.0 41069.0 
21266.0 40342.0 
21342.0 40064.0 
21708.0 39975.0 
24801.0 39974.0 
25513.0 39758.0 
27894.0 39757.0 
28763.0 39631.0 
32934.0 39512.0 
36184.0 39385.0 
43605.0 39322.0 
16023.0 44822.0 
16156.0 44379.0 
Remove worst   Add diversity
push: 26 pull: 94
Final PF: 
16515.0 42485.0 
16816.0 41612.0 
43605.0 39322.0 
16156.0 42944.0 
16990.0 41426.0 
18092.0 40496.0 
18545.0 40474.0 
18596.0 40367.0 
19912.0 40343.0 
21342.0 40064.0 
21708.0 39975.0 
24516.0 39972.0 
25513.0 39758.0 
28687.0 39755.0 
16023.0 43774.0 
21266.0 40342.0 
27894.0 39757.0 
28763.0 39631.0 
32934.0 39512.0 
36184.0 39385.0 
16571.0 41792.0 
17171.0 40744.0 
linkage migration
push: 12 pull: 66
Final PF: 
18092.0 40466.0 
18545.0 40444.0 
18596.0 40337.0 
19912.0 40313.0 
21266.0 40310.0 
21342.0 40064.0 
21708.0 39975.0 
24516.0 39972.0 
24592.0 39916.0 
24820.0 39865.0 
25513.0 39758.0 
27894.0 39757.0 
28687.0 39755.0 
32013.0 39573.0 
51026.0 39071.0 
31937.0 39629.0 
39434.0 39357.0 
40355.0 39279.0 
43605.0 39153.0 
16156.0 41995.0 
28763.0 39631.0 
32934.0 39512.0 
36184.0 39385.0 
16023.0 42463.0 
16515.0 41267.0 
16595.0 41035.0 
17095.0 40954.0 
17171.0 40744.0 
57450.0 39011.0 



---------------------------------------
Quality Indicator Results: 

for each remove method 
Remove random   


 GD: 
47118.461
47041.523
47136.904
47308.717


 D1R: 
44214.441
44214.441
44214.441
44214.441
DCI: 
0.565
0.826
0.522
0.652


 IGD: 
152.615
27.477
121.267
221.836


 HV: 
0.994
1.0
0.996
0.999


Remove worst   


 GD: 
47118.461
47403.882
47135.151
47092.253


 D1R: 
44214.441
44214.441
44214.441
44214.441
DCI: 
0.5
0.864
0.636
0.682


 IGD: 
143.175
104.539
127.621
74.489


 HV: 
0.995
0.998
0.998
1.0



---------------------------------------
for each add method
Add new


 GD: 
47118.461
47118.461


 D1R: 
44214.441
44214.441
DCI: 
1.0
1.0


 IGD: 
0.0
0.0


 HV: 
1.0
1.0


Add random


 GD: 
47041.523
47403.882


 D1R: 
44214.441
44214.441
DCI: 
0.773
0.682


 IGD: 
10.52
88.596


 HV: 
1.0
0.997


Add best


 GD: 
47136.904
47135.151


 D1R: 
44214.441
44214.441
DCI: 
0.9
1.0


 IGD: 
2.1
0.0


 HV: 
0.999
1.0


Add diversity


 GD: 
47308.717
47092.253


 D1R: 
44214.441
44214.441
DCI: 
0.875
0.833


 IGD: 
36.726
161.833


 HV: 
1.0
1.0



---------------------------------------
 results for all together 

Remove nothing   Add nothing
Remove random   Add new
Remove random   Add random
Remove random   Add best
Remove random   Add diversity
Remove worst   Add new
Remove worst   Add random
Remove worst   Add best
Remove worst   Add diversity
Linkage migration


 GD: 
47119.339
47118.461
47041.523
47136.904
47308.717
47118.461
47403.882
47135.151
47092.253
49239.238


 D1R: 
44214.441
44214.441
44214.441
44214.441
44214.441
44214.441
44214.441
44214.441
44214.441
44214.441
DCI: 
0.241
0.276
0.379
0.241
0.276
0.276
0.414
0.276
0.345
0.989


 IGD: 
683.694
682.972
644.821
686.181
690.648
682.972
676.077
684.816
670.794
0.036


 HV: 
0.976
0.977
0.98
0.978
0.981
0.977
0.978
0.978
0.98
1.0


---------------------------------------
 actions for all together 

58 0
53 158
22 106
45 138
36 124
54 158
17 102
44 133
26 94
12 66

