seeds 1037 factoryScale4 numberOfIslands5 numberOfReplacement1 notImprovedInARow 3

remove and add nothing
push: 58 pull: 0
Final PF: 
21708.0 39975.0 
24516.0 39972.0 
24592.0 39916.0 
24820.0 39905.0 
28763.0 39672.0 
32013.0 39613.0 
16816.0 41742.0 
16956.0 41631.0 
25513.0 39846.0 
16990.0 41461.0 
18092.0 40531.0 
18545.0 40509.0 
18596.0 40402.0 
19912.0 40378.0 
21266.0 40377.0 
21657.0 40171.0 
16515.0 43052.0 
16571.0 41943.0 
17171.0 40993.0 
21342.0 40182.0 
50105.0 39351.0 
54276.0 39245.0 
36184.0 39410.0 
Remove random   Add new
push: 52 pull: 157
Final PF: 
16290.0 52328.0 
21708.0 39975.0 
24516.0 39972.0 
24592.0 39916.0 
24820.0 39905.0 
28763.0 39632.0 
32013.0 39613.0 
16816.0 41742.0 
16956.0 41631.0 
25513.0 39846.0 
16990.0 41461.0 
18092.0 40531.0 
18545.0 40509.0 
18596.0 40402.0 
19912.0 40378.0 
21266.0 40377.0 
21657.0 40171.0 
16515.0 42833.0 
16571.0 41785.0 
17171.0 40835.0 
21342.0 40182.0 
28687.0 39814.0 
50105.0 39351.0 
54276.0 39245.0 
36184.0 39410.0 
Remove random   Add random
push: 21 pull: 109
Final PF: 
16816.0 41687.0 
16956.0 41631.0 
16990.0 41423.0 
18092.0 40531.0 
18596.0 40337.0 
19912.0 40313.0 
21266.0 40310.0 
21708.0 39975.0 
24516.0 39972.0 
24592.0 39916.0 
24820.0 39905.0 
25513.0 39758.0 
28687.0 39757.0 
28763.0 39632.0 
32013.0 39573.0 
36184.0 39410.0 
54276.0 39245.0 
21342.0 40153.0 
18545.0 40509.0 
16515.0 42991.0 
16571.0 41943.0 
17171.0 40993.0 
50105.0 39351.0 
Remove random   Add best
push: 47 pull: 138
Final PF: 
16990.0 41461.0 
17171.0 40835.0 
21708.0 39975.0 
24516.0 39972.0 
24592.0 39916.0 
24820.0 39905.0 
28763.0 39672.0 
32013.0 39613.0 
16816.0 41742.0 
16956.0 41631.0 
18092.0 40531.0 
18545.0 40509.0 
18596.0 40402.0 
19912.0 40378.0 
21266.0 40377.0 
16515.0 42833.0 
16571.0 41785.0 
21342.0 40142.0 
25513.0 39836.0 
28687.0 39833.0 
42684.0 39369.0 
50105.0 39351.0 
54276.0 39245.0 
36184.0 39410.0 
Remove random   Add diversity
push: 38 pull: 132
Final PF: 
21708.0 39975.0 
24516.0 39972.0 
24592.0 39916.0 
24820.0 39905.0 
28763.0 39632.0 
31937.0 39631.0 
32013.0 39573.0 
50105.0 39351.0 
16515.0 41531.0 
16595.0 41299.0 
17095.0 41236.0 
18092.0 40531.0 
18545.0 40509.0 
21342.0 40129.0 
17171.0 40835.0 
42684.0 39369.0 
54276.0 39245.0 
18596.0 40337.0 
19912.0 40313.0 
25513.0 39758.0 
36184.0 39386.0 
Remove worst   Add new
push: 55 pull: 151
Final PF: 
21708.0 39975.0 
24516.0 39972.0 
24592.0 39916.0 
24820.0 39905.0 
28763.0 39672.0 
32013.0 39613.0 
16816.0 41742.0 
16956.0 41631.0 
16990.0 41461.0 
18092.0 40531.0 
18545.0 40509.0 
18596.0 40402.0 
19912.0 40378.0 
21266.0 40377.0 
16515.0 42833.0 
16571.0 41785.0 
17171.0 40835.0 
21342.0 40142.0 
25513.0 39836.0 
42684.0 39369.0 
50105.0 39351.0 
54276.0 39245.0 
36184.0 39410.0 
Remove worst   Add random
push: 19 pull: 97
Final PF: 
16515.0 42833.0 
18545.0 40509.0 
21708.0 39975.0 
24516.0 39972.0 
24592.0 39916.0 
25513.0 39836.0 
28763.0 39632.0 
18092.0 40531.0 
18596.0 40402.0 
19912.0 40378.0 
21266.0 40377.0 
16816.0 41681.0 
16956.0 41570.0 
16571.0 41785.0 
17171.0 40835.0 
21342.0 40064.0 
42684.0 39369.0 
50105.0 39351.0 
54276.0 39245.0 
16990.0 41387.0 
24820.0 39889.0 
32013.0 39573.0 
36184.0 39410.0 
Remove worst   Add best
push: 44 pull: 134
Final PF: 
16990.0 41396.0 
17171.0 40835.0 
21708.0 39975.0 
24516.0 39972.0 
24592.0 39916.0 
16956.0 41631.0 
16816.0 41651.0 
18092.0 40466.0 
18545.0 40444.0 
18596.0 40337.0 
19912.0 40313.0 
21266.0 40312.0 
16515.0 42833.0 
16571.0 41785.0 
25513.0 39836.0 
42684.0 39369.0 
50105.0 39351.0 
54276.0 39245.0 
21342.0 40064.0 
24820.0 39889.0 
28763.0 39632.0 
32013.0 39573.0 
36184.0 39410.0 
Remove worst   Add diversity
push: 32 pull: 117
Final PF: 
21708.0 39975.0 
24516.0 39972.0 
28763.0 39632.0 
31937.0 39631.0 
32013.0 39573.0 
50105.0 39351.0 
16816.0 41681.0 
16956.0 41570.0 
16990.0 41396.0 
18092.0 40466.0 
18545.0 40444.0 
18596.0 40337.0 
19912.0 40313.0 
21266.0 40312.0 
21342.0 40064.0 
36184.0 39386.0 
16515.0 42991.0 
16571.0 41792.0 
17171.0 40744.0 
42684.0 39369.0 
54276.0 39245.0 
24592.0 39915.0 
24820.0 39889.0 
25513.0 39758.0 
linkage migration
push: 26 pull: 101
Final PF: 
17095.0 41082.0 
21708.0 39975.0 
24516.0 39972.0 
24592.0 39916.0 
24820.0 39865.0 
28763.0 39632.0 
31937.0 39631.0 
32013.0 39573.0 
39434.0 39351.0 
16515.0 41526.0 
16519.0 41463.0 
43605.0 39177.0 
16990.0 41461.0 
17171.0 40835.0 
18092.0 40466.0 
18545.0 40444.0 
18596.0 40337.0 
19912.0 40313.0 
21342.0 40064.0 
25513.0 39758.0 
36184.0 39386.0 
42684.0 39315.0 
50105.0 39082.0 



---------------------------------------
Quality Indicator Results: 

for each remove method 
Remove random   


 GD: 
48266.446
48096.499
48512.118
48972.093


 D1R: 
44298.312
44385.611
44298.312
44298.312
DCI: 
0.458
0.625
0.417
0.875


 IGD: 
332.19
712.872
457.462
464.248


 HV: 
0.997
0.998
0.998
1.0


Remove worst   


 GD: 
48487.088
48472.851
48461.709
48561.431


 D1R: 
44298.312
44298.312
44298.312
44214.441
DCI: 
0.319
0.569
0.736
0.833


 IGD: 
41.546
26.858
14.983
8.5


 HV: 
0.992
0.994
0.996
1.0



---------------------------------------
for each add method
Add new


 GD: 
48266.446
48487.088


 D1R: 
44298.312
44298.312
DCI: 
0.88
0.88


 IGD: 
262.005
387.949


 HV: 
1.0
1.0


Add random


 GD: 
48096.499
48472.851


 D1R: 
44385.611
44298.312
DCI: 
0.625
0.792


 IGD: 
299.255
17.554


 HV: 
0.999
1.0


Add best


 GD: 
48512.118
48461.709


 D1R: 
44298.312
44298.312
DCI: 
0.542
0.958


 IGD: 
27.292
8.954


 HV: 
0.995
1.0


Add diversity


 GD: 
48972.093
48561.431


 D1R: 
44298.312
44214.441
DCI: 
0.712
0.864


 IGD: 
22.78
39.321


 HV: 
1.0
0.999



---------------------------------------
 results for all together 

Remove nothing   Add nothing
Remove random   Add new
Remove random   Add random
Remove random   Add best
Remove random   Add diversity
Remove worst   Add new
Remove worst   Add random
Remove worst   Add best
Remove worst   Add diversity
Linkage migration


 GD: 
47970.139
48266.446
48096.499
48512.118
48972.093
48487.088
48472.851
48461.709
48561.431
48701.602


 D1R: 
44385.611
44298.312
44385.611
44298.312
44298.312
44298.312
44298.312
44298.312
44214.441
44298.312
DCI: 
0.103
0.179
0.372
0.103
0.41
0.103
0.218
0.372
0.538
0.795


 IGD: 
1118.934
735.767
1098.651
635.685
637.636
637.206
631.347
618.429
603.984
459.234


 HV: 
0.991
0.992
0.993
0.992
0.995
0.992
0.993
0.993
0.994
1.0


---------------------------------------
 actions for all together 

58 0
52 157
21 109
47 138
38 132
55 151
19 97
44 134
32 117
26 101

