seeds 1027 factoryScale4 numberOfIslands5 numberOfReplacement1 notImprovedInARow 3

remove and add nothing
push: 58 pull: 0
Final PF: 
16595.0 41259.0 
17095.0 41160.0 
18016.0 41083.0 
27894.0 39757.0 
18092.0 40466.0 
18545.0 40444.0 
18596.0 40337.0 
19912.0 40313.0 
21266.0 40312.0 
21342.0 40064.0 
21708.0 39975.0 
24592.0 39963.0 
25513.0 39758.0 
28763.0 39632.0 
31937.0 39631.0 
32934.0 39525.0 
39358.0 39396.0 
16023.0 45623.0 
16290.0 43116.0 
24820.0 39924.0 
36184.0 39515.0 
16515.0 41645.0 
17171.0 41146.0 
Remove random   Add new
push: 57 pull: 164
Final PF: 
16595.0 41259.0 
17095.0 41160.0 
18016.0 41083.0 
27894.0 39757.0 
16023.0 45623.0 
16290.0 43116.0 
24592.0 39934.0 
24820.0 39924.0 
32013.0 39591.0 
36184.0 39515.0 
18092.0 40466.0 
18545.0 40444.0 
18596.0 40337.0 
19912.0 40313.0 
21266.0 40312.0 
21342.0 40064.0 
21708.0 39975.0 
25513.0 39758.0 
28763.0 39632.0 
31937.0 39631.0 
32934.0 39525.0 
39358.0 39396.0 
16515.0 41645.0 
17171.0 41146.0 
Remove random   Add random
push: 19 pull: 109
Final PF: 
16515.0 41515.0 
16595.0 41120.0 
17095.0 41021.0 
18092.0 40466.0 
24592.0 39915.0 
27894.0 39757.0 
31937.0 39631.0 
39358.0 39396.0 
32934.0 39511.0 
36184.0 39452.0 
21342.0 40064.0 
25513.0 39758.0 
32013.0 39591.0 
16023.0 44173.0 
16290.0 42992.0 
17171.0 40859.0 
18545.0 40444.0 
18596.0 40337.0 
19912.0 40313.0 
21266.0 40312.0 
21708.0 39975.0 
28763.0 39632.0 
Remove random   Add best
push: 52 pull: 148
Final PF: 
16595.0 41259.0 
17095.0 41160.0 
27894.0 39757.0 
16023.0 45623.0 
16290.0 43116.0 
32013.0 39598.0 
36184.0 39515.0 
16515.0 41645.0 
17171.0 41007.0 
18092.0 40466.0 
18545.0 40444.0 
18596.0 40337.0 
19912.0 40313.0 
21266.0 40312.0 
21342.0 40064.0 
21708.0 39975.0 
24592.0 39916.0 
25513.0 39758.0 
28763.0 39632.0 
31937.0 39631.0 
32934.0 39525.0 
36108.0 39522.0 
39358.0 39396.0 
Remove random   Add diversity
push: 42 pull: 137
Final PF: 
16290.0 43000.0 
27894.0 39757.0 
31937.0 39631.0 
32934.0 39512.0 
36184.0 39453.0 
16515.0 41334.0 
16595.0 41102.0 
17095.0 41021.0 
17171.0 40835.0 
16023.0 45623.0 
32013.0 39591.0 
39358.0 39396.0 
18092.0 40466.0 
18545.0 40444.0 
18596.0 40337.0 
19912.0 40313.0 
21266.0 40312.0 
21342.0 40064.0 
21708.0 39975.0 
24592.0 39916.0 
25513.0 39758.0 
28763.0 39632.0 
Remove worst   Add new
push: 51 pull: 138
Final PF: 
16595.0 41259.0 
17095.0 41160.0 
18016.0 41083.0 
27894.0 39757.0 
18092.0 40466.0 
18545.0 40444.0 
18596.0 40337.0 
19912.0 40313.0 
21266.0 40312.0 
21342.0 40064.0 
21708.0 39975.0 
24516.0 39974.0 
25513.0 39758.0 
28763.0 39632.0 
31937.0 39631.0 
32934.0 39525.0 
39358.0 39396.0 
16023.0 45623.0 
16290.0 43116.0 
24592.0 39934.0 
24820.0 39905.0 
32013.0 39591.0 
36184.0 39515.0 
16515.0 41645.0 
17171.0 41146.0 
Remove worst   Add random
push: 22 pull: 94
Final PF: 
16515.0 41448.0 
16595.0 41053.0 
17095.0 40954.0 
18596.0 40337.0 
19912.0 40313.0 
27894.0 39757.0 
32013.0 39572.0 
32934.0 39525.0 
16290.0 43116.0 
18545.0 40444.0 
21342.0 40064.0 
36184.0 39459.0 
16023.0 45623.0 
24592.0 39934.0 
24820.0 39905.0 
18092.0 40466.0 
21266.0 40312.0 
21708.0 39975.0 
24516.0 39974.0 
25513.0 39758.0 
28763.0 39632.0 
31937.0 39631.0 
39358.0 39396.0 
17171.0 40859.0 
Remove worst   Add best
push: 51 pull: 142
Final PF: 
16595.0 41259.0 
17095.0 41160.0 
27894.0 39757.0 
16023.0 45623.0 
16290.0 43116.0 
24820.0 39905.0 
32013.0 39591.0 
36184.0 39515.0 
16515.0 41645.0 
17171.0 41007.0 
18092.0 40466.0 
18545.0 40444.0 
18596.0 40337.0 
19912.0 40313.0 
21266.0 40312.0 
21342.0 40064.0 
21708.0 39975.0 
24516.0 39974.0 
24592.0 39916.0 
25513.0 39758.0 
28763.0 39632.0 
31937.0 39631.0 
32934.0 39525.0 
39358.0 39396.0 
Remove worst   Add diversity
push: 37 pull: 124
Final PF: 
16290.0 43000.0 
16515.0 41448.0 
16595.0 41053.0 
17095.0 40954.0 
27894.0 39757.0 
31937.0 39631.0 
18596.0 40337.0 
19912.0 40313.0 
21266.0 40310.0 
25513.0 39758.0 
24592.0 39934.0 
24820.0 39905.0 
32013.0 39591.0 
36184.0 39515.0 
39358.0 39396.0 
16023.0 44297.0 
18092.0 40466.0 
18545.0 40444.0 
21342.0 40064.0 
21708.0 39975.0 
28763.0 39632.0 
32934.0 39525.0 
17171.0 40859.0 
linkage migration
push: 13 pull: 74
Final PF: 
16515.0 41267.0 
17095.0 40954.0 
17171.0 40768.0 
18092.0 40466.0 
18545.0 40444.0 
18596.0 40337.0 
19912.0 40313.0 
21708.0 39975.0 
25513.0 39758.0 
28763.0 39632.0 
32934.0 39512.0 
36184.0 39386.0 
39434.0 39334.0 
43605.0 39153.0 
46855.0 39118.0 
21266.0 40310.0 
21342.0 40064.0 
24592.0 39915.0 
24820.0 39884.0 
27894.0 39757.0 
28687.0 39755.0 
31937.0 39629.0 
32013.0 39572.0 
16023.0 43612.0 
16156.0 42548.0 
51026.0 39071.0 
16595.0 41035.0 
24516.0 39972.0 



---------------------------------------
Quality Indicator Results: 

for each remove method 
Remove random   


 GD: 
47233.383
47251.526
47614.181
47304.64


 D1R: 
44326.263
44320.437
44326.263
44298.312
DCI: 
0.591
0.864
0.576
0.864


 IGD: 
92.13
10.136
82.506
55.182


 HV: 
0.992
1.0
0.993
0.997


Remove worst   


 GD: 
47219.123
47280.556
47311.452
47240.743


 D1R: 
44326.263
44280.276
44326.263
44280.276
DCI: 
0.583
0.833
0.625
0.833


 IGD: 
96.575
56.117
85.311
7.453


 HV: 
0.994
0.999
0.995
1.0



---------------------------------------
for each add method
Add new


 GD: 
47233.383
47219.123


 D1R: 
44326.263
44326.263
DCI: 
0.92
1.0


 IGD: 
4.195
0.0


 HV: 
1.0
1.0


Add random


 GD: 
47251.526
47280.556


 D1R: 
44320.437
44280.276
DCI: 
0.75
0.792


 IGD: 
22.685
52.258


 HV: 
1.0
0.997


Add best


 GD: 
47614.181
47311.452


 D1R: 
44326.263
44326.263
DCI: 
0.88
0.96


 IGD: 
13.235
3.053


 HV: 
1.0
1.0


Add diversity


 GD: 
47304.64
47240.743


 D1R: 
44298.312
44280.276
DCI: 
0.783
0.783


 IGD: 
72.629
10.043


 HV: 
0.999
1.0



---------------------------------------
 results for all together 

Remove nothing   Add nothing
Remove random   Add new
Remove random   Add random
Remove random   Add best
Remove random   Add diversity
Remove worst   Add new
Remove worst   Add random
Remove worst   Add best
Remove worst   Add diversity
Linkage migration


 GD: 
47074.412
47233.383
47251.526
47614.181
47304.64
47219.123
47280.556
47311.452
47240.743
48744.029


 D1R: 
44326.263
44326.263
44320.437
44326.263
44298.312
44326.263
44280.276
44326.263
44280.276
44236.558
DCI: 
0.321
0.321
0.393
0.345
0.369
0.321
0.393
0.345
0.393
0.988


 IGD: 
534.881
531.26
512.889
528.902
511.947
527.484
502.543
517.471
508.033
0.037


 HV: 
0.98
0.981
0.986
0.981
0.984
0.981
0.984
0.981
0.984
1.0


---------------------------------------
 actions for all together 

58 0
57 164
19 109
52 148
42 137
51 138
22 94
51 142
37 124
13 74

