seeds 1036 factoryScale4 numberOfIslands5 numberOfReplacement1 notImprovedInARow 3

remove and add nothing
push: 53 pull: 0
Final PF: 
18092.0 40466.0 
18545.0 40444.0 
18596.0 40337.0 
19912.0 40313.0 
21266.0 40312.0 
21708.0 39975.0 
24516.0 39974.0 
24820.0 39865.0 
25513.0 39758.0 
28763.0 39632.0 
43605.0 39153.0 
16515.0 41358.0 
16595.0 41144.0 
17095.0 41045.0 
17171.0 40835.0 
21342.0 40064.0 
24592.0 39915.0 
32013.0 39596.0 
39434.0 39339.0 
42684.0 39304.0 
16023.0 44419.0 
16156.0 44070.0 
16290.0 43644.0 
32934.0 39511.0 
36184.0 39385.0 
46855.0 39133.0 
54276.0 39051.0 
57450.0 39050.0 
Remove random   Add new
push: 45 pull: 138
Final PF: 
18092.0 40466.0 
18545.0 40444.0 
18596.0 40337.0 
19912.0 40313.0 
21708.0 39975.0 
24516.0 39974.0 
24820.0 39865.0 
25513.0 39758.0 
28763.0 39632.0 
43605.0 39153.0 
17171.0 40744.0 
21266.0 40310.0 
21342.0 40064.0 
24592.0 39915.0 
32013.0 39573.0 
39434.0 39339.0 
42684.0 39304.0 
16515.0 41358.0 
16595.0 41144.0 
17095.0 41045.0 
16023.0 44413.0 
16156.0 44070.0 
16290.0 43644.0 
32934.0 39511.0 
36184.0 39385.0 
46855.0 39133.0 
54276.0 39051.0 
57450.0 39050.0 
Remove random   Add random
push: 19 pull: 95
Final PF: 
18092.0 40466.0 
18545.0 40444.0 
18596.0 40337.0 
19912.0 40313.0 
21342.0 40064.0 
21708.0 39975.0 
24516.0 39974.0 
24820.0 39865.0 
25513.0 39758.0 
28763.0 39632.0 
32013.0 39596.0 
32934.0 39511.0 
42684.0 39304.0 
43605.0 39153.0 
46855.0 39133.0 
57450.0 39050.0 
16023.0 44419.0 
16515.0 41358.0 
17095.0 41045.0 
24592.0 39915.0 
39434.0 39339.0 
16595.0 41126.0 
17171.0 40744.0 
16156.0 44070.0 
16290.0 43644.0 
21266.0 40310.0 
36184.0 39385.0 
54276.0 39051.0 
Remove random   Add best
push: 45 pull: 133
Final PF: 
16595.0 41144.0 
18092.0 40466.0 
18545.0 40444.0 
18596.0 40337.0 
19912.0 40313.0 
21266.0 40312.0 
21708.0 39975.0 
24516.0 39974.0 
24820.0 39865.0 
25513.0 39758.0 
28763.0 39632.0 
43605.0 39153.0 
21342.0 40064.0 
24592.0 39915.0 
32013.0 39573.0 
39434.0 39327.0 
42684.0 39291.0 
16515.0 41358.0 
17095.0 41045.0 
16023.0 44419.0 
16156.0 44070.0 
16290.0 43644.0 
17171.0 40744.0 
32934.0 39511.0 
36184.0 39385.0 
46855.0 39133.0 
54276.0 39051.0 
57450.0 39050.0 
Remove random   Add diversity
push: 37 pull: 125
Final PF: 
18092.0 40466.0 
18545.0 40444.0 
18596.0 40337.0 
19912.0 40313.0 
21266.0 40312.0 
21708.0 39975.0 
24516.0 39974.0 
24820.0 39865.0 
25513.0 39758.0 
39434.0 39339.0 
43605.0 39153.0 
46855.0 39133.0 
21342.0 40064.0 
24592.0 39915.0 
32013.0 39573.0 
42684.0 39291.0 
16515.0 41358.0 
16595.0 41144.0 
17095.0 41045.0 
36184.0 39385.0 
16023.0 44132.0 
16122.0 44021.0 
16256.0 43625.0 
17171.0 40744.0 
27894.0 39757.0 
28763.0 39631.0 
32934.0 39511.0 
54276.0 39051.0 
57450.0 39050.0 
Remove worst   Add new
push: 39 pull: 119
Final PF: 
18092.0 40466.0 
18545.0 40444.0 
18596.0 40337.0 
19912.0 40313.0 
21708.0 39975.0 
24516.0 39974.0 
24820.0 39865.0 
25513.0 39758.0 
28687.0 39757.0 
28763.0 39632.0 
43605.0 39153.0 
17171.0 40744.0 
21266.0 40310.0 
21342.0 40064.0 
24592.0 39915.0 
32013.0 39573.0 
42684.0 39304.0 
16515.0 41358.0 
16595.0 41144.0 
17095.0 41045.0 
16023.0 44419.0 
16156.0 44070.0 
16290.0 43644.0 
32934.0 39511.0 
36184.0 39385.0 
39434.0 39327.0 
46855.0 39118.0 
54276.0 39051.0 
57450.0 39050.0 
Remove worst   Add random
push: 23 pull: 95
Final PF: 
16595.0 41035.0 
18092.0 40466.0 
18545.0 40444.0 
18596.0 40337.0 
19912.0 40313.0 
21266.0 40310.0 
21708.0 39975.0 
24516.0 39974.0 
24820.0 39865.0 
25513.0 39758.0 
28687.0 39757.0 
28763.0 39632.0 
43605.0 39153.0 
16515.0 41267.0 
17171.0 40744.0 
21342.0 40064.0 
24592.0 39915.0 
32013.0 39573.0 
39434.0 39339.0 
42684.0 39304.0 
17095.0 40954.0 
16023.0 44419.0 
16156.0 44070.0 
16290.0 43644.0 
32934.0 39511.0 
36184.0 39385.0 
46855.0 39133.0 
54276.0 39051.0 
57450.0 39050.0 
Remove worst   Add best
push: 39 pull: 113
Final PF: 
16595.0 41144.0 
18092.0 40466.0 
18545.0 40444.0 
18596.0 40337.0 
19912.0 40313.0 
21708.0 39975.0 
24516.0 39974.0 
24820.0 39865.0 
25513.0 39758.0 
28687.0 39757.0 
28763.0 39632.0 
43605.0 39153.0 
17171.0 40744.0 
21266.0 40310.0 
21342.0 40064.0 
24592.0 39915.0 
32013.0 39573.0 
42684.0 39304.0 
16515.0 41358.0 
17095.0 41045.0 
16023.0 44419.0 
16156.0 44070.0 
16290.0 43644.0 
32934.0 39511.0 
36184.0 39385.0 
39434.0 39327.0 
46855.0 39118.0 
54276.0 39051.0 
57450.0 39050.0 
Remove worst   Add diversity
push: 27 pull: 87
Final PF: 
16290.0 43644.0 
17171.0 40744.0 
18596.0 40337.0 
19912.0 40313.0 
21266.0 40310.0 
21342.0 40064.0 
21708.0 39975.0 
24516.0 39974.0 
24592.0 39915.0 
24820.0 39865.0 
25513.0 39758.0 
27894.0 39757.0 
28763.0 39632.0 
32013.0 39573.0 
46855.0 39133.0 
16023.0 44419.0 
18092.0 40466.0 
18545.0 40444.0 
43605.0 39153.0 
16515.0 41358.0 
16595.0 41053.0 
17095.0 40954.0 
16156.0 44070.0 
32934.0 39511.0 
36184.0 39385.0 
39434.0 39327.0 
40355.0 39279.0 
54276.0 39051.0 
57450.0 39050.0 
linkage migration
push: 16 pull: 63
Final PF: 
18092.0 40466.0 
18545.0 40444.0 
18596.0 40337.0 
19912.0 40313.0 
21266.0 40310.0 
21342.0 40064.0 
21708.0 39975.0 
24820.0 39865.0 
25513.0 39758.0 
36184.0 39385.0 
46855.0 39093.0 
54276.0 39012.0 
17171.0 40744.0 
24516.0 39972.0 
24592.0 39915.0 
28687.0 39755.0 
28763.0 39631.0 
32013.0 39572.0 
43605.0 39152.0 
16515.0 41267.0 
16595.0 41035.0 
17095.0 40954.0 
31937.0 39629.0 
16023.0 42495.0 
16156.0 42214.0 
27894.0 39757.0 
32934.0 39511.0 
39434.0 39326.0 
40355.0 39297.0 
51026.0 39070.0 
15590.0 46471.0 



---------------------------------------
Quality Indicator Results: 

for each remove method 
Remove random   


 GD: 
49837.19
49837.434
49836.837
49780.974


 D1R: 
44214.441
44214.441
44214.441
44214.441
DCI: 
0.747
0.747
0.782
0.897


 IGD: 
40.251
40.423
39.458
1.103


 HV: 
1.0
1.0
1.0
1.0


Remove worst   


 GD: 
49808.794
49800.122
49808.794
49728.547


 D1R: 
44214.441
44214.441
44214.441
44214.441
DCI: 
0.828
0.862
0.828
0.897


 IGD: 
69.181
60.102
69.181
4.276


 HV: 
1.0
0.999
1.0
1.0



---------------------------------------
for each add method
Add new


 GD: 
49837.19
49808.794


 D1R: 
44214.441
44214.441
DCI: 
0.897
0.966


 IGD: 
5.976
0.207


 HV: 
0.999
1.0


Add random


 GD: 
49837.434
49800.122


 D1R: 
44214.441
44214.441
DCI: 
0.828
1.0


 IGD: 
15.251
0.0


 HV: 
1.0
1.0


Add best


 GD: 
49836.837
49808.794


 D1R: 
44214.441
44214.441
DCI: 
0.897
0.966


 IGD: 
5.631
0.448


 HV: 
1.0
1.0


Add diversity


 GD: 
49780.974
49728.547


 D1R: 
44214.441
44214.441
DCI: 
0.828
0.885


 IGD: 
38.585
8.494


 HV: 
0.999
1.0



---------------------------------------
 results for all together 

Remove nothing   Add nothing
Remove random   Add new
Remove random   Add random
Remove random   Add best
Remove random   Add diversity
Remove worst   Add new
Remove worst   Add random
Remove worst   Add best
Remove worst   Add diversity
Linkage migration


 GD: 
49841.089
49837.19
49837.434
49836.837
49780.974
49808.794
49800.122
49808.794
49728.547
49535.352


 D1R: 
44298.312
44214.441
44214.441
44214.441
44214.441
44214.441
44214.441
44214.441
44214.441
44214.441
DCI: 
0.398
0.484
0.462
0.473
0.495
0.505
0.581
0.505
0.602
0.968


 IGD: 
310.888
307.808
307.42
307.29
288.237
299.648
294.062
299.648
245.284
100.976


 HV: 
0.994
0.995
0.995
0.995
0.995
0.995
0.995
0.995
0.995
1.0


---------------------------------------
 actions for all together 

53 0
45 138
19 95
45 133
37 125
39 119
23 95
39 113
27 87
16 63

