seeds 1011 factoryScale10 numberOfIslands5 numberOfReplacement1 notImprovedInARow 3

remove and add nothing
push: 59 pull: 0
Final PF: 
32934.0 39512.0 
16816.0 41979.0 
18596.0 40337.0 
19912.0 40313.0 
21266.0 40310.0 
21708.0 39975.0 
24516.0 39972.0 
25513.0 39758.0 
28763.0 39632.0 
32013.0 39573.0 
36184.0 39410.0 
39434.0 39350.0 
40355.0 39279.0 
43605.0 39177.0 
51026.0 39071.0 
16515.0 42367.0 
16595.0 42135.0 
21342.0 40064.0 
16990.0 41417.0 
17516.0 41185.0 
18016.0 41122.0 
18092.0 40496.0 
18545.0 40479.0 
16023.0 47103.0 
16495.0 45893.0 
16956.0 41540.0 
24592.0 39915.0 
Remove random   Add new
push: 54 pull: 159
Final PF: 
32934.0 39512.0 
40355.0 39279.0 
43605.0 39153.0 
51026.0 39071.0 
16990.0 41387.0 
17516.0 41155.0 
18016.0 41092.0 
18092.0 40466.0 
18545.0 40449.0 
18596.0 40337.0 
19912.0 40313.0 
21342.0 40064.0 
25513.0 39758.0 
16816.0 41979.0 
21266.0 40310.0 
21708.0 39975.0 
24516.0 39972.0 
28763.0 39631.0 
32013.0 39573.0 
36184.0 39409.0 
39434.0 39350.0 
46855.0 39117.0 
16023.0 47103.0 
16495.0 45893.0 
16956.0 41540.0 
24592.0 39915.0 
16515.0 42367.0 
16595.0 42135.0 
Remove random   Add random
push: 24 pull: 106
Final PF: 
16515.0 42367.0 
16595.0 42135.0 
16956.0 41540.0 
17516.0 41155.0 
18092.0 40466.0 
18596.0 40337.0 
19912.0 40313.0 
21266.0 40310.0 
21342.0 40064.0 
21708.0 39975.0 
24592.0 39915.0 
25513.0 39758.0 
28687.0 39757.0 
28763.0 39632.0 
32934.0 39512.0 
51026.0 39071.0 
16023.0 47103.0 
16156.0 46823.0 
16990.0 41387.0 
18016.0 41092.0 
32013.0 39573.0 
36108.0 39511.0 
36184.0 39386.0 
40355.0 39279.0 
16495.0 45893.0 
24516.0 39972.0 
31937.0 39631.0 
43605.0 39153.0 
46855.0 39117.0 
16816.0 41651.0 
39434.0 39333.0 
18545.0 40444.0 
Remove random   Add best
push: 52 pull: 158
Final PF: 
16990.0 41417.0 
17516.0 41185.0 
18016.0 41122.0 
32934.0 39512.0 
40355.0 39279.0 
43605.0 39153.0 
51026.0 39071.0 
18092.0 40496.0 
18545.0 40479.0 
18596.0 40337.0 
19912.0 40313.0 
21342.0 40064.0 
25513.0 39758.0 
16816.0 41979.0 
21266.0 40310.0 
21708.0 39975.0 
24516.0 39972.0 
28763.0 39632.0 
32013.0 39573.0 
36184.0 39410.0 
39434.0 39350.0 
46855.0 39117.0 
16023.0 47103.0 
16495.0 45893.0 
16956.0 41540.0 
24592.0 39915.0 
16515.0 42367.0 
16595.0 42135.0 
Remove random   Add diversity
push: 32 pull: 119
Final PF: 
16023.0 45997.0 
16571.0 41785.0 
17171.0 40835.0 
32934.0 39512.0 
40355.0 39279.0 
43605.0 39153.0 
51026.0 39071.0 
16990.0 41387.0 
18092.0 40466.0 
18596.0 40337.0 
19912.0 40313.0 
21342.0 40064.0 
25513.0 39758.0 
36184.0 39386.0 
16156.0 43609.0 
16495.0 43546.0 
16515.0 42128.0 
21266.0 40310.0 
21708.0 39975.0 
24516.0 39972.0 
28687.0 39757.0 
46855.0 39117.0 
16956.0 41540.0 
24592.0 39915.0 
28763.0 39631.0 
32013.0 39572.0 
39434.0 39333.0 
18545.0 40444.0 
Remove worst   Add new
push: 48 pull: 142
Final PF: 
32934.0 39512.0 
40355.0 39279.0 
51026.0 39071.0 
16990.0 41387.0 
17516.0 41155.0 
18016.0 41092.0 
18092.0 40466.0 
18545.0 40449.0 
18596.0 40337.0 
19912.0 40313.0 
21342.0 40064.0 
21708.0 39975.0 
25513.0 39758.0 
36184.0 39386.0 
16816.0 41979.0 
21266.0 40310.0 
24516.0 39972.0 
28763.0 39631.0 
32013.0 39573.0 
39434.0 39350.0 
43605.0 39152.0 
46855.0 39117.0 
16023.0 47103.0 
16495.0 45893.0 
16956.0 41540.0 
24592.0 39915.0 
16515.0 42367.0 
16595.0 42135.0 
Remove worst   Add random
push: 25 pull: 81
Final PF: 
16515.0 41473.0 
16595.0 41241.0 
17095.0 41178.0 
21342.0 40064.0 
21708.0 39975.0 
25513.0 39758.0 
32013.0 39573.0 
32934.0 39512.0 
36184.0 39386.0 
39358.0 39383.0 
40355.0 39279.0 
46855.0 39117.0 
51026.0 39071.0 
17516.0 41155.0 
18016.0 41092.0 
18092.0 40466.0 
18545.0 40449.0 
18596.0 40337.0 
19912.0 40313.0 
24592.0 39915.0 
28763.0 39631.0 
21266.0 40310.0 
24516.0 39972.0 
43605.0 39152.0 
16495.0 45893.0 
39434.0 39334.0 
16023.0 46402.0 
Remove worst   Add best
push: 46 pull: 139
Final PF: 
16990.0 41387.0 
32934.0 39512.0 
40355.0 39279.0 
51026.0 39071.0 
17516.0 41155.0 
18016.0 41092.0 
18092.0 40466.0 
18545.0 40449.0 
18596.0 40337.0 
19912.0 40313.0 
21342.0 40064.0 
21708.0 39975.0 
25513.0 39758.0 
36184.0 39386.0 
16816.0 41979.0 
21266.0 40310.0 
24516.0 39972.0 
28763.0 39631.0 
32013.0 39573.0 
39434.0 39350.0 
43605.0 39152.0 
46855.0 39117.0 
16023.0 47103.0 
16495.0 45893.0 
16956.0 41540.0 
24592.0 39915.0 
16515.0 42367.0 
16595.0 42135.0 
Remove worst   Add diversity
push: 34 pull: 100
Final PF: 
16571.0 41785.0 
17171.0 40835.0 
51026.0 39071.0 
16023.0 46188.0 
16156.0 44860.0 
16990.0 41387.0 
18092.0 40466.0 
18596.0 40337.0 
19912.0 40313.0 
21342.0 40064.0 
21708.0 39975.0 
25513.0 39758.0 
21266.0 40310.0 
24516.0 39972.0 
28687.0 39757.0 
28763.0 39631.0 
32013.0 39573.0 
32934.0 39511.0 
36184.0 39385.0 
40355.0 39278.0 
43605.0 39152.0 
46855.0 39117.0 
16956.0 41540.0 
24592.0 39915.0 
39434.0 39334.0 
16515.0 42367.0 
18545.0 40444.0 
24820.0 39889.0 
linkage migration
push: 18 pull: 63
Final PF: 
16515.0 42177.0 
16595.0 41945.0 
18092.0 40466.0 
18545.0 40444.0 
18596.0 40337.0 
19912.0 40313.0 
21342.0 40064.0 
21708.0 39975.0 
24516.0 39972.0 
25513.0 39758.0 
28763.0 39632.0 
31937.0 39631.0 
32013.0 39573.0 
32934.0 39512.0 
36184.0 39386.0 
16990.0 41387.0 
17516.0 41155.0 
18016.0 41074.0 
21266.0 40310.0 
43605.0 39153.0 
51026.0 39071.0 
54276.0 39059.0 
24592.0 39915.0 
27894.0 39757.0 
39434.0 39340.0 
40355.0 39279.0 
46779.0 39152.0 
46855.0 39118.0 
16023.0 44542.0 
16156.0 43096.0 
16816.0 41651.0 
16956.0 41540.0 
50029.0 39115.0 
24820.0 39865.0 



---------------------------------------
Quality Indicator Results: 

for each remove method 
Remove random   


 GD: 
48932.703
49148.731
48937.669
48974.628


 D1R: 
44326.263
44326.263
44353.652
44298.312
DCI: 
0.589
0.778
0.511
0.933


 IGD: 
143.924
126.248
147.632
10.832


 HV: 
0.992
0.993
0.992
1.0


Remove worst   


 GD: 
48932.074
49377.677
48932.074
49045.761


 D1R: 
44326.263
44326.263
44326.263
44298.312
DCI: 
0.571
0.75
0.571
0.857


 IGD: 
132.104
72.755
132.104
37.944


 HV: 
0.994
0.998
0.994
1.0



---------------------------------------
for each add method
Add new


 GD: 
48932.703
48932.074


 D1R: 
44326.263
44326.263
DCI: 
0.952
1.0


 IGD: 
0.857
0.0


 HV: 
1.0
1.0


Add random


 GD: 
49148.731
49377.677


 D1R: 
44326.263
44326.263
DCI: 
0.805
0.885


 IGD: 
53.075
10.325


 HV: 
0.997
1.0


Add best


 GD: 
48937.669
48932.074


 D1R: 
44353.652
44326.263
DCI: 
0.762
1.0


 IGD: 
6.286
0.0


 HV: 
0.999
1.0


Add diversity


 GD: 
48974.628
49045.761


 D1R: 
44298.312
44298.312
DCI: 
0.92
0.839


 IGD: 
8.051
98.696


 HV: 
1.0
0.998



---------------------------------------
 results for all together 

Remove nothing   Add nothing
Remove random   Add new
Remove random   Add random
Remove random   Add best
Remove random   Add diversity
Remove worst   Add new
Remove worst   Add random
Remove worst   Add best
Remove worst   Add diversity
Linkage migration


 GD: 
48490.135
48932.703
49148.731
48937.669
48974.628
48932.074
49377.677
48932.074
49045.761
50060.41


 D1R: 
44353.652
44326.263
44326.263
44353.652
44298.312
44326.263
44326.263
44326.263
44298.312
44326.263
DCI: 
0.389
0.489
0.567
0.445
0.622
0.522
0.678
0.522
0.644
0.722


 IGD: 
325.98
208.884
201.39
213.064
156.786
208.057
191.866
208.057
139.196
54.365


 HV: 
0.992
0.993
0.994
0.993
1.0
0.993
0.996
0.993
0.998
1.0


---------------------------------------
 actions for all together 

59 0
54 159
24 106
52 158
32 119
48 142
25 81
46 139
34 100
18 63

