seeds 1002 factoryScale8 numberOfIslands5 numberOfReplacement1 notImprovedInARow 3

remove and add nothing
push: 57 pull: 0
Final PF: 
18092.0 40531.0 
18545.0 40509.0 
21657.0 40176.0 
36184.0 39450.0 
43605.0 39217.0 
18596.0 40353.0 
19912.0 40313.0 
21266.0 40310.0 
21708.0 39975.0 
25513.0 39758.0 
16023.0 42369.0 
16156.0 42347.0 
16515.0 41448.0 
16595.0 41053.0 
17095.0 40954.0 
21342.0 40186.0 
24592.0 39916.0 
24820.0 39865.0 
28763.0 39632.0 
32013.0 39573.0 
Remove random   Add new
push: 50 pull: 143
Final PF: 
19912.0 40313.0 
21266.0 40310.0 
21708.0 39975.0 
25513.0 39758.0 
18092.0 40531.0 
18545.0 40509.0 
21657.0 40176.0 
36184.0 39450.0 
43605.0 39217.0 
18596.0 40337.0 
24516.0 39972.0 
28763.0 39632.0 
16023.0 42369.0 
16156.0 42347.0 
16515.0 41448.0 
16595.0 41053.0 
17095.0 40954.0 
17171.0 40744.0 
21342.0 40186.0 
24592.0 39916.0 
24820.0 39865.0 
32013.0 39573.0 
39434.0 39433.0 
Remove random   Add random
push: 21 pull: 103
Final PF: 
16156.0 42347.0 
18545.0 40444.0 
19912.0 40313.0 
21266.0 40310.0 
21708.0 39975.0 
24516.0 39972.0 
25513.0 39758.0 
32934.0 39512.0 
36184.0 39386.0 
18092.0 40466.0 
18596.0 40337.0 
28763.0 39631.0 
16023.0 42369.0 
17095.0 40954.0 
21342.0 40088.0 
24820.0 39865.0 
39434.0 39350.0 
16515.0 41448.0 
16595.0 41053.0 
24592.0 39916.0 
31937.0 39629.0 
32013.0 39573.0 
43605.0 39177.0 
Remove random   Add best
push: 44 pull: 138
Final PF: 
16515.0 41267.0 
16595.0 41035.0 
19912.0 40313.0 
21266.0 40310.0 
21708.0 39975.0 
24516.0 39974.0 
25513.0 39758.0 
36184.0 39450.0 
43605.0 39217.0 
16023.0 42369.0 
16156.0 42347.0 
17095.0 40954.0 
24592.0 39916.0 
24820.0 39865.0 
28763.0 39632.0 
32013.0 39573.0 
18092.0 40466.0 
18545.0 40449.0 
18596.0 40337.0 
21342.0 40128.0 
Remove random   Add diversity
push: 39 pull: 131
Final PF: 
16023.0 42369.0 
16156.0 42088.0 
19912.0 40313.0 
21266.0 40310.0 
21708.0 39975.0 
24516.0 39974.0 
25513.0 39758.0 
28687.0 39757.0 
32934.0 39512.0 
36184.0 39386.0 
43605.0 39217.0 
18092.0 40466.0 
18545.0 40444.0 
18596.0 40337.0 
21342.0 40064.0 
28763.0 39631.0 
16515.0 41448.0 
16595.0 41053.0 
17095.0 40954.0 
24592.0 39916.0 
24820.0 39865.0 
31937.0 39629.0 
32013.0 39573.0 
Remove worst   Add new
push: 49 pull: 141
Final PF: 
19912.0 40313.0 
21266.0 40310.0 
21708.0 39975.0 
25513.0 39758.0 
28763.0 39632.0 
32934.0 39512.0 
36184.0 39386.0 
18092.0 40531.0 
18545.0 40509.0 
21342.0 40169.0 
43605.0 39217.0 
18596.0 40337.0 
24516.0 39972.0 
16023.0 42369.0 
16156.0 42347.0 
16515.0 41448.0 
16595.0 41053.0 
17095.0 40954.0 
17171.0 40744.0 
24592.0 39916.0 
24820.0 39865.0 
32013.0 39573.0 
Remove worst   Add random
push: 15 pull: 93
Final PF: 
16515.0 41448.0 
16595.0 41053.0 
17095.0 40954.0 
18596.0 40337.0 
19912.0 40313.0 
21266.0 40310.0 
21708.0 39975.0 
24516.0 39972.0 
25513.0 39758.0 
28763.0 39632.0 
31937.0 39629.0 
32934.0 39512.0 
36184.0 39386.0 
17171.0 40744.0 
24820.0 39865.0 
32013.0 39573.0 
43605.0 39217.0 
16156.0 41932.0 
18092.0 40466.0 
18545.0 40444.0 
21342.0 40064.0 
16023.0 42369.0 
24592.0 39916.0 
39434.0 39363.0 
Remove worst   Add best
push: 46 pull: 134
Final PF: 
16515.0 41448.0 
16595.0 41053.0 
17095.0 40954.0 
18596.0 40337.0 
19912.0 40313.0 
21266.0 40310.0 
21708.0 39975.0 
25513.0 39758.0 
28763.0 39632.0 
32934.0 39512.0 
36184.0 39386.0 
21342.0 40169.0 
43605.0 39217.0 
24516.0 39972.0 
16023.0 42369.0 
16156.0 42347.0 
17171.0 40744.0 
24592.0 39916.0 
24820.0 39865.0 
32013.0 39573.0 
18092.0 40466.0 
18545.0 40444.0 
42608.0 39384.0 
Remove worst   Add diversity
push: 36 pull: 117
Final PF: 
16156.0 42347.0 
19912.0 40313.0 
21266.0 40310.0 
21708.0 39975.0 
25513.0 39758.0 
28763.0 39632.0 
32934.0 39512.0 
36184.0 39386.0 
43605.0 39217.0 
18092.0 40466.0 
18545.0 40444.0 
18596.0 40337.0 
21342.0 40064.0 
24516.0 39972.0 
16023.0 42369.0 
16515.0 41448.0 
16595.0 41053.0 
17095.0 40954.0 
17171.0 40744.0 
24592.0 39916.0 
24820.0 39865.0 
28687.0 39755.0 
32013.0 39573.0 
39434.0 39364.0 
linkage migration
push: 17 pull: 77
Final PF: 
18596.0 40337.0 
19912.0 40313.0 
21266.0 40310.0 
21342.0 40064.0 
21708.0 39975.0 
24516.0 39972.0 
25513.0 39758.0 
28687.0 39757.0 
28763.0 39631.0 
31937.0 39629.0 
32013.0 39573.0 
32934.0 39512.0 
36184.0 39386.0 
16515.0 41267.0 
16595.0 41035.0 
17095.0 40954.0 
18092.0 40466.0 
18545.0 40444.0 
24820.0 39865.0 
50105.0 39058.0 
54276.0 39035.0 
17171.0 40744.0 
24592.0 39915.0 
39434.0 39340.0 
42684.0 39315.0 
16023.0 42369.0 
16156.0 42088.0 
39358.0 39385.0 
43605.0 39153.0 



---------------------------------------
Quality Indicator Results: 

for each remove method 
Remove random   


 GD: 
47148.978
47676.8
46922.755
47376.051


 D1R: 
44214.441
44280.276
44263.588
44280.276
DCI: 
0.507
0.76
0.547
0.76


 IGD: 
82.468
34.099
202.943
148.581


 HV: 
0.991
1.0
0.988
0.999


Remove worst   


 GD: 
47017.88
47517.037
47491.166
47455.223


 D1R: 
44214.441
44214.441
44214.441
44214.441
DCI: 
0.72
0.96
0.8
0.907


 IGD: 
165.563
5.783
157.322
20.416


 HV: 
0.996
1.0
0.996
0.998



---------------------------------------
for each add method
Add new


 GD: 
47148.978
47017.88


 D1R: 
44214.441
44214.441
DCI: 
0.864
1.0


 IGD: 
45.637
0.0


 HV: 
0.991
1.0


Add random


 GD: 
47676.8
47517.037


 D1R: 
44280.276
44214.441
DCI: 
0.875
0.903


 IGD: 
27.597
2.25


 HV: 
0.996
1.0


Add best


 GD: 
46922.755
47491.166


 D1R: 
44263.588
44214.441
DCI: 
0.739
0.87


 IGD: 
96.88
10.435


 HV: 
0.988
1.0


Add diversity


 GD: 
47376.051
47455.223


 D1R: 
44280.276
44214.441
DCI: 
0.84
0.907


 IGD: 
139.096
14.176


 HV: 
0.997
1.0



---------------------------------------
 results for all together 

Remove nothing   Add nothing
Remove random   Add new
Remove random   Add random
Remove random   Add best
Remove random   Add diversity
Remove worst   Add new
Remove worst   Add random
Remove worst   Add best
Remove worst   Add diversity
Linkage migration


 GD: 
46878.394
47148.978
47676.8
46922.755
47376.051
47017.88
47517.037
47491.166
47455.223
49428.65


 D1R: 
44280.276
44214.441
44280.276
44263.588
44280.276
44214.441
44214.441
44214.441
44214.441
44214.441
DCI: 
0.322
0.425
0.575
0.46
0.575
0.494
0.667
0.563
0.632
0.931


 IGD: 
583.8
348.894
305.636
566.286
517.85
535.945
283.566
499.175
296.621
5.643


 HV: 
0.977
0.98
0.99
0.978
0.986
0.986
0.989
0.986
0.987
1.0


---------------------------------------
 actions for all together 

57 0
50 143
21 103
44 138
39 131
49 141
15 93
46 134
36 117
17 77

