seeds 1035 factoryScale3 numberOfIslands5 numberOfReplacement1 notImprovedInARow 3

remove and add nothing
push: 58 pull: 0
Final PF: 
16515.0 41568.0 
17095.0 41255.0 
18596.0 40337.0 
21342.0 40088.0 
32013.0 39620.0 
19912.0 40313.0 
21266.0 40310.0 
21708.0 39975.0 
25513.0 39758.0 
27894.0 39757.0 
28687.0 39755.0 
28763.0 39632.0 
18092.0 40466.0 
18545.0 40444.0 
36184.0 39477.0 
43605.0 39391.0 
16023.0 46336.0 
16290.0 45155.0 
16494.0 43322.0 
17171.0 40859.0 
24516.0 39974.0 
24592.0 39939.0 
32934.0 39536.0 
45858.0 39295.0 
16990.0 41396.0 
Remove random   Add new
push: 56 pull: 165
Final PF: 
18092.0 40466.0 
18545.0 40444.0 
18596.0 40337.0 
36184.0 39477.0 
21342.0 40088.0 
19912.0 40313.0 
21266.0 40310.0 
21708.0 39975.0 
25513.0 39758.0 
27894.0 39757.0 
28687.0 39755.0 
28763.0 39632.0 
16023.0 46336.0 
16290.0 45155.0 
16494.0 43322.0 
16515.0 41358.0 
16595.0 41126.0 
17095.0 41045.0 
17171.0 40859.0 
24516.0 39974.0 
24592.0 39939.0 
24820.0 39908.0 
32013.0 39597.0 
32934.0 39536.0 
39434.0 39351.0 
42608.0 39326.0 
45858.0 39295.0 
Remove random   Add random
push: 23 pull: 112
Final PF: 
16023.0 46336.0 
16494.0 43322.0 
18596.0 40337.0 
19912.0 40313.0 
21342.0 40088.0 
21657.0 40071.0 
21708.0 39975.0 
31937.0 39631.0 
32013.0 39597.0 
32934.0 39519.0 
36184.0 39393.0 
16290.0 43492.0 
17171.0 40859.0 
18545.0 40444.0 
21266.0 40310.0 
24516.0 39974.0 
24820.0 39908.0 
25513.0 39758.0 
27894.0 39757.0 
28687.0 39755.0 
28763.0 39632.0 
18092.0 40466.0 
16156.0 43910.0 
16515.0 41358.0 
16595.0 41126.0 
17095.0 41045.0 
24592.0 39939.0 
39434.0 39351.0 
42608.0 39326.0 
45858.0 39295.0 
Remove random   Add best
push: 44 pull: 133
Final PF: 
16595.0 41126.0 
18596.0 40337.0 
21342.0 40088.0 
19912.0 40313.0 
21266.0 40310.0 
21708.0 39975.0 
24516.0 39974.0 
25513.0 39758.0 
27894.0 39757.0 
28687.0 39755.0 
28763.0 39632.0 
18092.0 40466.0 
18545.0 40444.0 
31937.0 39631.0 
36184.0 39410.0 
16023.0 46336.0 
16290.0 45155.0 
16494.0 43322.0 
16515.0 41358.0 
17095.0 41045.0 
24592.0 39939.0 
24820.0 39908.0 
32013.0 39597.0 
32934.0 39536.0 
39434.0 39351.0 
42608.0 39326.0 
45858.0 39295.0 
17171.0 40744.0 
Remove random   Add diversity
push: 35 pull: 121
Final PF: 
16023.0 42375.0 
17171.0 40744.0 
18596.0 40337.0 
36184.0 39410.0 
45858.0 39295.0 
19912.0 40313.0 
21266.0 40310.0 
21708.0 39975.0 
24516.0 39972.0 
24820.0 39889.0 
25513.0 39758.0 
27894.0 39757.0 
28687.0 39755.0 
28763.0 39632.0 
31937.0 39629.0 
32934.0 39512.0 
18092.0 40466.0 
18545.0 40444.0 
16515.0 41358.0 
16595.0 41126.0 
17095.0 41063.0 
32013.0 39573.0 
39434.0 39351.0 
42608.0 39326.0 
16156.0 41879.0 
21342.0 40064.0 
24592.0 39916.0 
Remove worst   Add new
push: 51 pull: 142
Final PF: 
18596.0 40337.0 
21342.0 40088.0 
19912.0 40313.0 
21266.0 40310.0 
21708.0 39975.0 
25513.0 39758.0 
27894.0 39757.0 
28687.0 39754.0 
28763.0 39632.0 
18092.0 40466.0 
18545.0 40444.0 
32934.0 39536.0 
16023.0 46336.0 
16494.0 43322.0 
16515.0 41267.0 
16595.0 41035.0 
17095.0 40954.0 
17171.0 40768.0 
24516.0 39974.0 
24592.0 39939.0 
24820.0 39908.0 
32013.0 39597.0 
39434.0 39351.0 
42608.0 39326.0 
45858.0 39295.0 
16156.0 43910.0 
36184.0 39455.0 
38858.0 39448.0 
Remove worst   Add random
push: 19 pull: 96
Final PF: 
16023.0 42520.0 
17095.0 40954.0 
17171.0 40744.0 
18092.0 40466.0 
18596.0 40337.0 
19912.0 40313.0 
21266.0 40310.0 
21342.0 40088.0 
21708.0 39975.0 
28687.0 39754.0 
28763.0 39632.0 
31937.0 39629.0 
24516.0 39974.0 
24592.0 39915.0 
25513.0 39758.0 
27894.0 39757.0 
32013.0 39572.0 
42608.0 39326.0 
43605.0 39317.0 
45858.0 39295.0 
18545.0 40444.0 
24820.0 39908.0 
32934.0 39536.0 
36108.0 39511.0 
36184.0 39410.0 
16515.0 41267.0 
16595.0 41035.0 
21657.0 40071.0 
39434.0 39351.0 
Remove worst   Add best
push: 46 pull: 138
Final PF: 
16595.0 41035.0 
18596.0 40337.0 
21342.0 40088.0 
16515.0 41267.0 
19912.0 40313.0 
21266.0 40310.0 
21708.0 39975.0 
24516.0 39974.0 
25513.0 39758.0 
27894.0 39757.0 
28687.0 39754.0 
28763.0 39632.0 
31937.0 39631.0 
36184.0 39476.0 
39358.0 39475.0 
18092.0 40466.0 
18545.0 40444.0 
32934.0 39536.0 
36108.0 39511.0 
16023.0 46336.0 
16290.0 45155.0 
16494.0 43322.0 
17095.0 40954.0 
17171.0 40768.0 
24592.0 39939.0 
24820.0 39908.0 
32013.0 39597.0 
39434.0 39351.0 
42608.0 39326.0 
45858.0 39295.0 
Remove worst   Add diversity
push: 32 pull: 122
Final PF: 
16156.0 43910.0 
17171.0 40744.0 
18596.0 40337.0 
16290.0 43055.0 
18092.0 40466.0 
18545.0 40444.0 
32934.0 39536.0 
43605.0 39244.0 
16023.0 44236.0 
19912.0 40313.0 
21266.0 40310.0 
21708.0 39975.0 
24516.0 39972.0 
24592.0 39915.0 
25513.0 39758.0 
27894.0 39757.0 
28687.0 39754.0 
28763.0 39631.0 
31937.0 39628.0 
32013.0 39572.0 
36184.0 39410.0 
39434.0 39350.0 
21342.0 40064.0 
24820.0 39889.0 
36108.0 39533.0 
16515.0 41358.0 
16595.0 41126.0 
17095.0 41045.0 
linkage migration
push: 18 pull: 71
Final PF: 
17171.0 40744.0 
18092.0 40466.0 
18596.0 40337.0 
19912.0 40313.0 
21342.0 40064.0 
21708.0 39975.0 
25513.0 39758.0 
28763.0 39632.0 
32013.0 39572.0 
36184.0 39386.0 
39434.0 39326.0 
18545.0 40444.0 
21266.0 40310.0 
24516.0 39972.0 
24820.0 39865.0 
27894.0 39757.0 
28687.0 39755.0 
31937.0 39629.0 
43605.0 39153.0 
15590.0 46739.0 
16023.0 44236.0 
16290.0 43055.0 
16515.0 41267.0 
16595.0 41035.0 
17095.0 40954.0 
24592.0 39915.0 
32934.0 39512.0 
46855.0 39094.0 
16156.0 43910.0 



---------------------------------------
Quality Indicator Results: 

for each remove method 
Remove random   


 GD: 
48160.467
48064.381
48252.681
48066.574


 D1R: 
44320.437
44320.437
44214.441
44214.441
DCI: 
0.593
0.63
0.63
0.926


 IGD: 
77.327
70.606
67.606
1.296


 HV: 
0.988
0.993
0.99
1.0


Remove worst   


 GD: 
48361.981
48642.01
48672.012
47903.787


 D1R: 
44236.558
44214.441
44236.558
44214.441
DCI: 
0.568
0.815
0.605
0.778


 IGD: 
81.021
1.714
75.576
150.71


 HV: 
0.994
1.0
0.99
0.998



---------------------------------------
for each add method
Add new


 GD: 
48160.467
48361.981


 D1R: 
44320.437
44236.558
DCI: 
0.738
1.0


 IGD: 
58.905
0.0


 HV: 
0.996
1.0


Add random


 GD: 
48064.381
48642.01


 D1R: 
44320.437
44214.441
DCI: 
0.644
0.931


 IGD: 
86.465
1.172


 HV: 
0.995
1.0


Add best


 GD: 
48252.681
48672.012


 D1R: 
44214.441
44236.558
DCI: 
0.851
0.931


 IGD: 
13.807
3.103


 HV: 
1.0
0.999


Add diversity


 GD: 
48066.574
47903.787


 D1R: 
44214.441
44214.441
DCI: 
0.852
0.852


 IGD: 
0.889
171.896


 HV: 
1.0
0.995



---------------------------------------
 results for all together 

Remove nothing   Add nothing
Remove random   Add new
Remove random   Add random
Remove random   Add best
Remove random   Add diversity
Remove worst   Add new
Remove worst   Add random
Remove worst   Add best
Remove worst   Add diversity
Linkage migration


 GD: 
47968.502
48160.467
48064.381
48252.681
48066.574
48361.981
48642.01
48672.012
47903.787
48195.624


 D1R: 
44320.437
44320.437
44320.437
44214.441
44214.441
44236.558
44214.441
44236.558
44214.441
44214.441
DCI: 
0.322
0.322
0.322
0.356
0.598
0.437
0.598
0.471
0.552
0.862


 IGD: 
256.797
146.683
142.291
138.9
210.455
136.003
191.029
130.557
156.622
56.763


 HV: 
0.985
0.989
0.994
0.991
1.0
0.993
0.999
0.99
0.997
1.0


---------------------------------------
 actions for all together 

58 0
56 165
23 112
44 133
35 121
51 142
19 96
46 138
32 122
18 71

