seeds 1039 factoryScale5 numberOfIslands5 numberOfReplacement1 notImprovedInARow 3

remove and add nothing
push: 60 pull: 0
Final PF: 
16023.0 43465.0 
28763.0 39678.0 
32013.0 39619.0 
18092.0 40466.0 
18545.0 40444.0 
18596.0 40377.0 
21266.0 40334.0 
21342.0 40128.0 
21657.0 40106.0 
21708.0 40039.0 
16515.0 41598.0 
16595.0 41211.0 
17171.0 40805.0 
36184.0 39410.0 
39434.0 39364.0 
24592.0 39940.0 
24820.0 39889.0 
Remove random   Add new
push: 52 pull: 154
Final PF: 
16023.0 43465.0 
18092.0 40466.0 
18545.0 40444.0 
16515.0 41507.0 
16595.0 41150.0 
17095.0 41087.0 
17171.0 40744.0 
18596.0 40337.0 
19912.0 40313.0 
21708.0 39999.0 
28763.0 39656.0 
36184.0 39410.0 
39434.0 39364.0 
21342.0 40064.0 
24592.0 39916.0 
24820.0 39889.0 
25513.0 39865.0 
32013.0 39573.0 
Remove random   Add random
push: 21 pull: 107
Final PF: 
16023.0 43465.0 
17095.0 41148.0 
18545.0 40444.0 
36184.0 39410.0 
42684.0 39331.0 
43605.0 39281.0 
16515.0 41473.0 
18092.0 40466.0 
32013.0 39619.0 
18596.0 40337.0 
19912.0 40313.0 
21266.0 40310.0 
21342.0 40064.0 
21708.0 39975.0 
24592.0 39915.0 
25513.0 39758.0 
28763.0 39656.0 
16595.0 41211.0 
17171.0 40805.0 
39434.0 39364.0 
24820.0 39865.0 
Remove random   Add best
push: 48 pull: 148
Final PF: 
16023.0 43465.0 
16595.0 41150.0 
18092.0 40466.0 
32013.0 39619.0 
16515.0 41443.0 
18545.0 40444.0 
21342.0 40128.0 
21657.0 40106.0 
17095.0 41087.0 
17171.0 40744.0 
18596.0 40337.0 
19912.0 40313.0 
21708.0 39999.0 
24592.0 39939.0 
28763.0 39656.0 
36184.0 39410.0 
39434.0 39364.0 
24820.0 39889.0 
Remove random   Add diversity
push: 37 pull: 122
Final PF: 
39434.0 39364.0 
16023.0 43435.0 
17171.0 40744.0 
18596.0 40337.0 
19912.0 40313.0 
21266.0 40310.0 
21342.0 40064.0 
21708.0 39975.0 
24820.0 39865.0 
25513.0 39758.0 
28763.0 39656.0 
32013.0 39619.0 
32934.0 39512.0 
18092.0 40466.0 
18545.0 40444.0 
16515.0 41443.0 
16595.0 41211.0 
17095.0 41148.0 
31937.0 39631.0 
36184.0 39409.0 
24592.0 39916.0 
Remove worst   Add new
push: 45 pull: 130
Final PF: 
16023.0 43465.0 
16156.0 43184.0 
18092.0 40466.0 
18545.0 40444.0 
21266.0 40310.0 
24516.0 39972.0 
16515.0 41507.0 
16595.0 41150.0 
17095.0 41087.0 
17171.0 40744.0 
18596.0 40337.0 
19912.0 40313.0 
21708.0 39999.0 
25513.0 39782.0 
28763.0 39656.0 
32934.0 39535.0 
36184.0 39410.0 
39434.0 39364.0 
21342.0 40064.0 
24592.0 39916.0 
24820.0 39889.0 
32013.0 39573.0 
Remove worst   Add random
push: 20 pull: 86
Final PF: 
16515.0 41382.0 
17171.0 40744.0 
19912.0 40313.0 
25513.0 39847.0 
28763.0 39656.0 
16595.0 41150.0 
18092.0 40466.0 
18596.0 40337.0 
21266.0 40310.0 
21342.0 40064.0 
21708.0 39975.0 
24592.0 39916.0 
24820.0 39865.0 
36184.0 39410.0 
16023.0 43435.0 
17095.0 41069.0 
18545.0 40444.0 
39434.0 39364.0 
32013.0 39573.0 
Remove worst   Add best
push: 43 pull: 131
Final PF: 
16023.0 43465.0 
16156.0 43184.0 
16595.0 41150.0 
18092.0 40466.0 
16515.0 41382.0 
17171.0 40744.0 
18545.0 40444.0 
21266.0 40310.0 
17095.0 41087.0 
18596.0 40337.0 
19912.0 40313.0 
21708.0 39999.0 
25513.0 39782.0 
28763.0 39656.0 
32934.0 39535.0 
36184.0 39410.0 
39434.0 39364.0 
21342.0 40064.0 
24592.0 39916.0 
24820.0 39865.0 
32013.0 39573.0 
Remove worst   Add diversity
push: 30 pull: 97
Final PF: 
39434.0 39364.0 
16023.0 43435.0 
17171.0 40744.0 
18092.0 40466.0 
18545.0 40444.0 
18596.0 40337.0 
19912.0 40313.0 
21266.0 40310.0 
21342.0 40064.0 
21708.0 39975.0 
24592.0 39916.0 
24820.0 39865.0 
25513.0 39758.0 
28763.0 39632.0 
32013.0 39573.0 
16515.0 41382.0 
16595.0 41150.0 
17095.0 41087.0 
24516.0 39974.0 
32934.0 39535.0 
16494.0 43184.0 
31937.0 39631.0 
36184.0 39399.0 
linkage migration
push: 21 pull: 93
Final PF: 
16023.0 43465.0 
16156.0 43184.0 
24592.0 39916.0 
24820.0 39865.0 
43605.0 39259.0 
46855.0 39133.0 
17171.0 40744.0 
18092.0 40466.0 
18545.0 40444.0 
18596.0 40337.0 
19912.0 40313.0 
21266.0 40310.0 
21342.0 40064.0 
21708.0 39975.0 
25513.0 39758.0 
32934.0 39536.0 
17095.0 41069.0 
24516.0 39972.0 
16515.0 41507.0 
16595.0 41150.0 
28763.0 39631.0 
36184.0 39385.0 
32013.0 39573.0 
39434.0 39351.0 
42684.0 39346.0 



---------------------------------------
Quality Indicator Results: 

for each remove method 
Remove random   


 GD: 
46860.483
47896.952
46766.158
47206.129


 D1R: 
44214.441
44270.659
44214.441
44214.441
DCI: 
0.536
0.638
0.464
0.768


 IGD: 
389.091
56.267
414.854
330.043


 HV: 
0.994
0.996
0.991
1.0


Remove worst   


 GD: 
46974.928
46781.411
46972.41
47140.609


 D1R: 
44214.441
44214.441
44214.441
44214.441
DCI: 
0.609
0.696
0.652
0.87


 IGD: 
16.331
66.08
13.957
13.22


 HV: 
0.998
0.994
0.998
1.0



---------------------------------------
for each add method
Add new


 GD: 
46860.483
46974.928


 D1R: 
44214.441
44214.441
DCI: 
0.773
1.0


 IGD: 
75.798
0.0


 HV: 
0.994
1.0


Add random


 GD: 
47896.952
46781.411


 D1R: 
44270.659
44214.441
DCI: 
0.714
0.841


 IGD: 
17.524
357.714


 HV: 
1.0
1.0


Add best


 GD: 
46766.158
46972.41


 D1R: 
44214.441
44214.441
DCI: 
0.571
1.0


 IGD: 
112.007
0.0


 HV: 
0.99
1.0


Add diversity


 GD: 
47206.129
47140.609


 D1R: 
44214.441
44214.441
DCI: 
0.652
0.957


 IGD: 
38.796
1.0


 HV: 
0.999
1.0



---------------------------------------
 results for all together 

Remove nothing   Add nothing
Remove random   Add new
Remove random   Add random
Remove random   Add best
Remove random   Add diversity
Remove worst   Add new
Remove worst   Add random
Remove worst   Add best
Remove worst   Add diversity
Linkage migration


 GD: 
46957.101
46860.483
47896.952
46766.158
47206.129
46974.928
46781.411
46972.41
47140.609
48443.866


 D1R: 
44270.659
44214.441
44270.659
44214.441
44214.441
44214.441
44214.441
44214.441
44214.441
44214.441
DCI: 
0.08
0.347
0.44
0.24
0.507
0.467
0.587
0.507
0.613
0.827


 IGD: 
489.724
391.678
74.42
416.664
337.956
323.104
369.874
320.829
324.106
8.125


 HV: 
0.983
0.989
0.993
0.987
0.994
0.994
0.991
0.994
0.995
1.0


---------------------------------------
 actions for all together 

60 0
52 154
21 107
48 148
37 122
45 130
20 86
43 131
30 97
21 93

