seeds 1029 factoryScale5 numberOfIslands5 numberOfReplacement1 notImprovedInARow 3

remove and add nothing
push: 58 pull: 0
Final PF: 
16515.0 42485.0 
16816.0 41612.0 
16990.0 41426.0 
18092.0 40496.0 
18545.0 40474.0 
18596.0 40367.0 
19912.0 40343.0 
21266.0 40342.0 
21342.0 40064.0 
21708.0 39975.0 
24801.0 39974.0 
25513.0 39758.0 
27894.0 39757.0 
28763.0 39631.0 
32934.0 39536.0 
36184.0 39385.0 
43605.0 39322.0 
16023.0 44822.0 
16156.0 44379.0 
16571.0 41792.0 
17171.0 40744.0 
Remove random   Add new
push: 53 pull: 158
Final PF: 
16515.0 42485.0 
16816.0 41612.0 
16990.0 41426.0 
18092.0 40496.0 
18545.0 40474.0 
18596.0 40367.0 
19912.0 40343.0 
21266.0 40342.0 
21342.0 40064.0 
21708.0 39975.0 
24801.0 39974.0 
25513.0 39758.0 
27894.0 39757.0 
28763.0 39631.0 
32934.0 39512.0 
36184.0 39385.0 
43605.0 39322.0 
16023.0 44822.0 
16156.0 44379.0 
16571.0 41792.0 
17171.0 40744.0 
Remove random   Add random
push: 19 pull: 105
Final PF: 
16023.0 44777.0 
16156.0 43331.0 
16515.0 42485.0 
16816.0 41612.0 
16990.0 41396.0 
17171.0 40744.0 
27894.0 39757.0 
16571.0 41792.0 
18092.0 40466.0 
18545.0 40444.0 
18596.0 40337.0 
19912.0 40313.0 
21266.0 40312.0 
21342.0 40064.0 
21708.0 39975.0 
24516.0 39974.0 
24592.0 39963.0 
25513.0 39758.0 
28687.0 39755.0 
32934.0 39512.0 
36108.0 39511.0 
43605.0 39322.0 
28763.0 39631.0 
36184.0 39385.0 
Remove random   Add best
push: 44 pull: 141
Final PF: 
16595.0 41150.0 
17171.0 40744.0 
16515.0 41382.0 
18092.0 40496.0 
18545.0 40474.0 
18596.0 40367.0 
19912.0 40343.0 
17095.0 41069.0 
21266.0 40342.0 
21342.0 40064.0 
21708.0 39975.0 
24801.0 39974.0 
25513.0 39758.0 
27894.0 39757.0 
28763.0 39631.0 
32934.0 39536.0 
36184.0 39385.0 
43605.0 39322.0 
16023.0 44822.0 
16156.0 44379.0 
Remove random   Add diversity
push: 36 pull: 126
Final PF: 
16816.0 41612.0 
16515.0 42420.0 
16990.0 41426.0 
18092.0 40496.0 
18545.0 40474.0 
18596.0 40367.0 
19912.0 40343.0 
21708.0 39975.0 
24592.0 39958.0 
25513.0 39758.0 
28687.0 39755.0 
32934.0 39525.0 
36108.0 39522.0 
40355.0 39303.0 
16023.0 43774.0 
16156.0 43331.0 
21266.0 40342.0 
21342.0 40064.0 
27894.0 39757.0 
28763.0 39631.0 
36184.0 39385.0 
16571.0 41792.0 
17171.0 40744.0 
24820.0 39908.0 
Remove worst   Add new
push: 53 pull: 153
Final PF: 
16515.0 42485.0 
16816.0 41612.0 
16990.0 41426.0 
18545.0 40474.0 
18092.0 40496.0 
18596.0 40367.0 
19912.0 40343.0 
21266.0 40342.0 
21342.0 40064.0 
21708.0 39975.0 
24801.0 39974.0 
25513.0 39758.0 
27894.0 39757.0 
28763.0 39631.0 
32934.0 39512.0 
36184.0 39385.0 
43605.0 39322.0 
16023.0 44822.0 
16156.0 44379.0 
16571.0 41792.0 
17171.0 40744.0 
Remove worst   Add random
push: 22 pull: 79
Final PF: 
16023.0 44822.0 
17095.0 41194.0 
18092.0 40496.0 
32934.0 39512.0 
43605.0 39322.0 
16515.0 41507.0 
16595.0 41275.0 
18545.0 40474.0 
24592.0 39963.0 
17171.0 40744.0 
21708.0 39975.0 
27894.0 39757.0 
36184.0 39385.0 
18596.0 40337.0 
19912.0 40313.0 
21342.0 40064.0 
25513.0 39758.0 
28763.0 39631.0 
16156.0 44379.0 
Remove worst   Add best
push: 43 pull: 140
Final PF: 
16595.0 41150.0 
17171.0 40744.0 
16515.0 41382.0 
17095.0 41087.0 
18545.0 40474.0 
18092.0 40496.0 
18596.0 40337.0 
19912.0 40313.0 
21342.0 40064.0 
21708.0 39975.0 
24801.0 39974.0 
25513.0 39758.0 
27894.0 39757.0 
28763.0 39631.0 
32934.0 39512.0 
36184.0 39385.0 
43605.0 39322.0 
16023.0 44822.0 
16156.0 44379.0 
Remove worst   Add diversity
push: 32 pull: 116
Final PF: 
16515.0 42327.0 
16816.0 41612.0 
25513.0 39758.0 
43605.0 39262.0 
16990.0 41426.0 
18092.0 40496.0 
18545.0 40474.0 
18596.0 40367.0 
19912.0 40343.0 
21708.0 39975.0 
24516.0 39972.0 
28687.0 39755.0 
31937.0 39629.0 
16023.0 43774.0 
16156.0 43331.0 
21266.0 40342.0 
21342.0 40064.0 
27894.0 39757.0 
28763.0 39631.0 
32934.0 39512.0 
36184.0 39385.0 
16571.0 41792.0 
17171.0 40744.0 
24592.0 39955.0 
24820.0 39908.0 
32013.0 39612.0 
linkage migration
push: 26 pull: 97
Final PF: 
16816.0 41612.0 
32934.0 39536.0 
43605.0 39177.0 
19912.0 40343.0 
40355.0 39303.0 
16990.0 41423.0 
18092.0 40466.0 
18545.0 40444.0 
18596.0 40353.0 
21266.0 40310.0 
16023.0 42670.0 
16156.0 42227.0 
21342.0 40064.0 
21708.0 39975.0 
24516.0 39974.0 
25513.0 39758.0 
27894.0 39757.0 
28763.0 39631.0 
31937.0 39630.0 
36108.0 39532.0 
36184.0 39385.0 
46779.0 39173.0 
16571.0 41792.0 
17095.0 41045.0 
17171.0 40744.0 
24592.0 39915.0 
24820.0 39884.0 
32013.0 39573.0 
51026.0 39095.0 



---------------------------------------
Quality Indicator Results: 

for each remove method 
Remove random   


 GD: 
47118.461
47400.916
47136.073
47271.418


 D1R: 
44214.441
44214.441
44214.441
44214.441
DCI: 
0.333
0.708
0.417
0.542


 IGD: 
155.783
78.333
112.388
195.674


 HV: 
0.994
0.998
0.996
1.0


Remove worst   


 GD: 
47118.461
47224.906
47213.765
47382.494


 D1R: 
44214.441
44214.441
44214.441
44214.441
DCI: 
0.417
0.5
0.625
0.792


 IGD: 
227.071
184.134
179.445
55.5


 HV: 
0.996
0.998
0.999
1.0



---------------------------------------
for each add method
Add new


 GD: 
47118.461
47118.461


 D1R: 
44214.441
44214.441
DCI: 
1.0
1.0


 IGD: 
0.0
0.0


 HV: 
1.0
1.0


Add random


 GD: 
47400.916
47224.906


 D1R: 
44214.441
44214.441
DCI: 
0.87
0.652


 IGD: 
40.048
77.468


 HV: 
1.0
0.999


Add best


 GD: 
47136.073
47213.765


 D1R: 
44214.441
44214.441
DCI: 
0.842
0.947


 IGD: 
4.421
0.947


 HV: 
0.999
1.0


Add diversity


 GD: 
47271.418
47382.494


 D1R: 
44214.441
44214.441
DCI: 
0.741
0.963


 IGD: 
81.3
125.01


 HV: 
1.0
0.998



---------------------------------------
 results for all together 

Remove nothing   Add nothing
Remove random   Add new
Remove random   Add random
Remove random   Add best
Remove random   Add diversity
Remove worst   Add new
Remove worst   Add random
Remove worst   Add best
Remove worst   Add diversity
Linkage migration


 GD: 
47119.339
47118.461
47400.916
47136.073
47271.418
47118.461
47224.906
47213.765
47382.494
48787.208


 D1R: 
44214.441
44214.441
44214.441
44214.441
44214.441
44214.441
44214.441
44214.441
44214.441
44214.441
DCI: 
0.241
0.276
0.483
0.31
0.31
0.276
0.345
0.414
0.379
0.713


 IGD: 
417.758
417.036
389.823
424.258
501.903
417.036
426.486
430.089
323.436
39.229


 HV: 
0.985
0.986
0.989
0.987
0.991
0.986
0.988
0.988
0.992
1.0


---------------------------------------
 actions for all together 

58 0
53 158
19 105
44 141
36 126
53 153
22 79
43 140
32 116
26 97

