seeds 1034 factoryScale4 numberOfIslands5 numberOfReplacement1 notImprovedInARow 3

remove and add nothing
push: 58 pull: 0
Final PF: 
16070.0 46573.0 
16290.0 44489.0 
18596.0 40337.0 
19912.0 40313.0 
21266.0 40312.0 
21708.0 39975.0 
24820.0 39884.0 
28763.0 39632.0 
32013.0 39573.0 
36184.0 39399.0 
39434.0 39340.0 
16595.0 42014.0 
18092.0 40466.0 
18545.0 40444.0 
21342.0 40088.0 
24592.0 39916.0 
16990.0 41423.0 
17516.0 41191.0 
18016.0 41110.0 
25513.0 39758.0 
16515.0 42631.0 
16519.0 42399.0 
Remove random   Add new
push: 52 pull: 153
Final PF: 
16070.0 46573.0 
16290.0 44489.0 
18596.0 40337.0 
19912.0 40313.0 
21708.0 39975.0 
24820.0 39884.0 
28763.0 39632.0 
32013.0 39573.0 
36184.0 39399.0 
39434.0 39340.0 
16595.0 42014.0 
18092.0 40466.0 
18545.0 40444.0 
21266.0 40310.0 
21342.0 40064.0 
24592.0 39916.0 
25513.0 39758.0 
16990.0 41423.0 
17516.0 41191.0 
18016.0 41110.0 
28687.0 39757.0 
31937.0 39631.0 
32934.0 39536.0 
16515.0 42631.0 
16519.0 42399.0 
Remove random   Add random
push: 17 pull: 100
Final PF: 
16070.0 46573.0 
16290.0 44489.0 
18545.0 40444.0 
18596.0 40337.0 
19912.0 40313.0 
21342.0 40064.0 
21708.0 39975.0 
24592.0 39916.0 
28763.0 39632.0 
32013.0 39573.0 
32934.0 39524.0 
36184.0 39399.0 
39434.0 39340.0 
16515.0 42123.0 
16595.0 41728.0 
18092.0 40466.0 
21266.0 40310.0 
24820.0 39865.0 
46855.0 39282.0 
24516.0 39974.0 
25513.0 39758.0 
28687.0 39757.0 
39358.0 39396.0 
16990.0 41396.0 
17516.0 41164.0 
18016.0 41083.0 
Remove random   Add best
push: 44 pull: 143
Final PF: 
16070.0 46573.0 
16290.0 44489.0 
16990.0 41423.0 
18092.0 40466.0 
18596.0 40337.0 
19912.0 40313.0 
21708.0 39975.0 
28763.0 39632.0 
32013.0 39573.0 
36184.0 39399.0 
39434.0 39340.0 
16595.0 42014.0 
18545.0 40444.0 
21266.0 40310.0 
21342.0 40064.0 
24592.0 39916.0 
24820.0 39865.0 
46855.0 39276.0 
17516.0 41191.0 
18016.0 41110.0 
25513.0 39758.0 
16515.0 42631.0 
16519.0 42399.0 
32934.0 39525.0 
24516.0 39974.0 
Remove random   Add diversity
push: 44 pull: 134
Final PF: 
16070.0 46573.0 
16290.0 44489.0 
18596.0 40337.0 
19912.0 40313.0 
21708.0 39975.0 
28763.0 39632.0 
32013.0 39573.0 
32934.0 39525.0 
36184.0 39399.0 
39434.0 39340.0 
18092.0 40466.0 
18545.0 40444.0 
21266.0 40310.0 
21342.0 40064.0 
24592.0 39916.0 
24820.0 39865.0 
46855.0 39276.0 
16515.0 42177.0 
16595.0 41945.0 
16990.0 41423.0 
17516.0 41191.0 
18016.0 41110.0 
25513.0 39758.0 
Remove worst   Add new
push: 49 pull: 148
Final PF: 
16070.0 46573.0 
16290.0 44489.0 
16990.0 41396.0 
17516.0 41164.0 
18016.0 41101.0 
18596.0 40337.0 
19912.0 40313.0 
21266.0 40310.0 
21708.0 39975.0 
24592.0 39916.0 
28763.0 39632.0 
32013.0 39573.0 
36184.0 39399.0 
39434.0 39340.0 
16595.0 42014.0 
18092.0 40466.0 
18545.0 40444.0 
21342.0 40064.0 
24820.0 39865.0 
46855.0 39276.0 
25513.0 39758.0 
28687.0 39757.0 
16515.0 42631.0 
16519.0 42399.0 
32934.0 39525.0 
Remove worst   Add random
push: 22 pull: 104
Final PF: 
16070.0 46573.0 
16990.0 41396.0 
17516.0 41164.0 
18016.0 41101.0 
18596.0 40337.0 
19912.0 40313.0 
21266.0 40310.0 
21708.0 39975.0 
24516.0 39974.0 
24592.0 39916.0 
24820.0 39865.0 
28763.0 39632.0 
32013.0 39573.0 
32934.0 39525.0 
39434.0 39340.0 
46855.0 39276.0 
16290.0 44459.0 
16595.0 42014.0 
18092.0 40466.0 
18545.0 40444.0 
21342.0 40064.0 
25513.0 39758.0 
28687.0 39757.0 
36184.0 39386.0 
16515.0 42631.0 
16519.0 42399.0 
Remove worst   Add best
push: 40 pull: 133
Final PF: 
16070.0 46573.0 
16290.0 44489.0 
16990.0 41396.0 
17516.0 41164.0 
18092.0 40466.0 
18596.0 40337.0 
19912.0 40313.0 
21266.0 40310.0 
21708.0 39975.0 
24592.0 39916.0 
28763.0 39632.0 
32013.0 39573.0 
36184.0 39399.0 
39434.0 39340.0 
16595.0 42014.0 
18545.0 40444.0 
21342.0 40064.0 
24820.0 39865.0 
46855.0 39276.0 
25513.0 39758.0 
28687.0 39757.0 
16515.0 42631.0 
16519.0 42399.0 
32934.0 39525.0 
18016.0 41083.0 
24516.0 39974.0 
Remove worst   Add diversity
push: 41 pull: 129
Final PF: 
16070.0 46573.0 
16290.0 44489.0 
18596.0 40337.0 
19912.0 40313.0 
21266.0 40312.0 
21708.0 39975.0 
24820.0 39884.0 
28687.0 39757.0 
28763.0 39632.0 
32013.0 39573.0 
36184.0 39399.0 
39434.0 39340.0 
16595.0 42014.0 
18092.0 40466.0 
18545.0 40444.0 
21342.0 40064.0 
24592.0 39916.0 
25513.0 39758.0 
32934.0 39525.0 
36108.0 39524.0 
16515.0 42553.0 
16519.0 42399.0 
16990.0 41423.0 
17516.0 41191.0 
18016.0 41110.0 
24516.0 39974.0 
linkage migration
push: 24 pull: 100
Final PF: 
16990.0 41396.0 
18596.0 40337.0 
19912.0 40313.0 
21266.0 40312.0 
21708.0 39975.0 
24516.0 39974.0 
24820.0 39884.0 
28763.0 39632.0 
31937.0 39631.0 
32013.0 39573.0 
39358.0 39396.0 
39434.0 39340.0 
43605.0 39153.0 
51026.0 39071.0 
16023.0 42375.0 
16956.0 41589.0 
17171.0 40744.0 
18092.0 40466.0 
18545.0 40444.0 
24592.0 39916.0 
25513.0 39758.0 
21342.0 40064.0 
28687.0 39757.0 
36108.0 39522.0 
16156.0 41932.0 
16595.0 41700.0 
32934.0 39525.0 
36184.0 39398.0 
40355.0 39278.0 



---------------------------------------
Quality Indicator Results: 

for each remove method 
Remove random   


 GD: 
47346.336
48082.372
47669.681
47776.455


 D1R: 
44326.263
44326.263
44326.263
44326.263
DCI: 
0.63
0.926
0.691
0.654


 IGD: 
301.648
3.763
31.093
29.07


 HV: 
0.999
1.0
0.999
0.999


Remove worst   


 GD: 
47752.683
47718.168
47718.985
47427.255


 D1R: 
44326.263
44326.263
44326.263
44326.263
DCI: 
0.778
0.889
0.852
0.704


 IGD: 
14.107
9.391
9.9
280.232


 HV: 
1.0
1.0
1.0
1.0



---------------------------------------
for each add method
Add new


 GD: 
47346.336
47752.683


 D1R: 
44326.263
44326.263
DCI: 
0.769
0.962


 IGD: 
3.72
3.824


 HV: 
1.0
1.0


Add random


 GD: 
48082.372
47718.168


 D1R: 
44326.263
44326.263
DCI: 
0.88
0.867


 IGD: 
1.72
17.848


 HV: 
1.0
1.0


Add best


 GD: 
47669.681
47718.985


 D1R: 
44326.263
44326.263
DCI: 
0.846
1.0


 IGD: 
8.742
0.0


 HV: 
1.0
1.0


Add diversity


 GD: 
47776.455
47427.255


 D1R: 
44326.263
44326.263
DCI: 
0.885
0.808


 IGD: 
14.93
295.879


 HV: 
1.0
1.0



---------------------------------------
 results for all together 

Remove nothing   Add nothing
Remove random   Add new
Remove random   Add random
Remove random   Add best
Remove random   Add diversity
Remove worst   Add new
Remove worst   Add random
Remove worst   Add best
Remove worst   Add diversity
Linkage migration


 GD: 
46922.78
47346.336
48082.372
47669.681
47776.455
47752.683
47718.168
47718.985
47427.255
48982.318


 D1R: 
44326.263
44326.263
44326.263
44326.263
44326.263
44326.263
44326.263
44326.263
44326.263
44214.441
DCI: 
0.357
0.5
0.607
0.524
0.488
0.56
0.631
0.595
0.488
0.881


 IGD: 
317.738
274.101
227.991
244.228
246.021
241.551
237.944
238.01
268.487
1.259


 HV: 
0.983
0.983
0.985
0.985
0.985
0.985
0.985
0.985
0.983
1.0


---------------------------------------
 actions for all together 

58 0
52 153
17 100
44 143
44 134
49 148
22 104
40 133
41 129
24 100

