seeds 1021 factoryScale8 numberOfIslands5 numberOfReplacement1 notImprovedInARow 3

remove and add nothing
push: 56 pull: 0
Final PF: 
32934.0 39525.0 
39434.0 39339.0 
43605.0 39177.0 
46855.0 39117.0 
18092.0 40466.0 
18545.0 40444.0 
18596.0 40337.0 
19912.0 40313.0 
21342.0 40064.0 
21708.0 39975.0 
24592.0 39916.0 
24820.0 39884.0 
25513.0 39758.0 
28763.0 39632.0 
32013.0 39573.0 
16256.0 46232.0 
21266.0 40310.0 
24516.0 39974.0 
36184.0 39386.0 
16515.0 41448.0 
16595.0 41053.0 
17095.0 40954.0 
17171.0 40768.0 
Remove random   Add new
push: 54 pull: 158
Final PF: 
32934.0 39525.0 
39434.0 39339.0 
43605.0 39177.0 
46855.0 39117.0 
16256.0 46232.0 
18596.0 40337.0 
19912.0 40313.0 
21266.0 40310.0 
21342.0 40064.0 
21708.0 39975.0 
24516.0 39974.0 
28763.0 39632.0 
36184.0 39386.0 
18092.0 40466.0 
18545.0 40444.0 
24592.0 39916.0 
24820.0 39884.0 
25513.0 39758.0 
32013.0 39573.0 
16515.0 41448.0 
16595.0 41053.0 
17095.0 40954.0 
17171.0 40768.0 
Remove random   Add random
push: 23 pull: 100
Final PF: 
16515.0 41448.0 
16595.0 41053.0 
17095.0 40954.0 
18545.0 40444.0 
18596.0 40337.0 
19912.0 40313.0 
21708.0 39975.0 
24592.0 39916.0 
25513.0 39758.0 
39434.0 39339.0 
43605.0 39177.0 
46855.0 39117.0 
16256.0 46232.0 
21266.0 40310.0 
21342.0 40064.0 
24516.0 39972.0 
28687.0 39757.0 
28763.0 39632.0 
32934.0 39512.0 
36184.0 39386.0 
18092.0 40466.0 
24820.0 39884.0 
31937.0 39631.0 
32013.0 39573.0 
17171.0 40768.0 
Remove random   Add best
push: 49 pull: 147
Final PF: 
16595.0 41053.0 
17095.0 40954.0 
39434.0 39339.0 
43605.0 39177.0 
46855.0 39117.0 
16256.0 46232.0 
18596.0 40337.0 
19912.0 40313.0 
21266.0 40310.0 
21342.0 40064.0 
21708.0 39975.0 
24516.0 39974.0 
25513.0 39758.0 
28763.0 39632.0 
32934.0 39512.0 
36108.0 39511.0 
36184.0 39386.0 
16515.0 41448.0 
18092.0 40466.0 
18545.0 40444.0 
24592.0 39916.0 
24820.0 39884.0 
32013.0 39573.0 
17171.0 40768.0 
Remove random   Add diversity
push: 35 pull: 122
Final PF: 
16256.0 46232.0 
39434.0 39326.0 
43605.0 39153.0 
46855.0 39093.0 
18092.0 40466.0 
18596.0 40337.0 
19912.0 40313.0 
21266.0 40310.0 
21342.0 40064.0 
21708.0 39975.0 
24516.0 39972.0 
25513.0 39758.0 
28763.0 39632.0 
31937.0 39631.0 
32013.0 39573.0 
32934.0 39512.0 
36184.0 39386.0 
16290.0 43500.0 
18545.0 40444.0 
24592.0 39916.0 
24820.0 39884.0 
28687.0 39757.0 
16515.0 41267.0 
16595.0 41035.0 
17095.0 40954.0 
17171.0 40768.0 
Remove worst   Add new
push: 47 pull: 130
Final PF: 
32934.0 39512.0 
36184.0 39386.0 
39434.0 39339.0 
40355.0 39279.0 
43605.0 39153.0 
46855.0 39117.0 
16256.0 46232.0 
18092.0 40466.0 
18545.0 40444.0 
18596.0 40337.0 
19912.0 40313.0 
21266.0 40310.0 
21342.0 40064.0 
21708.0 39975.0 
24516.0 39974.0 
25513.0 39758.0 
28763.0 39632.0 
31937.0 39631.0 
24592.0 39916.0 
24820.0 39884.0 
32013.0 39573.0 
16515.0 41448.0 
16595.0 41053.0 
17095.0 40954.0 
17171.0 40768.0 
Remove worst   Add random
push: 29 pull: 88
Final PF: 
21266.0 40310.0 
21342.0 40064.0 
24516.0 39974.0 
28763.0 39632.0 
32934.0 39512.0 
36184.0 39386.0 
39434.0 39339.0 
40355.0 39279.0 
43605.0 39153.0 
46855.0 39117.0 
16256.0 46232.0 
16290.0 43229.0 
18092.0 40466.0 
18545.0 40444.0 
18596.0 40337.0 
19912.0 40313.0 
21708.0 39975.0 
24592.0 39916.0 
25513.0 39758.0 
31937.0 39631.0 
24820.0 39884.0 
32013.0 39573.0 
16515.0 41267.0 
16595.0 41035.0 
17095.0 40954.0 
17171.0 40768.0 
Remove worst   Add best
push: 42 pull: 130
Final PF: 
16595.0 41035.0 
17095.0 40954.0 
32934.0 39512.0 
36184.0 39386.0 
39434.0 39339.0 
40355.0 39279.0 
43605.0 39153.0 
46855.0 39117.0 
16256.0 46232.0 
18092.0 40466.0 
18545.0 40444.0 
18596.0 40337.0 
19912.0 40313.0 
21266.0 40310.0 
21342.0 40064.0 
21708.0 39975.0 
24516.0 39974.0 
25513.0 39758.0 
28687.0 39757.0 
28763.0 39632.0 
24592.0 39916.0 
24820.0 39884.0 
32013.0 39573.0 
16515.0 41267.0 
17171.0 40768.0 
Remove worst   Add diversity
push: 29 pull: 103
Final PF: 
16256.0 46232.0 
32934.0 39512.0 
36184.0 39386.0 
39434.0 39339.0 
40355.0 39279.0 
43605.0 39153.0 
46855.0 39117.0 
18092.0 40466.0 
18545.0 40444.0 
18596.0 40337.0 
19912.0 40313.0 
21266.0 40310.0 
21342.0 40064.0 
21708.0 39975.0 
24516.0 39972.0 
25513.0 39758.0 
28763.0 39632.0 
31937.0 39631.0 
16290.0 43500.0 
24592.0 39916.0 
24820.0 39884.0 
28687.0 39757.0 
32013.0 39573.0 
16515.0 41267.0 
16595.0 41035.0 
17095.0 40954.0 
17171.0 40768.0 
linkage migration
push: 16 pull: 76
Final PF: 
16023.0 42375.0 
16156.0 41932.0 
18596.0 40337.0 
19912.0 40313.0 
21266.0 40310.0 
21342.0 40064.0 
21708.0 39975.0 
24592.0 39915.0 
25513.0 39758.0 
36184.0 39386.0 
39434.0 39339.0 
43605.0 39153.0 
46855.0 39117.0 
51026.0 39111.0 
18545.0 40444.0 
24516.0 39972.0 
24820.0 39865.0 
28687.0 39755.0 
31937.0 39629.0 
32013.0 39573.0 
39358.0 39383.0 
42684.0 39328.0 
18092.0 40466.0 
27894.0 39757.0 
28763.0 39631.0 
32934.0 39512.0 
16515.0 41334.0 
16595.0 41053.0 
17095.0 40954.0 
17171.0 40768.0 



---------------------------------------
Quality Indicator Results: 

for each remove method 
Remove random   


 GD: 
48231.67
48369.627
48451.802
48287.132


 D1R: 
44236.558
44236.558
44236.558
44236.558
DCI: 
0.593
0.741
0.667
0.963


 IGD: 
100.129
90.614
94.229
6.307


 HV: 
0.996
0.996
0.996
1.0


Remove worst   


 GD: 
48660.604
48558.721
48578.345
48585.366


 D1R: 
44236.558
44236.558
44236.558
44236.558
DCI: 
0.815
0.926
0.889
0.963


 IGD: 
79.35
5.492
76.758
10.037


 HV: 
0.996
1.0
0.997
1.0



---------------------------------------
for each add method
Add new


 GD: 
48231.67
48660.604


 D1R: 
44236.558
44236.558
DCI: 
0.84
1.0


 IGD: 
42.222
0.0


 HV: 
0.998
1.0


Add random


 GD: 
48369.627
48558.721


 D1R: 
44236.558
44236.558
DCI: 
0.815
0.926


 IGD: 
108.93
5.492


 HV: 
0.995
1.0


Add best


 GD: 
48451.802
48578.345


 D1R: 
44236.558
44236.558
DCI: 
0.808
0.962


 IGD: 
49.702
5.627


 HV: 
0.999
1.0


Add diversity


 GD: 
48287.132
48585.366


 D1R: 
44236.558
44236.558
DCI: 
0.963
0.926


 IGD: 
34.155
1.37


 HV: 
0.999
1.0



---------------------------------------
 results for all together 

Remove nothing   Add nothing
Remove random   Add new
Remove random   Add random
Remove random   Add best
Remove random   Add diversity
Remove worst   Add new
Remove worst   Add random
Remove worst   Add best
Remove worst   Add diversity
Linkage migration


 GD: 
48231.67
48231.67
48369.627
48451.802
48287.132
48660.604
48558.721
48578.345
48585.366
49230.213


 D1R: 
44236.558
44236.558
44236.558
44236.558
44236.558
44236.558
44236.558
44236.558
44236.558
44236.558
DCI: 
0.444
0.444
0.511
0.511
0.678
0.544
0.611
0.611
0.644
0.8


 IGD: 
140.736
140.736
129.571
135.426
129.782
105.657
98.971
105.052
100.036
39.708


 HV: 
0.99
0.99
0.991
0.991
0.994
0.992
0.995
0.992
0.995
1.0


---------------------------------------
 actions for all together 

56 0
54 158
23 100
49 147
35 122
47 130
29 88
42 130
29 103
16 76

