seeds 1012 factoryScale2 numberOfIslands5 numberOfReplacement1 notImprovedInARow 3

traditional MOEA/D
push: 12 pull: 0
Final PF: 
16515.0 41507.0 
16595.0 41275.0 
17095.0 41194.0 
17171.0 40744.0 
18092.0 40606.0 
18545.0 40584.0 
18596.0 40337.0 
19912.0 40313.0 
21266.0 40310.0 
21342.0 40064.0 
21708.0 39975.0 
24516.0 39972.0 
24592.0 39915.0 
24820.0 39865.0 
25513.0 39758.0 
28763.0 39631.0 
31937.0 39629.0 
32013.0 39573.0 
32934.0 39549.0 
35263.0 39537.0 
36184.0 39399.0 
39358.0 39396.0 
39434.0 39340.0 
42684.0 39304.0 
remove and add nothing
push: 57 pull: 0
Final PF: 
24592.0 39980.0 
24820.0 39954.0 
28763.0 39697.0 
16290.0 43536.0 
18092.0 40466.0 
18545.0 40449.0 
18596.0 40337.0 
19912.0 40313.0 
21266.0 40312.0 
25513.0 39758.0 
32934.0 39536.0 
36184.0 39464.0 
39434.0 39429.0 
16093.0 45874.0 
21342.0 40104.0 
21708.0 40015.0 
16515.0 41382.0 
16595.0 41150.0 
17095.0 41087.0 
17171.0 40744.0 
Remove random   Add new
push: 50 pull: 143
Final PF: 
18092.0 40466.0 
18545.0 40449.0 
18596.0 40337.0 
19912.0 40313.0 
21266.0 40312.0 
21708.0 39975.0 
24516.0 39974.0 
24592.0 39939.0 
25513.0 39758.0 
28687.0 39757.0 
28763.0 39632.0 
31937.0 39631.0 
32934.0 39536.0 
16023.0 51066.0 
16093.0 45469.0 
16290.0 43385.0 
21342.0 40104.0 
16515.0 41382.0 
16595.0 41150.0 
17095.0 41087.0 
17171.0 40744.0 
36184.0 39386.0 
Remove random   Add random
push: 22 pull: 100
Final PF: 
17095.0 41087.0 
17171.0 40744.0 
18596.0 40337.0 
19912.0 40313.0 
21708.0 39975.0 
24592.0 39915.0 
24820.0 39889.0 
28763.0 39632.0 
31937.0 39631.0 
16515.0 41382.0 
16595.0 41150.0 
18092.0 40466.0 
18545.0 40449.0 
21266.0 40312.0 
24516.0 39974.0 
25513.0 39758.0 
16093.0 45379.0 
16290.0 43295.0 
32934.0 39525.0 
40355.0 39279.0 
21342.0 40064.0 
32013.0 39596.0 
36184.0 39386.0 
Remove random   Add best
push: 43 pull: 133
Final PF: 
16595.0 41150.0 
31937.0 39631.0 
16290.0 43536.0 
18092.0 40466.0 
18545.0 40449.0 
18596.0 40337.0 
19912.0 40313.0 
21266.0 40312.0 
21708.0 39975.0 
24516.0 39974.0 
24592.0 39939.0 
25513.0 39758.0 
28763.0 39632.0 
32934.0 39536.0 
16093.0 45874.0 
21342.0 40104.0 
16515.0 41382.0 
17095.0 41087.0 
17171.0 40744.0 
32013.0 39596.0 
36184.0 39386.0 
Remove random   Add diversity
push: 36 pull: 115
Final PF: 
40355.0 39279.0 
16093.0 45379.0 
18092.0 40466.0 
18596.0 40337.0 
19912.0 40313.0 
21266.0 40312.0 
21708.0 39975.0 
24516.0 39974.0 
24592.0 39939.0 
25513.0 39758.0 
28687.0 39757.0 
28763.0 39632.0 
31937.0 39631.0 
16290.0 43295.0 
32013.0 39596.0 
36184.0 39410.0 
18545.0 40444.0 
21342.0 40064.0 
32934.0 39525.0 
16515.0 41382.0 
16595.0 41150.0 
17095.0 41087.0 
17171.0 40744.0 
Remove worst   Add new
push: 47 pull: 132
Final PF: 
36184.0 39410.0 
16290.0 43536.0 
18092.0 40466.0 
18596.0 40337.0 
19912.0 40313.0 
21266.0 40312.0 
25513.0 39758.0 
28687.0 39757.0 
32934.0 39536.0 
43605.0 39388.0 
16093.0 45874.0 
18545.0 40444.0 
21342.0 40104.0 
16515.0 41382.0 
16595.0 41150.0 
17095.0 41087.0 
17171.0 40744.0 
21708.0 39975.0 
24592.0 39939.0 
28763.0 39678.0 
32013.0 39642.0 
Remove worst   Add random
push: 19 pull: 85
Final PF: 
18545.0 40444.0 
18596.0 40337.0 
25513.0 39758.0 
32934.0 39536.0 
36184.0 39410.0 
18092.0 40466.0 
19912.0 40313.0 
21266.0 40312.0 
21708.0 39975.0 
24516.0 39974.0 
24820.0 39865.0 
28687.0 39757.0 
28763.0 39632.0 
39434.0 39386.0 
16093.0 45379.0 
16290.0 43295.0 
17095.0 41087.0 
32013.0 39596.0 
40355.0 39279.0 
21342.0 40064.0 
16515.0 41382.0 
16595.0 41150.0 
17171.0 40744.0 
24592.0 39916.0 
Remove worst   Add best
push: 42 pull: 129
Final PF: 
16595.0 41150.0 
16093.0 45874.0 
18092.0 40466.0 
18545.0 40444.0 
21342.0 40104.0 
16290.0 43536.0 
18596.0 40337.0 
19912.0 40313.0 
21266.0 40312.0 
25513.0 39758.0 
28687.0 39757.0 
16515.0 41382.0 
17095.0 41069.0 
17171.0 40744.0 
21708.0 39975.0 
24592.0 39939.0 
28763.0 39632.0 
32013.0 39596.0 
32934.0 39512.0 
36184.0 39386.0 
Remove worst   Add diversity
push: 31 pull: 103
Final PF: 
36184.0 39393.0 
16290.0 43265.0 
18092.0 40466.0 
18596.0 40337.0 
19912.0 40313.0 
21266.0 40312.0 
21708.0 39975.0 
24516.0 39974.0 
25513.0 39758.0 
28687.0 39757.0 
28763.0 39632.0 
31937.0 39631.0 
15590.0 47053.0 
16093.0 45349.0 
40355.0 39303.0 
43605.0 39176.0 
18545.0 40444.0 
21342.0 40064.0 
32934.0 39525.0 
16515.0 41382.0 
16595.0 41150.0 
17095.0 41087.0 
17171.0 40744.0 
24592.0 39916.0 
linkage migration
push: 21 pull: 86
Final PF: 
18596.0 40337.0 
19912.0 40313.0 
21708.0 39975.0 
24592.0 39915.0 
24820.0 39889.0 
25513.0 39758.0 
27894.0 39757.0 
32013.0 39573.0 
40355.0 39303.0 
16093.0 45874.0 
16290.0 43536.0 
18092.0 40466.0 
21266.0 40312.0 
24516.0 39974.0 
28763.0 39631.0 
32934.0 39512.0 
36184.0 39385.0 
43605.0 39176.0 
18545.0 40444.0 
21342.0 40064.0 
16515.0 41382.0 
16595.0 41150.0 
17095.0 41087.0 
17171.0 40744.0 



---------------------------------------
Quality Indicator Results: 

for each remove method 
Remove random   


 GD: 
47059.392
47249.57
46866.734
47339.972


 D1R: 
44214.441
44214.441
44214.441
44214.441
DCI: 
0.64
0.88
0.6
0.84


 IGD: 
189.978
233.549
422.422
238.754


 HV: 
0.999
1.0
0.999
0.999


Remove worst   


 GD: 
47346.832
47525.194
46769.856
47750.688


 D1R: 
44214.441
44214.441
44214.441
44214.441
DCI: 
0.423
0.692
0.615
0.769


 IGD: 
238.033
78.304
268.81
15.172


 HV: 
0.996
1.0
0.998
1.0



---------------------------------------
for each add method
Add new


 GD: 
47059.392
47346.832


 D1R: 
44214.441
44214.441
DCI: 
0.955
0.682


 IGD: 
0.227
271.77


 HV: 
1.0
0.999


Add random


 GD: 
47249.57
47525.194


 D1R: 
44214.441
44214.441
DCI: 
0.875
0.861


 IGD: 
7.304
4.986


 HV: 
1.0
0.999


Add best


 GD: 
46866.734
46769.856


 D1R: 
44214.441
44214.441
DCI: 
0.818
0.909


 IGD: 
8.786
7.607


 HV: 
0.999
1.0


Add diversity


 GD: 
47339.972
47750.688


 D1R: 
44214.441
44214.441
DCI: 
0.76
0.92


 IGD: 
76.997
4.486


 HV: 
1.0
1.0



---------------------------------------
 results for all together 

Remove nothing   Add nothing
Remove random   Add new
Remove random   Add random
Remove random   Add best
Remove random   Add diversity
Remove worst   Add new
Remove worst   Add random
Remove worst   Add best
Remove worst   Add diversity
Linkage migration


 GD: 
46923.632
47059.392
47249.57
46866.734
47339.972
47346.832
47525.194
46769.856
47750.688
47654.277


 D1R: 
44214.441
44214.441
44214.441
44214.441
44214.441
44214.441
44214.441
44214.441
44214.441
44214.441
DCI: 
0.32
0.453
0.573
0.453
0.547
0.4
0.613
0.533
0.693
0.76


 IGD: 
379.387
589.584
240.901
597.112
247.851
276.201
237.783
595.182
47.49
85.753


 HV: 
0.989
0.992
0.994
0.992
0.994
0.991
0.994
0.992
1.0
0.993


---------------------------------------
 actions for all together 

12 0
57 0
50 143
22 100
43 133
36 115
47 132
19 85
42 129
31 103
21 86

