seeds 1002 factoryScale5 numberOfIslands5 numberOfReplacement1 notImprovedInARow 3

remove and add nothing
push: 57 pull: 0
Final PF: 
18596.0 40353.0 
19912.0 40313.0 
21266.0 40310.0 
21708.0 39975.0 
25513.0 39758.0 
18092.0 40531.0 
18545.0 40509.0 
21657.0 40176.0 
36184.0 39450.0 
43605.0 39217.0 
16023.0 42369.0 
16156.0 42347.0 
16515.0 41448.0 
16595.0 41053.0 
17095.0 40954.0 
21342.0 40186.0 
24592.0 39916.0 
24820.0 39865.0 
28763.0 39632.0 
32013.0 39573.0 
Remove random   Add new
push: 53 pull: 150
Final PF: 
18596.0 40353.0 
19912.0 40313.0 
21266.0 40310.0 
21708.0 39975.0 
25513.0 39758.0 
18092.0 40531.0 
18545.0 40509.0 
21657.0 40176.0 
36184.0 39450.0 
43605.0 39217.0 
16023.0 42369.0 
16156.0 42347.0 
16515.0 41448.0 
16595.0 41053.0 
17095.0 40954.0 
17171.0 40744.0 
21342.0 40186.0 
24516.0 39972.0 
24592.0 39916.0 
24820.0 39865.0 
28763.0 39632.0 
32013.0 39573.0 
39434.0 39433.0 
Remove random   Add random
push: 25 pull: 111
Final PF: 
16515.0 41267.0 
16595.0 41035.0 
18545.0 40509.0 
18596.0 40353.0 
19912.0 40313.0 
21266.0 40310.0 
21708.0 39975.0 
24516.0 39974.0 
25513.0 39758.0 
32934.0 39512.0 
36184.0 39386.0 
18092.0 40531.0 
43605.0 39217.0 
21342.0 40186.0 
24592.0 39916.0 
28763.0 39631.0 
32013.0 39573.0 
39434.0 39374.0 
16023.0 42369.0 
16156.0 42347.0 
17095.0 40954.0 
24820.0 39865.0 
21657.0 40171.0 
Remove random   Add best
push: 44 pull: 136
Final PF: 
16515.0 41267.0 
16595.0 41035.0 
19912.0 40313.0 
21266.0 40310.0 
21708.0 39975.0 
24516.0 39974.0 
25513.0 39758.0 
36184.0 39450.0 
43605.0 39217.0 
16023.0 42369.0 
16156.0 42347.0 
17095.0 40954.0 
24592.0 39916.0 
24820.0 39865.0 
28763.0 39632.0 
32013.0 39573.0 
18092.0 40466.0 
18545.0 40449.0 
18596.0 40337.0 
21342.0 40128.0 
Remove random   Add diversity
push: 45 pull: 141
Final PF: 
16156.0 42347.0 
18596.0 40353.0 
19912.0 40313.0 
21266.0 40310.0 
21708.0 39975.0 
24516.0 39974.0 
25513.0 39758.0 
28687.0 39757.0 
32934.0 39512.0 
43605.0 39217.0 
18092.0 40531.0 
18545.0 40444.0 
28763.0 39631.0 
36184.0 39385.0 
16023.0 42369.0 
16515.0 41448.0 
16595.0 41053.0 
17095.0 40954.0 
24592.0 39916.0 
24820.0 39865.0 
31937.0 39629.0 
32013.0 39573.0 
21342.0 40153.0 
Remove worst   Add new
push: 48 pull: 134
Final PF: 
19912.0 40313.0 
21266.0 40310.0 
21708.0 39975.0 
25513.0 39758.0 
28763.0 39632.0 
32934.0 39512.0 
36184.0 39386.0 
18092.0 40531.0 
18545.0 40509.0 
21342.0 40169.0 
43605.0 39217.0 
18596.0 40337.0 
24516.0 39972.0 
16023.0 42369.0 
16156.0 42347.0 
16515.0 41448.0 
16595.0 41053.0 
17095.0 40954.0 
17171.0 40744.0 
24592.0 39916.0 
24820.0 39865.0 
32013.0 39573.0 
Remove worst   Add random
push: 19 pull: 90
Final PF: 
16156.0 42088.0 
16595.0 41053.0 
19912.0 40313.0 
21266.0 40310.0 
21708.0 39975.0 
24516.0 39972.0 
24592.0 39916.0 
25513.0 39758.0 
28763.0 39632.0 
32934.0 39512.0 
36184.0 39386.0 
18596.0 40337.0 
32013.0 39573.0 
43605.0 39217.0 
16515.0 41448.0 
18092.0 40466.0 
18545.0 40444.0 
21342.0 40064.0 
24820.0 39865.0 
16023.0 42369.0 
17095.0 40954.0 
17171.0 40744.0 
Remove worst   Add best
push: 46 pull: 135
Final PF: 
16515.0 41448.0 
16595.0 41053.0 
17095.0 40954.0 
18596.0 40337.0 
19912.0 40313.0 
21266.0 40310.0 
21708.0 39975.0 
25513.0 39758.0 
28763.0 39632.0 
32934.0 39512.0 
36184.0 39386.0 
18092.0 40531.0 
18545.0 40509.0 
21342.0 40169.0 
43605.0 39217.0 
24516.0 39972.0 
16023.0 42369.0 
16156.0 42347.0 
17171.0 40744.0 
24592.0 39916.0 
24820.0 39865.0 
32013.0 39573.0 
Remove worst   Add diversity
push: 37 pull: 123
Final PF: 
16156.0 42347.0 
19912.0 40313.0 
21266.0 40310.0 
21708.0 39975.0 
25513.0 39758.0 
28763.0 39632.0 
31937.0 39631.0 
32934.0 39512.0 
36184.0 39386.0 
43605.0 39217.0 
16023.0 42369.0 
18092.0 40466.0 
18545.0 40444.0 
18596.0 40337.0 
21342.0 40064.0 
24516.0 39972.0 
16515.0 41448.0 
16595.0 41053.0 
17095.0 40954.0 
17171.0 40744.0 
24592.0 39915.0 
24820.0 39865.0 
28687.0 39755.0 
32013.0 39572.0 
39434.0 39364.0 
linkage migration
push: 14 pull: 86
Final PF: 
18092.0 40466.0 
18545.0 40444.0 
18596.0 40337.0 
19912.0 40313.0 
21266.0 40310.0 
21342.0 40064.0 
21708.0 39975.0 
24516.0 39972.0 
25513.0 39758.0 
28687.0 39757.0 
28763.0 39631.0 
31937.0 39629.0 
32013.0 39573.0 
32934.0 39512.0 
16515.0 41267.0 
16595.0 41035.0 
17095.0 40954.0 
39434.0 39339.0 
43605.0 39153.0 
51026.0 39070.0 
54276.0 39036.0 
16023.0 42369.0 
16156.0 42088.0 
17171.0 40744.0 
24592.0 39916.0 
24820.0 39865.0 
36184.0 39393.0 



---------------------------------------
Quality Indicator Results: 

for each remove method 
Remove random   


 GD: 
47149.61
47451.619
46922.755
47393.165


 D1R: 
44214.441
44263.588
44263.588
44280.276
DCI: 
0.547
0.667
0.667
0.68


 IGD: 
67.668
26.875
188.437
151.214


 HV: 
0.993
1.0
0.991
0.999


Remove worst   


 GD: 
47017.88
46997.287
47017.88
47592.862


 D1R: 
44214.441
44214.441
44214.441
44214.441
DCI: 
0.693
0.853
0.693
0.96


 IGD: 
159.451
139.691
159.451
10.36


 HV: 
0.998
1.0
0.998
1.0



---------------------------------------
for each add method
Add new


 GD: 
47149.61
47017.88


 D1R: 
44214.441
44214.441
DCI: 
0.818
1.0


 IGD: 
46.364
0.0


 HV: 
0.991
1.0


Add random


 GD: 
47451.619
46997.287


 D1R: 
44263.588
44214.441
DCI: 
0.696
0.855


 IGD: 
32.71
150.001


 HV: 
0.996
1.0


Add best


 GD: 
46922.755
47017.88


 D1R: 
44263.588
44214.441
DCI: 
0.818
0.773


 IGD: 
55.107
16.591


 HV: 
0.989
1.0


Add diversity


 GD: 
47393.165
47592.862


 D1R: 
44280.276
44214.441
DCI: 
0.693
0.933


 IGD: 
145.976
0.16


 HV: 
0.995
1.0



---------------------------------------
 results for all together 

Remove nothing   Add nothing
Remove random   Add new
Remove random   Add random
Remove random   Add best
Remove random   Add diversity
Remove worst   Add new
Remove worst   Add random
Remove worst   Add best
Remove worst   Add diversity
Linkage migration


 GD: 
46878.394
47149.61
47451.619
46922.755
47393.165
47017.88
46997.287
47017.88
47592.862
48906.009


 D1R: 
44280.276
44214.441
44263.588
44263.588
44280.276
44214.441
44214.441
44214.441
44214.441
44214.441
DCI: 
0.333
0.407
0.482
0.482
0.494
0.506
0.654
0.506
0.679
0.901


 IGD: 
500.465
366.787
327.563
481.603
445.927
448.953
429.953
448.953
306.671
0.462


 HV: 
0.979
0.982
0.986
0.98
0.986
0.987
0.989
0.987
0.989
1.0


---------------------------------------
 actions for all together 

57 0
53 150
25 111
44 136
45 141
48 134
19 90
46 135
37 123
14 86

