seeds 1004 factoryScale4 numberOfIslands5 numberOfReplacement1 notImprovedInARow 3

remove and add nothing
push: 58 pull: 0
Final PF: 
16990.0 41417.0 
17516.0 41185.0 
16816.0 41763.0 
21708.0 39975.0 
24516.0 39974.0 
28763.0 39632.0 
18596.0 40337.0 
19912.0 40313.0 
21266.0 40310.0 
25513.0 39758.0 
31937.0 39629.0 
32934.0 39525.0 
43605.0 39317.0 
18092.0 40466.0 
18545.0 40444.0 
16023.0 43604.0 
16156.0 42540.0 
16515.0 42497.0 
16595.0 42308.0 
16956.0 41576.0 
18016.0 41110.0 
21342.0 40064.0 
24592.0 39916.0 
36184.0 39385.0 
Remove random   Add new
push: 53 pull: 155
Final PF: 
16990.0 41417.0 
17516.0 41185.0 
16816.0 41763.0 
21708.0 39975.0 
24516.0 39974.0 
28763.0 39632.0 
18596.0 40337.0 
19912.0 40313.0 
21266.0 40310.0 
25513.0 39758.0 
28687.0 39755.0 
31937.0 39629.0 
32934.0 39525.0 
43605.0 39317.0 
18092.0 40466.0 
18545.0 40444.0 
16023.0 43604.0 
16156.0 42540.0 
16515.0 42497.0 
16595.0 42308.0 
16956.0 41576.0 
18016.0 41110.0 
21342.0 40064.0 
24592.0 39916.0 
36184.0 39385.0 
Remove random   Add random
push: 22 pull: 104
Final PF: 
18545.0 40444.0 
21708.0 39975.0 
25513.0 39758.0 
28687.0 39757.0 
32934.0 39525.0 
43605.0 39317.0 
16515.0 41770.0 
16816.0 41366.0 
17516.0 41134.0 
18016.0 41053.0 
18092.0 40466.0 
18596.0 40337.0 
19912.0 40313.0 
21342.0 40064.0 
28763.0 39632.0 
21266.0 40310.0 
31937.0 39629.0 
24516.0 39972.0 
16023.0 43604.0 
16156.0 42540.0 
24592.0 39916.0 
36184.0 39385.0 
Remove random   Add best
push: 47 pull: 143
Final PF: 
16990.0 41387.0 
18092.0 40466.0 
16816.0 41681.0 
16956.0 41570.0 
21708.0 39975.0 
24516.0 39974.0 
18596.0 40337.0 
19912.0 40313.0 
21266.0 40310.0 
25513.0 39758.0 
31937.0 39629.0 
32934.0 39525.0 
43605.0 39317.0 
17516.0 41155.0 
18545.0 40444.0 
16023.0 43604.0 
16156.0 42540.0 
16515.0 42497.0 
16595.0 42308.0 
18016.0 41074.0 
21342.0 40064.0 
24592.0 39916.0 
28763.0 39631.0 
36184.0 39385.0 
Remove random   Add diversity
push: 29 pull: 115
Final PF: 
16023.0 43604.0 
21708.0 39975.0 
24516.0 39972.0 
36184.0 39385.0 
43605.0 39317.0 
16515.0 41770.0 
16816.0 41366.0 
17516.0 41134.0 
18016.0 41053.0 
18092.0 40466.0 
18545.0 40444.0 
18596.0 40337.0 
19912.0 40313.0 
25513.0 39758.0 
21266.0 40310.0 
32934.0 39525.0 
46779.0 39316.0 
21342.0 40064.0 
16156.0 42540.0 
24592.0 39916.0 
27894.0 39757.0 
28687.0 39755.0 
28763.0 39631.0 
31937.0 39628.0 
Remove worst   Add new
push: 45 pull: 130
Final PF: 
21708.0 39975.0 
18016.0 41074.0 
18596.0 40337.0 
19912.0 40313.0 
21266.0 40310.0 
25513.0 39758.0 
28687.0 39755.0 
31937.0 39629.0 
32934.0 39525.0 
43605.0 39317.0 
18092.0 40466.0 
18545.0 40444.0 
21342.0 40064.0 
24592.0 39916.0 
16023.0 43604.0 
16156.0 41932.0 
16595.0 41700.0 
16956.0 41576.0 
16990.0 41396.0 
17516.0 41164.0 
24516.0 39972.0 
28763.0 39631.0 
36184.0 39385.0 
Remove worst   Add random
push: 16 pull: 87
Final PF: 
18092.0 40466.0 
18545.0 40444.0 
21708.0 39975.0 
24516.0 39972.0 
24592.0 39916.0 
25513.0 39758.0 
28763.0 39631.0 
32013.0 39573.0 
32934.0 39525.0 
36108.0 39524.0 
16023.0 43604.0 
16515.0 41770.0 
16595.0 41700.0 
16816.0 41366.0 
17516.0 41134.0 
18016.0 41053.0 
19912.0 40313.0 
28687.0 39755.0 
31937.0 39629.0 
16156.0 41932.0 
18596.0 40337.0 
21266.0 40310.0 
21342.0 40064.0 
43605.0 39317.0 
36184.0 39385.0 
39434.0 39351.0 
Remove worst   Add best
push: 41 pull: 123
Final PF: 
16156.0 41932.0 
16595.0 41700.0 
18092.0 40466.0 
16816.0 41681.0 
16956.0 41570.0 
21708.0 39975.0 
16023.0 42369.0 
18016.0 41074.0 
18596.0 40337.0 
19912.0 40313.0 
21266.0 40310.0 
25513.0 39758.0 
28687.0 39755.0 
31937.0 39629.0 
32934.0 39525.0 
43605.0 39317.0 
18545.0 40444.0 
21342.0 40064.0 
16990.0 41387.0 
17516.0 41155.0 
24516.0 39972.0 
24592.0 39915.0 
28763.0 39631.0 
32013.0 39573.0 
36184.0 39385.0 
46779.0 39303.0 
49529.0 39156.0 
Remove worst   Add diversity
push: 28 pull: 99
Final PF: 
16023.0 42983.0 
19912.0 40313.0 
21708.0 39975.0 
24516.0 39972.0 
25513.0 39758.0 
31937.0 39629.0 
43605.0 39317.0 
16515.0 41770.0 
16816.0 41366.0 
17516.0 41134.0 
18016.0 41053.0 
28763.0 39631.0 
32934.0 39512.0 
18596.0 40337.0 
21266.0 40310.0 
21342.0 40064.0 
28687.0 39755.0 
18092.0 40466.0 
18545.0 40444.0 
36184.0 39385.0 
16156.0 41932.0 
16595.0 41700.0 
24592.0 39916.0 
32013.0 39573.0 
39434.0 39351.0 
linkage migration
push: 23 pull: 85
Final PF: 
16990.0 41387.0 
17516.0 41155.0 
18092.0 40466.0 
18545.0 40444.0 
18596.0 40337.0 
19912.0 40313.0 
21342.0 40064.0 
21708.0 39975.0 
24516.0 39974.0 
25513.0 39758.0 
28763.0 39631.0 
43605.0 39153.0 
16515.0 41861.0 
16875.0 41617.0 
32013.0 39573.0 
32934.0 39512.0 
36184.0 39385.0 
39434.0 39327.0 
40355.0 39279.0 
21266.0 40310.0 
24820.0 39865.0 
28687.0 39755.0 
31937.0 39629.0 
16023.0 42375.0 
16156.0 41932.0 
16595.0 41700.0 
24592.0 39915.0 
51026.0 39071.0 
16956.0 41576.0 
18016.0 41083.0 



---------------------------------------
Quality Indicator Results: 

for each remove method 
Remove random   


 GD: 
47021.39
47239.882
46930.812
47872.801


 D1R: 
44326.263
44326.263
44326.263
44326.263
DCI: 
0.681
0.847
0.653
1.0


 IGD: 
60.322
34.652
67.725
0.0


 HV: 
0.997
1.0
0.998
1.0


Remove worst   


 GD: 
47117.939
47835.852
48244.952
47584.215


 D1R: 
44326.263
44326.263
44326.263
44326.263
DCI: 
0.617
0.84
0.778
0.877


 IGD: 
490.721
354.482
132.842
354.0


 HV: 
0.997
0.999
0.999
1.0



---------------------------------------
for each add method
Add new


 GD: 
47021.39
47117.939


 D1R: 
44326.263
44326.263
DCI: 
0.725
1.0


 IGD: 
38.644
0.0


 HV: 
0.996
1.0


Add random


 GD: 
47239.882
47835.852


 D1R: 
44326.263
44326.263
DCI: 
0.756
1.0


 IGD: 
154.083
0.0


 HV: 
0.996
1.0


Add best


 GD: 
46930.812
48244.952


 D1R: 
44326.263
44326.263
DCI: 
0.691
1.0


 IGD: 
170.513
0.0


 HV: 
0.995
1.0


Add diversity


 GD: 
47872.801
47584.215


 D1R: 
44326.263
44326.263
DCI: 
0.778
0.914


 IGD: 
159.988
146.963


 HV: 
0.995
1.0



---------------------------------------
 results for all together 

Remove nothing   Add nothing
Remove random   Add new
Remove random   Add random
Remove random   Add best
Remove random   Add diversity
Remove worst   Add new
Remove worst   Add random
Remove worst   Add best
Remove worst   Add diversity
Linkage migration


 GD: 
46937.927
47021.39
47239.882
46930.812
47872.801
47117.939
47835.852
48244.952
47584.215
48215.914


 D1R: 
44326.263
44326.263
44326.263
44326.263
44326.263
44326.263
44326.263
44326.263
44326.263
44326.263
DCI: 
0.379
0.414
0.552
0.391
0.644
0.529
0.701
0.609
0.736
0.747


 IGD: 
344.577
336.38
304.306
342.175
275.821
306.837
93.223
286.74
92.758
39.974


 HV: 
0.983
0.983
0.985
0.983
0.985
0.986
0.988
0.99
0.989
1.0


---------------------------------------
 actions for all together 

58 0
53 155
22 104
47 143
29 115
45 130
16 87
41 123
28 99
23 85

