seeds 1009 factoryScale8 numberOfIslands5 numberOfReplacement1 notImprovedInARow 3

remove and add nothing
push: 57 pull: 0
Final PF: 
16515.0 41473.0 
16595.0 41241.0 
17171.0 40835.0 
28763.0 39696.0 
31937.0 39695.0 
39434.0 39433.0 
40355.0 39303.0 
46855.0 39208.0 
18092.0 40466.0 
18545.0 40444.0 
18596.0 40337.0 
27894.0 39757.0 
32934.0 39511.0 
21342.0 40064.0 
25513.0 39817.0 
21708.0 40040.0 
24592.0 39980.0 
32013.0 39637.0 
36184.0 39463.0 
Remove random   Add new
push: 51 pull: 148
Final PF: 
21342.0 40064.0 
25513.0 39758.0 
16515.0 41473.0 
16595.0 41241.0 
17171.0 40835.0 
21708.0 39999.0 
24516.0 39974.0 
24750.0 39922.0 
28763.0 39656.0 
36184.0 39450.0 
39434.0 39433.0 
40355.0 39303.0 
46855.0 39208.0 
18092.0 40466.0 
18545.0 40444.0 
18596.0 40337.0 
27894.0 39757.0 
32934.0 39511.0 
24592.0 39934.0 
32013.0 39637.0 
Remove random   Add random
push: 18 pull: 96
Final PF: 
16515.0 41473.0 
16595.0 41241.0 
17095.0 41178.0 
17171.0 40835.0 
18092.0 40466.0 
24516.0 39974.0 
24750.0 39922.0 
36184.0 39410.0 
39434.0 39390.0 
40355.0 39278.0 
46855.0 39208.0 
18545.0 40444.0 
18596.0 40337.0 
19912.0 40313.0 
21266.0 40310.0 
21342.0 40064.0 
21708.0 39975.0 
25513.0 39758.0 
27894.0 39757.0 
28687.0 39755.0 
28763.0 39632.0 
32934.0 39511.0 
36108.0 39509.0 
43529.0 39276.0 
24592.0 39934.0 
24820.0 39905.0 
Remove random   Add best
push: 40 pull: 131
Final PF: 
16595.0 41150.0 
17171.0 40835.0 
24516.0 40014.0 
28763.0 39696.0 
31937.0 39695.0 
36184.0 39450.0 
39434.0 39390.0 
40355.0 39303.0 
46855.0 39208.0 
18092.0 40466.0 
18545.0 40444.0 
18596.0 40337.0 
27894.0 39757.0 
32934.0 39511.0 
21342.0 40064.0 
16515.0 41382.0 
17095.0 41087.0 
21266.0 40310.0 
21708.0 40015.0 
24592.0 39934.0 
24820.0 39905.0 
25513.0 39798.0 
32013.0 39637.0 
Remove random   Add diversity
push: 32 pull: 115
Final PF: 
17171.0 40835.0 
21708.0 39975.0 
24592.0 39915.0 
28763.0 39632.0 
43605.0 39152.0 
16515.0 41443.0 
16595.0 41211.0 
17095.0 41148.0 
18092.0 40466.0 
18545.0 40444.0 
18596.0 40337.0 
19912.0 40313.0 
21342.0 40064.0 
25513.0 39758.0 
27894.0 39757.0 
32934.0 39511.0 
40355.0 39278.0 
36184.0 39385.0 
21266.0 40310.0 
24516.0 39972.0 
24820.0 39905.0 
Remove worst   Add new
push: 48 pull: 137
Final PF: 
16515.0 41473.0 
16595.0 41241.0 
17171.0 40835.0 
28763.0 39696.0 
31937.0 39695.0 
40355.0 39303.0 
46855.0 39208.0 
18092.0 40466.0 
18545.0 40444.0 
18596.0 40337.0 
27894.0 39757.0 
32934.0 39511.0 
36184.0 39398.0 
21342.0 40064.0 
25513.0 39758.0 
19912.0 40313.0 
21266.0 40310.0 
21708.0 39975.0 
24592.0 39916.0 
24820.0 39905.0 
32013.0 39637.0 
Remove worst   Add random
push: 15 pull: 84
Final PF: 
17171.0 40835.0 
18092.0 40466.0 
19912.0 40313.0 
21266.0 40310.0 
21342.0 40064.0 
32013.0 39596.0 
32934.0 39511.0 
36184.0 39385.0 
40355.0 39303.0 
46855.0 39208.0 
16515.0 41443.0 
16595.0 41211.0 
17095.0 41148.0 
18545.0 40444.0 
18596.0 40337.0 
21708.0 39975.0 
24592.0 39916.0 
25513.0 39758.0 
27894.0 39757.0 
28763.0 39632.0 
24516.0 39972.0 
31937.0 39631.0 
24820.0 39905.0 
Remove worst   Add best
push: 34 pull: 116
Final PF: 
16595.0 41150.0 
40355.0 39303.0 
46855.0 39208.0 
18092.0 40466.0 
18545.0 40444.0 
18596.0 40337.0 
27894.0 39757.0 
32934.0 39511.0 
36184.0 39398.0 
17095.0 41069.0 
17171.0 40744.0 
21342.0 40064.0 
21708.0 39975.0 
24516.0 39974.0 
25513.0 39758.0 
28763.0 39632.0 
32013.0 39596.0 
16515.0 41382.0 
19912.0 40313.0 
21266.0 40310.0 
24592.0 39915.0 
24820.0 39905.0 
Remove worst   Add diversity
push: 25 pull: 100
Final PF: 
32013.0 39596.0 
32934.0 39511.0 
46855.0 39208.0 
18092.0 40466.0 
18545.0 40444.0 
18596.0 40337.0 
24516.0 39972.0 
27894.0 39757.0 
17095.0 41069.0 
17171.0 40744.0 
21342.0 40064.0 
21708.0 39975.0 
24592.0 39915.0 
25513.0 39758.0 
28763.0 39632.0 
16156.0 43073.0 
16495.0 43010.0 
36184.0 39385.0 
40355.0 39278.0 
16023.0 43516.0 
16515.0 41382.0 
16595.0 41150.0 
19912.0 40313.0 
21266.0 40310.0 
24820.0 39905.0 
linkage migration
push: 18 pull: 84
Final PF: 
17171.0 40744.0 
18092.0 40466.0 
18545.0 40444.0 
21342.0 40064.0 
21708.0 39975.0 
24592.0 39916.0 
39434.0 39340.0 
46855.0 39093.0 
18596.0 40337.0 
19912.0 40313.0 
21266.0 40310.0 
24820.0 39865.0 
25513.0 39758.0 
27894.0 39757.0 
28763.0 39631.0 
32934.0 39511.0 
50105.0 39082.0 
32013.0 39572.0 
16023.0 43306.0 
16256.0 43112.0 
24516.0 39972.0 
40355.0 39278.0 
16515.0 41267.0 
16595.0 41035.0 
17095.0 40972.0 
28687.0 39755.0 
36184.0 39385.0 
43605.0 39153.0 



---------------------------------------
Quality Indicator Results: 

for each remove method 
Remove random   


 GD: 
48610.249
48631.987
48398.571
47520.646


 D1R: 
44298.312
44298.312
44298.312
44298.312
DCI: 
0.333
0.708
0.5
0.75


 IGD: 
235.211
13.292
207.407
161.206


 HV: 
0.98
0.99
0.978
1.0


Remove worst   


 GD: 
48143.358
47924.383
47777.425
47580.586


 D1R: 
44298.312
44298.312
44214.441
44214.441
DCI: 
0.487
0.68
0.731
0.962


 IGD: 
234.606
218.645
218.095
3.218


 HV: 
0.993
0.996
0.997
1.0



---------------------------------------
for each add method
Add new


 GD: 
48610.249
48143.358


 D1R: 
44298.312
44298.312
DCI: 
0.714
0.905


 IGD: 
82.844
6.457


 HV: 
0.996
1.0


Add random


 GD: 
48631.987
47924.383


 D1R: 
44298.312
44298.312
DCI: 
0.692
0.846


 IGD: 
79.389
134.198


 HV: 
1.0
0.999


Add best


 GD: 
48398.571
47777.425


 D1R: 
44298.312
44214.441
DCI: 
0.565
0.957


 IGD: 
74.836
40.222


 HV: 
0.985
1.0


Add diversity


 GD: 
47520.646
47580.586


 D1R: 
44298.312
44214.441
DCI: 
0.68
0.96


 IGD: 
263.348
130.019


 HV: 
1.0
0.999



---------------------------------------
 results for all together 

Remove nothing   Add nothing
Remove random   Add new
Remove random   Add random
Remove random   Add best
Remove random   Add diversity
Remove worst   Add new
Remove worst   Add random
Remove worst   Add best
Remove worst   Add diversity
Linkage migration


 GD: 
48918.68
48610.249
48631.987
48398.571
47520.646
48143.358
47924.383
47777.425
47580.586
48920.344


 D1R: 
44298.312
44298.312
44298.312
44298.312
44298.312
44298.312
44298.312
44214.441
44214.441
44214.441
DCI: 
0.194
0.226
0.473
0.226
0.505
0.344
0.43
0.409
0.57
0.849


 IGD: 
491.923
478.505
231.101
475.932
375.249
453.602
450.892
450.506
278.486
21.974


 HV: 
0.982
0.985
0.99
0.984
0.995
0.987
0.989
0.99
0.993
1.0


---------------------------------------
 actions for all together 

57 0
51 148
18 96
40 131
32 115
48 137
15 84
34 116
25 100
18 84

