seeds 1004 factoryScale5 numberOfIslands5 numberOfReplacement1 notImprovedInARow 3

remove and add nothing
push: 58 pull: 0
Final PF: 
16990.0 41417.0 
17516.0 41185.0 
16816.0 41763.0 
21708.0 39975.0 
24516.0 39974.0 
28763.0 39632.0 
18596.0 40337.0 
19912.0 40313.0 
21266.0 40310.0 
25513.0 39758.0 
31937.0 39629.0 
32934.0 39525.0 
43605.0 39317.0 
18092.0 40466.0 
18545.0 40444.0 
16023.0 43604.0 
16156.0 42540.0 
16515.0 42497.0 
16595.0 42308.0 
16956.0 41576.0 
18016.0 41110.0 
21342.0 40064.0 
24592.0 39916.0 
36184.0 39385.0 
Remove random   Add new
push: 55 pull: 159
Final PF: 
16990.0 41417.0 
17516.0 41185.0 
16816.0 41763.0 
21708.0 39975.0 
24516.0 39974.0 
28763.0 39632.0 
18092.0 40466.0 
18545.0 40444.0 
18596.0 40337.0 
19912.0 40313.0 
21266.0 40310.0 
25513.0 39758.0 
31937.0 39629.0 
32934.0 39525.0 
43605.0 39317.0 
16023.0 43604.0 
16156.0 42540.0 
16515.0 42497.0 
16595.0 42308.0 
16956.0 41576.0 
18016.0 41110.0 
21342.0 40064.0 
24592.0 39916.0 
36184.0 39385.0 
Remove random   Add random
push: 22 pull: 99
Final PF: 
16990.0 41417.0 
17516.0 41185.0 
18092.0 40466.0 
18545.0 40444.0 
18596.0 40337.0 
21708.0 39975.0 
24592.0 39916.0 
25513.0 39758.0 
28763.0 39632.0 
32934.0 39525.0 
16515.0 41770.0 
16816.0 41547.0 
16875.0 41526.0 
17726.0 41172.0 
18016.0 41053.0 
19912.0 40313.0 
16156.0 42540.0 
21266.0 40310.0 
31937.0 39629.0 
43605.0 39317.0 
24516.0 39972.0 
24820.0 39905.0 
16023.0 43604.0 
21342.0 40064.0 
36184.0 39385.0 
Remove random   Add best
push: 46 pull: 144
Final PF: 
16990.0 41387.0 
18092.0 40466.0 
16816.0 41681.0 
16956.0 41570.0 
21708.0 39975.0 
24516.0 39974.0 
18596.0 40337.0 
19912.0 40313.0 
21266.0 40310.0 
25513.0 39758.0 
31937.0 39629.0 
32934.0 39525.0 
43605.0 39317.0 
17516.0 41155.0 
18545.0 40444.0 
16023.0 43604.0 
16156.0 42540.0 
16515.0 42497.0 
16595.0 42308.0 
18016.0 41074.0 
21342.0 40064.0 
24592.0 39916.0 
28763.0 39631.0 
36184.0 39385.0 
Remove random   Add diversity
push: 29 pull: 114
Final PF: 
16023.0 43604.0 
21708.0 39975.0 
24516.0 39972.0 
36184.0 39385.0 
43605.0 39317.0 
16515.0 41770.0 
16816.0 41366.0 
17516.0 41134.0 
18016.0 41053.0 
18092.0 40466.0 
18545.0 40444.0 
18596.0 40337.0 
19912.0 40313.0 
25513.0 39758.0 
32934.0 39512.0 
21266.0 40310.0 
46779.0 39316.0 
21342.0 40064.0 
16156.0 42540.0 
24592.0 39916.0 
27894.0 39757.0 
28687.0 39755.0 
28763.0 39631.0 
31937.0 39628.0 
Remove worst   Add new
push: 45 pull: 129
Final PF: 
21708.0 39975.0 
18016.0 41074.0 
18596.0 40337.0 
19912.0 40313.0 
21266.0 40310.0 
25513.0 39758.0 
28687.0 39755.0 
31937.0 39629.0 
32934.0 39525.0 
43605.0 39317.0 
18092.0 40466.0 
18545.0 40444.0 
21342.0 40064.0 
24592.0 39916.0 
16023.0 43604.0 
16156.0 41932.0 
16595.0 41700.0 
16956.0 41576.0 
16990.0 41396.0 
17516.0 41164.0 
24516.0 39972.0 
28763.0 39631.0 
36184.0 39385.0 
Remove worst   Add random
push: 16 pull: 82
Final PF: 
16990.0 41417.0 
18092.0 40466.0 
19912.0 40313.0 
24516.0 39972.0 
28687.0 39755.0 
32013.0 39573.0 
16515.0 41770.0 
16816.0 41547.0 
16875.0 41526.0 
17326.0 41385.0 
17516.0 41152.0 
17726.0 41141.0 
18016.0 41053.0 
18545.0 40444.0 
18596.0 40337.0 
21342.0 40064.0 
21708.0 39975.0 
24592.0 39915.0 
25513.0 39758.0 
32934.0 39512.0 
46779.0 39303.0 
49529.0 39156.0 
16023.0 42369.0 
21266.0 40310.0 
31937.0 39629.0 
43605.0 39317.0 
16595.0 41693.0 
16156.0 41932.0 
28763.0 39631.0 
36184.0 39385.0 
39434.0 39351.0 
Remove worst   Add best
push: 45 pull: 135
Final PF: 
16156.0 41932.0 
16595.0 41700.0 
16816.0 41681.0 
16956.0 41570.0 
18092.0 40466.0 
21708.0 39975.0 
16023.0 42369.0 
18016.0 41074.0 
18596.0 40337.0 
19912.0 40313.0 
21266.0 40310.0 
25513.0 39758.0 
28687.0 39755.0 
31937.0 39629.0 
32934.0 39525.0 
43605.0 39317.0 
18545.0 40444.0 
21342.0 40064.0 
24592.0 39916.0 
16990.0 41396.0 
17516.0 41164.0 
24516.0 39972.0 
28763.0 39631.0 
36184.0 39385.0 
Remove worst   Add diversity
push: 33 pull: 101
Final PF: 
16023.0 43604.0 
25513.0 39758.0 
28687.0 39755.0 
32934.0 39525.0 
36108.0 39522.0 
43605.0 39317.0 
16515.0 41770.0 
16816.0 41366.0 
17516.0 41134.0 
18016.0 41053.0 
21342.0 40064.0 
21708.0 39975.0 
28763.0 39631.0 
36184.0 39385.0 
18596.0 40337.0 
19912.0 40313.0 
21266.0 40310.0 
24516.0 39972.0 
31937.0 39629.0 
18092.0 40466.0 
18545.0 40444.0 
46779.0 39303.0 
16156.0 41932.0 
16595.0 41700.0 
24592.0 39916.0 
32013.0 39573.0 
39434.0 39351.0 
linkage migration
push: 21 pull: 82
Final PF: 
18092.0 40466.0 
18545.0 40444.0 
18596.0 40337.0 
19912.0 40313.0 
21342.0 40064.0 
21708.0 39975.0 
25513.0 39758.0 
28763.0 39631.0 
39434.0 39351.0 
16515.0 41770.0 
16816.0 41366.0 
17516.0 41134.0 
18016.0 41071.0 
32934.0 39512.0 
36184.0 39385.0 
40355.0 39279.0 
43605.0 39153.0 
21266.0 40310.0 
24516.0 39972.0 
24820.0 39865.0 
28687.0 39755.0 
31937.0 39629.0 
32013.0 39573.0 
16023.0 42375.0 
16156.0 41932.0 
16595.0 41700.0 
24592.0 39915.0 
51026.0 39071.0 



---------------------------------------
Quality Indicator Results: 

for each remove method 
Remove random   


 GD: 
46937.927
46875.034
46930.812
47872.385


 D1R: 
44326.263
44326.263
44326.263
44326.263
DCI: 
0.573
0.733
0.587
0.96


 IGD: 
77.425
52.461
74.956
9.511


 HV: 
0.997
0.999
0.997
1.0


Remove worst   


 GD: 
47117.939
48151.481
46978.965
48326.999


 D1R: 
44326.263
44326.263
44326.263
44326.263
DCI: 
0.58
0.926
0.617
0.84


 IGD: 
490.98
6.983
474.062
119.693


 HV: 
0.996
1.0
0.998
0.999



---------------------------------------
for each add method
Add new


 GD: 
46937.927
47117.939


 D1R: 
44326.263
44326.263
DCI: 
0.681
1.0


 IGD: 
44.93
0.0


 HV: 
0.996
1.0


Add random


 GD: 
46875.034
48151.481


 D1R: 
44326.263
44326.263
DCI: 
0.604
0.969


 IGD: 
249.664
7.362


 HV: 
0.995
1.0


Add best


 GD: 
46930.812
46978.965


 D1R: 
44326.263
44326.263
DCI: 
0.792
0.917


 IGD: 
48.496
0.75


 HV: 
0.995
1.0


Add diversity


 GD: 
47872.385
48326.999


 D1R: 
44326.263
44326.263
DCI: 
0.815
0.914


 IGD: 
142.376
30.37


 HV: 
0.997
1.0



---------------------------------------
 results for all together 

Remove nothing   Add nothing
Remove random   Add new
Remove random   Add random
Remove random   Add best
Remove random   Add diversity
Remove worst   Add new
Remove worst   Add random
Remove worst   Add best
Remove worst   Add diversity
Linkage migration


 GD: 
46937.927
46937.927
46875.034
46930.812
47872.385
47117.939
48151.481
46978.965
48326.999
48445.845


 D1R: 
44326.263
44326.263
44326.263
44326.263
44326.263
44326.263
44326.263
44326.263
44326.263
44326.263
DCI: 
0.379
0.379
0.483
0.391
0.678
0.494
0.747
0.529
0.701
0.851


 IGD: 
344.637
344.637
313.585
342.146
275.513
307.075
82.277
290.761
92.616
29.464


 HV: 
0.982
0.982
0.984
0.983
0.985
0.986
0.991
0.987
0.988
1.0


---------------------------------------
 actions for all together 

58 0
55 159
22 99
46 144
29 114
45 129
16 82
45 135
33 101
21 82

