seeds 1028 factoryScale8 numberOfIslands5 numberOfReplacement1 notImprovedInARow 3

remove and add nothing
push: 57 pull: 0
Final PF: 
16816.0 41651.0 
16956.0 41540.0 
16990.0 41387.0 
17516.0 41155.0 
18016.0 41092.0 
21342.0 40064.0 
16290.0 43465.0 
16023.0 44220.0 
25513.0 39804.0 
28763.0 39715.0 
32013.0 39670.0 
32934.0 39536.0 
36184.0 39466.0 
43605.0 39317.0 
16571.0 42709.0 
18092.0 40496.0 
18545.0 40474.0 
18596.0 40337.0 
21266.0 40312.0 
21708.0 39999.0 
24516.0 39974.0 
24592.0 39940.0 
Remove random   Add new
push: 53 pull: 150
Final PF: 
16816.0 41651.0 
16956.0 41540.0 
16990.0 41387.0 
17516.0 41155.0 
21342.0 40064.0 
16290.0 43465.0 
40355.0 39367.0 
16023.0 44220.0 
18016.0 41074.0 
18092.0 40466.0 
18545.0 40444.0 
18596.0 40337.0 
19912.0 40313.0 
21266.0 40310.0 
21708.0 39975.0 
24516.0 39972.0 
24592.0 39916.0 
25513.0 39758.0 
28763.0 39632.0 
32013.0 39620.0 
32934.0 39512.0 
36184.0 39386.0 
43605.0 39153.0 
46855.0 39117.0 
16571.0 42709.0 
Remove random   Add random
push: 20 pull: 86
Final PF: 
16816.0 41651.0 
16956.0 41540.0 
16990.0 41387.0 
17516.0 41155.0 
18016.0 41092.0 
18092.0 40496.0 
21342.0 40064.0 
21708.0 39975.0 
24516.0 39974.0 
24592.0 39940.0 
25513.0 39758.0 
28763.0 39632.0 
31937.0 39629.0 
32013.0 39596.0 
36184.0 39439.0 
43605.0 39317.0 
18596.0 40337.0 
40355.0 39367.0 
32934.0 39536.0 
16023.0 42410.0 
16595.0 42178.0 
18545.0 40474.0 
21266.0 40312.0 
Remove random   Add best
push: 46 pull: 133
Final PF: 
16816.0 41651.0 
16956.0 41540.0 
16990.0 41387.0 
17516.0 41155.0 
21342.0 40064.0 
16290.0 43465.0 
40355.0 39367.0 
47776.0 39285.0 
51026.0 39159.0 
16023.0 44220.0 
18016.0 41074.0 
18596.0 40337.0 
19912.0 40313.0 
21266.0 40310.0 
21708.0 39975.0 
25513.0 39758.0 
28763.0 39632.0 
36184.0 39386.0 
18092.0 40466.0 
18545.0 40444.0 
32934.0 39512.0 
42684.0 39291.0 
16571.0 42709.0 
24516.0 39974.0 
24592.0 39940.0 
Remove random   Add diversity
push: 35 pull: 111
Final PF: 
16816.0 41651.0 
16956.0 41540.0 
16990.0 41387.0 
17516.0 41155.0 
19912.0 40313.0 
21342.0 40064.0 
21708.0 39975.0 
24516.0 39974.0 
25513.0 39758.0 
40355.0 39367.0 
43605.0 39317.0 
18596.0 40337.0 
24592.0 39915.0 
28763.0 39631.0 
32013.0 39572.0 
32934.0 39512.0 
36108.0 39509.0 
36184.0 39386.0 
47776.0 39196.0 
51026.0 39159.0 
54200.0 39158.0 
18016.0 41083.0 
18092.0 40466.0 
18545.0 40444.0 
21266.0 40310.0 
16023.0 42410.0 
16595.0 42178.0 
Remove worst   Add new
push: 46 pull: 134
Final PF: 
16816.0 41651.0 
16956.0 41540.0 
16990.0 41387.0 
17516.0 41155.0 
21342.0 40064.0 
16290.0 43465.0 
24592.0 39915.0 
32013.0 39572.0 
40355.0 39367.0 
16023.0 44220.0 
18016.0 41074.0 
18092.0 40466.0 
18545.0 40444.0 
18596.0 40337.0 
19912.0 40313.0 
21266.0 40310.0 
21708.0 39975.0 
24516.0 39972.0 
25513.0 39758.0 
28763.0 39632.0 
32934.0 39512.0 
36184.0 39386.0 
43605.0 39317.0 
46855.0 39117.0 
16571.0 42709.0 
Remove worst   Add random
push: 20 pull: 86
Final PF: 
16023.0 43079.0 
16156.0 42636.0 
16595.0 42404.0 
16816.0 41651.0 
16956.0 41540.0 
16990.0 41387.0 
17516.0 41155.0 
18092.0 40466.0 
19912.0 40313.0 
21266.0 40310.0 
21342.0 40064.0 
21708.0 39975.0 
24592.0 39916.0 
25513.0 39758.0 
28687.0 39757.0 
28763.0 39632.0 
31937.0 39629.0 
32013.0 39573.0 
18545.0 40444.0 
18016.0 41074.0 
18596.0 40337.0 
36184.0 39386.0 
43605.0 39317.0 
46855.0 39117.0 
24516.0 39972.0 
32934.0 39512.0 
Remove worst   Add best
push: 44 pull: 136
Final PF: 
16816.0 41651.0 
16956.0 41540.0 
16990.0 41387.0 
17516.0 41155.0 
21342.0 40064.0 
16290.0 43465.0 
24592.0 39915.0 
32013.0 39572.0 
40355.0 39367.0 
16023.0 44220.0 
18016.0 41074.0 
18092.0 40466.0 
18545.0 40444.0 
18596.0 40337.0 
19912.0 40313.0 
21266.0 40310.0 
21708.0 39975.0 
24516.0 39972.0 
25513.0 39758.0 
28763.0 39632.0 
32934.0 39512.0 
36184.0 39386.0 
43605.0 39317.0 
46855.0 39117.0 
16571.0 42709.0 
Remove worst   Add diversity
push: 29 pull: 111
Final PF: 
19912.0 40313.0 
21266.0 40310.0 
21342.0 40064.0 
21708.0 39975.0 
36184.0 39439.0 
39358.0 39438.0 
24592.0 39915.0 
32013.0 39572.0 
16023.0 42410.0 
16595.0 42178.0 
16816.0 41366.0 
17516.0 41134.0 
18016.0 41053.0 
18092.0 40466.0 
18545.0 40444.0 
18596.0 40337.0 
24516.0 39972.0 
25513.0 39758.0 
27894.0 39757.0 
28763.0 39631.0 
32934.0 39512.0 
42608.0 39433.0 
43529.0 39276.0 
43605.0 39153.0 
46855.0 39117.0 
linkage migration
push: 12 pull: 59
Final PF: 
16816.0 41651.0 
16956.0 41540.0 
16990.0 41387.0 
17516.0 41155.0 
18016.0 41074.0 
18092.0 40466.0 
18545.0 40444.0 
18596.0 40337.0 
19912.0 40313.0 
21342.0 40064.0 
21708.0 39975.0 
24592.0 39915.0 
25513.0 39758.0 
28687.0 39757.0 
28763.0 39631.0 
32013.0 39573.0 
39434.0 39340.0 
42684.0 39328.0 
21266.0 40310.0 
24516.0 39972.0 
32934.0 39519.0 
36184.0 39386.0 
43605.0 39304.0 
24820.0 39884.0 
39358.0 39385.0 
46855.0 39134.0 
51026.0 39070.0 
31937.0 39628.0 
16023.0 42410.0 
16156.0 41967.0 
16595.0 41735.0 



---------------------------------------
Quality Indicator Results: 

for each remove method 
Remove random   


 GD: 
47995.251
47670.467
48540.573
49512.224


 D1R: 
44326.263
44353.652
44326.263
44326.263
DCI: 
0.753
0.469
0.654
0.778


 IGD: 
87.341
221.113
189.728
78.361


 HV: 
1.0
0.992
0.993
0.999


Remove worst   


 GD: 
47998.112
47743.499
47998.112
49038.543


 D1R: 
44326.263
44326.263
44326.263
44326.263
DCI: 
0.627
0.6
0.627
0.88


 IGD: 
103.895
200.089
103.895
45.901


 HV: 
0.992
0.997
0.992
1.0



---------------------------------------
for each add method
Add new


 GD: 
47995.251
47998.112


 D1R: 
44326.263
44326.263
DCI: 
0.947
0.96


 IGD: 
1.96
6.56


 HV: 
1.0
0.996


Add random


 GD: 
47670.467
47743.499


 D1R: 
44353.652
44326.263
DCI: 
0.538
0.885


 IGD: 
66.74
149.545


 HV: 
0.999
1.0


Add best


 GD: 
48540.573
47998.112


 D1R: 
44326.263
44326.263
DCI: 
0.84
0.96


 IGD: 
36.537
231.876


 HV: 
0.996
1.0


Add diversity


 GD: 
49512.224
49038.543


 D1R: 
44326.263
44326.263
DCI: 
0.68
0.88


 IGD: 
56.529
48.16


 HV: 
0.993
1.0



---------------------------------------
 results for all together 

Remove nothing   Add nothing
Remove random   Add new
Remove random   Add random
Remove random   Add best
Remove random   Add diversity
Remove worst   Add new
Remove worst   Add random
Remove worst   Add best
Remove worst   Add diversity
Linkage migration


 GD: 
47179.7
47995.251
47670.467
48540.573
49512.224
47998.112
47743.499
47998.112
49038.543
49036.314


 D1R: 
44353.652
44326.263
44353.652
44326.263
44326.263
44326.263
44326.263
44326.263
44326.263
44326.263
DCI: 
0.065
0.462
0.204
0.376
0.484
0.473
0.473
0.473
0.677
0.667


 IGD: 
524.107
206.11
333.497
321.762
204.816
208.267
336.774
208.267
57.052
48.295


 HV: 
0.975
0.994
0.986
0.987
0.994
0.992
0.995
0.992
0.998
1.0


---------------------------------------
 actions for all together 

57 0
53 150
20 86
46 133
35 111
46 134
20 86
44 136
29 111
12 59

