seeds 1011 factoryScale5 numberOfIslands5 numberOfReplacement1 notImprovedInARow 3

remove and add nothing
push: 59 pull: 0
Final PF: 
32934.0 39512.0 
16023.0 47103.0 
16495.0 45893.0 
16956.0 41540.0 
21342.0 40064.0 
21708.0 39975.0 
24592.0 39915.0 
16515.0 42367.0 
16595.0 42135.0 
19912.0 40313.0 
21266.0 40310.0 
16990.0 41417.0 
17516.0 41185.0 
18016.0 41122.0 
18092.0 40496.0 
18545.0 40479.0 
18596.0 40337.0 
25513.0 39758.0 
16816.0 41979.0 
24516.0 39972.0 
28763.0 39632.0 
32013.0 39573.0 
36184.0 39410.0 
39434.0 39350.0 
40355.0 39279.0 
43605.0 39177.0 
51026.0 39071.0 
Remove random   Add new
push: 54 pull: 155
Final PF: 
16990.0 41387.0 
17516.0 41155.0 
18016.0 41092.0 
18092.0 40466.0 
18545.0 40449.0 
18596.0 40337.0 
19912.0 40313.0 
21342.0 40064.0 
25513.0 39758.0 
28687.0 39757.0 
32934.0 39512.0 
16816.0 41979.0 
21266.0 40310.0 
21708.0 39975.0 
24516.0 39972.0 
28763.0 39631.0 
32013.0 39573.0 
36184.0 39409.0 
39434.0 39350.0 
40355.0 39279.0 
43605.0 39153.0 
46855.0 39117.0 
51026.0 39071.0 
16023.0 47103.0 
16495.0 45893.0 
16956.0 41540.0 
24592.0 39915.0 
16515.0 42367.0 
16595.0 42135.0 
Remove random   Add random
push: 22 pull: 85
Final PF: 
16023.0 43975.0 
16156.0 42484.0 
18596.0 40337.0 
21342.0 40064.0 
21708.0 39975.0 
24592.0 39915.0 
24820.0 39889.0 
32934.0 39512.0 
40355.0 39279.0 
51026.0 39071.0 
16515.0 42367.0 
16595.0 42135.0 
16990.0 41387.0 
17516.0 41155.0 
18016.0 41092.0 
18092.0 40466.0 
19912.0 40313.0 
21266.0 40310.0 
25513.0 39758.0 
32013.0 39573.0 
36184.0 39386.0 
16816.0 41979.0 
24516.0 39972.0 
28763.0 39632.0 
43605.0 39153.0 
46855.0 39141.0 
16956.0 41540.0 
39434.0 39333.0 
18545.0 40444.0 
28687.0 39757.0 
31937.0 39631.0 
Remove random   Add best
push: 51 pull: 152
Final PF: 
16990.0 41417.0 
17516.0 41185.0 
18016.0 41122.0 
32934.0 39512.0 
40355.0 39279.0 
43605.0 39153.0 
51026.0 39071.0 
18092.0 40496.0 
18545.0 40479.0 
18596.0 40337.0 
19912.0 40313.0 
21342.0 40064.0 
25513.0 39758.0 
16816.0 41979.0 
21266.0 40310.0 
21708.0 39975.0 
24516.0 39972.0 
28763.0 39632.0 
32013.0 39573.0 
36184.0 39410.0 
39434.0 39350.0 
46855.0 39117.0 
16515.0 42367.0 
16595.0 42135.0 
16023.0 47103.0 
16495.0 45893.0 
16956.0 41540.0 
24592.0 39915.0 
Remove random   Add diversity
push: 33 pull: 123
Final PF: 
16023.0 45997.0 
16571.0 41785.0 
17171.0 40835.0 
32934.0 39512.0 
40355.0 39279.0 
43605.0 39153.0 
51026.0 39071.0 
16990.0 41387.0 
18092.0 40466.0 
18545.0 40449.0 
18596.0 40337.0 
19912.0 40313.0 
21342.0 40064.0 
25513.0 39758.0 
36184.0 39386.0 
16156.0 43609.0 
16515.0 42367.0 
21266.0 40310.0 
21708.0 39975.0 
24516.0 39972.0 
28687.0 39757.0 
46855.0 39117.0 
16956.0 41540.0 
24592.0 39915.0 
28763.0 39631.0 
32013.0 39572.0 
39434.0 39333.0 
Remove worst   Add new
push: 48 pull: 144
Final PF: 
32934.0 39512.0 
40355.0 39279.0 
51026.0 39071.0 
16990.0 41387.0 
17516.0 41155.0 
18016.0 41092.0 
18092.0 40466.0 
18545.0 40449.0 
18596.0 40337.0 
19912.0 40313.0 
21342.0 40064.0 
21708.0 39975.0 
25513.0 39758.0 
36184.0 39386.0 
16816.0 41979.0 
21266.0 40310.0 
24516.0 39972.0 
28763.0 39631.0 
32013.0 39573.0 
39434.0 39350.0 
43605.0 39152.0 
46855.0 39117.0 
16023.0 47103.0 
16495.0 45893.0 
16956.0 41540.0 
24592.0 39915.0 
16515.0 42367.0 
16595.0 42135.0 
Remove worst   Add random
push: 20 pull: 92
Final PF: 
18596.0 40337.0 
21342.0 40064.0 
25513.0 39758.0 
28763.0 39631.0 
32013.0 39573.0 
32934.0 39512.0 
36184.0 39386.0 
39434.0 39334.0 
40355.0 39279.0 
46855.0 39117.0 
51026.0 39071.0 
16023.0 46244.0 
16156.0 45100.0 
16816.0 41651.0 
16990.0 41387.0 
17516.0 41155.0 
18016.0 41092.0 
18092.0 40466.0 
18545.0 40449.0 
19912.0 40313.0 
21266.0 40310.0 
21708.0 39975.0 
16956.0 41540.0 
24516.0 39972.0 
43605.0 39152.0 
24592.0 39915.0 
16515.0 42352.0 
16595.0 42120.0 
24820.0 39865.0 
Remove worst   Add best
push: 45 pull: 134
Final PF: 
16990.0 41387.0 
32934.0 39512.0 
40355.0 39279.0 
51026.0 39071.0 
17516.0 41155.0 
18016.0 41092.0 
18092.0 40466.0 
18545.0 40449.0 
18596.0 40337.0 
19912.0 40313.0 
21342.0 40064.0 
21708.0 39975.0 
25513.0 39758.0 
36184.0 39386.0 
16816.0 41979.0 
21266.0 40310.0 
24516.0 39972.0 
28763.0 39631.0 
32013.0 39573.0 
39434.0 39350.0 
43605.0 39152.0 
46855.0 39117.0 
16023.0 47103.0 
16495.0 45893.0 
16956.0 41540.0 
24592.0 39915.0 
16515.0 42367.0 
16595.0 42135.0 
Remove worst   Add diversity
push: 34 pull: 111
Final PF: 
16571.0 41785.0 
17171.0 40835.0 
51026.0 39071.0 
16023.0 46188.0 
16156.0 44860.0 
16990.0 41387.0 
18092.0 40466.0 
18596.0 40337.0 
19912.0 40313.0 
21342.0 40064.0 
21708.0 39975.0 
25513.0 39758.0 
21266.0 40310.0 
24516.0 39972.0 
28687.0 39757.0 
28763.0 39631.0 
32013.0 39573.0 
32934.0 39511.0 
36184.0 39385.0 
40355.0 39278.0 
43605.0 39152.0 
46855.0 39117.0 
16956.0 41540.0 
24592.0 39915.0 
39434.0 39334.0 
16515.0 42367.0 
18545.0 40444.0 
24820.0 39889.0 
linkage migration
push: 16 pull: 74
Final PF: 
18092.0 40466.0 
18545.0 40444.0 
18596.0 40337.0 
19912.0 40313.0 
25513.0 39758.0 
28763.0 39632.0 
32934.0 39512.0 
36184.0 39386.0 
43605.0 39153.0 
16990.0 41387.0 
17516.0 41155.0 
18016.0 41074.0 
21266.0 40310.0 
21342.0 40064.0 
21708.0 39975.0 
24516.0 39972.0 
24592.0 39915.0 
31937.0 39631.0 
32013.0 39573.0 
40355.0 39279.0 
54276.0 39059.0 
16156.0 43061.0 
27894.0 39757.0 
39434.0 39350.0 
46779.0 39152.0 
51026.0 39071.0 
16515.0 42316.0 
16595.0 42135.0 
24820.0 39865.0 
46855.0 39100.0 
16023.0 43539.0 
16816.0 41651.0 
16956.0 41540.0 
28687.0 39755.0 
36108.0 39511.0 
50105.0 39082.0 



---------------------------------------
Quality Indicator Results: 

for each remove method 
Remove random   


 GD: 
48935.925
48733.459
48937.669
49072.271


 D1R: 
44326.263
44326.263
44353.652
44298.312
DCI: 
0.702
0.869
0.583
0.857


 IGD: 
111.347
28.895
120.603
35.767


 HV: 
0.992
1.0
0.992
1.0


Remove worst   


 GD: 
48932.074
48794.527
48932.074
49045.761


 D1R: 
44326.263
44326.263
44326.263
44298.312
DCI: 
0.621
0.759
0.621
0.897


 IGD: 
104.314
41.412
104.314
7.506


 HV: 
0.994
0.998
0.994
1.0



---------------------------------------
for each add method
Add new


 GD: 
48935.925
48932.074


 D1R: 
44326.263
44326.263
DCI: 
0.954
0.966


 IGD: 
0.828
5.074


 HV: 
1.0
1.0


Add random


 GD: 
48733.459
48794.527


 D1R: 
44326.263
44326.263
DCI: 
0.811
0.856


 IGD: 
8.622
55.616


 HV: 
1.0
0.995


Add best


 GD: 
48937.669
48932.074


 D1R: 
44353.652
44326.263
DCI: 
0.762
1.0


 IGD: 
6.286
0.0


 HV: 
0.999
1.0


Add diversity


 GD: 
49072.271
49045.761


 D1R: 
44298.312
44298.312
DCI: 
0.881
0.905


 IGD: 
8.517
51.571


 HV: 
1.0
0.998



---------------------------------------
 results for all together 

Remove nothing   Add nothing
Remove random   Add new
Remove random   Add random
Remove random   Add best
Remove random   Add diversity
Remove worst   Add new
Remove worst   Add random
Remove worst   Add best
Remove worst   Add diversity
Linkage migration


 GD: 
48490.135
48935.925
48733.459
48937.669
49072.271
48932.074
48794.527
48932.074
49045.761
50110.257


 D1R: 
44353.652
44326.263
44326.263
44353.652
44298.312
44326.263
44326.263
44326.263
44298.312
44326.263
DCI: 
0.396
0.49
0.594
0.417
0.615
0.521
0.604
0.521
0.667
0.813


 IGD: 
266.975
150.899
104.381
161.881
88.162
157.497
142.736
157.497
117.335
37.715


 HV: 
0.991
0.992
1.0
0.992
0.999
0.993
0.996
0.993
0.998
1.0


---------------------------------------
 actions for all together 

59 0
54 155
22 85
51 152
33 123
48 144
20 92
45 134
34 111
16 74

