seeds 1007 factoryScale3 numberOfIslands5 numberOfReplacement1 notImprovedInARow 3

remove and add nothing
push: 56 pull: 0
Final PF: 
16816.0 41810.0 
18596.0 40337.0 
19912.0 40313.0 
21266.0 40310.0 
21708.0 39975.0 
24516.0 39974.0 
24592.0 39915.0 
25513.0 39758.0 
28763.0 39631.0 
32013.0 39572.0 
16023.0 45018.0 
16156.0 43954.0 
18092.0 40466.0 
18545.0 40449.0 
21342.0 40064.0 
24820.0 39865.0 
35187.0 39570.0 
35263.0 39537.0 
38437.0 39536.0 
39434.0 39391.0 
42684.0 39331.0 
16515.0 42450.0 
16519.0 42387.0 
16595.0 41945.0 
16990.0 41396.0 
17516.0 41164.0 
18016.0 41101.0 
Remove random   Add new
push: 52 pull: 151
Final PF: 
16816.0 41810.0 
18596.0 40337.0 
19912.0 40313.0 
21266.0 40310.0 
21708.0 39975.0 
24516.0 39974.0 
24592.0 39915.0 
25513.0 39758.0 
28763.0 39631.0 
32013.0 39572.0 
16023.0 45018.0 
16156.0 43954.0 
18092.0 40466.0 
18545.0 40449.0 
21342.0 40064.0 
24820.0 39865.0 
35187.0 39570.0 
35263.0 39537.0 
38437.0 39536.0 
39434.0 39391.0 
42684.0 39291.0 
16515.0 42450.0 
16519.0 42387.0 
16595.0 41945.0 
16990.0 41396.0 
17516.0 41164.0 
18016.0 41101.0 
Remove random   Add random
push: 22 pull: 100
Final PF: 
16515.0 41936.0 
16595.0 41704.0 
17516.0 41164.0 
18016.0 41101.0 
18596.0 40337.0 
19912.0 40313.0 
21266.0 40310.0 
21342.0 40064.0 
21708.0 39975.0 
24592.0 39915.0 
24820.0 39865.0 
25513.0 39758.0 
28763.0 39631.0 
32013.0 39572.0 
32934.0 39525.0 
18092.0 40466.0 
24516.0 39972.0 
36184.0 39386.0 
42684.0 39291.0 
16023.0 45018.0 
16156.0 43954.0 
18545.0 40449.0 
16990.0 41396.0 
Remove random   Add best
push: 50 pull: 143
Final PF: 
16816.0 41810.0 
16990.0 41396.0 
18596.0 40337.0 
19912.0 40313.0 
21266.0 40310.0 
21708.0 39975.0 
24516.0 39974.0 
24592.0 39915.0 
25513.0 39758.0 
28763.0 39631.0 
32013.0 39572.0 
16023.0 45018.0 
16156.0 43954.0 
18092.0 40466.0 
18545.0 40449.0 
21342.0 40064.0 
24820.0 39865.0 
35187.0 39570.0 
35263.0 39537.0 
38437.0 39536.0 
39434.0 39391.0 
42684.0 39291.0 
16515.0 42450.0 
16519.0 42387.0 
16595.0 41945.0 
17516.0 41164.0 
18016.0 41101.0 
Remove random   Add diversity
push: 34 pull: 119
Final PF: 
16816.0 41810.0 
18596.0 40337.0 
19912.0 40313.0 
21266.0 40310.0 
21708.0 39975.0 
24516.0 39974.0 
24592.0 39915.0 
25513.0 39758.0 
27894.0 39757.0 
28763.0 39631.0 
32013.0 39572.0 
32934.0 39525.0 
36184.0 39410.0 
16023.0 45018.0 
16122.0 43946.0 
18016.0 41074.0 
21342.0 40064.0 
42684.0 39291.0 
18092.0 40466.0 
18545.0 40449.0 
24820.0 39865.0 
39434.0 39391.0 
16515.0 42256.0 
16595.0 41945.0 
16990.0 41396.0 
17516.0 41164.0 
Remove worst   Add new
push: 53 pull: 146
Final PF: 
16816.0 41810.0 
18596.0 40337.0 
19912.0 40313.0 
21266.0 40310.0 
21708.0 39975.0 
24516.0 39974.0 
24592.0 39915.0 
25513.0 39758.0 
28763.0 39631.0 
32013.0 39572.0 
16023.0 45018.0 
16156.0 43954.0 
18092.0 40466.0 
18545.0 40444.0 
21342.0 40064.0 
24820.0 39865.0 
35187.0 39570.0 
35263.0 39537.0 
38437.0 39536.0 
39434.0 39391.0 
42684.0 39291.0 
16515.0 42450.0 
16519.0 42387.0 
16595.0 41945.0 
16990.0 41396.0 
17516.0 41164.0 
18016.0 41101.0 
Remove worst   Add random
push: 19 pull: 92
Final PF: 
16515.0 42134.0 
16519.0 42132.0 
16595.0 41945.0 
16816.0 41810.0 
17516.0 41164.0 
18596.0 40337.0 
19912.0 40313.0 
21266.0 40310.0 
21342.0 40064.0 
21708.0 39975.0 
24516.0 39974.0 
24592.0 39915.0 
25513.0 39758.0 
27894.0 39757.0 
28763.0 39631.0 
32013.0 39572.0 
32934.0 39525.0 
42684.0 39291.0 
36184.0 39410.0 
39434.0 39374.0 
16023.0 45018.0 
16156.0 43954.0 
18092.0 40466.0 
18545.0 40444.0 
24820.0 39865.0 
16990.0 41396.0 
18016.0 41101.0 
Remove worst   Add best
push: 50 pull: 147
Final PF: 
16816.0 41810.0 
16990.0 41396.0 
18596.0 40337.0 
19912.0 40313.0 
21266.0 40310.0 
21708.0 39975.0 
24516.0 39974.0 
24592.0 39915.0 
25513.0 39758.0 
28763.0 39631.0 
32013.0 39572.0 
16023.0 45018.0 
16156.0 43954.0 
18092.0 40466.0 
18545.0 40444.0 
21342.0 40064.0 
24820.0 39865.0 
35187.0 39570.0 
35263.0 39537.0 
38437.0 39536.0 
39434.0 39391.0 
42684.0 39291.0 
16515.0 42450.0 
16519.0 42387.0 
16595.0 41945.0 
17516.0 41164.0 
18016.0 41101.0 
Remove worst   Add diversity
push: 26 pull: 87
Final PF: 
18596.0 40337.0 
19912.0 40313.0 
21266.0 40310.0 
21708.0 39975.0 
24516.0 39972.0 
24592.0 39915.0 
25513.0 39758.0 
28763.0 39631.0 
32013.0 39572.0 
32934.0 39511.0 
16515.0 41425.0 
16595.0 41193.0 
17095.0 41130.0 
17171.0 40835.0 
21342.0 40064.0 
16023.0 43826.0 
16156.0 42762.0 
18092.0 40466.0 
18545.0 40444.0 
24820.0 39865.0 
36184.0 39385.0 
42684.0 39291.0 
linkage migration
push: 19 pull: 90
Final PF: 
16816.0 41810.0 
18596.0 40337.0 
19912.0 40313.0 
21266.0 40310.0 
21342.0 40064.0 
21708.0 39975.0 
24516.0 39972.0 
24592.0 39915.0 
25513.0 39758.0 
28763.0 39631.0 
31937.0 39629.0 
32013.0 39572.0 
32934.0 39525.0 
17171.0 40921.0 
36184.0 39385.0 
39434.0 39350.0 
43605.0 39152.0 
16023.0 45018.0 
16156.0 43954.0 
18092.0 40466.0 
18545.0 40444.0 
24820.0 39865.0 
16956.0 41652.0 
16515.0 42450.0 
16519.0 42351.0 
16595.0 41945.0 
16990.0 41396.0 
42684.0 39291.0 



---------------------------------------
Quality Indicator Results: 

for each remove method 
Remove random   


 GD: 
47685.788
47146.884
47685.788
47470.952


 D1R: 
44326.263
44326.263
44326.263
44326.263
DCI: 
0.667
0.875
0.667
0.833


 IGD: 
129.959
39.167
129.959
14.479


 HV: 
0.995
1.0
0.995
0.999


Remove worst   


 GD: 
47685.62
47385.674
47685.62
47075.24


 D1R: 
44326.263
44326.263
44326.263
44298.312
DCI: 
0.542
0.625
0.542
0.917


 IGD: 
212.353
109.652
212.353
172.004


 HV: 
0.985
0.99
0.985
1.0



---------------------------------------
for each add method
Add new


 GD: 
47685.788
47685.62


 D1R: 
44326.263
44326.263
DCI: 
0.963
1.0


 IGD: 
0.185
0.0


 HV: 
1.0
1.0


Add random


 GD: 
47146.884
47385.674


 D1R: 
44326.263
44326.263
DCI: 
0.88
0.84


 IGD: 
165.324
13.9


 HV: 
1.0
0.999


Add best


 GD: 
47685.788
47685.62


 D1R: 
44326.263
44326.263
DCI: 
0.963
1.0


 IGD: 
0.185
0.0


 HV: 
1.0
1.0


Add diversity


 GD: 
47470.952
47075.24


 D1R: 
44326.263
44298.312
DCI: 
0.565
0.957


 IGD: 
108.899
38.178


 HV: 
0.989
1.0



---------------------------------------
 results for all together 

Remove nothing   Add nothing
Remove random   Add new
Remove random   Add random
Remove random   Add best
Remove random   Add diversity
Remove worst   Add new
Remove worst   Add random
Remove worst   Add best
Remove worst   Add diversity
Linkage migration


 GD: 
47686.792
47685.788
47146.884
47685.788
47470.952
47685.62
47385.674
47685.62
47075.24
47876.563


 D1R: 
44326.263
44326.263
44326.263
44326.263
44326.263
44326.263
44326.263
44326.263
44298.312
44326.263
DCI: 
0.423
0.462
0.526
0.462
0.5
0.5
0.538
0.5
0.846
0.692


 IGD: 
210.419
208.819
273.023
208.819
105.627
208.619
110.026
208.619
168.931
111.228


 HV: 
0.986
0.986
0.991
0.986
0.99
0.986
0.99
0.986
1.0
0.993


---------------------------------------
 actions for all together 

56 0
52 151
22 100
50 143
34 119
53 146
19 92
50 147
26 87
19 90

