seeds 1026 factoryScale6 numberOfIslands5 numberOfReplacement1 notImprovedInARow 3

remove and add nothing
push: 46 pull: 0
Final PF: 
20457.0 255467.0 
20857.0 249666.0 
21657.0 245974.0 
24699.0 245679.0 
24750.0 245470.0 
19490.0 256364.0 
19912.0 256276.0 
20742.0 252441.0 
20766.0 250435.0 
21342.0 248131.0 
24937.0 245418.0 
25513.0 243762.0 
28187.0 243321.0 
31937.0 243128.0 
32934.0 242602.0 
40355.0 242208.0 
Remove random   Add new
push: 38 pull: 101
Final PF: 
20742.0 249741.0 
20857.0 249666.0 
21657.0 245623.0 
24750.0 245470.0 
24801.0 245375.0 
19490.0 256364.0 
19505.0 254763.0 
19912.0 251787.0 
21342.0 248131.0 
25513.0 243593.0 
28187.0 243321.0 
31937.0 243128.0 
32934.0 242602.0 
40355.0 242208.0 
Remove random   Add random
push: 15 pull: 63
Final PF: 
18856.0 264458.0 
19387.0 259908.0 
19490.0 256364.0 
20421.0 251510.0 
20742.0 249741.0 
20857.0 249666.0 
21657.0 245623.0 
19505.0 254854.0 
19912.0 251741.0 
24592.0 245391.0 
31937.0 243128.0 
21342.0 247682.0 
21638.0 246090.0 
24801.0 244968.0 
25513.0 243762.0 
28187.0 243321.0 
32934.0 242602.0 
40355.0 242139.0 
Remove random   Add best
push: 28 pull: 88
Final PF: 
20857.0 249666.0 
21657.0 245623.0 
19490.0 256364.0 
19505.0 254763.0 
19912.0 251787.0 
20742.0 251434.0 
20766.0 250435.0 
24592.0 244421.0 
28763.0 243203.0 
32013.0 242941.0 
36184.0 242425.0 
21342.0 247670.0 
21587.0 246542.0 
25513.0 243762.0 
28187.0 243321.0 
31937.0 243128.0 
32934.0 242602.0 
40355.0 242208.0 
Remove random   Add diversity
push: 18 pull: 51
Final PF: 
18922.0 255830.0 
19112.0 254382.0 
20421.0 249760.0 
20742.0 247776.0 
21342.0 247740.0 
21587.0 247693.0 
21657.0 245974.0 
24699.0 245679.0 
24750.0 245470.0 
19912.0 251787.0 
24801.0 245336.0 
25513.0 243593.0 
28187.0 243321.0 
31937.0 243128.0 
32934.0 242602.0 
40355.0 242182.0 
Remove worst   Add new
push: 34 pull: 96
Final PF: 
20421.0 256213.0 
20438.0 256144.0 
20457.0 255467.0 
20857.0 249666.0 
21657.0 245623.0 
24750.0 245470.0 
24801.0 245375.0 
19490.0 256364.0 
19912.0 256276.0 
20742.0 252441.0 
20766.0 250435.0 
21342.0 248131.0 
25513.0 243593.0 
28187.0 243321.0 
31937.0 242978.0 
32934.0 242602.0 
40355.0 242208.0 
Remove worst   Add random
push: 15 pull: 56
Final PF: 
18922.0 266034.0 
20742.0 252441.0 
20857.0 249666.0 
21657.0 245623.0 
24750.0 245426.0 
24801.0 245375.0 
20766.0 250435.0 
19112.0 257326.0 
19313.0 252725.0 
21342.0 248131.0 
24937.0 243857.0 
25513.0 243593.0 
28187.0 243321.0 
31937.0 242978.0 
32934.0 242602.0 
40355.0 242208.0 
Remove worst   Add best
push: 25 pull: 89
Final PF: 
20421.0 256213.0 
20438.0 256144.0 
20457.0 255467.0 
20857.0 249666.0 
21657.0 245460.0 
19490.0 256364.0 
19912.0 256276.0 
20742.0 252441.0 
20766.0 250435.0 
21342.0 246914.0 
24750.0 245210.0 
24801.0 245049.0 
25513.0 243593.0 
28187.0 243321.0 
31413.0 243270.0 
31937.0 243128.0 
32934.0 242602.0 
36184.0 242156.0 
Remove worst   Add diversity
push: 19 pull: 59
Final PF: 
19313.0 252725.0 
20421.0 250947.0 
20742.0 247776.0 
21657.0 245974.0 
31937.0 243128.0 
19112.0 254889.0 
22263.0 245847.0 
24516.0 245066.0 
24801.0 244983.0 
25513.0 243446.0 
28187.0 243321.0 
32934.0 242602.0 
40355.0 242147.0 
linkage migration
push: 17 pull: 65
Final PF: 
20438.0 252237.0 
20742.0 249435.0 
21587.0 247677.0 
21657.0 245417.0 
24592.0 243651.0 
24801.0 242060.0 
19490.0 256364.0 
19912.0 256276.0 
21342.0 247999.0 
31861.0 239123.0 
21708.0 244198.0 
25513.0 241935.0 
27690.0 240835.0 
27766.0 240832.0 
29684.0 240420.0 



---------------------------------------
Quality Indicator Results: 

for each remove method 
Remove random   


 GD: 
248624.94
250282.439
248238.322
248331.816


 D1R: 
244827.243
244827.243
244827.243
244827.243
DCI: 
0.263
0.421
0.526
0.421


 IGD: 
918.462
399.408
591.576
779.542


 HV: 
0.985
0.986
0.989
1.0


Remove worst   


 GD: 
250224.754
249542.995
249811.058
247772.803


 D1R: 
244827.243
244827.243
244827.243
244779.223
DCI: 
0.176
0.353
0.353
0.588


 IGD: 
1298.463
606.722
971.661
1083.31


 HV: 
0.977
0.997
0.983
1.0



---------------------------------------
for each add method
Add new


 GD: 
248624.94
250224.754


 D1R: 
244827.243
244827.243
DCI: 
0.929
0.786


 IGD: 
10.714
169.859


 HV: 
1.0
0.984


Add random


 GD: 
250282.439
249542.995


 D1R: 
244827.243
244827.243
DCI: 
0.722
0.5


 IGD: 
171.576
296.636


 HV: 
0.992
1.0


Add best


 GD: 
248238.322
249811.058


 D1R: 
244827.243
244827.243
DCI: 
0.765
0.588


 IGD: 
43.191
532.081


 HV: 
1.0
0.988


Add diversity


 GD: 
248331.816
247772.803


 D1R: 
244827.243
244779.223
DCI: 
0.647
0.647


 IGD: 
154.394
301.254


 HV: 
0.995
1.0



---------------------------------------
 results for all together 

Remove nothing   Add nothing
Remove random   Add new
Remove random   Add random
Remove random   Add best
Remove random   Add diversity
Remove worst   Add new
Remove worst   Add random
Remove worst   Add best
Remove worst   Add diversity
Linkage migration


 GD: 
249217.348
248624.94
250282.439
248238.322
248331.816
250224.754
249542.995
249811.058
247772.803
247093.227


 D1R: 
244827.243
244827.243
244827.243
244827.243
244827.243
244827.243
244827.243
244827.243
244779.223
241236.259
DCI: 
0.0
0.0
0.158
0.053
0.211
0.0
0.053
0.053
0.105
0.474


 IGD: 
1736.163
1580.917
1069.614
1479.174
1456.806
1730.303
1294.198
1646.797
1638.023
920.227


 HV: 
0.891
0.902
0.905
0.906
0.917
0.894
0.912
0.9
0.915
1.0


---------------------------------------
 actions for all together 

46 0
38 101
15 63
28 88
18 51
34 96
15 56
25 89
19 59
17 65

