seeds 1039 factoryScale7 numberOfIslands5 numberOfReplacement1 notImprovedInARow 3

remove and add nothing
push: 60 pull: 0
Final PF: 
16023.0 43465.0 
28763.0 39678.0 
32013.0 39619.0 
18545.0 40444.0 
24592.0 39940.0 
24820.0 39889.0 
18092.0 40466.0 
18596.0 40377.0 
21266.0 40334.0 
21342.0 40128.0 
21657.0 40106.0 
21708.0 40039.0 
16515.0 41598.0 
16595.0 41211.0 
17171.0 40805.0 
36184.0 39410.0 
39434.0 39364.0 
Remove random   Add new
push: 54 pull: 157
Final PF: 
16023.0 43465.0 
18092.0 40466.0 
18545.0 40444.0 
21342.0 40128.0 
21657.0 40106.0 
16515.0 41507.0 
16595.0 41150.0 
17095.0 41087.0 
17171.0 40744.0 
18596.0 40337.0 
19912.0 40313.0 
21708.0 39999.0 
28763.0 39656.0 
36184.0 39410.0 
39434.0 39364.0 
24592.0 39916.0 
24820.0 39889.0 
25513.0 39865.0 
32013.0 39573.0 
Remove random   Add random
push: 23 pull: 115
Final PF: 
16023.0 43465.0 
16595.0 41211.0 
18545.0 40444.0 
18596.0 40353.0 
28763.0 39678.0 
16515.0 41443.0 
17171.0 40744.0 
21266.0 40310.0 
21342.0 40064.0 
21708.0 39975.0 
24820.0 39865.0 
32013.0 39619.0 
18092.0 40466.0 
24592.0 39934.0 
17095.0 41148.0 
36184.0 39410.0 
39434.0 39364.0 
Remove random   Add best
push: 52 pull: 156
Final PF: 
16023.0 43465.0 
16595.0 41211.0 
18092.0 40466.0 
28763.0 39678.0 
32013.0 39619.0 
16515.0 41443.0 
18545.0 40444.0 
18596.0 40377.0 
21266.0 40334.0 
21342.0 40128.0 
21657.0 40106.0 
21708.0 40039.0 
17095.0 41148.0 
17171.0 40805.0 
36184.0 39410.0 
39434.0 39364.0 
24592.0 39940.0 
24820.0 39889.0 
Remove random   Add diversity
push: 34 pull: 128
Final PF: 
39434.0 39364.0 
16023.0 43435.0 
17171.0 40744.0 
18596.0 40337.0 
19912.0 40313.0 
21266.0 40310.0 
21342.0 40064.0 
21708.0 39975.0 
24592.0 39916.0 
24820.0 39865.0 
28763.0 39656.0 
32013.0 39619.0 
18092.0 40466.0 
18545.0 40444.0 
25513.0 39798.0 
27894.0 39797.0 
32934.0 39552.0 
16515.0 41443.0 
16595.0 41211.0 
17095.0 41148.0 
36184.0 39410.0 
Remove worst   Add new
push: 46 pull: 144
Final PF: 
16023.0 43465.0 
16156.0 43184.0 
18092.0 40466.0 
18545.0 40444.0 
16515.0 41507.0 
16595.0 41150.0 
17095.0 41087.0 
17171.0 40744.0 
18596.0 40337.0 
19912.0 40313.0 
21708.0 39999.0 
25513.0 39782.0 
28763.0 39656.0 
32934.0 39535.0 
36184.0 39410.0 
39434.0 39364.0 
21342.0 40064.0 
24592.0 39916.0 
24820.0 39889.0 
32013.0 39573.0 
Remove worst   Add random
push: 17 pull: 101
Final PF: 
16023.0 43435.0 
16156.0 43154.0 
17171.0 40744.0 
18092.0 40466.0 
18596.0 40337.0 
21708.0 39999.0 
28763.0 39656.0 
32013.0 39597.0 
16515.0 41267.0 
16595.0 41035.0 
17095.0 40954.0 
18545.0 40444.0 
21266.0 40310.0 
21657.0 40082.0 
24592.0 39934.0 
36184.0 39410.0 
19912.0 40313.0 
24516.0 39974.0 
25513.0 39782.0 
32934.0 39535.0 
39434.0 39364.0 
21342.0 40088.0 
24820.0 39889.0 
Remove worst   Add best
push: 40 pull: 135
Final PF: 
16023.0 43465.0 
16156.0 43184.0 
16595.0 41150.0 
18092.0 40466.0 
16515.0 41382.0 
17171.0 40744.0 
18545.0 40444.0 
17095.0 41087.0 
18596.0 40337.0 
19912.0 40313.0 
21708.0 39999.0 
25513.0 39782.0 
28763.0 39656.0 
32934.0 39535.0 
36184.0 39410.0 
39434.0 39364.0 
21342.0 40064.0 
24592.0 39916.0 
24820.0 39889.0 
32013.0 39573.0 
Remove worst   Add diversity
push: 27 pull: 77
Final PF: 
16023.0 43435.0 
17171.0 40744.0 
18092.0 40466.0 
18545.0 40444.0 
18596.0 40337.0 
19912.0 40313.0 
21266.0 40310.0 
21342.0 40064.0 
21708.0 39975.0 
24592.0 39916.0 
24820.0 39865.0 
16156.0 43154.0 
16515.0 41382.0 
16595.0 41150.0 
17095.0 41087.0 
24516.0 39974.0 
25513.0 39782.0 
31937.0 39630.0 
32013.0 39596.0 
32934.0 39535.0 
36184.0 39409.0 
39434.0 39351.0 
42608.0 39338.0 
28763.0 39632.0 
linkage migration
push: 13 pull: 62
Final PF: 
16023.0 42487.0 
16156.0 42206.0 
19912.0 40313.0 
21342.0 40064.0 
25513.0 39758.0 
27894.0 39757.0 
40355.0 39279.0 
46855.0 39133.0 
16515.0 41382.0 
17095.0 41069.0 
17171.0 40744.0 
18092.0 40466.0 
18545.0 40444.0 
18596.0 40337.0 
21266.0 40310.0 
21708.0 39975.0 
24516.0 39972.0 
24592.0 39916.0 
28763.0 39631.0 
31937.0 39629.0 
24820.0 39865.0 
32013.0 39573.0 
32934.0 39512.0 
36184.0 39386.0 
16595.0 41150.0 
39358.0 39385.0 
43605.0 39176.0 
51026.0 39071.0 
39434.0 39339.0 



---------------------------------------
Quality Indicator Results: 

for each remove method 
Remove random   


 GD: 
46796.051
46874.543
46815.805
47099.77


 D1R: 
44214.441
44214.441
44270.659
44214.441
DCI: 
0.571
0.476
0.238
0.857


 IGD: 
108.183
193.685
206.574
8.0


 HV: 
0.996
0.993
0.988
1.0


Remove worst   


 GD: 
47049.073
46893.713
47043.267
47588.023


 D1R: 
44214.441
44214.441
44214.441
44214.441
DCI: 
0.444
0.611
0.444
0.833


 IGD: 
42.774
10.211
41.612
16.783


 HV: 
0.998
0.999
0.998
1.0



---------------------------------------
for each add method
Add new


 GD: 
46796.051
47049.073


 D1R: 
44214.441
44214.441
DCI: 
0.8
1.0


 IGD: 
68.983
0.0


 HV: 
0.994
1.0


Add random


 GD: 
46874.543
46893.713


 D1R: 
44214.441
44214.441
DCI: 
0.455
0.864


 IGD: 
178.235
3.273


 HV: 
0.99
1.0


Add best


 GD: 
46815.805
47043.267


 D1R: 
44270.659
44214.441
DCI: 
0.3
1.0


 IGD: 
186.724
0.0


 HV: 
0.985
1.0


Add diversity


 GD: 
47099.77
47588.023


 D1R: 
44214.441
44214.441
DCI: 
0.486
1.0


 IGD: 
33.056
0.0


 HV: 
0.996
1.0



---------------------------------------
 results for all together 

Remove nothing   Add nothing
Remove random   Add new
Remove random   Add random
Remove random   Add best
Remove random   Add diversity
Remove worst   Add new
Remove worst   Add random
Remove worst   Add best
Remove worst   Add diversity
Linkage migration


 GD: 
46957.101
46796.051
46874.543
46815.805
47099.77
47049.073
46893.713
47043.267
47588.023
49197.919


 D1R: 
44270.659
44214.441
44214.441
44270.659
44214.441
44214.441
44214.441
44214.441
44214.441
44214.441
DCI: 
0.069
0.241
0.241
0.069
0.345
0.276
0.31
0.276
0.391
0.897


 IGD: 
684.047
615.501
680.275
688.945
545.484
570.673
550.93
573.754
328.499
12.321


 HV: 
0.97
0.975
0.973
0.97
0.978
0.979
0.98
0.979
0.982
1.0


---------------------------------------
 actions for all together 

60 0
54 157
23 115
52 156
34 128
46 144
17 101
40 135
27 77
13 62

