seeds 1038 factoryScale2 numberOfIslands5 numberOfReplacement1 notImprovedInARow 3

remove and add nothing
push: 58 pull: 0
Final PF: 
17171.0 40744.0 
18596.0 40337.0 
19912.0 40313.0 
21708.0 39975.0 
24592.0 39939.0 
27894.0 39757.0 
28763.0 39631.0 
16515.0 41267.0 
16595.0 41035.0 
17095.0 40972.0 
18092.0 40466.0 
18545.0 40444.0 
21342.0 40064.0 
24820.0 39884.0 
25513.0 39758.0 
32013.0 39573.0 
36184.0 39512.0 
39434.0 39363.0 
46855.0 39336.0 
21266.0 40310.0 
32934.0 39525.0 
Remove random   Add new
push: 56 pull: 162
Final PF: 
17171.0 40744.0 
18596.0 40337.0 
19912.0 40313.0 
21708.0 39975.0 
24592.0 39939.0 
25513.0 39758.0 
27894.0 39757.0 
28763.0 39631.0 
16515.0 41267.0 
16595.0 41035.0 
17095.0 40972.0 
18092.0 40466.0 
18545.0 40444.0 
21342.0 40064.0 
24820.0 39884.0 
32013.0 39573.0 
36184.0 39512.0 
39434.0 39363.0 
46855.0 39336.0 
21266.0 40310.0 
32934.0 39525.0 
Remove random   Add random
push: 28 pull: 116
Final PF: 
17171.0 40744.0 
18092.0 40466.0 
18596.0 40337.0 
19912.0 40313.0 
21342.0 40064.0 
21708.0 39975.0 
24592.0 39939.0 
24820.0 39884.0 
25513.0 39758.0 
27894.0 39757.0 
28763.0 39631.0 
32934.0 39525.0 
16515.0 41267.0 
16595.0 41035.0 
17095.0 40972.0 
18545.0 40444.0 
32013.0 39573.0 
36184.0 39464.0 
39434.0 39363.0 
46855.0 39336.0 
16256.0 45117.0 
16495.0 45054.0 
21266.0 40310.0 
Remove random   Add best
push: 49 pull: 146
Final PF: 
16595.0 41035.0 
17171.0 40744.0 
18092.0 40466.0 
18596.0 40337.0 
19912.0 40313.0 
21708.0 39975.0 
24592.0 39939.0 
25513.0 39758.0 
27894.0 39757.0 
28763.0 39631.0 
16515.0 41267.0 
18545.0 40444.0 
21342.0 40064.0 
24820.0 39884.0 
32013.0 39573.0 
36184.0 39512.0 
39434.0 39363.0 
46855.0 39336.0 
17095.0 40954.0 
21266.0 40310.0 
32934.0 39525.0 
Remove random   Add diversity
push: 43 pull: 137
Final PF: 
17171.0 40744.0 
18596.0 40337.0 
19912.0 40313.0 
21708.0 39975.0 
24592.0 39939.0 
25513.0 39758.0 
27894.0 39757.0 
28763.0 39631.0 
32934.0 39525.0 
46855.0 39336.0 
16515.0 41267.0 
16595.0 41035.0 
18092.0 40466.0 
18545.0 40444.0 
21342.0 40064.0 
24820.0 39884.0 
32013.0 39573.0 
39434.0 39363.0 
36184.0 39464.0 
17095.0 40954.0 
21266.0 40310.0 
36108.0 39511.0 
Remove worst   Add new
push: 55 pull: 154
Final PF: 
17171.0 40744.0 
18596.0 40337.0 
19912.0 40313.0 
21708.0 39975.0 
24592.0 39939.0 
25513.0 39758.0 
27894.0 39757.0 
28763.0 39631.0 
16515.0 41267.0 
16595.0 41035.0 
17095.0 40972.0 
18092.0 40466.0 
18545.0 40444.0 
21342.0 40064.0 
24820.0 39884.0 
32013.0 39573.0 
36184.0 39512.0 
39434.0 39363.0 
46855.0 39336.0 
21266.0 40310.0 
32934.0 39525.0 
Remove worst   Add random
push: 29 pull: 112
Final PF: 
16595.0 41035.0 
17095.0 40972.0 
17171.0 40744.0 
18092.0 40466.0 
18596.0 40337.0 
19912.0 40313.0 
21266.0 40310.0 
21708.0 39975.0 
24592.0 39939.0 
25513.0 39758.0 
27894.0 39757.0 
28763.0 39631.0 
32013.0 39573.0 
32934.0 39525.0 
16515.0 41267.0 
18545.0 40444.0 
21342.0 40064.0 
24820.0 39884.0 
36184.0 39512.0 
39434.0 39363.0 
46855.0 39336.0 
16256.0 45117.0 
16495.0 45054.0 
Remove worst   Add best
push: 48 pull: 143
Final PF: 
16595.0 41035.0 
17171.0 40744.0 
18092.0 40466.0 
18596.0 40337.0 
19912.0 40313.0 
21708.0 39975.0 
24592.0 39939.0 
25513.0 39758.0 
27894.0 39757.0 
28763.0 39631.0 
16515.0 41267.0 
18545.0 40444.0 
21342.0 40064.0 
24820.0 39884.0 
32013.0 39573.0 
36184.0 39512.0 
39434.0 39363.0 
46855.0 39336.0 
17095.0 40954.0 
21266.0 40310.0 
32934.0 39525.0 
Remove worst   Add diversity
push: 45 pull: 137
Final PF: 
17171.0 40744.0 
18596.0 40337.0 
19912.0 40313.0 
21708.0 39975.0 
24592.0 39939.0 
25513.0 39758.0 
27894.0 39757.0 
28763.0 39631.0 
32934.0 39525.0 
46855.0 39336.0 
16515.0 41267.0 
16595.0 41035.0 
18092.0 40466.0 
18545.0 40444.0 
21342.0 40064.0 
24820.0 39884.0 
32013.0 39573.0 
39434.0 39363.0 
17095.0 40954.0 
21266.0 40310.0 
24516.0 39974.0 
36184.0 39410.0 
linkage migration
push: 23 pull: 83
Final PF: 
17171.0 40744.0 
18092.0 40466.0 
18545.0 40444.0 
18596.0 40337.0 
19912.0 40313.0 
21266.0 40310.0 
21342.0 40064.0 
21708.0 39975.0 
24516.0 39972.0 
25513.0 39758.0 
27894.0 39757.0 
28763.0 39631.0 
32013.0 39572.0 
36184.0 39386.0 
46855.0 39118.0 
16515.0 41267.0 
16595.0 41035.0 
17095.0 40954.0 
39358.0 39385.0 
24592.0 39915.0 
32934.0 39511.0 
40355.0 39278.0 
43529.0 39276.0 
39434.0 39327.0 
43605.0 39153.0 
51026.0 39071.0 
24820.0 39865.0 



---------------------------------------
Quality Indicator Results: 

for each remove method 
Remove random   


 GD: 
47783.552
47798.002
47782.76
48042.155


 D1R: 
44214.441
44214.441
44214.441
44214.441
DCI: 
0.792
0.917
0.833
0.917


 IGD: 
324.49
4.473
323.74
318.573


 HV: 
0.999
1.0
0.999
1.0


Remove worst   


 GD: 
47783.552
47799.541
47782.76
47738.9


 D1R: 
44214.441
44214.441
44214.441
44214.441
DCI: 
0.792
0.875
0.833
0.917


 IGD: 
327.059
8.486
326.309
318.573


 HV: 
0.998
0.998
0.998
1.0



---------------------------------------
for each add method
Add new


 GD: 
47783.552
47783.552


 D1R: 
44214.441
44214.441
DCI: 
1.0
1.0


 IGD: 
0.0
0.0


 HV: 
1.0
1.0


Add random


 GD: 
47798.002
47799.541


 D1R: 
44214.441
44214.441
DCI: 
1.0
0.957


 IGD: 
0.0
2.087


 HV: 
1.0
0.999


Add best


 GD: 
47782.76
47782.76


 D1R: 
44214.441
44214.441
DCI: 
1.0
1.0


 IGD: 
0.0
0.0


 HV: 
1.0
1.0


Add diversity


 GD: 
48042.155
47738.9


 D1R: 
44214.441
44214.441
DCI: 
0.913
0.957


 IGD: 
5.986
5.496


 HV: 
0.996
1.0



---------------------------------------
 results for all together 

Remove nothing   Add nothing
Remove random   Add new
Remove random   Add random
Remove random   Add best
Remove random   Add diversity
Remove worst   Add new
Remove worst   Add random
Remove worst   Add best
Remove worst   Add diversity
Linkage migration


 GD: 
47783.552
47783.552
47798.002
47782.76
48042.155
47783.552
47799.541
47782.76
47738.9
49759.851


 D1R: 
44214.441
44214.441
44214.441
44214.441
44214.441
44214.441
44214.441
44214.441
44214.441
44214.441
DCI: 
0.471
0.471
0.54
0.506
0.506
0.471
0.54
0.506
0.506
0.931


 IGD: 
563.226
563.226
288.449
562.583
560.869
563.226
290.164
562.583
556.053
273.063


 HV: 
0.987
0.987
0.988
0.987
0.988
0.987
0.987
0.987
0.989
1.0


---------------------------------------
 actions for all together 

58 0
56 162
28 116
49 146
43 137
55 154
29 112
48 143
45 137
23 83

