seeds 1020 factoryScale9 numberOfIslands5 numberOfReplacement1 notImprovedInARow 3

remove and add nothing
push: 56 pull: 0
Final PF: 
16515.0 41267.0 
16595.0 41053.0 
17095.0 40954.0 
17171.0 40768.0 
18596.0 40337.0 
24516.0 39974.0 
18092.0 40466.0 
18545.0 40449.0 
21266.0 40310.0 
40355.0 39326.0 
16290.0 45082.0 
16495.0 44504.0 
19912.0 40313.0 
21708.0 39975.0 
24592.0 39916.0 
24820.0 39884.0 
25513.0 39758.0 
28763.0 39632.0 
32013.0 39573.0 
39434.0 39351.0 
16256.0 45435.0 
32934.0 39549.0 
36184.0 39488.0 
21342.0 40064.0 
Remove random   Add new
push: 49 pull: 152
Final PF: 
16515.0 41267.0 
16595.0 41053.0 
17095.0 40954.0 
17171.0 40768.0 
18596.0 40337.0 
24516.0 39974.0 
18092.0 40466.0 
18545.0 40449.0 
21266.0 40310.0 
40355.0 39326.0 
32934.0 39525.0 
36184.0 39399.0 
39434.0 39340.0 
19912.0 40313.0 
21342.0 40064.0 
21708.0 39975.0 
24592.0 39916.0 
28763.0 39632.0 
32013.0 39573.0 
16023.0 42375.0 
16156.0 41932.0 
24820.0 39884.0 
25513.0 39758.0 
Remove random   Add random
push: 27 pull: 99
Final PF: 
16515.0 41267.0 
16595.0 41053.0 
17095.0 40954.0 
17171.0 40768.0 
18545.0 40449.0 
18596.0 40337.0 
19912.0 40313.0 
21266.0 40310.0 
21342.0 40064.0 
21708.0 39975.0 
25513.0 39758.0 
32013.0 39573.0 
16023.0 45546.0 
16256.0 45435.0 
18092.0 40466.0 
24516.0 39972.0 
28763.0 39632.0 
40355.0 39326.0 
24592.0 39916.0 
32934.0 39525.0 
36184.0 39399.0 
39358.0 39398.0 
24820.0 39884.0 
39434.0 39351.0 
16290.0 45082.0 
16495.0 44504.0 
Remove random   Add best
push: 47 pull: 146
Final PF: 
16515.0 41267.0 
16595.0 41053.0 
17095.0 40954.0 
17171.0 40768.0 
18092.0 40466.0 
18596.0 40337.0 
24516.0 39974.0 
18545.0 40449.0 
21266.0 40310.0 
40355.0 39326.0 
16256.0 45435.0 
32934.0 39549.0 
36184.0 39488.0 
19912.0 40313.0 
21342.0 40064.0 
21708.0 39975.0 
24592.0 39916.0 
25513.0 39758.0 
32013.0 39573.0 
16290.0 45082.0 
16495.0 44504.0 
24820.0 39884.0 
28763.0 39632.0 
39434.0 39351.0 
Remove random   Add diversity
push: 37 pull: 125
Final PF: 
16256.0 45435.0 
16290.0 45082.0 
16515.0 41267.0 
16595.0 41053.0 
17095.0 40954.0 
17171.0 40768.0 
18596.0 40337.0 
40355.0 39326.0 
16023.0 45546.0 
18092.0 40466.0 
18545.0 40449.0 
21266.0 40310.0 
24516.0 39972.0 
32934.0 39525.0 
36184.0 39399.0 
19912.0 40313.0 
21342.0 40064.0 
21708.0 39975.0 
24592.0 39916.0 
32013.0 39573.0 
39434.0 39340.0 
16495.0 44504.0 
24820.0 39884.0 
25513.0 39758.0 
28763.0 39632.0 
Remove worst   Add new
push: 49 pull: 148
Final PF: 
16515.0 41267.0 
16595.0 41053.0 
17095.0 40954.0 
17171.0 40768.0 
18596.0 40337.0 
18092.0 40466.0 
18545.0 40449.0 
21266.0 40310.0 
24516.0 39972.0 
36184.0 39485.0 
40355.0 39326.0 
43605.0 39284.0 
32934.0 39525.0 
39434.0 39340.0 
19912.0 40313.0 
21342.0 40064.0 
21708.0 39975.0 
24592.0 39916.0 
28763.0 39632.0 
32013.0 39573.0 
16023.0 42375.0 
16156.0 41932.0 
24820.0 39884.0 
25513.0 39758.0 
Remove worst   Add random
push: 19 pull: 94
Final PF: 
16023.0 42375.0 
16156.0 41932.0 
16515.0 41267.0 
16595.0 41053.0 
17095.0 40954.0 
17171.0 40768.0 
18596.0 40337.0 
19912.0 40313.0 
21266.0 40310.0 
21342.0 40064.0 
24516.0 39974.0 
24592.0 39916.0 
24820.0 39884.0 
28687.0 39757.0 
18092.0 40466.0 
21708.0 39975.0 
36184.0 39399.0 
40355.0 39326.0 
43605.0 39284.0 
25513.0 39758.0 
32013.0 39573.0 
32934.0 39525.0 
39434.0 39340.0 
18545.0 40444.0 
28763.0 39632.0 
Remove worst   Add best
push: 41 pull: 135
Final PF: 
16023.0 42375.0 
16156.0 41932.0 
16515.0 41267.0 
16595.0 41053.0 
17095.0 40954.0 
17171.0 40768.0 
18092.0 40466.0 
18596.0 40337.0 
18545.0 40449.0 
21266.0 40310.0 
24516.0 39972.0 
36184.0 39485.0 
40355.0 39326.0 
43605.0 39284.0 
32934.0 39525.0 
39434.0 39340.0 
19912.0 40313.0 
21342.0 40064.0 
21708.0 39975.0 
24592.0 39916.0 
28763.0 39632.0 
32013.0 39573.0 
24820.0 39884.0 
25513.0 39758.0 
Remove worst   Add diversity
push: 34 pull: 121
Final PF: 
16023.0 42375.0 
16156.0 41932.0 
16515.0 41267.0 
16595.0 41053.0 
17095.0 40954.0 
17171.0 40768.0 
18596.0 40337.0 
24516.0 39974.0 
39434.0 39351.0 
40355.0 39326.0 
18092.0 40466.0 
21266.0 40310.0 
32013.0 39573.0 
43605.0 39284.0 
32934.0 39525.0 
36184.0 39399.0 
19912.0 40313.0 
21342.0 40064.0 
21708.0 39975.0 
24592.0 39916.0 
28763.0 39632.0 
31937.0 39631.0 
39358.0 39398.0 
18545.0 40444.0 
24820.0 39865.0 
25513.0 39758.0 
linkage migration
push: 22 pull: 86
Final PF: 
16515.0 41267.0 
16595.0 41053.0 
17095.0 40954.0 
17171.0 40768.0 
18596.0 40337.0 
19912.0 40313.0 
21266.0 40310.0 
21708.0 39975.0 
25513.0 39758.0 
40355.0 39326.0 
18092.0 40466.0 
18545.0 40444.0 
21342.0 40064.0 
24516.0 39972.0 
28687.0 39755.0 
31937.0 39629.0 
32934.0 39512.0 
36184.0 39386.0 
51026.0 39138.0 
27894.0 39757.0 
28763.0 39631.0 
39434.0 39340.0 
43605.0 39160.0 
16023.0 42369.0 
16156.0 42088.0 
24592.0 39915.0 
24820.0 39884.0 
32013.0 39572.0 



---------------------------------------
Quality Indicator Results: 

for each remove method 
Remove random   


 GD: 
47265.196
47864.99
47525.18
47551.723


 D1R: 
44236.558
44236.558
44236.558
44236.558
DCI: 
0.917
0.875
0.708
0.875


 IGD: 
4.067
82.46
90.975
85.985


 HV: 
1.0
0.988
0.986
0.988


Remove worst   


 GD: 
47743.839
47792.482
47743.839
48167.857


 D1R: 
44236.558
44236.558
44236.558
44236.558
DCI: 
0.778
0.852
0.778
0.889


 IGD: 
16.574
7.86
16.574
5.9


 HV: 
0.996
1.0
0.996
1.0



---------------------------------------
for each add method
Add new


 GD: 
47265.196
47743.839


 D1R: 
44236.558
44236.558
DCI: 
0.917
0.958


 IGD: 
0.087
3.739


 HV: 
1.0
0.996


Add random


 GD: 
47864.99
47792.482


 D1R: 
44236.558
44236.558
DCI: 
0.769
0.923


 IGD: 
85.213
3.904


 HV: 
0.99
1.0


Add best


 GD: 
47525.18
47743.839


 D1R: 
44236.558
44236.558
DCI: 
0.708
1.0


 IGD: 
87.306
0.0


 HV: 
0.989
1.0


Add diversity


 GD: 
47551.723
48167.857


 D1R: 
44236.558
44236.558
DCI: 
0.731
0.923


 IGD: 
87.33
0.52


 HV: 
0.99
1.0



---------------------------------------
 results for all together 

Remove nothing   Add nothing
Remove random   Add new
Remove random   Add random
Remove random   Add best
Remove random   Add diversity
Remove worst   Add new
Remove worst   Add random
Remove worst   Add best
Remove worst   Add diversity
Linkage migration


 GD: 
47525.18
47265.196
47864.99
47525.18
47551.723
47743.839
47792.482
47743.839
48167.857
48521.922


 D1R: 
44236.558
44236.558
44236.558
44236.558
44236.558
44236.558
44236.558
44236.558
44236.558
44236.558
DCI: 
0.5
0.571
0.536
0.5
0.571
0.607
0.607
0.607
0.607
0.929


 IGD: 
241.212
164.154
236.953
241.212
236.545
51.331
39.608
51.331
44.316
6.481


 HV: 
0.984
0.994
0.986
0.984
0.986
0.994
0.995
0.994
0.995
1.0


---------------------------------------
 actions for all together 

56 0
49 152
27 99
47 146
37 125
49 148
19 94
41 135
34 121
22 86

