seeds 1000 factoryScale5 numberOfIslands5 numberOfReplacement1 notImprovedInARow 3

remove and add nothing
push: 55 pull: 0
Final PF: 
18596.0 40337.0 
19912.0 40313.0 
21266.0 40312.0 
21342.0 40064.0 
21708.0 39975.0 
24820.0 39865.0 
25513.0 39758.0 
28763.0 39632.0 
31937.0 39629.0 
32013.0 39573.0 
32934.0 39536.0 
18092.0 40466.0 
18545.0 40444.0 
24592.0 39916.0 
43605.0 39153.0 
16515.0 42178.0 
16571.0 41718.0 
17095.0 41015.0 
17171.0 40768.0 
24516.0 39974.0 
28687.0 39757.0 
36184.0 39393.0 
39434.0 39380.0 
46779.0 39150.0 
Remove random   Add new
push: 52 pull: 151
Final PF: 
18596.0 40337.0 
19912.0 40313.0 
21266.0 40312.0 
21342.0 40064.0 
21708.0 39975.0 
24820.0 39865.0 
25513.0 39758.0 
28687.0 39755.0 
28763.0 39632.0 
31937.0 39629.0 
32013.0 39573.0 
32934.0 39525.0 
18092.0 40466.0 
18545.0 40444.0 
24592.0 39916.0 
43605.0 39153.0 
16515.0 42178.0 
16571.0 41718.0 
16595.0 41035.0 
17095.0 40954.0 
17171.0 40768.0 
24516.0 39974.0 
36184.0 39393.0 
39434.0 39380.0 
46779.0 39150.0 
Remove random   Add random
push: 20 pull: 108
Final PF: 
17171.0 40768.0 
18545.0 40444.0 
18596.0 40337.0 
19912.0 40313.0 
21342.0 40064.0 
21708.0 39975.0 
24820.0 39865.0 
25513.0 39758.0 
28687.0 39757.0 
28763.0 39632.0 
31937.0 39629.0 
32013.0 39573.0 
32934.0 39536.0 
36184.0 39386.0 
39434.0 39380.0 
18092.0 40466.0 
21266.0 40310.0 
24516.0 39972.0 
24592.0 39916.0 
46779.0 39150.0 
16515.0 41267.0 
16595.0 41035.0 
43605.0 39153.0 
17095.0 40954.0 
Remove random   Add best
push: 42 pull: 134
Final PF: 
16515.0 41473.0 
16595.0 41241.0 
17171.0 40768.0 
18092.0 40466.0 
18596.0 40337.0 
19912.0 40313.0 
21342.0 40064.0 
21708.0 39975.0 
24820.0 39865.0 
25513.0 39758.0 
28687.0 39755.0 
28763.0 39632.0 
31937.0 39629.0 
32013.0 39573.0 
32934.0 39525.0 
18545.0 40444.0 
21266.0 40310.0 
24516.0 39972.0 
24592.0 39916.0 
36184.0 39386.0 
43605.0 39153.0 
17095.0 41015.0 
39434.0 39380.0 
46779.0 39150.0 
Remove random   Add diversity
push: 35 pull: 123
Final PF: 
18596.0 40337.0 
19912.0 40313.0 
21342.0 40064.0 
21708.0 39975.0 
24820.0 39865.0 
25513.0 39758.0 
28687.0 39757.0 
28763.0 39632.0 
31937.0 39629.0 
32013.0 39573.0 
39434.0 39340.0 
42684.0 39328.0 
43605.0 39153.0 
46779.0 39150.0 
18092.0 40466.0 
18545.0 40444.0 
21266.0 40310.0 
24516.0 39972.0 
24592.0 39916.0 
36184.0 39386.0 
16515.0 41448.0 
16595.0 41035.0 
17095.0 40954.0 
17171.0 40768.0 
32934.0 39519.0 
16023.0 47400.0 
16156.0 46336.0 
Remove worst   Add new
push: 51 pull: 145
Final PF: 
18596.0 40337.0 
19912.0 40313.0 
21266.0 40312.0 
21342.0 40064.0 
21708.0 39975.0 
24820.0 39865.0 
25513.0 39758.0 
28687.0 39755.0 
28763.0 39632.0 
31937.0 39629.0 
32013.0 39573.0 
32934.0 39525.0 
18092.0 40466.0 
18545.0 40444.0 
24516.0 39972.0 
24592.0 39916.0 
36184.0 39386.0 
42684.0 39291.0 
43605.0 39153.0 
16515.0 42178.0 
16571.0 41718.0 
17095.0 41015.0 
17171.0 40768.0 
39434.0 39380.0 
46779.0 39150.0 
Remove worst   Add random
push: 18 pull: 86
Final PF: 
16515.0 41267.0 
16595.0 41035.0 
18092.0 40466.0 
18596.0 40337.0 
19912.0 40313.0 
21342.0 40064.0 
21708.0 39975.0 
24592.0 39916.0 
24820.0 39865.0 
25513.0 39758.0 
28687.0 39755.0 
28763.0 39632.0 
31937.0 39629.0 
32013.0 39573.0 
32934.0 39519.0 
39358.0 39383.0 
42684.0 39291.0 
18545.0 40444.0 
21266.0 40310.0 
17171.0 40768.0 
24516.0 39972.0 
36184.0 39386.0 
39434.0 39327.0 
43605.0 39153.0 
46779.0 39150.0 
17095.0 40954.0 
43529.0 39276.0 
Remove worst   Add best
push: 40 pull: 129
Final PF: 
16515.0 41473.0 
16595.0 41241.0 
17171.0 40768.0 
18092.0 40466.0 
18596.0 40337.0 
19912.0 40313.0 
21342.0 40064.0 
21708.0 39975.0 
24820.0 39865.0 
25513.0 39758.0 
28687.0 39755.0 
28763.0 39632.0 
31937.0 39629.0 
32013.0 39573.0 
32934.0 39525.0 
18545.0 40444.0 
21266.0 40310.0 
24516.0 39972.0 
24592.0 39916.0 
36184.0 39386.0 
39434.0 39327.0 
42684.0 39291.0 
43605.0 39153.0 
17095.0 41015.0 
39358.0 39383.0 
46779.0 39150.0 
Remove worst   Add diversity
push: 23 pull: 101
Final PF: 
16515.0 41267.0 
16595.0 41035.0 
18596.0 40337.0 
19912.0 40313.0 
21342.0 40064.0 
21708.0 39975.0 
24592.0 39916.0 
24820.0 39865.0 
25513.0 39758.0 
28687.0 39755.0 
28763.0 39632.0 
31937.0 39629.0 
32013.0 39573.0 
43605.0 39153.0 
46779.0 39150.0 
17171.0 40768.0 
18092.0 40466.0 
18545.0 40444.0 
21266.0 40310.0 
24516.0 39972.0 
27894.0 39757.0 
36184.0 39386.0 
39434.0 39327.0 
42684.0 39291.0 
17095.0 40954.0 
32934.0 39512.0 
linkage migration
push: 26 pull: 108
Final PF: 
18596.0 40337.0 
19912.0 40313.0 
21342.0 40064.0 
21708.0 39975.0 
24592.0 39916.0 
24820.0 39865.0 
25513.0 39758.0 
28687.0 39755.0 
31937.0 39629.0 
32013.0 39573.0 
43605.0 39153.0 
18092.0 40466.0 
18545.0 40444.0 
21266.0 40310.0 
40355.0 39279.0 
46779.0 39150.0 
46855.0 39117.0 
50029.0 39114.0 
16515.0 41267.0 
16595.0 41035.0 
24516.0 39972.0 
36184.0 39386.0 
39434.0 39327.0 
17095.0 40954.0 
17171.0 40768.0 
32934.0 39519.0 
28763.0 39631.0 
39358.0 39383.0 



---------------------------------------
Quality Indicator Results: 

for each remove method 
Remove random   


 GD: 
48230.4
48334.406
48352.264
48788.854


 D1R: 
44236.558
44236.558
44236.558
44236.558
DCI: 
0.667
0.778
0.704
0.926


 IGD: 
394.759
452.995
450.304
6.778


 HV: 
0.997
0.997
0.997
1.0


Remove worst   


 GD: 
48782.422
49344.289
49004.227
48713.437


 D1R: 
44236.558
44236.558
44236.558
44236.558
DCI: 
0.679
0.929
0.786
0.929


 IGD: 
74.911
28.572
46.49
8.535


 HV: 
0.992
1.0
0.998
1.0



---------------------------------------
for each add method
Add new


 GD: 
48230.4
48782.422


 D1R: 
44236.558
44236.558
DCI: 
0.885
0.923


 IGD: 
36.165
21.592


 HV: 
1.0
0.997


Add random


 GD: 
48334.406
49344.289


 D1R: 
44236.558
44236.558
DCI: 
0.778
1.0


 IGD: 
45.331
0.0


 HV: 
0.993
1.0


Add best


 GD: 
48352.264
49004.227


 D1R: 
44236.558
44236.558
DCI: 
0.885
1.0


 IGD: 
40.782
0.0


 HV: 
0.995
1.0


Add diversity


 GD: 
48788.854
48713.437


 D1R: 
44236.558
44236.558
DCI: 
0.786
0.929


 IGD: 
36.893
401.229


 HV: 
1.0
0.999



---------------------------------------
 results for all together 

Remove nothing   Add nothing
Remove random   Add new
Remove random   Add random
Remove random   Add best
Remove random   Add diversity
Remove worst   Add new
Remove worst   Add random
Remove worst   Add best
Remove worst   Add diversity
Linkage migration


 GD: 
48398.449
48230.4
48334.406
48352.264
48788.854
48782.422
49344.289
49004.227
48713.437
49875.268


 D1R: 
44236.558
44236.558
44236.558
44236.558
44236.558
44236.558
44236.558
44236.558
44236.558
44236.558
DCI: 
0.458
0.552
0.646
0.583
0.677
0.552
0.771
0.646
0.771
0.844


 IGD: 
404.79
379.517
430.239
427.896
72.09
404.08
420.662
423.595
402.564
392.871


 HV: 
0.996
0.998
0.998
0.997
1.0
0.997
0.999
0.998
0.999
1.0


---------------------------------------
 actions for all together 

55 0
52 151
20 108
42 134
35 123
51 145
18 86
40 129
23 101
26 108

