seeds 1029 factoryScale7 numberOfIslands5 numberOfReplacement1 notImprovedInARow 3

remove and add nothing
push: 58 pull: 0
Final PF: 
16515.0 42485.0 
16816.0 41612.0 
16023.0 44822.0 
16156.0 44379.0 
16571.0 41792.0 
17171.0 40744.0 
16990.0 41426.0 
18092.0 40496.0 
18545.0 40474.0 
18596.0 40367.0 
19912.0 40343.0 
21266.0 40342.0 
21342.0 40064.0 
21708.0 39975.0 
24801.0 39974.0 
25513.0 39758.0 
27894.0 39757.0 
28763.0 39631.0 
32934.0 39536.0 
36184.0 39385.0 
43605.0 39322.0 
Remove random   Add new
push: 53 pull: 158
Final PF: 
16515.0 42485.0 
16816.0 41612.0 
16990.0 41426.0 
18092.0 40496.0 
18545.0 40474.0 
18596.0 40367.0 
19912.0 40343.0 
21266.0 40342.0 
21342.0 40064.0 
21708.0 39975.0 
24801.0 39974.0 
25513.0 39758.0 
27894.0 39757.0 
28763.0 39631.0 
32934.0 39512.0 
36184.0 39385.0 
43605.0 39322.0 
16023.0 44822.0 
16156.0 44379.0 
16571.0 41792.0 
17171.0 40744.0 
Remove random   Add random
push: 19 pull: 102
Final PF: 
16156.0 43331.0 
16515.0 42485.0 
16816.0 41612.0 
16990.0 41426.0 
17171.0 40744.0 
19912.0 40343.0 
21342.0 40064.0 
25513.0 39758.0 
32934.0 39536.0 
16023.0 44590.0 
18092.0 40496.0 
18545.0 40474.0 
18596.0 40367.0 
21708.0 39975.0 
21266.0 40342.0 
24801.0 39973.0 
27894.0 39757.0 
28763.0 39631.0 
36184.0 39385.0 
43605.0 39322.0 
16571.0 41792.0 
24820.0 39924.0 
Remove random   Add best
push: 45 pull: 137
Final PF: 
16595.0 41150.0 
17171.0 40744.0 
16515.0 41382.0 
18092.0 40496.0 
18545.0 40474.0 
18596.0 40367.0 
19912.0 40343.0 
17095.0 41069.0 
21266.0 40342.0 
21342.0 40064.0 
21708.0 39975.0 
24801.0 39974.0 
25513.0 39758.0 
27894.0 39757.0 
28763.0 39631.0 
32934.0 39536.0 
36184.0 39385.0 
43605.0 39322.0 
16023.0 44822.0 
16156.0 44379.0 
Remove random   Add diversity
push: 32 pull: 119
Final PF: 
16515.0 42485.0 
16816.0 41612.0 
36184.0 39385.0 
16023.0 43387.0 
16990.0 41426.0 
18092.0 40496.0 
18545.0 40474.0 
18596.0 40367.0 
19912.0 40343.0 
21708.0 39975.0 
25513.0 39758.0 
28687.0 39755.0 
32934.0 39525.0 
36108.0 39522.0 
40355.0 39279.0 
16156.0 43331.0 
21266.0 40342.0 
21342.0 40064.0 
27894.0 39757.0 
28763.0 39631.0 
16571.0 41792.0 
17171.0 40744.0 
24592.0 39916.0 
24820.0 39884.0 
32013.0 39612.0 
Remove worst   Add new
push: 53 pull: 155
Final PF: 
16515.0 42485.0 
16816.0 41612.0 
16990.0 41426.0 
18545.0 40474.0 
18092.0 40496.0 
18596.0 40367.0 
19912.0 40343.0 
21266.0 40342.0 
21342.0 40064.0 
21708.0 39975.0 
24801.0 39974.0 
25513.0 39758.0 
27894.0 39757.0 
28763.0 39631.0 
32934.0 39512.0 
36184.0 39385.0 
43605.0 39322.0 
16023.0 44822.0 
16156.0 44379.0 
16571.0 41792.0 
17171.0 40744.0 
Remove worst   Add random
push: 22 pull: 96
Final PF: 
16156.0 44379.0 
18092.0 40496.0 
21266.0 40342.0 
36184.0 39385.0 
43605.0 39322.0 
18545.0 40474.0 
18596.0 40367.0 
24592.0 39916.0 
21342.0 40064.0 
16515.0 41382.0 
16595.0 41168.0 
17095.0 41069.0 
19912.0 40343.0 
21708.0 39975.0 
24516.0 39974.0 
25513.0 39758.0 
27894.0 39757.0 
28763.0 39631.0 
32934.0 39512.0 
16023.0 44822.0 
17171.0 40744.0 
Remove worst   Add best
push: 45 pull: 142
Final PF: 
16595.0 41150.0 
16515.0 41382.0 
17095.0 41087.0 
17171.0 40744.0 
18545.0 40474.0 
18092.0 40496.0 
18596.0 40337.0 
19912.0 40313.0 
21342.0 40064.0 
21708.0 39975.0 
24801.0 39974.0 
25513.0 39758.0 
27894.0 39757.0 
28763.0 39631.0 
32934.0 39512.0 
36184.0 39385.0 
43605.0 39322.0 
16023.0 44822.0 
16156.0 44379.0 
Remove worst   Add diversity
push: 32 pull: 110
Final PF: 
16515.0 42485.0 
16816.0 41612.0 
43605.0 39322.0 
16023.0 43387.0 
16990.0 41426.0 
18092.0 40496.0 
18545.0 40474.0 
18596.0 40367.0 
19912.0 40343.0 
21708.0 39975.0 
24516.0 39972.0 
24592.0 39963.0 
25513.0 39758.0 
28687.0 39755.0 
31937.0 39629.0 
16156.0 43331.0 
21266.0 40342.0 
21342.0 40064.0 
27894.0 39757.0 
28763.0 39631.0 
32934.0 39512.0 
36184.0 39385.0 
16571.0 41792.0 
17171.0 40744.0 
linkage migration
push: 22 pull: 91
Final PF: 
18092.0 40466.0 
18545.0 40444.0 
18596.0 40337.0 
24820.0 39889.0 
40355.0 39302.0 
46855.0 39093.0 
19912.0 40313.0 
21266.0 40310.0 
21342.0 40064.0 
21708.0 39975.0 
25513.0 39758.0 
32013.0 39596.0 
24516.0 39972.0 
31937.0 39629.0 
32934.0 39512.0 
24592.0 39916.0 
27894.0 39757.0 
28763.0 39631.0 
36184.0 39385.0 
16023.0 42463.0 
16156.0 41932.0 
16515.0 41267.0 
16595.0 41035.0 
17171.0 40744.0 
43605.0 39153.0 
54200.0 39070.0 



---------------------------------------
Quality Indicator Results: 

for each remove method 
Remove random   


 GD: 
47118.461
47059.713
47136.073
47402.77


 D1R: 
44214.441
44214.441
44214.441
44214.441
DCI: 
0.565
0.565
0.652
0.826


 IGD: 
195.438
116.912
150.058
193.815


 HV: 
0.993
0.996
0.995
1.0


Remove worst   


 GD: 
47118.461
47116.833
47213.765
47243.685


 D1R: 
44214.441
44214.441
44214.441
44214.441
DCI: 
0.5
0.636
0.682
0.727


 IGD: 
219.343
149.007
169.003
59.157


 HV: 
0.996
0.999
0.999
1.0



---------------------------------------
for each add method
Add new


 GD: 
47118.461
47118.461


 D1R: 
44214.441
44214.441
DCI: 
1.0
1.0


 IGD: 
0.0
0.0


 HV: 
1.0
1.0


Add random


 GD: 
47059.713
47116.833


 D1R: 
44214.441
44214.441
DCI: 
0.714
0.905


 IGD: 
81.429
60.952


 HV: 
1.0
1.0


Add best


 GD: 
47136.073
47213.765


 D1R: 
44214.441
44214.441
DCI: 
0.842
0.947


 IGD: 
4.421
0.947


 HV: 
0.999
1.0


Add diversity


 GD: 
47402.77
47243.685


 D1R: 
44214.441
44214.441
DCI: 
0.885
0.846


 IGD: 
7.126
139.095


 HV: 
1.0
0.996



---------------------------------------
 results for all together 

Remove nothing   Add nothing
Remove random   Add new
Remove random   Add random
Remove random   Add best
Remove random   Add diversity
Remove worst   Add new
Remove worst   Add random
Remove worst   Add best
Remove worst   Add diversity
Linkage migration


 GD: 
47119.339
47118.461
47059.713
47136.073
47402.77
47118.461
47116.833
47213.765
47243.685
48959.323


 D1R: 
44214.441
44214.441
44214.441
44214.441
44214.441
44214.441
44214.441
44214.441
44214.441
44214.441
DCI: 
0.259
0.296
0.259
0.259
0.407
0.296
0.333
0.37
0.407
0.889


 IGD: 
440.81
440.056
438.8
445.825
463.558
440.056
431.853
451.435
351.716
6.671


 HV: 
0.978
0.978
0.98
0.98
0.985
0.978
0.98
0.98
0.981
1.0


---------------------------------------
 actions for all together 

58 0
53 158
19 102
45 137
32 119
53 155
22 96
45 142
32 110
22 91

