seeds 1031 factoryScale1 numberOfIslands5 numberOfReplacement1 notImprovedInARow 3

traditional MOEA/D
push: 12 pull: 0
Final PF: 
16816.0 41843.0 
16956.0 41576.0 
17516.0 41182.0 
18016.0 41083.0 
18092.0 40466.0 
18545.0 40444.0 
18596.0 40337.0 
19912.0 40313.0 
21266.0 40310.0 
21342.0 40064.0 
21708.0 39975.0 
24516.0 39972.0 
24592.0 39916.0 
25513.0 39758.0 
27894.0 39757.0 
28687.0 39754.0 
28763.0 39631.0 
31937.0 39628.0 
32013.0 39596.0 
32934.0 39511.0 
36184.0 39385.0 
39434.0 39350.0 
40355.0 39278.0 
43605.0 39152.0 
46855.0 39117.0 
remove and add nothing
push: 57 pull: 0
Final PF: 
16515.0 42963.0 
16595.0 42014.0 
18092.0 40466.0 
18545.0 40444.0 
39358.0 39474.0 
16990.0 41387.0 
17516.0 41155.0 
18016.0 41074.0 
18596.0 40337.0 
19912.0 40313.0 
21266.0 40310.0 
21342.0 40064.0 
21708.0 39975.0 
24516.0 39972.0 
24592.0 39940.0 
25513.0 39758.0 
28687.0 39757.0 
28763.0 39632.0 
31937.0 39629.0 
32934.0 39512.0 
39434.0 39460.0 
40355.0 39278.0 
Remove random   Add new
push: 56 pull: 159
Final PF: 
16515.0 42963.0 
16595.0 42014.0 
18092.0 40466.0 
18545.0 40444.0 
39358.0 39474.0 
16990.0 41387.0 
17516.0 41155.0 
18016.0 41074.0 
18596.0 40337.0 
19912.0 40313.0 
21266.0 40310.0 
21342.0 40064.0 
21708.0 39975.0 
24516.0 39972.0 
24592.0 39940.0 
25513.0 39758.0 
28687.0 39757.0 
28763.0 39632.0 
31937.0 39629.0 
32934.0 39512.0 
39434.0 39460.0 
40355.0 39278.0 
16956.0 41896.0 
Remove random   Add random
push: 24 pull: 93
Final PF: 
21708.0 39975.0 
31937.0 39629.0 
39358.0 39474.0 
16515.0 41515.0 
16595.0 41120.0 
17095.0 41021.0 
18092.0 40466.0 
18545.0 40444.0 
18596.0 40337.0 
28763.0 39632.0 
19912.0 40313.0 
21266.0 40310.0 
21342.0 40064.0 
24516.0 39972.0 
24592.0 39940.0 
25513.0 39758.0 
27894.0 39757.0 
32934.0 39511.0 
39434.0 39460.0 
40355.0 39278.0 
Remove random   Add best
push: 49 pull: 144
Final PF: 
16990.0 41387.0 
17516.0 41155.0 
18092.0 40466.0 
18545.0 40444.0 
18596.0 40337.0 
19912.0 40313.0 
21342.0 40064.0 
21708.0 39975.0 
24592.0 39939.0 
25513.0 39758.0 
28687.0 39757.0 
28763.0 39632.0 
32013.0 39596.0 
36184.0 39399.0 
16515.0 42963.0 
16595.0 42014.0 
18016.0 41074.0 
21266.0 40310.0 
24516.0 39972.0 
31937.0 39629.0 
32934.0 39512.0 
40355.0 39278.0 
Remove random   Add diversity
push: 38 pull: 130
Final PF: 
28763.0 39632.0 
16595.0 42014.0 
18092.0 40466.0 
18545.0 40444.0 
21342.0 40064.0 
39358.0 39450.0 
40355.0 39278.0 
16990.0 41387.0 
17516.0 41155.0 
18016.0 41074.0 
18596.0 40337.0 
19912.0 40313.0 
21266.0 40310.0 
21708.0 39975.0 
24516.0 39972.0 
24592.0 39940.0 
25513.0 39758.0 
27894.0 39757.0 
31937.0 39629.0 
32934.0 39511.0 
16515.0 42069.0 
Remove worst   Add new
push: 54 pull: 158
Final PF: 
16515.0 42963.0 
16595.0 42014.0 
18092.0 40466.0 
18545.0 40444.0 
36184.0 39466.0 
16990.0 41387.0 
17516.0 41155.0 
18016.0 41074.0 
18596.0 40337.0 
19912.0 40313.0 
21266.0 40310.0 
21342.0 40064.0 
21708.0 39975.0 
24516.0 39972.0 
24592.0 39940.0 
25513.0 39758.0 
28687.0 39757.0 
28763.0 39632.0 
31937.0 39629.0 
32934.0 39512.0 
39434.0 39460.0 
40355.0 39278.0 
16956.0 41896.0 
Remove worst   Add random
push: 24 pull: 100
Final PF: 
16816.0 41952.0 
16956.0 41841.0 
18596.0 40337.0 
19912.0 40313.0 
21266.0 40310.0 
21342.0 40064.0 
21708.0 39975.0 
16515.0 42963.0 
16595.0 42014.0 
16990.0 41387.0 
17516.0 41155.0 
18016.0 41074.0 
18092.0 40466.0 
18545.0 40444.0 
28763.0 39632.0 
36184.0 39466.0 
24516.0 39972.0 
25513.0 39758.0 
28687.0 39757.0 
31937.0 39629.0 
32934.0 39512.0 
39434.0 39460.0 
40355.0 39278.0 
24592.0 39916.0 
Remove worst   Add best
push: 48 pull: 144
Final PF: 
16990.0 41387.0 
17516.0 41155.0 
18092.0 40466.0 
18545.0 40444.0 
18596.0 40337.0 
19912.0 40313.0 
21708.0 39975.0 
24592.0 39939.0 
25513.0 39758.0 
28687.0 39757.0 
28763.0 39632.0 
32013.0 39596.0 
36184.0 39410.0 
16515.0 42963.0 
16595.0 42014.0 
18016.0 41074.0 
21266.0 40310.0 
21342.0 40064.0 
24516.0 39972.0 
31937.0 39629.0 
32934.0 39512.0 
40355.0 39278.0 
16956.0 41896.0 
Remove worst   Add diversity
push: 43 pull: 138
Final PF: 
39434.0 39460.0 
16595.0 42014.0 
18092.0 40466.0 
18545.0 40444.0 
28763.0 39632.0 
36184.0 39466.0 
39358.0 39463.0 
16990.0 41387.0 
17516.0 41155.0 
18016.0 41074.0 
18596.0 40337.0 
19912.0 40313.0 
21266.0 40310.0 
21342.0 40064.0 
21708.0 39975.0 
24516.0 39972.0 
24592.0 39940.0 
25513.0 39758.0 
28687.0 39757.0 
31937.0 39629.0 
32934.0 39512.0 
40355.0 39278.0 
16515.0 42069.0 
16956.0 41896.0 
linkage migration
push: 41 pull: 123
Final PF: 
16816.0 41952.0 
16956.0 41841.0 
18596.0 40337.0 
19912.0 40313.0 
21342.0 40064.0 
21708.0 39975.0 
25513.0 39758.0 
43605.0 39152.0 
16515.0 42963.0 
16595.0 42014.0 
18092.0 40466.0 
18545.0 40444.0 
28763.0 39631.0 
16990.0 41387.0 
17516.0 41155.0 
18016.0 41074.0 
21266.0 40310.0 
24516.0 39972.0 
24592.0 39916.0 
28687.0 39755.0 
31937.0 39629.0 
32013.0 39573.0 
32934.0 39512.0 
40355.0 39278.0 
36184.0 39385.0 



---------------------------------------
Quality Indicator Results: 

for each remove method 
Remove random   


 GD: 
47590.463
47843.361
47375.699
47251.723


 D1R: 
44326.263
44326.263
44326.263
44326.263
DCI: 
0.667
0.883
0.783
0.733


 IGD: 
270.111
162.937
107.174
230.387


 HV: 
0.99
1.0
0.996
0.991


Remove worst   


 GD: 
47494.822
47396.094
47281.331
47803.437


 D1R: 
44326.263
44326.263
44326.263
44326.263
DCI: 
0.75
0.875
0.833
0.792


 IGD: 
19.405
9.831
13.578
15.36


 HV: 
0.996
0.997
1.0
0.997



---------------------------------------
for each add method
Add new


 GD: 
47590.463
47494.822


 D1R: 
44326.263
44326.263
DCI: 
0.957
1.0


 IGD: 
138.0
0.0


 HV: 
0.998
1.0


Add random


 GD: 
47843.361
47396.094


 D1R: 
44326.263
44326.263
DCI: 
0.9
0.783


 IGD: 
159.901
107.174


 HV: 
1.0
0.993


Add best


 GD: 
47375.699
47281.331


 D1R: 
44326.263
44326.263
DCI: 
0.957
0.957


 IGD: 
16.513
0.478


 HV: 
1.0
0.999


Add diversity


 GD: 
47251.723
47803.437


 D1R: 
44326.263
44326.263
DCI: 
0.913
0.899


 IGD: 
154.515
35.087


 HV: 
0.997
1.0



---------------------------------------
 results for all together 

Remove nothing   Add nothing
Remove random   Add new
Remove random   Add random
Remove random   Add best
Remove random   Add diversity
Remove worst   Add new
Remove worst   Add random
Remove worst   Add best
Remove worst   Add diversity
Linkage migration


 GD: 
47699.251
47590.463
47843.361
47375.699
47251.723
47494.822
47396.094
47281.331
47803.437
47646.432


 D1R: 
44326.263
44326.263
44326.263
44326.263
44326.263
44326.263
44326.263
44326.263
44326.263
44326.263
DCI: 
0.561
0.561
0.758
0.561
0.621
0.561
0.606
0.561
0.561
0.803


 IGD: 
259.054
259.054
163.773
105.071
228.007
111.709
110.566
105.594
111.709
102.071


 HV: 
0.992
0.992
1.0
0.997
0.993
0.993
0.994
0.996
0.994
0.998


---------------------------------------
 actions for all together 

12 0
57 0
56 159
24 93
49 144
38 130
54 158
24 100
48 144
43 138
41 123

