seeds 1031 factoryScale7 numberOfIslands5 numberOfReplacement1 notImprovedInARow 3

remove and add nothing
push: 57 pull: 0
Final PF: 
16515.0 42963.0 
16595.0 42014.0 
18092.0 40466.0 
18545.0 40444.0 
39358.0 39474.0 
16990.0 41387.0 
17516.0 41155.0 
18016.0 41074.0 
18596.0 40337.0 
19912.0 40313.0 
21266.0 40310.0 
21342.0 40064.0 
21708.0 39975.0 
24516.0 39972.0 
24592.0 39940.0 
25513.0 39758.0 
28687.0 39757.0 
28763.0 39632.0 
31937.0 39629.0 
32934.0 39512.0 
39434.0 39460.0 
40355.0 39278.0 
Remove random   Add new
push: 56 pull: 159
Final PF: 
16515.0 42963.0 
16595.0 42014.0 
18092.0 40466.0 
18545.0 40444.0 
39358.0 39474.0 
16990.0 41387.0 
17516.0 41155.0 
18016.0 41074.0 
18596.0 40337.0 
19912.0 40313.0 
21266.0 40310.0 
21342.0 40064.0 
21708.0 39975.0 
24516.0 39972.0 
24592.0 39940.0 
25513.0 39758.0 
28687.0 39757.0 
28763.0 39632.0 
31937.0 39629.0 
32934.0 39512.0 
39434.0 39460.0 
40355.0 39278.0 
16956.0 41896.0 
Remove random   Add random
push: 22 pull: 105
Final PF: 
18016.0 41074.0 
19912.0 40313.0 
21266.0 40310.0 
28687.0 39757.0 
36184.0 39445.0 
16956.0 41896.0 
16990.0 41387.0 
17516.0 41155.0 
18092.0 40466.0 
18545.0 40444.0 
18596.0 40337.0 
21708.0 39975.0 
28763.0 39632.0 
31937.0 39629.0 
21342.0 40064.0 
24516.0 39972.0 
25513.0 39758.0 
32934.0 39512.0 
40355.0 39278.0 
16515.0 42703.0 
16595.0 41963.0 
24592.0 39916.0 
Remove random   Add best
push: 48 pull: 147
Final PF: 
16990.0 41387.0 
17516.0 41155.0 
18092.0 40466.0 
18545.0 40444.0 
18596.0 40337.0 
19912.0 40313.0 
21342.0 40064.0 
21708.0 39975.0 
24592.0 39939.0 
25513.0 39758.0 
28687.0 39757.0 
28763.0 39632.0 
32013.0 39596.0 
36184.0 39399.0 
16515.0 42963.0 
16595.0 42014.0 
18016.0 41074.0 
21266.0 40310.0 
24516.0 39972.0 
31937.0 39629.0 
32934.0 39512.0 
40355.0 39278.0 
Remove random   Add diversity
push: 40 pull: 133
Final PF: 
28763.0 39632.0 
16595.0 42014.0 
18092.0 40466.0 
18545.0 40444.0 
21342.0 40064.0 
39358.0 39450.0 
40355.0 39278.0 
16990.0 41387.0 
17516.0 41155.0 
18016.0 41074.0 
18596.0 40337.0 
19912.0 40313.0 
21266.0 40310.0 
21708.0 39975.0 
24516.0 39972.0 
24592.0 39940.0 
25513.0 39758.0 
27894.0 39757.0 
31937.0 39629.0 
32934.0 39511.0 
16515.0 42069.0 
Remove worst   Add new
push: 54 pull: 158
Final PF: 
16515.0 42963.0 
16595.0 42014.0 
18092.0 40466.0 
18545.0 40444.0 
36184.0 39466.0 
16990.0 41387.0 
17516.0 41155.0 
18016.0 41074.0 
18596.0 40337.0 
19912.0 40313.0 
21266.0 40310.0 
21342.0 40064.0 
21708.0 39975.0 
24516.0 39972.0 
24592.0 39940.0 
25513.0 39758.0 
28687.0 39757.0 
28763.0 39632.0 
31937.0 39629.0 
32934.0 39512.0 
39434.0 39460.0 
40355.0 39278.0 
16956.0 41896.0 
Remove worst   Add random
push: 25 pull: 95
Final PF: 
16816.0 41952.0 
16956.0 41841.0 
18092.0 40466.0 
21266.0 40310.0 
21342.0 40064.0 
21708.0 39975.0 
28763.0 39632.0 
16515.0 42963.0 
16595.0 42014.0 
16990.0 41387.0 
17516.0 41155.0 
18016.0 41074.0 
18545.0 40444.0 
19912.0 40313.0 
32934.0 39512.0 
36184.0 39466.0 
18596.0 40337.0 
24516.0 39972.0 
24592.0 39940.0 
25513.0 39758.0 
28687.0 39757.0 
31937.0 39629.0 
39434.0 39460.0 
40355.0 39278.0 
Remove worst   Add best
push: 47 pull: 142
Final PF: 
16990.0 41387.0 
17516.0 41155.0 
18092.0 40466.0 
18545.0 40444.0 
18596.0 40337.0 
19912.0 40313.0 
21708.0 39975.0 
24592.0 39939.0 
25513.0 39758.0 
28687.0 39757.0 
28763.0 39632.0 
32013.0 39596.0 
36184.0 39410.0 
16515.0 42963.0 
16595.0 42014.0 
18016.0 41074.0 
21266.0 40310.0 
21342.0 40064.0 
24516.0 39972.0 
31937.0 39629.0 
32934.0 39512.0 
40355.0 39278.0 
16956.0 41896.0 
Remove worst   Add diversity
push: 42 pull: 131
Final PF: 
39434.0 39460.0 
16595.0 42014.0 
18092.0 40466.0 
18545.0 40444.0 
28763.0 39632.0 
36184.0 39466.0 
39358.0 39463.0 
16990.0 41387.0 
17516.0 41155.0 
18016.0 41074.0 
18596.0 40337.0 
19912.0 40313.0 
21266.0 40310.0 
21342.0 40064.0 
21708.0 39975.0 
24516.0 39972.0 
24592.0 39940.0 
25513.0 39758.0 
28687.0 39757.0 
31937.0 39629.0 
32934.0 39512.0 
40355.0 39278.0 
16515.0 42069.0 
16956.0 41896.0 
linkage migration
push: 16 pull: 71
Final PF: 
18092.0 40466.0 
18545.0 40444.0 
18596.0 40337.0 
19912.0 40313.0 
21342.0 40064.0 
21708.0 39975.0 
24592.0 39915.0 
25513.0 39758.0 
27894.0 39757.0 
28687.0 39756.0 
32934.0 39511.0 
40355.0 39278.0 
51026.0 39159.0 
16515.0 42358.0 
16519.0 42357.0 
21266.0 40310.0 
24820.0 39865.0 
32013.0 39572.0 
39434.0 39346.0 
47776.0 39197.0 
16816.0 41651.0 
16956.0 41540.0 
16990.0 41387.0 
17516.0 41155.0 
18016.0 41074.0 
24516.0 39972.0 
28763.0 39631.0 
31937.0 39629.0 
36184.0 39399.0 
16595.0 41945.0 



---------------------------------------
Quality Indicator Results: 

for each remove method 
Remove random   


 GD: 
47590.463
47103.113
47375.699
47251.723


 D1R: 
44326.263
44326.263
44326.263
44326.263
DCI: 
0.725
0.812
0.768
0.783


 IGD: 
183.645
45.898
58.473
161.394


 HV: 
0.994
0.998
1.0
0.995


Remove worst   


 GD: 
47494.822
47396.945
47281.331
47803.437


 D1R: 
44326.263
44326.263
44326.263
44326.263
DCI: 
0.778
0.861
0.875
0.819


 IGD: 
18.447
9.872
12.619
14.402


 HV: 
0.996
0.997
1.0
0.997



---------------------------------------
for each add method
Add new


 GD: 
47590.463
47494.822


 D1R: 
44326.263
44326.263
DCI: 
0.957
1.0


 IGD: 
138.0
0.0


 HV: 
0.998
1.0


Add random


 GD: 
47103.113
47396.945


 D1R: 
44326.263
44326.263
DCI: 
0.913
0.826


 IGD: 
8.947
15.478


 HV: 
1.0
0.998


Add best


 GD: 
47375.699
47281.331


 D1R: 
44326.263
44326.263
DCI: 
0.957
0.957


 IGD: 
16.513
0.478


 HV: 
1.0
0.999


Add diversity


 GD: 
47251.723
47803.437


 D1R: 
44326.263
44326.263
DCI: 
0.913
0.899


 IGD: 
154.515
35.087


 HV: 
0.997
1.0



---------------------------------------
 results for all together 

Remove nothing   Add nothing
Remove random   Add new
Remove random   Add random
Remove random   Add best
Remove random   Add diversity
Remove worst   Add new
Remove worst   Add random
Remove worst   Add best
Remove worst   Add diversity
Linkage migration


 GD: 
47699.251
47590.463
47103.113
47375.699
47251.723
47494.822
47396.945
47281.331
47803.437
48473.159


 D1R: 
44326.263
44326.263
44326.263
44326.263
44326.263
44326.263
44326.263
44326.263
44326.263
44326.263
DCI: 
0.552
0.552
0.575
0.586
0.609
0.552
0.552
0.552
0.586
0.966


 IGD: 
446.619
445.405
360.939
359.559
420.465
334.409
332.76
358.738
330.942
5.27


 HV: 
0.991
0.991
0.994
0.995
0.992
0.993
0.993
0.995
0.993
1.0


---------------------------------------
 actions for all together 

57 0
56 159
22 105
48 147
40 133
54 158
25 95
47 142
42 131
16 71

