seeds 1022 factoryScale9 numberOfIslands5 numberOfReplacement1 notImprovedInARow 3

remove and add nothing
push: 55 pull: 0
Final PF: 
18596.0 40337.0 
19912.0 40313.0 
21266.0 40310.0 
21708.0 39975.0 
25513.0 39758.0 
36184.0 39386.0 
21342.0 40064.0 
24516.0 39974.0 
24592.0 39939.0 
16571.0 41792.0 
17171.0 40744.0 
39434.0 39351.0 
16156.0 41879.0 
16595.0 41647.0 
16956.0 41536.0 
17095.0 41473.0 
28763.0 39631.0 
31937.0 39630.0 
32934.0 39548.0 
36108.0 39523.0 
16990.0 41501.0 
18092.0 40561.0 
18545.0 40544.0 
Remove random   Add new
push: 51 pull: 150
Final PF: 
18596.0 40337.0 
19912.0 40313.0 
21266.0 40310.0 
21708.0 39975.0 
25513.0 39758.0 
36184.0 39386.0 
21342.0 40064.0 
24516.0 39974.0 
24592.0 39939.0 
16571.0 41792.0 
17171.0 40744.0 
39434.0 39351.0 
16156.0 41879.0 
16595.0 41647.0 
16956.0 41536.0 
17095.0 41473.0 
28763.0 39631.0 
31937.0 39630.0 
32934.0 39548.0 
36108.0 39523.0 
16990.0 41501.0 
18092.0 40557.0 
18545.0 40540.0 
32013.0 39613.0 
Remove random   Add random
push: 19 pull: 95
Final PF: 
16023.0 42322.0 
16156.0 41879.0 
17171.0 40744.0 
18092.0 40496.0 
18545.0 40479.0 
18596.0 40337.0 
19912.0 40313.0 
21266.0 40310.0 
21342.0 40064.0 
21708.0 39975.0 
24516.0 39974.0 
24592.0 39915.0 
25513.0 39758.0 
28763.0 39631.0 
36184.0 39386.0 
39434.0 39334.0 
16515.0 41382.0 
16595.0 41150.0 
17095.0 41069.0 
27894.0 39757.0 
31937.0 39630.0 
32934.0 39536.0 
36108.0 39511.0 
Remove random   Add best
push: 52 pull: 150
Final PF: 
17171.0 40744.0 
18596.0 40337.0 
19912.0 40313.0 
21266.0 40310.0 
21708.0 39975.0 
25513.0 39758.0 
36184.0 39386.0 
21342.0 40064.0 
24516.0 39974.0 
24592.0 39939.0 
16571.0 41792.0 
39434.0 39351.0 
16156.0 41879.0 
16595.0 41647.0 
16956.0 41536.0 
17095.0 41473.0 
28763.0 39631.0 
31937.0 39630.0 
32934.0 39548.0 
36108.0 39523.0 
16990.0 41501.0 
18092.0 40561.0 
18545.0 40544.0 
Remove random   Add diversity
push: 35 pull: 118
Final PF: 
16023.0 42316.0 
16156.0 41879.0 
18596.0 40337.0 
19912.0 40313.0 
21266.0 40310.0 
21342.0 40064.0 
21708.0 39975.0 
24592.0 39939.0 
25513.0 39758.0 
39434.0 39327.0 
16515.0 41382.0 
16595.0 41150.0 
17095.0 41087.0 
17171.0 40744.0 
24820.0 39884.0 
32013.0 39573.0 
27894.0 39757.0 
28687.0 39756.0 
28763.0 39631.0 
32934.0 39512.0 
36108.0 39511.0 
36184.0 39385.0 
18092.0 40466.0 
18545.0 40449.0 
24516.0 39972.0 
31937.0 39629.0 
Remove worst   Add new
push: 48 pull: 142
Final PF: 
18596.0 40337.0 
19912.0 40313.0 
21266.0 40310.0 
21708.0 39975.0 
25513.0 39758.0 
36184.0 39386.0 
21342.0 40064.0 
24516.0 39974.0 
16571.0 41792.0 
17171.0 40744.0 
24592.0 39915.0 
24820.0 39884.0 
39434.0 39351.0 
16156.0 41879.0 
16595.0 41647.0 
16956.0 41536.0 
17095.0 41473.0 
28687.0 39757.0 
28763.0 39631.0 
31937.0 39630.0 
32013.0 39573.0 
32934.0 39525.0 
36108.0 39511.0 
16990.0 41501.0 
18092.0 40561.0 
18545.0 40544.0 
Remove worst   Add random
push: 12 pull: 83
Final PF: 
16515.0 41563.0 
16990.0 41423.0 
17095.0 41069.0 
17171.0 40744.0 
18092.0 40466.0 
18545.0 40444.0 
18596.0 40337.0 
19912.0 40313.0 
21266.0 40310.0 
21342.0 40064.0 
21708.0 39975.0 
25513.0 39758.0 
28687.0 39755.0 
31937.0 39629.0 
32934.0 39512.0 
40355.0 39279.0 
43605.0 39153.0 
24592.0 39915.0 
24820.0 39884.0 
27894.0 39757.0 
36184.0 39385.0 
16156.0 41879.0 
16956.0 41536.0 
28763.0 39631.0 
32013.0 39572.0 
36108.0 39511.0 
39434.0 39326.0 
43529.0 39278.0 
16023.0 44535.0 
24516.0 39972.0 
Remove worst   Add best
push: 37 pull: 122
Final PF: 
16023.0 42322.0 
16156.0 41879.0 
16595.0 41150.0 
17171.0 40744.0 
18596.0 40337.0 
19912.0 40313.0 
21266.0 40310.0 
21708.0 39975.0 
24516.0 39974.0 
25513.0 39758.0 
36184.0 39386.0 
17095.0 41069.0 
21342.0 40064.0 
24592.0 39939.0 
16515.0 41382.0 
24820.0 39884.0 
39434.0 39351.0 
28687.0 39757.0 
28763.0 39631.0 
31937.0 39630.0 
32013.0 39573.0 
32934.0 39525.0 
36108.0 39511.0 
18092.0 40496.0 
18545.0 40479.0 
46855.0 39298.0 
50029.0 39297.0 
Remove worst   Add diversity
push: 27 pull: 98
Final PF: 
16023.0 42316.0 
16156.0 41879.0 
18092.0 40466.0 
18545.0 40444.0 
18596.0 40337.0 
19912.0 40313.0 
21266.0 40310.0 
21342.0 40064.0 
21708.0 39975.0 
25513.0 39758.0 
39434.0 39351.0 
43605.0 39177.0 
28763.0 39631.0 
32934.0 39512.0 
16515.0 41382.0 
16595.0 41150.0 
17095.0 41087.0 
17171.0 40744.0 
24820.0 39884.0 
24592.0 39916.0 
28687.0 39756.0 
32013.0 39573.0 
36108.0 39511.0 
36184.0 39385.0 
24516.0 39972.0 
31937.0 39629.0 
linkage migration
push: 16 pull: 58
Final PF: 
18596.0 40337.0 
19912.0 40313.0 
21266.0 40310.0 
21342.0 40064.0 
21708.0 39975.0 
24592.0 39915.0 
25513.0 39758.0 
28687.0 39755.0 
32013.0 39573.0 
32934.0 39512.0 
36184.0 39386.0 
39434.0 39327.0 
40355.0 39279.0 
43605.0 39153.0 
16515.0 41563.0 
16595.0 41168.0 
17095.0 41069.0 
18092.0 40466.0 
18545.0 40444.0 
24516.0 39972.0 
24820.0 39865.0 
17171.0 40744.0 
16023.0 42322.0 
16156.0 41879.0 
28763.0 39631.0 
31937.0 39630.0 
46855.0 39094.0 
54276.0 39019.0 



---------------------------------------
Quality Indicator Results: 

for each remove method 
Remove random   


 GD: 
47262.916
47221.426
47103.728
47420.961


 D1R: 
44214.441
44214.441
44214.441
44214.441
DCI: 
0.397
0.628
0.397
0.923


 IGD: 
120.703
21.746
123.126
1.885


 HV: 
0.991
0.997
0.99
1.0


Remove worst   


 GD: 
47316.984
48465.502
48489.768
47807.339


 D1R: 
44214.441
44214.441
44214.441
44214.441
DCI: 
0.483
0.897
0.552
0.759


 IGD: 
406.639
36.499
290.9
65.973


 HV: 
0.989
0.999
0.994
1.0



---------------------------------------
for each add method
Add new


 GD: 
47262.916
47316.984


 D1R: 
44214.441
44214.441
DCI: 
0.769
0.923


 IGD: 
18.488
0.308


 HV: 
0.997
1.0


Add random


 GD: 
47221.426
48465.502


 D1R: 
44214.441
44214.441
DCI: 
0.598
0.897


 IGD: 
199.649
38.008


 HV: 
1.0
0.999


Add best


 GD: 
47103.728
48489.768


 D1R: 
44214.441
44214.441
DCI: 
0.519
1.0


 IGD: 
370.5
0.0


 HV: 
0.993
1.0


Add diversity


 GD: 
47420.961
47807.339


 D1R: 
44214.441
44214.441
DCI: 
0.889
0.926


 IGD: 
1.077
31.423


 HV: 
1.0
0.999



---------------------------------------
 results for all together 

Remove nothing   Add nothing
Remove random   Add new
Remove random   Add random
Remove random   Add best
Remove random   Add diversity
Remove worst   Add new
Remove worst   Add random
Remove worst   Add best
Remove worst   Add diversity
Linkage migration


 GD: 
47103.728
47262.916
47221.426
47103.728
47420.961
47316.984
48465.502
48489.768
47807.339
49063.345


 D1R: 
44214.441
44214.441
44214.441
44214.441
44214.441
44214.441
44214.441
44214.441
44214.441
44214.441
DCI: 
0.333
0.333
0.527
0.333
0.677
0.419
0.806
0.484
0.677
0.763


 IGD: 
661.327
659.24
573.31
661.327
556.194
641.233
144.267
288.637
172.776
43.153


 HV: 
0.981
0.981
0.986
0.981
0.987
0.982
0.995
0.987
0.995
1.0


---------------------------------------
 actions for all together 

55 0
51 150
19 95
52 150
35 118
48 142
12 83
37 122
27 98
16 58

