seeds 1032 factoryScale3 numberOfIslands5 numberOfReplacement1 notImprovedInARow 3

remove and add nothing
push: 57 pull: 0
Final PF: 
18596.0 40402.0 
19912.0 40378.0 
18092.0 40702.0 
18545.0 40680.0 
21342.0 40104.0 
21708.0 39975.0 
24820.0 39924.0 
25513.0 39798.0 
28763.0 39672.0 
32013.0 39573.0 
36184.0 39386.0 
39434.0 39367.0 
43605.0 39153.0 
46855.0 39134.0 
16515.0 41448.0 
16595.0 41053.0 
17095.0 40954.0 
17171.0 40768.0 
51026.0 39070.0 
Remove random   Add new
push: 54 pull: 154
Final PF: 
21342.0 40104.0 
21708.0 39975.0 
24820.0 39924.0 
25513.0 39798.0 
28763.0 39632.0 
32013.0 39573.0 
36184.0 39386.0 
39434.0 39367.0 
40355.0 39319.0 
43605.0 39153.0 
46855.0 39134.0 
16515.0 41448.0 
16595.0 41053.0 
17095.0 40954.0 
17171.0 40768.0 
18092.0 40646.0 
18596.0 40337.0 
19912.0 40313.0 
51026.0 39070.0 
Remove random   Add random
push: 13 pull: 95
Final PF: 
17171.0 40768.0 
21708.0 39975.0 
24516.0 39974.0 
24592.0 39939.0 
28763.0 39632.0 
32934.0 39512.0 
43605.0 39153.0 
51026.0 39070.0 
17095.0 40954.0 
18092.0 40635.0 
18545.0 40613.0 
21342.0 40064.0 
32013.0 39573.0 
39434.0 39367.0 
25513.0 39758.0 
36184.0 39386.0 
40355.0 39279.0 
24820.0 39865.0 
46855.0 39134.0 
16515.0 41448.0 
16595.0 41053.0 
18596.0 40337.0 
19912.0 40313.0 
Remove random   Add best
push: 42 pull: 127
Final PF: 
16595.0 41053.0 
18092.0 40496.0 
18545.0 40474.0 
21342.0 40064.0 
21708.0 39975.0 
24516.0 39974.0 
24820.0 39924.0 
25513.0 39758.0 
28763.0 39632.0 
32013.0 39573.0 
36184.0 39386.0 
39434.0 39367.0 
40355.0 39279.0 
43605.0 39153.0 
46855.0 39134.0 
16515.0 41448.0 
17095.0 40954.0 
17171.0 40768.0 
18596.0 40337.0 
19912.0 40313.0 
21266.0 40310.0 
51026.0 39070.0 
54276.0 39011.0 
Remove random   Add diversity
push: 45 pull: 141
Final PF: 
18596.0 40402.0 
19912.0 40378.0 
21266.0 40377.0 
32934.0 39512.0 
18092.0 40635.0 
18545.0 40613.0 
21342.0 40064.0 
21708.0 39975.0 
24516.0 39974.0 
24820.0 39924.0 
25513.0 39758.0 
28763.0 39632.0 
32013.0 39573.0 
36184.0 39386.0 
39434.0 39367.0 
40355.0 39279.0 
43605.0 39153.0 
46855.0 39134.0 
16515.0 41448.0 
16595.0 41053.0 
17095.0 40954.0 
17171.0 40768.0 
51026.0 39070.0 
Remove worst   Add new
push: 44 pull: 125
Final PF: 
21342.0 40064.0 
21708.0 39975.0 
24516.0 39974.0 
18092.0 40496.0 
18545.0 40474.0 
18596.0 40367.0 
19912.0 40343.0 
21266.0 40342.0 
25513.0 39758.0 
32934.0 39525.0 
39434.0 39367.0 
40355.0 39279.0 
43605.0 39153.0 
46855.0 39134.0 
16515.0 41448.0 
16595.0 41053.0 
17095.0 40954.0 
17171.0 40768.0 
24592.0 39915.0 
24820.0 39884.0 
28763.0 39631.0 
32013.0 39572.0 
36184.0 39385.0 
51026.0 39070.0 
54276.0 39011.0 
Remove worst   Add random
push: 16 pull: 84
Final PF: 
16515.0 41358.0 
18545.0 40474.0 
32934.0 39512.0 
36184.0 39386.0 
43605.0 39153.0 
54276.0 39012.0 
18092.0 40496.0 
18596.0 40337.0 
19912.0 40313.0 
21266.0 40310.0 
21342.0 40064.0 
21708.0 39975.0 
24516.0 39972.0 
25513.0 39758.0 
28687.0 39755.0 
39434.0 39367.0 
17171.0 40744.0 
28763.0 39632.0 
31937.0 39629.0 
32013.0 39573.0 
40355.0 39279.0 
46855.0 39134.0 
16595.0 41053.0 
17095.0 40954.0 
24592.0 39916.0 
24820.0 39865.0 
51026.0 39070.0 
Remove worst   Add best
push: 41 pull: 132
Final PF: 
16595.0 41053.0 
18092.0 40496.0 
18545.0 40474.0 
18596.0 40367.0 
19912.0 40343.0 
21266.0 40342.0 
21342.0 40064.0 
21708.0 39975.0 
24516.0 39974.0 
24592.0 39939.0 
24820.0 39924.0 
25513.0 39758.0 
28763.0 39632.0 
31937.0 39631.0 
32013.0 39573.0 
32934.0 39525.0 
36184.0 39386.0 
39434.0 39367.0 
40355.0 39279.0 
43605.0 39153.0 
46855.0 39134.0 
16515.0 41448.0 
17095.0 40954.0 
17171.0 40768.0 
51026.0 39070.0 
Remove worst   Add diversity
push: 26 pull: 97
Final PF: 
16515.0 41267.0 
16595.0 41035.0 
17095.0 40954.0 
17171.0 40768.0 
32934.0 39512.0 
43605.0 39153.0 
51026.0 39070.0 
18092.0 40466.0 
18545.0 40444.0 
18596.0 40337.0 
19912.0 40313.0 
21266.0 40310.0 
21342.0 40064.0 
21708.0 39975.0 
25513.0 39758.0 
28763.0 39632.0 
32013.0 39573.0 
36108.0 39511.0 
36184.0 39386.0 
39434.0 39367.0 
40355.0 39279.0 
46855.0 39134.0 
24516.0 39972.0 
24592.0 39916.0 
24820.0 39865.0 
54276.0 39012.0 
linkage migration
push: 12 pull: 59
Final PF: 
18092.0 40466.0 
18545.0 40444.0 
18596.0 40337.0 
19912.0 40313.0 
21266.0 40310.0 
21342.0 40064.0 
21708.0 39975.0 
24516.0 39974.0 
25513.0 39758.0 
27894.0 39757.0 
32013.0 39572.0 
32934.0 39512.0 
39434.0 39351.0 
40355.0 39279.0 
46855.0 39118.0 
16023.0 44886.0 
16290.0 43705.0 
16495.0 43331.0 
24820.0 39889.0 
28687.0 39755.0 
28763.0 39631.0 
43605.0 39153.0 
16515.0 41267.0 
16595.0 41035.0 
17171.0 40744.0 
24592.0 39915.0 
36184.0 39386.0 
17095.0 40954.0 
51026.0 39070.0 



---------------------------------------
Quality Indicator Results: 

for each remove method 
Remove random   


 GD: 
49785.24
49375.786
49978.95
49327.931


 D1R: 
44236.558
44236.558
44236.558
44236.558
DCI: 
0.56
0.84
0.88
0.68


 IGD: 
216.196
151.44
42.628
152.698


 HV: 
0.993
1.0
0.997
0.997


Remove worst   


 GD: 
49915.694
49911.145
49280.229
50041.2


 D1R: 
44236.558
44214.441
44236.558
44236.558
DCI: 
0.5
0.762
0.393
0.833


 IGD: 
28.449
11.439
143.55
9.571


 HV: 
0.998
1.0
0.997
1.0



---------------------------------------
for each add method
Add new


 GD: 
49785.24
49915.694


 D1R: 
44236.558
44236.558
DCI: 
0.542
0.917


 IGD: 
83.378
2.609


 HV: 
0.993
1.0


Add random


 GD: 
49375.786
49911.145


 D1R: 
44236.558
44214.441
DCI: 
0.63
1.0


 IGD: 
35.133
0.0


 HV: 
0.999
1.0


Add best


 GD: 
49978.95
49280.229


 D1R: 
44236.558
44236.558
DCI: 
0.885
0.846


 IGD: 
42.366
128.559


 HV: 
0.999
1.0


Add diversity


 GD: 
49327.931
50041.2


 D1R: 
44236.558
44236.558
DCI: 
0.538
1.0


 IGD: 
37.358
0.0


 HV: 
0.995
1.0



---------------------------------------
 results for all together 

Remove nothing   Add nothing
Remove random   Add new
Remove random   Add random
Remove random   Add best
Remove random   Add diversity
Remove worst   Add new
Remove worst   Add random
Remove worst   Add best
Remove worst   Add diversity
Linkage migration


 GD: 
49183.439
49785.24
49375.786
49978.95
49327.931
49915.694
49911.145
49280.229
50041.2
48928.905


 D1R: 
44236.558
44236.558
44236.558
44236.558
44236.558
44236.558
44214.441
44236.558
44236.558
44214.441
DCI: 
0.167
0.25
0.406
0.406
0.313
0.375
0.604
0.281
0.667
0.833


 IGD: 
486.688
454.755
405.221
321.43
405.793
291.593
282.447
392.302
291.959
109.963


 HV: 
0.993
0.995
0.998
0.997
0.996
0.997
0.998
0.997
0.998
1.0


---------------------------------------
 actions for all together 

57 0
54 154
13 95
42 127
45 141
44 125
16 84
41 132
26 97
12 59

