seeds 1013 factoryScale7 numberOfIslands5 numberOfReplacement1 notImprovedInARow 3

remove and add nothing
push: 57 pull: 0
Final PF: 
16515.0 42662.0 
16571.0 41718.0 
16595.0 41144.0 
17171.0 40768.0 
21342.0 40104.0 
21657.0 40082.0 
21708.0 40015.0 
24592.0 39934.0 
28763.0 39671.0 
32013.0 39613.0 
36184.0 39438.0 
43605.0 39411.0 
16494.0 43627.0 
28687.0 39755.0 
31937.0 39653.0 
18596.0 40337.0 
19912.0 40313.0 
21266.0 40310.0 
25513.0 39758.0 
32934.0 39536.0 
18092.0 40466.0 
18545.0 40444.0 
24820.0 39924.0 
Remove random   Add new
push: 53 pull: 159
Final PF: 
16515.0 42662.0 
16571.0 41718.0 
16595.0 41144.0 
17171.0 40768.0 
21342.0 40104.0 
21657.0 40082.0 
21708.0 40015.0 
24592.0 39934.0 
28763.0 39671.0 
32013.0 39613.0 
36184.0 39438.0 
43605.0 39411.0 
16494.0 43627.0 
28687.0 39755.0 
31937.0 39653.0 
18596.0 40337.0 
19912.0 40313.0 
21266.0 40310.0 
25513.0 39758.0 
32934.0 39536.0 
18092.0 40466.0 
18545.0 40444.0 
24516.0 39972.0 
24820.0 39924.0 
Remove random   Add random
push: 17 pull: 106
Final PF: 
16595.0 41053.0 
17171.0 40768.0 
18092.0 40466.0 
18545.0 40444.0 
18596.0 40337.0 
21342.0 40104.0 
21657.0 40082.0 
24592.0 39934.0 
24820.0 39905.0 
25513.0 39758.0 
28687.0 39754.0 
32013.0 39613.0 
32934.0 39536.0 
36184.0 39399.0 
24516.0 39972.0 
39434.0 39390.0 
46855.0 39308.0 
16494.0 43627.0 
27894.0 39757.0 
19912.0 40313.0 
21266.0 40310.0 
21708.0 39975.0 
28763.0 39632.0 
31937.0 39631.0 
39358.0 39396.0 
16515.0 41448.0 
Remove random   Add best
push: 45 pull: 143
Final PF: 
16595.0 41144.0 
17171.0 40768.0 
21342.0 40104.0 
21657.0 40082.0 
24592.0 39934.0 
32013.0 39613.0 
16494.0 43627.0 
18092.0 40466.0 
21266.0 40310.0 
24516.0 39972.0 
24820.0 39905.0 
31937.0 39629.0 
39434.0 39390.0 
46855.0 39285.0 
16515.0 41539.0 
17095.0 41045.0 
18596.0 40337.0 
19912.0 40313.0 
21708.0 39975.0 
25513.0 39758.0 
27894.0 39757.0 
28687.0 39754.0 
28763.0 39631.0 
32934.0 39536.0 
36184.0 39399.0 
39358.0 39396.0 
18545.0 40444.0 
Remove random   Add diversity
push: 43 pull: 135
Final PF: 
16515.0 41712.0 
16595.0 41144.0 
17171.0 40768.0 
21342.0 40104.0 
21657.0 40082.0 
21708.0 40015.0 
24592.0 39934.0 
28763.0 39671.0 
32013.0 39613.0 
36184.0 39438.0 
43605.0 39411.0 
16480.0 44021.0 
28687.0 39755.0 
16494.0 43566.0 
18596.0 40337.0 
19912.0 40313.0 
21266.0 40310.0 
25513.0 39758.0 
32934.0 39536.0 
18092.0 40466.0 
18545.0 40444.0 
24516.0 39972.0 
24820.0 39924.0 
31937.0 39629.0 
Remove worst   Add new
push: 49 pull: 145
Final PF: 
16571.0 41718.0 
16595.0 41144.0 
17171.0 40768.0 
18092.0 40466.0 
21342.0 40104.0 
21657.0 40082.0 
21708.0 40015.0 
24516.0 39972.0 
24592.0 39934.0 
28763.0 39671.0 
32013.0 39613.0 
36184.0 39438.0 
16494.0 43627.0 
28687.0 39755.0 
18596.0 40337.0 
19912.0 40313.0 
21266.0 40310.0 
25513.0 39758.0 
32934.0 39536.0 
16515.0 41875.0 
18545.0 40444.0 
24820.0 39924.0 
31937.0 39629.0 
43605.0 39344.0 
Remove worst   Add random
push: 25 pull: 97
Final PF: 
16494.0 43627.0 
16571.0 41718.0 
16595.0 41144.0 
17171.0 40768.0 
18092.0 40466.0 
18545.0 40444.0 
21266.0 40310.0 
21342.0 40104.0 
21657.0 40082.0 
24516.0 39972.0 
24592.0 39934.0 
32934.0 39536.0 
43605.0 39344.0 
18596.0 40337.0 
19912.0 40313.0 
21708.0 39975.0 
24820.0 39865.0 
25513.0 39758.0 
28763.0 39632.0 
31937.0 39629.0 
32013.0 39597.0 
39434.0 39390.0 
46855.0 39269.0 
16515.0 41875.0 
27894.0 39757.0 
28687.0 39754.0 
36184.0 39399.0 
39358.0 39396.0 
Remove worst   Add best
push: 44 pull: 139
Final PF: 
16595.0 41053.0 
17171.0 40768.0 
18092.0 40466.0 
21342.0 40104.0 
21657.0 40082.0 
24516.0 39972.0 
24592.0 39934.0 
32013.0 39613.0 
16515.0 41448.0 
17095.0 40954.0 
21266.0 40310.0 
24820.0 39905.0 
31937.0 39629.0 
39434.0 39390.0 
46855.0 39285.0 
16494.0 43627.0 
18596.0 40337.0 
19912.0 40313.0 
21708.0 39975.0 
25513.0 39758.0 
27894.0 39757.0 
28687.0 39754.0 
28763.0 39632.0 
32934.0 39536.0 
36184.0 39399.0 
39358.0 39396.0 
18545.0 40444.0 
Remove worst   Add diversity
push: 39 pull: 132
Final PF: 
16515.0 42662.0 
16571.0 41718.0 
16595.0 41144.0 
17171.0 40768.0 
18092.0 40466.0 
21266.0 40310.0 
21342.0 40104.0 
21657.0 40082.0 
21708.0 40015.0 
24516.0 39972.0 
24592.0 39934.0 
28763.0 39671.0 
32013.0 39613.0 
36184.0 39438.0 
43605.0 39411.0 
16480.0 44021.0 
28687.0 39755.0 
16494.0 43566.0 
18596.0 40337.0 
19912.0 40313.0 
25513.0 39758.0 
32934.0 39525.0 
18545.0 40444.0 
24820.0 39924.0 
31937.0 39629.0 
linkage migration
push: 12 pull: 48
Final PF: 
17095.0 40954.0 
17171.0 40768.0 
18596.0 40337.0 
19912.0 40313.0 
21266.0 40310.0 
21342.0 40064.0 
21708.0 39975.0 
25513.0 39758.0 
32013.0 39573.0 
36184.0 39386.0 
39434.0 39327.0 
46855.0 39093.0 
18092.0 40466.0 
24820.0 39865.0 
28687.0 39755.0 
16494.0 43627.0 
16515.0 41267.0 
16595.0 41035.0 
18545.0 40444.0 
24516.0 39972.0 
24592.0 39915.0 
27894.0 39757.0 
36108.0 39509.0 
39358.0 39385.0 
42608.0 39326.0 
51026.0 39070.0 
54276.0 39011.0 
28763.0 39631.0 
31937.0 39629.0 
32934.0 39512.0 
43529.0 39276.0 
43605.0 39153.0 
46779.0 39150.0 
50029.0 39090.0 



---------------------------------------
Quality Indicator Results: 

for each remove method 
Remove random   


 GD: 
47409.626
48229.733
48095.834
47457.779


 D1R: 
44236.558
44236.558
44236.558
44236.558
DCI: 
0.488
0.81
0.857
0.595


 IGD: 
419.368
27.446
22.759
401.833


 HV: 
0.994
1.0
1.0
0.994


Remove worst   


 GD: 
47376.434
48500.04
48086.497
47390.06


 D1R: 
44236.558
44236.558
44236.558
44236.558
DCI: 
0.471
0.793
0.759
0.54


 IGD: 
403.325
35.653
130.648
389.635


 HV: 
0.995
1.0
0.999
0.994



---------------------------------------
for each add method
Add new


 GD: 
47409.626
47376.434


 D1R: 
44236.558
44236.558
DCI: 
0.875
1.0


 IGD: 
7.945
2.792


 HV: 
1.0
1.0


Add random


 GD: 
48229.733
48500.04


 D1R: 
44236.558
44236.558
DCI: 
0.815
0.926


 IGD: 
122.526
15.028


 HV: 
0.999
1.0


Add best


 GD: 
48095.834
48086.497


 D1R: 
44236.558
44236.558
DCI: 
0.889
0.988


 IGD: 
10.111
0.037


 HV: 
1.0
1.0


Add diversity


 GD: 
47457.779
47390.06


 D1R: 
44236.558
44236.558
DCI: 
0.958
0.958


 IGD: 
0.458
2.347


 HV: 
1.0
1.0



---------------------------------------
 results for all together 

Remove nothing   Add nothing
Remove random   Add new
Remove random   Add random
Remove random   Add best
Remove random   Add diversity
Remove worst   Add new
Remove worst   Add random
Remove worst   Add best
Remove worst   Add diversity
Linkage migration


 GD: 
47432.162
47409.626
48229.733
48095.834
47457.779
47376.434
48500.04
48086.497
47390.06
51076.679


 D1R: 
44236.558
44236.558
44236.558
44236.558
44236.558
44236.558
44236.558
44236.558
44236.558
44236.558
DCI: 
0.219
0.248
0.333
0.371
0.333
0.276
0.39
0.39
0.333
0.933


 IGD: 
893.642
891.143
551.352
548.308
877.048
886.326
300.08
543.992
876.724
13.419


 HV: 
0.973
0.973
0.982
0.983
0.974
0.978
0.985
0.983
0.974
1.0


---------------------------------------
 actions for all together 

57 0
53 159
17 106
45 143
43 135
49 145
25 97
44 139
39 132
12 48

