seeds 1037 factoryScale9 numberOfIslands5 numberOfReplacement1 notImprovedInARow 3

remove and add nothing
push: 58 pull: 0
Final PF: 
21708.0 39975.0 
24516.0 39972.0 
24592.0 39916.0 
24820.0 39905.0 
28763.0 39672.0 
32013.0 39613.0 
16816.0 41742.0 
16956.0 41631.0 
25513.0 39846.0 
16990.0 41461.0 
18092.0 40531.0 
18545.0 40509.0 
18596.0 40402.0 
19912.0 40378.0 
21266.0 40377.0 
21657.0 40171.0 
16515.0 43052.0 
16571.0 41943.0 
17171.0 40993.0 
21342.0 40182.0 
50105.0 39351.0 
54276.0 39245.0 
36184.0 39410.0 
Remove random   Add new
push: 52 pull: 157
Final PF: 
16290.0 52328.0 
21708.0 39975.0 
24516.0 39972.0 
24592.0 39916.0 
24820.0 39905.0 
28763.0 39632.0 
32013.0 39613.0 
16816.0 41742.0 
16956.0 41631.0 
25513.0 39846.0 
16990.0 41461.0 
18092.0 40531.0 
18545.0 40509.0 
18596.0 40402.0 
19912.0 40378.0 
21266.0 40377.0 
21657.0 40171.0 
16515.0 42833.0 
16571.0 41785.0 
17171.0 40835.0 
21342.0 40182.0 
28687.0 39814.0 
50105.0 39351.0 
54276.0 39245.0 
36184.0 39410.0 
Remove random   Add random
push: 19 pull: 92
Final PF: 
16571.0 41943.0 
16816.0 41651.0 
16990.0 41387.0 
18596.0 40377.0 
21708.0 39975.0 
24516.0 39972.0 
24592.0 39916.0 
24820.0 39905.0 
25513.0 39846.0 
28763.0 39632.0 
32013.0 39573.0 
18092.0 40531.0 
36184.0 39386.0 
17171.0 40993.0 
18545.0 40509.0 
21342.0 40129.0 
50105.0 39351.0 
54276.0 39245.0 
16515.0 42991.0 
16956.0 41540.0 
Remove random   Add best
push: 42 pull: 139
Final PF: 
16990.0 41396.0 
17171.0 40835.0 
21708.0 39975.0 
24516.0 39972.0 
24592.0 39916.0 
24820.0 39905.0 
28763.0 39672.0 
32013.0 39613.0 
16956.0 41631.0 
16816.0 41651.0 
18092.0 40466.0 
18545.0 40444.0 
18596.0 40337.0 
19912.0 40313.0 
21266.0 40312.0 
21342.0 40088.0 
16515.0 42833.0 
16571.0 41785.0 
25513.0 39836.0 
28687.0 39833.0 
42684.0 39369.0 
50105.0 39351.0 
54276.0 39245.0 
36184.0 39410.0 
Remove random   Add diversity
push: 38 pull: 132
Final PF: 
21708.0 39975.0 
24516.0 39972.0 
24592.0 39916.0 
24820.0 39905.0 
28763.0 39632.0 
31937.0 39631.0 
32013.0 39573.0 
50105.0 39351.0 
16515.0 41531.0 
16595.0 41299.0 
17095.0 41236.0 
18092.0 40531.0 
18545.0 40509.0 
21342.0 40129.0 
17171.0 40835.0 
42684.0 39369.0 
54276.0 39245.0 
18596.0 40337.0 
19912.0 40313.0 
25513.0 39758.0 
36184.0 39386.0 
Remove worst   Add new
push: 55 pull: 150
Final PF: 
21708.0 39975.0 
24516.0 39972.0 
24592.0 39916.0 
24820.0 39905.0 
28763.0 39672.0 
32013.0 39613.0 
16816.0 41742.0 
16956.0 41631.0 
16990.0 41461.0 
18092.0 40531.0 
18545.0 40509.0 
18596.0 40402.0 
19912.0 40378.0 
21266.0 40377.0 
16515.0 42833.0 
16571.0 41785.0 
17171.0 40835.0 
21342.0 40142.0 
25513.0 39836.0 
42684.0 39369.0 
50105.0 39351.0 
54276.0 39245.0 
36184.0 39410.0 
Remove worst   Add random
push: 22 pull: 93
Final PF: 
16816.0 41742.0 
16990.0 41461.0 
17171.0 40835.0 
21708.0 39975.0 
24516.0 39972.0 
24592.0 39916.0 
24820.0 39905.0 
28763.0 39632.0 
31937.0 39631.0 
32013.0 39573.0 
42684.0 39369.0 
16571.0 41785.0 
16956.0 41570.0 
18092.0 40466.0 
19912.0 40313.0 
25513.0 39836.0 
36184.0 39410.0 
18545.0 40444.0 
21342.0 40064.0 
50105.0 39351.0 
54276.0 39245.0 
16515.0 42387.0 
18596.0 40337.0 
Remove worst   Add best
push: 49 pull: 139
Final PF: 
16990.0 41461.0 
17171.0 40835.0 
21708.0 39975.0 
24516.0 39972.0 
24592.0 39916.0 
28763.0 39672.0 
16816.0 41742.0 
16956.0 41631.0 
16515.0 42833.0 
16571.0 41785.0 
25513.0 39836.0 
42684.0 39369.0 
50105.0 39351.0 
54276.0 39245.0 
18092.0 40466.0 
18545.0 40444.0 
18596.0 40337.0 
19912.0 40313.0 
21342.0 40064.0 
24820.0 39889.0 
32013.0 39597.0 
36184.0 39410.0 
Remove worst   Add diversity
push: 29 pull: 117
Final PF: 
21708.0 39975.0 
24516.0 39972.0 
24592.0 39916.0 
28763.0 39632.0 
31937.0 39631.0 
32013.0 39573.0 
50105.0 39351.0 
16816.0 41681.0 
16956.0 41570.0 
16990.0 41396.0 
18092.0 40466.0 
18545.0 40444.0 
18596.0 40337.0 
19912.0 40313.0 
21266.0 40312.0 
21342.0 40064.0 
36184.0 39386.0 
16515.0 42991.0 
16571.0 41792.0 
17171.0 40744.0 
42684.0 39369.0 
54276.0 39245.0 
24820.0 39889.0 
25513.0 39758.0 
linkage migration
push: 16 pull: 62
Final PF: 
16023.0 44314.0 
16256.0 43963.0 
18092.0 40466.0 
18596.0 40337.0 
19912.0 40313.0 
21266.0 40310.0 
21342.0 40064.0 
21708.0 39975.0 
24516.0 39972.0 
24592.0 39916.0 
24820.0 39905.0 
25513.0 39758.0 
31937.0 39629.0 
36184.0 39386.0 
16290.0 43229.0 
18545.0 40444.0 
27894.0 39757.0 
28763.0 39631.0 
16515.0 41328.0 
16595.0 41096.0 
17095.0 41033.0 
32013.0 39572.0 
36108.0 39510.0 
39358.0 39385.0 
39434.0 39327.0 
40355.0 39303.0 
43529.0 39278.0 
17171.0 40744.0 
43605.0 39243.0 
46779.0 39219.0 
46855.0 39118.0 
51026.0 39095.0 
32934.0 39512.0 



---------------------------------------
Quality Indicator Results: 

for each remove method 
Remove random   


 GD: 
48266.446
48328.789
48491.89
48972.093


 D1R: 
44298.312
44385.611
44298.312
44298.312
DCI: 
0.391
0.391
0.609
0.783


 IGD: 
351.502
818.291
461.564
485.587


 HV: 
0.997
0.998
0.998
1.0


Remove worst   


 GD: 
48487.088
48679.369
48601.703
48561.467


 D1R: 
44298.312
44298.312
44298.312
44214.441
DCI: 
0.292
0.708
0.542
0.917


 IGD: 
58.463
24.766
51.36
25.193


 HV: 
0.992
0.996
0.994
1.0



---------------------------------------
for each add method
Add new


 GD: 
48266.446
48487.088


 D1R: 
44298.312
44298.312
DCI: 
0.88
0.88


 IGD: 
262.005
387.949


 HV: 
1.0
1.0


Add random


 GD: 
48328.789
48679.369


 D1R: 
44385.611
44298.312
DCI: 
0.522
0.826


 IGD: 
387.9
9.522


 HV: 
0.997
1.0


Add best


 GD: 
48491.89
48601.703


 D1R: 
44298.312
44298.312
DCI: 
0.875
0.833


 IGD: 
2.333
24.726


 HV: 
0.999
1.0


Add diversity


 GD: 
48972.093
48561.467


 D1R: 
44298.312
44214.441
DCI: 
0.727
0.864


 IGD: 
22.734
39.321


 HV: 
1.0
0.999



---------------------------------------
 results for all together 

Remove nothing   Add nothing
Remove random   Add new
Remove random   Add random
Remove random   Add best
Remove random   Add diversity
Remove worst   Add new
Remove worst   Add random
Remove worst   Add best
Remove worst   Add diversity
Linkage migration


 GD: 
47970.139
48266.446
48328.789
48491.89
48972.093
48487.088
48679.369
48601.703
48561.467
49984.433


 D1R: 
44385.611
44298.312
44385.611
44298.312
44298.312
44298.312
44298.312
44298.312
44214.441
44214.441
DCI: 
0.091
0.111
0.162
0.212
0.253
0.091
0.283
0.273
0.404
0.97


 IGD: 
1152.3
1164.947
1192.758
740.284
845.162
756.417
787.05
750.906
721.148
0.5


 HV: 
0.981
0.982
0.983
0.983
0.985
0.983
0.984
0.983
0.985
1.0


---------------------------------------
 actions for all together 

58 0
52 157
19 92
42 139
38 132
55 150
22 93
49 139
29 117
16 62

