seeds 1011 factoryScale8 numberOfIslands5 numberOfReplacement1 notImprovedInARow 3

remove and add nothing
push: 59 pull: 0
Final PF: 
32934.0 39512.0 
16990.0 41417.0 
17516.0 41185.0 
18016.0 41122.0 
18092.0 40496.0 
18545.0 40479.0 
18596.0 40337.0 
19912.0 40313.0 
21342.0 40064.0 
25513.0 39758.0 
16023.0 47103.0 
16495.0 45893.0 
16956.0 41540.0 
21708.0 39975.0 
24592.0 39915.0 
16816.0 41979.0 
21266.0 40310.0 
24516.0 39972.0 
28763.0 39632.0 
32013.0 39573.0 
36184.0 39410.0 
39434.0 39350.0 
40355.0 39279.0 
43605.0 39177.0 
51026.0 39071.0 
16515.0 42367.0 
16595.0 42135.0 
Remove random   Add new
push: 51 pull: 150
Final PF: 
51026.0 39071.0 
16990.0 41387.0 
17516.0 41155.0 
18016.0 41092.0 
18092.0 40466.0 
18545.0 40449.0 
18596.0 40337.0 
19912.0 40313.0 
21342.0 40064.0 
25513.0 39758.0 
16816.0 41979.0 
21266.0 40310.0 
21708.0 39975.0 
24516.0 39972.0 
28763.0 39631.0 
32013.0 39573.0 
32934.0 39511.0 
36184.0 39409.0 
39434.0 39350.0 
40355.0 39278.0 
43605.0 39152.0 
46855.0 39117.0 
16023.0 47103.0 
16495.0 45893.0 
16956.0 41540.0 
24592.0 39915.0 
16515.0 42367.0 
16595.0 42135.0 
Remove random   Add random
push: 24 pull: 112
Final PF: 
16495.0 45893.0 
16515.0 42367.0 
16595.0 42135.0 
16956.0 41540.0 
16990.0 41387.0 
18016.0 41092.0 
18092.0 40466.0 
18596.0 40337.0 
19912.0 40313.0 
21342.0 40064.0 
21708.0 39975.0 
24516.0 39972.0 
25513.0 39758.0 
28687.0 39755.0 
28763.0 39632.0 
31937.0 39629.0 
32934.0 39512.0 
17516.0 41155.0 
24592.0 39915.0 
32013.0 39573.0 
36184.0 39386.0 
51026.0 39071.0 
16816.0 41979.0 
21266.0 40310.0 
39434.0 39333.0 
40355.0 39279.0 
43605.0 39153.0 
46855.0 39117.0 
16023.0 47103.0 
18545.0 40444.0 
Remove random   Add best
push: 52 pull: 155
Final PF: 
16990.0 41417.0 
17516.0 41185.0 
18016.0 41122.0 
32934.0 39512.0 
40355.0 39279.0 
43605.0 39153.0 
51026.0 39071.0 
18092.0 40496.0 
18545.0 40479.0 
18596.0 40337.0 
19912.0 40313.0 
21342.0 40064.0 
25513.0 39758.0 
16816.0 41979.0 
21266.0 40310.0 
21708.0 39975.0 
24516.0 39972.0 
28763.0 39632.0 
32013.0 39573.0 
36184.0 39410.0 
39434.0 39350.0 
46855.0 39117.0 
16023.0 47103.0 
16495.0 45893.0 
16956.0 41540.0 
24592.0 39915.0 
16515.0 42367.0 
16595.0 42135.0 
Remove random   Add diversity
push: 29 pull: 120
Final PF: 
16023.0 45997.0 
16571.0 41785.0 
17171.0 40835.0 
32934.0 39512.0 
40355.0 39279.0 
43605.0 39153.0 
51026.0 39071.0 
16990.0 41387.0 
18092.0 40466.0 
18596.0 40337.0 
19912.0 40313.0 
21342.0 40064.0 
25513.0 39758.0 
36184.0 39386.0 
16156.0 43609.0 
21266.0 40310.0 
21708.0 39975.0 
24516.0 39972.0 
32013.0 39573.0 
46855.0 39117.0 
16816.0 41651.0 
16956.0 41540.0 
24592.0 39915.0 
27894.0 39757.0 
28763.0 39631.0 
39434.0 39333.0 
16515.0 42367.0 
18545.0 40444.0 
Remove worst   Add new
push: 48 pull: 141
Final PF: 
32934.0 39512.0 
40355.0 39279.0 
51026.0 39071.0 
16990.0 41387.0 
17516.0 41155.0 
18016.0 41092.0 
18092.0 40466.0 
18545.0 40449.0 
18596.0 40337.0 
19912.0 40313.0 
21342.0 40064.0 
21708.0 39975.0 
25513.0 39758.0 
36184.0 39386.0 
16816.0 41979.0 
21266.0 40310.0 
24516.0 39972.0 
28763.0 39631.0 
32013.0 39573.0 
39434.0 39350.0 
43605.0 39152.0 
46855.0 39117.0 
16023.0 47103.0 
16495.0 45893.0 
16956.0 41540.0 
24592.0 39915.0 
16515.0 42367.0 
16595.0 42135.0 
Remove worst   Add random
push: 22 pull: 81
Final PF: 
16515.0 41473.0 
16595.0 41241.0 
17095.0 41178.0 
18596.0 40337.0 
21266.0 40310.0 
21342.0 40064.0 
21708.0 39975.0 
24592.0 39915.0 
25513.0 39758.0 
32934.0 39512.0 
36184.0 39386.0 
39358.0 39383.0 
40355.0 39279.0 
43605.0 39152.0 
46855.0 39117.0 
51026.0 39071.0 
17516.0 41155.0 
18016.0 41092.0 
18092.0 40466.0 
18545.0 40449.0 
19912.0 40313.0 
32013.0 39573.0 
24516.0 39972.0 
28763.0 39631.0 
16495.0 45893.0 
39434.0 39334.0 
16023.0 46402.0 
Remove worst   Add best
push: 45 pull: 134
Final PF: 
16990.0 41387.0 
32934.0 39512.0 
40355.0 39279.0 
51026.0 39071.0 
17516.0 41155.0 
18016.0 41092.0 
18092.0 40466.0 
18545.0 40449.0 
18596.0 40337.0 
19912.0 40313.0 
21342.0 40064.0 
21708.0 39975.0 
25513.0 39758.0 
36184.0 39386.0 
16816.0 41979.0 
21266.0 40310.0 
24516.0 39972.0 
28763.0 39631.0 
32013.0 39573.0 
39434.0 39350.0 
43605.0 39152.0 
46855.0 39117.0 
16023.0 47103.0 
16495.0 45893.0 
16956.0 41540.0 
24592.0 39915.0 
16515.0 42367.0 
16595.0 42135.0 
Remove worst   Add diversity
push: 36 pull: 101
Final PF: 
16023.0 44685.0 
16156.0 43300.0 
16571.0 41785.0 
17171.0 40835.0 
51026.0 39071.0 
16990.0 41387.0 
18092.0 40466.0 
18596.0 40337.0 
19912.0 40313.0 
21342.0 40064.0 
21708.0 39975.0 
25513.0 39758.0 
21266.0 40310.0 
24516.0 39972.0 
28687.0 39757.0 
28763.0 39631.0 
32013.0 39573.0 
32934.0 39511.0 
36184.0 39385.0 
40355.0 39278.0 
43605.0 39152.0 
46855.0 39117.0 
16956.0 41540.0 
24592.0 39915.0 
39434.0 39334.0 
16515.0 42367.0 
18545.0 40444.0 
24820.0 39889.0 
linkage migration
push: 20 pull: 64
Final PF: 
16515.0 42177.0 
16595.0 41945.0 
18092.0 40466.0 
18545.0 40444.0 
18596.0 40337.0 
19912.0 40313.0 
21342.0 40064.0 
21708.0 39975.0 
24516.0 39972.0 
25513.0 39758.0 
28763.0 39632.0 
31937.0 39631.0 
32013.0 39573.0 
32934.0 39512.0 
36184.0 39386.0 
16990.0 41387.0 
17516.0 41155.0 
18016.0 41074.0 
21266.0 40310.0 
40355.0 39279.0 
51026.0 39071.0 
54276.0 39059.0 
24592.0 39915.0 
27894.0 39757.0 
39434.0 39340.0 
43605.0 39153.0 
46779.0 39152.0 
46855.0 39118.0 
16023.0 44542.0 
16156.0 43096.0 
16816.0 41651.0 
16956.0 41540.0 
50029.0 39115.0 
24820.0 39865.0 



---------------------------------------
Quality Indicator Results: 

for each remove method 
Remove random   


 GD: 
48932.627
49000.126
48937.669
48907.332


 D1R: 
44326.263
44326.263
44353.652
44298.312
DCI: 
0.633
0.756
0.522
0.9


 IGD: 
130.027
117.83
133.857
8.095


 HV: 
0.992
0.993
0.992
1.0


Remove worst   


 GD: 
48932.074
49377.677
48932.074
48942.829


 D1R: 
44326.263
44326.263
44326.263
44298.312
DCI: 
0.571
0.75
0.571
0.857


 IGD: 
155.419
139.101
155.419
37.944


 HV: 
0.992
0.995
0.992
1.0



---------------------------------------
for each add method
Add new


 GD: 
48932.627
48932.074


 D1R: 
44326.263
44326.263
DCI: 
0.964
0.976


 IGD: 
0.821
0.071


 HV: 
1.0
1.0


Add random


 GD: 
49000.126
49377.677


 D1R: 
44326.263
44326.263
DCI: 
0.805
0.885


 IGD: 
65.111
8.477


 HV: 
0.997
1.0


Add best


 GD: 
48937.669
48932.074


 D1R: 
44353.652
44326.263
DCI: 
0.762
1.0


 IGD: 
6.286
0.0


 HV: 
0.999
1.0


Add diversity


 GD: 
48907.332
48942.829


 D1R: 
44298.312
44298.312
DCI: 
0.851
0.92


 IGD: 
56.092
33.54


 HV: 
0.999
1.0



---------------------------------------
 results for all together 

Remove nothing   Add nothing
Remove random   Add new
Remove random   Add random
Remove random   Add best
Remove random   Add diversity
Remove worst   Add new
Remove worst   Add random
Remove worst   Add best
Remove worst   Add diversity
Linkage migration


 GD: 
48490.135
48932.627
49000.126
48937.669
48907.332
48932.074
49377.677
48932.074
48942.829
50060.41


 D1R: 
44353.652
44326.263
44326.263
44353.652
44298.312
44326.263
44326.263
44326.263
44298.312
44326.263
DCI: 
0.375
0.5
0.604
0.427
0.615
0.5
0.646
0.5
0.615
0.688


 IGD: 
312.626
203.016
191.473
206.995
128.827
202.338
187.192
202.338
107.155
55.554


 HV: 
0.991
0.992
0.992
0.992
0.999
0.992
0.995
0.992
1.0
0.999


---------------------------------------
 actions for all together 

59 0
51 150
24 112
52 155
29 120
48 141
22 81
45 134
36 101
20 64

