seeds 1006 factoryScale10 numberOfIslands5 numberOfReplacement1 notImprovedInARow 3

remove and add nothing
push: 59 pull: 0
Final PF: 
16023.0 43363.0 
16156.0 43082.0 
16571.0 41718.0 
17171.0 40768.0 
27842.0 39907.0 
35263.0 39602.0 
42608.0 39371.0 
21342.0 40129.0 
21708.0 40040.0 
28763.0 39678.0 
36184.0 39445.0 
18596.0 40432.0 
19912.0 40408.0 
21266.0 40407.0 
28687.0 39840.0 
32934.0 39614.0 
16990.0 41598.0 
18092.0 40654.0 
17095.0 41285.0 
24592.0 39915.0 
27766.0 39913.0 
27913.0 39861.0 
32013.0 39658.0 
Remove random   Add new
push: 53 pull: 155
Final PF: 
16023.0 43363.0 
16156.0 43082.0 
16571.0 41718.0 
17171.0 40768.0 
42608.0 39371.0 
18092.0 40646.0 
18596.0 40337.0 
19912.0 40313.0 
21266.0 40312.0 
21342.0 40064.0 
21708.0 39975.0 
24820.0 39865.0 
25513.0 39758.0 
28763.0 39678.0 
32013.0 39619.0 
36184.0 39445.0 
39434.0 39386.0 
46855.0 39355.0 
32934.0 39590.0 
16990.0 41598.0 
17095.0 41285.0 
24592.0 39915.0 
Remove random   Add random
push: 20 pull: 99
Final PF: 
16023.0 43363.0 
16156.0 43082.0 
16571.0 41718.0 
18545.0 40632.0 
24516.0 39974.0 
35263.0 39602.0 
42608.0 39371.0 
42684.0 39369.0 
17095.0 41285.0 
17171.0 40744.0 
21708.0 39975.0 
18092.0 40646.0 
18596.0 40337.0 
19912.0 40313.0 
21266.0 40312.0 
24592.0 39915.0 
25513.0 39758.0 
28687.0 39757.0 
28763.0 39632.0 
31937.0 39631.0 
32934.0 39614.0 
36184.0 39386.0 
39358.0 39385.0 
16515.0 41779.0 
21342.0 40128.0 
16595.0 41384.0 
32013.0 39618.0 
Remove random   Add best
push: 44 pull: 142
Final PF: 
16023.0 43363.0 
16156.0 43082.0 
16571.0 41718.0 
16990.0 41568.0 
17171.0 40768.0 
42608.0 39371.0 
42684.0 39369.0 
21342.0 40064.0 
21708.0 39975.0 
24820.0 39865.0 
28763.0 39678.0 
32013.0 39632.0 
36184.0 39445.0 
39434.0 39386.0 
18596.0 40432.0 
19912.0 40408.0 
21266.0 40407.0 
28687.0 39840.0 
32934.0 39590.0 
18092.0 40654.0 
18545.0 40632.0 
17095.0 41285.0 
24592.0 39915.0 
27913.0 39861.0 
Remove random   Add diversity
push: 27 pull: 114
Final PF: 
16571.0 41718.0 
36184.0 39445.0 
40355.0 39279.0 
16023.0 43302.0 
18596.0 40337.0 
19912.0 40313.0 
21266.0 40312.0 
21342.0 40064.0 
21708.0 39975.0 
24516.0 39974.0 
24820.0 39889.0 
25513.0 39758.0 
28687.0 39757.0 
28763.0 39632.0 
32013.0 39596.0 
32934.0 39512.0 
39434.0 39391.0 
16990.0 41598.0 
16156.0 43074.0 
16495.0 42975.0 
17095.0 41285.0 
17171.0 40744.0 
18092.0 40619.0 
18545.0 40602.0 
24592.0 39915.0 
Remove worst   Add new
push: 49 pull: 150
Final PF: 
16023.0 43363.0 
16156.0 43082.0 
16571.0 41718.0 
42608.0 39371.0 
42684.0 39369.0 
18092.0 40646.0 
18545.0 40629.0 
18596.0 40337.0 
19912.0 40313.0 
21266.0 40312.0 
21342.0 40064.0 
21708.0 39975.0 
24516.0 39974.0 
24820.0 39865.0 
25513.0 39758.0 
28763.0 39678.0 
32013.0 39619.0 
36184.0 39445.0 
39434.0 39410.0 
46855.0 39355.0 
32934.0 39590.0 
16990.0 41598.0 
17095.0 41285.0 
17171.0 40744.0 
24592.0 39915.0 
Remove worst   Add random
push: 18 pull: 98
Final PF: 
16023.0 43363.0 
16156.0 43082.0 
16571.0 41718.0 
21342.0 40064.0 
21708.0 39975.0 
24592.0 39915.0 
42608.0 39371.0 
42684.0 39369.0 
25513.0 39823.0 
28763.0 39678.0 
36184.0 39445.0 
16990.0 41488.0 
18092.0 40531.0 
18545.0 40509.0 
18596.0 40402.0 
19912.0 40378.0 
21266.0 40377.0 
28687.0 39822.0 
32934.0 39590.0 
35608.0 39574.0 
24820.0 39889.0 
32013.0 39643.0 
17095.0 41285.0 
17171.0 40744.0 
Remove worst   Add best
push: 49 pull: 148
Final PF: 
16023.0 43363.0 
16156.0 43082.0 
16571.0 41718.0 
16990.0 41568.0 
17171.0 40744.0 
42608.0 39371.0 
42684.0 39369.0 
18092.0 40624.0 
18545.0 40607.0 
21342.0 40064.0 
21708.0 39975.0 
28763.0 39678.0 
36184.0 39445.0 
18596.0 40432.0 
19912.0 40408.0 
21266.0 40407.0 
28687.0 39840.0 
32934.0 39590.0 
24820.0 39889.0 
32013.0 39643.0 
17095.0 41285.0 
24592.0 39915.0 
27913.0 39861.0 
Remove worst   Add diversity
push: 25 pull: 90
Final PF: 
16571.0 41718.0 
36184.0 39386.0 
39434.0 39327.0 
16956.0 41589.0 
17171.0 40744.0 
18092.0 40618.0 
18526.0 40596.0 
18596.0 40337.0 
19912.0 40313.0 
21266.0 40312.0 
21708.0 39975.0 
24516.0 39974.0 
25513.0 39758.0 
28687.0 39757.0 
28763.0 39632.0 
32013.0 39597.0 
32934.0 39512.0 
21342.0 40128.0 
16023.0 43152.0 
16156.0 42088.0 
16595.0 41693.0 
17095.0 41285.0 
24592.0 39915.0 
24820.0 39905.0 
31937.0 39629.0 
39358.0 39383.0 
linkage migration
push: 10 pull: 66
Final PF: 
16023.0 43302.0 
16156.0 43021.0 
16495.0 42922.0 
18092.0 40466.0 
18545.0 40444.0 
18596.0 40337.0 
32013.0 39572.0 
19912.0 40313.0 
21342.0 40064.0 
21708.0 39975.0 
24820.0 39908.0 
25513.0 39758.0 
24592.0 39915.0 
27894.0 39757.0 
28687.0 39755.0 
28763.0 39631.0 
32934.0 39512.0 
36184.0 39399.0 
39434.0 39326.0 
40355.0 39279.0 
21266.0 40310.0 
24516.0 39972.0 
50105.0 39122.0 
16515.0 41382.0 
16595.0 41168.0 
17095.0 41069.0 
17171.0 40744.0 
43605.0 39153.0 
51026.0 39070.0 



---------------------------------------
Quality Indicator Results: 

for each remove method 
Remove random   


 GD: 
48286.457
48193.41
48108.538
47431.964


 D1R: 
44236.558
44214.441
44236.558
44214.441
DCI: 
0.37
0.63
0.222
0.778


 IGD: 
62.201
174.963
228.918
405.056


 HV: 
0.99
0.994
0.985
1.0


Remove worst   


 GD: 
48476.751
47931.325
47775.105
47453.284


 D1R: 
44214.441
44214.441
44214.441
44214.441
DCI: 
0.444
0.333
0.222
0.815


 IGD: 
54.933
308.436
341.092
490.767


 HV: 
0.987
0.982
0.979
1.0



---------------------------------------
for each add method
Add new


 GD: 
48286.457
48476.751


 D1R: 
44236.558
44214.441
DCI: 
0.84
0.96


 IGD: 
19.706
0.96


 HV: 
1.0
1.0


Add random


 GD: 
48193.41
47931.325


 D1R: 
44214.441
44214.441
DCI: 
0.786
0.536


 IGD: 
32.2
150.728


 HV: 
1.0
0.989


Add best


 GD: 
48108.538
47775.105


 D1R: 
44236.558
44214.441
DCI: 
0.875
0.875


 IGD: 
3.292
133.71


 HV: 
1.0
0.997


Add diversity


 GD: 
47431.964
47453.284


 D1R: 
44214.441
44214.441
DCI: 
0.654
0.877


 IGD: 
39.039
38.587


 HV: 
0.992
1.0



---------------------------------------
 results for all together 

Remove nothing   Add nothing
Remove random   Add new
Remove random   Add random
Remove random   Add best
Remove random   Add diversity
Remove worst   Add new
Remove worst   Add random
Remove worst   Add best
Remove worst   Add diversity
Linkage migration


 GD: 
47811.602
48286.457
48193.41
48108.538
47431.964
48476.751
47931.325
47775.105
47453.284
48939.792


 D1R: 
44236.558
44236.558
44214.441
44236.558
44214.441
44214.441
44214.441
44214.441
44214.441
44214.441
DCI: 
0.033
0.233
0.256
0.133
0.322
0.267
0.133
0.133
0.444
0.8


 IGD: 
738.348
304.363
419.099
450.661
558.022
298.85
705.245
710.207
621.414
40.967


 HV: 
0.966
0.976
0.979
0.971
0.987
0.976
0.972
0.969
0.988
1.0


---------------------------------------
 actions for all together 

59 0
53 155
20 99
44 142
27 114
49 150
18 98
49 148
25 90
10 66

