seeds 1014 factoryScale7 numberOfIslands5 numberOfReplacement1 notImprovedInARow 3

remove and add nothing
push: 56 pull: 0
Final PF: 
18596.0 40367.0 
19912.0 40343.0 
21266.0 40340.0 
21708.0 40053.0 
24516.0 40039.0 
25513.0 39836.0 
28763.0 39710.0 
36184.0 39466.0 
39434.0 39340.0 
40355.0 39303.0 
43605.0 39177.0 
46855.0 39141.0 
50105.0 39082.0 
17171.0 40744.0 
21342.0 40064.0 
24592.0 39915.0 
24820.0 39908.0 
32013.0 39572.0 
35187.0 39571.0 
16515.0 41448.0 
16595.0 41053.0 
17095.0 40954.0 
18092.0 40544.0 
18545.0 40522.0 
Remove random   Add new
push: 49 pull: 145
Final PF: 
18596.0 40337.0 
19912.0 40313.0 
21266.0 40310.0 
21708.0 39975.0 
24516.0 39974.0 
25513.0 39758.0 
28763.0 39632.0 
36184.0 39386.0 
39358.0 39385.0 
32934.0 39525.0 
39434.0 39340.0 
40355.0 39303.0 
43605.0 39177.0 
46855.0 39141.0 
50105.0 39082.0 
18092.0 40531.0 
18545.0 40509.0 
17171.0 40744.0 
21342.0 40064.0 
24592.0 39915.0 
24820.0 39889.0 
32013.0 39572.0 
16515.0 41448.0 
16595.0 41053.0 
17095.0 40954.0 
Remove random   Add random
push: 19 pull: 100
Final PF: 
19912.0 40343.0 
24820.0 39908.0 
32934.0 39512.0 
36108.0 39511.0 
39434.0 39340.0 
43605.0 39177.0 
17171.0 40744.0 
21342.0 40064.0 
28687.0 39755.0 
40355.0 39303.0 
46855.0 39141.0 
50105.0 39082.0 
21708.0 40015.0 
24592.0 39915.0 
18092.0 40466.0 
32013.0 39572.0 
16515.0 41448.0 
16595.0 41053.0 
17095.0 40954.0 
18545.0 40444.0 
18596.0 40353.0 
21266.0 40310.0 
24516.0 40014.0 
25513.0 39798.0 
28763.0 39679.0 
31937.0 39636.0 
36184.0 39450.0 
43529.0 39276.0 
Remove random   Add best
push: 51 pull: 152
Final PF: 
16595.0 41053.0 
18596.0 40337.0 
19912.0 40313.0 
21266.0 40310.0 
21708.0 39975.0 
24516.0 39974.0 
25513.0 39758.0 
28763.0 39632.0 
36184.0 39386.0 
39358.0 39385.0 
32934.0 39525.0 
39434.0 39340.0 
40355.0 39303.0 
43605.0 39177.0 
46855.0 39141.0 
50105.0 39082.0 
16515.0 41267.0 
17095.0 40954.0 
17171.0 40744.0 
21342.0 40064.0 
24592.0 39915.0 
24820.0 39908.0 
32013.0 39572.0 
18092.0 40544.0 
18545.0 40522.0 
Remove random   Add diversity
push: 36 pull: 127
Final PF: 
32934.0 39512.0 
36108.0 39511.0 
40355.0 39303.0 
21708.0 39975.0 
25513.0 39758.0 
28687.0 39755.0 
28763.0 39631.0 
36184.0 39423.0 
39434.0 39340.0 
43605.0 39177.0 
46855.0 39141.0 
50105.0 39082.0 
18092.0 40466.0 
18545.0 40444.0 
18596.0 40337.0 
19912.0 40313.0 
21342.0 40064.0 
17171.0 40744.0 
24592.0 39915.0 
24820.0 39908.0 
32013.0 39572.0 
16515.0 41448.0 
16595.0 41053.0 
17095.0 40954.0 
21266.0 40310.0 
Remove worst   Add new
push: 45 pull: 139
Final PF: 
18596.0 40337.0 
19912.0 40313.0 
21266.0 40310.0 
21708.0 39975.0 
24516.0 39974.0 
25513.0 39758.0 
36184.0 39386.0 
39358.0 39385.0 
28763.0 39631.0 
32934.0 39525.0 
39434.0 39340.0 
40355.0 39303.0 
43605.0 39177.0 
46855.0 39141.0 
50105.0 39082.0 
16290.0 47781.0 
17171.0 40744.0 
21342.0 40064.0 
24592.0 39915.0 
24820.0 39889.0 
32013.0 39572.0 
16515.0 41448.0 
16595.0 41053.0 
17095.0 40954.0 
18092.0 40466.0 
18545.0 40444.0 
Remove worst   Add random
push: 16 pull: 88
Final PF: 
16595.0 41035.0 
17095.0 40954.0 
18092.0 40466.0 
18596.0 40337.0 
19912.0 40313.0 
21266.0 40310.0 
21708.0 39975.0 
24516.0 39974.0 
25513.0 39758.0 
28687.0 39755.0 
36184.0 39386.0 
39358.0 39385.0 
39434.0 39340.0 
43605.0 39177.0 
46855.0 39141.0 
16515.0 41267.0 
24820.0 39889.0 
28763.0 39631.0 
32013.0 39572.0 
32934.0 39525.0 
40355.0 39303.0 
50105.0 39082.0 
24592.0 39915.0 
17171.0 40744.0 
21342.0 40064.0 
31937.0 39630.0 
18545.0 40444.0 
36108.0 39509.0 
Remove worst   Add best
push: 46 pull: 140
Final PF: 
16595.0 41053.0 
18596.0 40337.0 
19912.0 40313.0 
21266.0 40310.0 
21708.0 39975.0 
24516.0 39974.0 
25513.0 39758.0 
36184.0 39386.0 
39358.0 39385.0 
28763.0 39631.0 
32934.0 39525.0 
39434.0 39340.0 
40355.0 39303.0 
43605.0 39177.0 
46855.0 39141.0 
50105.0 39082.0 
16515.0 41267.0 
17095.0 40954.0 
17171.0 40744.0 
21342.0 40064.0 
24592.0 39915.0 
24820.0 39889.0 
32013.0 39572.0 
18092.0 40466.0 
18545.0 40444.0 
Remove worst   Add diversity
push: 32 pull: 113
Final PF: 
16595.0 41035.0 
18596.0 40337.0 
19912.0 40313.0 
21266.0 40310.0 
21708.0 39975.0 
25513.0 39758.0 
28763.0 39632.0 
31937.0 39631.0 
36184.0 39386.0 
39358.0 39385.0 
50105.0 39082.0 
39434.0 39340.0 
40355.0 39279.0 
43605.0 39153.0 
46855.0 39094.0 
18092.0 40466.0 
18545.0 40444.0 
21342.0 40064.0 
32934.0 39512.0 
17171.0 40744.0 
24592.0 39915.0 
24820.0 39889.0 
32013.0 39572.0 
16515.0 41448.0 
17095.0 40954.0 
24516.0 39972.0 
28687.0 39755.0 
36108.0 39509.0 
linkage migration
push: 13 pull: 78
Final PF: 
16515.0 41267.0 
16595.0 41035.0 
17095.0 40954.0 
18596.0 40337.0 
19912.0 40313.0 
21266.0 40310.0 
21708.0 39975.0 
24820.0 39865.0 
25513.0 39758.0 
31937.0 39629.0 
32934.0 39512.0 
36184.0 39386.0 
39434.0 39340.0 
16494.0 44324.0 
21342.0 40064.0 
24516.0 39972.0 
24592.0 39915.0 
27894.0 39757.0 
43605.0 39153.0 
46855.0 39141.0 
50105.0 39082.0 
18092.0 40466.0 
18545.0 40444.0 
28763.0 39631.0 
36108.0 39511.0 
40355.0 39279.0 
17171.0 40744.0 
28687.0 39755.0 
32013.0 39572.0 
46779.0 39152.0 



---------------------------------------
Quality Indicator Results: 

for each remove method 
Remove random   


 GD: 
49439.707
49732.516
49434.576
49435.338


 D1R: 
44214.441
44214.441
44214.441
44214.441
DCI: 
0.738
0.643
0.738
0.786


 IGD: 
26.453
20.226
21.596
19.512


 HV: 
1.0
0.99
1.0
0.999


Remove worst   


 GD: 
49475.192
49611.913
49428.213
49615.309


 D1R: 
44214.441
44214.441
44214.441
44214.441
DCI: 
0.655
0.793
0.655
0.908


 IGD: 
23.953
228.548
242.466
224.827


 HV: 
0.999
0.999
0.999
1.0



---------------------------------------
for each add method
Add new


 GD: 
49439.707
49475.192


 D1R: 
44214.441
44214.441
DCI: 
0.872
1.0


 IGD: 
248.769
0.0


 HV: 
1.0
1.0


Add random


 GD: 
49732.516
49611.913


 D1R: 
44214.441
44214.441
DCI: 
0.552
0.931


 IGD: 
20.425
4.752


 HV: 
0.989
1.0


Add best


 GD: 
49434.576
49428.213


 D1R: 
44214.441
44214.441
DCI: 
0.867
1.0


 IGD: 
7.04
0.0


 HV: 
0.999
1.0


Add diversity


 GD: 
49435.338
49615.309


 D1R: 
44214.441
44214.441
DCI: 
0.667
0.988


 IGD: 
13.123
0.037


 HV: 
0.993
1.0



---------------------------------------
 results for all together 

Remove nothing   Add nothing
Remove random   Add new
Remove random   Add random
Remove random   Add best
Remove random   Add diversity
Remove worst   Add new
Remove worst   Add random
Remove worst   Add best
Remove worst   Add diversity
Linkage migration


 GD: 
49260.422
49439.707
49732.516
49434.576
49435.338
49475.192
49611.913
49428.213
49615.309
49675.026


 D1R: 
44214.441
44214.441
44214.441
44214.441
44214.441
44214.441
44214.441
44214.441
44214.441
44214.441
DCI: 
0.212
0.444
0.394
0.475
0.515
0.545
0.657
0.545
0.747
0.848


 IGD: 
379.753
337.6
327.188
344.445
329.151
141.63
324.381
339.141
316.796
113.483


 HV: 
0.994
0.999
0.996
0.999
0.998
0.999
0.999
0.999
1.0
1.0


---------------------------------------
 actions for all together 

56 0
49 145
19 100
51 152
36 127
45 139
16 88
46 140
32 113
13 78

