seeds 1010 factoryScale7 numberOfIslands5 numberOfReplacement1 notImprovedInARow 3

remove and add nothing
push: 60 pull: 0
Final PF: 
18092.0 40466.0 
18545.0 40444.0 
18596.0 40337.0 
19912.0 40313.0 
21266.0 40310.0 
21342.0 40186.0 
21708.0 39975.0 
24516.0 39972.0 
24592.0 39939.0 
24820.0 39884.0 
25513.0 39758.0 
28763.0 39631.0 
32013.0 39572.0 
32934.0 39532.0 
36184.0 39399.0 
39434.0 39367.0 
17171.0 40744.0 
46855.0 39362.0 
50105.0 39319.0 
16023.0 43063.0 
16156.0 41999.0 
16515.0 41539.0 
16595.0 41144.0 
17095.0 41045.0 
Remove random   Add new
push: 52 pull: 156
Final PF: 
18092.0 40466.0 
18545.0 40444.0 
18596.0 40337.0 
19912.0 40313.0 
21266.0 40310.0 
21708.0 39975.0 
24516.0 39972.0 
25513.0 39758.0 
28763.0 39631.0 
32013.0 39572.0 
32934.0 39532.0 
36184.0 39399.0 
39434.0 39367.0 
17171.0 40744.0 
24592.0 39915.0 
24820.0 39865.0 
21342.0 40064.0 
46855.0 39244.0 
16023.0 43063.0 
16156.0 41999.0 
16515.0 41539.0 
16595.0 41144.0 
17095.0 41045.0 
Remove random   Add random
push: 17 pull: 102
Final PF: 
16023.0 42996.0 
16156.0 41932.0 
16515.0 41448.0 
16595.0 41053.0 
17095.0 40954.0 
17171.0 40744.0 
18092.0 40466.0 
18545.0 40444.0 
18596.0 40337.0 
19912.0 40313.0 
21266.0 40310.0 
21342.0 40064.0 
21708.0 39975.0 
24516.0 39972.0 
24820.0 39884.0 
25513.0 39758.0 
28687.0 39757.0 
28763.0 39631.0 
32013.0 39572.0 
32934.0 39532.0 
36184.0 39399.0 
39434.0 39367.0 
50105.0 39319.0 
24592.0 39916.0 
46855.0 39362.0 
Remove random   Add best
push: 47 pull: 148
Final PF: 
16595.0 41144.0 
17171.0 40744.0 
18092.0 40466.0 
18545.0 40444.0 
18596.0 40337.0 
19912.0 40313.0 
21266.0 40310.0 
21342.0 40088.0 
21708.0 39975.0 
24516.0 39972.0 
24592.0 39939.0 
24820.0 39884.0 
25513.0 39758.0 
28763.0 39631.0 
32013.0 39572.0 
32934.0 39532.0 
36184.0 39399.0 
39434.0 39367.0 
16023.0 42442.0 
46855.0 39362.0 
50105.0 39319.0 
16156.0 41932.0 
16515.0 41539.0 
17095.0 41045.0 
Remove random   Add diversity
push: 38 pull: 134
Final PF: 
18092.0 40466.0 
18545.0 40444.0 
18596.0 40337.0 
19912.0 40313.0 
21266.0 40310.0 
21342.0 40088.0 
21708.0 39975.0 
24516.0 39972.0 
25513.0 39758.0 
28763.0 39631.0 
32013.0 39572.0 
32934.0 39532.0 
36184.0 39399.0 
39434.0 39327.0 
50105.0 39319.0 
16023.0 42442.0 
17171.0 40744.0 
24592.0 39915.0 
24820.0 39865.0 
16156.0 41932.0 
16515.0 41539.0 
16595.0 41144.0 
17095.0 41045.0 
Remove worst   Add new
push: 49 pull: 145
Final PF: 
18092.0 40466.0 
18545.0 40444.0 
18596.0 40337.0 
19912.0 40313.0 
21266.0 40310.0 
21708.0 39975.0 
24516.0 39972.0 
25513.0 39758.0 
28763.0 39631.0 
32013.0 39572.0 
32934.0 39532.0 
17171.0 40744.0 
24592.0 39915.0 
24820.0 39865.0 
21342.0 40064.0 
27894.0 39757.0 
36184.0 39385.0 
39434.0 39326.0 
46855.0 39244.0 
16023.0 42996.0 
16156.0 41932.0 
16515.0 41539.0 
16595.0 41144.0 
17095.0 41045.0 
Remove worst   Add random
push: 16 pull: 92
Final PF: 
16023.0 42996.0 
16156.0 41932.0 
17171.0 40744.0 
18092.0 40466.0 
18545.0 40444.0 
18596.0 40337.0 
19912.0 40313.0 
21266.0 40310.0 
21342.0 40064.0 
21708.0 39975.0 
24516.0 39972.0 
24820.0 39865.0 
25513.0 39758.0 
28763.0 39631.0 
32013.0 39572.0 
17095.0 40954.0 
24592.0 39915.0 
39434.0 39326.0 
27894.0 39757.0 
36184.0 39385.0 
46855.0 39244.0 
32934.0 39519.0 
40355.0 39303.0 
16515.0 41448.0 
16595.0 41053.0 
Remove worst   Add best
push: 42 pull: 135
Final PF: 
16595.0 41144.0 
17171.0 40744.0 
18092.0 40466.0 
18545.0 40444.0 
18596.0 40337.0 
19912.0 40313.0 
21266.0 40310.0 
21342.0 40064.0 
21708.0 39975.0 
24516.0 39972.0 
25513.0 39758.0 
28763.0 39631.0 
32013.0 39572.0 
32934.0 39532.0 
24592.0 39915.0 
24820.0 39865.0 
27894.0 39757.0 
36184.0 39385.0 
39434.0 39326.0 
46855.0 39244.0 
16023.0 42996.0 
16156.0 41932.0 
16515.0 41539.0 
17095.0 41045.0 
Remove worst   Add diversity
push: 31 pull: 113
Final PF: 
16156.0 41932.0 
18092.0 40466.0 
18545.0 40444.0 
18596.0 40337.0 
19912.0 40313.0 
21266.0 40310.0 
21342.0 40064.0 
21708.0 39975.0 
24516.0 39972.0 
25513.0 39758.0 
28763.0 39631.0 
32013.0 39572.0 
32934.0 39525.0 
40355.0 39303.0 
17171.0 40744.0 
24592.0 39915.0 
24820.0 39865.0 
27894.0 39757.0 
36184.0 39385.0 
39434.0 39326.0 
46855.0 39244.0 
16515.0 41539.0 
16595.0 41144.0 
17095.0 41045.0 
16023.0 42996.0 
linkage migration
push: 15 pull: 79
Final PF: 
18092.0 40466.0 
18545.0 40444.0 
18596.0 40337.0 
19912.0 40313.0 
21266.0 40310.0 
21342.0 40064.0 
21708.0 39975.0 
24516.0 39972.0 
24820.0 39865.0 
25513.0 39758.0 
28763.0 39631.0 
32013.0 39572.0 
17171.0 40744.0 
24592.0 39915.0 
16515.0 41267.0 
16595.0 41035.0 
17095.0 40954.0 
27894.0 39757.0 
28687.0 39756.0 
32934.0 39512.0 
39434.0 39340.0 
40355.0 39279.0 
43605.0 39153.0 
46855.0 39094.0 
50029.0 39093.0 
16023.0 42375.0 
16156.0 41932.0 
36184.0 39386.0 



---------------------------------------
Quality Indicator Results: 

for each remove method 
Remove random   


 GD: 
47520.681
48216.28
48173.159
47604.199


 D1R: 
44214.441
44214.441
44214.441
44214.441
DCI: 
0.708
0.819
0.625
0.75


 IGD: 
41.237
29.377
26.881
153.959


 HV: 
0.999
0.996
0.996
1.0


Remove worst   


 GD: 
47557.394
47897.847
47557.394
47908.148


 D1R: 
44214.441
44214.441
44214.441
44214.441
DCI: 
0.8
1.0
0.8
0.84


 IGD: 
48.291
0.0
48.291
11.16


 HV: 
0.997
1.0
0.997
0.999



---------------------------------------
for each add method
Add new


 GD: 
47520.681
47557.394


 D1R: 
44214.441
44214.441
DCI: 
0.792
1.0


 IGD: 
44.462
0.0


 HV: 
0.996
1.0


Add random


 GD: 
48216.28
47897.847


 D1R: 
44214.441
44214.441
DCI: 
0.707
1.0


 IGD: 
75.176
0.0


 HV: 
0.992
1.0


Add best


 GD: 
48173.159
47557.394


 D1R: 
44214.441
44214.441
DCI: 
0.708
0.958


 IGD: 
41.67
157.413


 HV: 
0.994
1.0


Add diversity


 GD: 
47604.199
47908.148


 D1R: 
44214.441
44214.441
DCI: 
0.747
0.96


 IGD: 
76.892
21.961


 HV: 
0.996
1.0



---------------------------------------
 results for all together 

Remove nothing   Add nothing
Remove random   Add new
Remove random   Add random
Remove random   Add best
Remove random   Add diversity
Remove worst   Add new
Remove worst   Add random
Remove worst   Add best
Remove worst   Add diversity
Linkage migration


 GD: 
48203.599
47520.681
48216.28
48173.159
47604.199
47557.394
47897.847
47557.394
47908.148
48846.159


 D1R: 
44214.441
44214.441
44214.441
44214.441
44214.441
44214.441
44214.441
44214.441
44214.441
44214.441
DCI: 
0.393
0.5
0.548
0.429
0.524
0.643
0.679
0.643
0.643
0.952


 IGD: 
241.735
231.052
222.239
223.334
364.88
196.26
157.041
196.26
162.734
0.556


 HV: 
0.981
0.984
0.982
0.982
0.986
0.988
0.99
0.988
0.989
1.0


---------------------------------------
 actions for all together 

60 0
52 156
17 102
47 148
38 134
49 145
16 92
42 135
31 113
15 79

