seeds 1038 factoryScale7 numberOfIslands5 numberOfReplacement1 notImprovedInARow 3

remove and add nothing
push: 46 pull: 0
Final PF: 
19505.0 262118.0 
20238.0 260591.0 
20766.0 253425.0 
20857.0 253240.0 
21342.0 248319.0 
21708.0 247045.0 
22263.0 246277.0 
22461.0 246239.0 
23931.0 246129.0 
24516.0 245619.0 
24750.0 245259.0 
25513.0 244995.0 
27062.0 244851.0 
28763.0 243589.0 
36184.0 243313.0 
Remove random   Add new
push: 25 pull: 71
Final PF: 
22136.0 246751.0 
19505.0 262118.0 
20238.0 258656.0 
20742.0 253141.0 
20766.0 249497.0 
21342.0 247588.0 
21708.0 246752.0 
22263.0 245623.0 
22461.0 244950.0 
23316.0 244779.0 
23817.0 244705.0 
24750.0 244641.0 
27843.0 244481.0 
27913.0 244249.0 
28763.0 243589.0 
36184.0 243243.0 
Remove random   Add random
push: 10 pull: 62
Final PF: 
22102.0 246371.0 
19505.0 262118.0 
20766.0 248890.0 
20838.0 248021.0 
21342.0 247345.0 
21708.0 246397.0 
23817.0 244705.0 
20066.0 250967.0 
19471.0 264940.0 
24750.0 244429.0 
22263.0 244738.0 
25513.0 243997.0 
28763.0 243146.0 
36184.0 242870.0 
Remove random   Add best
push: 16 pull: 68
Final PF: 
20838.0 245744.0 
22461.0 244950.0 
19146.0 262319.0 
19505.0 256500.0 
20166.0 252221.0 
20742.0 251637.0 
20766.0 248109.0 
21638.0 245503.0 
20787.0 247816.0 
20066.0 255507.0 
22263.0 245498.0 
23316.0 244779.0 
23817.0 244705.0 
24750.0 244641.0 
27843.0 244481.0 
27913.0 244249.0 
28763.0 243589.0 
36184.0 243039.0 
Remove random   Add diversity
push: 15 pull: 52
Final PF: 
19471.0 264940.0 
19505.0 257070.0 
20166.0 256727.0 
20742.0 254552.0 
20766.0 249517.0 
21342.0 246270.0 
43605.0 243120.0 
22263.0 244580.0 
24750.0 244323.0 
28763.0 243538.0 
31937.0 243341.0 
36184.0 243168.0 
Remove worst   Add new
push: 29 pull: 84
Final PF: 
19505.0 262118.0 
20238.0 258656.0 
20766.0 248048.0 
20838.0 247175.0 
21342.0 245404.0 
21638.0 244902.0 
21708.0 244599.0 
23950.0 244331.0 
24750.0 244063.0 
28187.0 243669.0 
28763.0 243481.0 
31937.0 242894.0 
Remove worst   Add random
push: 9 pull: 51
Final PF: 
21342.0 247270.0 
22263.0 245241.0 
23950.0 244984.0 
24592.0 244601.0 
20066.0 256770.0 
20857.0 248266.0 
21708.0 246410.0 
22461.0 245147.0 
27487.0 244197.0 
28187.0 243918.0 
28763.0 243042.0 
31937.0 242894.0 
19505.0 257998.0 
20742.0 254302.0 
20766.0 250608.0 
36184.0 242720.0 
Remove worst   Add best
push: 33 pull: 98
Final PF: 
21657.0 245375.0 
22263.0 245241.0 
19505.0 262118.0 
20238.0 260591.0 
20742.0 256157.0 
20766.0 250435.0 
20838.0 250208.0 
21342.0 246402.0 
24016.0 245005.0 
22461.0 245147.0 
24750.0 244855.0 
25437.0 244655.0 
28763.0 243481.0 
31937.0 242894.0 
Remove worst   Add diversity
push: 18 pull: 56
Final PF: 
31937.0 242894.0 
19505.0 260051.0 
20166.0 259321.0 
20766.0 250385.0 
20838.0 249138.0 
21342.0 247492.0 
21689.0 246518.0 
21708.0 244752.0 
24016.0 244737.0 
19471.0 265267.0 
28687.0 243801.0 
24750.0 244170.0 
25417.0 244073.0 
28763.0 243047.0 
linkage migration
push: 15 pull: 58
Final PF: 
22263.0 244008.0 
25513.0 241919.0 
19505.0 262118.0 
20238.0 260591.0 
20766.0 253345.0 
20857.0 253240.0 
21342.0 246484.0 
21657.0 246467.0 
24801.0 243369.0 
31937.0 239436.0 
24516.0 243738.0 
27913.0 240089.0 
41611.0 239293.0 



---------------------------------------
Quality Indicator Results: 

for each remove method 
Remove random   


 GD: 
248996.124
249635.608
249212.837
250718.119


 D1R: 
245281.29
244841.352
245281.29
245230.642
DCI: 
0.0
0.333
0.5
0.167


 IGD: 
851.126
712.191
274.989
911.845


 HV: 
0.969
1.0
0.997
0.987


Remove worst   


 GD: 
248606.064
248650.585
249862.398
250117.807


 D1R: 
244984.626
244738.072
244984.626
244743.037
DCI: 
0.6
0.4
0.067
0.133


 IGD: 
1006.711
798.392
1275.564
1046.813


 HV: 
1.0
1.0
0.977
0.999



---------------------------------------
for each add method
Add new


 GD: 
248996.124
248606.064


 D1R: 
245281.29
244984.626
DCI: 
0.231
0.923


 IGD: 
435.006
719.567


 HV: 
0.966
1.0


Add random


 GD: 
249635.608
248650.585


 D1R: 
244841.352
244738.072
DCI: 
0.588
0.412


 IGD: 
510.573
662.498


 HV: 
1.0
0.991


Add best


 GD: 
249212.837
249862.398


 D1R: 
245281.29
244984.626
DCI: 
0.789
0.211


 IGD: 
26.021
960.975


 HV: 
1.0
0.968


Add diversity


 GD: 
250718.119
250117.807


 D1R: 
245230.642
244743.037
DCI: 
0.5
0.5


 IGD: 
199.761
832.88


 HV: 
0.994
1.0



---------------------------------------
 results for all together 

Remove nothing   Add nothing
Remove random   Add new
Remove random   Add random
Remove random   Add best
Remove random   Add diversity
Remove worst   Add new
Remove worst   Add random
Remove worst   Add best
Remove worst   Add diversity
Linkage migration


 GD: 
249928.651
248996.124
249635.608
249212.837
250718.119
248606.064
248650.585
249862.398
250117.807
248566.11


 D1R: 
245281.29
245281.29
244841.352
245281.29
245230.642
244984.626
244738.072
244984.626
244743.037
241556.557
DCI: 
0.0
0.0
0.062
0.25
0.0
0.25
0.0
0.0
0.0
0.438


 IGD: 
2070.261
1627.429
1477.847
1172.052
1528.166
1177.933
1511.073
1443.826
1378.517
880.159


 HV: 
0.862
0.878
0.906
0.903
0.894
0.9
0.903
0.887
0.9
1.0


---------------------------------------
 actions for all together 

46 0
25 71
10 62
16 68
15 52
29 84
9 51
33 98
18 56
15 58

