seeds 1028 factoryScale2 numberOfIslands5 numberOfReplacement1 notImprovedInARow 3

remove and add nothing
push: 57 pull: 0
Final PF: 
16816.0 41651.0 
16956.0 41540.0 
16990.0 41387.0 
17516.0 41155.0 
18016.0 41092.0 
21342.0 40064.0 
16290.0 43465.0 
16023.0 44220.0 
25513.0 39804.0 
28763.0 39715.0 
32013.0 39670.0 
32934.0 39536.0 
36184.0 39466.0 
43605.0 39317.0 
16571.0 42709.0 
18092.0 40496.0 
18545.0 40474.0 
18596.0 40337.0 
21266.0 40312.0 
21708.0 39999.0 
24516.0 39974.0 
24592.0 39940.0 
Remove random   Add new
push: 50 pull: 143
Final PF: 
16816.0 41651.0 
16956.0 41540.0 
16990.0 41387.0 
17516.0 41155.0 
21342.0 40064.0 
16290.0 43465.0 
18092.0 40466.0 
18596.0 40337.0 
19912.0 40313.0 
21708.0 39975.0 
28763.0 39632.0 
32013.0 39597.0 
40355.0 39367.0 
16023.0 44220.0 
18016.0 41074.0 
18545.0 40444.0 
21266.0 40310.0 
24516.0 39972.0 
24592.0 39916.0 
25513.0 39758.0 
32934.0 39512.0 
36184.0 39386.0 
43605.0 39153.0 
46855.0 39117.0 
16571.0 42709.0 
Remove random   Add random
push: 20 pull: 82
Final PF: 
16816.0 41651.0 
16956.0 41540.0 
16990.0 41387.0 
17516.0 41155.0 
18545.0 40449.0 
21342.0 40064.0 
21708.0 39975.0 
24516.0 39974.0 
25513.0 39758.0 
28763.0 39632.0 
31937.0 39629.0 
32013.0 39596.0 
36184.0 39439.0 
18092.0 40466.0 
18596.0 40337.0 
19912.0 40313.0 
21266.0 40312.0 
24592.0 39939.0 
39434.0 39431.0 
40355.0 39367.0 
18016.0 41083.0 
43605.0 39317.0 
16023.0 42410.0 
16595.0 42178.0 
32934.0 39536.0 
Remove random   Add best
push: 48 pull: 143
Final PF: 
16816.0 41651.0 
16956.0 41540.0 
16990.0 41387.0 
17516.0 41155.0 
21342.0 40064.0 
16290.0 43465.0 
16023.0 44220.0 
18016.0 41074.0 
18092.0 40466.0 
18545.0 40444.0 
18596.0 40337.0 
19912.0 40313.0 
21266.0 40312.0 
21708.0 39975.0 
25513.0 39758.0 
28763.0 39632.0 
32934.0 39512.0 
36184.0 39466.0 
42684.0 39291.0 
16571.0 42709.0 
24516.0 39974.0 
24592.0 39940.0 
Remove random   Add diversity
push: 32 pull: 107
Final PF: 
16156.0 42575.0 
16816.0 41651.0 
16956.0 41540.0 
16990.0 41387.0 
17516.0 41155.0 
19912.0 40313.0 
21342.0 40064.0 
21708.0 39975.0 
24516.0 39974.0 
25513.0 39758.0 
40355.0 39367.0 
18596.0 40337.0 
24592.0 39915.0 
28763.0 39631.0 
32013.0 39572.0 
32934.0 39512.0 
36108.0 39509.0 
36184.0 39386.0 
47776.0 39196.0 
51026.0 39159.0 
54200.0 39158.0 
16023.0 43018.0 
18016.0 41083.0 
18092.0 40466.0 
18545.0 40444.0 
21266.0 40310.0 
16515.0 42207.0 
16595.0 41975.0 
43605.0 39304.0 
Remove worst   Add new
push: 44 pull: 117
Final PF: 
16290.0 43465.0 
21342.0 40064.0 
24592.0 39915.0 
32013.0 39572.0 
40355.0 39367.0 
16816.0 41651.0 
16956.0 41540.0 
16990.0 41387.0 
17516.0 41155.0 
16023.0 44220.0 
18016.0 41074.0 
18092.0 40466.0 
18545.0 40444.0 
18596.0 40337.0 
19912.0 40313.0 
21266.0 40310.0 
21708.0 39975.0 
24516.0 39972.0 
25513.0 39758.0 
28763.0 39632.0 
32934.0 39512.0 
36184.0 39386.0 
43605.0 39317.0 
46855.0 39117.0 
16571.0 42709.0 
Remove worst   Add random
push: 16 pull: 93
Final PF: 
16816.0 41651.0 
16956.0 41540.0 
16990.0 41387.0 
17516.0 41155.0 
18092.0 40466.0 
19912.0 40313.0 
21342.0 40064.0 
21708.0 39975.0 
24516.0 39972.0 
24592.0 39916.0 
25513.0 39758.0 
28763.0 39632.0 
31937.0 39629.0 
16290.0 43465.0 
39434.0 39339.0 
43605.0 39219.0 
46855.0 39117.0 
18016.0 41074.0 
18545.0 40444.0 
18596.0 40337.0 
21266.0 40310.0 
24820.0 39889.0 
27894.0 39757.0 
32013.0 39573.0 
32934.0 39512.0 
36184.0 39386.0 
16023.0 43818.0 
16571.0 42709.0 
Remove worst   Add best
push: 43 pull: 117
Final PF: 
16816.0 41651.0 
16956.0 41540.0 
16990.0 41387.0 
17516.0 41155.0 
21342.0 40064.0 
16290.0 43465.0 
24592.0 39915.0 
32013.0 39572.0 
40355.0 39367.0 
16023.0 44220.0 
18016.0 41074.0 
18092.0 40466.0 
18545.0 40444.0 
18596.0 40337.0 
19912.0 40313.0 
21266.0 40310.0 
21708.0 39975.0 
24516.0 39972.0 
25513.0 39758.0 
28763.0 39632.0 
32934.0 39512.0 
36184.0 39386.0 
43605.0 39317.0 
46855.0 39117.0 
16571.0 42709.0 
Remove worst   Add diversity
push: 28 pull: 107
Final PF: 
16816.0 41651.0 
16956.0 41540.0 
16990.0 41387.0 
17516.0 41155.0 
19912.0 40313.0 
21266.0 40310.0 
21342.0 40064.0 
21708.0 39975.0 
32013.0 39596.0 
36184.0 39439.0 
39358.0 39438.0 
31937.0 39629.0 
32934.0 39512.0 
16023.0 42410.0 
16595.0 42178.0 
18016.0 41074.0 
18092.0 40466.0 
18545.0 40444.0 
18596.0 40337.0 
24516.0 39972.0 
24592.0 39915.0 
25513.0 39758.0 
27894.0 39757.0 
28763.0 39631.0 
42608.0 39433.0 
43529.0 39276.0 
43605.0 39153.0 
46855.0 39117.0 
linkage migration
push: 14 pull: 56
Final PF: 
16816.0 41651.0 
16956.0 41540.0 
16990.0 41387.0 
17516.0 41155.0 
18016.0 41074.0 
18092.0 40466.0 
18596.0 40337.0 
19912.0 40313.0 
21266.0 40310.0 
21342.0 40064.0 
21708.0 39975.0 
24592.0 39916.0 
25513.0 39758.0 
28687.0 39757.0 
28763.0 39631.0 
32013.0 39573.0 
32934.0 39525.0 
39434.0 39340.0 
42684.0 39304.0 
46855.0 39282.0 
16023.0 43506.0 
16256.0 42952.0 
16515.0 41942.0 
16595.0 41710.0 
18545.0 40444.0 
24516.0 39972.0 
36184.0 39386.0 
39358.0 39383.0 
24820.0 39865.0 
36108.0 39524.0 



---------------------------------------
Quality Indicator Results: 

for each remove method 
Remove random   


 GD: 
47994.536
47883.6
46864.776
49243.52


 D1R: 
44326.263
44326.263
44326.263
44326.263
DCI: 
0.726
0.488
0.524
0.75


 IGD: 
96.675
174.176
395.78
82.657


 HV: 
1.0
0.992
0.987
0.999


Remove worst   


 GD: 
47998.112
48045.675
47998.112
48813.827


 D1R: 
44326.263
44326.263
44326.263
44326.263
DCI: 
0.702
0.821
0.702
0.857


 IGD: 
126.107
47.136
126.107
15.403


 HV: 
0.993
0.997
0.993
1.0



---------------------------------------
for each add method
Add new


 GD: 
47994.536
47998.112


 D1R: 
44326.263
44326.263
DCI: 
0.947
0.96


 IGD: 
1.04
6.56


 HV: 
1.0
0.996


Add random


 GD: 
47883.6
48045.675


 D1R: 
44326.263
44326.263
DCI: 
0.519
0.926


 IGD: 
55.475
44.454


 HV: 
1.0
1.0


Add best


 GD: 
46864.776
47998.112


 D1R: 
44326.263
44326.263
DCI: 
0.72
0.96


 IGD: 
140.091
38.39


 HV: 
0.996
1.0


Add diversity


 GD: 
49243.52
48813.827


 D1R: 
44326.263
44326.263
DCI: 
0.724
0.793


 IGD: 
51.0
52.427


 HV: 
0.995
1.0



---------------------------------------
 results for all together 

Remove nothing   Add nothing
Remove random   Add new
Remove random   Add random
Remove random   Add best
Remove random   Add diversity
Remove worst   Add new
Remove worst   Add random
Remove worst   Add best
Remove worst   Add diversity
Linkage migration


 GD: 
47179.7
47994.536
47883.6
46864.776
49243.52
47998.112
48045.675
47998.112
48813.827
48229.896


 D1R: 
44353.652
44326.263
44326.263
44326.263
44326.263
44326.263
44326.263
44326.263
44326.263
44326.263
DCI: 
0.188
0.604
0.396
0.458
0.562
0.615
0.688
0.615
0.719
0.688


 IGD: 
474.688
175.991
201.646
527.82
179.398
178.559
81.746
178.559
38.517
108.285


 HV: 
0.978
0.997
0.989
0.984
0.996
0.994
0.998
0.994
1.0
0.992


---------------------------------------
 actions for all together 

57 0
50 143
20 82
48 143
32 107
44 117
16 93
43 117
28 107
14 56

