seeds 1038 factoryScale1 numberOfIslands5 numberOfReplacement1 notImprovedInARow 3

traditional MOEA/D
push: 12 pull: 0
Final PF: 
16023.0 42617.0 
16156.0 42174.0 
16595.0 41942.0 
16956.0 41831.0 
17095.0 41766.0 
17171.0 41352.0 
18092.0 40466.0 
18545.0 40444.0 
18596.0 40337.0 
19912.0 40313.0 
21266.0 40310.0 
21342.0 40064.0 
21708.0 39975.0 
24516.0 39972.0 
24592.0 39915.0 
24820.0 39865.0 
25513.0 39758.0 
27894.0 39757.0 
28687.0 39755.0 
28763.0 39631.0 
32013.0 39572.0 
32934.0 39512.0 
36184.0 39386.0 
39434.0 39326.0 
40355.0 39279.0 
43605.0 39153.0 
remove and add nothing
push: 58 pull: 0
Final PF: 
17171.0 40744.0 
18596.0 40337.0 
19912.0 40313.0 
21708.0 39975.0 
24592.0 39939.0 
27894.0 39757.0 
28763.0 39631.0 
16515.0 41267.0 
16595.0 41035.0 
17095.0 40972.0 
18092.0 40466.0 
18545.0 40444.0 
21342.0 40064.0 
24820.0 39884.0 
25513.0 39758.0 
32013.0 39573.0 
36184.0 39512.0 
39434.0 39363.0 
46855.0 39336.0 
21266.0 40310.0 
32934.0 39525.0 
Remove random   Add new
push: 56 pull: 161
Final PF: 
17171.0 40744.0 
18596.0 40337.0 
19912.0 40313.0 
21708.0 39975.0 
24592.0 39939.0 
25513.0 39758.0 
27894.0 39757.0 
28763.0 39631.0 
16515.0 41267.0 
16595.0 41035.0 
17095.0 40972.0 
18092.0 40466.0 
18545.0 40444.0 
21342.0 40064.0 
24820.0 39884.0 
32013.0 39573.0 
36184.0 39512.0 
39434.0 39363.0 
46855.0 39336.0 
21266.0 40310.0 
32934.0 39525.0 
Remove random   Add random
push: 26 pull: 115
Final PF: 
17171.0 40744.0 
18092.0 40466.0 
18596.0 40337.0 
19912.0 40313.0 
21342.0 40064.0 
21708.0 39975.0 
24592.0 39939.0 
24820.0 39884.0 
25513.0 39758.0 
27894.0 39757.0 
28763.0 39631.0 
32934.0 39525.0 
16515.0 41267.0 
16595.0 41035.0 
17095.0 40972.0 
18545.0 40444.0 
32013.0 39573.0 
36184.0 39512.0 
39434.0 39363.0 
46855.0 39336.0 
21266.0 40310.0 
Remove random   Add best
push: 49 pull: 149
Final PF: 
16595.0 41035.0 
17171.0 40744.0 
18092.0 40466.0 
18596.0 40337.0 
19912.0 40313.0 
21708.0 39975.0 
24592.0 39939.0 
25513.0 39758.0 
27894.0 39757.0 
28763.0 39631.0 
16515.0 41267.0 
18545.0 40444.0 
21342.0 40064.0 
24820.0 39884.0 
32013.0 39573.0 
36184.0 39512.0 
39434.0 39363.0 
46855.0 39336.0 
17095.0 40954.0 
21266.0 40310.0 
32934.0 39525.0 
Remove random   Add diversity
push: 43 pull: 137
Final PF: 
17171.0 40744.0 
18596.0 40337.0 
19912.0 40313.0 
21708.0 39975.0 
24592.0 39939.0 
25513.0 39758.0 
27894.0 39757.0 
28763.0 39631.0 
32934.0 39525.0 
46855.0 39336.0 
16515.0 41267.0 
16595.0 41035.0 
18092.0 40466.0 
18545.0 40444.0 
21342.0 40064.0 
24820.0 39884.0 
32013.0 39573.0 
39434.0 39363.0 
36184.0 39464.0 
17095.0 40954.0 
21266.0 40310.0 
36108.0 39511.0 
Remove worst   Add new
push: 55 pull: 151
Final PF: 
17171.0 40744.0 
18596.0 40337.0 
19912.0 40313.0 
21708.0 39975.0 
24592.0 39939.0 
25513.0 39758.0 
27894.0 39757.0 
28763.0 39631.0 
16515.0 41267.0 
16595.0 41035.0 
17095.0 40972.0 
18092.0 40466.0 
18545.0 40444.0 
21342.0 40064.0 
24820.0 39884.0 
32013.0 39573.0 
36184.0 39512.0 
39434.0 39363.0 
46855.0 39336.0 
21266.0 40310.0 
32934.0 39525.0 
Remove worst   Add random
push: 30 pull: 116
Final PF: 
16595.0 41035.0 
17171.0 40744.0 
18092.0 40466.0 
18545.0 40444.0 
18596.0 40337.0 
19912.0 40313.0 
21708.0 39975.0 
24592.0 39916.0 
24820.0 39884.0 
25513.0 39758.0 
27894.0 39757.0 
28763.0 39631.0 
32934.0 39525.0 
39434.0 39363.0 
16515.0 41267.0 
17095.0 40972.0 
21342.0 40064.0 
32013.0 39573.0 
36184.0 39504.0 
46855.0 39336.0 
16256.0 45184.0 
16495.0 45121.0 
21266.0 40310.0 
Remove worst   Add best
push: 45 pull: 139
Final PF: 
16595.0 41035.0 
17171.0 40744.0 
18092.0 40466.0 
18596.0 40337.0 
19912.0 40313.0 
21708.0 39975.0 
24592.0 39939.0 
25513.0 39758.0 
27894.0 39757.0 
28763.0 39631.0 
16515.0 41267.0 
17095.0 40972.0 
18545.0 40444.0 
21342.0 40064.0 
24820.0 39884.0 
32013.0 39573.0 
36184.0 39512.0 
39434.0 39363.0 
46855.0 39336.0 
21266.0 40310.0 
24516.0 39974.0 
32934.0 39525.0 
Remove worst   Add diversity
push: 45 pull: 137
Final PF: 
17171.0 40744.0 
18596.0 40337.0 
19912.0 40313.0 
21708.0 39975.0 
24592.0 39939.0 
25513.0 39758.0 
27894.0 39757.0 
28763.0 39631.0 
32934.0 39525.0 
46855.0 39336.0 
16515.0 41267.0 
16595.0 41035.0 
18092.0 40466.0 
18545.0 40444.0 
21342.0 40064.0 
24820.0 39884.0 
32013.0 39573.0 
39434.0 39363.0 
17095.0 40954.0 
21266.0 40310.0 
24516.0 39974.0 
36184.0 39410.0 
linkage migration
push: 34 pull: 112
Final PF: 
17171.0 40744.0 
18596.0 40337.0 
19912.0 40313.0 
21708.0 39975.0 
24592.0 39915.0 
24820.0 39865.0 
25513.0 39758.0 
27894.0 39757.0 
28763.0 39631.0 
32013.0 39572.0 
32934.0 39512.0 
36184.0 39386.0 
43605.0 39153.0 
46855.0 39094.0 
51026.0 39071.0 
16515.0 41267.0 
16595.0 41035.0 
17095.0 40972.0 
18092.0 40466.0 
18545.0 40444.0 
21342.0 40064.0 
24516.0 39974.0 
39358.0 39385.0 
21266.0 40310.0 
31937.0 39630.0 
36108.0 39511.0 
39434.0 39357.0 



---------------------------------------
Quality Indicator Results: 

for each remove method 
Remove random   


 GD: 
47783.552
47783.552
47782.76
48042.155


 D1R: 
44214.441
44214.441
44214.441
44214.441
DCI: 
0.864
0.864
0.909
1.0


 IGD: 
6.455
6.455
5.637
0.0


 HV: 
0.997
0.997
0.997
1.0


Remove worst   


 GD: 
47783.552
47803.91
47743.073
47738.9


 D1R: 
44214.441
44214.441
44214.441
44214.441
DCI: 
0.75
0.875
0.792
0.875


 IGD: 
333.595
8.65
330.109
325.109


 HV: 
0.998
0.998
0.998
1.0



---------------------------------------
for each add method
Add new


 GD: 
47783.552
47783.552


 D1R: 
44214.441
44214.441
DCI: 
1.0
1.0


 IGD: 
0.0
0.0


 HV: 
1.0
1.0


Add random


 GD: 
47783.552
47803.91


 D1R: 
44214.441
44214.441
DCI: 
0.826
1.0


 IGD: 
339.592
0.0


 HV: 
1.0
1.0


Add best


 GD: 
47782.76
47743.073


 D1R: 
44214.441
44214.441
DCI: 
0.955
0.955


 IGD: 
3.803
0.818


 HV: 
1.0
1.0


Add diversity


 GD: 
48042.155
47738.9


 D1R: 
44214.441
44214.441
DCI: 
0.913
0.957


 IGD: 
5.986
5.496


 HV: 
0.996
1.0



---------------------------------------
 results for all together 

Remove nothing   Add nothing
Remove random   Add new
Remove random   Add random
Remove random   Add best
Remove random   Add diversity
Remove worst   Add new
Remove worst   Add random
Remove worst   Add best
Remove worst   Add diversity
Linkage migration


 GD: 
47783.552
47783.552
47783.552
47782.76
48042.155
47783.552
47803.91
47743.073
47738.9
49371.088


 D1R: 
44214.441
44214.441
44214.441
44214.441
44214.441
44214.441
44214.441
44214.441
44214.441
44214.441
DCI: 
0.471
0.471
0.471
0.506
0.54
0.471
0.563
0.506
0.54
0.897


 IGD: 
422.055
422.055
422.055
421.413
416.984
422.055
143.543
419.067
416.581
278.486


 HV: 
0.989
0.989
0.989
0.989
0.989
0.989
0.989
0.989
0.99
1.0


---------------------------------------
 actions for all together 

12 0
58 0
56 161
26 115
49 149
43 137
55 151
30 116
45 139
45 137
34 112

