seeds 1027 factoryScale10 numberOfIslands5 numberOfReplacement1 notImprovedInARow 3

remove and add nothing
push: 58 pull: 0
Final PF: 
16595.0 41259.0 
17095.0 41160.0 
18016.0 41083.0 
27894.0 39757.0 
16023.0 45623.0 
16290.0 43116.0 
24820.0 39924.0 
36184.0 39515.0 
18092.0 40466.0 
18545.0 40444.0 
18596.0 40337.0 
19912.0 40313.0 
21266.0 40312.0 
21342.0 40064.0 
21708.0 39975.0 
24592.0 39963.0 
25513.0 39758.0 
28763.0 39632.0 
31937.0 39631.0 
32934.0 39525.0 
39358.0 39396.0 
16515.0 41645.0 
17171.0 41146.0 
Remove random   Add new
push: 56 pull: 163
Final PF: 
16595.0 41259.0 
17095.0 41160.0 
18016.0 41083.0 
18596.0 40337.0 
19912.0 40313.0 
21266.0 40310.0 
25513.0 39758.0 
27894.0 39757.0 
16023.0 45623.0 
16290.0 43116.0 
24592.0 39934.0 
24820.0 39924.0 
32013.0 39591.0 
36184.0 39515.0 
18092.0 40466.0 
18545.0 40444.0 
21342.0 40064.0 
21708.0 39975.0 
28763.0 39632.0 
31937.0 39631.0 
32934.0 39525.0 
39358.0 39396.0 
16515.0 41645.0 
17171.0 41146.0 
Remove random   Add random
push: 26 pull: 116
Final PF: 
16023.0 45623.0 
16595.0 41120.0 
17095.0 41021.0 
24592.0 39916.0 
28763.0 39632.0 
32934.0 39525.0 
16515.0 41473.0 
17171.0 40835.0 
21266.0 40312.0 
27894.0 39757.0 
16290.0 43116.0 
36184.0 39515.0 
18092.0 40466.0 
18545.0 40444.0 
18596.0 40337.0 
19912.0 40313.0 
21342.0 40064.0 
21708.0 39975.0 
25513.0 39758.0 
31937.0 39631.0 
39358.0 39396.0 
Remove random   Add best
push: 52 pull: 145
Final PF: 
16595.0 41259.0 
17095.0 41160.0 
27894.0 39757.0 
16023.0 45623.0 
16290.0 43116.0 
32013.0 39598.0 
36184.0 39515.0 
16515.0 41645.0 
17171.0 41007.0 
18092.0 40466.0 
18545.0 40444.0 
18596.0 40337.0 
19912.0 40313.0 
21266.0 40312.0 
21342.0 40064.0 
21708.0 39975.0 
24592.0 39916.0 
25513.0 39758.0 
28763.0 39632.0 
31937.0 39631.0 
32934.0 39525.0 
36108.0 39522.0 
39358.0 39396.0 
Remove random   Add diversity
push: 42 pull: 137
Final PF: 
16290.0 43000.0 
27894.0 39757.0 
31937.0 39631.0 
32934.0 39512.0 
36184.0 39453.0 
16515.0 41334.0 
16595.0 41102.0 
17095.0 41021.0 
17171.0 40835.0 
16023.0 45623.0 
32013.0 39591.0 
39358.0 39396.0 
18092.0 40466.0 
18545.0 40444.0 
18596.0 40337.0 
19912.0 40313.0 
21266.0 40312.0 
21342.0 40064.0 
21708.0 39975.0 
24592.0 39916.0 
25513.0 39758.0 
28763.0 39632.0 
Remove worst   Add new
push: 52 pull: 143
Final PF: 
16595.0 41259.0 
17095.0 41160.0 
18016.0 41083.0 
27894.0 39757.0 
16023.0 45623.0 
16290.0 43116.0 
24592.0 39934.0 
24820.0 39905.0 
32013.0 39591.0 
36184.0 39515.0 
18092.0 40466.0 
18545.0 40444.0 
18596.0 40337.0 
19912.0 40313.0 
21266.0 40312.0 
21342.0 40064.0 
21708.0 39975.0 
24516.0 39974.0 
25513.0 39758.0 
28763.0 39632.0 
31937.0 39631.0 
32934.0 39525.0 
39358.0 39396.0 
16515.0 41645.0 
17171.0 41146.0 
Remove worst   Add random
push: 26 pull: 99
Final PF: 
16515.0 41615.0 
16595.0 41259.0 
17095.0 41160.0 
16290.0 43116.0 
27894.0 39757.0 
16023.0 45623.0 
18596.0 40337.0 
24820.0 39905.0 
32013.0 39591.0 
36184.0 39515.0 
18092.0 40466.0 
18545.0 40444.0 
19912.0 40313.0 
21266.0 40312.0 
21342.0 40064.0 
21708.0 39975.0 
24516.0 39974.0 
24592.0 39916.0 
25513.0 39758.0 
28763.0 39632.0 
31937.0 39631.0 
32934.0 39525.0 
39358.0 39396.0 
17171.0 40859.0 
Remove worst   Add best
push: 50 pull: 139
Final PF: 
16595.0 41259.0 
17095.0 41160.0 
27894.0 39757.0 
16023.0 45623.0 
16290.0 43116.0 
24820.0 39905.0 
32013.0 39591.0 
36184.0 39515.0 
16515.0 41645.0 
17171.0 41007.0 
18092.0 40466.0 
18545.0 40444.0 
18596.0 40337.0 
19912.0 40313.0 
21266.0 40312.0 
21342.0 40064.0 
21708.0 39975.0 
24516.0 39974.0 
24592.0 39916.0 
25513.0 39758.0 
28763.0 39632.0 
31937.0 39631.0 
32934.0 39525.0 
39358.0 39396.0 
Remove worst   Add diversity
push: 41 pull: 130
Final PF: 
16290.0 43000.0 
16595.0 41259.0 
17095.0 41160.0 
27894.0 39757.0 
31937.0 39631.0 
18016.0 41083.0 
18596.0 40337.0 
19912.0 40313.0 
21266.0 40310.0 
25513.0 39758.0 
24592.0 39934.0 
24820.0 39905.0 
32013.0 39591.0 
36184.0 39515.0 
16023.0 44297.0 
16515.0 41645.0 
18092.0 40466.0 
18545.0 40444.0 
21342.0 40064.0 
21708.0 39975.0 
28763.0 39632.0 
32934.0 39525.0 
39358.0 39396.0 
17171.0 41146.0 
linkage migration
push: 13 pull: 67
Final PF: 
16515.0 41267.0 
17095.0 40954.0 
17171.0 40768.0 
18092.0 40466.0 
18545.0 40444.0 
18596.0 40337.0 
19912.0 40313.0 
21266.0 40310.0 
21342.0 40064.0 
21708.0 39975.0 
25513.0 39758.0 
28763.0 39632.0 
32934.0 39512.0 
36184.0 39386.0 
39434.0 39380.0 
24592.0 39915.0 
27894.0 39757.0 
28687.0 39755.0 
31937.0 39629.0 
32013.0 39572.0 
16023.0 44359.0 
16290.0 43116.0 
43605.0 39250.0 
46855.0 39117.0 
16595.0 41035.0 
24516.0 39972.0 



---------------------------------------
Quality Indicator Results: 

for each remove method 
Remove random   


 GD: 
47233.31
47147.506
47614.181
47304.64


 D1R: 
44326.263
44298.312
44326.263
44298.312
DCI: 
0.636
0.682
0.591
0.955


 IGD: 
42.075
19.813
32.543
0.091


 HV: 
0.995
0.998
0.996
1.0


Remove worst   


 GD: 
47219.123
47304.604
47311.452
47176.074


 D1R: 
44326.263
44320.437
44326.263
44326.263
DCI: 
0.75
0.875
0.792
0.833


 IGD: 
69.325
55.367
62.784
17.537


 HV: 
0.997
0.999
0.998
1.0



---------------------------------------
for each add method
Add new


 GD: 
47233.31
47219.123


 D1R: 
44326.263
44326.263
DCI: 
0.92
0.96


 IGD: 
4.195
0.08


 HV: 
1.0
1.0


Add random


 GD: 
47147.506
47304.604


 D1R: 
44298.312
44320.437
DCI: 
0.875
0.833


 IGD: 
17.073
18.5


 HV: 
1.0
0.999


Add best


 GD: 
47614.181
47311.452


 D1R: 
44326.263
44326.263
DCI: 
0.88
0.96


 IGD: 
13.235
3.053


 HV: 
1.0
1.0


Add diversity


 GD: 
47304.64
47176.074


 D1R: 
44298.312
44326.263
DCI: 
0.87
0.696


 IGD: 
67.585
35.203


 HV: 
1.0
0.998



---------------------------------------
 results for all together 

Remove nothing   Add nothing
Remove random   Add new
Remove random   Add random
Remove random   Add best
Remove random   Add diversity
Remove worst   Add new
Remove worst   Add random
Remove worst   Add best
Remove worst   Add diversity
Linkage migration


 GD: 
47074.412
47233.31
47147.506
47614.181
47304.64
47219.123
47304.604
47311.452
47176.074
48267.97


 D1R: 
44326.263
44326.263
44298.312
44326.263
44298.312
44326.263
44320.437
44326.263
44326.263
44236.558
DCI: 
0.333
0.37
0.358
0.358
0.432
0.37
0.395
0.395
0.481
0.889


 IGD: 
272.027
268.19
259.646
266.55
249.139
264.345
249.37
253.947
216.428
15.624


 HV: 
0.989
0.99
0.992
0.99
0.993
0.99
0.991
0.99
0.992
1.0


---------------------------------------
 actions for all together 

58 0
56 163
26 116
52 145
42 137
52 143
26 99
50 139
41 130
13 67

