seeds 1012 factoryScale10 numberOfIslands5 numberOfReplacement1 notImprovedInARow 3

remove and add nothing
push: 57 pull: 0
Final PF: 
24592.0 39980.0 
24820.0 39954.0 
28763.0 39697.0 
16290.0 43536.0 
18092.0 40466.0 
18545.0 40449.0 
18596.0 40337.0 
19912.0 40313.0 
21266.0 40312.0 
25513.0 39758.0 
32934.0 39536.0 
36184.0 39464.0 
39434.0 39429.0 
16093.0 45874.0 
21342.0 40104.0 
21708.0 40015.0 
16515.0 41382.0 
16595.0 41150.0 
17095.0 41087.0 
17171.0 40744.0 
Remove random   Add new
push: 50 pull: 143
Final PF: 
18092.0 40466.0 
18545.0 40449.0 
18596.0 40337.0 
19912.0 40313.0 
21266.0 40312.0 
21708.0 39975.0 
24516.0 39974.0 
24592.0 39939.0 
25513.0 39758.0 
28687.0 39757.0 
28763.0 39632.0 
31937.0 39631.0 
32934.0 39536.0 
16023.0 51066.0 
16093.0 45469.0 
16290.0 43385.0 
21342.0 40104.0 
16515.0 41382.0 
16595.0 41150.0 
17095.0 41087.0 
17171.0 40744.0 
36184.0 39386.0 
Remove random   Add random
push: 21 pull: 102
Final PF: 
17095.0 41087.0 
17171.0 40744.0 
18596.0 40337.0 
19912.0 40313.0 
21266.0 40312.0 
21342.0 40104.0 
21708.0 39975.0 
24592.0 39916.0 
25513.0 39758.0 
27894.0 39757.0 
28763.0 39632.0 
16290.0 43536.0 
16595.0 41150.0 
18092.0 40466.0 
31937.0 39631.0 
16156.0 45064.0 
16495.0 43098.0 
32934.0 39525.0 
36184.0 39399.0 
40355.0 39279.0 
43605.0 39153.0 
16093.0 45874.0 
18545.0 40444.0 
16515.0 41382.0 
Remove random   Add best
push: 43 pull: 134
Final PF: 
16595.0 41150.0 
31937.0 39631.0 
18596.0 40337.0 
19912.0 40313.0 
21266.0 40312.0 
21708.0 39975.0 
24592.0 39939.0 
25513.0 39758.0 
28763.0 39632.0 
32013.0 39596.0 
32934.0 39536.0 
16290.0 43536.0 
18092.0 40466.0 
18545.0 40449.0 
24516.0 39974.0 
16093.0 45874.0 
21342.0 40104.0 
16515.0 41382.0 
17095.0 41087.0 
17171.0 40744.0 
36184.0 39386.0 
Remove random   Add diversity
push: 36 pull: 115
Final PF: 
24820.0 39930.0 
40355.0 39279.0 
18092.0 40466.0 
18596.0 40337.0 
19912.0 40313.0 
21266.0 40312.0 
21708.0 39975.0 
24516.0 39974.0 
24592.0 39939.0 
25513.0 39758.0 
28763.0 39632.0 
31937.0 39631.0 
15590.0 46866.0 
16093.0 45414.0 
16290.0 43330.0 
32934.0 39525.0 
36184.0 39386.0 
18545.0 40444.0 
21342.0 40064.0 
28687.0 39757.0 
16515.0 41382.0 
16595.0 41150.0 
17095.0 41087.0 
17171.0 40744.0 
Remove worst   Add new
push: 47 pull: 132
Final PF: 
36184.0 39410.0 
16290.0 43536.0 
18092.0 40466.0 
18596.0 40337.0 
19912.0 40313.0 
21266.0 40312.0 
25513.0 39758.0 
28687.0 39757.0 
32934.0 39536.0 
43605.0 39388.0 
16093.0 45874.0 
18545.0 40444.0 
21342.0 40104.0 
16515.0 41382.0 
16595.0 41150.0 
17095.0 41087.0 
17171.0 40744.0 
21708.0 39975.0 
24592.0 39939.0 
28763.0 39678.0 
32013.0 39642.0 
Remove worst   Add random
push: 22 pull: 84
Final PF: 
16156.0 43754.0 
16290.0 43295.0 
18545.0 40444.0 
18596.0 40337.0 
32934.0 39512.0 
16093.0 45379.0 
16515.0 41382.0 
18092.0 40466.0 
19912.0 40313.0 
21266.0 40312.0 
21342.0 40104.0 
21708.0 39975.0 
24516.0 39974.0 
25513.0 39758.0 
28687.0 39757.0 
28763.0 39632.0 
31937.0 39631.0 
36184.0 39386.0 
16595.0 41150.0 
17095.0 41087.0 
32013.0 39596.0 
46779.0 39325.0 
17171.0 40744.0 
24592.0 39916.0 
24820.0 39865.0 
Remove worst   Add best
push: 41 pull: 123
Final PF: 
16595.0 41150.0 
36184.0 39410.0 
16290.0 43536.0 
18092.0 40466.0 
18596.0 40337.0 
19912.0 40313.0 
21266.0 40312.0 
25513.0 39758.0 
28687.0 39757.0 
21708.0 39975.0 
24592.0 39939.0 
28763.0 39632.0 
32013.0 39620.0 
32934.0 39536.0 
16093.0 45874.0 
18545.0 40444.0 
21342.0 40104.0 
16515.0 41382.0 
17095.0 41087.0 
17171.0 40744.0 
Remove worst   Add diversity
push: 26 pull: 92
Final PF: 
16023.0 44197.0 
36184.0 39393.0 
16156.0 43754.0 
18092.0 40466.0 
18596.0 40337.0 
19912.0 40313.0 
21266.0 40312.0 
21708.0 39975.0 
24516.0 39974.0 
25513.0 39758.0 
28687.0 39757.0 
28763.0 39632.0 
31937.0 39631.0 
15590.0 46892.0 
16290.0 43265.0 
32013.0 39596.0 
32934.0 39512.0 
39434.0 39374.0 
40355.0 39303.0 
43605.0 39176.0 
18545.0 40444.0 
21342.0 40064.0 
16515.0 41382.0 
16595.0 41150.0 
17095.0 41087.0 
17171.0 40744.0 
24592.0 39916.0 
linkage migration
push: 14 pull: 59
Final PF: 
18092.0 40466.0 
18545.0 40444.0 
18596.0 40337.0 
19912.0 40313.0 
21266.0 40310.0 
21342.0 40064.0 
21708.0 39975.0 
24516.0 39972.0 
25513.0 39758.0 
16070.0 46351.0 
16093.0 45414.0 
16290.0 43330.0 
16515.0 41267.0 
16595.0 41035.0 
17095.0 40972.0 
32013.0 39573.0 
40355.0 39279.0 
51026.0 39095.0 
24592.0 39915.0 
24820.0 39889.0 
27894.0 39757.0 
54276.0 39012.0 
15590.0 46739.0 
28687.0 39755.0 
39434.0 39350.0 
17171.0 40744.0 
28763.0 39631.0 
32934.0 39511.0 
36184.0 39385.0 
43605.0 39153.0 



---------------------------------------
Quality Indicator Results: 

for each remove method 
Remove random   


 GD: 
47059.392
47661.291
46866.734
47264.808


 D1R: 
44214.441
44214.441
44214.441
44214.441
DCI: 
0.519
0.741
0.556
0.778


 IGD: 
552.225
70.598
578.824
178.42


 HV: 
0.992
0.993
0.992
1.0


Remove worst   


 GD: 
47346.832
47488.262
46773.426
48075.231


 D1R: 
44214.441
44214.441
44214.441
44214.441
DCI: 
0.429
0.75
0.464
0.929


 IGD: 
351.102
353.659
382.704
8.912


 HV: 
0.991
0.995
0.991
1.0



---------------------------------------
for each add method
Add new


 GD: 
47059.392
47346.832


 D1R: 
44214.441
44214.441
DCI: 
0.955
0.682


 IGD: 
0.227
271.77


 HV: 
1.0
0.999


Add random


 GD: 
47661.291
47488.262


 D1R: 
44214.441
44214.441
DCI: 
0.704
0.852


 IGD: 
46.557
312.161


 HV: 
1.0
0.996


Add best


 GD: 
46866.734
46773.426


 D1R: 
44214.441
44214.441
DCI: 
0.909
0.818


 IGD: 
6.877
9.476


 HV: 
1.0
1.0


Add diversity


 GD: 
47264.808
48075.231


 D1R: 
44214.441
44214.441
DCI: 
0.704
0.889


 IGD: 
94.708
2.192


 HV: 
0.997
1.0



---------------------------------------
 results for all together 

Remove nothing   Add nothing
Remove random   Add new
Remove random   Add random
Remove random   Add best
Remove random   Add diversity
Remove worst   Add new
Remove worst   Add random
Remove worst   Add best
Remove worst   Add diversity
Linkage migration


 GD: 
46923.632
47059.392
47661.291
46866.734
47264.808
47346.832
47488.262
46773.426
48075.231
49230.148


 D1R: 
44214.441
44214.441
44214.441
44214.441
44214.441
44214.441
44214.441
44214.441
44214.441
44214.441
DCI: 
0.161
0.237
0.398
0.237
0.333
0.226
0.376
0.247
0.419
0.839


 IGD: 
741.13
1145.114
385.466
1138.21
601.56
619.424
609.745
1134.832
310.716
58.348


 HV: 
0.984
0.987
0.994
0.987
0.996
0.986
0.989
0.986
0.999
1.0


---------------------------------------
 actions for all together 

57 0
50 143
21 102
43 134
36 115
47 132
22 84
41 123
26 92
14 59

