seeds 1014 factoryScale8 numberOfIslands5 numberOfReplacement1 notImprovedInARow 3

remove and add nothing
push: 56 pull: 0
Final PF: 
18596.0 40367.0 
19912.0 40343.0 
21266.0 40340.0 
21708.0 40053.0 
24516.0 40039.0 
25513.0 39836.0 
28763.0 39710.0 
36184.0 39466.0 
39434.0 39340.0 
40355.0 39303.0 
43605.0 39177.0 
46855.0 39141.0 
50105.0 39082.0 
17171.0 40744.0 
21342.0 40064.0 
24592.0 39915.0 
24820.0 39908.0 
32013.0 39572.0 
35187.0 39571.0 
16515.0 41448.0 
16595.0 41053.0 
17095.0 40954.0 
18092.0 40544.0 
18545.0 40522.0 
Remove random   Add new
push: 48 pull: 148
Final PF: 
18596.0 40337.0 
19912.0 40313.0 
21266.0 40310.0 
21708.0 39975.0 
24516.0 39974.0 
25513.0 39758.0 
28763.0 39632.0 
36184.0 39386.0 
39358.0 39385.0 
32934.0 39525.0 
39434.0 39340.0 
40355.0 39303.0 
43605.0 39177.0 
46855.0 39141.0 
50105.0 39082.0 
18092.0 40531.0 
18545.0 40509.0 
17171.0 40744.0 
21342.0 40064.0 
24592.0 39915.0 
24820.0 39889.0 
32013.0 39572.0 
16515.0 41448.0 
16595.0 41053.0 
17095.0 40954.0 
Remove random   Add random
push: 20 pull: 104
Final PF: 
16515.0 41267.0 
17171.0 40744.0 
19912.0 40343.0 
32013.0 39572.0 
32934.0 39512.0 
36108.0 39511.0 
39434.0 39340.0 
16595.0 41035.0 
18596.0 40353.0 
24820.0 39908.0 
25513.0 39798.0 
36184.0 39466.0 
40355.0 39303.0 
43605.0 39177.0 
46855.0 39141.0 
50105.0 39082.0 
17095.0 40954.0 
21342.0 40064.0 
24592.0 39915.0 
18092.0 40466.0 
18545.0 40444.0 
21266.0 40310.0 
21708.0 40015.0 
28687.0 39755.0 
28763.0 39679.0 
Remove random   Add best
push: 51 pull: 150
Final PF: 
16595.0 41053.0 
18596.0 40337.0 
19912.0 40313.0 
21266.0 40310.0 
21708.0 39975.0 
24516.0 39974.0 
25513.0 39758.0 
28763.0 39632.0 
36184.0 39386.0 
39358.0 39385.0 
32934.0 39525.0 
39434.0 39340.0 
40355.0 39303.0 
43605.0 39177.0 
46855.0 39141.0 
50105.0 39082.0 
16515.0 41267.0 
17095.0 40954.0 
17171.0 40744.0 
21342.0 40064.0 
24592.0 39915.0 
24820.0 39908.0 
32013.0 39572.0 
18092.0 40544.0 
18545.0 40522.0 
Remove random   Add diversity
push: 36 pull: 127
Final PF: 
32934.0 39512.0 
36108.0 39511.0 
40355.0 39303.0 
21708.0 39975.0 
25513.0 39758.0 
28687.0 39755.0 
28763.0 39631.0 
36184.0 39423.0 
39434.0 39340.0 
43605.0 39177.0 
46855.0 39141.0 
50105.0 39082.0 
18092.0 40466.0 
18545.0 40444.0 
18596.0 40337.0 
19912.0 40313.0 
21342.0 40064.0 
17171.0 40744.0 
24592.0 39915.0 
24820.0 39908.0 
32013.0 39572.0 
16515.0 41448.0 
16595.0 41053.0 
17095.0 40954.0 
21266.0 40310.0 
Remove worst   Add new
push: 46 pull: 138
Final PF: 
18596.0 40337.0 
19912.0 40313.0 
21266.0 40310.0 
21708.0 39975.0 
24516.0 39974.0 
25513.0 39758.0 
36184.0 39386.0 
39358.0 39385.0 
28763.0 39631.0 
32934.0 39525.0 
39434.0 39340.0 
40355.0 39303.0 
43605.0 39177.0 
46855.0 39141.0 
50105.0 39082.0 
17171.0 40744.0 
21342.0 40064.0 
24592.0 39915.0 
24820.0 39889.0 
32013.0 39572.0 
16515.0 41448.0 
16595.0 41053.0 
17095.0 40954.0 
18092.0 40466.0 
18545.0 40444.0 
Remove worst   Add random
push: 15 pull: 86
Final PF: 
16595.0 41053.0 
18545.0 40444.0 
18596.0 40337.0 
19912.0 40313.0 
21266.0 40310.0 
21342.0 40064.0 
21708.0 39975.0 
24516.0 39974.0 
24592.0 39915.0 
25513.0 39758.0 
28763.0 39631.0 
36184.0 39386.0 
39358.0 39385.0 
43605.0 39153.0 
32013.0 39572.0 
32934.0 39512.0 
39434.0 39327.0 
40355.0 39279.0 
46855.0 39094.0 
50105.0 39082.0 
24820.0 39889.0 
17171.0 40744.0 
18092.0 40466.0 
31937.0 39630.0 
16515.0 41448.0 
17095.0 40954.0 
28687.0 39755.0 
Remove worst   Add best
push: 46 pull: 140
Final PF: 
16595.0 41053.0 
18596.0 40337.0 
19912.0 40313.0 
21266.0 40310.0 
21708.0 39975.0 
24516.0 39974.0 
25513.0 39758.0 
36184.0 39386.0 
39358.0 39385.0 
28763.0 39631.0 
32934.0 39525.0 
39434.0 39340.0 
40355.0 39303.0 
43605.0 39177.0 
46855.0 39141.0 
50105.0 39082.0 
16515.0 41267.0 
17095.0 40954.0 
17171.0 40744.0 
21342.0 40064.0 
24592.0 39915.0 
24820.0 39889.0 
32013.0 39572.0 
18092.0 40466.0 
18545.0 40444.0 
Remove worst   Add diversity
push: 35 pull: 121
Final PF: 
32934.0 39512.0 
36108.0 39511.0 
36184.0 39386.0 
39358.0 39385.0 
39434.0 39327.0 
40355.0 39303.0 
21708.0 39975.0 
24516.0 39974.0 
25513.0 39758.0 
28763.0 39631.0 
32013.0 39572.0 
43605.0 39177.0 
46855.0 39141.0 
50105.0 39082.0 
18092.0 40466.0 
18545.0 40444.0 
18596.0 40337.0 
19912.0 40313.0 
21342.0 40064.0 
17171.0 40744.0 
24592.0 39915.0 
24820.0 39889.0 
16515.0 41448.0 
16595.0 41053.0 
17095.0 40954.0 
21266.0 40310.0 
28687.0 39755.0 
linkage migration
push: 12 pull: 74
Final PF: 
16515.0 41267.0 
16595.0 41035.0 
17095.0 40954.0 
18596.0 40337.0 
19912.0 40313.0 
21266.0 40310.0 
21708.0 39975.0 
25513.0 39758.0 
28687.0 39755.0 
31937.0 39630.0 
32934.0 39512.0 
36184.0 39386.0 
46855.0 39141.0 
16494.0 44324.0 
18092.0 40466.0 
21342.0 40064.0 
24516.0 39972.0 
24592.0 39915.0 
27894.0 39757.0 
28763.0 39631.0 
36108.0 39511.0 
39434.0 39340.0 
40355.0 39279.0 
43605.0 39153.0 
50105.0 39082.0 
18545.0 40444.0 
24820.0 39865.0 
39358.0 39385.0 
17171.0 40744.0 
32013.0 39572.0 
54276.0 39059.0 



---------------------------------------
Quality Indicator Results: 

for each remove method 
Remove random   


 GD: 
49439.707
49435.178
49434.576
49435.338


 D1R: 
44214.441
44214.441
44214.441
44214.441
DCI: 
0.728
0.667
0.728
0.778


 IGD: 
23.477
16.946
18.44
16.279


 HV: 
1.0
0.99
1.0
0.999


Remove worst   


 GD: 
49434.937
49470.849
49428.213
49570.504


 D1R: 
44214.441
44214.441
44214.441
44214.441
DCI: 
0.679
0.929
0.714
0.821


 IGD: 
24.619
11.689
18.155
13.272


 HV: 
0.994
1.0
0.994
0.995



---------------------------------------
for each add method
Add new


 GD: 
49439.707
49434.937


 D1R: 
44214.441
44214.441
DCI: 
0.907
1.0


 IGD: 
5.24
0.0


 HV: 
0.999
1.0


Add random


 GD: 
49435.178
49470.849


 D1R: 
44214.441
44214.441
DCI: 
0.5
0.893


 IGD: 
23.612
12.332


 HV: 
0.983
1.0


Add best


 GD: 
49434.576
49428.213


 D1R: 
44214.441
44214.441
DCI: 
0.867
1.0


 IGD: 
7.04
0.0


 HV: 
0.999
1.0


Add diversity


 GD: 
49435.338
49570.504


 D1R: 
44214.441
44214.441
DCI: 
0.815
1.0


 IGD: 
9.39
0.0


 HV: 
0.998
1.0



---------------------------------------
 results for all together 

Remove nothing   Add nothing
Remove random   Add new
Remove random   Add random
Remove random   Add best
Remove random   Add diversity
Remove worst   Add new
Remove worst   Add random
Remove worst   Add best
Remove worst   Add diversity
Linkage migration


 GD: 
49260.422
49439.707
49435.178
49434.576
49435.338
49434.937
49470.849
49428.213
49570.504
50058.039


 D1R: 
44214.441
44214.441
44214.441
44214.441
44214.441
44214.441
44214.441
44214.441
44214.441
44214.441
DCI: 
0.194
0.441
0.452
0.473
0.548
0.516
0.742
0.548
0.645
0.935


 IGD: 
200.262
153.917
151.133
155.417
144.5
149.583
134.679
149.583
136.156
2.0


 HV: 
0.991
0.998
0.994
0.998
0.997
0.998
1.0
0.998
0.998
0.999


---------------------------------------
 actions for all together 

56 0
48 148
20 104
51 150
36 127
46 138
15 86
46 140
35 121
12 74

