seeds 1017 factoryScale5 numberOfIslands5 numberOfReplacement1 notImprovedInARow 3

remove and add nothing
push: 57 pull: 0
Final PF: 
16023.0 43412.0 
16156.0 42878.0 
16495.0 42815.0 
21342.0 40064.0 
24592.0 39916.0 
32013.0 39597.0 
36184.0 39475.0 
42608.0 39324.0 
45858.0 39288.0 
16515.0 42081.0 
16595.0 41849.0 
18092.0 40466.0 
18545.0 40444.0 
18596.0 40337.0 
19912.0 40313.0 
21266.0 40310.0 
21708.0 39975.0 
24820.0 39865.0 
25513.0 39798.0 
28687.0 39797.0 
28763.0 39729.0 
39434.0 39437.0 
16990.0 41387.0 
17516.0 41155.0 
18016.0 41092.0 
Remove random   Add new
push: 54 pull: 154
Final PF: 
16023.0 43321.0 
16156.0 42878.0 
16495.0 42815.0 
21342.0 40064.0 
24592.0 39916.0 
32013.0 39573.0 
35263.0 39537.0 
36184.0 39475.0 
42608.0 39324.0 
45858.0 39288.0 
16515.0 42081.0 
16595.0 41849.0 
18092.0 40466.0 
18545.0 40444.0 
18596.0 40337.0 
19912.0 40313.0 
21266.0 40310.0 
21708.0 39975.0 
24516.0 39974.0 
24820.0 39865.0 
25513.0 39798.0 
28687.0 39797.0 
28763.0 39656.0 
39434.0 39437.0 
16990.0 41387.0 
17516.0 41155.0 
18016.0 41092.0 
Remove random   Add random
push: 25 pull: 99
Final PF: 
16023.0 43321.0 
16156.0 42878.0 
16495.0 42815.0 
18545.0 40444.0 
19912.0 40313.0 
21708.0 39975.0 
24592.0 39916.0 
24820.0 39865.0 
16515.0 41267.0 
18092.0 40466.0 
18596.0 40337.0 
21342.0 40064.0 
25513.0 39758.0 
32013.0 39573.0 
32934.0 39512.0 
36184.0 39475.0 
39434.0 39364.0 
42608.0 39324.0 
45858.0 39288.0 
16595.0 41035.0 
17095.0 40972.0 
17171.0 40768.0 
21266.0 40310.0 
28763.0 39632.0 
24516.0 39974.0 
Remove random   Add best
push: 47 pull: 144
Final PF: 
16023.0 43321.0 
16156.0 42878.0 
16495.0 42815.0 
16990.0 41387.0 
21342.0 40064.0 
24592.0 39916.0 
32013.0 39573.0 
35263.0 39537.0 
36184.0 39475.0 
42608.0 39324.0 
45858.0 39288.0 
16515.0 42081.0 
16595.0 41849.0 
18092.0 40466.0 
18545.0 40444.0 
18596.0 40337.0 
19912.0 40313.0 
21266.0 40310.0 
21708.0 39975.0 
24516.0 39974.0 
24820.0 39865.0 
25513.0 39758.0 
28763.0 39656.0 
32934.0 39549.0 
39434.0 39437.0 
17516.0 41155.0 
18016.0 41092.0 
Remove random   Add diversity
push: 34 pull: 120
Final PF: 
21342.0 40064.0 
24592.0 39916.0 
32013.0 39573.0 
36184.0 39475.0 
42608.0 39324.0 
45858.0 39288.0 
16023.0 43321.0 
16156.0 42762.0 
16495.0 42699.0 
16515.0 42081.0 
16595.0 41849.0 
18092.0 40466.0 
18545.0 40444.0 
18596.0 40337.0 
19912.0 40313.0 
21266.0 40310.0 
21708.0 39975.0 
24516.0 39974.0 
24820.0 39865.0 
25513.0 39758.0 
28763.0 39632.0 
32934.0 39536.0 
39434.0 39405.0 
16990.0 41387.0 
17516.0 41155.0 
18016.0 41092.0 
Remove worst   Add new
push: 47 pull: 135
Final PF: 
16023.0 43321.0 
16156.0 42878.0 
16495.0 42815.0 
28763.0 39715.0 
21342.0 40064.0 
24592.0 39916.0 
24820.0 39865.0 
32013.0 39573.0 
35263.0 39537.0 
36184.0 39475.0 
42608.0 39324.0 
45858.0 39288.0 
16515.0 42081.0 
16595.0 41849.0 
18092.0 40466.0 
18545.0 40444.0 
18596.0 40337.0 
19912.0 40313.0 
21266.0 40310.0 
21708.0 39975.0 
24516.0 39974.0 
25513.0 39758.0 
32934.0 39549.0 
39434.0 39437.0 
16990.0 41387.0 
17516.0 41155.0 
18016.0 41074.0 
Remove worst   Add random
push: 18 pull: 88
Final PF: 
16023.0 42438.0 
16156.0 41995.0 
16595.0 41763.0 
16956.0 41619.0 
18092.0 40466.0 
19912.0 40313.0 
21342.0 40064.0 
21708.0 39975.0 
18016.0 41074.0 
24516.0 39974.0 
24592.0 39916.0 
24820.0 39865.0 
28763.0 39632.0 
31937.0 39631.0 
32013.0 39573.0 
42608.0 39324.0 
45858.0 39288.0 
16990.0 41387.0 
17516.0 41155.0 
18545.0 40444.0 
18596.0 40337.0 
21266.0 40310.0 
25513.0 39758.0 
32934.0 39512.0 
36184.0 39386.0 
43605.0 39304.0 
Remove worst   Add best
push: 41 pull: 130
Final PF: 
16023.0 43321.0 
16156.0 42878.0 
16495.0 42815.0 
16990.0 41387.0 
18016.0 41074.0 
21342.0 40064.0 
24516.0 39974.0 
24592.0 39916.0 
24820.0 39865.0 
28763.0 39656.0 
31937.0 39631.0 
32013.0 39573.0 
35263.0 39537.0 
36184.0 39475.0 
42608.0 39324.0 
45858.0 39288.0 
16515.0 42081.0 
16595.0 41849.0 
18092.0 40466.0 
18545.0 40444.0 
18596.0 40337.0 
19912.0 40313.0 
21266.0 40310.0 
21708.0 39975.0 
25513.0 39758.0 
32934.0 39549.0 
39434.0 39437.0 
17516.0 41155.0 
Remove worst   Add diversity
push: 30 pull: 105
Final PF: 
45858.0 39288.0 
18016.0 41074.0 
21342.0 40064.0 
21708.0 39975.0 
24516.0 39974.0 
24592.0 39916.0 
28763.0 39632.0 
31937.0 39631.0 
32013.0 39573.0 
42608.0 39324.0 
18092.0 40466.0 
18545.0 40444.0 
18596.0 40337.0 
19912.0 40313.0 
21266.0 40310.0 
24820.0 39865.0 
25513.0 39758.0 
32934.0 39512.0 
36184.0 39386.0 
39358.0 39385.0 
43605.0 39304.0 
47776.0 39197.0 
16156.0 41962.0 
16595.0 41730.0 
16023.0 42596.0 
16990.0 41387.0 
17516.0 41155.0 
linkage migration
push: 19 pull: 87
Final PF: 
16023.0 42322.0 
16156.0 41879.0 
16595.0 41647.0 
16956.0 41536.0 
18596.0 40337.0 
39434.0 39351.0 
40355.0 39303.0 
46855.0 39117.0 
16990.0 41387.0 
17516.0 41155.0 
18016.0 41074.0 
18092.0 40466.0 
18545.0 40444.0 
19912.0 40313.0 
21266.0 40310.0 
21342.0 40064.0 
21708.0 39975.0 
24592.0 39915.0 
25513.0 39758.0 
28763.0 39632.0 
32013.0 39573.0 
32934.0 39512.0 
36184.0 39399.0 
24516.0 39972.0 
24820.0 39865.0 
27894.0 39757.0 
28687.0 39755.0 
43605.0 39171.0 
31937.0 39629.0 



---------------------------------------
Quality Indicator Results: 

for each remove method 
Remove random   


 GD: 
47953.037
47872.566
48040.961
47840.742


 D1R: 
44326.263
44236.558
44326.263
44326.263
DCI: 
0.6
0.92
0.64
0.76


 IGD: 
130.302
9.28
93.261
81.221


 HV: 
0.986
1.0
0.988
0.99


Remove worst   


 GD: 
48042.12
48075.003
48142.403
48984.198


 D1R: 
44326.263
44326.263
44326.263
44326.263
DCI: 
0.607
0.857
0.643
0.929


 IGD: 
95.75
120.0
90.024
14.536


 HV: 
0.988
1.0
0.99
1.0



---------------------------------------
for each add method
Add new


 GD: 
47953.037
48042.12


 D1R: 
44326.263
44326.263
DCI: 
0.889
0.963


 IGD: 
36.271
2.185


 HV: 
1.0
1.0


Add random


 GD: 
47872.566
48075.003


 D1R: 
44236.558
44326.263
DCI: 
0.808
0.808


 IGD: 
94.353
197.684


 HV: 
1.0
0.999


Add best


 GD: 
48040.961
48142.403


 D1R: 
44326.263
44326.263
DCI: 
0.929
1.0


 IGD: 
4.057
0.0


 HV: 
1.0
1.0


Add diversity


 GD: 
47840.742
48984.198


 D1R: 
44326.263
44326.263
DCI: 
0.63
1.0


 IGD: 
77.397
0.0


 HV: 
0.992
1.0



---------------------------------------
 results for all together 

Remove nothing   Add nothing
Remove random   Add new
Remove random   Add random
Remove random   Add best
Remove random   Add diversity
Remove worst   Add new
Remove worst   Add random
Remove worst   Add best
Remove worst   Add diversity
Linkage migration


 GD: 
47800.97
47953.037
47872.566
48040.961
47840.742
48042.12
48075.003
48142.403
48984.198
48336.787


 D1R: 
44326.263
44326.263
44236.558
44326.263
44326.263
44326.263
44326.263
44326.263
44326.263
44326.263
DCI: 
0.299
0.333
0.575
0.368
0.402
0.368
0.471
0.368
0.506
0.793


 IGD: 
258.27
251.864
161.203
224.637
219.213
225.181
427.117
221.337
162.38
70.007


 HV: 
0.978
0.981
0.994
0.982
0.985
0.981
0.992
0.982
0.992
1.0


---------------------------------------
 actions for all together 

57 0
54 154
25 99
47 144
34 120
47 135
18 88
41 130
30 105
19 87

