seeds 1033 factoryScale10 numberOfIslands5 numberOfReplacement1 notImprovedInARow 3

remove and add nothing
push: 55 pull: 0
Final PF: 
16515.0 41382.0 
16595.0 41150.0 
17171.0 40744.0 
18092.0 40466.0 
18545.0 40449.0 
18596.0 40337.0 
21266.0 40312.0 
24516.0 39974.0 
21342.0 40064.0 
21708.0 39975.0 
24592.0 39915.0 
24820.0 39865.0 
28763.0 39632.0 
32013.0 39572.0 
39434.0 39363.0 
43605.0 39340.0 
50105.0 39246.0 
16023.0 45929.0 
25513.0 39798.0 
32934.0 39525.0 
36108.0 39524.0 
36184.0 39499.0 
Remove random   Add new
push: 50 pull: 148
Final PF: 
16515.0 41382.0 
16595.0 41150.0 
17171.0 40744.0 
18092.0 40466.0 
18545.0 40449.0 
18596.0 40337.0 
21266.0 40312.0 
24516.0 39974.0 
21342.0 40064.0 
21708.0 39975.0 
24592.0 39915.0 
24820.0 39865.0 
28763.0 39632.0 
32013.0 39572.0 
36184.0 39468.0 
39434.0 39363.0 
43605.0 39340.0 
46855.0 39327.0 
50105.0 39246.0 
16023.0 43402.0 
16156.0 42959.0 
17095.0 41130.0 
25513.0 39798.0 
32934.0 39525.0 
36108.0 39524.0 
Remove random   Add random
push: 16 pull: 97
Final PF: 
16023.0 42410.0 
16515.0 41382.0 
16595.0 41150.0 
17095.0 41069.0 
17171.0 40744.0 
18092.0 40466.0 
18545.0 40449.0 
18596.0 40337.0 
21266.0 40312.0 
24516.0 39974.0 
25513.0 39782.0 
28763.0 39632.0 
31937.0 39631.0 
32013.0 39572.0 
36184.0 39410.0 
39434.0 39351.0 
43605.0 39340.0 
21342.0 40064.0 
21708.0 39975.0 
24592.0 39915.0 
24820.0 39865.0 
46855.0 39327.0 
50105.0 39246.0 
32934.0 39525.0 
36108.0 39524.0 
16156.0 41967.0 
Remove random   Add best
push: 47 pull: 139
Final PF: 
16515.0 41382.0 
16595.0 41150.0 
17171.0 40744.0 
18092.0 40466.0 
18545.0 40449.0 
18596.0 40337.0 
21266.0 40312.0 
24516.0 39974.0 
21342.0 40064.0 
21708.0 39975.0 
24592.0 39915.0 
24820.0 39865.0 
28763.0 39632.0 
32013.0 39572.0 
36184.0 39468.0 
39434.0 39363.0 
43605.0 39340.0 
46855.0 39327.0 
50105.0 39246.0 
16023.0 43402.0 
16156.0 42959.0 
17095.0 41087.0 
25513.0 39798.0 
32934.0 39525.0 
36108.0 39524.0 
Remove random   Add diversity
push: 40 pull: 131
Final PF: 
16515.0 41382.0 
16595.0 41150.0 
17095.0 41069.0 
17171.0 40744.0 
18092.0 40466.0 
18545.0 40449.0 
18596.0 40337.0 
21266.0 40312.0 
24516.0 39974.0 
25513.0 39782.0 
28763.0 39632.0 
21342.0 40064.0 
21708.0 39975.0 
24592.0 39915.0 
24820.0 39865.0 
32013.0 39572.0 
32934.0 39525.0 
39434.0 39363.0 
43605.0 39340.0 
50105.0 39246.0 
36108.0 39524.0 
36184.0 39399.0 
16023.0 42410.0 
Remove worst   Add new
push: 47 pull: 136
Final PF: 
16515.0 41382.0 
16595.0 41150.0 
17171.0 40744.0 
18092.0 40466.0 
18545.0 40449.0 
18596.0 40337.0 
21266.0 40312.0 
24516.0 39974.0 
21342.0 40064.0 
21708.0 39975.0 
24592.0 39915.0 
24820.0 39865.0 
28763.0 39632.0 
32013.0 39572.0 
36184.0 39468.0 
39434.0 39363.0 
43605.0 39340.0 
46855.0 39327.0 
50105.0 39246.0 
16023.0 43402.0 
16156.0 42959.0 
17095.0 41130.0 
25513.0 39758.0 
32934.0 39525.0 
36108.0 39524.0 
Remove worst   Add random
push: 17 pull: 98
Final PF: 
16023.0 42410.0 
16515.0 41382.0 
16595.0 41150.0 
17095.0 41069.0 
17171.0 40744.0 
18092.0 40466.0 
18545.0 40449.0 
18596.0 40337.0 
21266.0 40312.0 
21342.0 40064.0 
21708.0 39975.0 
24516.0 39974.0 
24820.0 39865.0 
28763.0 39632.0 
31937.0 39631.0 
36184.0 39399.0 
24592.0 39915.0 
32013.0 39572.0 
39434.0 39363.0 
43605.0 39340.0 
46855.0 39282.0 
50105.0 39246.0 
19912.0 40313.0 
25513.0 39758.0 
32934.0 39512.0 
Remove worst   Add best
push: 40 pull: 118
Final PF: 
16515.0 41382.0 
16595.0 41150.0 
17171.0 40744.0 
18092.0 40466.0 
18545.0 40449.0 
18596.0 40337.0 
24516.0 39974.0 
21342.0 40064.0 
21708.0 39975.0 
24592.0 39915.0 
24820.0 39865.0 
28763.0 39632.0 
32013.0 39572.0 
39434.0 39363.0 
43605.0 39340.0 
46855.0 39327.0 
50105.0 39246.0 
16023.0 43402.0 
16156.0 42959.0 
19912.0 40313.0 
21266.0 40310.0 
25513.0 39758.0 
28687.0 39757.0 
31937.0 39631.0 
32934.0 39525.0 
36108.0 39524.0 
36184.0 39386.0 
39358.0 39385.0 
17095.0 41069.0 
Remove worst   Add diversity
push: 36 pull: 124
Final PF: 
16023.0 42410.0 
16515.0 41382.0 
16595.0 41150.0 
17095.0 41069.0 
17171.0 40744.0 
18092.0 40466.0 
18596.0 40337.0 
28763.0 39632.0 
36184.0 39386.0 
16156.0 41967.0 
24592.0 39915.0 
21342.0 40064.0 
21708.0 39975.0 
24820.0 39865.0 
32013.0 39572.0 
39434.0 39363.0 
43605.0 39340.0 
50105.0 39246.0 
18545.0 40444.0 
19912.0 40313.0 
25513.0 39758.0 
21266.0 40310.0 
24516.0 39972.0 
31937.0 39629.0 
32934.0 39512.0 
linkage migration
push: 18 pull: 81
Final PF: 
16515.0 41382.0 
16595.0 41150.0 
17095.0 41069.0 
17171.0 40744.0 
18092.0 40466.0 
18545.0 40444.0 
18596.0 40337.0 
19912.0 40313.0 
21342.0 40064.0 
21708.0 39975.0 
24592.0 39915.0 
25513.0 39758.0 
28763.0 39631.0 
32934.0 39512.0 
36184.0 39386.0 
40355.0 39279.0 
21266.0 40310.0 
24820.0 39865.0 
32013.0 39572.0 
39434.0 39327.0 
51026.0 39095.0 
16023.0 43253.0 
16156.0 42810.0 
27894.0 39757.0 
46855.0 39117.0 
24516.0 39972.0 
31937.0 39629.0 
43605.0 39193.0 



---------------------------------------
Quality Indicator Results: 

for each remove method 
Remove random   


 GD: 
49008.537
49005.145
49006.949
48569.349


 D1R: 
44214.441
44214.441
44214.441
44214.441
DCI: 
0.731
0.962
0.731
0.846


 IGD: 
57.903
0.423
56.249
146.953


 HV: 
0.994
1.0
0.994
0.998


Remove worst   


 GD: 
49007.19
48821.349
49159.566
48173.639


 D1R: 
44214.441
44214.441
44214.441
44214.441
DCI: 
0.536
0.714
0.75
0.893


 IGD: 
110.639
25.427
47.08
124.129


 HV: 
0.994
1.0
0.996
1.0



---------------------------------------
for each add method
Add new


 GD: 
49008.537
49007.19


 D1R: 
44214.441
44214.441
DCI: 
0.96
1.0


 IGD: 
1.6
0.0


 HV: 
0.999
1.0


Add random


 GD: 
49005.145
48821.349


 D1R: 
44214.441
44214.441
DCI: 
0.808
0.923


 IGD: 
54.201
18.251


 HV: 
0.999
1.0


Add best


 GD: 
49006.949
49159.566


 D1R: 
44214.441
44214.441
DCI: 
0.724
1.0


 IGD: 
61.374
0.0


 HV: 
0.997
1.0


Add diversity


 GD: 
48569.349
48173.639


 D1R: 
44214.441
44214.441
DCI: 
0.64
1.0


 IGD: 
77.31
0.0


 HV: 
0.996
1.0



---------------------------------------
 results for all together 

Remove nothing   Add nothing
Remove random   Add new
Remove random   Add random
Remove random   Add best
Remove random   Add diversity
Remove worst   Add new
Remove worst   Add random
Remove worst   Add best
Remove worst   Add diversity
Linkage migration


 GD: 
48909.324
49008.537
49005.145
49006.949
48569.349
49007.19
48821.349
49159.566
48173.639
49012.416


 D1R: 
44214.441
44214.441
44214.441
44214.441
44214.441
44214.441
44214.441
44214.441
44214.441
44214.441
DCI: 
0.368
0.368
0.471
0.368
0.437
0.402
0.54
0.575
0.747
0.897


 IGD: 
323.731
183.691
130.544
182.156
258.971
182.263
97.051
120.896
189.945
42.982


 HV: 
0.983
0.99
0.994
0.99
0.993
0.991
0.994
0.992
0.994
1.0


---------------------------------------
 actions for all together 

55 0
50 148
16 97
47 139
40 131
47 136
17 98
40 118
36 124
18 81

