seeds 1013 factoryScale8 numberOfIslands5 numberOfReplacement1 notImprovedInARow 3

remove and add nothing
push: 57 pull: 0
Final PF: 
16515.0 42662.0 
16571.0 41718.0 
16595.0 41144.0 
17171.0 40768.0 
21342.0 40104.0 
21657.0 40082.0 
21708.0 40015.0 
24592.0 39934.0 
28763.0 39671.0 
32013.0 39613.0 
36184.0 39438.0 
43605.0 39411.0 
16494.0 43627.0 
28687.0 39755.0 
31937.0 39653.0 
18596.0 40337.0 
19912.0 40313.0 
21266.0 40310.0 
25513.0 39758.0 
32934.0 39536.0 
18092.0 40466.0 
18545.0 40444.0 
24820.0 39924.0 
Remove random   Add new
push: 54 pull: 161
Final PF: 
16515.0 42662.0 
16571.0 41718.0 
16595.0 41144.0 
17171.0 40768.0 
21342.0 40104.0 
21657.0 40082.0 
21708.0 40015.0 
24592.0 39934.0 
28763.0 39671.0 
32013.0 39613.0 
36184.0 39438.0 
43605.0 39411.0 
16494.0 43627.0 
28687.0 39755.0 
31937.0 39653.0 
18596.0 40337.0 
19912.0 40313.0 
21266.0 40310.0 
25513.0 39758.0 
32934.0 39536.0 
18092.0 40466.0 
18545.0 40444.0 
24516.0 40014.0 
24820.0 39924.0 
Remove random   Add random
push: 21 pull: 113
Final PF: 
16571.0 41718.0 
16595.0 41144.0 
17171.0 40768.0 
18092.0 40466.0 
18545.0 40444.0 
21266.0 40310.0 
21342.0 40104.0 
21657.0 40082.0 
24592.0 39934.0 
28687.0 39755.0 
32013.0 39597.0 
36184.0 39438.0 
18596.0 40337.0 
19912.0 40313.0 
21708.0 39975.0 
24516.0 39972.0 
24820.0 39865.0 
25513.0 39758.0 
28763.0 39632.0 
39434.0 39350.0 
46855.0 39268.0 
16494.0 43627.0 
16515.0 42267.0 
32934.0 39536.0 
Remove random   Add best
push: 45 pull: 145
Final PF: 
16595.0 41144.0 
17171.0 40768.0 
21342.0 40104.0 
21657.0 40082.0 
32013.0 39613.0 
18092.0 40466.0 
21266.0 40310.0 
24516.0 39972.0 
24820.0 39905.0 
39434.0 39390.0 
46855.0 39308.0 
16494.0 43627.0 
16515.0 41539.0 
17095.0 41045.0 
18596.0 40337.0 
19912.0 40313.0 
21708.0 39975.0 
24592.0 39916.0 
25513.0 39758.0 
27894.0 39757.0 
28687.0 39754.0 
28763.0 39631.0 
31937.0 39630.0 
32934.0 39536.0 
36184.0 39399.0 
39358.0 39396.0 
18545.0 40444.0 
Remove random   Add diversity
push: 42 pull: 134
Final PF: 
16494.0 43566.0 
16515.0 41712.0 
16595.0 41144.0 
17171.0 40768.0 
21342.0 40104.0 
21657.0 40082.0 
21708.0 40015.0 
24592.0 39934.0 
28763.0 39671.0 
32013.0 39613.0 
36184.0 39438.0 
43605.0 39411.0 
16480.0 44021.0 
28687.0 39755.0 
18596.0 40337.0 
19912.0 40313.0 
21266.0 40310.0 
25513.0 39758.0 
32934.0 39536.0 
18092.0 40466.0 
18545.0 40444.0 
24516.0 39972.0 
24820.0 39924.0 
31937.0 39629.0 
Remove worst   Add new
push: 50 pull: 149
Final PF: 
16571.0 41718.0 
16595.0 41144.0 
17171.0 40768.0 
18092.0 40466.0 
21342.0 40104.0 
21657.0 40082.0 
21708.0 40015.0 
24516.0 39972.0 
24592.0 39934.0 
28763.0 39671.0 
32013.0 39613.0 
36184.0 39438.0 
16494.0 43627.0 
28687.0 39755.0 
18596.0 40337.0 
19912.0 40313.0 
21266.0 40310.0 
25513.0 39758.0 
32934.0 39536.0 
16515.0 41875.0 
18545.0 40444.0 
24820.0 39924.0 
31937.0 39629.0 
43605.0 39344.0 
Remove worst   Add random
push: 23 pull: 100
Final PF: 
16595.0 41144.0 
17171.0 40768.0 
18092.0 40466.0 
18545.0 40444.0 
21266.0 40310.0 
21342.0 40104.0 
21657.0 40082.0 
21708.0 40015.0 
24516.0 39972.0 
24592.0 39934.0 
28687.0 39755.0 
28763.0 39671.0 
36184.0 39438.0 
39358.0 39396.0 
43605.0 39344.0 
32013.0 39612.0 
32934.0 39525.0 
16494.0 43627.0 
16515.0 41531.0 
18596.0 40337.0 
31937.0 39629.0 
36108.0 39522.0 
19912.0 40313.0 
25513.0 39758.0 
24820.0 39924.0 
Remove worst   Add best
push: 44 pull: 137
Final PF: 
16595.0 41053.0 
17171.0 40768.0 
18092.0 40466.0 
21342.0 40104.0 
21657.0 40082.0 
24516.0 39972.0 
24592.0 39934.0 
32013.0 39613.0 
16515.0 41448.0 
17095.0 40954.0 
21266.0 40310.0 
24820.0 39905.0 
31937.0 39629.0 
39434.0 39390.0 
46855.0 39285.0 
16494.0 43627.0 
18596.0 40337.0 
19912.0 40313.0 
21708.0 39975.0 
25513.0 39758.0 
27894.0 39757.0 
28687.0 39754.0 
28763.0 39632.0 
32934.0 39536.0 
36184.0 39399.0 
39358.0 39396.0 
18545.0 40444.0 
Remove worst   Add diversity
push: 38 pull: 131
Final PF: 
16515.0 42662.0 
16571.0 41718.0 
16595.0 41144.0 
17171.0 40768.0 
18092.0 40466.0 
21266.0 40310.0 
21342.0 40104.0 
21657.0 40082.0 
21708.0 40015.0 
24516.0 39972.0 
24592.0 39934.0 
28763.0 39671.0 
32013.0 39613.0 
32934.0 39525.0 
36184.0 39438.0 
43605.0 39411.0 
16480.0 43960.0 
16494.0 43566.0 
28687.0 39755.0 
18596.0 40337.0 
19912.0 40313.0 
25513.0 39758.0 
18545.0 40444.0 
24820.0 39924.0 
31937.0 39629.0 
linkage migration
push: 15 pull: 50
Final PF: 
17095.0 40954.0 
17171.0 40768.0 
18596.0 40337.0 
19912.0 40313.0 
21266.0 40310.0 
21342.0 40064.0 
21708.0 39975.0 
24592.0 39916.0 
25513.0 39758.0 
32013.0 39573.0 
39358.0 39385.0 
24820.0 39865.0 
36184.0 39386.0 
39434.0 39327.0 
16494.0 43627.0 
18092.0 40466.0 
18545.0 40444.0 
24516.0 39972.0 
28687.0 39754.0 
28763.0 39631.0 
46855.0 39136.0 
16515.0 41267.0 
16595.0 41035.0 
31937.0 39629.0 
32934.0 39512.0 
36108.0 39511.0 
40355.0 39279.0 
43529.0 39276.0 
46779.0 39150.0 



---------------------------------------
Quality Indicator Results: 

for each remove method 
Remove random   


 GD: 
47411.118
47686.891
48095.843
47457.779


 D1R: 
44236.558
44236.558
44236.558
44236.558
DCI: 
0.417
0.655
0.774
0.56


 IGD: 
417.166
69.762
21.152
398.03


 HV: 
0.993
1.0
0.999
0.994


Remove worst   


 GD: 
47376.434
48041.486
48086.497
47387.775


 D1R: 
44236.558
44236.558
44236.558
44236.558
DCI: 
0.478
0.589
0.822
0.544


 IGD: 
389.781
167.567
126.714
378.568


 HV: 
0.996
0.998
1.0
0.994



---------------------------------------
for each add method
Add new


 GD: 
47411.118
47376.434


 D1R: 
44236.558
44236.558
DCI: 
0.833
1.0


 IGD: 
9.695
2.792


 HV: 
1.0
1.0


Add random


 GD: 
47686.891
48041.486


 D1R: 
44236.558
44236.558
DCI: 
0.778
0.778


 IGD: 
18.876
134.336


 HV: 
1.0
0.997


Add best


 GD: 
48095.843
48086.497


 D1R: 
44236.558
44236.558
DCI: 
0.84
0.951


 IGD: 
10.148
1.556


 HV: 
1.0
1.0


Add diversity


 GD: 
47457.779
47387.775


 D1R: 
44236.558
44236.558
DCI: 
0.917
0.958


 IGD: 
3.0
2.347


 HV: 
1.0
1.0



---------------------------------------
 results for all together 

Remove nothing   Add nothing
Remove random   Add new
Remove random   Add random
Remove random   Add best
Remove random   Add diversity
Remove worst   Add new
Remove worst   Add random
Remove worst   Add best
Remove worst   Add diversity
Linkage migration


 GD: 
47432.162
47411.118
47686.891
48095.843
47457.779
47376.434
48041.486
48086.497
47387.775
49420.758


 D1R: 
44236.558
44236.558
44236.558
44236.558
44236.558
44236.558
44236.558
44236.558
44236.558
44236.558
DCI: 
0.247
0.247
0.366
0.441
0.344
0.312
0.312
0.441
0.376
0.903


 IGD: 
506.365
504.933
216.286
184.584
491.623
500.741
211.878
179.575
489.223
39.577


 HV: 
0.986
0.986
0.993
0.992
0.987
0.988
0.99
0.992
0.986
1.0


---------------------------------------
 actions for all together 

57 0
54 161
21 113
45 145
42 134
50 149
23 100
44 137
38 131
15 50

