seeds 1039 factoryScale3 numberOfIslands5 numberOfReplacement1 notImprovedInARow 3

remove and add nothing
push: 60 pull: 0
Final PF: 
16023.0 43465.0 
28763.0 39678.0 
32013.0 39619.0 
18092.0 40466.0 
18545.0 40444.0 
18596.0 40377.0 
21266.0 40334.0 
21342.0 40128.0 
21657.0 40106.0 
21708.0 40039.0 
16515.0 41598.0 
16595.0 41211.0 
17171.0 40805.0 
36184.0 39410.0 
39434.0 39364.0 
24592.0 39940.0 
24820.0 39889.0 
Remove random   Add new
push: 52 pull: 155
Final PF: 
16023.0 43465.0 
18092.0 40466.0 
18545.0 40444.0 
16515.0 41507.0 
16595.0 41150.0 
17095.0 41087.0 
17171.0 40744.0 
18596.0 40337.0 
19912.0 40313.0 
21708.0 39999.0 
28763.0 39656.0 
36184.0 39410.0 
39434.0 39364.0 
21342.0 40064.0 
24592.0 39916.0 
24820.0 39889.0 
25513.0 39865.0 
32013.0 39573.0 
Remove random   Add random
push: 18 pull: 109
Final PF: 
16023.0 43465.0 
16595.0 41211.0 
17171.0 40805.0 
18545.0 40444.0 
21708.0 39975.0 
32013.0 39572.0 
28763.0 39632.0 
36184.0 39410.0 
18092.0 40466.0 
18596.0 40337.0 
19912.0 40313.0 
21266.0 40310.0 
21342.0 40064.0 
24516.0 39972.0 
24592.0 39915.0 
25513.0 39782.0 
17095.0 41148.0 
39434.0 39364.0 
16515.0 41443.0 
24820.0 39889.0 
Remove random   Add best
push: 50 pull: 154
Final PF: 
16023.0 43465.0 
16595.0 41211.0 
18092.0 40466.0 
28763.0 39678.0 
32013.0 39619.0 
16515.0 41443.0 
18545.0 40444.0 
18596.0 40377.0 
21266.0 40334.0 
21342.0 40128.0 
21657.0 40106.0 
21708.0 40039.0 
17095.0 41148.0 
17171.0 40805.0 
36184.0 39410.0 
39434.0 39364.0 
24592.0 39940.0 
24820.0 39889.0 
Remove random   Add diversity
push: 38 pull: 129
Final PF: 
39434.0 39364.0 
16023.0 43435.0 
17171.0 40744.0 
18596.0 40337.0 
19912.0 40313.0 
21266.0 40310.0 
21342.0 40064.0 
21708.0 39975.0 
24592.0 39916.0 
24820.0 39865.0 
28763.0 39656.0 
32013.0 39619.0 
18092.0 40466.0 
18545.0 40444.0 
25513.0 39798.0 
27894.0 39797.0 
32934.0 39552.0 
16515.0 41443.0 
16595.0 41211.0 
17095.0 41148.0 
36184.0 39410.0 
Remove worst   Add new
push: 45 pull: 130
Final PF: 
16023.0 43465.0 
16156.0 43184.0 
18092.0 40466.0 
18545.0 40444.0 
21266.0 40310.0 
24516.0 39972.0 
16515.0 41507.0 
16595.0 41150.0 
17095.0 41087.0 
17171.0 40744.0 
18596.0 40337.0 
19912.0 40313.0 
21708.0 39999.0 
25513.0 39782.0 
28763.0 39656.0 
32934.0 39535.0 
36184.0 39410.0 
39434.0 39364.0 
21342.0 40064.0 
24592.0 39916.0 
24820.0 39889.0 
32013.0 39573.0 
Remove worst   Add random
push: 16 pull: 79
Final PF: 
16156.0 43184.0 
17095.0 41087.0 
18596.0 40337.0 
21266.0 40312.0 
21342.0 40064.0 
24820.0 39889.0 
25513.0 39782.0 
16023.0 43435.0 
16515.0 41382.0 
16595.0 41150.0 
18545.0 40444.0 
36184.0 39409.0 
18092.0 40466.0 
19912.0 40313.0 
21708.0 39975.0 
24516.0 39972.0 
24592.0 39916.0 
28763.0 39632.0 
17171.0 40744.0 
32934.0 39535.0 
39434.0 39364.0 
32013.0 39573.0 
Remove worst   Add best
push: 42 pull: 136
Final PF: 
16023.0 43465.0 
16156.0 43184.0 
16595.0 41150.0 
18092.0 40466.0 
16515.0 41382.0 
17171.0 40744.0 
18545.0 40444.0 
17095.0 41087.0 
18596.0 40337.0 
19912.0 40313.0 
21708.0 39999.0 
25513.0 39782.0 
28763.0 39656.0 
32934.0 39535.0 
36184.0 39410.0 
39434.0 39364.0 
21342.0 40064.0 
24592.0 39916.0 
24820.0 39865.0 
32013.0 39573.0 
Remove worst   Add diversity
push: 30 pull: 97
Final PF: 
39434.0 39364.0 
16023.0 43435.0 
17171.0 40744.0 
18092.0 40466.0 
18545.0 40444.0 
18596.0 40337.0 
19912.0 40313.0 
21266.0 40310.0 
21342.0 40064.0 
21708.0 39975.0 
24592.0 39916.0 
24820.0 39865.0 
25513.0 39758.0 
28763.0 39632.0 
32013.0 39573.0 
16515.0 41382.0 
16595.0 41150.0 
17095.0 41087.0 
24516.0 39974.0 
32934.0 39535.0 
16494.0 43184.0 
31937.0 39631.0 
36184.0 39399.0 
linkage migration
push: 22 pull: 97
Final PF: 
16023.0 43377.0 
16156.0 43096.0 
32934.0 39512.0 
39434.0 39351.0 
17171.0 40744.0 
18092.0 40466.0 
18545.0 40444.0 
18596.0 40337.0 
19912.0 40313.0 
21266.0 40310.0 
21342.0 40064.0 
21708.0 39975.0 
24592.0 39916.0 
24820.0 39865.0 
25513.0 39758.0 
17095.0 41069.0 
24516.0 39972.0 
46855.0 39118.0 
16515.0 41507.0 
16595.0 41150.0 
28763.0 39631.0 
36184.0 39385.0 
32013.0 39573.0 
42684.0 39346.0 



---------------------------------------
Quality Indicator Results: 

for each remove method 
Remove random   


 GD: 
46860.483
46797.663
46815.805
47099.77


 D1R: 
44214.441
44270.659
44270.659
44214.441
DCI: 
0.54
0.714
0.238
0.698


 IGD: 
72.577
55.153
170.079
14.495


 HV: 
0.996
1.0
0.987
1.0


Remove worst   


 GD: 
46974.928
46966.576
47042.248
47140.609


 D1R: 
44214.441
44214.441
44214.441
44214.441
DCI: 
0.652
0.783
0.652
0.913


 IGD: 
15.548
6.765
24.369
12.437


 HV: 
0.998
0.999
0.998
1.0



---------------------------------------
for each add method
Add new


 GD: 
46860.483
46974.928


 D1R: 
44214.441
44214.441
DCI: 
0.773
1.0


 IGD: 
75.798
0.0


 HV: 
0.994
1.0


Add random


 GD: 
46797.663
46966.576


 D1R: 
44270.659
44214.441
DCI: 
0.667
0.924


 IGD: 
68.529
0.182


 HV: 
0.996
1.0


Add best


 GD: 
46815.805
47042.248


 D1R: 
44270.659
44214.441
DCI: 
0.25
1.0


 IGD: 
187.924
0.0


 HV: 
0.985
1.0


Add diversity


 GD: 
47099.77
47140.609


 D1R: 
44214.441
44214.441
DCI: 
0.522
1.0


 IGD: 
44.663
0.0


 HV: 
0.995
1.0



---------------------------------------
 results for all together 

Remove nothing   Add nothing
Remove random   Add new
Remove random   Add random
Remove random   Add best
Remove random   Add diversity
Remove worst   Add new
Remove worst   Add random
Remove worst   Add best
Remove worst   Add diversity
Linkage migration


 GD: 
46957.101
46860.483
46797.663
46815.805
47099.77
46974.928
46966.576
47042.248
47140.609
48009.558


 D1R: 
44270.659
44214.441
44270.659
44270.659
44214.441
44214.441
44214.441
44214.441
44214.441
44214.441
DCI: 
0.083
0.347
0.444
0.083
0.403
0.431
0.5
0.431
0.583
0.931


 IGD: 
335.708
233.399
217.489
321.642
180.809
162.133
153.35
170.953
162.188
5.522


 HV: 
0.984
0.991
0.994
0.984
0.993
0.995
0.996
0.995
0.997
1.0


---------------------------------------
 actions for all together 

60 0
52 155
18 109
50 154
38 129
45 130
16 79
42 136
30 97
22 97

