seeds 1024 factoryScale6 numberOfIslands5 numberOfReplacement1 notImprovedInARow 3

remove and add nothing
push: 57 pull: 0
Final PF: 
16990.0 41478.0 
18092.0 40466.0 
18545.0 40444.0 
24592.0 39939.0 
16495.0 45717.0 
32013.0 39612.0 
17345.0 41442.0 
17516.0 41191.0 
18016.0 41128.0 
18596.0 40337.0 
21266.0 40312.0 
21342.0 40088.0 
25513.0 39782.0 
39358.0 39407.0 
39434.0 39369.0 
43605.0 39346.0 
46779.0 39325.0 
16515.0 44854.0 
16726.0 43707.0 
16816.0 41834.0 
16956.0 41567.0 
19912.0 40313.0 
21708.0 39975.0 
24516.0 39974.0 
27894.0 39781.0 
28763.0 39632.0 
32934.0 39536.0 
36184.0 39410.0 
Remove random   Add new
push: 54 pull: 159
Final PF: 
16990.0 41478.0 
18092.0 40466.0 
18545.0 40444.0 
21342.0 40064.0 
24592.0 39939.0 
16495.0 45717.0 
32013.0 39612.0 
17345.0 41442.0 
17516.0 41191.0 
18016.0 41128.0 
18596.0 40337.0 
21266.0 40312.0 
28687.0 39757.0 
39358.0 39407.0 
39434.0 39369.0 
43605.0 39346.0 
46779.0 39325.0 
16515.0 44854.0 
16726.0 43707.0 
16816.0 41834.0 
16956.0 41567.0 
19912.0 40313.0 
21708.0 39975.0 
24516.0 39974.0 
25513.0 39758.0 
28763.0 39632.0 
32934.0 39512.0 
36184.0 39410.0 
Remove random   Add random
push: 17 pull: 100
Final PF: 
18092.0 40466.0 
18545.0 40444.0 
18596.0 40337.0 
19912.0 40313.0 
21266.0 40310.0 
21342.0 40064.0 
21708.0 39975.0 
24516.0 39972.0 
24592.0 39915.0 
25513.0 39758.0 
27894.0 39757.0 
28763.0 39631.0 
32013.0 39572.0 
32934.0 39511.0 
39358.0 39407.0 
39434.0 39326.0 
16156.0 46211.0 
16495.0 45717.0 
16816.0 41745.0 
18016.0 41110.0 
16515.0 42397.0 
16595.0 42165.0 
16990.0 41423.0 
17516.0 41191.0 
46779.0 39325.0 
16956.0 41567.0 
36184.0 39410.0 
Remove random   Add best
push: 50 pull: 150
Final PF: 
16956.0 41567.0 
16990.0 41478.0 
18092.0 40466.0 
18545.0 40444.0 
21342.0 40064.0 
24592.0 39939.0 
16495.0 45717.0 
17345.0 41442.0 
17516.0 41191.0 
18016.0 41128.0 
18596.0 40337.0 
21266.0 40312.0 
25513.0 39782.0 
27843.0 39765.0 
32013.0 39597.0 
39358.0 39407.0 
39434.0 39369.0 
43605.0 39346.0 
46779.0 39325.0 
16515.0 44854.0 
16726.0 43707.0 
16816.0 41834.0 
19912.0 40313.0 
21708.0 39975.0 
24516.0 39974.0 
28763.0 39632.0 
32934.0 39536.0 
36184.0 39410.0 
Remove random   Add diversity
push: 39 pull: 127
Final PF: 
16156.0 44781.0 
18092.0 40466.0 
18545.0 40444.0 
21342.0 40064.0 
24592.0 39915.0 
32013.0 39572.0 
39434.0 39369.0 
42684.0 39304.0 
46855.0 39094.0 
16515.0 42425.0 
16595.0 42193.0 
16816.0 41745.0 
16023.0 45962.0 
16990.0 41423.0 
17516.0 41191.0 
21266.0 40310.0 
36184.0 39410.0 
18016.0 41110.0 
18596.0 40337.0 
24516.0 39974.0 
32934.0 39532.0 
39358.0 39390.0 
16956.0 41567.0 
19912.0 40313.0 
21708.0 39975.0 
25513.0 39758.0 
28763.0 39632.0 
Remove worst   Add new
push: 54 pull: 154
Final PF: 
16990.0 41478.0 
18092.0 40466.0 
18545.0 40444.0 
21342.0 40064.0 
24592.0 39939.0 
16495.0 45717.0 
17345.0 41442.0 
17516.0 41191.0 
18016.0 41110.0 
18596.0 40337.0 
21266.0 40312.0 
25513.0 39782.0 
28687.0 39757.0 
32013.0 39597.0 
39358.0 39407.0 
39434.0 39369.0 
43605.0 39346.0 
46779.0 39325.0 
16515.0 44854.0 
16726.0 43707.0 
16816.0 41834.0 
16956.0 41567.0 
19912.0 40313.0 
21708.0 39975.0 
24516.0 39974.0 
27894.0 39781.0 
28763.0 39632.0 
32934.0 39536.0 
36184.0 39410.0 
Remove worst   Add random
push: 17 pull: 99
Final PF: 
16515.0 44854.0 
18092.0 40466.0 
18545.0 40444.0 
18596.0 40337.0 
19912.0 40313.0 
21266.0 40310.0 
21342.0 40064.0 
21708.0 39975.0 
24516.0 39972.0 
24592.0 39915.0 
25513.0 39758.0 
27894.0 39757.0 
28763.0 39631.0 
32013.0 39572.0 
32934.0 39511.0 
36184.0 39385.0 
39434.0 39369.0 
42684.0 39328.0 
46779.0 39325.0 
46855.0 39094.0 
16526.0 44460.0 
16495.0 45717.0 
16571.0 42642.0 
16816.0 41834.0 
16990.0 41387.0 
17516.0 41155.0 
18016.0 41074.0 
28687.0 39755.0 
16956.0 41567.0 
Remove worst   Add best
push: 50 pull: 149
Final PF: 
16990.0 41478.0 
18092.0 40466.0 
18545.0 40444.0 
21342.0 40064.0 
24592.0 39939.0 
16956.0 41567.0 
16495.0 45717.0 
17345.0 41442.0 
17516.0 41191.0 
18016.0 41110.0 
18596.0 40337.0 
21266.0 40312.0 
25513.0 39782.0 
28687.0 39757.0 
32013.0 39597.0 
39358.0 39407.0 
39434.0 39369.0 
43605.0 39346.0 
46779.0 39325.0 
16515.0 44854.0 
16726.0 43707.0 
16816.0 41834.0 
19912.0 40313.0 
21708.0 39975.0 
24516.0 39974.0 
27894.0 39781.0 
28763.0 39632.0 
32934.0 39536.0 
36184.0 39410.0 
Remove worst   Add diversity
push: 29 pull: 111
Final PF: 
16156.0 44781.0 
18092.0 40466.0 
18545.0 40444.0 
18596.0 40337.0 
19912.0 40313.0 
21342.0 40064.0 
21708.0 39975.0 
24516.0 39972.0 
24592.0 39939.0 
28763.0 39631.0 
32013.0 39572.0 
36184.0 39385.0 
39434.0 39339.0 
42684.0 39304.0 
46855.0 39093.0 
16595.0 42193.0 
16023.0 45962.0 
16990.0 41423.0 
17516.0 41191.0 
21266.0 40310.0 
31937.0 39629.0 
16515.0 42318.0 
18016.0 41110.0 
24820.0 39889.0 
32934.0 39532.0 
16816.0 41678.0 
16956.0 41567.0 
25513.0 39758.0 
27894.0 39757.0 
linkage migration
push: 13 pull: 76
Final PF: 
18092.0 40466.0 
18545.0 40444.0 
18596.0 40337.0 
19912.0 40313.0 
21266.0 40310.0 
21342.0 40064.0 
21708.0 39975.0 
24516.0 39972.0 
24592.0 39916.0 
25513.0 39758.0 
28763.0 39632.0 
31937.0 39629.0 
32013.0 39573.0 
36184.0 39386.0 
39434.0 39340.0 
43529.0 39318.0 
40355.0 39321.0 
24820.0 39865.0 
28687.0 39755.0 
43605.0 39177.0 
54276.0 39054.0 
16515.0 41267.0 
16595.0 41035.0 
17095.0 40972.0 
17171.0 40768.0 
27894.0 39757.0 
54200.0 39137.0 
16023.0 43572.0 
16156.0 43129.0 
32934.0 39525.0 



---------------------------------------
Quality Indicator Results: 

for each remove method 
Remove random   


 GD: 
48336.075
47934.321
48319.807
48237.351


 D1R: 
44326.263
44326.263
44326.263
44326.263
DCI: 
0.405
0.821
0.345
0.774


 IGD: 
145.982
168.328
119.746
37.072


 HV: 
0.993
0.998
0.992
1.0


Remove worst   


 GD: 
48345.056
48545.681
48345.056
48033.937


 D1R: 
44326.263
44326.263
44326.263
44326.263
DCI: 
0.256
0.689
0.256
0.8


 IGD: 
129.123
72.767
129.123
9.981


 HV: 
0.991
0.996
0.991
1.0



---------------------------------------
for each add method
Add new


 GD: 
48336.075
48345.056


 D1R: 
44326.263
44326.263
DCI: 
0.929
0.929


 IGD: 
1.179
1.714


 HV: 
1.0
0.999


Add random


 GD: 
47934.321
48545.681


 D1R: 
44326.263
44326.263
DCI: 
0.786
0.821


 IGD: 
10.312
51.128


 HV: 
1.0
0.999


Add best


 GD: 
48319.807
48345.056


 D1R: 
44326.263
44326.263
DCI: 
0.931
0.966


 IGD: 
5.665
1.843


 HV: 
1.0
1.0


Add diversity


 GD: 
48237.351
48033.937


 D1R: 
44326.263
44326.263
DCI: 
0.701
0.966


 IGD: 
49.463
0.862


 HV: 
0.999
1.0



---------------------------------------
 results for all together 

Remove nothing   Add nothing
Remove random   Add new
Remove random   Add random
Remove random   Add best
Remove random   Add diversity
Remove worst   Add new
Remove worst   Add random
Remove worst   Add best
Remove worst   Add diversity
Linkage migration


 GD: 
48322.493
48336.075
47934.321
48319.807
48237.351
48345.056
48545.681
48345.056
48033.937
49626.261


 D1R: 
44326.263
44326.263
44326.263
44326.263
44326.263
44326.263
44326.263
44326.263
44326.263
44236.558
DCI: 
0.189
0.278
0.5
0.222
0.411
0.222
0.556
0.222
0.533
0.822


 IGD: 
228.097
247.215
422.18
227.863
253.966
221.994
202.686
221.994
215.313
142.352


 HV: 
0.979
0.98
0.984
0.979
0.992
0.979
0.989
0.979
0.993
1.0


---------------------------------------
 actions for all together 

57 0
54 159
17 100
50 150
39 127
54 154
17 99
50 149
29 111
13 76

