seeds 1028 factoryScale3 numberOfIslands5 numberOfReplacement1 notImprovedInARow 3

remove and add nothing
push: 57 pull: 0
Final PF: 
16816.0 41651.0 
16956.0 41540.0 
16990.0 41387.0 
17516.0 41155.0 
18016.0 41092.0 
21342.0 40064.0 
16290.0 43465.0 
16023.0 44220.0 
25513.0 39804.0 
28763.0 39715.0 
32013.0 39670.0 
32934.0 39536.0 
36184.0 39466.0 
43605.0 39317.0 
16571.0 42709.0 
18092.0 40496.0 
18545.0 40474.0 
18596.0 40337.0 
21266.0 40312.0 
21708.0 39999.0 
24516.0 39974.0 
24592.0 39940.0 
Remove random   Add new
push: 50 pull: 136
Final PF: 
16816.0 41651.0 
16956.0 41540.0 
16990.0 41387.0 
17516.0 41155.0 
21342.0 40064.0 
16290.0 43465.0 
18092.0 40466.0 
18596.0 40337.0 
19912.0 40313.0 
21266.0 40312.0 
21708.0 39975.0 
28763.0 39632.0 
32013.0 39597.0 
39434.0 39431.0 
40355.0 39367.0 
16023.0 44220.0 
18016.0 41074.0 
18545.0 40444.0 
24592.0 39916.0 
25513.0 39758.0 
32934.0 39512.0 
36184.0 39466.0 
42684.0 39291.0 
16571.0 42709.0 
24516.0 39974.0 
Remove random   Add random
push: 18 pull: 77
Final PF: 
18545.0 40449.0 
19912.0 40313.0 
21266.0 40312.0 
21342.0 40064.0 
21708.0 39975.0 
24516.0 39974.0 
25513.0 39758.0 
28763.0 39632.0 
31937.0 39629.0 
32013.0 39596.0 
36184.0 39439.0 
43605.0 39317.0 
16023.0 42410.0 
16515.0 41267.0 
16595.0 41035.0 
17095.0 40954.0 
17171.0 40768.0 
18092.0 40466.0 
18596.0 40337.0 
24592.0 39939.0 
39434.0 39431.0 
40355.0 39367.0 
32934.0 39536.0 
Remove random   Add best
push: 49 pull: 149
Final PF: 
16816.0 41651.0 
16956.0 41540.0 
16990.0 41387.0 
17516.0 41155.0 
21342.0 40064.0 
16023.0 44220.0 
16290.0 43465.0 
18016.0 41074.0 
18092.0 40466.0 
18545.0 40444.0 
18596.0 40337.0 
19912.0 40313.0 
21266.0 40312.0 
21708.0 39975.0 
25513.0 39758.0 
28763.0 39632.0 
32934.0 39512.0 
36184.0 39466.0 
42684.0 39291.0 
16571.0 42709.0 
24516.0 39974.0 
24592.0 39940.0 
Remove random   Add diversity
push: 30 pull: 114
Final PF: 
16023.0 43079.0 
16156.0 42028.0 
16595.0 41796.0 
16816.0 41651.0 
16956.0 41540.0 
16990.0 41387.0 
17516.0 41155.0 
21342.0 40064.0 
21708.0 39975.0 
24516.0 39974.0 
24592.0 39916.0 
25513.0 39758.0 
28763.0 39632.0 
31937.0 39629.0 
32013.0 39573.0 
18596.0 40337.0 
19912.0 40313.0 
32934.0 39512.0 
36108.0 39509.0 
36184.0 39386.0 
47776.0 39196.0 
51026.0 39159.0 
54200.0 39158.0 
18016.0 41083.0 
18092.0 40466.0 
18545.0 40444.0 
21266.0 40310.0 
28687.0 39757.0 
40355.0 39279.0 
Remove worst   Add new
push: 45 pull: 117
Final PF: 
16816.0 41651.0 
16956.0 41540.0 
16990.0 41387.0 
17516.0 41155.0 
21342.0 40064.0 
16290.0 43465.0 
24592.0 39915.0 
32013.0 39572.0 
40355.0 39367.0 
16023.0 44220.0 
18016.0 41074.0 
18092.0 40466.0 
18545.0 40444.0 
18596.0 40337.0 
19912.0 40313.0 
21266.0 40310.0 
21708.0 39975.0 
24516.0 39972.0 
25513.0 39758.0 
28763.0 39632.0 
32934.0 39512.0 
36184.0 39386.0 
43605.0 39317.0 
46855.0 39117.0 
16571.0 42709.0 
Remove worst   Add random
push: 19 pull: 99
Final PF: 
16816.0 41651.0 
16956.0 41540.0 
16990.0 41387.0 
17516.0 41155.0 
19912.0 40313.0 
21266.0 40310.0 
21342.0 40064.0 
21708.0 39975.0 
24592.0 39916.0 
25513.0 39758.0 
31937.0 39629.0 
32013.0 39573.0 
43605.0 39317.0 
18545.0 40444.0 
18596.0 40337.0 
16023.0 43018.0 
16156.0 42575.0 
16595.0 42343.0 
18092.0 40466.0 
24516.0 39972.0 
18016.0 41074.0 
28763.0 39631.0 
32934.0 39512.0 
36184.0 39386.0 
46855.0 39117.0 
Remove worst   Add best
push: 44 pull: 134
Final PF: 
16816.0 41651.0 
16956.0 41540.0 
16990.0 41387.0 
17516.0 41155.0 
21342.0 40064.0 
16290.0 43465.0 
24592.0 39915.0 
32013.0 39572.0 
40355.0 39367.0 
16023.0 44220.0 
18016.0 41074.0 
18092.0 40466.0 
18545.0 40444.0 
18596.0 40337.0 
19912.0 40313.0 
21266.0 40310.0 
21708.0 39975.0 
24516.0 39972.0 
25513.0 39758.0 
28763.0 39632.0 
32934.0 39512.0 
36184.0 39386.0 
43605.0 39317.0 
46855.0 39117.0 
16571.0 42709.0 
Remove worst   Add diversity
push: 31 pull: 113
Final PF: 
16816.0 41651.0 
16956.0 41540.0 
16990.0 41387.0 
17516.0 41155.0 
19912.0 40313.0 
21266.0 40310.0 
21342.0 40064.0 
21708.0 39975.0 
28763.0 39632.0 
31937.0 39631.0 
32013.0 39596.0 
43605.0 39317.0 
36184.0 39386.0 
16023.0 42410.0 
16595.0 42178.0 
18092.0 40466.0 
18545.0 40444.0 
18596.0 40337.0 
25513.0 39758.0 
18016.0 41074.0 
24516.0 39972.0 
24592.0 39916.0 
27894.0 39757.0 
32934.0 39512.0 
46855.0 39117.0 
linkage migration
push: 14 pull: 56
Final PF: 
16816.0 41651.0 
16956.0 41540.0 
16990.0 41387.0 
17516.0 41155.0 
18016.0 41074.0 
18092.0 40466.0 
18596.0 40337.0 
19912.0 40313.0 
21266.0 40310.0 
21342.0 40064.0 
21708.0 39975.0 
24592.0 39916.0 
25513.0 39758.0 
28687.0 39757.0 
28763.0 39631.0 
32013.0 39573.0 
32934.0 39525.0 
39434.0 39340.0 
42684.0 39304.0 
46855.0 39282.0 
16023.0 43506.0 
16256.0 42952.0 
16515.0 41942.0 
16595.0 41710.0 
18545.0 40444.0 
24516.0 39972.0 
36184.0 39386.0 
39358.0 39383.0 
24820.0 39865.0 
36108.0 39524.0 



---------------------------------------
Quality Indicator Results: 

for each remove method 
Remove random   


 GD: 
47762.64
48042.696
46864.776
49078.549


 D1R: 
44326.263
44236.558
44326.263
44326.263
DCI: 
0.407
0.519
0.37
0.815


 IGD: 
665.821
479.521
822.953
91.75


 HV: 
0.986
0.995
0.984
1.0


Remove worst   


 GD: 
47998.112
47685.32
47998.112
47778.38


 D1R: 
44326.263
44326.263
44326.263
44326.263
DCI: 
0.833
0.821
0.833
0.859


 IGD: 
81.913
173.362
81.913
126.092


 HV: 
0.994
0.999
0.994
1.0



---------------------------------------
for each add method
Add new


 GD: 
47762.64
47998.112


 D1R: 
44326.263
44326.263
DCI: 
0.787
0.96


 IGD: 
4.583
38.39


 HV: 
0.999
1.0


Add random


 GD: 
48042.696
47685.32


 D1R: 
44236.558
44326.263
DCI: 
0.638
0.739


 IGD: 
6.045
247.423


 HV: 
1.0
0.991


Add best


 GD: 
46864.776
47998.112


 D1R: 
44326.263
44326.263
DCI: 
0.72
0.96


 IGD: 
140.091
38.39


 HV: 
0.996
1.0


Add diversity


 GD: 
49078.549
47778.38


 D1R: 
44326.263
44326.263
DCI: 
0.815
0.778


 IGD: 
41.672
569.977


 HV: 
1.0
0.999



---------------------------------------
 results for all together 

Remove nothing   Add nothing
Remove random   Add new
Remove random   Add random
Remove random   Add best
Remove random   Add diversity
Remove worst   Add new
Remove worst   Add random
Remove worst   Add best
Remove worst   Add diversity
Linkage migration


 GD: 
47179.7
47762.64
48042.696
46864.776
49078.549
47998.112
47685.32
47998.112
47778.38
48229.896


 D1R: 
44353.652
44326.263
44236.558
44326.263
44326.263
44326.263
44326.263
44326.263
44326.263
44326.263
DCI: 
0.071
0.333
0.452
0.31
0.571
0.524
0.548
0.524
0.548
0.548


 IGD: 
690.863
328.615
188.768
697.733
223.819
240.136
488.075
240.136
445.223
175.278


 HV: 
0.978
0.986
0.995
0.984
1.0
0.995
0.998
0.995
0.999
0.993


---------------------------------------
 actions for all together 

57 0
50 136
18 77
49 149
30 114
45 117
19 99
44 134
31 113
14 56

