seeds 1022 factoryScale8 numberOfIslands5 numberOfReplacement1 notImprovedInARow 3

remove and add nothing
push: 55 pull: 0
Final PF: 
18596.0 40337.0 
19912.0 40313.0 
21266.0 40310.0 
21708.0 39975.0 
25513.0 39758.0 
36184.0 39386.0 
21342.0 40064.0 
24516.0 39974.0 
24592.0 39939.0 
16571.0 41792.0 
17171.0 40744.0 
39434.0 39351.0 
16156.0 41879.0 
16595.0 41647.0 
16956.0 41536.0 
17095.0 41473.0 
28763.0 39631.0 
31937.0 39630.0 
32934.0 39548.0 
36108.0 39523.0 
16990.0 41501.0 
18092.0 40561.0 
18545.0 40544.0 
Remove random   Add new
push: 50 pull: 150
Final PF: 
18596.0 40337.0 
19912.0 40313.0 
21266.0 40310.0 
21708.0 39975.0 
25513.0 39758.0 
36184.0 39386.0 
21342.0 40064.0 
24516.0 39974.0 
24592.0 39939.0 
16571.0 41792.0 
17171.0 40744.0 
39434.0 39351.0 
16156.0 41879.0 
16595.0 41647.0 
16956.0 41536.0 
17095.0 41473.0 
28763.0 39631.0 
31937.0 39630.0 
32934.0 39548.0 
36108.0 39523.0 
16990.0 41501.0 
18092.0 40561.0 
18545.0 40544.0 
24820.0 39924.0 
Remove random   Add random
push: 24 pull: 95
Final PF: 
16023.0 42322.0 
16156.0 41879.0 
17171.0 40744.0 
18092.0 40496.0 
18596.0 40337.0 
19912.0 40313.0 
21266.0 40310.0 
21342.0 40064.0 
21708.0 39975.0 
24516.0 39974.0 
24592.0 39915.0 
25513.0 39758.0 
28763.0 39631.0 
18545.0 40474.0 
16515.0 41382.0 
16595.0 41150.0 
17095.0 41087.0 
36108.0 39511.0 
39434.0 39334.0 
27894.0 39757.0 
28687.0 39756.0 
31937.0 39630.0 
32934.0 39512.0 
36184.0 39385.0 
24820.0 39905.0 
32013.0 39613.0 
Remove random   Add best
push: 51 pull: 148
Final PF: 
17171.0 40744.0 
18596.0 40337.0 
19912.0 40313.0 
21266.0 40310.0 
21708.0 39975.0 
25513.0 39758.0 
36184.0 39386.0 
21342.0 40064.0 
24516.0 39974.0 
24592.0 39939.0 
16571.0 41792.0 
39434.0 39351.0 
16156.0 41879.0 
16595.0 41647.0 
16956.0 41536.0 
17095.0 41473.0 
28763.0 39631.0 
31937.0 39630.0 
32934.0 39548.0 
36108.0 39523.0 
16990.0 41501.0 
18092.0 40561.0 
18545.0 40544.0 
Remove random   Add diversity
push: 35 pull: 118
Final PF: 
16023.0 42316.0 
16156.0 41879.0 
18596.0 40337.0 
19912.0 40313.0 
21266.0 40310.0 
21342.0 40064.0 
21708.0 39975.0 
24592.0 39939.0 
25513.0 39758.0 
36184.0 39385.0 
39434.0 39327.0 
16515.0 41382.0 
16595.0 41150.0 
17095.0 41087.0 
17171.0 40744.0 
24820.0 39884.0 
32013.0 39573.0 
27894.0 39757.0 
28687.0 39756.0 
28763.0 39631.0 
32934.0 39512.0 
36108.0 39511.0 
18092.0 40466.0 
18545.0 40449.0 
24516.0 39972.0 
31937.0 39629.0 
Remove worst   Add new
push: 47 pull: 138
Final PF: 
18596.0 40337.0 
19912.0 40313.0 
21266.0 40310.0 
21708.0 39975.0 
25513.0 39758.0 
36184.0 39386.0 
21342.0 40064.0 
24516.0 39974.0 
16571.0 41792.0 
17171.0 40744.0 
24592.0 39915.0 
24820.0 39884.0 
39434.0 39351.0 
16156.0 41879.0 
16595.0 41647.0 
16956.0 41536.0 
17095.0 41473.0 
28687.0 39757.0 
28763.0 39631.0 
31937.0 39630.0 
32013.0 39573.0 
32934.0 39525.0 
36108.0 39511.0 
16990.0 41501.0 
18092.0 40561.0 
18545.0 40544.0 
Remove worst   Add random
push: 18 pull: 89
Final PF: 
16571.0 41792.0 
16990.0 41396.0 
17171.0 40744.0 
18092.0 40466.0 
18545.0 40444.0 
18596.0 40337.0 
19912.0 40313.0 
21266.0 40310.0 
21342.0 40064.0 
21708.0 39975.0 
25513.0 39758.0 
28687.0 39755.0 
31937.0 39629.0 
32934.0 39512.0 
36184.0 39386.0 
39358.0 39385.0 
40355.0 39279.0 
43605.0 39153.0 
16023.0 44535.0 
16595.0 41647.0 
24516.0 39974.0 
24592.0 39915.0 
39434.0 39351.0 
24820.0 39884.0 
16156.0 41879.0 
16956.0 41536.0 
27894.0 39757.0 
28763.0 39631.0 
32013.0 39573.0 
36108.0 39511.0 
Remove worst   Add best
push: 37 pull: 122
Final PF: 
16023.0 42322.0 
16156.0 41879.0 
16595.0 41150.0 
17171.0 40744.0 
18596.0 40337.0 
19912.0 40313.0 
21266.0 40310.0 
21708.0 39975.0 
24516.0 39974.0 
25513.0 39758.0 
36184.0 39386.0 
17095.0 41069.0 
21342.0 40064.0 
24592.0 39939.0 
16515.0 41382.0 
24820.0 39884.0 
39434.0 39351.0 
28687.0 39757.0 
28763.0 39631.0 
31937.0 39630.0 
32013.0 39573.0 
32934.0 39525.0 
36108.0 39511.0 
18092.0 40496.0 
18545.0 40479.0 
46855.0 39298.0 
50029.0 39297.0 
Remove worst   Add diversity
push: 33 pull: 109
Final PF: 
16023.0 42316.0 
16156.0 41879.0 
18596.0 40337.0 
19912.0 40313.0 
21266.0 40310.0 
21342.0 40064.0 
21708.0 39975.0 
25513.0 39758.0 
39434.0 39351.0 
18092.0 40466.0 
18545.0 40444.0 
24516.0 39974.0 
31937.0 39630.0 
16515.0 41382.0 
16595.0 41150.0 
17095.0 41087.0 
17171.0 40744.0 
24820.0 39884.0 
24592.0 39916.0 
28687.0 39756.0 
28763.0 39631.0 
32013.0 39573.0 
32934.0 39512.0 
36108.0 39511.0 
36184.0 39385.0 
46855.0 39285.0 
50029.0 39284.0 
linkage migration
push: 16 pull: 58
Final PF: 
18596.0 40337.0 
19912.0 40313.0 
21266.0 40310.0 
21342.0 40064.0 
21708.0 39975.0 
24592.0 39915.0 
25513.0 39758.0 
28687.0 39755.0 
32013.0 39573.0 
32934.0 39512.0 
36184.0 39386.0 
39434.0 39327.0 
40355.0 39279.0 
43605.0 39153.0 
16515.0 41563.0 
16595.0 41168.0 
17095.0 41069.0 
18092.0 40466.0 
18545.0 40444.0 
24820.0 39865.0 
17171.0 40744.0 
16023.0 42322.0 
16156.0 41879.0 
24516.0 39972.0 
28763.0 39631.0 
31937.0 39630.0 
46855.0 39094.0 
54276.0 39019.0 



---------------------------------------
Quality Indicator Results: 

for each remove method 
Remove random   


 GD: 
47099.831
47424.486
47103.728
47420.961


 D1R: 
44214.441
44214.441
44214.441
44214.441
DCI: 
0.397
0.718
0.397
0.962


 IGD: 
116.319
4.808
123.802
1.192


 HV: 
0.99
0.999
0.99
1.0


Remove worst   


 GD: 
47316.984
48386.345
48489.768
48486.224


 D1R: 
44214.441
44214.441
44214.441
44214.441
DCI: 
0.583
0.845
0.655
0.821


 IGD: 
273.889
54.775
181.502
178.232


 HV: 
0.99
1.0
0.995
0.996



---------------------------------------
for each add method
Add new


 GD: 
47099.831
47316.984


 D1R: 
44214.441
44214.441
DCI: 
0.769
1.0


 IGD: 
13.121
0.0


 HV: 
0.997
1.0


Add random


 GD: 
47424.486
48386.345


 D1R: 
44214.441
44214.441
DCI: 
0.762
0.81


 IGD: 
38.727
57.372


 HV: 
1.0
0.997


Add best


 GD: 
47103.728
48489.768


 D1R: 
44214.441
44214.441
DCI: 
0.519
1.0


 IGD: 
370.5
0.0


 HV: 
0.993
1.0


Add diversity


 GD: 
47420.961
48486.224


 D1R: 
44214.441
44214.441
DCI: 
0.857
0.881


 IGD: 
275.893
30.37


 HV: 
1.0
1.0



---------------------------------------
 results for all together 

Remove nothing   Add nothing
Remove random   Add new
Remove random   Add random
Remove random   Add best
Remove random   Add diversity
Remove worst   Add new
Remove worst   Add random
Remove worst   Add best
Remove worst   Add diversity
Linkage migration


 GD: 
47103.728
47099.831
47424.486
47103.728
47420.961
47316.984
48386.345
48489.768
48486.224
49063.345


 D1R: 
44214.441
44214.441
44214.441
44214.441
44214.441
44214.441
44214.441
44214.441
44214.441
44214.441
DCI: 
0.344
0.344
0.578
0.344
0.722
0.444
0.689
0.511
0.667
0.811


 IGD: 
542.847
536.616
437.843
542.847
434.087
522.046
166.526
183.829
180.224
39.527


 HV: 
0.981
0.981
0.986
0.981
0.987
0.982
0.995
0.987
0.988
1.0


---------------------------------------
 actions for all together 

55 0
50 150
24 95
51 148
35 118
47 138
18 89
37 122
33 109
16 58

