seeds 1004 factoryScale9 numberOfIslands5 numberOfReplacement1 notImprovedInARow 3

remove and add nothing
push: 58 pull: 0
Final PF: 
16990.0 41417.0 
17516.0 41185.0 
16816.0 41763.0 
21708.0 39975.0 
24516.0 39974.0 
28763.0 39632.0 
18092.0 40466.0 
18545.0 40444.0 
18596.0 40337.0 
19912.0 40313.0 
21266.0 40310.0 
25513.0 39758.0 
31937.0 39629.0 
32934.0 39525.0 
43605.0 39317.0 
16023.0 43604.0 
16156.0 42540.0 
16515.0 42497.0 
16595.0 42308.0 
16956.0 41576.0 
18016.0 41110.0 
21342.0 40064.0 
24592.0 39916.0 
36184.0 39385.0 
Remove random   Add new
push: 51 pull: 152
Final PF: 
16990.0 41417.0 
17516.0 41185.0 
16816.0 41763.0 
21708.0 39975.0 
24516.0 39974.0 
28763.0 39632.0 
18596.0 40337.0 
19912.0 40313.0 
21266.0 40310.0 
25513.0 39758.0 
28687.0 39755.0 
31937.0 39629.0 
32934.0 39525.0 
43605.0 39317.0 
18092.0 40466.0 
18545.0 40444.0 
16023.0 43604.0 
16156.0 42540.0 
16515.0 42497.0 
16595.0 42308.0 
16956.0 41576.0 
18016.0 41110.0 
21342.0 40064.0 
24592.0 39916.0 
36184.0 39385.0 
Remove random   Add random
push: 22 pull: 95
Final PF: 
16515.0 41770.0 
16816.0 41366.0 
17516.0 41134.0 
18545.0 40444.0 
19912.0 40313.0 
21342.0 40064.0 
28763.0 39631.0 
32934.0 39525.0 
18016.0 41053.0 
18092.0 40466.0 
18596.0 40337.0 
21708.0 39975.0 
24592.0 39916.0 
43605.0 39317.0 
21266.0 40310.0 
24820.0 39884.0 
25513.0 39758.0 
36184.0 39385.0 
46779.0 39316.0 
24516.0 39972.0 
32013.0 39596.0 
16023.0 43604.0 
16156.0 42540.0 
27894.0 39757.0 
28687.0 39755.0 
31937.0 39628.0 
Remove random   Add best
push: 46 pull: 139
Final PF: 
16990.0 41387.0 
16816.0 41681.0 
16956.0 41570.0 
21708.0 39975.0 
24516.0 39974.0 
18596.0 40337.0 
19912.0 40313.0 
21266.0 40310.0 
25513.0 39758.0 
31937.0 39629.0 
32934.0 39525.0 
43605.0 39317.0 
17516.0 41155.0 
18092.0 40466.0 
18545.0 40444.0 
16023.0 43604.0 
16156.0 42540.0 
16515.0 42497.0 
16595.0 42308.0 
18016.0 41074.0 
21342.0 40064.0 
24592.0 39916.0 
28763.0 39631.0 
36184.0 39385.0 
Remove random   Add diversity
push: 36 pull: 121
Final PF: 
16023.0 43604.0 
16156.0 42540.0 
43605.0 39317.0 
16515.0 41770.0 
16816.0 41366.0 
17516.0 41134.0 
18016.0 41053.0 
18092.0 40466.0 
18545.0 40444.0 
18596.0 40337.0 
19912.0 40313.0 
21708.0 39975.0 
25513.0 39758.0 
32934.0 39512.0 
21266.0 40310.0 
36184.0 39385.0 
46779.0 39316.0 
21342.0 40064.0 
24516.0 39972.0 
24592.0 39916.0 
27894.0 39757.0 
28687.0 39755.0 
28763.0 39631.0 
31937.0 39628.0 
Remove worst   Add new
push: 46 pull: 133
Final PF: 
16990.0 41417.0 
21708.0 39975.0 
17516.0 41173.0 
18016.0 41074.0 
18596.0 40337.0 
19912.0 40313.0 
21266.0 40310.0 
25513.0 39758.0 
28687.0 39755.0 
31937.0 39629.0 
32934.0 39525.0 
43605.0 39317.0 
18092.0 40466.0 
18545.0 40444.0 
21342.0 40064.0 
16023.0 43604.0 
16156.0 41932.0 
16595.0 41700.0 
16956.0 41576.0 
24516.0 39972.0 
24592.0 39915.0 
28763.0 39631.0 
32013.0 39573.0 
36184.0 39385.0 
46779.0 39303.0 
49529.0 39156.0 
Remove worst   Add random
push: 21 pull: 98
Final PF: 
16156.0 41932.0 
16956.0 41570.0 
16990.0 41396.0 
17516.0 41164.0 
18092.0 40466.0 
19912.0 40313.0 
21708.0 39975.0 
24516.0 39972.0 
24592.0 39916.0 
25513.0 39758.0 
32934.0 39525.0 
18545.0 40444.0 
16023.0 42369.0 
16595.0 41700.0 
17745.0 41162.0 
18016.0 41074.0 
18596.0 40337.0 
21266.0 40310.0 
28687.0 39755.0 
31937.0 39629.0 
32013.0 39573.0 
43605.0 39317.0 
21342.0 40064.0 
39434.0 39351.0 
28763.0 39631.0 
36184.0 39385.0 
Remove worst   Add best
push: 46 pull: 135
Final PF: 
16990.0 41417.0 
16816.0 41763.0 
21708.0 39975.0 
17516.0 41173.0 
18016.0 41074.0 
18596.0 40337.0 
19912.0 40313.0 
21266.0 40310.0 
25513.0 39758.0 
28687.0 39755.0 
31937.0 39629.0 
32934.0 39525.0 
43605.0 39317.0 
16156.0 42540.0 
16595.0 42308.0 
18092.0 40466.0 
18545.0 40444.0 
21342.0 40064.0 
24592.0 39916.0 
16023.0 43604.0 
16515.0 42497.0 
16956.0 41536.0 
24516.0 39972.0 
28763.0 39631.0 
32013.0 39573.0 
36184.0 39385.0 
39434.0 39351.0 
Remove worst   Add diversity
push: 30 pull: 96
Final PF: 
16023.0 43604.0 
21708.0 39975.0 
24516.0 39972.0 
25513.0 39758.0 
28687.0 39755.0 
32934.0 39525.0 
36108.0 39522.0 
43605.0 39317.0 
16515.0 41770.0 
16816.0 41366.0 
17516.0 41134.0 
18016.0 41053.0 
21342.0 40064.0 
28763.0 39631.0 
36184.0 39385.0 
18596.0 40337.0 
19912.0 40313.0 
21266.0 40310.0 
31937.0 39629.0 
18092.0 40466.0 
18545.0 40444.0 
46779.0 39303.0 
16156.0 41932.0 
16595.0 41700.0 
24592.0 39916.0 
32013.0 39573.0 
39434.0 39351.0 
linkage migration
push: 23 pull: 85
Final PF: 
18092.0 40466.0 
18545.0 40444.0 
18596.0 40337.0 
19912.0 40313.0 
21342.0 40064.0 
21708.0 39975.0 
24516.0 39974.0 
25513.0 39758.0 
28763.0 39631.0 
16515.0 41861.0 
16875.0 41617.0 
32013.0 39573.0 
32934.0 39512.0 
36184.0 39385.0 
39434.0 39327.0 
40355.0 39279.0 
43605.0 39153.0 
21266.0 40310.0 
24820.0 39865.0 
28687.0 39755.0 
31937.0 39629.0 
16023.0 42375.0 
16156.0 41932.0 
16595.0 41700.0 
24592.0 39915.0 
51026.0 39071.0 
16956.0 41576.0 
16990.0 41396.0 
17516.0 41164.0 
18016.0 41083.0 



---------------------------------------
Quality Indicator Results: 

for each remove method 
Remove random   


 GD: 
47021.39
47955.453
46930.812
47872.385


 D1R: 
44326.263
44326.263
44326.263
44326.263
DCI: 
0.59
0.962
0.564
0.923


 IGD: 
187.981
0.5
194.529
12.027


 HV: 
0.997
1.0
0.997
1.0


Remove worst   


 GD: 
48418.286
47460.913
47483.744
48326.999


 D1R: 
44326.263
44326.263
44326.263
44326.263
DCI: 
0.75
0.738
0.631
0.917


 IGD: 
150.402
342.563
386.598
114.704


 HV: 
0.998
1.0
0.995
1.0



---------------------------------------
for each add method
Add new


 GD: 
47021.39
48418.286


 D1R: 
44326.263
44326.263
DCI: 
0.667
1.0


 IGD: 
165.13
0.0


 HV: 
0.996
1.0


Add random


 GD: 
47955.453
47460.913


 D1R: 
44326.263
44326.263
DCI: 
0.821
0.738


 IGD: 
142.499
161.861


 HV: 
0.996
1.0


Add best


 GD: 
46930.812
47483.744


 D1R: 
44326.263
44326.263
DCI: 
0.815
0.889


 IGD: 
130.593
4.815


 HV: 
0.998
1.0


Add diversity


 GD: 
47872.385
48326.999


 D1R: 
44326.263
44326.263
DCI: 
0.815
0.914


 IGD: 
142.376
30.37


 HV: 
0.997
1.0



---------------------------------------
 results for all together 

Remove nothing   Add nothing
Remove random   Add new
Remove random   Add random
Remove random   Add best
Remove random   Add diversity
Remove worst   Add new
Remove worst   Add random
Remove worst   Add best
Remove worst   Add diversity
Linkage migration


 GD: 
46937.927
47021.39
47955.453
46930.812
47872.385
48418.286
47460.913
47483.744
48326.999
48216.467


 D1R: 
44326.263
44326.263
44326.263
44326.263
44326.263
44326.263
44326.263
44326.263
44326.263
44326.263
DCI: 
0.379
0.414
0.644
0.391
0.678
0.575
0.598
0.494
0.701
0.747


 IGD: 
344.577
336.38
265.626
342.175
275.356
303.913
88.833
132.868
93.223
40.342


 HV: 
0.983
0.983
0.985
0.983
0.985
0.988
0.989
0.984
0.989
1.0


---------------------------------------
 actions for all together 

58 0
51 152
22 95
46 139
36 121
46 133
21 98
46 135
30 96
23 85

