seeds 1004 factoryScale7 numberOfIslands5 numberOfReplacement1 notImprovedInARow 3

remove and add nothing
push: 48 pull: 0
Final PF: 
25513.0 243537.0 
27043.0 243372.0 
28763.0 242727.0 
32013.0 242700.0 
36184.0 241576.0 
21342.0 248770.0 
21708.0 246447.0 
22136.0 246270.0 
19980.0 256327.0 
20066.0 255765.0 
20742.0 254627.0 
24937.0 246073.0 
Remove random   Add new
push: 31 pull: 99
Final PF: 
25513.0 243232.0 
27043.0 243133.0 
28763.0 242584.0 
32013.0 242542.0 
32934.0 242302.0 
36184.0 241576.0 
21342.0 248770.0 
21708.0 246370.0 
22136.0 246270.0 
22902.0 246006.0 
24801.0 245845.0 
24820.0 245788.0 
19505.0 259824.0 
19980.0 256327.0 
20066.0 255765.0 
20742.0 254627.0 
21266.0 252544.0 
21657.0 248617.0 
Remove random   Add random
push: 13 pull: 52
Final PF: 
20838.0 251577.0 
21266.0 250771.0 
25513.0 243474.0 
27043.0 243372.0 
27190.0 243345.0 
28763.0 242727.0 
32013.0 242700.0 
36184.0 241576.0 
19980.0 256327.0 
20766.0 253725.0 
21342.0 245976.0 
21708.0 245927.0 
22263.0 245888.0 
22461.0 245109.0 
18856.0 257535.0 
20066.0 255765.0 
20742.0 254091.0 
Remove random   Add best
push: 30 pull: 93
Final PF: 
21708.0 246370.0 
25513.0 243529.0 
27043.0 243372.0 
28763.0 242694.0 
36184.0 241576.0 
21342.0 248770.0 
22136.0 246270.0 
22902.0 246006.0 
24801.0 245845.0 
24820.0 245788.0 
19505.0 260150.0 
19980.0 256327.0 
20066.0 255765.0 
20742.0 254627.0 
21266.0 254408.0 
Remove random   Add diversity
push: 16 pull: 66
Final PF: 
19505.0 255783.0 
25513.0 243395.0 
27043.0 243372.0 
27190.0 243345.0 
27792.0 243164.0 
28763.0 242364.0 
36184.0 241576.0 
21108.0 251210.0 
21342.0 248257.0 
21708.0 245828.0 
20066.0 255765.0 
20742.0 254627.0 
20857.0 254186.0 
22263.0 245638.0 
24731.0 245135.0 
Remove worst   Add new
push: 41 pull: 118
Final PF: 
25513.0 243537.0 
27043.0 243372.0 
28763.0 242727.0 
32013.0 242700.0 
36184.0 241576.0 
21342.0 248770.0 
21708.0 246370.0 
22136.0 246270.0 
22902.0 246006.0 
24801.0 245845.0 
24820.0 245788.0 
19505.0 260061.0 
19980.0 256327.0 
20066.0 255765.0 
20742.0 254627.0 
Remove worst   Add random
push: 16 pull: 59
Final PF: 
19980.0 256327.0 
25513.0 243474.0 
27043.0 243372.0 
27190.0 243345.0 
28763.0 242727.0 
32013.0 242700.0 
32934.0 242664.0 
34611.0 242593.0 
36184.0 241576.0 
21342.0 245683.0 
22263.0 245678.0 
24801.0 245420.0 
20066.0 255765.0 
19505.0 260061.0 
20742.0 254627.0 
24516.0 245635.0 
Remove worst   Add best
push: 31 pull: 95
Final PF: 
21708.0 246297.0 
25513.0 243537.0 
27043.0 243372.0 
28763.0 242727.0 
32013.0 242700.0 
36184.0 241576.0 
21342.0 248770.0 
22136.0 246270.0 
22902.0 246006.0 
19505.0 260061.0 
19980.0 256327.0 
20066.0 255765.0 
20742.0 254627.0 
24801.0 245134.0 
Remove worst   Add diversity
push: 22 pull: 75
Final PF: 
19980.0 256327.0 
25513.0 243537.0 
27043.0 243372.0 
27190.0 243345.0 
28763.0 242727.0 
32013.0 242700.0 
32934.0 242664.0 
36184.0 241576.0 
21342.0 246406.0 
21708.0 246272.0 
22136.0 245896.0 
24750.0 245328.0 
19505.0 260053.0 
20066.0 255765.0 
20742.0 254627.0 
20857.0 254131.0 
linkage migration
push: 26 pull: 85
Final PF: 
21708.0 243524.0 
31006.0 240533.0 
18615.0 257274.0 
19980.0 256327.0 
20066.0 255765.0 
20742.0 254627.0 
20838.0 253999.0 
32013.0 239503.0 
35187.0 238523.0 
21266.0 252582.0 
21342.0 247482.0 
24801.0 242779.0 
27690.0 241208.0 
27894.0 240868.0 



---------------------------------------
Quality Indicator Results: 

for each remove method 
Remove random   


 GD: 
249170.961
249432.159
249944.532
248813.622


 D1R: 
244270.845
244270.845
244270.845
244064.784
DCI: 
0.294
0.529
0.118
0.412


 IGD: 
633.377
189.013
1048.198
476.548


 HV: 
0.978
1.0
0.966
0.997


Remove worst   


 GD: 
249241.793
248419.272
249343.484
249118.734


 D1R: 
244270.845
244270.845
244270.845
244270.845
DCI: 
0.389
0.778
0.444
0.667


 IGD: 
353.791
50.464
312.317
181.881


 HV: 
0.987
1.0
0.989
0.996



---------------------------------------
for each add method
Add new


 GD: 
249170.961
249241.793


 D1R: 
244270.845
244270.845
DCI: 
1.0
0.556


 IGD: 
0.0
254.634


 HV: 
1.0
0.988


Add random


 GD: 
249432.159
248419.272


 D1R: 
244270.845
244270.845
DCI: 
0.778
0.667


 IGD: 
183.213
590.765


 HV: 
1.0
0.978


Add best


 GD: 
249944.532
249343.484


 D1R: 
244270.845
244270.845
DCI: 
0.786
0.786


 IGD: 
58.305
43.495


 HV: 
0.998
1.0


Add diversity


 GD: 
248813.622
249118.734


 D1R: 
244064.784
244270.845
DCI: 
0.867
0.467


 IGD: 
49.276
369.436


 HV: 
1.0
0.977



---------------------------------------
 results for all together 

Remove nothing   Add nothing
Remove random   Add new
Remove random   Add random
Remove random   Add best
Remove random   Add diversity
Remove worst   Add new
Remove worst   Add random
Remove worst   Add best
Remove worst   Add diversity
Linkage migration


 GD: 
248670.414
249170.961
249432.159
249944.532
248813.622
249241.793
248419.272
249343.484
249118.734
248775.974


 D1R: 
244270.845
244270.845
244270.845
244270.845
244064.784
244270.845
244270.845
244270.845
244270.845
241104.431
DCI: 
0.062
0.062
0.312
0.062
0.188
0.062
0.125
0.062
0.062
0.562


 IGD: 
1675.407
1404.907
927.553
1800.124
1155.408
1669.166
1781.573
1664.925
1684.879
470.731


 HV: 
0.859
0.872
0.892
0.862
0.89
0.862
0.873
0.863
0.869
1.0


---------------------------------------
 actions for all together 

48 0
31 99
13 52
30 93
16 66
41 118
16 59
31 95
22 75
26 85

