seeds 1005 factoryScale10 numberOfIslands5 numberOfReplacement1 notImprovedInARow 3

remove and add nothing
push: 60 pull: 0
Final PF: 
16571.0 41792.0 
17171.0 40744.0 
18596.0 40337.0 
19912.0 40313.0 
21266.0 40312.0 
25513.0 39782.0 
32934.0 39536.0 
36184.0 39490.0 
16816.0 41620.0 
18092.0 40466.0 
18545.0 40444.0 
21708.0 39999.0 
27843.0 39765.0 
47776.0 39361.0 
16515.0 42071.0 
21342.0 40064.0 
24592.0 39915.0 
24820.0 39865.0 
28763.0 39671.0 
32013.0 39572.0 
39434.0 39404.0 
Remove random   Add new
push: 57 pull: 163
Final PF: 
16571.0 41792.0 
17171.0 40744.0 
18596.0 40337.0 
19912.0 40313.0 
21266.0 40312.0 
25513.0 39782.0 
16816.0 41620.0 
18092.0 40466.0 
18545.0 40444.0 
21708.0 39999.0 
27843.0 39765.0 
47776.0 39361.0 
16515.0 42071.0 
21342.0 40064.0 
24592.0 39915.0 
24820.0 39865.0 
28763.0 39671.0 
32013.0 39572.0 
32934.0 39531.0 
36184.0 39406.0 
39434.0 39363.0 
Remove random   Add random
push: 21 pull: 109
Final PF: 
17171.0 40744.0 
18092.0 40466.0 
18596.0 40337.0 
19912.0 40313.0 
21266.0 40312.0 
21708.0 39999.0 
25513.0 39782.0 
28763.0 39671.0 
36184.0 39490.0 
21342.0 40064.0 
32934.0 39525.0 
18545.0 40444.0 
24516.0 39974.0 
27843.0 39765.0 
39434.0 39404.0 
46855.0 39310.0 
24592.0 39915.0 
24820.0 39865.0 
32013.0 39572.0 
16515.0 41334.0 
16595.0 41102.0 
17095.0 41039.0 
Remove random   Add best
push: 43 pull: 140
Final PF: 
16595.0 41102.0 
17171.0 40744.0 
18092.0 40466.0 
18596.0 40337.0 
19912.0 40313.0 
21266.0 40312.0 
25513.0 39782.0 
32934.0 39536.0 
18545.0 40444.0 
21708.0 39999.0 
24516.0 39974.0 
27843.0 39765.0 
28763.0 39656.0 
31937.0 39631.0 
36184.0 39468.0 
47776.0 39361.0 
21342.0 40064.0 
24592.0 39915.0 
24820.0 39865.0 
32013.0 39572.0 
16515.0 41334.0 
17095.0 41039.0 
39434.0 39404.0 
Remove random   Add diversity
push: 43 pull: 145
Final PF: 
16571.0 41792.0 
17171.0 40744.0 
18596.0 40337.0 
19912.0 40313.0 
21266.0 40312.0 
25513.0 39782.0 
16816.0 41620.0 
32013.0 39572.0 
32934.0 39525.0 
39434.0 39340.0 
16595.0 41704.0 
18092.0 40466.0 
18545.0 40444.0 
21708.0 39999.0 
24516.0 39974.0 
27843.0 39765.0 
28763.0 39656.0 
31937.0 39631.0 
36184.0 39406.0 
16515.0 42071.0 
21342.0 40064.0 
24592.0 39915.0 
24820.0 39865.0 
Remove worst   Add new
push: 54 pull: 155
Final PF: 
16571.0 41792.0 
17171.0 40744.0 
18596.0 40337.0 
19912.0 40313.0 
21266.0 40312.0 
25513.0 39782.0 
16816.0 41620.0 
18092.0 40466.0 
18545.0 40444.0 
24516.0 39974.0 
27843.0 39765.0 
28763.0 39656.0 
47776.0 39361.0 
16515.0 42071.0 
21342.0 40064.0 
24592.0 39915.0 
24820.0 39865.0 
32013.0 39572.0 
21708.0 39975.0 
28687.0 39755.0 
32934.0 39531.0 
36184.0 39406.0 
39434.0 39363.0 
Remove worst   Add random
push: 18 pull: 102
Final PF: 
17171.0 40744.0 
18092.0 40466.0 
18596.0 40337.0 
19912.0 40313.0 
21266.0 40312.0 
21708.0 39975.0 
25513.0 39782.0 
27843.0 39765.0 
32013.0 39572.0 
39434.0 39340.0 
24820.0 39865.0 
32934.0 39525.0 
18545.0 40444.0 
24516.0 39974.0 
28687.0 39754.0 
31937.0 39631.0 
21342.0 40064.0 
24592.0 39915.0 
16515.0 41267.0 
16595.0 41035.0 
17095.0 40972.0 
28763.0 39632.0 
36184.0 39386.0 
43605.0 39152.0 
Remove worst   Add best
push: 45 pull: 144
Final PF: 
16571.0 41792.0 
16990.0 41387.0 
17171.0 40744.0 
18092.0 40466.0 
18596.0 40337.0 
19912.0 40313.0 
21266.0 40312.0 
25513.0 39782.0 
16816.0 41620.0 
16515.0 42071.0 
18545.0 40444.0 
24516.0 39974.0 
27843.0 39765.0 
28763.0 39656.0 
31937.0 39631.0 
47776.0 39361.0 
21342.0 40064.0 
24592.0 39915.0 
24820.0 39865.0 
32013.0 39572.0 
21708.0 39975.0 
28687.0 39755.0 
32934.0 39531.0 
36184.0 39406.0 
39434.0 39363.0 
Remove worst   Add diversity
push: 34 pull: 130
Final PF: 
17171.0 40744.0 
18596.0 40337.0 
19912.0 40313.0 
25513.0 39782.0 
27843.0 39765.0 
46855.0 39304.0 
32013.0 39572.0 
36184.0 39399.0 
39434.0 39340.0 
18092.0 40466.0 
18545.0 40444.0 
31937.0 39631.0 
21342.0 40064.0 
24592.0 39915.0 
24820.0 39865.0 
16515.0 41382.0 
16595.0 41150.0 
17095.0 41087.0 
21266.0 40310.0 
21708.0 39975.0 
24516.0 39972.0 
28687.0 39755.0 
28763.0 39632.0 
32934.0 39524.0 
linkage migration
push: 18 pull: 90
Final PF: 
18596.0 40337.0 
19912.0 40313.0 
21266.0 40310.0 
21342.0 40064.0 
21708.0 39975.0 
24516.0 39972.0 
25513.0 39758.0 
28687.0 39755.0 
28763.0 39631.0 
36184.0 39386.0 
40355.0 39303.0 
46855.0 39094.0 
16515.0 41267.0 
16595.0 41035.0 
17171.0 40744.0 
24592.0 39915.0 
39434.0 39326.0 
17095.0 40954.0 
18092.0 40466.0 
18545.0 40444.0 
24820.0 39865.0 
36108.0 39509.0 
32013.0 39572.0 
27894.0 39757.0 
31937.0 39629.0 
32934.0 39511.0 
43605.0 39152.0 
46779.0 39150.0 



---------------------------------------
Quality Indicator Results: 

for each remove method 
Remove random   


 GD: 
47907.394
47752.054
47920.17
47251.991


 D1R: 
44214.441
44214.441
44214.441
44214.441
DCI: 
0.609
0.826
0.826
0.826


 IGD: 
105.167
10.27
45.061
377.844


 HV: 
0.996
0.995
0.995
1.0


Remove worst   


 GD: 
47910.416
47814.489
47903.041
47934.496


 D1R: 
44214.441
44214.441
44214.441
44214.441
DCI: 
0.528
0.903
0.569
0.778


 IGD: 
236.71
0.208
228.69
150.523


 HV: 
0.979
1.0
0.979
0.988



---------------------------------------
for each add method
Add new


 GD: 
47907.394
47910.416


 D1R: 
44214.441
44214.441
DCI: 
0.826
1.0


 IGD: 
10.804
0.0


 HV: 
0.998
1.0


Add random


 GD: 
47752.054
47814.489


 D1R: 
44214.441
44214.441
DCI: 
0.583
1.0


 IGD: 
26.698
135.577


 HV: 
0.966
1.0


Add best


 GD: 
47920.17
47903.041


 D1R: 
44214.441
44214.441
DCI: 
0.792
0.875


 IGD: 
10.7
50.288


 HV: 
0.996
1.0


Add diversity


 GD: 
47251.991
47934.496


 D1R: 
44214.441
44214.441
DCI: 
0.569
1.0


 IGD: 
60.317
0.0


 HV: 
0.993
1.0



---------------------------------------
 results for all together 

Remove nothing   Add nothing
Remove random   Add new
Remove random   Add random
Remove random   Add best
Remove random   Add diversity
Remove worst   Add new
Remove worst   Add random
Remove worst   Add best
Remove worst   Add diversity
Linkage migration


 GD: 
47911.904
47907.394
47752.054
47920.17
47251.991
47910.416
47814.489
47903.041
47934.496
49263.761


 D1R: 
44214.441
44214.441
44214.441
44214.441
44214.441
44214.441
44214.441
44214.441
44214.441
44214.441
DCI: 
0.321
0.321
0.321
0.321
0.321
0.381
0.56
0.381
0.476
0.988


 IGD: 
302.368
299.26
192.666
254.327
524.742
290.24
161.813
283.23
183.828
0.037


 HV: 
0.965
0.973
0.972
0.972
0.977
0.975
0.996
0.976
0.984
1.0


---------------------------------------
 actions for all together 

60 0
57 163
21 109
43 140
43 145
54 155
18 102
45 144
34 130
18 90

