seeds 1032 factoryScale6 numberOfIslands5 numberOfReplacement1 notImprovedInARow 3

remove and add nothing
push: 57 pull: 0
Final PF: 
18596.0 40402.0 
19912.0 40378.0 
18092.0 40702.0 
18545.0 40680.0 
21342.0 40104.0 
21708.0 39975.0 
24820.0 39924.0 
25513.0 39798.0 
28763.0 39672.0 
32013.0 39573.0 
36184.0 39386.0 
39434.0 39367.0 
43605.0 39153.0 
46855.0 39134.0 
16515.0 41448.0 
16595.0 41053.0 
17095.0 40954.0 
17171.0 40768.0 
51026.0 39070.0 
Remove random   Add new
push: 52 pull: 151
Final PF: 
21342.0 40064.0 
21708.0 39975.0 
24516.0 39974.0 
24592.0 39916.0 
24820.0 39865.0 
25513.0 39758.0 
28763.0 39632.0 
32013.0 39573.0 
36184.0 39386.0 
39434.0 39367.0 
40355.0 39319.0 
43605.0 39153.0 
46855.0 39134.0 
16515.0 41448.0 
16595.0 41053.0 
17095.0 40954.0 
17171.0 40768.0 
18092.0 40646.0 
18596.0 40337.0 
19912.0 40313.0 
51026.0 39070.0 
Remove random   Add random
push: 17 pull: 97
Final PF: 
16515.0 41448.0 
17171.0 40768.0 
18092.0 40466.0 
18596.0 40337.0 
21266.0 40312.0 
32934.0 39512.0 
39434.0 39367.0 
43605.0 39153.0 
19912.0 40313.0 
21708.0 39975.0 
24592.0 39939.0 
36184.0 39386.0 
21342.0 40064.0 
24516.0 39974.0 
25513.0 39758.0 
28763.0 39632.0 
40355.0 39279.0 
18545.0 40444.0 
24820.0 39865.0 
32013.0 39573.0 
46855.0 39134.0 
16595.0 41053.0 
17095.0 40954.0 
51026.0 39070.0 
Remove random   Add best
push: 44 pull: 132
Final PF: 
16595.0 41053.0 
18092.0 40496.0 
18545.0 40474.0 
18596.0 40367.0 
19912.0 40343.0 
21266.0 40340.0 
21342.0 40064.0 
21708.0 39975.0 
24516.0 39974.0 
24820.0 39924.0 
25513.0 39758.0 
28763.0 39632.0 
32013.0 39573.0 
36184.0 39386.0 
39434.0 39367.0 
40355.0 39279.0 
43605.0 39153.0 
46855.0 39134.0 
16515.0 41448.0 
17095.0 40954.0 
17171.0 40768.0 
51026.0 39070.0 
Remove random   Add diversity
push: 47 pull: 143
Final PF: 
18596.0 40402.0 
19912.0 40378.0 
21266.0 40377.0 
32934.0 39525.0 
18092.0 40635.0 
18545.0 40613.0 
21342.0 40064.0 
21708.0 39975.0 
24516.0 39974.0 
24820.0 39924.0 
25513.0 39758.0 
28763.0 39632.0 
32013.0 39573.0 
36184.0 39386.0 
39434.0 39367.0 
40355.0 39279.0 
43605.0 39153.0 
46855.0 39134.0 
16515.0 41448.0 
16595.0 41053.0 
17095.0 40954.0 
17171.0 40768.0 
51026.0 39070.0 
Remove worst   Add new
push: 44 pull: 125
Final PF: 
21342.0 40064.0 
21708.0 39975.0 
24516.0 39974.0 
18092.0 40496.0 
18545.0 40474.0 
18596.0 40367.0 
19912.0 40343.0 
21266.0 40342.0 
25513.0 39758.0 
32934.0 39525.0 
39434.0 39367.0 
40355.0 39279.0 
43605.0 39153.0 
46855.0 39134.0 
16515.0 41448.0 
16595.0 41053.0 
17095.0 40954.0 
17171.0 40768.0 
24592.0 39915.0 
24820.0 39884.0 
28763.0 39631.0 
32013.0 39572.0 
36184.0 39385.0 
51026.0 39070.0 
54276.0 39011.0 
Remove worst   Add random
push: 15 pull: 87
Final PF: 
16515.0 41358.0 
21342.0 40064.0 
21708.0 39975.0 
25513.0 39758.0 
32934.0 39512.0 
16595.0 41053.0 
17095.0 40954.0 
18092.0 40496.0 
18545.0 40474.0 
18596.0 40337.0 
19912.0 40313.0 
21266.0 40310.0 
28687.0 39755.0 
28763.0 39632.0 
31937.0 39629.0 
36184.0 39386.0 
43605.0 39153.0 
54276.0 39012.0 
24592.0 39916.0 
32013.0 39573.0 
16023.0 42316.0 
17171.0 40744.0 
39434.0 39367.0 
40355.0 39279.0 
46855.0 39134.0 
24516.0 39972.0 
51026.0 39070.0 
Remove worst   Add best
push: 40 pull: 132
Final PF: 
16595.0 41053.0 
18092.0 40496.0 
18545.0 40474.0 
18596.0 40367.0 
19912.0 40343.0 
21266.0 40342.0 
21342.0 40064.0 
21708.0 39975.0 
24516.0 39974.0 
24592.0 39939.0 
24820.0 39924.0 
25513.0 39758.0 
28763.0 39632.0 
31937.0 39631.0 
32013.0 39573.0 
32934.0 39525.0 
36184.0 39386.0 
39434.0 39367.0 
40355.0 39279.0 
43605.0 39153.0 
46855.0 39134.0 
16515.0 41448.0 
17095.0 40954.0 
17171.0 40768.0 
51026.0 39070.0 
Remove worst   Add diversity
push: 24 pull: 99
Final PF: 
32934.0 39512.0 
36184.0 39386.0 
40355.0 39279.0 
43605.0 39153.0 
51026.0 39070.0 
18092.0 40466.0 
18545.0 40444.0 
18596.0 40337.0 
19912.0 40313.0 
21342.0 40064.0 
21708.0 39975.0 
24592.0 39916.0 
24820.0 39884.0 
25513.0 39758.0 
28763.0 39632.0 
32013.0 39573.0 
21266.0 40310.0 
36108.0 39511.0 
39434.0 39367.0 
46855.0 39134.0 
16515.0 41448.0 
16595.0 41053.0 
17095.0 40954.0 
17171.0 40768.0 
24516.0 39972.0 
27894.0 39757.0 
linkage migration
push: 17 pull: 81
Final PF: 
18092.0 40466.0 
18545.0 40444.0 
18596.0 40337.0 
19912.0 40313.0 
21266.0 40312.0 
21342.0 40064.0 
21708.0 39975.0 
24516.0 39974.0 
25513.0 39758.0 
28763.0 39632.0 
31937.0 39631.0 
32013.0 39572.0 
32934.0 39512.0 
36184.0 39386.0 
39434.0 39351.0 
43605.0 39153.0 
16023.0 44886.0 
16290.0 43705.0 
16515.0 41267.0 
16595.0 41035.0 
17095.0 40954.0 
17171.0 40744.0 
24592.0 39915.0 
27894.0 39757.0 
46855.0 39134.0 
24820.0 39889.0 
51026.0 39070.0 



---------------------------------------
Quality Indicator Results: 

for each remove method 
Remove random   


 GD: 
49503.662
49204.686
49216.153
49328.365


 D1R: 
44236.558
44236.558
44236.558
44236.558
DCI: 
0.792
0.958
0.667
0.667


 IGD: 
63.372
0.958
51.068
24.903


 HV: 
0.993
1.0
0.995
0.994


Remove worst   


 GD: 
49915.694
49847.733
49280.229
49346.029


 D1R: 
44236.558
44214.441
44236.558
44236.558
DCI: 
0.533
0.778
0.4
0.756


 IGD: 
84.814
41.151
192.237
153.509


 HV: 
0.999
1.0
0.998
1.0



---------------------------------------
for each add method
Add new


 GD: 
49503.662
49915.694


 D1R: 
44236.558
44236.558
DCI: 
0.736
0.875


 IGD: 
54.888
3.435


 HV: 
0.996
1.0


Add random


 GD: 
49204.686
49847.733


 D1R: 
44236.558
44214.441
DCI: 
0.679
0.893


 IGD: 
51.027
10.875


 HV: 
1.0
1.0


Add best


 GD: 
49216.153
49280.229


 D1R: 
44236.558
44236.558
DCI: 
0.88
0.96


 IGD: 
44.061
0.08


 HV: 
0.997
1.0


Add diversity


 GD: 
49328.365
49346.029


 D1R: 
44236.558
44236.558
DCI: 
0.577
1.0


 IGD: 
61.804
0.0


 HV: 
0.994
1.0



---------------------------------------
 results for all together 

Remove nothing   Add nothing
Remove random   Add new
Remove random   Add random
Remove random   Add best
Remove random   Add diversity
Remove worst   Add new
Remove worst   Add random
Remove worst   Add best
Remove worst   Add diversity
Linkage migration


 GD: 
49183.439
49503.662
49204.686
49216.153
49328.365
49915.694
49847.733
49280.229
49346.029
48820.188


 D1R: 
44236.558
44236.558
44236.558
44236.558
44236.558
44236.558
44214.441
44236.558
44236.558
44214.441
DCI: 
0.211
0.422
0.533
0.333
0.333
0.433
0.678
0.333
0.656
0.678


 IGD: 
297.715
242.517
192.717
232.791
211.859
89.614
45.431
197.037
158.309
188.529


 HV: 
0.988
0.992
0.994
0.992
0.992
0.993
1.0
0.993
0.994
0.994


---------------------------------------
 actions for all together 

57 0
52 151
17 97
44 132
47 143
44 125
15 87
40 132
24 99
17 81

