seeds 1012 factoryScale7 numberOfIslands5 numberOfReplacement1 notImprovedInARow 3

remove and add nothing
push: 57 pull: 0
Final PF: 
24592.0 39980.0 
24820.0 39954.0 
28763.0 39697.0 
16290.0 43536.0 
18092.0 40466.0 
18545.0 40449.0 
18596.0 40337.0 
19912.0 40313.0 
21266.0 40312.0 
25513.0 39758.0 
32934.0 39536.0 
36184.0 39464.0 
39434.0 39429.0 
16093.0 45874.0 
21342.0 40104.0 
21708.0 40015.0 
16515.0 41382.0 
16595.0 41150.0 
17095.0 41087.0 
17171.0 40744.0 
Remove random   Add new
push: 50 pull: 143
Final PF: 
16290.0 43536.0 
18092.0 40466.0 
18596.0 40337.0 
19912.0 40313.0 
21266.0 40312.0 
21708.0 39975.0 
24516.0 39974.0 
24592.0 39939.0 
25513.0 39758.0 
28763.0 39632.0 
31937.0 39631.0 
16093.0 45874.0 
18545.0 40444.0 
21342.0 40104.0 
32934.0 39536.0 
16515.0 41382.0 
16595.0 41150.0 
17095.0 41087.0 
17171.0 40744.0 
36184.0 39386.0 
Remove random   Add random
push: 24 pull: 98
Final PF: 
17171.0 40744.0 
18596.0 40337.0 
19912.0 40313.0 
21266.0 40312.0 
21708.0 39975.0 
24592.0 39916.0 
25513.0 39758.0 
27894.0 39757.0 
28763.0 39632.0 
31937.0 39631.0 
32934.0 39536.0 
16290.0 43536.0 
16515.0 41382.0 
17095.0 41087.0 
18092.0 40466.0 
18545.0 40449.0 
36184.0 39464.0 
39434.0 39429.0 
32013.0 39596.0 
16093.0 45874.0 
21342.0 40064.0 
16595.0 41150.0 
43605.0 39304.0 
Remove random   Add best
push: 44 pull: 137
Final PF: 
16595.0 41150.0 
31937.0 39631.0 
16290.0 43536.0 
18092.0 40466.0 
18545.0 40449.0 
18596.0 40337.0 
19912.0 40313.0 
21266.0 40312.0 
21708.0 39975.0 
24516.0 39974.0 
24592.0 39939.0 
25513.0 39758.0 
28763.0 39632.0 
32934.0 39536.0 
16093.0 45874.0 
21342.0 40104.0 
16515.0 41382.0 
17095.0 41087.0 
17171.0 40744.0 
32013.0 39596.0 
36184.0 39386.0 
Remove random   Add diversity
push: 37 pull: 121
Final PF: 
24820.0 39930.0 
36184.0 39410.0 
18092.0 40466.0 
18596.0 40337.0 
19912.0 40313.0 
21266.0 40312.0 
21708.0 39975.0 
24516.0 39974.0 
24592.0 39939.0 
25513.0 39758.0 
28687.0 39757.0 
28763.0 39632.0 
31937.0 39631.0 
15590.0 46866.0 
16093.0 45414.0 
16156.0 42118.0 
32013.0 39597.0 
18545.0 40444.0 
21342.0 40064.0 
32934.0 39525.0 
16515.0 41382.0 
16595.0 41150.0 
17095.0 41087.0 
17171.0 40744.0 
Remove worst   Add new
push: 47 pull: 134
Final PF: 
36184.0 39410.0 
16290.0 43536.0 
18092.0 40466.0 
18596.0 40337.0 
19912.0 40313.0 
21266.0 40312.0 
25513.0 39758.0 
28687.0 39757.0 
32934.0 39536.0 
43605.0 39388.0 
16093.0 45874.0 
18545.0 40444.0 
21342.0 40104.0 
16515.0 41382.0 
16595.0 41150.0 
17095.0 41087.0 
17171.0 40744.0 
21708.0 39975.0 
24592.0 39939.0 
28763.0 39678.0 
32013.0 39642.0 
Remove worst   Add random
push: 23 pull: 83
Final PF: 
16093.0 45874.0 
18545.0 40444.0 
18596.0 40337.0 
24820.0 39865.0 
16290.0 43536.0 
16595.0 41150.0 
18092.0 40466.0 
19912.0 40313.0 
21266.0 40312.0 
21342.0 40064.0 
21708.0 39975.0 
24516.0 39974.0 
25513.0 39758.0 
28687.0 39757.0 
28763.0 39632.0 
32934.0 39532.0 
39434.0 39386.0 
16515.0 41382.0 
17095.0 41069.0 
17171.0 40744.0 
32013.0 39596.0 
36184.0 39409.0 
24592.0 39916.0 
Remove worst   Add best
push: 36 pull: 113
Final PF: 
16595.0 41150.0 
16290.0 43536.0 
18092.0 40466.0 
18596.0 40337.0 
19912.0 40313.0 
21266.0 40312.0 
25513.0 39758.0 
28687.0 39757.0 
16515.0 41382.0 
17095.0 41069.0 
17171.0 40744.0 
21708.0 39975.0 
24592.0 39939.0 
28763.0 39632.0 
32013.0 39596.0 
32934.0 39512.0 
36184.0 39386.0 
16093.0 45874.0 
18545.0 40444.0 
21342.0 40104.0 
Remove worst   Add diversity
push: 28 pull: 98
Final PF: 
16093.0 45379.0 
18596.0 40337.0 
19912.0 40313.0 
21708.0 39975.0 
24820.0 39889.0 
25513.0 39758.0 
28763.0 39632.0 
18092.0 40466.0 
18545.0 40449.0 
21266.0 40312.0 
24516.0 39974.0 
28687.0 39757.0 
31937.0 39631.0 
32934.0 39532.0 
15590.0 46831.0 
16290.0 43295.0 
32013.0 39596.0 
36184.0 39398.0 
39434.0 39374.0 
40355.0 39303.0 
43605.0 39152.0 
16515.0 41382.0 
16595.0 41150.0 
17095.0 41087.0 
17171.0 40744.0 
24592.0 39916.0 
21342.0 40064.0 
linkage migration
push: 14 pull: 59
Final PF: 
18092.0 40466.0 
18545.0 40444.0 
18596.0 40337.0 
19912.0 40313.0 
21266.0 40310.0 
21342.0 40064.0 
21708.0 39975.0 
24516.0 39972.0 
25513.0 39758.0 
16070.0 46351.0 
16093.0 45414.0 
16290.0 43330.0 
16515.0 41267.0 
16595.0 41035.0 
17095.0 40972.0 
32013.0 39573.0 
40355.0 39279.0 
51026.0 39095.0 
24592.0 39915.0 
24820.0 39889.0 
27894.0 39757.0 
54276.0 39012.0 
15590.0 46739.0 
28687.0 39755.0 
39434.0 39350.0 
17171.0 40744.0 
28763.0 39631.0 
32934.0 39511.0 
36184.0 39385.0 
43605.0 39177.0 



---------------------------------------
Quality Indicator Results: 

for each remove method 
Remove random   


 GD: 
46663.927
47841.142
46866.734
46991.527


 D1R: 
44214.441
44214.441
44214.441
44214.441
DCI: 
0.625
0.708
0.625
0.819


 IGD: 
452.008
107.53
448.73
344.282


 HV: 
0.996
0.994
0.996
1.0


Remove worst   


 GD: 
47346.832
47172.252
46769.856
48129.045


 D1R: 
44214.441
44214.441
44214.441
44214.441
DCI: 
0.407
0.667
0.593
0.815


 IGD: 
343.832
110.79
373.425
3.038


 HV: 
0.996
0.998
0.998
1.0



---------------------------------------
for each add method
Add new


 GD: 
46663.927
47346.832


 D1R: 
44214.441
44214.441
DCI: 
0.952
0.81


 IGD: 
6.966
10.974


 HV: 
1.0
0.998


Add random


 GD: 
47841.142
47172.252


 D1R: 
44214.441
44214.441
DCI: 
0.72
0.88


 IGD: 
17.135
210.353


 HV: 
0.998
1.0


Add best


 GD: 
46866.734
46769.856


 D1R: 
44214.441
44214.441
DCI: 
0.818
0.909


 IGD: 
8.786
7.607


 HV: 
0.999
1.0


Add diversity


 GD: 
46991.527
48129.045


 D1R: 
44214.441
44214.441
DCI: 
0.691
0.889


 IGD: 
291.137
31.957


 HV: 
1.0
0.999



---------------------------------------
 results for all together 

Remove nothing   Add nothing
Remove random   Add new
Remove random   Add random
Remove random   Add best
Remove random   Add diversity
Remove worst   Add new
Remove worst   Add random
Remove worst   Add best
Remove worst   Add diversity
Linkage migration


 GD: 
46923.632
46663.927
47841.142
46866.734
46991.527
47346.832
47172.252
46769.856
48129.045
49230.682


 D1R: 
44214.441
44214.441
44214.441
44214.441
44214.441
44214.441
44214.441
44214.441
44214.441
44214.441
DCI: 
0.167
0.278
0.311
0.244
0.322
0.233
0.344
0.3
0.344
0.867


 IGD: 
769.035
1182.138
425.302
1179.807
1098.533
643.165
714.637
1173.129
354.86
34.746


 HV: 
0.983
0.988
0.99
0.988
0.99
0.987
0.988
0.988
0.999
1.0


---------------------------------------
 actions for all together 

57 0
50 143
24 98
44 137
37 121
47 134
23 83
36 113
28 98
14 59

