seeds 1020 factoryScale1 numberOfIslands5 numberOfReplacement1 notImprovedInARow 3

remove and add nothing
push: 56 pull: 0
Final PF: 
18092.0 40466.0 
18545.0 40449.0 
21266.0 40310.0 
40355.0 39326.0 
19912.0 40313.0 
21342.0 40064.0 
21708.0 39975.0 
24592.0 39916.0 
32013.0 39573.0 
36184.0 39488.0 
16515.0 41267.0 
16595.0 41053.0 
17095.0 40954.0 
17171.0 40768.0 
18596.0 40337.0 
24516.0 39974.0 
16256.0 45435.0 
32934.0 39549.0 
16290.0 45082.0 
16495.0 44504.0 
24820.0 39884.0 
25513.0 39758.0 
28763.0 39632.0 
39434.0 39351.0 
Remove random   Add new
push: 50 pull: 151
Final PF: 
16515.0 41267.0 
16595.0 41053.0 
17095.0 40954.0 
17171.0 40768.0 
18596.0 40337.0 
24516.0 39974.0 
18092.0 40466.0 
18545.0 40449.0 
21266.0 40310.0 
40355.0 39326.0 
32934.0 39525.0 
36184.0 39399.0 
39434.0 39340.0 
19912.0 40313.0 
21342.0 40064.0 
21708.0 39975.0 
24592.0 39916.0 
28763.0 39632.0 
32013.0 39573.0 
16023.0 42375.0 
16156.0 41932.0 
24820.0 39884.0 
25513.0 39758.0 
Remove random   Add random
push: 20 pull: 106
Final PF: 
16515.0 41267.0 
16595.0 41053.0 
17095.0 40954.0 
17171.0 40768.0 
18545.0 40449.0 
18596.0 40337.0 
19912.0 40313.0 
24516.0 39974.0 
25513.0 39758.0 
28763.0 39632.0 
32013.0 39573.0 
32934.0 39525.0 
36184.0 39399.0 
18092.0 40466.0 
21266.0 40310.0 
24592.0 39916.0 
24820.0 39884.0 
40355.0 39326.0 
16256.0 45435.0 
39434.0 39340.0 
21342.0 40064.0 
21708.0 39975.0 
28687.0 39757.0 
39358.0 39398.0 
16290.0 45082.0 
16495.0 44504.0 
Remove random   Add best
push: 51 pull: 147
Final PF: 
16515.0 41267.0 
16595.0 41053.0 
17095.0 40954.0 
17171.0 40768.0 
18092.0 40466.0 
18596.0 40337.0 
24516.0 39974.0 
18545.0 40449.0 
21266.0 40310.0 
40355.0 39326.0 
16256.0 45435.0 
32934.0 39525.0 
36184.0 39488.0 
39434.0 39340.0 
19912.0 40313.0 
21342.0 40064.0 
21708.0 39975.0 
24592.0 39916.0 
25513.0 39758.0 
32013.0 39573.0 
16290.0 45082.0 
16495.0 44504.0 
24820.0 39884.0 
28763.0 39632.0 
Remove random   Add diversity
push: 41 pull: 135
Final PF: 
16256.0 45435.0 
16290.0 45082.0 
16515.0 41267.0 
16595.0 41053.0 
17095.0 40954.0 
17171.0 40768.0 
18596.0 40337.0 
39434.0 39351.0 
40355.0 39326.0 
16023.0 45546.0 
18092.0 40466.0 
18545.0 40449.0 
21266.0 40310.0 
24516.0 39972.0 
32934.0 39525.0 
36184.0 39399.0 
19912.0 40313.0 
21342.0 40064.0 
21708.0 39975.0 
24592.0 39916.0 
25513.0 39758.0 
28687.0 39757.0 
28763.0 39632.0 
31937.0 39631.0 
32013.0 39573.0 
39358.0 39398.0 
16495.0 44504.0 
24820.0 39884.0 
Remove worst   Add new
push: 49 pull: 147
Final PF: 
16515.0 41267.0 
16595.0 41053.0 
17095.0 40954.0 
17171.0 40768.0 
18596.0 40337.0 
18092.0 40466.0 
18545.0 40449.0 
21266.0 40310.0 
24516.0 39972.0 
36184.0 39485.0 
40355.0 39326.0 
43605.0 39284.0 
32934.0 39525.0 
39434.0 39340.0 
19912.0 40313.0 
21342.0 40064.0 
21708.0 39975.0 
24592.0 39916.0 
28763.0 39632.0 
32013.0 39573.0 
16023.0 42375.0 
16156.0 41932.0 
24820.0 39884.0 
25513.0 39758.0 
Remove worst   Add random
push: 25 pull: 103
Final PF: 
16515.0 41267.0 
17095.0 40954.0 
17171.0 40768.0 
18596.0 40337.0 
19912.0 40313.0 
21266.0 40310.0 
21342.0 40064.0 
21708.0 39975.0 
24516.0 39974.0 
25513.0 39758.0 
32013.0 39573.0 
16595.0 41035.0 
18092.0 40466.0 
28763.0 39632.0 
32934.0 39525.0 
40355.0 39326.0 
43605.0 39284.0 
36184.0 39399.0 
39434.0 39340.0 
24592.0 39916.0 
24820.0 39884.0 
16023.0 42375.0 
16156.0 41932.0 
18545.0 40444.0 
Remove worst   Add best
push: 49 pull: 145
Final PF: 
16515.0 41267.0 
16595.0 41053.0 
17095.0 40954.0 
17171.0 40768.0 
18092.0 40466.0 
18596.0 40337.0 
18545.0 40449.0 
21266.0 40310.0 
24516.0 39972.0 
36184.0 39485.0 
40355.0 39326.0 
43605.0 39284.0 
32934.0 39525.0 
39434.0 39340.0 
19912.0 40313.0 
21342.0 40064.0 
21708.0 39975.0 
24592.0 39916.0 
32013.0 39573.0 
16023.0 42375.0 
16156.0 41932.0 
24820.0 39884.0 
25513.0 39758.0 
28763.0 39632.0 
Remove worst   Add diversity
push: 39 pull: 122
Final PF: 
16515.0 41267.0 
16595.0 41053.0 
17095.0 40954.0 
17171.0 40768.0 
18596.0 40337.0 
24516.0 39974.0 
32013.0 39573.0 
39434.0 39351.0 
18092.0 40466.0 
21266.0 40310.0 
40355.0 39326.0 
32934.0 39525.0 
36184.0 39399.0 
16023.0 42375.0 
19912.0 40313.0 
21342.0 40064.0 
21708.0 39975.0 
24592.0 39916.0 
28763.0 39632.0 
31937.0 39631.0 
16156.0 41932.0 
18545.0 40444.0 
24820.0 39884.0 
25513.0 39758.0 
linkage migration
push: 29 pull: 96
Final PF: 
16515.0 41267.0 
17095.0 40954.0 
17171.0 40768.0 
18596.0 40337.0 
32013.0 39573.0 
39434.0 39340.0 
40355.0 39326.0 
18092.0 40466.0 
18545.0 40449.0 
21266.0 40310.0 
24516.0 39972.0 
16256.0 45435.0 
16290.0 45082.0 
21708.0 39975.0 
24592.0 39916.0 
24820.0 39865.0 
28763.0 39632.0 
31937.0 39631.0 
32934.0 39525.0 
36184.0 39386.0 
19912.0 40313.0 
21342.0 40064.0 
25513.0 39758.0 
28687.0 39757.0 
16495.0 44504.0 
16595.0 41035.0 
43605.0 39160.0 



---------------------------------------
Quality Indicator Results: 

for each remove method 
Remove random   


 GD: 
47265.196
47893.369
47524.088
48014.775


 D1R: 
44236.558
44236.558
44236.558
44236.558
DCI: 
0.846
0.846
0.731
0.885


 IGD: 
13.058
79.448
92.174
76.117


 HV: 
1.0
0.988
0.986
0.988


Remove worst   


 GD: 
47743.839
47740.384
47743.839
47416.689


 D1R: 
44236.558
44236.558
44236.558
44236.558
DCI: 
0.84
0.92
0.84
0.84


 IGD: 
8.184
3.904
8.184
131.251


 HV: 
0.996
1.0
0.996
1.0



---------------------------------------
for each add method
Add new


 GD: 
47265.196
47743.839


 D1R: 
44236.558
44236.558
DCI: 
0.917
0.958


 IGD: 
0.087
3.739


 HV: 
1.0
0.996


Add random


 GD: 
47893.369
47740.384


 D1R: 
44236.558
44236.558
DCI: 
0.808
0.923


 IGD: 
79.642
9.676


 HV: 
0.99
1.0


Add best


 GD: 
47524.088
47743.839


 D1R: 
44236.558
44236.558
DCI: 
0.792
1.0


 IGD: 
85.784
0.0


 HV: 
0.99
1.0


Add diversity


 GD: 
48014.775
47416.689


 D1R: 
44236.558
44236.558
DCI: 
0.885
0.885


 IGD: 
75.886
9.14


 HV: 
0.988
1.0



---------------------------------------
 results for all together 

Remove nothing   Add nothing
Remove random   Add new
Remove random   Add random
Remove random   Add best
Remove random   Add diversity
Remove worst   Add new
Remove worst   Add random
Remove worst   Add best
Remove worst   Add diversity
Linkage migration


 GD: 
47525.18
47265.196
47893.369
47524.088
48014.775
47743.839
47740.384
47743.839
47416.689
48111.127


 D1R: 
44236.558
44236.558
44236.558
44236.558
44236.558
44236.558
44236.558
44236.558
44236.558
44236.558
DCI: 
0.538
0.692
0.654
0.615
0.692
0.731
0.769
0.731
0.731
0.885


 IGD: 
216.969
136.506
206.574
215.623
203.243
14.727
10.611
14.727
133.06
80.655


 HV: 
0.987
1.0
0.99
0.988
0.99
0.998
1.0
0.998
1.0
0.99


---------------------------------------
 actions for all together 

56 0
50 151
20 106
51 147
41 135
49 147
25 103
49 145
39 122
29 96

