seeds 1023 factoryScale3 numberOfIslands5 numberOfReplacement1 notImprovedInARow 3

remove and add nothing
push: 59 pull: 0
Final PF: 
16990.0 41568.0 
17516.0 41173.0 
18016.0 41074.0 
21342.0 40064.0 
21708.0 39975.0 
24516.0 39972.0 
24820.0 39905.0 
28763.0 39632.0 
31937.0 39629.0 
42608.0 39347.0 
18092.0 40466.0 
18545.0 40444.0 
18596.0 40337.0 
19912.0 40313.0 
21266.0 40310.0 
24592.0 39916.0 
25513.0 39758.0 
28687.0 39757.0 
32013.0 39573.0 
32934.0 39525.0 
36184.0 39399.0 
16816.0 41612.0 
36108.0 39508.0 
16515.0 43506.0 
16571.0 42556.0 
Remove random   Add new
push: 55 pull: 165
Final PF: 
16990.0 41568.0 
17516.0 41173.0 
18016.0 41074.0 
21342.0 40064.0 
21708.0 39975.0 
24516.0 39972.0 
24592.0 39916.0 
24820.0 39889.0 
28763.0 39632.0 
31937.0 39629.0 
42608.0 39347.0 
16816.0 41612.0 
32934.0 39511.0 
36108.0 39508.0 
18092.0 40466.0 
18545.0 40444.0 
18596.0 40337.0 
19912.0 40313.0 
21266.0 40310.0 
25513.0 39758.0 
28687.0 39757.0 
32013.0 39573.0 
36184.0 39399.0 
16515.0 43506.0 
16571.0 42556.0 
Remove random   Add random
push: 22 pull: 106
Final PF: 
16122.0 43626.0 
16156.0 42822.0 
17171.0 40896.0 
18092.0 40466.0 
18545.0 40444.0 
21342.0 40064.0 
21708.0 39975.0 
24516.0 39972.0 
28763.0 39632.0 
31937.0 39629.0 
36108.0 39508.0 
40355.0 39303.0 
24592.0 39915.0 
27894.0 39757.0 
32934.0 39511.0 
36184.0 39399.0 
16495.0 42723.0 
18596.0 40337.0 
19912.0 40313.0 
21266.0 40310.0 
25513.0 39758.0 
32013.0 39573.0 
16515.0 41448.0 
16595.0 41053.0 
17095.0 40954.0 
24820.0 39865.0 
16023.0 44180.0 
Remove random   Add best
push: 46 pull: 150
Final PF: 
16816.0 41431.0 
17516.0 41173.0 
18016.0 41074.0 
18092.0 40466.0 
21342.0 40064.0 
21708.0 39975.0 
24516.0 39972.0 
24820.0 39905.0 
28763.0 39632.0 
31937.0 39629.0 
42608.0 39347.0 
36108.0 39508.0 
18545.0 40444.0 
18596.0 40337.0 
19912.0 40313.0 
21266.0 40310.0 
24592.0 39916.0 
25513.0 39758.0 
28687.0 39757.0 
32013.0 39573.0 
32934.0 39525.0 
36184.0 39399.0 
16515.0 43506.0 
16571.0 42556.0 
Remove random   Add diversity
push: 41 pull: 138
Final PF: 
21342.0 40064.0 
21708.0 39975.0 
24516.0 39972.0 
28763.0 39632.0 
31937.0 39629.0 
36108.0 39508.0 
16515.0 41515.0 
16595.0 41120.0 
17095.0 41021.0 
27894.0 39757.0 
28687.0 39754.0 
32934.0 39511.0 
36184.0 39399.0 
18092.0 40466.0 
18545.0 40444.0 
18596.0 40337.0 
19912.0 40313.0 
21266.0 40310.0 
24592.0 39916.0 
25513.0 39758.0 
32013.0 39573.0 
40355.0 39303.0 
24820.0 39865.0 
Remove worst   Add new
push: 51 pull: 135
Final PF: 
16990.0 41568.0 
17516.0 41173.0 
18016.0 41074.0 
21342.0 40064.0 
21708.0 39975.0 
24516.0 39972.0 
24592.0 39916.0 
24820.0 39865.0 
28763.0 39632.0 
31937.0 39629.0 
42684.0 39291.0 
16816.0 41612.0 
32934.0 39511.0 
36108.0 39508.0 
18092.0 40466.0 
18545.0 40444.0 
18596.0 40337.0 
19912.0 40313.0 
21266.0 40310.0 
25513.0 39758.0 
28687.0 39757.0 
32013.0 39573.0 
36184.0 39399.0 
39434.0 39340.0 
40355.0 39303.0 
43605.0 39244.0 
16515.0 43506.0 
16571.0 42556.0 
Remove worst   Add random
push: 16 pull: 91
Final PF: 
18596.0 40337.0 
19912.0 40313.0 
21342.0 40064.0 
21708.0 39975.0 
24516.0 39972.0 
24592.0 39916.0 
24820.0 39865.0 
27894.0 39757.0 
28763.0 39632.0 
31937.0 39629.0 
39358.0 39398.0 
42684.0 39291.0 
32934.0 39511.0 
36108.0 39508.0 
40355.0 39303.0 
43605.0 39244.0 
16515.0 41448.0 
16595.0 41053.0 
17095.0 40954.0 
18092.0 40466.0 
18545.0 40444.0 
21266.0 40310.0 
25513.0 39758.0 
32013.0 39573.0 
36184.0 39399.0 
39434.0 39327.0 
46855.0 39118.0 
Remove worst   Add best
push: 43 pull: 136
Final PF: 
16816.0 41366.0 
17516.0 41134.0 
21342.0 40064.0 
21708.0 39975.0 
24516.0 39972.0 
24592.0 39916.0 
24820.0 39865.0 
28763.0 39632.0 
31937.0 39629.0 
42684.0 39291.0 
32934.0 39511.0 
36108.0 39508.0 
18016.0 41053.0 
18092.0 40466.0 
18545.0 40444.0 
18596.0 40337.0 
19912.0 40313.0 
21266.0 40310.0 
25513.0 39758.0 
28687.0 39757.0 
32013.0 39573.0 
36184.0 39399.0 
39358.0 39398.0 
39434.0 39340.0 
40355.0 39303.0 
43605.0 39244.0 
16515.0 43506.0 
16571.0 42556.0 
Remove worst   Add diversity
push: 29 pull: 108
Final PF: 
16515.0 42677.0 
17516.0 41155.0 
18016.0 41074.0 
21342.0 40064.0 
21708.0 39975.0 
24516.0 39972.0 
24592.0 39916.0 
24820.0 39865.0 
28763.0 39632.0 
31937.0 39629.0 
32013.0 39573.0 
36184.0 39386.0 
39434.0 39340.0 
40355.0 39303.0 
42684.0 39291.0 
16816.0 41612.0 
32934.0 39511.0 
36108.0 39508.0 
16956.0 41567.0 
16990.0 41387.0 
18092.0 40466.0 
18545.0 40444.0 
18596.0 40337.0 
19912.0 40313.0 
21266.0 40310.0 
25513.0 39758.0 
16571.0 41792.0 
27894.0 39757.0 
43605.0 39177.0 
46855.0 39118.0 
linkage migration
push: 18 pull: 73
Final PF: 
18092.0 40466.0 
18545.0 40444.0 
18596.0 40337.0 
19912.0 40313.0 
21266.0 40310.0 
21342.0 40064.0 
21708.0 39975.0 
24516.0 39972.0 
24592.0 39915.0 
28687.0 39755.0 
31937.0 39629.0 
36184.0 39386.0 
16515.0 41267.0 
16595.0 41035.0 
17095.0 40972.0 
17171.0 40768.0 
24820.0 39865.0 
25513.0 39758.0 
36108.0 39508.0 
28763.0 39631.0 
32013.0 39572.0 
39434.0 39327.0 
40355.0 39303.0 
51026.0 39095.0 
16023.0 42375.0 
16156.0 41932.0 
43605.0 39176.0 
32934.0 39512.0 



---------------------------------------
Quality Indicator Results: 

for each remove method 
Remove random   


 GD: 
47619.253
47387.029
47726.325
47792.847


 D1R: 
44326.263
44280.276
44326.263
44326.263
DCI: 
0.56
0.964
0.524
0.702


 IGD: 
244.896
5.133
238.663
277.47


 HV: 
0.984
1.0
0.985
0.994


Remove worst   


 GD: 
48613.441
49597.171
48988.43
48830.77


 D1R: 
44326.263
44280.276
44326.263
44326.263
DCI: 
0.692
0.923
0.692
0.846


 IGD: 
213.726
3.077
203.517
50.716


 HV: 
0.991
1.0
0.993
0.996



---------------------------------------
for each add method
Add new


 GD: 
47619.253
48613.441


 D1R: 
44326.263
44326.263
DCI: 
0.821
1.0


 IGD: 
205.402
0.0


 HV: 
0.997
1.0


Add random


 GD: 
47387.029
49597.171


 D1R: 
44280.276
44280.276
DCI: 
0.844
0.833


 IGD: 
242.013
251.0


 HV: 
1.0
0.998


Add best


 GD: 
47726.325
48988.43


 D1R: 
44326.263
44326.263
DCI: 
0.643
1.0


 IGD: 
328.698
0.0


 HV: 
0.995
1.0


Add diversity


 GD: 
47792.847
48830.77


 D1R: 
44326.263
44326.263
DCI: 
0.815
0.852


 IGD: 
250.624
49.38


 HV: 
1.0
1.0



---------------------------------------
 results for all together 

Remove nothing   Add nothing
Remove random   Add new
Remove random   Add random
Remove random   Add best
Remove random   Add diversity
Remove worst   Add new
Remove worst   Add random
Remove worst   Add best
Remove worst   Add diversity
Linkage migration


 GD: 
47620.227
47619.253
47387.029
47726.325
47792.847
48613.441
49597.171
48988.43
48830.77
48691.898


 D1R: 
44326.263
44326.263
44280.276
44326.263
44326.263
44326.263
44280.276
44326.263
44326.263
44236.558
DCI: 
0.419
0.452
0.591
0.419
0.581
0.548
0.677
0.548
0.667
0.849


 IGD: 
501.518
500.518
485.339
492.733
504.867
251.278
75.991
238.255
104.231
166.389


 HV: 
0.975
0.975
0.989
0.976
0.985
0.982
0.992
0.983
0.989
1.0


---------------------------------------
 actions for all together 

59 0
55 165
22 106
46 150
41 138
51 135
16 91
43 136
29 108
18 73

