seeds 1036 factoryScale7 numberOfIslands5 numberOfReplacement1 notImprovedInARow 3

remove and add nothing
push: 49 pull: 0
Final PF: 
21342.0 250089.0 
21689.0 248957.0 
21708.0 246829.0 
22461.0 246110.0 
22680.0 246021.0 
24016.0 246015.0 
28687.0 243874.0 
28763.0 243459.0 
31937.0 243401.0 
24516.0 245692.0 
24801.0 245449.0 
20766.0 260757.0 
21266.0 254333.0 
25513.0 244635.0 
27166.0 244631.0 
27894.0 244455.0 
22263.0 246499.0 
Remove random   Add new
push: 34 pull: 108
Final PF: 
21342.0 250089.0 
21708.0 246829.0 
25513.0 244145.0 
28763.0 243253.0 
29684.0 243059.0 
31437.0 242689.0 
22263.0 245325.0 
20766.0 260757.0 
21266.0 254333.0 
21689.0 247774.0 
24592.0 244736.0 
27166.0 243382.0 
21138.0 254791.0 
Remove random   Add random
push: 15 pull: 63
Final PF: 
20742.0 263113.0 
20766.0 260757.0 
21266.0 254333.0 
21342.0 249275.0 
21638.0 248354.0 
21708.0 246226.0 
22461.0 246110.0 
22680.0 246021.0 
24016.0 246015.0 
27843.0 244274.0 
28687.0 243686.0 
28763.0 243258.0 
32934.0 243082.0 
35263.0 242683.0 
24516.0 245692.0 
24592.0 245348.0 
25513.0 244322.0 
27894.0 244118.0 
Remove random   Add best
push: 30 pull: 97
Final PF: 
21342.0 250089.0 
21708.0 246829.0 
22263.0 245525.0 
32934.0 243082.0 
25513.0 244612.0 
46279.0 243017.0 
20766.0 260757.0 
21266.0 254333.0 
21689.0 247774.0 
24592.0 244736.0 
27166.0 243382.0 
28799.0 243348.0 
21138.0 255897.0 
Remove random   Add diversity
push: 13 pull: 59
Final PF: 
20742.0 262904.0 
20766.0 260757.0 
21342.0 248556.0 
21638.0 248094.0 
21708.0 246175.0 
25513.0 243340.0 
22263.0 246080.0 
22461.0 244816.0 
24516.0 244249.0 
29684.0 243176.0 
21266.0 254333.0 
Remove worst   Add new
push: 37 pull: 112
Final PF: 
21708.0 246829.0 
28687.0 243874.0 
28763.0 243459.0 
22263.0 244262.0 
24516.0 244261.0 
24801.0 244050.0 
25513.0 244014.0 
29684.0 242828.0 
20766.0 260757.0 
21266.0 254333.0 
21689.0 248331.0 
21342.0 250029.0 
Remove worst   Add random
push: 16 pull: 59
Final PF: 
21342.0 248069.0 
21638.0 247980.0 
21708.0 245852.0 
22461.0 244570.0 
24516.0 244003.0 
28687.0 243862.0 
28763.0 243313.0 
20766.0 260757.0 
21266.0 251059.0 
22263.0 245768.0 
29684.0 242930.0 
Remove worst   Add best
push: 27 pull: 86
Final PF: 
21708.0 246829.0 
22461.0 245495.0 
28687.0 243874.0 
28763.0 243459.0 
31937.0 243401.0 
22263.0 246206.0 
23531.0 245215.0 
24516.0 244522.0 
25513.0 244429.0 
27766.0 244257.0 
27894.0 244118.0 
29684.0 243449.0 
32358.0 243344.0 
35608.0 242744.0 
20766.0 260757.0 
21266.0 254333.0 
21689.0 248331.0 
21342.0 250029.0 
Remove worst   Add diversity
push: 18 pull: 71
Final PF: 
20742.0 263113.0 
20766.0 260757.0 
21638.0 248247.0 
21708.0 246061.0 
28763.0 243459.0 
31937.0 243401.0 
32934.0 243272.0 
22263.0 245410.0 
23531.0 245199.0 
24516.0 244632.0 
29684.0 243411.0 
46279.0 243017.0 
21266.0 254333.0 
21661.0 247420.0 
25513.0 243917.0 
27166.0 243473.0 
28799.0 243439.0 
21342.0 248702.0 
21579.0 248532.0 
21657.0 248001.0 
linkage migration
push: 14 pull: 36
Final PF: 
21342.0 248627.0 
27894.0 241704.0 
32013.0 238342.0 
21689.0 244120.0 
21708.0 243775.0 
24801.0 242818.0 
20961.0 257921.0 
21266.0 252139.0 
21638.0 247488.0 
20766.0 260757.0 
24592.0 242942.0 
25513.0 242611.0 
28763.0 239386.0 
31937.0 238840.0 



---------------------------------------
Quality Indicator Results: 

for each remove method 
Remove random   


 GD: 
249013.013
248907.477
249395.331
250383.731


 D1R: 
244716.644
244952.576
244893.425
244673.801
DCI: 
0.5
0.188
0.188
0.562


 IGD: 
603.172
527.945
756.282
612.943


 HV: 
1.0
0.988
0.983
0.991


Remove worst   


 GD: 
248463.032
248286.305
247788.208
248801.482


 D1R: 
244635.601
244736.848
245152.187
244983.863
DCI: 
0.214
0.5
0.143
0.357


 IGD: 
981.917
848.737
674.928
581.034


 HV: 
1.0
0.998
0.987
0.982



---------------------------------------
for each add method
Add new


 GD: 
249013.013
248463.032


 D1R: 
244716.644
244635.601
DCI: 
0.571
0.643


 IGD: 
175.155
344.761


 HV: 
0.99
1.0


Add random


 GD: 
248907.477
248286.305


 D1R: 
244952.576
244736.848
DCI: 
0.385
0.692


 IGD: 
450.302
878.857


 HV: 
0.972
1.0


Add best


 GD: 
249395.331
247788.208


 D1R: 
244893.425
245152.187
DCI: 
0.562
0.625


 IGD: 
154.204
924.105


 HV: 
0.997
1.0


Add diversity


 GD: 
250383.731
248801.482


 D1R: 
244673.801
244983.863
DCI: 
0.6
0.533


 IGD: 
124.833
162.218


 HV: 
1.0
0.991



---------------------------------------
 results for all together 

Remove nothing   Add nothing
Remove random   Add new
Remove random   Add random
Remove random   Add best
Remove random   Add diversity
Remove worst   Add new
Remove worst   Add random
Remove worst   Add best
Remove worst   Add diversity
Linkage migration


 GD: 
248371.192
249013.013
248907.477
249395.331
250383.731
248463.032
248286.305
247788.208
248801.482
247090.035


 D1R: 
245152.187
244716.644
244952.576
244893.425
244673.801
244635.601
244736.848
245152.187
244983.863
240482.309
DCI: 
0.059
0.118
0.059
0.059
0.118
0.059
0.176
0.059
0.118
0.706


 IGD: 
1857.769
1502.759
1695.102
1611.141
1465.215
1461.415
1619.98
1707.847
1492.728
407.0


 HV: 
0.821
0.851
0.841
0.837
0.843
0.851
0.849
0.839
0.836
1.0


---------------------------------------
 actions for all together 

49 0
34 108
15 63
30 97
13 59
37 112
16 59
27 86
18 71
14 36

