seeds 1025 factoryScale7 numberOfIslands5 numberOfReplacement1 notImprovedInARow 3

remove and add nothing
push: 58 pull: 0
Final PF: 
17171.0 40768.0 
21342.0 40088.0 
24592.0 40005.0 
25513.0 39847.0 
28687.0 39822.0 
16515.0 41267.0 
16595.0 41035.0 
17095.0 40972.0 
32013.0 39690.0 
36184.0 39628.0 
39358.0 39625.0 
39434.0 39592.0 
18092.0 40466.0 
18545.0 40449.0 
18596.0 40337.0 
19912.0 40313.0 
21266.0 40312.0 
32934.0 39678.0 
21708.0 40040.0 
28763.0 39697.0 
Remove random   Add new
push: 49 pull: 148
Final PF: 
21342.0 40064.0 
21708.0 39975.0 
17171.0 40768.0 
18596.0 40337.0 
19912.0 40313.0 
21266.0 40312.0 
24592.0 39940.0 
25513.0 39758.0 
28763.0 39632.0 
31937.0 39631.0 
32934.0 39512.0 
36108.0 39511.0 
16515.0 41267.0 
16595.0 41035.0 
17095.0 40972.0 
18092.0 40466.0 
18545.0 40449.0 
24516.0 39974.0 
Remove random   Add random
push: 25 pull: 114
Final PF: 
17171.0 40768.0 
18092.0 40466.0 
18596.0 40337.0 
19912.0 40313.0 
21708.0 39975.0 
24592.0 39963.0 
25513.0 39823.0 
28763.0 39697.0 
16515.0 41267.0 
16595.0 41035.0 
24750.0 39946.0 
32013.0 39690.0 
18545.0 40444.0 
17095.0 40954.0 
21266.0 40310.0 
21342.0 40064.0 
24516.0 39974.0 
27894.0 39781.0 
32934.0 39535.0 
36184.0 39496.0 
40355.0 39490.0 
Remove random   Add best
push: 46 pull: 138
Final PF: 
16595.0 41035.0 
17171.0 40768.0 
18092.0 40466.0 
18596.0 40337.0 
19912.0 40313.0 
21342.0 40064.0 
21708.0 39975.0 
25513.0 39758.0 
28763.0 39632.0 
31937.0 39631.0 
32934.0 39512.0 
36108.0 39511.0 
16515.0 41267.0 
17095.0 40972.0 
18545.0 40444.0 
24516.0 39974.0 
24592.0 39939.0 
32013.0 39597.0 
36184.0 39410.0 
21266.0 40310.0 
Remove random   Add diversity
push: 40 pull: 128
Final PF: 
16515.0 41267.0 
16595.0 41035.0 
17171.0 40768.0 
21342.0 40064.0 
21708.0 39975.0 
24516.0 39974.0 
28763.0 39632.0 
32934.0 39629.0 
36184.0 39410.0 
25513.0 39823.0 
28687.0 39822.0 
18092.0 40466.0 
18545.0 40444.0 
18596.0 40337.0 
19912.0 40313.0 
21266.0 40312.0 
17095.0 40954.0 
24592.0 39916.0 
24820.0 39884.0 
31937.0 39631.0 
35263.0 39601.0 
39434.0 39351.0 
42684.0 39315.0 
Remove worst   Add new
push: 53 pull: 152
Final PF: 
21342.0 40064.0 
21708.0 39975.0 
24516.0 39974.0 
32934.0 39629.0 
36184.0 39503.0 
17171.0 40768.0 
25513.0 39847.0 
28687.0 39822.0 
16515.0 41267.0 
16595.0 41035.0 
17095.0 40972.0 
32013.0 39690.0 
18092.0 40466.0 
18545.0 40444.0 
18596.0 40337.0 
19912.0 40313.0 
21266.0 40312.0 
24592.0 39940.0 
28763.0 39697.0 
Remove worst   Add random
push: 21 pull: 90
Final PF: 
16595.0 41035.0 
17171.0 40768.0 
18092.0 40466.0 
18545.0 40444.0 
18596.0 40337.0 
21266.0 40312.0 
21342.0 40064.0 
21708.0 39975.0 
24516.0 39974.0 
19912.0 40313.0 
24592.0 39916.0 
25513.0 39758.0 
28763.0 39632.0 
31937.0 39631.0 
32934.0 39512.0 
36108.0 39511.0 
36184.0 39386.0 
16515.0 41267.0 
17095.0 40954.0 
Remove worst   Add best
push: 44 pull: 131
Final PF: 
16595.0 41035.0 
17171.0 40768.0 
18092.0 40466.0 
21342.0 40064.0 
21708.0 39975.0 
24516.0 39974.0 
18596.0 40337.0 
19912.0 40313.0 
24592.0 39916.0 
25513.0 39758.0 
28763.0 39632.0 
31937.0 39631.0 
32934.0 39512.0 
36108.0 39511.0 
36184.0 39386.0 
16515.0 41267.0 
17095.0 40972.0 
18545.0 40444.0 
21266.0 40310.0 
Remove worst   Add diversity
push: 38 pull: 127
Final PF: 
21342.0 40064.0 
21708.0 39975.0 
24516.0 39974.0 
28763.0 39632.0 
36184.0 39398.0 
17171.0 40768.0 
25513.0 39823.0 
28687.0 39822.0 
16515.0 41267.0 
16595.0 41035.0 
32934.0 39525.0 
39434.0 39363.0 
18092.0 40466.0 
18545.0 40444.0 
18596.0 40337.0 
19912.0 40313.0 
21266.0 40312.0 
24592.0 39916.0 
32013.0 39597.0 
17095.0 40954.0 
24820.0 39908.0 
42684.0 39355.0 
linkage migration
push: 20 pull: 78
Final PF: 
18092.0 40466.0 
18545.0 40444.0 
18596.0 40337.0 
19912.0 40313.0 
21342.0 40064.0 
21708.0 39975.0 
24516.0 39972.0 
24592.0 39915.0 
25513.0 39758.0 
28687.0 39757.0 
32934.0 39512.0 
36108.0 39511.0 
39434.0 39340.0 
16515.0 41267.0 
16595.0 41035.0 
17171.0 40768.0 
43605.0 39153.0 
17095.0 40954.0 
21266.0 40310.0 
28763.0 39631.0 
36184.0 39386.0 
40355.0 39286.0 
16156.0 44066.0 
24820.0 39865.0 
31937.0 39629.0 
32013.0 39573.0 
46855.0 39094.0 



---------------------------------------
Quality Indicator Results: 

for each remove method 
Remove random   


 GD: 
46548.601
47150.982
47114.421
47859.82


 D1R: 
44236.558
44236.558
44236.558
44236.558
DCI: 
0.609
0.522
0.783
0.783


 IGD: 
173.786
71.71
160.276
17.894


 HV: 
0.982
0.971
1.0
0.991


Remove worst   


 GD: 
46700.297
46911.433
46912.214
47624.486


 D1R: 
44236.558
44236.558
44236.558
44236.558
DCI: 
0.435
0.783
0.783
0.739


 IGD: 
190.04
161.976
162.704
14.156


 HV: 
0.956
1.0
1.0
0.995



---------------------------------------
for each add method
Add new


 GD: 
46548.601
46700.297


 D1R: 
44236.558
44236.558
DCI: 
0.895
0.737


 IGD: 
0.278
24.646


 HV: 
1.0
0.965


Add random


 GD: 
47150.982
46911.433


 D1R: 
44236.558
44236.558
DCI: 
0.632
0.947


 IGD: 
18.684
212.588


 HV: 
0.971
1.0


Add best


 GD: 
47114.421
46912.214


 D1R: 
44236.558
44236.558
DCI: 
0.9
0.95


 IGD: 
1.15
5.363


 HV: 
1.0
1.0


Add diversity


 GD: 
47859.82
47624.486


 D1R: 
44236.558
44236.558
DCI: 
0.87
0.826


 IGD: 
8.663
6.924


 HV: 
0.992
1.0



---------------------------------------
 results for all together 

Remove nothing   Add nothing
Remove random   Add new
Remove random   Add random
Remove random   Add best
Remove random   Add diversity
Remove worst   Add new
Remove worst   Add random
Remove worst   Add best
Remove worst   Add diversity
Linkage migration


 GD: 
47620.523
46548.601
47150.982
47114.421
47859.82
46700.297
46911.433
46912.214
47624.486
48769.581


 D1R: 
44236.558
44236.558
44236.558
44236.558
44236.558
44236.558
44236.558
44236.558
44236.558
44236.558
DCI: 
0.222
0.432
0.407
0.506
0.42
0.333
0.568
0.568
0.42
1.0


 IGD: 
375.956
715.155
309.088
698.153
200.437
719.761
698.178
698.794
198.411
0.0


 HV: 
0.963
0.981
0.978
0.989
0.989
0.974
0.991
0.991
0.99
1.0


---------------------------------------
 actions for all together 

58 0
49 148
25 114
46 138
40 128
53 152
21 90
44 131
38 127
20 78

