seeds 1008 factoryScale1 numberOfIslands5 numberOfReplacement1 notImprovedInARow 3

traditional MOEA/D
push: 11 pull: 0
Final PF: 
16515.0 43273.0 
16519.0 43174.0 
16816.0 42450.0 
16871.0 42338.0 
16990.0 41481.0 
17516.0 41249.0 
18016.0 41186.0 
18092.0 40466.0 
18545.0 40444.0 
18596.0 40337.0 
19912.0 40313.0 
21266.0 40310.0 
21342.0 40064.0 
21708.0 39975.0 
24516.0 39972.0 
24592.0 39915.0 
24820.0 39884.0 
25513.0 39758.0 
27894.0 39757.0 
28687.0 39755.0 
28763.0 39631.0 
31937.0 39629.0 
32013.0 39572.0 
32934.0 39511.0 
36184.0 39385.0 
39434.0 39327.0 
40355.0 39278.0 
43605.0 39152.0 
46855.0 39093.0 
remove and add nothing
push: 56 pull: 0
Final PF: 
17171.0 40744.0 
18092.0 40466.0 
18545.0 40444.0 
18596.0 40337.0 
19912.0 40313.0 
21342.0 40064.0 
21708.0 39975.0 
25513.0 39758.0 
32013.0 39573.0 
16515.0 41448.0 
16595.0 41053.0 
17095.0 40954.0 
28763.0 39631.0 
32934.0 39511.0 
36108.0 39510.0 
36184.0 39385.0 
21266.0 40310.0 
24592.0 39956.0 
24820.0 39905.0 
28687.0 39755.0 
Remove random   Add new
push: 54 pull: 158
Final PF: 
17171.0 40744.0 
18092.0 40466.0 
18545.0 40444.0 
18596.0 40337.0 
19912.0 40313.0 
21342.0 40064.0 
21708.0 39975.0 
24820.0 39884.0 
25513.0 39758.0 
32013.0 39573.0 
16515.0 41448.0 
16595.0 41053.0 
17095.0 40954.0 
28763.0 39631.0 
32934.0 39511.0 
36108.0 39510.0 
36184.0 39385.0 
21266.0 40310.0 
24592.0 39956.0 
28687.0 39755.0 
31937.0 39629.0 
Remove random   Add random
push: 21 pull: 103
Final PF: 
16515.0 41448.0 
17171.0 40744.0 
18545.0 40444.0 
21266.0 40310.0 
21708.0 39975.0 
32013.0 39573.0 
36184.0 39385.0 
16595.0 41053.0 
17095.0 40954.0 
18092.0 40466.0 
18596.0 40337.0 
19912.0 40313.0 
21342.0 40064.0 
24820.0 39884.0 
25513.0 39758.0 
27894.0 39757.0 
32934.0 39511.0 
24592.0 39940.0 
28763.0 39631.0 
36108.0 39510.0 
28687.0 39755.0 
31937.0 39629.0 
Remove random   Add best
push: 47 pull: 145
Final PF: 
16515.0 41328.0 
16595.0 41053.0 
17171.0 40744.0 
18092.0 40466.0 
18545.0 40444.0 
18596.0 40337.0 
19912.0 40313.0 
21342.0 40064.0 
21708.0 39975.0 
24820.0 39884.0 
25513.0 39758.0 
32013.0 39573.0 
17095.0 40954.0 
21266.0 40310.0 
28763.0 39631.0 
32934.0 39511.0 
36108.0 39510.0 
36184.0 39385.0 
24592.0 39955.0 
28687.0 39755.0 
31937.0 39629.0 
Remove random   Add diversity
push: 48 pull: 147
Final PF: 
17171.0 40744.0 
18092.0 40466.0 
18545.0 40444.0 
18596.0 40337.0 
19912.0 40313.0 
21342.0 40064.0 
21708.0 39975.0 
24820.0 39884.0 
25513.0 39758.0 
32013.0 39573.0 
16515.0 41448.0 
16595.0 41053.0 
17095.0 40954.0 
21266.0 40310.0 
28763.0 39631.0 
32934.0 39511.0 
36108.0 39510.0 
36184.0 39385.0 
24592.0 39955.0 
28687.0 39755.0 
31937.0 39629.0 
Remove worst   Add new
push: 54 pull: 156
Final PF: 
17171.0 40744.0 
18092.0 40466.0 
18545.0 40444.0 
18596.0 40337.0 
19912.0 40313.0 
21342.0 40064.0 
21708.0 39975.0 
24820.0 39884.0 
25513.0 39758.0 
32013.0 39573.0 
16515.0 41448.0 
16595.0 41053.0 
17095.0 40954.0 
21266.0 40310.0 
28763.0 39631.0 
32934.0 39511.0 
36108.0 39510.0 
36184.0 39385.0 
24592.0 39956.0 
28687.0 39755.0 
Remove worst   Add random
push: 21 pull: 105
Final PF: 
16515.0 41443.0 
18545.0 40444.0 
18596.0 40337.0 
19912.0 40313.0 
21342.0 40064.0 
24592.0 39916.0 
25513.0 39758.0 
27894.0 39757.0 
36108.0 39510.0 
16595.0 41053.0 
17171.0 40744.0 
18092.0 40466.0 
21266.0 40310.0 
21708.0 39975.0 
24820.0 39884.0 
28763.0 39631.0 
32013.0 39573.0 
17095.0 40954.0 
32934.0 39511.0 
36184.0 39385.0 
28687.0 39755.0 
Remove worst   Add best
push: 49 pull: 144
Final PF: 
16515.0 41328.0 
16595.0 41053.0 
17171.0 40744.0 
18092.0 40466.0 
18545.0 40444.0 
18596.0 40337.0 
19912.0 40313.0 
21342.0 40064.0 
21708.0 39975.0 
24820.0 39884.0 
25513.0 39758.0 
32013.0 39573.0 
17095.0 40954.0 
21266.0 40310.0 
28763.0 39631.0 
32934.0 39511.0 
36108.0 39510.0 
36184.0 39385.0 
24516.0 39974.0 
24592.0 39916.0 
28687.0 39755.0 
Remove worst   Add diversity
push: 39 pull: 135
Final PF: 
43605.0 39177.0 
17171.0 40744.0 
18092.0 40466.0 
18545.0 40444.0 
18596.0 40337.0 
19912.0 40313.0 
21342.0 40064.0 
21708.0 39975.0 
24592.0 39940.0 
24820.0 39884.0 
25513.0 39758.0 
32013.0 39573.0 
36184.0 39385.0 
39434.0 39327.0 
16515.0 41448.0 
16595.0 41053.0 
17095.0 40954.0 
21266.0 40310.0 
27894.0 39757.0 
28763.0 39631.0 
31937.0 39628.0 
32934.0 39511.0 
36108.0 39510.0 
39358.0 39384.0 
24516.0 39972.0 
28687.0 39755.0 
linkage migration
push: 17 pull: 65
Final PF: 
16515.0 41267.0 
16595.0 41035.0 
18092.0 40466.0 
18545.0 40444.0 
18596.0 40337.0 
21266.0 40310.0 
17171.0 40744.0 
19912.0 40313.0 
21342.0 40064.0 
21708.0 39975.0 
24592.0 39915.0 
25513.0 39758.0 
32013.0 39572.0 
39434.0 39326.0 
17095.0 40954.0 
24820.0 39865.0 
28763.0 39631.0 
43605.0 39152.0 
24516.0 39972.0 
32934.0 39511.0 
36108.0 39510.0 
36184.0 39385.0 
40355.0 39279.0 
46855.0 39118.0 
28687.0 39755.0 
31937.0 39628.0 



---------------------------------------
Quality Indicator Results: 

for each remove method 
Remove random   


 GD: 
47215.035
47275.841
47209.687
47214.995


 D1R: 
44214.441
44214.441
44214.441
44214.441
DCI: 
0.864
0.955
0.909
0.864


 IGD: 
42.227
5.455
36.727
42.182


 HV: 
1.0
1.0
1.0
1.0


Remove worst   


 GD: 
47030.974
47102.246
47017.475
48344.228


 D1R: 
44214.441
44214.441
44214.441
44214.441
DCI: 
0.692
0.769
0.769
0.923


 IGD: 
301.96
269.109
292.533
5.76


 HV: 
0.995
0.995
0.995
1.0



---------------------------------------
for each add method
Add new


 GD: 
47215.035
47030.974


 D1R: 
44214.441
44214.441
DCI: 
1.0
0.952


 IGD: 
0.0
4.495


 HV: 
1.0
1.0


Add random


 GD: 
47275.841
47102.246


 D1R: 
44214.441
44214.441
DCI: 
0.909
0.955


 IGD: 
1.318
4.291


 HV: 
1.0
1.0


Add best


 GD: 
47209.687
47017.475


 D1R: 
44214.441
44214.441
DCI: 
0.909
0.955


 IGD: 
5.334
4.291


 HV: 
1.0
1.0


Add diversity


 GD: 
47214.995
48344.228


 D1R: 
44214.441
44214.441
DCI: 
0.756
1.0


 IGD: 
292.456
0.0


 HV: 
0.995
1.0



---------------------------------------
 results for all together 

Remove nothing   Add nothing
Remove random   Add new
Remove random   Add random
Remove random   Add best
Remove random   Add diversity
Remove worst   Add new
Remove worst   Add random
Remove worst   Add best
Remove worst   Add diversity
Linkage migration


 GD: 
47031.865
47215.035
47275.841
47209.687
47214.995
47030.974
47102.246
47017.475
48344.228
48839.107


 D1R: 
44214.441
44214.441
44214.441
44214.441
44214.441
44214.441
44214.441
44214.441
44214.441
44214.441
DCI: 
0.56
0.583
0.619
0.583
0.583
0.56
0.619
0.583
0.726
0.929


 IGD: 
713.593
709.378
679.593
704.904
709.349
712.816
682.398
704.087
44.157
32.911


 HV: 
0.977
0.977
0.978
0.978
0.977
0.977
0.978
0.978
0.995
1.0


---------------------------------------
 actions for all together 

11 0
56 0
54 158
21 103
47 145
48 147
54 156
21 105
49 144
39 135
17 65

