seeds 1037 factoryScale5 numberOfIslands5 numberOfReplacement1 notImprovedInARow 3

remove and add nothing
push: 58 pull: 0
Final PF: 
21708.0 39975.0 
24516.0 39972.0 
24592.0 39916.0 
24820.0 39905.0 
28763.0 39672.0 
32013.0 39613.0 
16816.0 41742.0 
16956.0 41631.0 
25513.0 39846.0 
36184.0 39410.0 
16990.0 41461.0 
18092.0 40531.0 
18545.0 40509.0 
18596.0 40402.0 
19912.0 40378.0 
21266.0 40377.0 
21657.0 40171.0 
16515.0 43052.0 
16571.0 41943.0 
17171.0 40993.0 
21342.0 40182.0 
50105.0 39351.0 
54276.0 39245.0 
Remove random   Add new
push: 54 pull: 158
Final PF: 
21708.0 39975.0 
24516.0 39972.0 
24592.0 39916.0 
24820.0 39905.0 
28763.0 39672.0 
32013.0 39613.0 
16816.0 41742.0 
16956.0 41631.0 
25513.0 39846.0 
16990.0 41461.0 
18092.0 40531.0 
18545.0 40509.0 
18596.0 40402.0 
19912.0 40378.0 
21266.0 40377.0 
21657.0 40171.0 
16515.0 42833.0 
16571.0 41785.0 
17171.0 40835.0 
21342.0 40182.0 
28687.0 39814.0 
50105.0 39351.0 
54276.0 39245.0 
36184.0 39410.0 
Remove random   Add random
push: 20 pull: 106
Final PF: 
16816.0 41687.0 
16956.0 41631.0 
16990.0 41423.0 
17171.0 40993.0 
18092.0 40531.0 
18596.0 40337.0 
19912.0 40313.0 
21266.0 40310.0 
21342.0 40153.0 
21708.0 39975.0 
24516.0 39972.0 
24592.0 39916.0 
24820.0 39889.0 
25513.0 39758.0 
28763.0 39632.0 
32013.0 39573.0 
36184.0 39410.0 
54276.0 39245.0 
18545.0 40509.0 
16515.0 42991.0 
16571.0 41943.0 
50105.0 39351.0 
Remove random   Add best
push: 46 pull: 141
Final PF: 
16816.0 41742.0 
17171.0 40835.0 
21708.0 39975.0 
24516.0 39972.0 
24592.0 39916.0 
16990.0 41461.0 
18092.0 40531.0 
18545.0 40509.0 
18596.0 40402.0 
19912.0 40378.0 
21266.0 40377.0 
16956.0 41631.0 
16515.0 42833.0 
16571.0 41785.0 
25513.0 39836.0 
28687.0 39833.0 
42684.0 39369.0 
50105.0 39351.0 
54276.0 39245.0 
21342.0 40064.0 
24820.0 39889.0 
28763.0 39632.0 
32013.0 39573.0 
36184.0 39410.0 
Remove random   Add diversity
push: 39 pull: 133
Final PF: 
21708.0 39975.0 
24516.0 39972.0 
24592.0 39916.0 
24820.0 39905.0 
28763.0 39632.0 
31937.0 39631.0 
32013.0 39573.0 
50105.0 39351.0 
16515.0 41531.0 
16595.0 41299.0 
17095.0 41236.0 
18092.0 40531.0 
18545.0 40509.0 
21342.0 40129.0 
17171.0 40835.0 
42684.0 39369.0 
54276.0 39245.0 
18596.0 40337.0 
19912.0 40313.0 
25513.0 39758.0 
36184.0 39386.0 
Remove worst   Add new
push: 55 pull: 157
Final PF: 
21708.0 39975.0 
24516.0 39972.0 
24592.0 39916.0 
24820.0 39905.0 
28763.0 39672.0 
32013.0 39613.0 
16816.0 41742.0 
16956.0 41631.0 
16990.0 41461.0 
18092.0 40531.0 
18545.0 40509.0 
18596.0 40402.0 
19912.0 40378.0 
21266.0 40377.0 
16515.0 42833.0 
16571.0 41785.0 
17171.0 40835.0 
21342.0 40142.0 
25513.0 39836.0 
42684.0 39369.0 
50105.0 39351.0 
54276.0 39245.0 
36184.0 39410.0 
Remove worst   Add random
push: 21 pull: 97
Final PF: 
18596.0 40337.0 
19912.0 40313.0 
21708.0 39975.0 
24516.0 39972.0 
24592.0 39916.0 
25513.0 39836.0 
28763.0 39632.0 
16956.0 41631.0 
21342.0 40064.0 
50105.0 39351.0 
16990.0 41396.0 
18092.0 40466.0 
18545.0 40444.0 
21266.0 40312.0 
36184.0 39410.0 
16515.0 42833.0 
16571.0 41785.0 
17171.0 40835.0 
42684.0 39369.0 
54276.0 39245.0 
16816.0 41681.0 
24820.0 39889.0 
32013.0 39597.0 
Remove worst   Add best
push: 46 pull: 135
Final PF: 
16990.0 41396.0 
17171.0 40835.0 
21708.0 39975.0 
24516.0 39972.0 
24592.0 39916.0 
16956.0 41631.0 
16816.0 41651.0 
18092.0 40466.0 
18545.0 40444.0 
18596.0 40337.0 
19912.0 40313.0 
21266.0 40312.0 
16515.0 42833.0 
16571.0 41785.0 
25513.0 39836.0 
42684.0 39369.0 
50105.0 39351.0 
54276.0 39245.0 
21342.0 40064.0 
24820.0 39889.0 
28763.0 39632.0 
32013.0 39573.0 
36184.0 39410.0 
Remove worst   Add diversity
push: 31 pull: 118
Final PF: 
21708.0 39975.0 
24516.0 39972.0 
24592.0 39916.0 
28763.0 39632.0 
31937.0 39631.0 
32013.0 39573.0 
50105.0 39351.0 
16816.0 41681.0 
16956.0 41570.0 
16990.0 41396.0 
18092.0 40466.0 
18545.0 40444.0 
18596.0 40337.0 
19912.0 40313.0 
21266.0 40312.0 
21342.0 40064.0 
36184.0 39386.0 
16515.0 42991.0 
16571.0 41792.0 
17171.0 40744.0 
42684.0 39369.0 
54276.0 39245.0 
24820.0 39889.0 
25513.0 39758.0 
linkage migration
push: 16 pull: 61
Final PF: 
16023.0 44314.0 
16256.0 43963.0 
18092.0 40466.0 
18596.0 40337.0 
19912.0 40313.0 
21266.0 40310.0 
21342.0 40064.0 
21708.0 39975.0 
24516.0 39972.0 
24592.0 39916.0 
25513.0 39758.0 
31937.0 39629.0 
36184.0 39386.0 
16290.0 43229.0 
18545.0 40444.0 
27894.0 39757.0 
28763.0 39631.0 
32934.0 39525.0 
32013.0 39572.0 
36108.0 39510.0 
39358.0 39385.0 
39434.0 39327.0 
40355.0 39303.0 
43529.0 39278.0 
17171.0 40744.0 
24820.0 39889.0 
43605.0 39153.0 
46855.0 39118.0 
16515.0 41267.0 
16595.0 41035.0 
17095.0 40954.0 



---------------------------------------
Quality Indicator Results: 

for each remove method 
Remove random   


 GD: 
47995.358
48053.624
48506.038
48972.093


 D1R: 
44298.312
44385.611
44298.312
44298.312
DCI: 
0.364
0.636
0.591
0.864


 IGD: 
365.298
356.101
60.451
12.605


 HV: 
0.988
0.993
0.993
1.0


Remove worst   


 GD: 
48487.088
48463.73
48461.709
48561.467


 D1R: 
44298.312
44298.312
44298.312
44214.441
DCI: 
0.333
0.708
0.792
0.875


 IGD: 
41.129
16.302
14.567
8.125


 HV: 
0.992
0.995
0.996
1.0



---------------------------------------
for each add method
Add new


 GD: 
47995.358
48487.088


 D1R: 
44298.312
44298.312
DCI: 
0.875
0.958


 IGD: 
272.922
6.711


 HV: 
0.997
1.0


Add random


 GD: 
48053.624
48463.73


 D1R: 
44385.611
44298.312
DCI: 
0.609
0.87


 IGD: 
314.18
4.522


 HV: 
0.998
1.0


Add best


 GD: 
48506.038
48461.709


 D1R: 
44298.312
44298.312
DCI: 
0.708
0.958


 IGD: 
20.042
8.954


 HV: 
0.998
1.0


Add diversity


 GD: 
48972.093
48561.467


 D1R: 
44298.312
44214.441
DCI: 
0.727
0.864


 IGD: 
22.734
39.321


 HV: 
1.0
0.999



---------------------------------------
 results for all together 

Remove nothing   Add nothing
Remove random   Add new
Remove random   Add random
Remove random   Add best
Remove random   Add diversity
Remove worst   Add new
Remove worst   Add random
Remove worst   Add best
Remove worst   Add diversity
Linkage migration


 GD: 
47970.139
47995.358
48053.624
48506.038
48972.093
48487.088
48463.73
48461.709
48561.467
49158.418


 D1R: 
44385.611
44298.312
44385.611
44298.312
44298.312
44298.312
44298.312
44298.312
44214.441
44214.441
DCI: 
0.097
0.097
0.301
0.204
0.269
0.097
0.312
0.333
0.43
1.0


 IGD: 
1011.55
1025.235
1002.506
580.722
682.471
588.612
570.829
570.232
549.911
0.0


 HV: 
0.971
0.972
0.975
0.975
0.98
0.974
0.976
0.977
0.979
1.0


---------------------------------------
 actions for all together 

58 0
54 158
20 106
46 141
39 133
55 157
21 97
46 135
31 118
16 61

