seeds 1026 factoryScale7 numberOfIslands5 numberOfReplacement1 notImprovedInARow 3

remove and add nothing
push: 55 pull: 0
Final PF: 
18092.0 40496.0 
18545.0 40474.0 
21342.0 40064.0 
21708.0 39975.0 
25513.0 39758.0 
28763.0 39632.0 
32934.0 39512.0 
18596.0 40337.0 
19912.0 40313.0 
21266.0 40312.0 
24592.0 39916.0 
16515.0 41396.0 
16595.0 41053.0 
17095.0 40954.0 
17171.0 40768.0 
43605.0 39328.0 
46855.0 39268.0 
24516.0 39974.0 
36184.0 39503.0 
16495.0 44958.0 
32013.0 39603.0 
Remove random   Add new
push: 52 pull: 152
Final PF: 
18092.0 40496.0 
18545.0 40474.0 
21342.0 40064.0 
21708.0 39975.0 
25513.0 39758.0 
28763.0 39632.0 
32934.0 39512.0 
16515.0 41396.0 
16595.0 41053.0 
17095.0 40954.0 
17171.0 40768.0 
36184.0 39464.0 
43605.0 39328.0 
46855.0 39268.0 
18596.0 40337.0 
19912.0 40313.0 
21266.0 40312.0 
24592.0 39916.0 
24516.0 39974.0 
16495.0 44958.0 
32013.0 39603.0 
40355.0 39430.0 
Remove random   Add random
push: 24 pull: 90
Final PF: 
16515.0 41267.0 
16595.0 41035.0 
17095.0 40954.0 
18092.0 40496.0 
18545.0 40474.0 
21266.0 40310.0 
21342.0 40064.0 
21708.0 39975.0 
24516.0 39974.0 
24592.0 39916.0 
25513.0 39758.0 
28763.0 39632.0 
31937.0 39631.0 
32934.0 39512.0 
46855.0 39268.0 
18596.0 40337.0 
32013.0 39580.0 
36184.0 39410.0 
43605.0 39328.0 
17171.0 40744.0 
19912.0 40313.0 
16495.0 44958.0 
Remove random   Add best
push: 44 pull: 130
Final PF: 
16595.0 41035.0 
17095.0 40954.0 
17171.0 40768.0 
18092.0 40496.0 
18545.0 40474.0 
21342.0 40064.0 
21708.0 39975.0 
25513.0 39758.0 
28763.0 39632.0 
32934.0 39512.0 
16515.0 41396.0 
36184.0 39410.0 
43605.0 39328.0 
46855.0 39268.0 
18596.0 40337.0 
19912.0 40313.0 
21266.0 40312.0 
24592.0 39916.0 
24516.0 39974.0 
16495.0 44958.0 
28687.0 39757.0 
32013.0 39603.0 
Remove random   Add diversity
push: 36 pull: 120
Final PF: 
16156.0 42141.0 
18092.0 40496.0 
18545.0 40474.0 
21342.0 40064.0 
21708.0 39975.0 
25513.0 39758.0 
28763.0 39632.0 
32934.0 39512.0 
36184.0 39386.0 
43605.0 39328.0 
16515.0 41267.0 
16595.0 41053.0 
17095.0 40954.0 
17171.0 40768.0 
46855.0 39268.0 
18596.0 40337.0 
19912.0 40313.0 
21266.0 40312.0 
24516.0 39974.0 
24592.0 39916.0 
16023.0 42584.0 
27894.0 39757.0 
32013.0 39603.0 
Remove worst   Add new
push: 46 pull: 134
Final PF: 
18092.0 40496.0 
18545.0 40474.0 
21342.0 40064.0 
21708.0 39975.0 
25513.0 39758.0 
28763.0 39632.0 
32934.0 39512.0 
16515.0 41396.0 
16595.0 41053.0 
17095.0 40954.0 
17171.0 40768.0 
36184.0 39410.0 
39434.0 39374.0 
43605.0 39328.0 
46855.0 39268.0 
16156.0 48034.0 
18596.0 40337.0 
19912.0 40313.0 
21266.0 40312.0 
24592.0 39916.0 
24516.0 39974.0 
16495.0 44958.0 
32013.0 39603.0 
Remove worst   Add random
push: 25 pull: 105
Final PF: 
16515.0 41267.0 
16595.0 41035.0 
17095.0 40954.0 
17171.0 40768.0 
18092.0 40496.0 
18545.0 40474.0 
19912.0 40313.0 
21266.0 40312.0 
21342.0 40064.0 
21708.0 39975.0 
24516.0 39974.0 
25513.0 39758.0 
28763.0 39632.0 
32013.0 39596.0 
32934.0 39512.0 
36184.0 39386.0 
39434.0 39350.0 
43605.0 39328.0 
46855.0 39268.0 
18596.0 40337.0 
24592.0 39916.0 
16495.0 44958.0 
Remove worst   Add best
push: 42 pull: 118
Final PF: 
16515.0 41267.0 
16595.0 41035.0 
17095.0 40954.0 
17171.0 40768.0 
18092.0 40496.0 
18545.0 40474.0 
21342.0 40064.0 
21708.0 39975.0 
25513.0 39758.0 
28763.0 39632.0 
32934.0 39512.0 
36184.0 39410.0 
39434.0 39374.0 
43605.0 39328.0 
46855.0 39268.0 
18596.0 40337.0 
19912.0 40313.0 
21266.0 40312.0 
24592.0 39916.0 
24516.0 39974.0 
16495.0 44958.0 
32013.0 39603.0 
Remove worst   Add diversity
push: 30 pull: 109
Final PF: 
16515.0 41267.0 
16595.0 41035.0 
17095.0 40954.0 
17171.0 40768.0 
18092.0 40496.0 
18545.0 40474.0 
21342.0 40064.0 
21708.0 39975.0 
25513.0 39758.0 
28763.0 39632.0 
32934.0 39512.0 
36184.0 39386.0 
43605.0 39328.0 
16023.0 44441.0 
39434.0 39374.0 
46855.0 39268.0 
18596.0 40337.0 
19912.0 40313.0 
21266.0 40310.0 
24592.0 39916.0 
32013.0 39573.0 
16290.0 43375.0 
24516.0 39974.0 
linkage migration
push: 19 pull: 71
Final PF: 
18092.0 40466.0 
18545.0 40444.0 
18596.0 40337.0 
19912.0 40313.0 
21266.0 40310.0 
21342.0 40064.0 
21708.0 39975.0 
24592.0 39916.0 
25513.0 39758.0 
28763.0 39632.0 
32934.0 39512.0 
36184.0 39386.0 
16515.0 41396.0 
16595.0 41053.0 
17095.0 40954.0 
17171.0 40768.0 
28687.0 39755.0 
32013.0 39573.0 
24516.0 39972.0 
46855.0 39141.0 
16023.0 43516.0 
16156.0 43073.0 
16495.0 43010.0 
31937.0 39629.0 
24820.0 39865.0 
27894.0 39757.0 
36108.0 39509.0 
39358.0 39383.0 
39434.0 39327.0 
40355.0 39279.0 
43605.0 39171.0 
46779.0 39150.0 



---------------------------------------
Quality Indicator Results: 

for each remove method 
Remove random   


 GD: 
48283.189
48022.256
47944.524
47693.089


 D1R: 
44236.558
44214.441
44236.558
44236.558
DCI: 
0.583
0.833
0.625
0.792


 IGD: 
139.407
135.529
132.868
6.166


 HV: 
0.989
0.991
0.991
1.0


Remove worst   


 GD: 
48355.39
48241.782
48243.603
48130.539


 D1R: 
44236.558
44236.558
44236.558
44236.558
DCI: 
0.652
0.826
0.739
0.957


 IGD: 
109.707
100.925
103.316
1.043


 HV: 
0.992
0.993
0.992
1.0



---------------------------------------
for each add method
Add new


 GD: 
48283.189
48355.39


 D1R: 
44236.558
44236.558
DCI: 
0.87
1.0


 IGD: 
177.014
0.0


 HV: 
0.998
1.0


Add random


 GD: 
48022.256
48241.782


 D1R: 
44214.441
44236.558
DCI: 
0.913
0.826


 IGD: 
142.372
5.464


 HV: 
0.998
1.0


Add best


 GD: 
47944.524
48243.603


 D1R: 
44236.558
44236.558
DCI: 
0.913
0.957


 IGD: 
146.922
6.36


 HV: 
0.999
1.0


Add diversity


 GD: 
47693.089
48130.539


 D1R: 
44236.558
44236.558
DCI: 
0.833
0.875


 IGD: 
137.501
110.735


 HV: 
1.0
0.995



---------------------------------------
 results for all together 

Remove nothing   Add nothing
Remove random   Add new
Remove random   Add random
Remove random   Add best
Remove random   Add diversity
Remove worst   Add new
Remove worst   Add random
Remove worst   Add best
Remove worst   Add diversity
Linkage migration


 GD: 
47897.077
48283.189
48022.256
47944.524
47693.089
48355.39
48241.782
48243.603
48130.539
49177.881


 D1R: 
44236.558
44236.558
44214.441
44236.558
44236.558
44236.558
44236.558
44236.558
44236.558
44236.558
DCI: 
0.29
0.29
0.419
0.323
0.452
0.29
0.387
0.355
0.452
0.839


 IGD: 
462.877
208.462
459.988
453.017
357.046
173.664
175.744
176.694
156.921
50.158


 HV: 
0.984
0.985
0.987
0.986
0.998
0.987
0.988
0.987
0.995
1.0


---------------------------------------
 actions for all together 

55 0
52 152
24 90
44 130
36 120
46 134
25 105
42 118
30 109
19 71

