seeds 1024 factoryScale7 numberOfIslands5 numberOfReplacement1 notImprovedInARow 3

remove and add nothing
push: 57 pull: 0
Final PF: 
16990.0 41478.0 
18092.0 40466.0 
18545.0 40444.0 
24592.0 39939.0 
16495.0 45717.0 
32013.0 39612.0 
17345.0 41442.0 
17516.0 41191.0 
18016.0 41128.0 
18596.0 40337.0 
21266.0 40312.0 
21342.0 40088.0 
25513.0 39782.0 
39358.0 39407.0 
39434.0 39369.0 
43605.0 39346.0 
46779.0 39325.0 
16515.0 44854.0 
16726.0 43707.0 
16816.0 41834.0 
16956.0 41567.0 
19912.0 40313.0 
21708.0 39975.0 
24516.0 39974.0 
27894.0 39781.0 
28763.0 39632.0 
32934.0 39536.0 
36184.0 39410.0 
Remove random   Add new
push: 54 pull: 156
Final PF: 
16990.0 41478.0 
18092.0 40466.0 
18545.0 40444.0 
21342.0 40064.0 
24592.0 39939.0 
16495.0 45717.0 
32013.0 39612.0 
17345.0 41442.0 
17516.0 41191.0 
18016.0 41128.0 
18596.0 40337.0 
21266.0 40312.0 
28687.0 39757.0 
39358.0 39407.0 
39434.0 39369.0 
43605.0 39346.0 
46779.0 39325.0 
16515.0 44854.0 
16726.0 43707.0 
16816.0 41834.0 
16956.0 41567.0 
19912.0 40313.0 
21708.0 39975.0 
24516.0 39974.0 
25513.0 39758.0 
28763.0 39632.0 
32934.0 39512.0 
36184.0 39410.0 
Remove random   Add random
push: 18 pull: 103
Final PF: 
16156.0 44781.0 
16816.0 41600.0 
16956.0 41567.0 
16990.0 41387.0 
17516.0 41155.0 
18016.0 41074.0 
18092.0 40466.0 
18545.0 40444.0 
18596.0 40337.0 
19912.0 40313.0 
21342.0 40064.0 
21708.0 39975.0 
24516.0 39972.0 
24592.0 39915.0 
25513.0 39758.0 
27894.0 39757.0 
28763.0 39631.0 
32013.0 39572.0 
32934.0 39511.0 
39358.0 39407.0 
39434.0 39326.0 
16515.0 42425.0 
16595.0 42193.0 
36184.0 39410.0 
16023.0 45618.0 
21266.0 40310.0 
24820.0 39908.0 
46779.0 39325.0 
Remove random   Add best
push: 49 pull: 152
Final PF: 
16990.0 41478.0 
18092.0 40466.0 
18545.0 40444.0 
21342.0 40064.0 
24592.0 39939.0 
16495.0 45717.0 
17345.0 41442.0 
17516.0 41191.0 
18016.0 41128.0 
18596.0 40337.0 
21266.0 40312.0 
25513.0 39782.0 
27843.0 39765.0 
32013.0 39597.0 
39358.0 39407.0 
39434.0 39369.0 
43605.0 39346.0 
46779.0 39325.0 
16515.0 44854.0 
16726.0 43707.0 
16816.0 41834.0 
16956.0 41567.0 
19912.0 40313.0 
21708.0 39975.0 
24516.0 39974.0 
28763.0 39632.0 
32934.0 39536.0 
36184.0 39410.0 
Remove random   Add diversity
push: 38 pull: 125
Final PF: 
16156.0 44781.0 
18092.0 40466.0 
18545.0 40444.0 
21342.0 40064.0 
24592.0 39915.0 
32013.0 39572.0 
39434.0 39369.0 
42684.0 39304.0 
46855.0 39094.0 
16515.0 42425.0 
16595.0 42193.0 
16816.0 41745.0 
16023.0 45962.0 
16990.0 41423.0 
17516.0 41191.0 
21266.0 40310.0 
36184.0 39410.0 
18016.0 41110.0 
18596.0 40337.0 
24516.0 39974.0 
32934.0 39532.0 
39358.0 39390.0 
16956.0 41567.0 
19912.0 40313.0 
21708.0 39975.0 
25513.0 39758.0 
28763.0 39632.0 
Remove worst   Add new
push: 53 pull: 153
Final PF: 
16990.0 41478.0 
18092.0 40466.0 
18545.0 40444.0 
21342.0 40064.0 
24592.0 39939.0 
16495.0 45717.0 
17345.0 41442.0 
17516.0 41191.0 
18016.0 41110.0 
18596.0 40337.0 
21266.0 40312.0 
25513.0 39782.0 
28687.0 39757.0 
32013.0 39597.0 
39358.0 39407.0 
39434.0 39369.0 
43605.0 39346.0 
46779.0 39325.0 
16515.0 44854.0 
16726.0 43707.0 
16816.0 41834.0 
16956.0 41567.0 
19912.0 40313.0 
21708.0 39975.0 
24516.0 39974.0 
27894.0 39781.0 
28763.0 39632.0 
32934.0 39536.0 
36184.0 39410.0 
Remove worst   Add random
push: 17 pull: 97
Final PF: 
16515.0 43878.0 
16726.0 42731.0 
16816.0 41834.0 
17516.0 41191.0 
18016.0 41074.0 
18092.0 40466.0 
18545.0 40444.0 
18596.0 40337.0 
19912.0 40313.0 
21342.0 40064.0 
21708.0 39975.0 
24592.0 39939.0 
25513.0 39758.0 
28763.0 39632.0 
32013.0 39596.0 
24516.0 39972.0 
16495.0 45717.0 
16990.0 41423.0 
21266.0 40310.0 
28687.0 39755.0 
31937.0 39629.0 
32934.0 39512.0 
43605.0 39346.0 
24820.0 39889.0 
27894.0 39757.0 
36184.0 39393.0 
39434.0 39369.0 
46779.0 39325.0 
16956.0 41567.0 
Remove worst   Add best
push: 53 pull: 151
Final PF: 
16990.0 41478.0 
18092.0 40466.0 
18545.0 40444.0 
21342.0 40064.0 
24592.0 39939.0 
16956.0 41567.0 
16495.0 45717.0 
17345.0 41442.0 
17516.0 41191.0 
18016.0 41110.0 
18596.0 40337.0 
21266.0 40312.0 
25513.0 39782.0 
28687.0 39757.0 
32013.0 39597.0 
39358.0 39407.0 
39434.0 39369.0 
43605.0 39346.0 
46779.0 39325.0 
16515.0 44854.0 
16726.0 43707.0 
16816.0 41834.0 
19912.0 40313.0 
21708.0 39975.0 
24516.0 39974.0 
27894.0 39781.0 
28763.0 39632.0 
32934.0 39536.0 
36184.0 39410.0 
Remove worst   Add diversity
push: 28 pull: 110
Final PF: 
16156.0 44781.0 
18092.0 40466.0 
18545.0 40444.0 
18596.0 40337.0 
19912.0 40313.0 
21342.0 40064.0 
21708.0 39975.0 
24516.0 39972.0 
24592.0 39939.0 
28763.0 39631.0 
32013.0 39572.0 
36184.0 39385.0 
39434.0 39339.0 
42684.0 39304.0 
46855.0 39093.0 
16595.0 42193.0 
16023.0 45962.0 
16990.0 41423.0 
17516.0 41191.0 
18016.0 41128.0 
21266.0 40310.0 
31937.0 39629.0 
16515.0 42318.0 
24750.0 39922.0 
24820.0 39889.0 
32934.0 39532.0 
16816.0 41678.0 
16956.0 41567.0 
25513.0 39758.0 
27894.0 39757.0 
linkage migration
push: 13 pull: 77
Final PF: 
18092.0 40466.0 
18545.0 40444.0 
18596.0 40337.0 
19912.0 40313.0 
21266.0 40310.0 
21342.0 40064.0 
21708.0 39975.0 
24592.0 39916.0 
25513.0 39758.0 
28763.0 39632.0 
36184.0 39386.0 
43529.0 39278.0 
54276.0 39054.0 
16023.0 43389.0 
16156.0 42938.0 
24516.0 39972.0 
32013.0 39580.0 
40355.0 39321.0 
24820.0 39865.0 
28687.0 39755.0 
43605.0 39177.0 
16515.0 41267.0 
16595.0 41035.0 
17095.0 40972.0 
17171.0 40768.0 
27894.0 39757.0 
31937.0 39629.0 
54200.0 39137.0 
32934.0 39525.0 
36108.0 39524.0 
39434.0 39334.0 
51026.0 39162.0 



---------------------------------------
Quality Indicator Results: 

for each remove method 
Remove random   


 GD: 
48336.075
47837.23
48319.807
48237.351


 D1R: 
44326.263
44326.263
44326.263
44326.263
DCI: 
0.356
0.897
0.299
0.644


 IGD: 
154.761
116.681
129.462
63.175


 HV: 
0.992
1.0
0.991
0.999


Remove worst   


 GD: 
48345.056
48181.976
48345.056
47999.075


 D1R: 
44326.263
44326.263
44326.263
44326.263
DCI: 
0.312
0.634
0.312
0.903


 IGD: 
123.081
120.241
123.081
7.315


 HV: 
0.991
0.994
0.991
1.0



---------------------------------------
for each add method
Add new


 GD: 
48336.075
48345.056


 D1R: 
44326.263
44326.263
DCI: 
0.929
0.929


 IGD: 
1.179
1.714


 HV: 
1.0
0.999


Add random


 GD: 
47837.23
48181.976


 D1R: 
44326.263
44326.263
DCI: 
0.862
0.632


 IGD: 
9.532
88.142


 HV: 
1.0
0.994


Add best


 GD: 
48319.807
48345.056


 D1R: 
44326.263
44326.263
DCI: 
0.931
0.966


 IGD: 
5.665
1.843


 HV: 
1.0
1.0


Add diversity


 GD: 
48237.351
47999.075


 D1R: 
44326.263
44326.263
DCI: 
0.701
0.931


 IGD: 
49.463
1.483


 HV: 
0.999
1.0



---------------------------------------
 results for all together 

Remove nothing   Add nothing
Remove random   Add new
Remove random   Add random
Remove random   Add best
Remove random   Add diversity
Remove worst   Add new
Remove worst   Add random
Remove worst   Add best
Remove worst   Add diversity
Linkage migration


 GD: 
48322.493
48336.075
47837.23
48319.807
48237.351
48345.056
48181.976
48345.056
47999.075
50195.878


 D1R: 
44326.263
44326.263
44326.263
44326.263
44326.263
44326.263
44326.263
44326.263
44326.263
44236.558
DCI: 
0.183
0.269
0.484
0.215
0.398
0.215
0.43
0.215
0.516
0.806


 IGD: 
230.599
249.08
492.812
230.373
263.744
224.699
194.899
224.699
229.378
137.65


 HV: 
0.978
0.979
0.985
0.978
0.991
0.978
0.98
0.978
0.992
1.0


---------------------------------------
 actions for all together 

57 0
54 156
18 103
49 152
38 125
53 153
17 97
53 151
28 110
13 77

