seeds 1018 factoryScale2 numberOfIslands5 numberOfReplacement1 notImprovedInARow 3

remove and add nothing
push: 57 pull: 0
Final PF: 
18596.0 40337.0 
19912.0 40313.0 
21266.0 40312.0 
21708.0 39975.0 
24516.0 39972.0 
24592.0 39916.0 
25513.0 39758.0 
32013.0 39572.0 
32934.0 39512.0 
39434.0 39339.0 
18092.0 40466.0 
18545.0 40444.0 
21342.0 40064.0 
28763.0 39631.0 
47776.0 39221.0 
16515.0 41448.0 
16595.0 41053.0 
17095.0 40954.0 
31937.0 39630.0 
36184.0 39422.0 
Remove random   Add new
push: 48 pull: 150
Final PF: 
18596.0 40337.0 
19912.0 40313.0 
21266.0 40312.0 
21708.0 39975.0 
24516.0 39972.0 
24592.0 39916.0 
25513.0 39758.0 
32013.0 39572.0 
32934.0 39512.0 
39434.0 39339.0 
18092.0 40466.0 
18545.0 40444.0 
21342.0 40064.0 
27894.0 39757.0 
28763.0 39631.0 
36184.0 39385.0 
47776.0 39221.0 
16515.0 41448.0 
16595.0 41053.0 
17095.0 40954.0 
31937.0 39630.0 
Remove random   Add random
push: 22 pull: 112
Final PF: 
17095.0 40954.0 
18092.0 40466.0 
18545.0 40444.0 
18596.0 40337.0 
19912.0 40313.0 
21266.0 40312.0 
21708.0 39975.0 
24516.0 39972.0 
24592.0 39916.0 
25513.0 39758.0 
32013.0 39572.0 
32934.0 39512.0 
36184.0 39385.0 
39434.0 39339.0 
17171.0 40768.0 
21342.0 40064.0 
31937.0 39630.0 
47776.0 39221.0 
16515.0 41267.0 
16595.0 41035.0 
28763.0 39631.0 
Remove random   Add best
push: 40 pull: 126
Final PF: 
16595.0 41035.0 
17095.0 40954.0 
18092.0 40466.0 
18596.0 40337.0 
19912.0 40313.0 
21266.0 40312.0 
21708.0 39975.0 
24516.0 39972.0 
24592.0 39916.0 
24820.0 39865.0 
25513.0 39758.0 
32013.0 39572.0 
32934.0 39512.0 
39434.0 39339.0 
18545.0 40444.0 
21342.0 40064.0 
36184.0 39386.0 
16515.0 41267.0 
17171.0 40768.0 
27894.0 39757.0 
28763.0 39631.0 
43605.0 39328.0 
47776.0 39221.0 
31937.0 39630.0 
Remove random   Add diversity
push: 35 pull: 124
Final PF: 
17095.0 40954.0 
18596.0 40337.0 
19912.0 40313.0 
21266.0 40312.0 
21708.0 39975.0 
24516.0 39972.0 
24592.0 39916.0 
25513.0 39758.0 
32013.0 39572.0 
32934.0 39512.0 
39434.0 39339.0 
40355.0 39279.0 
47776.0 39221.0 
16515.0 41267.0 
16595.0 41035.0 
17171.0 40744.0 
18092.0 40466.0 
18545.0 40444.0 
21342.0 40064.0 
27894.0 39757.0 
28763.0 39631.0 
36184.0 39385.0 
31937.0 39630.0 
Remove worst   Add new
push: 46 pull: 132
Final PF: 
18596.0 40337.0 
19912.0 40313.0 
21266.0 40312.0 
21708.0 39975.0 
24516.0 39972.0 
25513.0 39758.0 
32013.0 39572.0 
32934.0 39512.0 
39434.0 39339.0 
18092.0 40466.0 
18545.0 40444.0 
21342.0 40064.0 
36184.0 39386.0 
24592.0 39915.0 
27894.0 39757.0 
28763.0 39631.0 
43605.0 39328.0 
47776.0 39221.0 
16515.0 41448.0 
16595.0 41053.0 
17095.0 40954.0 
31937.0 39630.0 
Remove worst   Add random
push: 23 pull: 93
Final PF: 
18596.0 40337.0 
19912.0 40313.0 
21266.0 40312.0 
21708.0 39975.0 
24516.0 39972.0 
24820.0 39865.0 
25513.0 39758.0 
27894.0 39757.0 
32013.0 39572.0 
32934.0 39512.0 
36184.0 39399.0 
39434.0 39339.0 
16515.0 41267.0 
16595.0 41035.0 
17171.0 40744.0 
18092.0 40466.0 
18545.0 40444.0 
21342.0 40064.0 
43605.0 39304.0 
17095.0 40954.0 
24592.0 39915.0 
28763.0 39631.0 
47776.0 39221.0 
31937.0 39630.0 
Remove worst   Add best
push: 41 pull: 122
Final PF: 
16515.0 41267.0 
16595.0 41035.0 
17095.0 40954.0 
18092.0 40466.0 
18596.0 40337.0 
19912.0 40313.0 
21266.0 40312.0 
21708.0 39975.0 
24516.0 39972.0 
25513.0 39758.0 
32013.0 39572.0 
32934.0 39512.0 
39434.0 39339.0 
18545.0 40444.0 
21342.0 40064.0 
36184.0 39386.0 
17171.0 40744.0 
24592.0 39915.0 
27894.0 39757.0 
28763.0 39631.0 
43605.0 39328.0 
47776.0 39221.0 
31937.0 39630.0 
Remove worst   Add diversity
push: 27 pull: 107
Final PF: 
17095.0 40954.0 
18596.0 40337.0 
19912.0 40313.0 
21266.0 40312.0 
21708.0 39975.0 
24516.0 39972.0 
24820.0 39865.0 
25513.0 39758.0 
32013.0 39572.0 
32934.0 39512.0 
39434.0 39339.0 
43605.0 39304.0 
47776.0 39221.0 
16515.0 41267.0 
16595.0 41035.0 
17171.0 40744.0 
18092.0 40466.0 
18545.0 40444.0 
21342.0 40064.0 
36184.0 39386.0 
24592.0 39915.0 
27894.0 39757.0 
28763.0 39631.0 
31937.0 39630.0 
linkage migration
push: 27 pull: 108
Final PF: 
18596.0 40337.0 
19912.0 40313.0 
21266.0 40312.0 
21708.0 39975.0 
24516.0 39972.0 
25513.0 39758.0 
32013.0 39572.0 
32934.0 39512.0 
39434.0 39339.0 
40355.0 39279.0 
16515.0 41267.0 
16595.0 41035.0 
17095.0 40954.0 
17171.0 40744.0 
18092.0 40466.0 
18545.0 40444.0 
21342.0 40064.0 
43605.0 39152.0 
46855.0 39093.0 
24592.0 39915.0 
27894.0 39757.0 
28763.0 39631.0 
36184.0 39385.0 
31937.0 39630.0 



---------------------------------------
Quality Indicator Results: 

for each remove method 
Remove random   


 GD: 
48129.357
47914.375
48352.063
48307.002


 D1R: 
44280.276
44236.558
44236.558
44214.441
DCI: 
0.792
0.833
0.903
0.958


 IGD: 
65.788
85.778
39.498
9.735


 HV: 
0.988
0.991
0.993
1.0


Remove worst   


 GD: 
48610.764
48350.836
48411.585
48350.437


 D1R: 
44280.276
44214.441
44214.441
44214.441
DCI: 
0.792
0.958
0.917
1.0


 IGD: 
28.323
0.542
10.726
0.0


 HV: 
0.994
0.999
0.998
1.0



---------------------------------------
for each add method
Add new


 GD: 
48129.357
48610.764


 D1R: 
44280.276
44280.276
DCI: 
0.939
0.985


 IGD: 
189.637
0.045


 HV: 
0.999
1.0


Add random


 GD: 
47914.375
48350.836


 D1R: 
44236.558
44214.441
DCI: 
0.819
0.958


 IGD: 
221.161
0.583


 HV: 
0.997
1.0


Add best


 GD: 
48352.063
48411.585


 D1R: 
44236.558
44214.441
DCI: 
0.944
0.958


 IGD: 
1.042
9.726


 HV: 
1.0
1.0


Add diversity


 GD: 
48307.002
48350.437


 D1R: 
44214.441
44214.441
DCI: 
0.944
0.944


 IGD: 
9.776
38.498


 HV: 
1.0
0.995



---------------------------------------
 results for all together 

Remove nothing   Add nothing
Remove random   Add new
Remove random   Add random
Remove random   Add best
Remove random   Add diversity
Remove worst   Add new
Remove worst   Add random
Remove worst   Add best
Remove worst   Add diversity
Linkage migration


 GD: 
48108.868
48129.357
47914.375
48352.063
48307.002
48610.764
48350.836
48411.585
48350.437
48702.989


 D1R: 
44280.276
44280.276
44236.558
44236.558
44214.441
44280.276
44214.441
44214.441
44214.441
44214.441
DCI: 
0.627
0.707
0.747
0.813
0.867
0.707
0.84
0.827
0.867
0.96


 IGD: 
277.774
239.645
259.635
46.873
145.296
73.154
45.373
55.557
44.831
9.726


 HV: 
0.975
0.978
0.981
0.982
0.989
0.978
0.984
0.982
0.985
1.0


---------------------------------------
 actions for all together 

57 0
48 150
22 112
40 126
35 124
46 132
23 93
41 122
27 107
27 108

