seeds 1009 factoryScale9 numberOfIslands5 numberOfReplacement1 notImprovedInARow 3

remove and add nothing
push: 57 pull: 0
Final PF: 
16515.0 41473.0 
16595.0 41241.0 
17171.0 40835.0 
28763.0 39696.0 
31937.0 39695.0 
39434.0 39433.0 
40355.0 39303.0 
46855.0 39208.0 
18092.0 40466.0 
18545.0 40444.0 
18596.0 40337.0 
27894.0 39757.0 
32934.0 39511.0 
21342.0 40064.0 
25513.0 39817.0 
21708.0 40040.0 
24592.0 39980.0 
32013.0 39637.0 
36184.0 39463.0 
Remove random   Add new
push: 53 pull: 152
Final PF: 
16515.0 41473.0 
16595.0 41241.0 
17171.0 40835.0 
28763.0 39696.0 
31937.0 39695.0 
39434.0 39433.0 
40355.0 39303.0 
46855.0 39208.0 
18092.0 40466.0 
18545.0 40444.0 
18596.0 40337.0 
27894.0 39757.0 
32934.0 39511.0 
21342.0 40064.0 
24592.0 39980.0 
21266.0 40310.0 
21708.0 40015.0 
24516.0 40014.0 
24820.0 39905.0 
25513.0 39798.0 
32013.0 39637.0 
36184.0 39463.0 
Remove random   Add random
push: 19 pull: 97
Final PF: 
17095.0 41148.0 
17171.0 40835.0 
18092.0 40466.0 
21342.0 40064.0 
27894.0 39757.0 
16515.0 41443.0 
16595.0 41211.0 
18545.0 40444.0 
18596.0 40337.0 
19912.0 40313.0 
21708.0 39975.0 
25513.0 39758.0 
28763.0 39632.0 
32934.0 39511.0 
40355.0 39278.0 
21266.0 40310.0 
43605.0 39152.0 
36108.0 39509.0 
36184.0 39385.0 
24516.0 39972.0 
24592.0 39934.0 
24820.0 39905.0 
Remove random   Add best
push: 40 pull: 133
Final PF: 
16595.0 41211.0 
17171.0 40835.0 
24516.0 40014.0 
24750.0 39933.0 
28763.0 39696.0 
31937.0 39695.0 
36184.0 39450.0 
39434.0 39390.0 
40355.0 39303.0 
46855.0 39208.0 
16515.0 41443.0 
17095.0 41148.0 
18092.0 40466.0 
18545.0 40444.0 
18596.0 40337.0 
27894.0 39757.0 
32934.0 39511.0 
21342.0 40064.0 
21266.0 40310.0 
21708.0 40015.0 
24592.0 39934.0 
24820.0 39905.0 
25513.0 39798.0 
32013.0 39637.0 
Remove random   Add diversity
push: 33 pull: 115
Final PF: 
17171.0 40835.0 
21708.0 39975.0 
24592.0 39915.0 
28763.0 39632.0 
32934.0 39511.0 
40355.0 39303.0 
43605.0 39152.0 
16515.0 41443.0 
16595.0 41211.0 
17095.0 41148.0 
18092.0 40466.0 
18545.0 40444.0 
18596.0 40337.0 
19912.0 40313.0 
21342.0 40064.0 
25513.0 39758.0 
27894.0 39757.0 
36184.0 39385.0 
21266.0 40310.0 
24516.0 39972.0 
24820.0 39905.0 
Remove worst   Add new
push: 48 pull: 137
Final PF: 
16515.0 41473.0 
16595.0 41241.0 
17171.0 40835.0 
28763.0 39696.0 
31937.0 39695.0 
40355.0 39303.0 
46855.0 39208.0 
18092.0 40466.0 
18545.0 40444.0 
18596.0 40337.0 
27894.0 39757.0 
32934.0 39511.0 
36184.0 39398.0 
21342.0 40064.0 
25513.0 39758.0 
19912.0 40313.0 
21266.0 40310.0 
21708.0 39975.0 
24592.0 39916.0 
24820.0 39905.0 
32013.0 39637.0 
Remove worst   Add random
push: 13 pull: 80
Final PF: 
18092.0 40466.0 
18545.0 40444.0 
19912.0 40313.0 
21342.0 40064.0 
24516.0 39972.0 
32934.0 39511.0 
40355.0 39303.0 
46855.0 39208.0 
18596.0 40337.0 
21708.0 39975.0 
25513.0 39758.0 
27894.0 39757.0 
28687.0 39755.0 
28763.0 39632.0 
36184.0 39398.0 
17171.0 40805.0 
32013.0 39620.0 
16515.0 41382.0 
16595.0 41150.0 
17095.0 41087.0 
21266.0 40310.0 
24592.0 39916.0 
24820.0 39905.0 
Remove worst   Add best
push: 40 pull: 120
Final PF: 
16595.0 41150.0 
18092.0 40466.0 
28763.0 39696.0 
31937.0 39695.0 
40355.0 39303.0 
46855.0 39208.0 
18545.0 40444.0 
18596.0 40337.0 
27894.0 39757.0 
32934.0 39511.0 
36184.0 39398.0 
21342.0 40064.0 
25513.0 39758.0 
17095.0 41087.0 
16515.0 41382.0 
17171.0 40744.0 
19912.0 40313.0 
21266.0 40310.0 
21708.0 39975.0 
24592.0 39915.0 
24820.0 39905.0 
32013.0 39637.0 
Remove worst   Add diversity
push: 23 pull: 90
Final PF: 
17171.0 40835.0 
21708.0 39975.0 
24592.0 39915.0 
28763.0 39632.0 
32013.0 39596.0 
40355.0 39303.0 
46855.0 39208.0 
16515.0 41443.0 
16595.0 41211.0 
17095.0 41148.0 
18092.0 40466.0 
18545.0 40444.0 
18596.0 40337.0 
19912.0 40313.0 
21342.0 40064.0 
25513.0 39758.0 
27894.0 39757.0 
32934.0 39511.0 
36184.0 39385.0 
21266.0 40310.0 
24516.0 39972.0 
24820.0 39905.0 
linkage migration
push: 22 pull: 81
Final PF: 
16515.0 41382.0 
16595.0 41150.0 
17095.0 41069.0 
17171.0 40744.0 
18092.0 40466.0 
18545.0 40444.0 
18596.0 40337.0 
19912.0 40313.0 
21342.0 40064.0 
21708.0 39975.0 
24592.0 39916.0 
32013.0 39573.0 
32934.0 39511.0 
21266.0 40310.0 
24516.0 39972.0 
24820.0 39865.0 
25513.0 39758.0 
27894.0 39757.0 
28687.0 39755.0 
28763.0 39631.0 
31937.0 39629.0 
40355.0 39279.0 
43605.0 39153.0 
51026.0 39071.0 
39434.0 39327.0 
46855.0 39094.0 
36108.0 39509.0 
36184.0 39385.0 



---------------------------------------
Quality Indicator Results: 

for each remove method 
Remove random   


 GD: 
48586.989
47794.232
48346.567
47521.477


 D1R: 
44298.312
44298.312
44298.312
44298.312
DCI: 
0.409
0.955
0.545
0.909


 IGD: 
245.074
0.864
225.36
7.747


 HV: 
0.975
1.0
0.977
0.999


Remove worst   


 GD: 
48143.358
47835.588
47966.288
47789.188


 D1R: 
44298.312
44270.659
44214.441
44298.312
DCI: 
0.594
0.855
0.783
0.783


 IGD: 
36.775
4.304
13.444
18.199


 HV: 
0.994
1.0
0.997
1.0



---------------------------------------
for each add method
Add new


 GD: 
48586.989
48143.358


 D1R: 
44298.312
44298.312
DCI: 
0.762
1.0


 IGD: 
72.629
0.0


 HV: 
0.991
1.0


Add random


 GD: 
47794.232
47835.588


 D1R: 
44298.312
44270.659
DCI: 
0.708
0.833


 IGD: 
54.292
142.625


 HV: 
1.0
0.99


Add best


 GD: 
48346.567
47966.288


 D1R: 
44298.312
44214.441
DCI: 
0.609
0.957


 IGD: 
75.705
40.222


 HV: 
0.99
1.0


Add diversity


 GD: 
47521.477
47789.188


 D1R: 
44298.312
44298.312
DCI: 
0.955
0.955


 IGD: 
42.042
147.749


 HV: 
1.0
0.991



---------------------------------------
 results for all together 

Remove nothing   Add nothing
Remove random   Add new
Remove random   Add random
Remove random   Add best
Remove random   Add diversity
Remove worst   Add new
Remove worst   Add random
Remove worst   Add best
Remove worst   Add diversity
Linkage migration


 GD: 
48918.68
48586.989
47794.232
48346.567
47521.477
48143.358
47835.588
47966.288
47789.188
49391.322


 D1R: 
44298.312
44298.312
44298.312
44298.312
44298.312
44298.312
44270.659
44214.441
44298.312
44214.441
DCI: 
0.214
0.25
0.56
0.25
0.524
0.381
0.548
0.5
0.488
0.964


 IGD: 
243.224
222.807
244.313
210.894
249.885
200.147
174.18
181.575
186.655
0.111


 HV: 
0.964
0.967
0.992
0.969
0.991
0.975
0.98
0.977
0.98
1.0


---------------------------------------
 actions for all together 

57 0
53 152
19 97
40 133
33 115
48 137
13 80
40 120
23 90
22 81

