seeds 1005 factoryScale3 numberOfIslands5 numberOfReplacement1 notImprovedInARow 3

remove and add nothing
push: 60 pull: 0
Final PF: 
16571.0 41792.0 
17171.0 40744.0 
18596.0 40337.0 
19912.0 40313.0 
21266.0 40312.0 
25513.0 39782.0 
32934.0 39536.0 
36184.0 39490.0 
16816.0 41620.0 
18092.0 40466.0 
18545.0 40444.0 
21708.0 39999.0 
27843.0 39765.0 
47776.0 39361.0 
16515.0 42071.0 
21342.0 40064.0 
24592.0 39915.0 
24820.0 39865.0 
28763.0 39671.0 
32013.0 39572.0 
39434.0 39404.0 
Remove random   Add new
push: 57 pull: 163
Final PF: 
16571.0 41792.0 
17171.0 40744.0 
18596.0 40337.0 
19912.0 40313.0 
21266.0 40312.0 
25513.0 39782.0 
16816.0 41620.0 
18092.0 40466.0 
18545.0 40444.0 
21708.0 39999.0 
27843.0 39765.0 
47776.0 39361.0 
16515.0 42071.0 
21342.0 40064.0 
24592.0 39915.0 
24820.0 39865.0 
28763.0 39671.0 
32013.0 39572.0 
32934.0 39531.0 
36184.0 39406.0 
39434.0 39363.0 
Remove random   Add random
push: 21 pull: 110
Final PF: 
16515.0 41334.0 
16595.0 41102.0 
17171.0 40744.0 
18092.0 40466.0 
18545.0 40444.0 
18596.0 40337.0 
19912.0 40313.0 
21266.0 40312.0 
21342.0 40064.0 
21708.0 39999.0 
25513.0 39782.0 
28763.0 39656.0 
32013.0 39572.0 
17095.0 41039.0 
24592.0 39915.0 
24820.0 39865.0 
27843.0 39765.0 
32934.0 39525.0 
36184.0 39399.0 
39434.0 39340.0 
24516.0 39974.0 
36108.0 39524.0 
Remove random   Add best
push: 43 pull: 140
Final PF: 
16595.0 41102.0 
17171.0 40744.0 
18092.0 40466.0 
18596.0 40337.0 
19912.0 40313.0 
21266.0 40312.0 
25513.0 39782.0 
32934.0 39536.0 
18545.0 40444.0 
21708.0 39999.0 
24516.0 39974.0 
27843.0 39765.0 
28763.0 39656.0 
31937.0 39631.0 
36184.0 39468.0 
47776.0 39361.0 
21342.0 40064.0 
24592.0 39915.0 
24820.0 39865.0 
32013.0 39572.0 
16515.0 41334.0 
17095.0 41039.0 
39434.0 39404.0 
Remove random   Add diversity
push: 47 pull: 147
Final PF: 
16571.0 41792.0 
17171.0 40744.0 
18596.0 40337.0 
19912.0 40313.0 
21266.0 40312.0 
25513.0 39782.0 
32934.0 39536.0 
16816.0 41620.0 
32013.0 39572.0 
36184.0 39399.0 
43605.0 39177.0 
16595.0 41704.0 
18092.0 40466.0 
18545.0 40444.0 
21708.0 39999.0 
24516.0 39974.0 
27843.0 39765.0 
28763.0 39656.0 
31937.0 39631.0 
16515.0 42071.0 
21342.0 40064.0 
24592.0 39915.0 
24820.0 39865.0 
Remove worst   Add new
push: 53 pull: 155
Final PF: 
16571.0 41792.0 
17171.0 40744.0 
18596.0 40337.0 
19912.0 40313.0 
21266.0 40312.0 
25513.0 39782.0 
16816.0 41620.0 
18092.0 40466.0 
18545.0 40444.0 
24516.0 39974.0 
27843.0 39765.0 
28763.0 39656.0 
47776.0 39361.0 
16515.0 42071.0 
21342.0 40064.0 
24592.0 39915.0 
24820.0 39865.0 
32013.0 39572.0 
21708.0 39975.0 
28687.0 39755.0 
32934.0 39531.0 
36184.0 39406.0 
39434.0 39363.0 
Remove worst   Add random
push: 20 pull: 106
Final PF: 
16571.0 41792.0 
16816.0 41481.0 
17171.0 40744.0 
18596.0 40337.0 
19912.0 40313.0 
21708.0 39975.0 
24592.0 39915.0 
24820.0 39865.0 
25513.0 39782.0 
32013.0 39572.0 
31937.0 39631.0 
32934.0 39525.0 
39434.0 39340.0 
40355.0 39303.0 
16515.0 42071.0 
16990.0 41387.0 
18092.0 40466.0 
18545.0 40444.0 
24516.0 39974.0 
27843.0 39765.0 
21342.0 40064.0 
21266.0 40310.0 
28687.0 39754.0 
28763.0 39632.0 
36184.0 39386.0 
Remove worst   Add best
push: 44 pull: 144
Final PF: 
16571.0 41792.0 
16990.0 41387.0 
17171.0 40744.0 
18596.0 40337.0 
19912.0 40313.0 
21266.0 40312.0 
25513.0 39782.0 
16816.0 41620.0 
16515.0 42071.0 
18092.0 40466.0 
18545.0 40444.0 
24516.0 39974.0 
27843.0 39765.0 
28763.0 39656.0 
31937.0 39631.0 
47776.0 39361.0 
21342.0 40064.0 
24592.0 39915.0 
24820.0 39865.0 
32013.0 39572.0 
21708.0 39975.0 
28687.0 39755.0 
32934.0 39531.0 
36184.0 39406.0 
39434.0 39363.0 
Remove worst   Add diversity
push: 37 pull: 132
Final PF: 
17171.0 40744.0 
18596.0 40337.0 
19912.0 40313.0 
25513.0 39782.0 
27843.0 39765.0 
46855.0 39304.0 
32013.0 39572.0 
36184.0 39399.0 
39434.0 39340.0 
18092.0 40466.0 
18545.0 40444.0 
31937.0 39631.0 
21342.0 40064.0 
24592.0 39915.0 
24820.0 39865.0 
16515.0 41382.0 
16595.0 41150.0 
17095.0 41087.0 
21266.0 40310.0 
21708.0 39975.0 
24516.0 39972.0 
28687.0 39755.0 
28763.0 39632.0 
32934.0 39524.0 
linkage migration
push: 23 pull: 101
Final PF: 
16515.0 41382.0 
16595.0 41150.0 
17095.0 41087.0 
17171.0 40744.0 
18596.0 40337.0 
19912.0 40313.0 
32013.0 39572.0 
32934.0 39525.0 
36184.0 39386.0 
39434.0 39327.0 
40355.0 39303.0 
43605.0 39153.0 
51026.0 39077.0 
18092.0 40466.0 
18545.0 40444.0 
31937.0 39630.0 
21342.0 40064.0 
21708.0 39975.0 
24592.0 39915.0 
24820.0 39865.0 
25513.0 39758.0 
27894.0 39757.0 
28687.0 39755.0 
28763.0 39632.0 
46855.0 39093.0 
54276.0 39012.0 
21266.0 40310.0 
24516.0 39972.0 



---------------------------------------
Quality Indicator Results: 

for each remove method 
Remove random   


 GD: 
47907.394
47399.736
47920.17
47378.992


 D1R: 
44214.441
44214.441
44214.441
44214.441
DCI: 
0.542
0.917
0.792
0.75


 IGD: 
72.469
4.183
10.365
202.356


 HV: 
0.99
1.0
0.989
1.0


Remove worst   


 GD: 
47910.416
47672.775
47903.041
47934.496


 D1R: 
44214.441
44214.441
44214.441
44214.441
DCI: 
0.528
0.819
0.569
0.903


 IGD: 
98.024
43.154
90.174
38.989


 HV: 
0.99
1.0
0.991
1.0



---------------------------------------
for each add method
Add new


 GD: 
47907.394
47910.416


 D1R: 
44214.441
44214.441
DCI: 
0.826
1.0


 IGD: 
10.804
0.0


 HV: 
0.998
1.0


Add random


 GD: 
47399.736
47672.775


 D1R: 
44214.441
44214.441
DCI: 
0.72
0.84


 IGD: 
11.801
51.495


 HV: 
1.0
0.997


Add best


 GD: 
47920.17
47903.041


 D1R: 
44214.441
44214.441
DCI: 
0.792
0.875


 IGD: 
10.7
50.288


 HV: 
0.996
1.0


Add diversity


 GD: 
47378.992
47934.496


 D1R: 
44214.441
44214.441
DCI: 
0.583
0.958


 IGD: 
193.409
135.52


 HV: 
0.997
1.0



---------------------------------------
 results for all together 

Remove nothing   Add nothing
Remove random   Add new
Remove random   Add random
Remove random   Add best
Remove random   Add diversity
Remove worst   Add new
Remove worst   Add random
Remove worst   Add best
Remove worst   Add diversity
Linkage migration


 GD: 
47911.904
47907.394
47399.736
47920.17
47378.992
47910.416
47672.775
47903.041
47934.496
49868.687


 D1R: 
44214.441
44214.441
44214.441
44214.441
44214.441
44214.441
44214.441
44214.441
44214.441
44214.441
DCI: 
0.321
0.321
0.452
0.452
0.345
0.381
0.583
0.405
0.548
0.869


 IGD: 
416.447
411.5
907.084
361.034
693.481
402.48
800.045
396.158
326.335
5.407


 HV: 
0.954
0.961
0.97
0.96
0.981
0.962
0.974
0.963
0.974
1.0


---------------------------------------
 actions for all together 

60 0
57 163
21 110
43 140
47 147
53 155
20 106
44 144
37 132
23 101

