seeds 1037 factoryScale1 numberOfIslands5 numberOfReplacement1 notImprovedInARow 3

remove and add nothing
push: 58 pull: 0
Final PF: 
21708.0 39975.0 
24516.0 39972.0 
24592.0 39916.0 
24820.0 39905.0 
28763.0 39672.0 
32013.0 39613.0 
16816.0 41742.0 
16956.0 41631.0 
25513.0 39846.0 
16990.0 41461.0 
18092.0 40531.0 
18545.0 40509.0 
18596.0 40402.0 
19912.0 40378.0 
21266.0 40377.0 
21657.0 40171.0 
16515.0 43052.0 
16571.0 41943.0 
17171.0 40993.0 
21342.0 40182.0 
50105.0 39351.0 
54276.0 39245.0 
36184.0 39410.0 
Remove random   Add new
push: 54 pull: 160
Final PF: 
21708.0 39975.0 
24516.0 39972.0 
24592.0 39916.0 
24820.0 39905.0 
28763.0 39672.0 
32013.0 39613.0 
16816.0 41742.0 
16956.0 41631.0 
25513.0 39846.0 
16990.0 41461.0 
18092.0 40531.0 
18545.0 40509.0 
18596.0 40402.0 
19912.0 40378.0 
21266.0 40377.0 
21657.0 40171.0 
16515.0 42833.0 
16571.0 41785.0 
17171.0 40835.0 
21342.0 40182.0 
28687.0 39814.0 
50105.0 39351.0 
54276.0 39245.0 
36184.0 39410.0 
Remove random   Add random
push: 23 pull: 105
Final PF: 
16816.0 41687.0 
19912.0 40313.0 
21266.0 40310.0 
21708.0 39975.0 
24516.0 39972.0 
24592.0 39916.0 
24820.0 39905.0 
25513.0 39758.0 
28763.0 39632.0 
31937.0 39631.0 
32013.0 39573.0 
36184.0 39386.0 
50105.0 39351.0 
16571.0 41943.0 
16956.0 41570.0 
16990.0 41396.0 
18092.0 40466.0 
18545.0 40444.0 
21342.0 40104.0 
16515.0 42991.0 
17171.0 40993.0 
54276.0 39245.0 
18596.0 40337.0 
Remove random   Add best
push: 42 pull: 139
Final PF: 
16990.0 41396.0 
17171.0 40835.0 
21708.0 39975.0 
24516.0 39972.0 
24592.0 39916.0 
24820.0 39905.0 
28763.0 39672.0 
32013.0 39613.0 
16956.0 41631.0 
16816.0 41651.0 
18092.0 40466.0 
18545.0 40444.0 
18596.0 40337.0 
19912.0 40313.0 
21266.0 40312.0 
21342.0 40088.0 
16515.0 42833.0 
16571.0 41785.0 
25513.0 39836.0 
28687.0 39833.0 
42684.0 39369.0 
50105.0 39351.0 
54276.0 39245.0 
36184.0 39410.0 
Remove random   Add diversity
push: 38 pull: 130
Final PF: 
18596.0 40377.0 
21708.0 39975.0 
24516.0 39972.0 
24820.0 39905.0 
28763.0 39632.0 
31937.0 39631.0 
36184.0 39410.0 
16515.0 41531.0 
16595.0 41299.0 
17095.0 41236.0 
18092.0 40531.0 
18545.0 40509.0 
17171.0 40835.0 
25513.0 39836.0 
28687.0 39833.0 
54276.0 39245.0 
21342.0 40064.0 
24592.0 39915.0 
32013.0 39572.0 
35263.0 39537.0 
39434.0 39351.0 
Remove worst   Add new
push: 55 pull: 153
Final PF: 
21708.0 39975.0 
24516.0 39972.0 
24592.0 39916.0 
24820.0 39905.0 
28763.0 39672.0 
32013.0 39613.0 
16816.0 41742.0 
16956.0 41631.0 
16990.0 41461.0 
18092.0 40531.0 
18545.0 40509.0 
18596.0 40402.0 
19912.0 40378.0 
21266.0 40377.0 
16515.0 42833.0 
16571.0 41785.0 
17171.0 40835.0 
21342.0 40142.0 
25513.0 39836.0 
42684.0 39369.0 
50105.0 39351.0 
54276.0 39245.0 
36184.0 39410.0 
Remove worst   Add random
push: 23 pull: 93
Final PF: 
16816.0 41742.0 
16956.0 41631.0 
16990.0 41461.0 
21708.0 39975.0 
24516.0 39972.0 
24592.0 39916.0 
24820.0 39905.0 
28763.0 39632.0 
18545.0 40444.0 
32013.0 39596.0 
16571.0 41785.0 
17171.0 40835.0 
21342.0 40064.0 
25513.0 39836.0 
36184.0 39410.0 
42684.0 39369.0 
50105.0 39351.0 
54276.0 39245.0 
16515.0 42387.0 
18092.0 40466.0 
18596.0 40337.0 
19912.0 40313.0 
Remove worst   Add best
push: 46 pull: 136
Final PF: 
17171.0 40835.0 
21708.0 39975.0 
24516.0 39972.0 
24592.0 39916.0 
16956.0 41631.0 
16816.0 41651.0 
16990.0 41396.0 
18092.0 40466.0 
18545.0 40444.0 
18596.0 40337.0 
19912.0 40313.0 
21266.0 40312.0 
16515.0 42833.0 
16571.0 41785.0 
25513.0 39836.0 
42684.0 39369.0 
50105.0 39351.0 
54276.0 39245.0 
21342.0 40064.0 
24820.0 39889.0 
28763.0 39632.0 
32013.0 39573.0 
36184.0 39410.0 
Remove worst   Add diversity
push: 36 pull: 123
Final PF: 
16990.0 41461.0 
36184.0 39386.0 
50105.0 39351.0 
21708.0 39975.0 
24516.0 39972.0 
24592.0 39916.0 
28763.0 39632.0 
31937.0 39631.0 
32013.0 39573.0 
16816.0 41742.0 
16956.0 41631.0 
16515.0 42991.0 
16571.0 41792.0 
17171.0 40744.0 
42684.0 39369.0 
54276.0 39245.0 
18092.0 40466.0 
18545.0 40444.0 
18596.0 40337.0 
19912.0 40313.0 
21342.0 40064.0 
24820.0 39865.0 
25513.0 39758.0 
linkage migration
push: 18 pull: 66
Final PF: 
18092.0 40466.0 
18545.0 40444.0 
18596.0 40337.0 
19912.0 40313.0 
21266.0 40310.0 
21342.0 40064.0 
21708.0 39975.0 
24516.0 39972.0 
24592.0 39916.0 
24820.0 39865.0 
25513.0 39758.0 
28763.0 39632.0 
32013.0 39573.0 
32934.0 39511.0 
36184.0 39385.0 
28687.0 39755.0 
31937.0 39629.0 
39434.0 39351.0 
42608.0 39326.0 
43605.0 39177.0 
16023.0 45110.0 
16515.0 41328.0 
16595.0 41096.0 
17095.0 41033.0 
17171.0 40744.0 
46855.0 39118.0 



---------------------------------------
Quality Indicator Results: 

for each remove method 
Remove random   


 GD: 
47995.358
48166.535
48491.89
48548.061


 D1R: 
44298.312
44326.263
44298.312
44298.312
DCI: 
0.258
0.652
0.439
0.682


 IGD: 
265.122
241.846
242.095
83.956


 HV: 
0.989
0.997
0.994
1.0


Remove worst   


 GD: 
48487.088
48581.911
48461.709
48697.853


 D1R: 
44298.312
44298.312
44298.312
44214.441
DCI: 
0.333
0.625
0.75
0.792


 IGD: 
58.171
31.461
31.608
42.501


 HV: 
0.992
0.995
0.996
1.0



---------------------------------------
for each add method
Add new


 GD: 
47995.358
48487.088


 D1R: 
44298.312
44298.312
DCI: 
0.875
0.958


 IGD: 
272.922
6.711


 HV: 
0.997
1.0


Add random


 GD: 
48166.535
48581.911


 D1R: 
44326.263
44298.312
DCI: 
0.792
0.667


 IGD: 
304.314
26.964


 HV: 
1.0
0.999


Add best


 GD: 
48491.89
48461.709


 D1R: 
44298.312
44298.312
DCI: 
0.833
0.958


 IGD: 
5.0
8.954


 HV: 
0.997
1.0


Add diversity


 GD: 
48548.061
48697.853


 D1R: 
44298.312
44214.441
DCI: 
0.619
0.73


 IGD: 
81.931
244.167


 HV: 
1.0
1.0



---------------------------------------
 results for all together 

Remove nothing   Add nothing
Remove random   Add new
Remove random   Add random
Remove random   Add best
Remove random   Add diversity
Remove worst   Add new
Remove worst   Add random
Remove worst   Add best
Remove worst   Add diversity
Linkage migration


 GD: 
47970.139
47995.358
48166.535
48491.89
48548.061
48487.088
48581.911
48461.709
48697.853
48694.432


 D1R: 
44385.611
44298.312
44326.263
44298.312
44298.312
44298.312
44298.312
44298.312
44214.441
44214.441
DCI: 
0.103
0.103
0.423
0.256
0.269
0.103
0.333
0.359
0.5
0.974


 IGD: 
858.249
862.063
832.169
367.265
577.381
386.235
396.976
365.656
363.508
0.08


 HV: 
0.977
0.978
0.983
0.981
0.984
0.98
0.982
0.982
0.985
1.0


---------------------------------------
 actions for all together 

58 0
54 160
23 105
42 139
38 130
55 153
23 93
46 136
36 123
18 66

