seeds 1026 factoryScale9 numberOfIslands5 numberOfReplacement1 notImprovedInARow 3

remove and add nothing
push: 55 pull: 0
Final PF: 
18092.0 40496.0 
18545.0 40474.0 
21342.0 40064.0 
21708.0 39975.0 
25513.0 39758.0 
28763.0 39632.0 
32934.0 39512.0 
16515.0 41396.0 
16595.0 41053.0 
17095.0 40954.0 
17171.0 40768.0 
43605.0 39328.0 
46855.0 39268.0 
18596.0 40337.0 
19912.0 40313.0 
21266.0 40312.0 
24592.0 39916.0 
24516.0 39974.0 
36184.0 39503.0 
16495.0 44958.0 
32013.0 39603.0 
Remove random   Add new
push: 52 pull: 152
Final PF: 
18092.0 40496.0 
18545.0 40474.0 
21342.0 40064.0 
21708.0 39975.0 
25513.0 39758.0 
28763.0 39632.0 
32934.0 39512.0 
16515.0 41396.0 
16595.0 41053.0 
17095.0 40954.0 
17171.0 40768.0 
36184.0 39464.0 
43605.0 39328.0 
46855.0 39268.0 
18596.0 40337.0 
19912.0 40313.0 
21266.0 40312.0 
24592.0 39916.0 
24516.0 39974.0 
16495.0 44958.0 
32013.0 39603.0 
40355.0 39430.0 
Remove random   Add random
push: 22 pull: 100
Final PF: 
16023.0 45464.0 
18092.0 40496.0 
18545.0 40474.0 
21266.0 40312.0 
21342.0 40064.0 
21708.0 39975.0 
24516.0 39974.0 
25513.0 39758.0 
28763.0 39632.0 
32013.0 39603.0 
32934.0 39512.0 
36184.0 39386.0 
43605.0 39328.0 
46855.0 39268.0 
16156.0 45021.0 
16515.0 41267.0 
16595.0 41053.0 
17095.0 40954.0 
17171.0 40768.0 
19912.0 40313.0 
18596.0 40337.0 
24592.0 39916.0 
16290.0 43375.0 
Remove random   Add best
push: 46 pull: 132
Final PF: 
16595.0 41035.0 
17095.0 40954.0 
17171.0 40768.0 
18092.0 40496.0 
18545.0 40474.0 
21342.0 40064.0 
21708.0 39975.0 
25513.0 39758.0 
28763.0 39632.0 
32934.0 39512.0 
16515.0 41396.0 
36184.0 39410.0 
43605.0 39328.0 
46855.0 39268.0 
18596.0 40337.0 
19912.0 40313.0 
21266.0 40312.0 
24592.0 39916.0 
24516.0 39974.0 
16495.0 44958.0 
28687.0 39757.0 
32013.0 39603.0 
Remove random   Add diversity
push: 35 pull: 118
Final PF: 
16156.0 42141.0 
18092.0 40496.0 
18545.0 40474.0 
21342.0 40064.0 
21708.0 39975.0 
25513.0 39758.0 
28763.0 39632.0 
32934.0 39512.0 
36184.0 39386.0 
43605.0 39328.0 
16515.0 41267.0 
16595.0 41053.0 
17095.0 40954.0 
17171.0 40768.0 
46855.0 39268.0 
18596.0 40337.0 
19912.0 40313.0 
21266.0 40312.0 
24592.0 39916.0 
24516.0 39974.0 
32013.0 39603.0 
16023.0 42584.0 
28687.0 39757.0 
Remove worst   Add new
push: 46 pull: 134
Final PF: 
18092.0 40496.0 
18545.0 40474.0 
21342.0 40064.0 
21708.0 39975.0 
25513.0 39758.0 
28763.0 39632.0 
32934.0 39512.0 
16515.0 41396.0 
16595.0 41053.0 
17095.0 40954.0 
17171.0 40768.0 
36184.0 39410.0 
39434.0 39374.0 
43605.0 39328.0 
46855.0 39268.0 
16156.0 48034.0 
18596.0 40337.0 
19912.0 40313.0 
21266.0 40312.0 
24592.0 39916.0 
24516.0 39974.0 
16495.0 44958.0 
32013.0 39603.0 
Remove worst   Add random
push: 15 pull: 93
Final PF: 
16595.0 41053.0 
17095.0 40954.0 
18092.0 40496.0 
18545.0 40474.0 
19912.0 40313.0 
21266.0 40312.0 
21342.0 40064.0 
21708.0 39975.0 
24516.0 39974.0 
24592.0 39916.0 
25513.0 39758.0 
28763.0 39632.0 
32934.0 39512.0 
36184.0 39386.0 
16515.0 41396.0 
17171.0 40768.0 
18596.0 40337.0 
32013.0 39573.0 
39434.0 39374.0 
43605.0 39328.0 
46855.0 39268.0 
16495.0 44958.0 
Remove worst   Add best
push: 42 pull: 118
Final PF: 
16515.0 41267.0 
16595.0 41035.0 
17095.0 40954.0 
17171.0 40768.0 
18092.0 40496.0 
18545.0 40474.0 
21342.0 40064.0 
21708.0 39975.0 
25513.0 39758.0 
28763.0 39632.0 
32934.0 39512.0 
36184.0 39410.0 
39434.0 39374.0 
43605.0 39328.0 
46855.0 39268.0 
18596.0 40337.0 
19912.0 40313.0 
21266.0 40312.0 
24592.0 39916.0 
24516.0 39974.0 
16495.0 44958.0 
32013.0 39603.0 
Remove worst   Add diversity
push: 30 pull: 109
Final PF: 
16515.0 41267.0 
16595.0 41035.0 
17095.0 40954.0 
17171.0 40768.0 
18092.0 40496.0 
18545.0 40474.0 
21342.0 40064.0 
21708.0 39975.0 
25513.0 39758.0 
28763.0 39632.0 
32934.0 39512.0 
36184.0 39386.0 
43605.0 39328.0 
16023.0 44441.0 
39434.0 39374.0 
46855.0 39268.0 
18596.0 40337.0 
19912.0 40313.0 
21266.0 40310.0 
24592.0 39916.0 
32013.0 39573.0 
16290.0 43375.0 
24516.0 39974.0 
linkage migration
push: 16 pull: 72
Final PF: 
18092.0 40466.0 
18545.0 40444.0 
18596.0 40337.0 
19912.0 40313.0 
21266.0 40310.0 
21342.0 40064.0 
21708.0 39975.0 
24592.0 39916.0 
25513.0 39758.0 
28763.0 39632.0 
32934.0 39512.0 
36184.0 39386.0 
16515.0 41396.0 
16595.0 41053.0 
17095.0 40954.0 
17171.0 40768.0 
28687.0 39755.0 
32013.0 39573.0 
24516.0 39972.0 
46855.0 39141.0 
16023.0 43516.0 
16156.0 43073.0 
16495.0 43010.0 
31937.0 39629.0 
36108.0 39511.0 
39434.0 39340.0 
24820.0 39865.0 
27894.0 39757.0 
40355.0 39279.0 
43605.0 39153.0 



---------------------------------------
Quality Indicator Results: 

for each remove method 
Remove random   


 GD: 
48283.189
47831.051
47944.524
47713.078


 D1R: 
44236.558
44236.558
44236.558
44236.558
DCI: 
0.739
0.826
0.826
0.957


 IGD: 
108.005
84.522
98.515
0.783


 HV: 
0.988
0.994
0.99
1.0


Remove worst   


 GD: 
48355.39
48247.943
48243.603
48130.539


 D1R: 
44236.558
44236.558
44236.558
44236.558
DCI: 
0.696
0.783
0.783
1.0


 IGD: 
108.664
106.316
102.273
0.0


 HV: 
0.992
0.992
0.992
1.0



---------------------------------------
for each add method
Add new


 GD: 
48283.189
48355.39


 D1R: 
44236.558
44236.558
DCI: 
0.87
1.0


 IGD: 
177.014
0.0


 HV: 
0.998
1.0


Add random


 GD: 
47831.051
48247.943


 D1R: 
44236.558
44236.558
DCI: 
0.917
0.833


 IGD: 
136.668
115.083


 HV: 
1.0
0.997


Add best


 GD: 
47944.524
48243.603


 D1R: 
44236.558
44236.558
DCI: 
0.913
0.957


 IGD: 
146.922
6.36


 HV: 
0.999
1.0


Add diversity


 GD: 
47713.078
48130.539


 D1R: 
44236.558
44236.558
DCI: 
0.833
0.875


 IGD: 
137.501
80.25


 HV: 
1.0
0.995



---------------------------------------
 results for all together 

Remove nothing   Add nothing
Remove random   Add new
Remove random   Add random
Remove random   Add best
Remove random   Add diversity
Remove worst   Add new
Remove worst   Add random
Remove worst   Add best
Remove worst   Add diversity
Linkage migration


 GD: 
47897.077
48283.189
47831.051
47944.524
47713.078
48355.39
48247.943
48243.603
48130.539
48567.085


 D1R: 
44236.558
44236.558
44236.558
44236.558
44236.558
44236.558
44236.558
44236.558
44236.558
44236.558
DCI: 
0.345
0.345
0.414
0.379
0.483
0.345
0.414
0.414
0.517
0.862


 IGD: 
377.257
182.467
358.935
366.833
287.248
177.7
176.985
180.948
159.766
52.884


 HV: 
0.983
0.985
0.994
0.986
0.998
0.987
0.987
0.987
0.995
1.0


---------------------------------------
 actions for all together 

55 0
52 152
22 100
46 132
35 118
46 134
15 93
42 118
30 109
16 72

