seeds 1006 factoryScale7 numberOfIslands5 numberOfReplacement1 notImprovedInARow 3

remove and add nothing
push: 59 pull: 0
Final PF: 
16023.0 43363.0 
16156.0 43082.0 
16571.0 41718.0 
17171.0 40768.0 
27842.0 39907.0 
35263.0 39602.0 
42608.0 39371.0 
21342.0 40129.0 
21708.0 40040.0 
28763.0 39678.0 
36184.0 39445.0 
18596.0 40432.0 
19912.0 40408.0 
21266.0 40407.0 
28687.0 39840.0 
32934.0 39614.0 
16990.0 41598.0 
18092.0 40654.0 
17095.0 41285.0 
24592.0 39915.0 
27766.0 39913.0 
27913.0 39861.0 
32013.0 39658.0 
Remove random   Add new
push: 52 pull: 155
Final PF: 
16023.0 43363.0 
16156.0 43082.0 
16571.0 41718.0 
17171.0 40768.0 
42608.0 39371.0 
18092.0 40646.0 
18596.0 40337.0 
19912.0 40313.0 
21266.0 40312.0 
21342.0 40064.0 
21708.0 39975.0 
24820.0 39865.0 
25513.0 39758.0 
28763.0 39678.0 
32013.0 39619.0 
36184.0 39445.0 
39434.0 39386.0 
46855.0 39355.0 
32934.0 39590.0 
16990.0 41598.0 
17095.0 41285.0 
18545.0 40643.0 
24592.0 39915.0 
Remove random   Add random
push: 14 pull: 94
Final PF: 
16023.0 43363.0 
16156.0 43082.0 
17171.0 40768.0 
18092.0 40654.0 
18545.0 40632.0 
19912.0 40378.0 
21708.0 40040.0 
28763.0 39678.0 
35263.0 39602.0 
42608.0 39371.0 
42684.0 39369.0 
16515.0 41576.0 
17095.0 41082.0 
18596.0 40402.0 
25513.0 39823.0 
36184.0 39445.0 
39434.0 39425.0 
21266.0 40377.0 
21342.0 40128.0 
24516.0 40039.0 
32934.0 39614.0 
24592.0 39915.0 
32013.0 39618.0 
Remove random   Add best
push: 44 pull: 142
Final PF: 
16023.0 43363.0 
16156.0 43082.0 
16571.0 41718.0 
16990.0 41568.0 
17171.0 40768.0 
42608.0 39371.0 
42684.0 39369.0 
21342.0 40064.0 
21708.0 39975.0 
24820.0 39865.0 
28763.0 39678.0 
32013.0 39632.0 
36184.0 39445.0 
39434.0 39386.0 
18596.0 40432.0 
19912.0 40408.0 
21266.0 40407.0 
28687.0 39840.0 
32934.0 39590.0 
18092.0 40654.0 
18545.0 40632.0 
17095.0 41285.0 
24592.0 39915.0 
27913.0 39861.0 
Remove random   Add diversity
push: 32 pull: 124
Final PF: 
16023.0 43302.0 
18596.0 40337.0 
19912.0 40313.0 
21266.0 40312.0 
21342.0 40064.0 
21708.0 39975.0 
24516.0 39974.0 
24820.0 39889.0 
25513.0 39758.0 
28687.0 39757.0 
28763.0 39632.0 
32013.0 39596.0 
32934.0 39525.0 
36184.0 39445.0 
40355.0 39279.0 
16571.0 41718.0 
39434.0 39391.0 
16990.0 41598.0 
16156.0 43074.0 
16495.0 42975.0 
17095.0 41285.0 
17171.0 40744.0 
18092.0 40619.0 
18545.0 40602.0 
24592.0 39915.0 
Remove worst   Add new
push: 50 pull: 150
Final PF: 
16023.0 43363.0 
16156.0 43082.0 
16571.0 41718.0 
42608.0 39371.0 
42684.0 39369.0 
18092.0 40646.0 
18545.0 40629.0 
18596.0 40337.0 
19912.0 40313.0 
21266.0 40312.0 
21342.0 40064.0 
21708.0 39975.0 
24516.0 39974.0 
24820.0 39865.0 
25513.0 39758.0 
28763.0 39678.0 
32013.0 39619.0 
36184.0 39445.0 
39434.0 39410.0 
46855.0 39355.0 
32934.0 39590.0 
16990.0 41598.0 
17095.0 41285.0 
17171.0 40744.0 
24592.0 39915.0 
Remove worst   Add random
push: 12 pull: 90
Final PF: 
16156.0 43082.0 
16571.0 41718.0 
18092.0 40618.0 
18526.0 40596.0 
18596.0 40337.0 
21342.0 40064.0 
21708.0 39975.0 
39358.0 39383.0 
16023.0 43302.0 
16990.0 41568.0 
17095.0 41285.0 
17171.0 40744.0 
19912.0 40313.0 
28687.0 39757.0 
28763.0 39632.0 
39434.0 39345.0 
24516.0 39974.0 
24592.0 39915.0 
25513.0 39758.0 
32934.0 39512.0 
36184.0 39386.0 
21266.0 40310.0 
24820.0 39865.0 
31937.0 39629.0 
32013.0 39591.0 
42608.0 39324.0 
Remove worst   Add best
push: 46 pull: 141
Final PF: 
16023.0 43363.0 
16156.0 43082.0 
16571.0 41718.0 
16990.0 41568.0 
17171.0 40744.0 
42608.0 39371.0 
42684.0 39369.0 
18092.0 40624.0 
18545.0 40607.0 
21342.0 40064.0 
21708.0 39975.0 
28763.0 39678.0 
36184.0 39445.0 
18596.0 40432.0 
19912.0 40408.0 
21266.0 40407.0 
28687.0 39840.0 
32934.0 39590.0 
24820.0 39889.0 
32013.0 39643.0 
17095.0 41285.0 
24592.0 39915.0 
27913.0 39861.0 
Remove worst   Add diversity
push: 24 pull: 103
Final PF: 
16023.0 43363.0 
16571.0 41718.0 
17171.0 40768.0 
28763.0 39631.0 
36184.0 39404.0 
39434.0 39391.0 
16156.0 43073.0 
16495.0 43010.0 
16595.0 41700.0 
16956.0 41589.0 
32934.0 39511.0 
18596.0 40337.0 
19912.0 40313.0 
21708.0 39975.0 
24516.0 39974.0 
24592.0 39915.0 
25513.0 39758.0 
32013.0 39573.0 
18092.0 40654.0 
18545.0 40632.0 
21342.0 40128.0 
42608.0 39366.0 
17095.0 41285.0 
24820.0 39865.0 
linkage migration
push: 9 pull: 70
Final PF: 
16023.0 43302.0 
18092.0 40466.0 
18545.0 40444.0 
18596.0 40337.0 
19912.0 40313.0 
21266.0 40310.0 
32013.0 39572.0 
36184.0 39409.0 
21708.0 39975.0 
25513.0 39758.0 
31937.0 39631.0 
40355.0 39303.0 
54276.0 39059.0 
21342.0 40064.0 
28763.0 39632.0 
43605.0 39177.0 
16156.0 42829.0 
24516.0 39972.0 
39434.0 39327.0 
16515.0 41382.0 
16595.0 41168.0 
17095.0 41069.0 
17171.0 40744.0 
24592.0 39915.0 
28687.0 39755.0 
32934.0 39525.0 
36108.0 39522.0 
43529.0 39300.0 



---------------------------------------
Quality Indicator Results: 

for each remove method 
Remove random   


 GD: 
48129.395
48346.964
48108.538
47432.363


 D1R: 
44236.558
44236.558
44236.558
44214.441
DCI: 
0.4
0.16
0.28
0.8


 IGD: 
48.814
227.875
235.281
425.952


 HV: 
0.99
0.985
0.985
1.0


Remove worst   


 GD: 
48476.751
47995.059
47775.105
47412.78


 D1R: 
44214.441
44214.441
44214.441
44236.558
DCI: 
0.379
0.805
0.241
0.552


 IGD: 
41.026
15.363
290.964
30.582


 HV: 
0.991
1.0
0.983
0.996



---------------------------------------
for each add method
Add new


 GD: 
48129.395
48476.751


 D1R: 
44236.558
44214.441
DCI: 
0.84
0.96


 IGD: 
8.41
0.96


 HV: 
1.0
1.0


Add random


 GD: 
48346.964
47995.059


 D1R: 
44236.558
44214.441
DCI: 
0.154
0.923


 IGD: 
76.538
14.226


 HV: 
0.984
1.0


Add best


 GD: 
48108.538
47775.105


 D1R: 
44236.558
44214.441
DCI: 
0.875
0.875


 IGD: 
3.292
133.71


 HV: 
1.0
0.997


Add diversity


 GD: 
47432.363
47412.78


 D1R: 
44214.441
44236.558
DCI: 
0.744
0.654


 IGD: 
6.507
58.577


 HV: 
1.0
0.999



---------------------------------------
 results for all together 

Remove nothing   Add nothing
Remove random   Add new
Remove random   Add random
Remove random   Add best
Remove random   Add diversity
Remove worst   Add new
Remove worst   Add random
Remove worst   Add best
Remove worst   Add diversity
Linkage migration


 GD: 
47811.602
48129.395
48346.964
48108.538
47432.363
48476.751
47995.059
47775.105
47412.78
49274.661


 D1R: 
44236.558
44236.558
44236.558
44236.558
44214.441
44214.441
44214.441
44214.441
44236.558
44214.441
DCI: 
0.036
0.25
0.036
0.143
0.345
0.286
0.512
0.143
0.31
0.774


 IGD: 
496.632
159.203
163.125
190.402
192.206
153.268
132.141
469.21
159.184
14.512


 HV: 
0.967
0.977
0.971
0.972
0.988
0.976
0.985
0.97
0.98
1.0


---------------------------------------
 actions for all together 

59 0
52 155
14 94
44 142
32 124
50 150
12 90
46 141
24 103
9 70

