seeds 1022 factoryScale7 numberOfIslands5 numberOfReplacement1 notImprovedInARow 3

remove and add nothing
push: 50 pull: 0
Final PF: 
21342.0 251264.0 
19471.0 256103.0 
21266.0 256078.0 
22263.0 248042.0 
23880.0 246666.0 
24801.0 245814.0 
25513.0 245396.0 
28763.0 244998.0 
29684.0 244706.0 
21708.0 248493.0 
21689.0 250619.0 
32934.0 244256.0 
34687.0 243674.0 
Remove random   Add new
push: 28 pull: 91
Final PF: 
20766.0 251823.0 
21342.0 249056.0 
24820.0 245356.0 
25513.0 244448.0 
27487.0 244191.0 
28763.0 243951.0 
31937.0 243820.0 
36184.0 243645.0 
39434.0 243331.0 
19471.0 255998.0 
21266.0 250085.0 
21638.0 246772.0 
22263.0 246340.0 
22461.0 246215.0 
24750.0 245811.0 
27913.0 244044.0 
32934.0 243685.0 
34687.0 243674.0 
35187.0 243671.0 
Remove random   Add random
push: 14 pull: 66
Final PF: 
20766.0 251823.0 
21342.0 249056.0 
25513.0 244352.0 
28763.0 243951.0 
32013.0 243825.0 
32934.0 243685.0 
34687.0 243674.0 
19471.0 255998.0 
23880.0 246502.0 
23992.0 246501.0 
24750.0 245811.0 
21661.0 249053.0 
21708.0 247041.0 
24592.0 246192.0 
Remove random   Add best
push: 20 pull: 73
Final PF: 
20766.0 250974.0 
20857.0 250092.0 
21342.0 247396.0 
21708.0 246300.0 
24016.0 245777.0 
24820.0 245150.0 
25417.0 245030.0 
25513.0 244365.0 
27913.0 243943.0 
31937.0 243907.0 
32013.0 243825.0 
39434.0 243331.0 
19471.0 256103.0 
23950.0 246039.0 
32934.0 243448.0 
Remove random   Add diversity
push: 25 pull: 66
Final PF: 
21661.0 249672.0 
21708.0 247582.0 
32934.0 244256.0 
19471.0 256103.0 
22263.0 246450.0 
24801.0 245814.0 
25513.0 245186.0 
29684.0 244706.0 
27913.0 244949.0 
28763.0 244839.0 
34687.0 243674.0 
21342.0 250517.0 
21266.0 254826.0 
Remove worst   Add new
push: 39 pull: 108
Final PF: 
20766.0 250974.0 
20857.0 250092.0 
21342.0 248109.0 
21587.0 247403.0 
21708.0 246300.0 
24016.0 245777.0 
24516.0 245754.0 
24820.0 245150.0 
25417.0 245030.0 
25513.0 244365.0 
27913.0 243495.0 
39434.0 243331.0 
19471.0 256103.0 
Remove worst   Add random
push: 14 pull: 49
Final PF: 
19471.0 256103.0 
20766.0 251823.0 
21342.0 249056.0 
21708.0 248070.0 
24820.0 245150.0 
25513.0 244365.0 
27913.0 243563.0 
32934.0 243372.0 
39434.0 243331.0 
22263.0 246517.0 
24592.0 245952.0 
24801.0 245814.0 
Remove worst   Add best
push: 29 pull: 92
Final PF: 
20766.0 250974.0 
20857.0 250092.0 
21342.0 248109.0 
21587.0 247403.0 
21708.0 246300.0 
24016.0 245777.0 
24516.0 245754.0 
24820.0 245150.0 
25417.0 245030.0 
25513.0 244365.0 
27913.0 243495.0 
39434.0 243331.0 
19313.0 256224.0 
19471.0 255619.0 
20838.0 250803.0 
Remove worst   Add diversity
push: 19 pull: 57
Final PF: 
19471.0 256103.0 
21342.0 251264.0 
21661.0 250539.0 
22263.0 246450.0 
24801.0 245814.0 
25513.0 245202.0 
21708.0 247607.0 
24592.0 245960.0 
24820.0 245695.0 
20742.0 253027.0 
21108.0 252734.0 
21266.0 252154.0 
21657.0 251070.0 
27266.0 244947.0 
27766.0 244706.0 
31016.0 243610.0 
linkage migration
push: 14 pull: 37
Final PF: 
32934.0 239144.0 
19246.0 259926.0 
19471.0 256103.0 
20766.0 255955.0 
21108.0 255252.0 
21342.0 248892.0 
25437.0 244734.0 
25513.0 243841.0 
28763.0 239447.0 
45858.0 237574.0 
49032.0 236444.0 
21657.0 248641.0 
21689.0 247242.0 
21708.0 245511.0 
24016.0 244926.0 
24592.0 244802.0 
27766.0 243012.0 
39434.0 238244.0 
41611.0 237636.0 



---------------------------------------
Quality Indicator Results: 

for each remove method 
Remove random   


 GD: 
247688.078
248316.607
247827.123
248946.074


 D1R: 
245635.115
245640.796
245534.769
246130.466
DCI: 
0.389
0.111
0.611
0.0


 IGD: 
290.132
856.417
129.505
877.678


 HV: 
0.985
0.973
1.0
0.93


Remove worst   


 GD: 
248324.216
248301.398
249090.014
249691.752


 D1R: 
245089.679
245157.236
245089.679
245576.514
DCI: 
0.706
0.235
0.882
0.059


 IGD: 
467.306
472.682
416.215
1078.961


 HV: 
0.997
0.985
1.0
0.948



---------------------------------------
for each add method
Add new


 GD: 
247688.078
248324.216


 D1R: 
245635.115
245089.679
DCI: 
0.353
0.706


 IGD: 
336.398
150.884


 HV: 
0.977
1.0


Add random


 GD: 
248316.607
248301.398


 D1R: 
245640.796
245157.236
DCI: 
0.6
0.533


 IGD: 
206.222
211.739


 HV: 
0.978
1.0


Add best


 GD: 
247827.123
249090.014


 D1R: 
245534.769
245089.679
DCI: 
0.688
0.812


 IGD: 
113.567
346.032


 HV: 
0.99
1.0


Add diversity


 GD: 
248946.074
249691.752


 D1R: 
246130.466
245576.514
DCI: 
0.467
0.733


 IGD: 
432.309
432.699


 HV: 
0.963
1.0



---------------------------------------
 results for all together 

Remove nothing   Add nothing
Remove random   Add new
Remove random   Add random
Remove random   Add best
Remove random   Add diversity
Remove worst   Add new
Remove worst   Add random
Remove worst   Add best
Remove worst   Add diversity
Linkage migration


 GD: 
249490.9
247688.078
248316.607
247827.123
248946.074
248324.216
248301.398
249090.014
249691.752
247428.407


 D1R: 
246130.466
245635.115
245640.796
245534.769
246130.466
245089.679
245157.236
245089.679
245576.514
241168.356
DCI: 
0.0
0.091
0.0
0.136
0.0
0.091
0.0
0.227
0.045
0.591


 IGD: 
2874.057
1994.616
2608.188
1910.958
2678.176
1992.291
2062.745
1944.884
2995.442
496.028


 HV: 
0.775
0.811
0.8
0.817
0.784
0.82
0.815
0.822
0.795
1.0


---------------------------------------
 actions for all together 

50 0
28 91
14 66
20 73
25 66
39 108
14 49
29 92
19 57
14 37

