seeds 1025 factoryScale3 numberOfIslands5 numberOfReplacement1 notImprovedInARow 3

remove and add nothing
push: 58 pull: 0
Final PF: 
17171.0 40768.0 
21342.0 40088.0 
24592.0 40005.0 
25513.0 39847.0 
28687.0 39822.0 
16515.0 41267.0 
16595.0 41035.0 
17095.0 40972.0 
32013.0 39690.0 
36184.0 39628.0 
39358.0 39625.0 
39434.0 39592.0 
18092.0 40466.0 
18545.0 40449.0 
18596.0 40337.0 
19912.0 40313.0 
21266.0 40312.0 
32934.0 39678.0 
21708.0 40040.0 
28763.0 39697.0 
Remove random   Add new
push: 50 pull: 149
Final PF: 
17171.0 40768.0 
18596.0 40337.0 
19912.0 40313.0 
21266.0 40312.0 
21342.0 40064.0 
21708.0 39975.0 
24592.0 39940.0 
25513.0 39758.0 
28763.0 39632.0 
31937.0 39631.0 
32934.0 39512.0 
36108.0 39511.0 
16515.0 41267.0 
16595.0 41035.0 
17095.0 40972.0 
18092.0 40466.0 
18545.0 40449.0 
24516.0 39974.0 
Remove random   Add random
push: 18 pull: 103
Final PF: 
16515.0 41267.0 
16595.0 41035.0 
17095.0 40972.0 
17171.0 40768.0 
18545.0 40444.0 
18596.0 40337.0 
19912.0 40313.0 
21708.0 39975.0 
24516.0 39974.0 
28763.0 39632.0 
21342.0 40064.0 
25513.0 39758.0 
31937.0 39631.0 
32934.0 39512.0 
36108.0 39511.0 
39434.0 39403.0 
18092.0 40466.0 
24592.0 39939.0 
32013.0 39597.0 
36184.0 39410.0 
21266.0 40310.0 
Remove random   Add best
push: 47 pull: 140
Final PF: 
16595.0 41035.0 
17171.0 40768.0 
18092.0 40466.0 
18596.0 40337.0 
19912.0 40313.0 
21342.0 40064.0 
21708.0 39975.0 
25513.0 39758.0 
28763.0 39632.0 
31937.0 39631.0 
32934.0 39512.0 
36108.0 39511.0 
16515.0 41267.0 
17095.0 40972.0 
18545.0 40444.0 
24516.0 39974.0 
24592.0 39939.0 
32013.0 39597.0 
36184.0 39410.0 
21266.0 40310.0 
Remove random   Add diversity
push: 40 pull: 129
Final PF: 
16515.0 41267.0 
16595.0 41035.0 
17171.0 40768.0 
21342.0 40064.0 
21708.0 39975.0 
24516.0 39974.0 
28763.0 39632.0 
32934.0 39629.0 
36184.0 39410.0 
25513.0 39823.0 
28687.0 39822.0 
18092.0 40466.0 
18545.0 40444.0 
18596.0 40337.0 
19912.0 40313.0 
21266.0 40312.0 
17095.0 40954.0 
24592.0 39916.0 
24820.0 39884.0 
31937.0 39631.0 
35263.0 39601.0 
39434.0 39351.0 
42684.0 39315.0 
Remove worst   Add new
push: 53 pull: 153
Final PF: 
21342.0 40064.0 
21708.0 39975.0 
24516.0 39974.0 
32934.0 39629.0 
36184.0 39503.0 
17171.0 40768.0 
25513.0 39847.0 
28687.0 39822.0 
16515.0 41267.0 
16595.0 41035.0 
17095.0 40972.0 
32013.0 39690.0 
18092.0 40466.0 
18545.0 40444.0 
18596.0 40337.0 
19912.0 40313.0 
21266.0 40312.0 
24592.0 39940.0 
28763.0 39697.0 
Remove worst   Add random
push: 20 pull: 100
Final PF: 
17171.0 40768.0 
18092.0 40466.0 
18545.0 40444.0 
21266.0 40312.0 
21342.0 40064.0 
21708.0 39975.0 
24516.0 39974.0 
24592.0 39916.0 
25513.0 39758.0 
36184.0 39386.0 
18596.0 40337.0 
19912.0 40313.0 
28763.0 39632.0 
31937.0 39631.0 
32013.0 39597.0 
32934.0 39512.0 
36108.0 39511.0 
16515.0 41267.0 
16595.0 41035.0 
17095.0 40972.0 
39434.0 39363.0 
Remove worst   Add best
push: 45 pull: 135
Final PF: 
16595.0 41035.0 
17171.0 40768.0 
21342.0 40064.0 
21708.0 39975.0 
24516.0 39974.0 
18092.0 40466.0 
18596.0 40337.0 
19912.0 40313.0 
24592.0 39916.0 
25513.0 39758.0 
28763.0 39632.0 
31937.0 39631.0 
32934.0 39512.0 
36108.0 39511.0 
36184.0 39386.0 
16515.0 41267.0 
17095.0 40972.0 
18545.0 40444.0 
21266.0 40310.0 
Remove worst   Add diversity
push: 33 pull: 119
Final PF: 
16515.0 41267.0 
16595.0 41035.0 
17171.0 40768.0 
21342.0 40064.0 
21708.0 39975.0 
24516.0 39974.0 
28763.0 39632.0 
25513.0 39823.0 
28687.0 39822.0 
36184.0 39398.0 
32934.0 39525.0 
39434.0 39363.0 
18092.0 40466.0 
18545.0 40444.0 
18596.0 40337.0 
19912.0 40313.0 
21266.0 40312.0 
24592.0 39916.0 
32013.0 39597.0 
17095.0 40954.0 
24820.0 39908.0 
42684.0 39355.0 
linkage migration
push: 23 pull: 89
Final PF: 
18092.0 40466.0 
18545.0 40444.0 
18596.0 40337.0 
19912.0 40313.0 
21342.0 40064.0 
21708.0 39975.0 
24516.0 39972.0 
25513.0 39758.0 
28687.0 39757.0 
28763.0 39632.0 
39434.0 39340.0 
16515.0 41267.0 
16595.0 41035.0 
17171.0 40768.0 
17095.0 40954.0 
21266.0 40310.0 
36184.0 39386.0 
40355.0 39279.0 
43605.0 39177.0 
24820.0 39865.0 
31937.0 39629.0 
32013.0 39573.0 
32934.0 39511.0 
24592.0 39915.0 
52779.0 39120.0 



---------------------------------------
Quality Indicator Results: 

for each remove method 
Remove random   


 GD: 
46548.601
47525.457
47114.421
47859.82


 D1R: 
44236.558
44236.558
44236.558
44236.558
DCI: 
0.609
0.783
0.783
0.783


 IGD: 
173.786
14.888
160.276
17.894


 HV: 
0.982
1.0
0.999
0.99


Remove worst   


 GD: 
46700.297
47522.421
46912.214
47624.486


 D1R: 
44236.558
44236.558
44236.558
44236.558
DCI: 
0.435
0.826
0.783
0.739


 IGD: 
190.04
11.279
162.704
14.156


 HV: 
0.953
1.0
0.997
0.993



---------------------------------------
for each add method
Add new


 GD: 
46548.601
46700.297


 D1R: 
44236.558
44236.558
DCI: 
0.895
0.737


 IGD: 
0.278
24.646


 HV: 
1.0
0.965


Add random


 GD: 
47525.457
47522.421


 D1R: 
44236.558
44236.558
DCI: 
0.857
0.952


 IGD: 
2.35
0.1


 HV: 
0.997
1.0


Add best


 GD: 
47114.421
46912.214


 D1R: 
44236.558
44236.558
DCI: 
0.9
0.95


 IGD: 
1.15
5.363


 HV: 
1.0
1.0


Add diversity


 GD: 
47859.82
47624.486


 D1R: 
44236.558
44236.558
DCI: 
0.87
0.826


 IGD: 
8.663
6.924


 HV: 
0.992
1.0



---------------------------------------
 results for all together 

Remove nothing   Add nothing
Remove random   Add new
Remove random   Add random
Remove random   Add best
Remove random   Add diversity
Remove worst   Add new
Remove worst   Add random
Remove worst   Add best
Remove worst   Add diversity
Linkage migration


 GD: 
47620.523
46548.601
47525.457
47114.421
47859.82
46700.297
47522.421
46912.214
47624.486
48840.185


 D1R: 
44236.558
44236.558
44236.558
44236.558
44236.558
44236.558
44236.558
44236.558
44236.558
44236.558
DCI: 
0.24
0.427
0.507
0.507
0.467
0.36
0.533
0.573
0.467
1.0


 IGD: 
283.883
657.14
235.434
638.728
94.154
658.947
231.371
639.424
91.514
0.0


 HV: 
0.878
0.925
0.955
0.954
0.964
0.912
0.966
0.96
0.962
1.0


---------------------------------------
 actions for all together 

58 0
50 149
18 103
47 140
40 129
53 153
20 100
45 135
33 119
23 89

