seeds 1007 factoryScale8 numberOfIslands5 numberOfReplacement1 notImprovedInARow 3

remove and add nothing
push: 56 pull: 0
Final PF: 
16816.0 41810.0 
18596.0 40337.0 
19912.0 40313.0 
21266.0 40310.0 
21708.0 39975.0 
24516.0 39974.0 
24592.0 39915.0 
25513.0 39758.0 
28763.0 39631.0 
32013.0 39572.0 
16023.0 45018.0 
16156.0 43954.0 
18092.0 40466.0 
18545.0 40449.0 
21342.0 40064.0 
24820.0 39865.0 
35187.0 39570.0 
35263.0 39537.0 
38437.0 39536.0 
39434.0 39391.0 
42684.0 39331.0 
16515.0 42450.0 
16519.0 42387.0 
16595.0 41945.0 
16990.0 41396.0 
17516.0 41164.0 
18016.0 41101.0 
Remove random   Add new
push: 52 pull: 151
Final PF: 
16816.0 41810.0 
18596.0 40337.0 
19912.0 40313.0 
21266.0 40310.0 
21708.0 39975.0 
24516.0 39974.0 
24592.0 39915.0 
25513.0 39758.0 
28763.0 39631.0 
32013.0 39572.0 
16023.0 45018.0 
16156.0 43954.0 
18092.0 40466.0 
18545.0 40449.0 
21342.0 40064.0 
24820.0 39865.0 
35187.0 39570.0 
35263.0 39537.0 
38437.0 39536.0 
39434.0 39391.0 
42684.0 39291.0 
16515.0 42450.0 
16519.0 42387.0 
16595.0 41945.0 
16990.0 41396.0 
17516.0 41164.0 
18016.0 41101.0 
Remove random   Add random
push: 15 pull: 96
Final PF: 
16515.0 42420.0 
16816.0 41810.0 
17516.0 41164.0 
18545.0 40449.0 
18596.0 40337.0 
19912.0 40313.0 
21266.0 40310.0 
21342.0 40064.0 
21708.0 39975.0 
24592.0 39915.0 
25513.0 39758.0 
28763.0 39631.0 
32013.0 39572.0 
35263.0 39537.0 
18016.0 41074.0 
24516.0 39972.0 
31937.0 39629.0 
36184.0 39410.0 
39434.0 39327.0 
42608.0 39326.0 
16023.0 45018.0 
16156.0 43954.0 
16990.0 41396.0 
18092.0 40466.0 
24820.0 39865.0 
35187.0 39570.0 
16519.0 42351.0 
16595.0 41945.0 
Remove random   Add best
push: 50 pull: 141
Final PF: 
16816.0 41810.0 
16990.0 41396.0 
18596.0 40337.0 
19912.0 40313.0 
21266.0 40310.0 
21708.0 39975.0 
24516.0 39974.0 
24592.0 39915.0 
25513.0 39758.0 
28763.0 39631.0 
32013.0 39572.0 
16023.0 45018.0 
16156.0 43954.0 
18092.0 40466.0 
18545.0 40449.0 
21342.0 40064.0 
24820.0 39865.0 
35187.0 39570.0 
35263.0 39537.0 
38437.0 39536.0 
39434.0 39391.0 
42684.0 39291.0 
16515.0 42450.0 
16519.0 42387.0 
16595.0 41945.0 
17516.0 41164.0 
18016.0 41101.0 
Remove random   Add diversity
push: 34 pull: 117
Final PF: 
16816.0 41810.0 
18596.0 40337.0 
19912.0 40313.0 
21266.0 40310.0 
21708.0 39975.0 
24516.0 39974.0 
24592.0 39915.0 
25513.0 39758.0 
27894.0 39757.0 
28763.0 39631.0 
32013.0 39572.0 
32934.0 39525.0 
36184.0 39410.0 
16023.0 45018.0 
16122.0 43946.0 
18016.0 41074.0 
21342.0 40064.0 
42684.0 39291.0 
18092.0 40466.0 
18545.0 40449.0 
24820.0 39865.0 
39434.0 39391.0 
16515.0 42256.0 
16595.0 41945.0 
16990.0 41396.0 
17516.0 41164.0 
Remove worst   Add new
push: 53 pull: 145
Final PF: 
16816.0 41810.0 
18596.0 40337.0 
19912.0 40313.0 
21266.0 40310.0 
21708.0 39975.0 
24516.0 39974.0 
24592.0 39915.0 
25513.0 39758.0 
28763.0 39631.0 
32013.0 39572.0 
16023.0 45018.0 
16156.0 43954.0 
18092.0 40466.0 
18545.0 40444.0 
21342.0 40064.0 
24820.0 39865.0 
35187.0 39570.0 
35263.0 39537.0 
38437.0 39536.0 
39434.0 39391.0 
42684.0 39291.0 
16515.0 42450.0 
16519.0 42387.0 
16595.0 41945.0 
16990.0 41396.0 
17516.0 41164.0 
18016.0 41101.0 
Remove worst   Add random
push: 23 pull: 91
Final PF: 
16515.0 42134.0 
16519.0 42035.0 
16816.0 41810.0 
16990.0 41396.0 
18596.0 40337.0 
19912.0 40313.0 
21266.0 40310.0 
21708.0 39975.0 
24516.0 39974.0 
24592.0 39915.0 
25513.0 39758.0 
28763.0 39631.0 
32013.0 39572.0 
32934.0 39525.0 
18092.0 40466.0 
36184.0 39410.0 
39434.0 39374.0 
16023.0 45018.0 
16156.0 43954.0 
16595.0 41945.0 
18545.0 40444.0 
21342.0 40064.0 
24820.0 39865.0 
42684.0 39291.0 
16956.0 41717.0 
17516.0 41164.0 
18016.0 41101.0 
Remove worst   Add best
push: 50 pull: 148
Final PF: 
16816.0 41810.0 
16990.0 41396.0 
18596.0 40337.0 
19912.0 40313.0 
21266.0 40310.0 
21708.0 39975.0 
24516.0 39974.0 
24592.0 39915.0 
25513.0 39758.0 
28763.0 39631.0 
32013.0 39572.0 
16023.0 45018.0 
16156.0 43954.0 
18092.0 40466.0 
18545.0 40444.0 
21342.0 40064.0 
24820.0 39865.0 
35187.0 39570.0 
35263.0 39537.0 
38437.0 39536.0 
39434.0 39391.0 
42684.0 39291.0 
16515.0 42450.0 
16519.0 42387.0 
16595.0 41945.0 
17516.0 41164.0 
18016.0 41101.0 
Remove worst   Add diversity
push: 21 pull: 83
Final PF: 
18596.0 40337.0 
19912.0 40313.0 
21266.0 40310.0 
21708.0 39975.0 
24516.0 39972.0 
24592.0 39915.0 
25513.0 39758.0 
28763.0 39631.0 
32013.0 39572.0 
32934.0 39511.0 
16515.0 41448.0 
16595.0 41053.0 
17095.0 40954.0 
17171.0 40768.0 
24820.0 39865.0 
42684.0 39291.0 
16023.0 43826.0 
16156.0 42762.0 
18092.0 40466.0 
18545.0 40444.0 
21342.0 40064.0 
36184.0 39385.0 
linkage migration
push: 10 pull: 59
Final PF: 
18596.0 40337.0 
19912.0 40313.0 
21266.0 40310.0 
21342.0 40064.0 
21708.0 39975.0 
24592.0 39915.0 
25513.0 39758.0 
28687.0 39755.0 
28763.0 39631.0 
31937.0 39630.0 
32013.0 39572.0 
32934.0 39512.0 
36108.0 39509.0 
36184.0 39385.0 
39434.0 39326.0 
40355.0 39286.0 
43605.0 39152.0 
16990.0 41387.0 
18092.0 40466.0 
39358.0 39383.0 
16023.0 42389.0 
16156.0 41946.0 
16515.0 41448.0 
17095.0 40954.0 
18545.0 40444.0 
24516.0 39972.0 
24820.0 39865.0 
50105.0 39098.0 



---------------------------------------
Quality Indicator Results: 

for each remove method 
Remove random   


 GD: 
47685.788
47736.008
47685.788
47470.952


 D1R: 
44326.263
44326.263
44326.263
44326.263
DCI: 
0.643
0.821
0.643
0.857


 IGD: 
113.131
71.928
113.131
8.738


 HV: 
0.995
1.0
0.995
1.0


Remove worst   


 GD: 
47685.62
47251.399
47685.62
47060.118


 D1R: 
44326.263
44326.263
44326.263
44236.558
DCI: 
0.565
0.609
0.565
0.957


 IGD: 
196.049
127.061
196.049
141.305


 HV: 
0.984
0.989
0.984
1.0



---------------------------------------
for each add method
Add new


 GD: 
47685.788
47685.62


 D1R: 
44326.263
44326.263
DCI: 
0.963
1.0


 IGD: 
0.185
0.0


 HV: 
1.0
1.0


Add random


 GD: 
47736.008
47251.399


 D1R: 
44326.263
44326.263
DCI: 
0.793
0.828


 IGD: 
50.654
9.095


 HV: 
1.0
1.0


Add best


 GD: 
47685.788
47685.62


 D1R: 
44326.263
44326.263
DCI: 
0.963
1.0


 IGD: 
0.185
0.0


 HV: 
1.0
1.0


Add diversity


 GD: 
47470.952
47060.118


 D1R: 
44326.263
44236.558
DCI: 
0.565
0.957


 IGD: 
121.54
38.178


 HV: 
0.988
1.0



---------------------------------------
 results for all together 

Remove nothing   Add nothing
Remove random   Add new
Remove random   Add random
Remove random   Add best
Remove random   Add diversity
Remove worst   Add new
Remove worst   Add random
Remove worst   Add best
Remove worst   Add diversity
Linkage migration


 GD: 
47686.792
47685.788
47736.008
47685.788
47470.952
47685.62
47251.399
47685.62
47060.118
49096.891


 D1R: 
44326.263
44326.263
44326.263
44326.263
44326.263
44326.263
44326.263
44326.263
44236.558
44326.263
DCI: 
0.367
0.367
0.456
0.367
0.4
0.4
0.4
0.4
0.633
0.878


 IGD: 
301.458
301.224
242.626
301.224
183.902
301.051
212.649
301.051
412.362
48.24


 HV: 
0.979
0.981
0.983
0.981
0.984
0.981
0.984
0.981
0.993
1.0


---------------------------------------
 actions for all together 

56 0
52 151
15 96
50 141
34 117
53 145
23 91
50 148
21 83
10 59

