seeds 1039 factoryScale9 numberOfIslands5 numberOfReplacement1 notImprovedInARow 3

remove and add nothing
push: 60 pull: 0
Final PF: 
16023.0 43465.0 
28763.0 39678.0 
32013.0 39619.0 
18092.0 40466.0 
18545.0 40444.0 
18596.0 40377.0 
21266.0 40334.0 
21342.0 40128.0 
21657.0 40106.0 
21708.0 40039.0 
16515.0 41598.0 
16595.0 41211.0 
17171.0 40805.0 
36184.0 39410.0 
39434.0 39364.0 
24592.0 39940.0 
24820.0 39889.0 
Remove random   Add new
push: 52 pull: 155
Final PF: 
16023.0 43465.0 
18092.0 40466.0 
18545.0 40444.0 
16515.0 41507.0 
16595.0 41150.0 
17095.0 41087.0 
17171.0 40744.0 
18596.0 40337.0 
19912.0 40313.0 
21708.0 39999.0 
28763.0 39656.0 
36184.0 39410.0 
39434.0 39364.0 
21342.0 40064.0 
24592.0 39916.0 
24820.0 39889.0 
25513.0 39865.0 
32013.0 39573.0 
Remove random   Add random
push: 18 pull: 109
Final PF: 
16023.0 43465.0 
16595.0 41211.0 
17171.0 40805.0 
18545.0 40444.0 
19912.0 40313.0 
32013.0 39572.0 
36184.0 39410.0 
18092.0 40466.0 
18596.0 40337.0 
21266.0 40310.0 
21342.0 40064.0 
21708.0 39975.0 
24516.0 39972.0 
24592.0 39915.0 
25513.0 39758.0 
28763.0 39632.0 
17095.0 41148.0 
39434.0 39364.0 
16515.0 41443.0 
24820.0 39889.0 
Remove random   Add best
push: 53 pull: 155
Final PF: 
16023.0 43465.0 
16595.0 41211.0 
18092.0 40466.0 
28763.0 39678.0 
32013.0 39619.0 
16515.0 41443.0 
18545.0 40444.0 
18596.0 40377.0 
21266.0 40334.0 
21342.0 40128.0 
21657.0 40106.0 
21708.0 40039.0 
17171.0 40805.0 
36184.0 39410.0 
39434.0 39364.0 
17095.0 41148.0 
24592.0 39940.0 
24820.0 39889.0 
Remove random   Add diversity
push: 38 pull: 128
Final PF: 
39434.0 39364.0 
16023.0 43435.0 
17171.0 40744.0 
18596.0 40337.0 
19912.0 40313.0 
21266.0 40310.0 
21342.0 40064.0 
21708.0 39975.0 
24592.0 39916.0 
24820.0 39865.0 
28763.0 39656.0 
32013.0 39619.0 
18092.0 40466.0 
18545.0 40444.0 
25513.0 39798.0 
27894.0 39797.0 
32934.0 39552.0 
16515.0 41443.0 
16595.0 41211.0 
17095.0 41148.0 
36184.0 39410.0 
Remove worst   Add new
push: 45 pull: 130
Final PF: 
16023.0 43465.0 
16156.0 43184.0 
18092.0 40466.0 
18545.0 40444.0 
21266.0 40310.0 
24516.0 39972.0 
16515.0 41507.0 
16595.0 41150.0 
17095.0 41087.0 
17171.0 40744.0 
18596.0 40337.0 
19912.0 40313.0 
21708.0 39999.0 
25513.0 39782.0 
28763.0 39656.0 
32934.0 39535.0 
36184.0 39410.0 
39434.0 39364.0 
21342.0 40064.0 
24592.0 39916.0 
24820.0 39889.0 
32013.0 39573.0 
Remove worst   Add random
push: 20 pull: 88
Final PF: 
16156.0 43184.0 
16515.0 41382.0 
17171.0 40744.0 
18092.0 40466.0 
18545.0 40444.0 
24516.0 39974.0 
24592.0 39916.0 
28763.0 39656.0 
16595.0 41150.0 
16023.0 43435.0 
17095.0 41069.0 
18596.0 40337.0 
21266.0 40310.0 
19912.0 40313.0 
21708.0 39999.0 
25513.0 39782.0 
32934.0 39535.0 
36184.0 39410.0 
39434.0 39364.0 
21342.0 40064.0 
24820.0 39889.0 
32013.0 39573.0 
Remove worst   Add best
push: 44 pull: 132
Final PF: 
16023.0 43465.0 
16156.0 43184.0 
16595.0 41150.0 
18092.0 40466.0 
16515.0 41382.0 
17171.0 40744.0 
18545.0 40444.0 
21266.0 40310.0 
17095.0 41087.0 
18596.0 40337.0 
19912.0 40313.0 
21708.0 39999.0 
25513.0 39782.0 
28763.0 39656.0 
32934.0 39535.0 
36184.0 39410.0 
39434.0 39364.0 
21342.0 40064.0 
24592.0 39916.0 
24820.0 39865.0 
32013.0 39573.0 
Remove worst   Add diversity
push: 31 pull: 98
Final PF: 
39434.0 39364.0 
16023.0 43435.0 
17171.0 40744.0 
18092.0 40466.0 
18545.0 40444.0 
18596.0 40337.0 
19912.0 40313.0 
21266.0 40310.0 
21342.0 40064.0 
21708.0 39975.0 
24592.0 39916.0 
24820.0 39865.0 
25513.0 39758.0 
32013.0 39573.0 
16515.0 41382.0 
16595.0 41150.0 
17095.0 41087.0 
24516.0 39974.0 
32934.0 39535.0 
16494.0 43184.0 
28763.0 39632.0 
31937.0 39631.0 
36184.0 39399.0 
linkage migration
push: 10 pull: 68
Final PF: 
16023.0 42457.0 
16156.0 42088.0 
19912.0 40313.0 
21342.0 40064.0 
21708.0 39975.0 
24592.0 39915.0 
25513.0 39758.0 
28687.0 39757.0 
28763.0 39632.0 
32013.0 39572.0 
32934.0 39512.0 
36184.0 39386.0 
39358.0 39385.0 
39434.0 39326.0 
16515.0 41382.0 
16595.0 41150.0 
17171.0 40744.0 
18545.0 40444.0 
18596.0 40337.0 
21266.0 40310.0 
24516.0 39972.0 
31937.0 39629.0 
57526.0 39016.0 
18092.0 40466.0 
24820.0 39865.0 
43605.0 39153.0 
46855.0 39093.0 
50105.0 39058.0 
17095.0 41069.0 
40355.0 39302.0 



---------------------------------------
Quality Indicator Results: 

for each remove method 
Remove random   


 GD: 
46860.483
46796.653
46815.805
47099.77


 D1R: 
44214.441
44270.659
44270.659
44214.441
DCI: 
0.54
0.714
0.238
0.698


 IGD: 
73.72
55.153
170.273
15.638


 HV: 
0.995
1.0
0.986
0.999


Remove worst   


 GD: 
46974.928
46967.692
46972.41
47140.609


 D1R: 
44214.441
44214.441
44214.441
44214.441
DCI: 
0.609
0.696
0.652
0.87


 IGD: 
16.331
8.896
13.957
13.22


 HV: 
0.998
0.998
0.998
1.0



---------------------------------------
for each add method
Add new


 GD: 
46860.483
46974.928


 D1R: 
44214.441
44214.441
DCI: 
0.773
1.0


 IGD: 
75.798
0.0


 HV: 
0.994
1.0


Add random


 GD: 
46796.653
46967.692


 D1R: 
44270.659
44214.441
DCI: 
0.682
0.788


 IGD: 
69.301
3.455


 HV: 
0.999
1.0


Add best


 GD: 
46815.805
46972.41


 D1R: 
44270.659
44214.441
DCI: 
0.238
1.0


 IGD: 
180.118
0.0


 HV: 
0.985
1.0


Add diversity


 GD: 
47099.77
47140.609


 D1R: 
44214.441
44214.441
DCI: 
0.522
1.0


 IGD: 
44.663
0.0


 HV: 
0.995
1.0



---------------------------------------
 results for all together 

Remove nothing   Add nothing
Remove random   Add new
Remove random   Add random
Remove random   Add best
Remove random   Add diversity
Remove worst   Add new
Remove worst   Add random
Remove worst   Add best
Remove worst   Add diversity
Linkage migration


 GD: 
46957.101
46860.483
46796.653
46815.805
47099.77
46974.928
46967.692
46972.41
47140.609
49859.945


 D1R: 
44270.659
44214.441
44270.659
44270.659
44214.441
44214.441
44214.441
44214.441
44214.441
44214.441
DCI: 
0.067
0.278
0.4
0.067
0.322
0.344
0.378
0.378
0.478
1.0


 IGD: 
1002.663
925.94
915.104
996.639
886.491
870.636
869.535
872.514
868.35
0.0


 HV: 
0.962
0.966
0.969
0.962
0.968
0.969
0.969
0.969
0.97
1.0


---------------------------------------
 actions for all together 

60 0
52 155
18 109
53 155
38 128
45 130
20 88
44 132
31 98
10 68

