seeds 1027 factoryScale6 numberOfIslands5 numberOfReplacement1 notImprovedInARow 3

remove and add nothing
push: 58 pull: 0
Final PF: 
16595.0 41259.0 
17095.0 41160.0 
18016.0 41083.0 
27894.0 39757.0 
18092.0 40466.0 
18545.0 40444.0 
18596.0 40337.0 
19912.0 40313.0 
21266.0 40312.0 
21342.0 40064.0 
21708.0 39975.0 
24592.0 39963.0 
25513.0 39758.0 
28763.0 39632.0 
31937.0 39631.0 
32934.0 39525.0 
39358.0 39396.0 
16023.0 45623.0 
16290.0 43116.0 
24820.0 39924.0 
36184.0 39515.0 
16515.0 41645.0 
17171.0 41146.0 
Remove random   Add new
push: 53 pull: 157
Final PF: 
16595.0 41259.0 
17095.0 41160.0 
18016.0 41083.0 
18596.0 40337.0 
19912.0 40313.0 
21266.0 40310.0 
21342.0 40064.0 
21708.0 39975.0 
25513.0 39758.0 
27894.0 39757.0 
28763.0 39632.0 
16023.0 45623.0 
16290.0 43116.0 
24592.0 39934.0 
24820.0 39924.0 
32013.0 39591.0 
36184.0 39515.0 
18092.0 40466.0 
18545.0 40444.0 
31937.0 39631.0 
32934.0 39525.0 
39358.0 39396.0 
16515.0 41645.0 
17171.0 41146.0 
Remove random   Add random
push: 22 pull: 108
Final PF: 
16290.0 43000.0 
16595.0 41259.0 
17095.0 41160.0 
21342.0 40064.0 
32013.0 39591.0 
32934.0 39525.0 
27894.0 39757.0 
36184.0 39515.0 
17171.0 41007.0 
24592.0 39916.0 
16023.0 44181.0 
16515.0 41645.0 
18092.0 40466.0 
18545.0 40444.0 
18596.0 40337.0 
19912.0 40313.0 
21266.0 40312.0 
21708.0 39975.0 
25513.0 39758.0 
28763.0 39632.0 
31937.0 39631.0 
39358.0 39396.0 
Remove random   Add best
push: 52 pull: 147
Final PF: 
16595.0 41259.0 
17095.0 41160.0 
27894.0 39757.0 
16023.0 45623.0 
16290.0 43116.0 
32013.0 39598.0 
36184.0 39515.0 
16515.0 41645.0 
17171.0 41007.0 
18092.0 40466.0 
18545.0 40444.0 
18596.0 40337.0 
19912.0 40313.0 
21266.0 40312.0 
21342.0 40064.0 
21708.0 39975.0 
24592.0 39916.0 
25513.0 39758.0 
28763.0 39632.0 
31937.0 39631.0 
32934.0 39525.0 
36108.0 39522.0 
39358.0 39396.0 
Remove random   Add diversity
push: 43 pull: 140
Final PF: 
16290.0 43000.0 
27894.0 39757.0 
31937.0 39631.0 
32934.0 39512.0 
36184.0 39453.0 
16515.0 41334.0 
16595.0 41102.0 
17095.0 41021.0 
17171.0 40835.0 
16023.0 45623.0 
32013.0 39591.0 
39358.0 39396.0 
18092.0 40466.0 
18545.0 40444.0 
18596.0 40337.0 
19912.0 40313.0 
21266.0 40312.0 
21342.0 40064.0 
21708.0 39975.0 
24592.0 39916.0 
25513.0 39758.0 
28763.0 39632.0 
Remove worst   Add new
push: 52 pull: 147
Final PF: 
16023.0 45623.0 
16290.0 43116.0 
24592.0 39934.0 
24820.0 39905.0 
32013.0 39591.0 
36184.0 39515.0 
16595.0 41259.0 
17095.0 41160.0 
18016.0 41083.0 
27894.0 39757.0 
18092.0 40466.0 
18545.0 40444.0 
18596.0 40337.0 
19912.0 40313.0 
21266.0 40312.0 
21342.0 40064.0 
21708.0 39975.0 
24516.0 39974.0 
25513.0 39758.0 
28763.0 39632.0 
31937.0 39631.0 
32934.0 39525.0 
39358.0 39396.0 
16515.0 41645.0 
17171.0 41146.0 
Remove worst   Add random
push: 20 pull: 100
Final PF: 
16290.0 43000.0 
16595.0 41259.0 
17095.0 41160.0 
17171.0 40859.0 
18092.0 40466.0 
21708.0 39975.0 
24516.0 39974.0 
16515.0 41645.0 
21342.0 40064.0 
24592.0 39915.0 
27894.0 39757.0 
28763.0 39631.0 
32013.0 39572.0 
36184.0 39459.0 
16023.0 45623.0 
18596.0 40337.0 
24820.0 39905.0 
18545.0 40444.0 
19912.0 40313.0 
21266.0 40312.0 
25513.0 39758.0 
32934.0 39525.0 
39358.0 39396.0 
Remove worst   Add best
push: 50 pull: 144
Final PF: 
16595.0 41259.0 
17095.0 41160.0 
27894.0 39757.0 
16023.0 45623.0 
16290.0 43116.0 
24820.0 39905.0 
32013.0 39591.0 
36184.0 39515.0 
16515.0 41645.0 
17171.0 41007.0 
18092.0 40466.0 
18545.0 40444.0 
18596.0 40337.0 
19912.0 40313.0 
21266.0 40312.0 
21342.0 40064.0 
21708.0 39975.0 
24516.0 39974.0 
24592.0 39916.0 
25513.0 39758.0 
28763.0 39632.0 
31937.0 39631.0 
32934.0 39525.0 
39358.0 39396.0 
Remove worst   Add diversity
push: 38 pull: 128
Final PF: 
16290.0 43000.0 
16515.0 41448.0 
16595.0 41053.0 
17095.0 40954.0 
27894.0 39757.0 
31937.0 39631.0 
18596.0 40337.0 
19912.0 40313.0 
21266.0 40310.0 
25513.0 39758.0 
24592.0 39934.0 
24820.0 39905.0 
32013.0 39591.0 
36184.0 39515.0 
39358.0 39396.0 
18092.0 40466.0 
18545.0 40444.0 
21342.0 40064.0 
21708.0 39975.0 
28763.0 39632.0 
32934.0 39525.0 
16023.0 44181.0 
linkage migration
push: 15 pull: 75
Final PF: 
16515.0 41267.0 
17095.0 40954.0 
17171.0 40768.0 
18092.0 40466.0 
18545.0 40444.0 
18596.0 40337.0 
19912.0 40313.0 
21708.0 39975.0 
25513.0 39758.0 
28763.0 39632.0 
32934.0 39512.0 
36184.0 39386.0 
39434.0 39334.0 
43605.0 39153.0 
46855.0 39118.0 
21266.0 40310.0 
21342.0 40064.0 
24592.0 39915.0 
27894.0 39757.0 
28687.0 39755.0 
31937.0 39629.0 
32013.0 39572.0 
16023.0 44271.0 
16290.0 42992.0 
51026.0 39071.0 
16595.0 41035.0 
24516.0 39972.0 
24820.0 39865.0 



---------------------------------------
Quality Indicator Results: 

for each remove method 
Remove random   


 GD: 
47233.31
47278.236
47614.181
47304.64


 D1R: 
44326.263
44326.263
44326.263
44298.312
DCI: 
0.591
0.682
0.545
0.909


 IGD: 
91.983
26.952
82.45
55.128


 HV: 
0.995
0.999
0.996
1.0


Remove worst   


 GD: 
47219.123
47142.363
47311.452
47368.527


 D1R: 
44326.263
44320.437
44326.263
44280.276
DCI: 
0.551
0.783
0.58
0.768


 IGD: 
95.955
75.542
84.201
13.154


 HV: 
0.995
0.998
0.996
1.0



---------------------------------------
for each add method
Add new


 GD: 
47233.31
47219.123


 D1R: 
44326.263
44326.263
DCI: 
0.92
0.96


 IGD: 
4.195
0.08


 HV: 
1.0
1.0


Add random


 GD: 
47278.236
47142.363


 D1R: 
44326.263
44320.437
DCI: 
0.754
0.957


 IGD: 
23.864
52.644


 HV: 
1.0
1.0


Add best


 GD: 
47614.181
47311.452


 D1R: 
44326.263
44326.263
DCI: 
0.88
0.96


 IGD: 
13.235
3.053


 HV: 
1.0
1.0


Add diversity


 GD: 
47304.64
47368.527


 D1R: 
44298.312
44280.276
DCI: 
0.783
0.783


 IGD: 
67.699
15.139


 HV: 
1.0
1.0



---------------------------------------
 results for all together 

Remove nothing   Add nothing
Remove random   Add new
Remove random   Add random
Remove random   Add best
Remove random   Add diversity
Remove worst   Add new
Remove worst   Add random
Remove worst   Add best
Remove worst   Add diversity
Linkage migration


 GD: 
47074.412
47233.31
47278.236
47614.181
47304.64
47219.123
47142.363
47311.452
47368.527
48782.088


 D1R: 
44326.263
44326.263
44326.263
44326.263
44298.312
44326.263
44320.437
44326.263
44280.276
44236.558
DCI: 
0.31
0.345
0.369
0.333
0.369
0.31
0.393
0.333
0.417
0.952


 IGD: 
538.365
534.67
486.587
531.808
515.023
530.968
517.055
520.955
470.913
3.37


 HV: 
0.982
0.983
0.985
0.983
0.986
0.983
0.985
0.983
0.986
1.0


---------------------------------------
 actions for all together 

58 0
53 157
22 108
52 147
43 140
52 147
20 100
50 144
38 128
15 75

