seeds 1026 factoryScale10 numberOfIslands5 numberOfReplacement1 notImprovedInARow 3

remove and add nothing
push: 55 pull: 0
Final PF: 
18092.0 40496.0 
18545.0 40474.0 
21342.0 40064.0 
21708.0 39975.0 
25513.0 39758.0 
28763.0 39632.0 
32934.0 39512.0 
16515.0 41396.0 
16595.0 41053.0 
17095.0 40954.0 
17171.0 40768.0 
43605.0 39328.0 
46855.0 39268.0 
18596.0 40337.0 
19912.0 40313.0 
21266.0 40312.0 
24592.0 39916.0 
24516.0 39974.0 
36184.0 39503.0 
16495.0 44958.0 
32013.0 39603.0 
Remove random   Add new
push: 52 pull: 152
Final PF: 
18092.0 40496.0 
18545.0 40474.0 
21342.0 40064.0 
21708.0 39975.0 
25513.0 39758.0 
28763.0 39632.0 
32934.0 39512.0 
16515.0 41396.0 
16595.0 41053.0 
17095.0 40954.0 
17171.0 40768.0 
36184.0 39464.0 
43605.0 39328.0 
46855.0 39268.0 
18596.0 40337.0 
19912.0 40313.0 
21266.0 40312.0 
24592.0 39916.0 
24516.0 39974.0 
16495.0 44958.0 
32013.0 39603.0 
40355.0 39430.0 
Remove random   Add random
push: 27 pull: 107
Final PF: 
16515.0 41267.0 
16595.0 41035.0 
18092.0 40496.0 
18545.0 40474.0 
18596.0 40337.0 
21342.0 40064.0 
21708.0 39975.0 
24516.0 39974.0 
25513.0 39758.0 
28763.0 39632.0 
32013.0 39603.0 
32934.0 39512.0 
46855.0 39268.0 
17095.0 40954.0 
21266.0 40312.0 
28687.0 39757.0 
43605.0 39328.0 
17171.0 40744.0 
19912.0 40313.0 
24592.0 39916.0 
16495.0 44958.0 
36184.0 39475.0 
Remove random   Add best
push: 46 pull: 132
Final PF: 
16595.0 41035.0 
17095.0 40954.0 
17171.0 40768.0 
18092.0 40496.0 
18545.0 40474.0 
21342.0 40064.0 
21708.0 39975.0 
25513.0 39758.0 
28763.0 39632.0 
32934.0 39512.0 
16515.0 41396.0 
36184.0 39410.0 
43605.0 39328.0 
46855.0 39268.0 
18596.0 40337.0 
19912.0 40313.0 
21266.0 40312.0 
24592.0 39916.0 
24516.0 39974.0 
16495.0 44958.0 
28687.0 39757.0 
32013.0 39603.0 
Remove random   Add diversity
push: 35 pull: 118
Final PF: 
16156.0 42141.0 
18092.0 40496.0 
18545.0 40474.0 
21342.0 40064.0 
21708.0 39975.0 
25513.0 39758.0 
28763.0 39632.0 
32934.0 39512.0 
36184.0 39386.0 
43605.0 39328.0 
16515.0 41267.0 
16595.0 41053.0 
17095.0 40954.0 
17171.0 40768.0 
46855.0 39268.0 
18596.0 40337.0 
19912.0 40313.0 
21266.0 40312.0 
24592.0 39916.0 
24516.0 39974.0 
32013.0 39603.0 
16023.0 42584.0 
28687.0 39757.0 
Remove worst   Add new
push: 46 pull: 134
Final PF: 
18092.0 40496.0 
18545.0 40474.0 
21342.0 40064.0 
21708.0 39975.0 
25513.0 39758.0 
28763.0 39632.0 
32934.0 39512.0 
16515.0 41396.0 
16595.0 41053.0 
17095.0 40954.0 
17171.0 40768.0 
36184.0 39410.0 
39434.0 39374.0 
43605.0 39328.0 
46855.0 39268.0 
16156.0 48034.0 
18596.0 40337.0 
19912.0 40313.0 
21266.0 40312.0 
24592.0 39916.0 
24516.0 39974.0 
16495.0 44958.0 
32013.0 39603.0 
Remove worst   Add random
push: 15 pull: 93
Final PF: 
16595.0 41053.0 
17095.0 40954.0 
18092.0 40496.0 
18545.0 40474.0 
19912.0 40313.0 
21266.0 40312.0 
21342.0 40064.0 
21708.0 39975.0 
24516.0 39974.0 
24592.0 39916.0 
25513.0 39758.0 
28763.0 39632.0 
32934.0 39512.0 
36184.0 39386.0 
16515.0 41396.0 
17171.0 40768.0 
18596.0 40337.0 
32013.0 39573.0 
39434.0 39374.0 
43605.0 39328.0 
46855.0 39268.0 
16495.0 44958.0 
Remove worst   Add best
push: 41 pull: 120
Final PF: 
16515.0 41267.0 
16595.0 41035.0 
17095.0 40954.0 
17171.0 40768.0 
18092.0 40496.0 
18545.0 40474.0 
21342.0 40064.0 
21708.0 39975.0 
25513.0 39758.0 
28763.0 39632.0 
32934.0 39512.0 
36184.0 39410.0 
39434.0 39374.0 
43605.0 39328.0 
46855.0 39268.0 
18596.0 40337.0 
19912.0 40313.0 
21266.0 40312.0 
24592.0 39916.0 
24516.0 39974.0 
16495.0 44958.0 
32013.0 39603.0 
Remove worst   Add diversity
push: 30 pull: 109
Final PF: 
16515.0 41267.0 
16595.0 41035.0 
17095.0 40954.0 
17171.0 40768.0 
18092.0 40496.0 
18545.0 40474.0 
21342.0 40064.0 
21708.0 39975.0 
25513.0 39758.0 
28763.0 39632.0 
32934.0 39512.0 
36184.0 39386.0 
43605.0 39328.0 
16023.0 44441.0 
39434.0 39374.0 
46855.0 39268.0 
18596.0 40337.0 
19912.0 40313.0 
21266.0 40310.0 
24592.0 39916.0 
32013.0 39573.0 
16290.0 43375.0 
24516.0 39974.0 
linkage migration
push: 18 pull: 73
Final PF: 
18092.0 40466.0 
18545.0 40444.0 
18596.0 40337.0 
19912.0 40313.0 
21266.0 40310.0 
21342.0 40064.0 
21708.0 39975.0 
24592.0 39916.0 
25513.0 39758.0 
28763.0 39632.0 
32934.0 39512.0 
36184.0 39386.0 
16515.0 41396.0 
16595.0 41053.0 
17095.0 40954.0 
17171.0 40768.0 
28687.0 39755.0 
32013.0 39573.0 
24516.0 39972.0 
24820.0 39905.0 
46855.0 39141.0 
16023.0 43516.0 
16156.0 43073.0 
16495.0 43010.0 
31937.0 39629.0 
36108.0 39511.0 
39434.0 39340.0 
27894.0 39757.0 
40355.0 39279.0 
43605.0 39153.0 



---------------------------------------
Quality Indicator Results: 

for each remove method 
Remove random   


 GD: 
48283.189
47940.251
47944.524
47713.078


 D1R: 
44236.558
44214.441
44236.558
44236.558
DCI: 
0.696
0.87
0.783
0.913


 IGD: 
109.049
106.076
99.558
1.826


 HV: 
0.989
0.988
0.991
1.0


Remove worst   


 GD: 
48355.39
48247.943
48243.603
48130.539


 D1R: 
44236.558
44236.558
44236.558
44236.558
DCI: 
0.696
0.783
0.783
1.0


 IGD: 
108.664
106.316
102.273
0.0


 HV: 
0.992
0.992
0.992
1.0



---------------------------------------
for each add method
Add new


 GD: 
48283.189
48355.39


 D1R: 
44236.558
44236.558
DCI: 
0.87
1.0


 IGD: 
177.014
0.0


 HV: 
0.998
1.0


Add random


 GD: 
47940.251
48247.943


 D1R: 
44214.441
44236.558
DCI: 
0.87
0.826


 IGD: 
146.546
13.795


 HV: 
0.996
1.0


Add best


 GD: 
47944.524
48243.603


 D1R: 
44236.558
44236.558
DCI: 
0.913
0.957


 IGD: 
146.922
6.36


 HV: 
0.999
1.0


Add diversity


 GD: 
47713.078
48130.539


 D1R: 
44236.558
44236.558
DCI: 
0.833
0.875


 IGD: 
137.501
80.25


 HV: 
1.0
0.995



---------------------------------------
 results for all together 

Remove nothing   Add nothing
Remove random   Add new
Remove random   Add random
Remove random   Add best
Remove random   Add diversity
Remove worst   Add new
Remove worst   Add random
Remove worst   Add best
Remove worst   Add diversity
Linkage migration


 GD: 
47897.077
48283.189
47940.251
47944.524
47713.078
48355.39
48247.943
48243.603
48130.539
48568.217


 D1R: 
44236.558
44236.558
44214.441
44236.558
44236.558
44236.558
44236.558
44236.558
44236.558
44236.558
DCI: 
0.31
0.31
0.414
0.345
0.448
0.31
0.379
0.379
0.483
0.828


 IGD: 
377.922
183.132
371.415
367.498
287.913
178.366
177.65
181.613
160.431
53.741


 HV: 
0.984
0.985
0.985
0.986
0.998
0.987
0.987
0.987
0.995
1.0


---------------------------------------
 actions for all together 

55 0
52 152
27 107
46 132
35 118
46 134
15 93
41 120
30 109
18 73

