seeds 1018 factoryScale5 numberOfIslands5 numberOfReplacement1 notImprovedInARow 3

remove and add nothing
push: 57 pull: 0
Final PF: 
18596.0 40337.0 
19912.0 40313.0 
21266.0 40312.0 
21708.0 39975.0 
24516.0 39972.0 
24592.0 39916.0 
25513.0 39758.0 
32013.0 39572.0 
32934.0 39512.0 
39434.0 39339.0 
18092.0 40466.0 
18545.0 40444.0 
21342.0 40064.0 
28763.0 39631.0 
47776.0 39221.0 
16515.0 41448.0 
16595.0 41053.0 
17095.0 40954.0 
31937.0 39630.0 
36184.0 39422.0 
Remove random   Add new
push: 49 pull: 151
Final PF: 
18596.0 40337.0 
19912.0 40313.0 
21266.0 40312.0 
21708.0 39975.0 
24516.0 39972.0 
24592.0 39916.0 
25513.0 39758.0 
32013.0 39572.0 
32934.0 39512.0 
39434.0 39339.0 
18092.0 40466.0 
18545.0 40444.0 
21342.0 40064.0 
27894.0 39757.0 
28763.0 39631.0 
36184.0 39385.0 
47776.0 39221.0 
16515.0 41448.0 
16595.0 41053.0 
17095.0 40954.0 
31937.0 39630.0 
Remove random   Add random
push: 25 pull: 115
Final PF: 
17095.0 40954.0 
18596.0 40337.0 
19912.0 40313.0 
21266.0 40312.0 
21708.0 39975.0 
24516.0 39972.0 
24592.0 39916.0 
25513.0 39758.0 
32013.0 39572.0 
32934.0 39512.0 
36184.0 39385.0 
39434.0 39339.0 
18092.0 40466.0 
18545.0 40444.0 
31937.0 39630.0 
16515.0 41267.0 
16595.0 41035.0 
17171.0 40744.0 
21342.0 40064.0 
27894.0 39757.0 
28763.0 39631.0 
47776.0 39221.0 
Remove random   Add best
push: 42 pull: 126
Final PF: 
16595.0 41035.0 
17095.0 40954.0 
18092.0 40466.0 
18596.0 40337.0 
19912.0 40313.0 
21266.0 40312.0 
21708.0 39975.0 
24516.0 39972.0 
24592.0 39916.0 
24820.0 39865.0 
25513.0 39758.0 
32013.0 39572.0 
32934.0 39512.0 
39434.0 39339.0 
18545.0 40444.0 
21342.0 40064.0 
36184.0 39386.0 
16515.0 41267.0 
17171.0 40768.0 
27894.0 39757.0 
28763.0 39631.0 
43605.0 39328.0 
47776.0 39221.0 
31937.0 39630.0 
Remove random   Add diversity
push: 37 pull: 127
Final PF: 
17095.0 40954.0 
18596.0 40337.0 
19912.0 40313.0 
21266.0 40312.0 
21708.0 39975.0 
24516.0 39972.0 
24592.0 39916.0 
25513.0 39758.0 
32013.0 39572.0 
32934.0 39512.0 
39434.0 39339.0 
40355.0 39279.0 
47776.0 39221.0 
16515.0 41267.0 
16595.0 41035.0 
17171.0 40744.0 
18092.0 40466.0 
18545.0 40444.0 
21342.0 40064.0 
27894.0 39757.0 
28763.0 39631.0 
36184.0 39385.0 
31937.0 39630.0 
Remove worst   Add new
push: 46 pull: 132
Final PF: 
18596.0 40337.0 
19912.0 40313.0 
21266.0 40312.0 
21708.0 39975.0 
24516.0 39972.0 
25513.0 39758.0 
32013.0 39572.0 
32934.0 39512.0 
39434.0 39339.0 
18092.0 40466.0 
18545.0 40444.0 
21342.0 40064.0 
36184.0 39386.0 
24592.0 39915.0 
27894.0 39757.0 
28763.0 39631.0 
43605.0 39328.0 
47776.0 39221.0 
16515.0 41448.0 
16595.0 41053.0 
17095.0 40954.0 
31937.0 39630.0 
Remove worst   Add random
push: 23 pull: 91
Final PF: 
18596.0 40337.0 
19912.0 40313.0 
21266.0 40312.0 
21708.0 39975.0 
24516.0 39972.0 
24820.0 39865.0 
25513.0 39758.0 
27894.0 39757.0 
32013.0 39572.0 
32934.0 39512.0 
36184.0 39399.0 
39434.0 39339.0 
18092.0 40466.0 
18545.0 40444.0 
21342.0 40064.0 
43605.0 39304.0 
28763.0 39631.0 
24592.0 39915.0 
47776.0 39221.0 
16515.0 41448.0 
16595.0 41053.0 
17095.0 40954.0 
31937.0 39630.0 
Remove worst   Add best
push: 40 pull: 121
Final PF: 
16515.0 41267.0 
16595.0 41035.0 
17095.0 40954.0 
18092.0 40466.0 
18596.0 40337.0 
19912.0 40313.0 
21266.0 40312.0 
21708.0 39975.0 
24516.0 39972.0 
25513.0 39758.0 
32013.0 39572.0 
32934.0 39512.0 
39434.0 39339.0 
18545.0 40444.0 
21342.0 40064.0 
36184.0 39386.0 
17171.0 40744.0 
24592.0 39915.0 
27894.0 39757.0 
28763.0 39631.0 
43605.0 39328.0 
47776.0 39221.0 
31937.0 39630.0 
Remove worst   Add diversity
push: 26 pull: 101
Final PF: 
17095.0 40954.0 
18596.0 40337.0 
19912.0 40313.0 
21266.0 40312.0 
21708.0 39975.0 
24516.0 39972.0 
24820.0 39865.0 
25513.0 39758.0 
32013.0 39572.0 
32934.0 39512.0 
39434.0 39339.0 
43605.0 39304.0 
47776.0 39221.0 
16515.0 41267.0 
16595.0 41035.0 
17171.0 40744.0 
18092.0 40466.0 
18545.0 40444.0 
21342.0 40064.0 
36184.0 39386.0 
24592.0 39915.0 
27894.0 39757.0 
28763.0 39631.0 
31937.0 39630.0 
linkage migration
push: 31 pull: 118
Final PF: 
18596.0 40337.0 
19912.0 40313.0 
21266.0 40312.0 
21708.0 39975.0 
24516.0 39972.0 
25513.0 39758.0 
32013.0 39572.0 
32934.0 39512.0 
40355.0 39279.0 
18092.0 40466.0 
18545.0 40444.0 
21342.0 40064.0 
24820.0 39884.0 
36108.0 39511.0 
39434.0 39326.0 
43605.0 39241.0 
46855.0 39093.0 
24592.0 39915.0 
27894.0 39757.0 
28763.0 39631.0 
36184.0 39385.0 
16515.0 41448.0 
16595.0 41053.0 
17095.0 40954.0 
17171.0 40768.0 
31937.0 39630.0 



---------------------------------------
Quality Indicator Results: 

for each remove method 
Remove random   


 GD: 
48129.357
47943.007
48352.063
48307.002


 D1R: 
44280.276
44214.441
44236.558
44214.441
DCI: 
0.792
0.917
0.903
0.958


 IGD: 
65.788
48.191
39.498
9.735


 HV: 
0.988
0.992
0.993
1.0


Remove worst   


 GD: 
48610.764
48538.713
48411.585
48350.437


 D1R: 
44280.276
44280.276
44214.441
44214.441
DCI: 
0.792
0.833
0.917
1.0


 IGD: 
28.323
18.139
10.726
0.0


 HV: 
0.994
0.995
0.998
1.0



---------------------------------------
for each add method
Add new


 GD: 
48129.357
48610.764


 D1R: 
44280.276
44280.276
DCI: 
0.939
0.985


 IGD: 
189.637
0.045


 HV: 
0.999
1.0


Add random


 GD: 
47943.007
48538.713


 D1R: 
44214.441
44280.276
DCI: 
0.903
0.833


 IGD: 
183.574
18.18


 HV: 
1.0
0.999


Add best


 GD: 
48352.063
48411.585


 D1R: 
44236.558
44214.441
DCI: 
0.944
0.958


 IGD: 
1.042
9.726


 HV: 
1.0
1.0


Add diversity


 GD: 
48307.002
48350.437


 D1R: 
44214.441
44214.441
DCI: 
0.944
0.944


 IGD: 
9.776
38.498


 HV: 
1.0
0.995



---------------------------------------
 results for all together 

Remove nothing   Add nothing
Remove random   Add new
Remove random   Add random
Remove random   Add best
Remove random   Add diversity
Remove worst   Add new
Remove worst   Add random
Remove worst   Add best
Remove worst   Add diversity
Linkage migration


 GD: 
48108.868
48129.357
47943.007
48352.063
48307.002
48610.764
48538.713
48411.585
48350.437
48831.923


 D1R: 
44280.276
44280.276
44214.441
44236.558
44214.441
44280.276
44280.276
44214.441
44214.441
44236.558
DCI: 
0.564
0.641
0.756
0.744
0.795
0.641
0.654
0.756
0.795
0.846


 IGD: 
261.388
227.35
211.107
45.971
140.192
70.23
60.409
53.987
44.086
45.071


 HV: 
0.981
0.983
0.987
0.988
0.995
0.984
0.985
0.988
0.99
1.0


---------------------------------------
 actions for all together 

57 0
49 151
25 115
42 126
37 127
46 132
23 91
40 121
26 101
31 118

