seeds 1018 factoryScale6 numberOfIslands5 numberOfReplacement1 notImprovedInARow 3

remove and add nothing
push: 50 pull: 0
Final PF: 
21689.0 249809.0 
21708.0 246527.0 
22263.0 245954.0 
25437.0 244583.0 
26192.0 244556.0 
28687.0 244091.0 
29684.0 244072.0 
32934.0 243967.0 
35608.0 243923.0 
21266.0 262317.0 
21342.0 256522.0 
21089.0 272681.0 
21657.0 250543.0 
Remove random   Add new
push: 32 pull: 109
Final PF: 
20190.0 253810.0 
20787.0 250446.0 
20857.0 248900.0 
21342.0 246538.0 
21657.0 246337.0 
21708.0 244922.0 
22263.0 244523.0 
24820.0 244138.0 
25513.0 243750.0 
28763.0 243680.0 
29684.0 243605.0 
31937.0 243407.0 
Remove random   Add random
push: 20 pull: 65
Final PF: 
21689.0 247119.0 
21708.0 246527.0 
22263.0 245954.0 
25437.0 244583.0 
28687.0 244091.0 
29684.0 244072.0 
25513.0 244399.0 
27843.0 244258.0 
24820.0 245047.0 
20955.0 264535.0 
21021.0 259834.0 
21266.0 255692.0 
21342.0 252051.0 
21613.0 250768.0 
21657.0 249340.0 
24801.0 245318.0 
32013.0 243446.0 
Remove random   Add best
push: 38 pull: 112
Final PF: 
21689.0 247119.0 
21708.0 246527.0 
22263.0 245954.0 
25437.0 244583.0 
26192.0 244556.0 
28687.0 244091.0 
29684.0 244072.0 
32934.0 243967.0 
21266.0 262317.0 
21342.0 250279.0 
21638.0 249970.0 
24516.0 245840.0 
33987.0 243916.0 
21089.0 272681.0 
24592.0 244982.0 
Remove random   Add diversity
push: 19 pull: 73
Final PF: 
21089.0 272681.0 
21138.0 271776.0 
21638.0 251488.0 
21689.0 246868.0 
21708.0 246334.0 
25437.0 244390.0 
26192.0 244363.0 
28687.0 244091.0 
37105.0 243379.0 
21266.0 262317.0 
21342.0 252516.0 
27824.0 244255.0 
29684.0 244037.0 
32934.0 243605.0 
21657.0 250543.0 
22263.0 245251.0 
23950.0 245018.0 
24592.0 244810.0 
Remove worst   Add new
push: 30 pull: 99
Final PF: 
21689.0 247061.0 
21708.0 246527.0 
28687.0 244091.0 
29684.0 244072.0 
32934.0 243967.0 
35608.0 243923.0 
21342.0 252516.0 
21638.0 250936.0 
21266.0 262317.0 
21089.0 272681.0 
21657.0 250543.0 
22263.0 245476.0 
24516.0 245302.0 
24592.0 244949.0 
24937.0 244549.0 
27043.0 244540.0 
32013.0 243974.0 
Remove worst   Add random
push: 16 pull: 80
Final PF: 
21266.0 262317.0 
21689.0 247061.0 
21708.0 246527.0 
22263.0 245954.0 
27043.0 244540.0 
28687.0 244091.0 
29684.0 244072.0 
32013.0 244064.0 
32934.0 243967.0 
35608.0 243923.0 
21342.0 252516.0 
21657.0 250543.0 
24937.0 244549.0 
21089.0 272681.0 
24516.0 245514.0 
24592.0 244760.0 
Remove worst   Add best
push: 29 pull: 92
Final PF: 
21689.0 247061.0 
21708.0 246527.0 
22263.0 245476.0 
28687.0 244091.0 
29684.0 244072.0 
32934.0 243967.0 
35608.0 243923.0 
21342.0 252516.0 
21638.0 249497.0 
21266.0 262317.0 
21089.0 272681.0 
24516.0 245302.0 
24592.0 244949.0 
24937.0 244549.0 
27043.0 244540.0 
32013.0 243974.0 
Remove worst   Add diversity
push: 15 pull: 74
Final PF: 
21089.0 272681.0 
21138.0 271776.0 
21266.0 262317.0 
21689.0 247061.0 
21708.0 246527.0 
22263.0 245954.0 
25437.0 244314.0 
26192.0 244287.0 
28687.0 244091.0 
29684.0 244072.0 
32934.0 243967.0 
34099.0 243843.0 
21342.0 252516.0 
21579.0 249835.0 
24516.0 245514.0 
24592.0 244760.0 
24937.0 244549.0 
32013.0 244064.0 
linkage migration
push: 15 pull: 58
Final PF: 
34190.0 239039.0 
21638.0 247746.0 
25513.0 241759.0 
21689.0 243607.0 
27913.0 240094.0 
32934.0 239416.0 
19769.0 251953.0 
20766.0 251740.0 
21342.0 249701.0 
21266.0 251087.0 



---------------------------------------
Quality Indicator Results: 

for each remove method 
Remove random   


 GD: 
247383.732
249857.746
250033.168
251172.323


 D1R: 
245081.569
245541.823
245770.951
245710.222
DCI: 
0.923
0.0
0.0
0.077


 IGD: 
0.0
785.65
1034.149
788.0


 HV: 
1.0
0.937
0.923
0.931


Remove worst   


 GD: 
250020.972
249942.345
249840.35
250886.696


 D1R: 
245770.951
245770.951
245770.951
245634.63
DCI: 
0.632
0.526
0.684
0.789


 IGD: 
226.003
257.109
151.512
138.644


 HV: 
0.999
0.997
1.0
1.0



---------------------------------------
for each add method
Add new


 GD: 
247383.732
250020.972


 D1R: 
245081.569
245770.951
DCI: 
1.0
0.0


 IGD: 
0.0
800.393


 HV: 
1.0
0.919


Add random


 GD: 
249857.746
249942.345


 D1R: 
245541.823
245770.951
DCI: 
0.765
0.471


 IGD: 
74.799
698.258


 HV: 
1.0
0.984


Add best


 GD: 
250033.168
249840.35


 D1R: 
245770.951
245770.951
DCI: 
0.5
0.875


 IGD: 
227.765
118.149


 HV: 
0.998
1.0


Add diversity


 GD: 
251172.323
250886.696


 D1R: 
245710.222
245634.63
DCI: 
0.722
0.556


 IGD: 
74.827
338.775


 HV: 
1.0
0.994



---------------------------------------
 results for all together 

Remove nothing   Add nothing
Remove random   Add new
Remove random   Add random
Remove random   Add best
Remove random   Add diversity
Remove worst   Add new
Remove worst   Add random
Remove worst   Add best
Remove worst   Add diversity
Linkage migration


 GD: 
251302.621
247383.732
249857.746
250033.168
251172.323
250020.972
249942.345
249840.35
250886.696
246913.442


 D1R: 
245770.951
245081.569
245541.823
245770.951
245710.222
245770.951
245770.951
245770.951
245634.63
241471.737
DCI: 
0.0
0.364
0.0
0.0
0.0
0.0
0.0
0.0
0.0
0.636


 IGD: 
2038.262
1398.378
1785.442
2019.816
1838.498
1932.907
1979.009
1888.398
1897.618
438.946


 HV: 
0.829
0.904
0.847
0.834
0.841
0.836
0.834
0.836
0.836
1.0


---------------------------------------
 actions for all together 

50 0
32 109
20 65
38 112
19 73
30 99
16 80
29 92
15 74
15 58

