seeds 1025 factoryScale8 numberOfIslands5 numberOfReplacement1 notImprovedInARow 3

remove and add nothing
push: 58 pull: 0
Final PF: 
16515.0 41267.0 
16595.0 41035.0 
17095.0 40972.0 
32013.0 39690.0 
36184.0 39628.0 
39358.0 39625.0 
39434.0 39592.0 
17171.0 40768.0 
21342.0 40088.0 
24592.0 40005.0 
25513.0 39847.0 
28687.0 39822.0 
18092.0 40466.0 
18545.0 40449.0 
18596.0 40337.0 
19912.0 40313.0 
21266.0 40312.0 
32934.0 39678.0 
21708.0 40040.0 
28763.0 39697.0 
Remove random   Add new
push: 50 pull: 148
Final PF: 
17171.0 40768.0 
18596.0 40337.0 
19912.0 40313.0 
21266.0 40312.0 
21342.0 40064.0 
21708.0 39975.0 
24592.0 39940.0 
25513.0 39758.0 
28763.0 39632.0 
31937.0 39631.0 
32934.0 39512.0 
36108.0 39511.0 
16515.0 41267.0 
16595.0 41035.0 
17095.0 40972.0 
18092.0 40466.0 
18545.0 40449.0 
24516.0 39974.0 
Remove random   Add random
push: 20 pull: 107
Final PF: 
16515.0 41267.0 
16595.0 41035.0 
17095.0 40972.0 
17171.0 40768.0 
18092.0 40466.0 
24592.0 39939.0 
19912.0 40313.0 
21342.0 40064.0 
18545.0 40444.0 
18596.0 40337.0 
21708.0 39975.0 
24516.0 39974.0 
28763.0 39632.0 
32013.0 39597.0 
36184.0 39386.0 
21266.0 40310.0 
25513.0 39758.0 
32934.0 39525.0 
Remove random   Add best
push: 47 pull: 140
Final PF: 
16595.0 41035.0 
17171.0 40768.0 
18092.0 40466.0 
18596.0 40337.0 
19912.0 40313.0 
21342.0 40064.0 
21708.0 39975.0 
25513.0 39758.0 
28763.0 39632.0 
31937.0 39631.0 
32934.0 39512.0 
36108.0 39511.0 
16515.0 41267.0 
17095.0 40972.0 
18545.0 40444.0 
24516.0 39974.0 
24592.0 39939.0 
32013.0 39597.0 
36184.0 39410.0 
21266.0 40310.0 
Remove random   Add diversity
push: 38 pull: 126
Final PF: 
16515.0 41267.0 
16595.0 41035.0 
17171.0 40768.0 
21342.0 40064.0 
21708.0 39975.0 
24516.0 39974.0 
28763.0 39632.0 
18596.0 40337.0 
19912.0 40313.0 
21266.0 40312.0 
24592.0 39916.0 
25513.0 39758.0 
31937.0 39631.0 
32934.0 39512.0 
36108.0 39511.0 
36184.0 39386.0 
18092.0 40466.0 
18545.0 40444.0 
17095.0 40954.0 
24820.0 39884.0 
39434.0 39351.0 
42684.0 39315.0 
Remove worst   Add new
push: 53 pull: 153
Final PF: 
21342.0 40064.0 
21708.0 39975.0 
24516.0 39974.0 
32934.0 39629.0 
36184.0 39503.0 
17171.0 40768.0 
25513.0 39847.0 
28687.0 39822.0 
16515.0 41267.0 
16595.0 41035.0 
17095.0 40972.0 
32013.0 39690.0 
18092.0 40466.0 
18545.0 40444.0 
18596.0 40337.0 
19912.0 40313.0 
21266.0 40312.0 
24592.0 39940.0 
28763.0 39697.0 
Remove worst   Add random
push: 20 pull: 99
Final PF: 
16595.0 41035.0 
17171.0 40768.0 
18092.0 40466.0 
18545.0 40444.0 
21342.0 40064.0 
21708.0 39975.0 
24516.0 39974.0 
25513.0 39758.0 
28763.0 39632.0 
18596.0 40337.0 
19912.0 40313.0 
21266.0 40312.0 
24592.0 39916.0 
31937.0 39631.0 
32013.0 39597.0 
32934.0 39512.0 
36108.0 39511.0 
36184.0 39386.0 
16515.0 41267.0 
17095.0 40972.0 
Remove worst   Add best
push: 44 pull: 132
Final PF: 
16595.0 41035.0 
17171.0 40768.0 
18092.0 40466.0 
21342.0 40064.0 
21708.0 39975.0 
24516.0 39974.0 
18596.0 40337.0 
19912.0 40313.0 
24592.0 39916.0 
25513.0 39758.0 
28763.0 39632.0 
31937.0 39631.0 
32934.0 39512.0 
36108.0 39511.0 
36184.0 39386.0 
16515.0 41267.0 
17095.0 40972.0 
18545.0 40444.0 
21266.0 40310.0 
Remove worst   Add diversity
push: 38 pull: 124
Final PF: 
21342.0 40064.0 
21708.0 39975.0 
24516.0 39974.0 
28763.0 39632.0 
36184.0 39398.0 
17171.0 40768.0 
25513.0 39823.0 
28687.0 39822.0 
16515.0 41267.0 
16595.0 41035.0 
32934.0 39525.0 
39434.0 39363.0 
18092.0 40466.0 
18545.0 40444.0 
18596.0 40337.0 
19912.0 40313.0 
21266.0 40312.0 
24592.0 39916.0 
32013.0 39597.0 
17095.0 40954.0 
24820.0 39908.0 
42684.0 39355.0 
linkage migration
push: 20 pull: 79
Final PF: 
18092.0 40466.0 
18545.0 40444.0 
18596.0 40337.0 
19912.0 40313.0 
21342.0 40064.0 
21708.0 39975.0 
24516.0 39972.0 
24592.0 39915.0 
25513.0 39758.0 
28687.0 39757.0 
32934.0 39512.0 
36108.0 39511.0 
39434.0 39340.0 
16515.0 41267.0 
16595.0 41035.0 
17171.0 40768.0 
43605.0 39153.0 
17095.0 40954.0 
21266.0 40310.0 
28763.0 39631.0 
36184.0 39386.0 
40355.0 39286.0 
24820.0 39865.0 
31937.0 39629.0 
32013.0 39573.0 
52779.0 39120.0 



---------------------------------------
Quality Indicator Results: 

for each remove method 
Remove random   


 GD: 
46548.601
46547.672
47114.421
47819.721


 D1R: 
44236.558
44236.558
44236.558
44236.558
DCI: 
0.609
0.652
0.739
0.913


 IGD: 
174.69
171.285
161.367
3.875


 HV: 
0.975
0.996
0.993
1.0


Remove worst   


 GD: 
46700.297
47112.647
46912.214
47624.486


 D1R: 
44236.558
44236.558
44236.558
44236.558
DCI: 
0.435
0.783
0.783
0.739


 IGD: 
190.04
159.01
162.704
14.156


 HV: 
0.955
1.0
0.999
0.995



---------------------------------------
for each add method
Add new


 GD: 
46548.601
46700.297


 D1R: 
44236.558
44236.558
DCI: 
0.895
0.737


 IGD: 
0.278
24.646


 HV: 
1.0
0.965


Add random


 GD: 
46547.672
47112.647


 D1R: 
44236.558
44236.558
DCI: 
0.8
0.95


 IGD: 
13.277
0.1


 HV: 
0.998
1.0


Add best


 GD: 
47114.421
46912.214


 D1R: 
44236.558
44236.558
DCI: 
0.9
0.95


 IGD: 
1.15
5.363


 HV: 
1.0
1.0


Add diversity


 GD: 
47819.721
47624.486


 D1R: 
44236.558
44236.558
DCI: 
0.957
0.652


 IGD: 
3.62
16.758


 HV: 
1.0
0.992



---------------------------------------
 results for all together 

Remove nothing   Add nothing
Remove random   Add new
Remove random   Add random
Remove random   Add best
Remove random   Add diversity
Remove worst   Add new
Remove worst   Add random
Remove worst   Add best
Remove worst   Add diversity
Linkage migration


 GD: 
47620.523
46548.601
46547.672
47114.421
47819.721
46700.297
47112.647
46912.214
47624.486
49019.933


 D1R: 
44236.558
44236.558
44236.558
44236.558
44236.558
44236.558
44236.558
44236.558
44236.558
44236.558
DCI: 
0.231
0.449
0.487
0.526
0.59
0.346
0.551
0.59
0.436
1.0


 IGD: 
278.117
630.884
621.757
613.202
85.533
635.675
611.084
613.868
93.47
0.0


 HV: 
0.875
0.922
0.956
0.95
0.971
0.909
0.957
0.957
0.959
1.0


---------------------------------------
 actions for all together 

58 0
50 148
20 107
47 140
38 126
53 153
20 99
44 132
38 124
20 79

