seeds 1001 factoryScale8 numberOfIslands5 numberOfReplacement1 notImprovedInARow 3

remove and add nothing
push: 58 pull: 0
Final PF: 
18092.0 40466.0 
18545.0 40444.0 
18596.0 40337.0 
19912.0 40313.0 
21266.0 40312.0 
21342.0 40064.0 
21708.0 39975.0 
24516.0 39974.0 
24592.0 39915.0 
27894.0 39781.0 
32013.0 39572.0 
16290.0 48551.0 
16480.0 46826.0 
16494.0 45882.0 
25513.0 39782.0 
16990.0 41387.0 
17516.0 41155.0 
18016.0 41074.0 
28763.0 39632.0 
16515.0 42262.0 
16816.0 41662.0 
32934.0 39525.0 
36184.0 39399.0 
43605.0 39384.0 
Remove random   Add new
push: 55 pull: 159
Final PF: 
17516.0 41155.0 
18016.0 41074.0 
18092.0 40466.0 
18545.0 40444.0 
18596.0 40337.0 
19912.0 40313.0 
21266.0 40310.0 
21342.0 40064.0 
21708.0 39975.0 
24516.0 39972.0 
24592.0 39915.0 
28763.0 39632.0 
32013.0 39572.0 
16990.0 41387.0 
16515.0 42262.0 
16816.0 41662.0 
25513.0 39758.0 
32934.0 39525.0 
36184.0 39399.0 
43605.0 39384.0 
16290.0 48551.0 
16480.0 46826.0 
16494.0 45882.0 
Remove random   Add random
push: 26 pull: 105
Final PF: 
16515.0 42262.0 
16595.0 41867.0 
16816.0 41662.0 
18092.0 40466.0 
18545.0 40444.0 
18596.0 40337.0 
19912.0 40313.0 
21266.0 40312.0 
21342.0 40064.0 
21708.0 39975.0 
24516.0 39974.0 
24592.0 39915.0 
24820.0 39865.0 
25513.0 39758.0 
28763.0 39632.0 
32013.0 39572.0 
36184.0 39399.0 
43605.0 39384.0 
16990.0 41387.0 
17516.0 41155.0 
18016.0 41074.0 
32934.0 39525.0 
16290.0 48551.0 
16480.0 46826.0 
16494.0 45882.0 
Remove random   Add best
push: 49 pull: 142
Final PF: 
16816.0 41662.0 
16990.0 41387.0 
18092.0 40466.0 
18545.0 40444.0 
18596.0 40337.0 
19912.0 40313.0 
21266.0 40312.0 
21342.0 40064.0 
21708.0 39975.0 
24516.0 39974.0 
24592.0 39915.0 
27894.0 39781.0 
32013.0 39572.0 
25513.0 39782.0 
28763.0 39632.0 
31937.0 39631.0 
17516.0 41155.0 
18016.0 41074.0 
16515.0 42262.0 
16595.0 41867.0 
32934.0 39525.0 
36184.0 39399.0 
43605.0 39384.0 
16290.0 48551.0 
16480.0 46826.0 
16494.0 45882.0 
Remove random   Add diversity
push: 41 pull: 136
Final PF: 
16290.0 48551.0 
18016.0 41074.0 
18092.0 40466.0 
18545.0 40444.0 
18596.0 40337.0 
19912.0 40313.0 
21266.0 40312.0 
21342.0 40064.0 
21708.0 39975.0 
24516.0 39974.0 
24592.0 39915.0 
24820.0 39865.0 
25513.0 39758.0 
32013.0 39572.0 
32934.0 39525.0 
36184.0 39399.0 
42532.0 39382.0 
16023.0 49997.0 
16515.0 42262.0 
16990.0 41387.0 
17516.0 41155.0 
28763.0 39632.0 
31937.0 39629.0 
16595.0 42172.0 
16816.0 41662.0 
16480.0 46826.0 
16494.0 45882.0 
Remove worst   Add new
push: 49 pull: 133
Final PF: 
17516.0 41155.0 
18016.0 41074.0 
18092.0 40466.0 
18545.0 40444.0 
18596.0 40337.0 
19912.0 40313.0 
21266.0 40310.0 
21342.0 40064.0 
21708.0 39975.0 
24516.0 39972.0 
24592.0 39915.0 
27894.0 39781.0 
28763.0 39632.0 
32013.0 39572.0 
16990.0 41387.0 
16515.0 42262.0 
16595.0 41867.0 
16816.0 41662.0 
32934.0 39525.0 
36184.0 39399.0 
43605.0 39384.0 
16290.0 48551.0 
16480.0 46826.0 
16494.0 45882.0 
25513.0 39782.0 
Remove worst   Add random
push: 21 pull: 95
Final PF: 
16290.0 48551.0 
16494.0 45882.0 
17516.0 41155.0 
18016.0 41074.0 
18092.0 40466.0 
18545.0 40444.0 
18596.0 40337.0 
19912.0 40313.0 
21266.0 40310.0 
21342.0 40064.0 
21708.0 39975.0 
24516.0 39972.0 
24592.0 39915.0 
27894.0 39781.0 
28763.0 39632.0 
32013.0 39572.0 
16816.0 41662.0 
16990.0 41387.0 
25513.0 39782.0 
31937.0 39631.0 
16515.0 42262.0 
16595.0 41867.0 
32934.0 39525.0 
36184.0 39399.0 
43605.0 39384.0 
16480.0 46826.0 
Remove worst   Add best
push: 45 pull: 127
Final PF: 
16990.0 41387.0 
17516.0 41155.0 
18016.0 41074.0 
18092.0 40466.0 
18545.0 40444.0 
18596.0 40337.0 
19912.0 40313.0 
21266.0 40310.0 
21342.0 40064.0 
21708.0 39975.0 
24516.0 39972.0 
24592.0 39915.0 
27894.0 39781.0 
28763.0 39632.0 
32013.0 39572.0 
16956.0 41567.0 
24820.0 39884.0 
25513.0 39782.0 
28687.0 39757.0 
31937.0 39631.0 
16515.0 42262.0 
16595.0 41867.0 
16816.0 41662.0 
32934.0 39525.0 
36184.0 39399.0 
43605.0 39384.0 
16290.0 48551.0 
16480.0 46826.0 
16494.0 45882.0 
Remove worst   Add diversity
push: 32 pull: 109
Final PF: 
16290.0 48551.0 
18092.0 40466.0 
18545.0 40444.0 
18596.0 40337.0 
19912.0 40313.0 
21342.0 40064.0 
21708.0 39975.0 
24516.0 39974.0 
24592.0 39915.0 
24820.0 39865.0 
25513.0 39758.0 
28687.0 39757.0 
28763.0 39632.0 
32013.0 39572.0 
32934.0 39525.0 
36108.0 39524.0 
36184.0 39399.0 
16023.0 49997.0 
21266.0 40310.0 
16515.0 41515.0 
16595.0 41120.0 
17095.0 41021.0 
43605.0 39384.0 
16480.0 46826.0 
16494.0 45882.0 
linkage migration
push: 14 pull: 67
Final PF: 
18092.0 40466.0 
18545.0 40444.0 
18596.0 40337.0 
19912.0 40313.0 
21342.0 40064.0 
21708.0 39975.0 
24592.0 39915.0 
24820.0 39865.0 
25513.0 39758.0 
28763.0 39632.0 
32013.0 39572.0 
32934.0 39512.0 
36184.0 39386.0 
39434.0 39327.0 
42684.0 39291.0 
43605.0 39153.0 
46855.0 39094.0 
16023.0 42996.0 
16156.0 41932.0 
16595.0 41700.0 
40355.0 39303.0 
51026.0 39071.0 
16990.0 41387.0 
17516.0 41155.0 
18016.0 41074.0 
21266.0 40310.0 
27894.0 39757.0 
28687.0 39756.0 
16816.0 41481.0 
24516.0 39972.0 
31937.0 39629.0 



---------------------------------------
Quality Indicator Results: 

for each remove method 
Remove random   


 GD: 
47542.088
47418.703
47615.828
47716.893


 D1R: 
44326.263
44326.263
44326.263
44326.263
DCI: 
0.815
0.815
0.741
0.889


 IGD: 
77.789
58.128
64.217
51.053


 HV: 
1.0
1.0
1.0
1.0


Remove worst   


 GD: 
47484.41
47615.695
47548.371
48173.399


 D1R: 
44326.263
44326.263
44326.263
44326.263
DCI: 
0.654
0.692
0.731
0.923


 IGD: 
127.276
123.575
109.702
3.777


 HV: 
0.998
0.998
0.998
1.0



---------------------------------------
for each add method
Add new


 GD: 
47542.088
47484.41


 D1R: 
44326.263
44326.263
DCI: 
0.958
0.958


 IGD: 
12.56
1.0


 HV: 
1.0
1.0


Add random


 GD: 
47418.703
47615.695


 D1R: 
44326.263
44326.263
DCI: 
0.885
0.923


 IGD: 
3.854
9.901


 HV: 
1.0
1.0


Add best


 GD: 
47615.828
47548.371


 D1R: 
44326.263
44326.263
DCI: 
0.828
1.0


 IGD: 
18.951
0.0


 HV: 
1.0
1.0


Add diversity


 GD: 
47716.893
48173.399


 D1R: 
44326.263
44326.263
DCI: 
0.769
0.923


 IGD: 
57.196
44.923


 HV: 
0.998
1.0



---------------------------------------
 results for all together 

Remove nothing   Add nothing
Remove random   Add new
Remove random   Add random
Remove random   Add best
Remove random   Add diversity
Remove worst   Add new
Remove worst   Add random
Remove worst   Add best
Remove worst   Add diversity
Linkage migration


 GD: 
47586.572
47542.088
47418.703
47615.828
47716.893
47484.41
47615.695
47548.371
48173.399
49181.317


 D1R: 
44326.263
44326.263
44326.263
44326.263
44326.263
44326.263
44326.263
44326.263
44326.263
44326.263
DCI: 
0.31
0.414
0.379
0.31
0.414
0.379
0.379
0.402
0.54
0.897


 IGD: 
501.323
530.821
521.062
496.436
517.893
499.614
496.293
483.477
498.187
35.914


 HV: 
0.983
0.983
0.984
0.983
0.983
0.983
0.983
0.983
0.985
1.0


---------------------------------------
 actions for all together 

58 0
55 159
26 105
49 142
41 136
49 133
21 95
45 127
32 109
14 67

