seeds 1038 factoryScale6 numberOfIslands5 numberOfReplacement1 notImprovedInARow 3

remove and add nothing
push: 58 pull: 0
Final PF: 
16515.0 41267.0 
16595.0 41035.0 
17095.0 40972.0 
18092.0 40466.0 
18545.0 40444.0 
18596.0 40337.0 
19912.0 40313.0 
21342.0 40064.0 
21708.0 39975.0 
24820.0 39884.0 
25513.0 39758.0 
32013.0 39573.0 
36184.0 39512.0 
39434.0 39363.0 
46855.0 39336.0 
17171.0 40744.0 
24592.0 39939.0 
27894.0 39757.0 
28763.0 39631.0 
21266.0 40310.0 
32934.0 39525.0 
Remove random   Add new
push: 56 pull: 162
Final PF: 
17171.0 40744.0 
18596.0 40337.0 
19912.0 40313.0 
21708.0 39975.0 
24592.0 39939.0 
25513.0 39758.0 
27894.0 39757.0 
28763.0 39631.0 
16515.0 41267.0 
16595.0 41035.0 
17095.0 40972.0 
18092.0 40466.0 
18545.0 40444.0 
21342.0 40064.0 
24820.0 39884.0 
32013.0 39573.0 
36184.0 39512.0 
39434.0 39363.0 
46855.0 39336.0 
21266.0 40310.0 
32934.0 39525.0 
Remove random   Add random
push: 28 pull: 117
Final PF: 
16515.0 41267.0 
16595.0 41035.0 
17095.0 40972.0 
17171.0 40744.0 
18545.0 40444.0 
18596.0 40337.0 
19912.0 40313.0 
21342.0 40064.0 
21708.0 39975.0 
24592.0 39939.0 
25513.0 39758.0 
27894.0 39757.0 
28763.0 39631.0 
32934.0 39525.0 
36184.0 39464.0 
18092.0 40466.0 
24820.0 39884.0 
32013.0 39573.0 
39434.0 39363.0 
46855.0 39336.0 
16156.0 45550.0 
21266.0 40310.0 
Remove random   Add best
push: 49 pull: 146
Final PF: 
16595.0 41035.0 
17171.0 40744.0 
18092.0 40466.0 
18596.0 40337.0 
19912.0 40313.0 
21708.0 39975.0 
24592.0 39939.0 
25513.0 39758.0 
27894.0 39757.0 
28763.0 39631.0 
16515.0 41267.0 
18545.0 40444.0 
21342.0 40064.0 
24820.0 39884.0 
32013.0 39573.0 
36184.0 39512.0 
39434.0 39363.0 
46855.0 39336.0 
17095.0 40954.0 
21266.0 40310.0 
32934.0 39525.0 
Remove random   Add diversity
push: 43 pull: 137
Final PF: 
17171.0 40744.0 
18596.0 40337.0 
19912.0 40313.0 
21708.0 39975.0 
24592.0 39939.0 
25513.0 39758.0 
27894.0 39757.0 
28763.0 39631.0 
32934.0 39525.0 
46855.0 39336.0 
16515.0 41267.0 
16595.0 41035.0 
18092.0 40466.0 
18545.0 40444.0 
21342.0 40064.0 
24820.0 39884.0 
32013.0 39573.0 
39434.0 39363.0 
36184.0 39464.0 
17095.0 40954.0 
21266.0 40310.0 
36108.0 39511.0 
Remove worst   Add new
push: 55 pull: 149
Final PF: 
17171.0 40744.0 
18596.0 40337.0 
19912.0 40313.0 
21708.0 39975.0 
24592.0 39939.0 
25513.0 39758.0 
27894.0 39757.0 
28763.0 39631.0 
16515.0 41267.0 
16595.0 41035.0 
17095.0 40972.0 
18092.0 40466.0 
18545.0 40444.0 
21342.0 40064.0 
24820.0 39884.0 
32013.0 39573.0 
36184.0 39512.0 
39434.0 39363.0 
46855.0 39336.0 
21266.0 40310.0 
32934.0 39525.0 
Remove worst   Add random
push: 27 pull: 118
Final PF: 
16515.0 41267.0 
16595.0 41035.0 
17095.0 40972.0 
17171.0 40744.0 
18545.0 40444.0 
18596.0 40337.0 
19912.0 40313.0 
21708.0 39975.0 
24592.0 39939.0 
25513.0 39758.0 
27894.0 39757.0 
28763.0 39631.0 
32013.0 39573.0 
32934.0 39525.0 
18092.0 40466.0 
21266.0 40310.0 
21342.0 40064.0 
24820.0 39884.0 
36184.0 39512.0 
39434.0 39363.0 
46855.0 39336.0 
Remove worst   Add best
push: 47 pull: 140
Final PF: 
16595.0 41035.0 
17171.0 40744.0 
18092.0 40466.0 
18596.0 40337.0 
19912.0 40313.0 
21708.0 39975.0 
24592.0 39939.0 
25513.0 39758.0 
27894.0 39757.0 
28763.0 39631.0 
16515.0 41267.0 
17095.0 40972.0 
18545.0 40444.0 
21342.0 40064.0 
24820.0 39884.0 
32013.0 39573.0 
36184.0 39512.0 
39434.0 39363.0 
46855.0 39336.0 
16256.0 45184.0 
16495.0 45121.0 
21266.0 40310.0 
32934.0 39525.0 
Remove worst   Add diversity
push: 38 pull: 129
Final PF: 
17171.0 40744.0 
18596.0 40337.0 
19912.0 40313.0 
21708.0 39975.0 
24592.0 39916.0 
25513.0 39758.0 
27894.0 39757.0 
28763.0 39631.0 
32934.0 39525.0 
46855.0 39336.0 
16515.0 41267.0 
16595.0 41035.0 
18092.0 40466.0 
18545.0 40444.0 
21342.0 40064.0 
24820.0 39884.0 
32013.0 39573.0 
39434.0 39363.0 
17095.0 40954.0 
21266.0 40310.0 
24516.0 39974.0 
31937.0 39630.0 
36184.0 39410.0 
linkage migration
push: 24 pull: 84
Final PF: 
17171.0 40744.0 
18092.0 40466.0 
18545.0 40444.0 
18596.0 40337.0 
19912.0 40313.0 
21266.0 40310.0 
21342.0 40064.0 
21708.0 39975.0 
24516.0 39972.0 
25513.0 39758.0 
27894.0 39757.0 
28763.0 39631.0 
32013.0 39572.0 
36184.0 39386.0 
39434.0 39363.0 
46855.0 39118.0 
16515.0 41267.0 
16595.0 41035.0 
17095.0 40954.0 
39358.0 39385.0 
24592.0 39915.0 
32934.0 39511.0 
40355.0 39278.0 
43529.0 39276.0 
24820.0 39865.0 
43605.0 39153.0 



---------------------------------------
Quality Indicator Results: 

for each remove method 
Remove random   


 GD: 
47783.552
47806.796
47782.76
48042.155


 D1R: 
44214.441
44214.441
44214.441
44214.441
DCI: 
0.826
0.913
0.87
0.957


 IGD: 
193.045
4.668
192.262
186.87


 HV: 
0.999
1.0
0.999
1.0


Remove worst   


 GD: 
47783.552
47783.552
47805.018
47875.359


 D1R: 
44214.441
44214.441
44214.441
44214.441
DCI: 
0.72
0.72
0.8
0.92


 IGD: 
324.051
324.051
12.867
311.184


 HV: 
0.998
0.998
0.998
1.0



---------------------------------------
for each add method
Add new


 GD: 
47783.552
47783.552


 D1R: 
44214.441
44214.441
DCI: 
1.0
1.0


 IGD: 
0.0
0.0


 HV: 
1.0
1.0


Add random


 GD: 
47806.796
47783.552


 D1R: 
44214.441
44214.441
DCI: 
1.0
0.909


 IGD: 
0.0
197.546


 HV: 
1.0
0.999


Add best


 GD: 
47782.76
47805.018


 D1R: 
44214.441
44214.441
DCI: 
0.913
0.957


 IGD: 
338.244
0.783


 HV: 
1.0
1.0


Add diversity


 GD: 
48042.155
47875.359


 D1R: 
44214.441
44214.441
DCI: 
0.833
0.958


 IGD: 
10.653
5.267


 HV: 
0.996
1.0



---------------------------------------
 results for all together 

Remove nothing   Add nothing
Remove random   Add new
Remove random   Add random
Remove random   Add best
Remove random   Add diversity
Remove worst   Add new
Remove worst   Add random
Remove worst   Add best
Remove worst   Add diversity
Linkage migration


 GD: 
47783.552
47783.552
47806.796
47782.76
48042.155
47783.552
47783.552
47805.018
47875.359
49202.877


 D1R: 
44214.441
44214.441
44214.441
44214.441
44214.441
44214.441
44214.441
44214.441
44214.441
44214.441
DCI: 
0.489
0.489
0.522
0.522
0.522
0.489
0.489
0.556
0.578
0.867


 IGD: 
691.145
691.145
304.958
690.524
688.869
691.145
691.145
287.758
680.15
419.766


 HV: 
0.992
0.992
0.993
0.992
0.993
0.992
0.992
0.992
0.994
1.0


---------------------------------------
 actions for all together 

58 0
56 162
28 117
49 146
43 137
55 149
27 118
47 140
38 129
24 84

