seeds 1034 factoryScale7 numberOfIslands5 numberOfReplacement1 notImprovedInARow 3

remove and add nothing
push: 58 pull: 0
Final PF: 
16595.0 42014.0 
18092.0 40466.0 
18545.0 40444.0 
18596.0 40337.0 
19912.0 40313.0 
21266.0 40312.0 
21342.0 40088.0 
24592.0 39916.0 
16070.0 46573.0 
16290.0 44489.0 
21708.0 39975.0 
24820.0 39884.0 
28763.0 39632.0 
32013.0 39573.0 
36184.0 39399.0 
39434.0 39340.0 
16515.0 42631.0 
16519.0 42399.0 
16990.0 41423.0 
17516.0 41191.0 
18016.0 41110.0 
25513.0 39758.0 
Remove random   Add new
push: 52 pull: 153
Final PF: 
16070.0 46573.0 
16290.0 44489.0 
18596.0 40337.0 
19912.0 40313.0 
21708.0 39975.0 
24820.0 39884.0 
28763.0 39632.0 
32013.0 39573.0 
36184.0 39399.0 
39434.0 39340.0 
16595.0 42014.0 
18092.0 40466.0 
18545.0 40444.0 
21266.0 40310.0 
21342.0 40064.0 
24592.0 39916.0 
25513.0 39758.0 
16990.0 41423.0 
17516.0 41191.0 
18016.0 41110.0 
28687.0 39757.0 
31937.0 39631.0 
32934.0 39536.0 
16515.0 42631.0 
16519.0 42399.0 
Remove random   Add random
push: 25 pull: 111
Final PF: 
16070.0 46573.0 
16290.0 44489.0 
16515.0 42123.0 
18596.0 40337.0 
19912.0 40313.0 
21708.0 39975.0 
24592.0 39916.0 
28763.0 39632.0 
32013.0 39573.0 
36184.0 39399.0 
39434.0 39340.0 
18092.0 40466.0 
18545.0 40444.0 
21266.0 40310.0 
21342.0 40064.0 
24820.0 39865.0 
46855.0 39282.0 
16990.0 41423.0 
17516.0 41191.0 
18016.0 41110.0 
25513.0 39758.0 
16595.0 41728.0 
32934.0 39525.0 
Remove random   Add best
push: 44 pull: 140
Final PF: 
16070.0 46573.0 
16290.0 44489.0 
16990.0 41423.0 
18092.0 40466.0 
18596.0 40337.0 
19912.0 40313.0 
21708.0 39975.0 
28763.0 39632.0 
32013.0 39573.0 
36184.0 39399.0 
39434.0 39340.0 
16595.0 42014.0 
18545.0 40444.0 
21266.0 40310.0 
21342.0 40064.0 
24592.0 39916.0 
24820.0 39865.0 
46855.0 39276.0 
17516.0 41191.0 
18016.0 41110.0 
25513.0 39758.0 
16515.0 42631.0 
16519.0 42399.0 
32934.0 39525.0 
24516.0 39974.0 
Remove random   Add diversity
push: 42 pull: 134
Final PF: 
16070.0 46573.0 
16290.0 44489.0 
18596.0 40337.0 
19912.0 40313.0 
21708.0 39975.0 
28763.0 39632.0 
32013.0 39573.0 
32934.0 39525.0 
36184.0 39399.0 
39434.0 39340.0 
18092.0 40466.0 
18545.0 40444.0 
21266.0 40310.0 
21342.0 40064.0 
24592.0 39916.0 
24820.0 39865.0 
46855.0 39276.0 
16515.0 42177.0 
16595.0 41945.0 
16990.0 41423.0 
17516.0 41191.0 
18016.0 41110.0 
25513.0 39758.0 
24516.0 39974.0 
Remove worst   Add new
push: 48 pull: 145
Final PF: 
16070.0 46573.0 
16290.0 44489.0 
16990.0 41396.0 
17516.0 41164.0 
18016.0 41101.0 
18596.0 40337.0 
19912.0 40313.0 
21266.0 40310.0 
21708.0 39975.0 
24592.0 39916.0 
28763.0 39632.0 
32013.0 39573.0 
36184.0 39399.0 
39434.0 39340.0 
16595.0 42014.0 
18092.0 40466.0 
18545.0 40444.0 
21342.0 40064.0 
24820.0 39865.0 
46855.0 39276.0 
25513.0 39758.0 
28687.0 39757.0 
16515.0 42631.0 
16519.0 42399.0 
32934.0 39525.0 
Remove worst   Add random
push: 21 pull: 101
Final PF: 
16070.0 46573.0 
16290.0 44489.0 
16519.0 42399.0 
16990.0 41396.0 
17516.0 41164.0 
18016.0 41101.0 
18545.0 40444.0 
18596.0 40337.0 
19912.0 40313.0 
21266.0 40310.0 
21708.0 39975.0 
24592.0 39916.0 
24820.0 39865.0 
28687.0 39757.0 
28763.0 39632.0 
32013.0 39573.0 
32934.0 39525.0 
36184.0 39399.0 
39434.0 39340.0 
16515.0 42631.0 
16595.0 42014.0 
18092.0 40466.0 
21342.0 40064.0 
25513.0 39758.0 
36108.0 39524.0 
24516.0 39974.0 
Remove worst   Add best
push: 41 pull: 138
Final PF: 
16070.0 46573.0 
16290.0 44489.0 
16990.0 41396.0 
17516.0 41164.0 
18092.0 40466.0 
18596.0 40337.0 
19912.0 40313.0 
21266.0 40310.0 
21708.0 39975.0 
24592.0 39916.0 
28763.0 39632.0 
32013.0 39573.0 
36184.0 39399.0 
39434.0 39340.0 
16595.0 42014.0 
18545.0 40444.0 
21342.0 40064.0 
24820.0 39865.0 
46855.0 39276.0 
25513.0 39758.0 
28687.0 39757.0 
16515.0 42631.0 
16519.0 42399.0 
32934.0 39525.0 
18016.0 41083.0 
24516.0 39974.0 
Remove worst   Add diversity
push: 41 pull: 129
Final PF: 
16070.0 46573.0 
16290.0 44489.0 
18596.0 40337.0 
19912.0 40313.0 
21266.0 40312.0 
21708.0 39975.0 
24820.0 39884.0 
28687.0 39757.0 
28763.0 39632.0 
32013.0 39573.0 
36184.0 39399.0 
39434.0 39340.0 
16595.0 42014.0 
18092.0 40466.0 
18545.0 40444.0 
21342.0 40064.0 
24592.0 39916.0 
25513.0 39758.0 
32934.0 39525.0 
36108.0 39524.0 
16515.0 42553.0 
16519.0 42399.0 
16990.0 41423.0 
17516.0 41191.0 
18016.0 41110.0 
24516.0 39974.0 
linkage migration
push: 19 pull: 82
Final PF: 
16070.0 46573.0 
16290.0 44489.0 
16956.0 41773.0 
16990.0 41396.0 
17516.0 41164.0 
18016.0 41083.0 
18092.0 40466.0 
18545.0 40444.0 
18596.0 40337.0 
19912.0 40313.0 
21342.0 40064.0 
21708.0 39975.0 
24592.0 39916.0 
25513.0 39758.0 
28763.0 39632.0 
32013.0 39573.0 
36184.0 39386.0 
40355.0 39286.0 
43605.0 39153.0 
54276.0 39012.0 
16515.0 42358.0 
16595.0 41896.0 
21266.0 40310.0 
24820.0 39865.0 
28687.0 39755.0 
31937.0 39631.0 
32934.0 39512.0 
39434.0 39327.0 
46779.0 39152.0 
46855.0 39118.0 
50029.0 39093.0 
51026.0 39071.0 
16519.0 42270.0 
24516.0 39972.0 
39358.0 39385.0 



---------------------------------------
Quality Indicator Results: 

for each remove method 
Remove random   


 GD: 
47346.336
47765.667
47669.681
47739.645


 D1R: 
44326.263
44326.263
44326.263
44326.263
DCI: 
0.769
0.846
0.846
0.846


 IGD: 
306.465
13.211
25.504
19.727


 HV: 
0.999
1.0
0.999
1.0


Remove worst   


 GD: 
47752.683
47427.13
47718.985
47427.255


 D1R: 
44326.263
44326.263
44326.263
44326.263
DCI: 
0.852
0.889
0.926
0.778


 IGD: 
12.515
278.418
8.307
278.64


 HV: 
1.0
1.0
1.0
1.0



---------------------------------------
for each add method
Add new


 GD: 
47346.336
47752.683


 D1R: 
44326.263
44326.263
DCI: 
0.769
0.962


 IGD: 
3.72
3.824


 HV: 
1.0
1.0


Add random


 GD: 
47765.667
47427.13


 D1R: 
44326.263
44326.263
DCI: 
0.769
0.885


 IGD: 
17.353
301.632


 HV: 
1.0
0.999


Add best


 GD: 
47669.681
47718.985


 D1R: 
44326.263
44326.263
DCI: 
0.846
1.0


 IGD: 
8.742
0.0


 HV: 
1.0
1.0


Add diversity


 GD: 
47739.645
47427.255


 D1R: 
44326.263
44326.263
DCI: 
0.923
0.808


 IGD: 
11.253
295.879


 HV: 
1.0
1.0



---------------------------------------
 results for all together 

Remove nothing   Add nothing
Remove random   Add new
Remove random   Add random
Remove random   Add best
Remove random   Add diversity
Remove worst   Add new
Remove worst   Add random
Remove worst   Add best
Remove worst   Add diversity
Linkage migration


 GD: 
46922.78
47346.336
47765.667
47669.681
47739.645
47752.683
47427.13
47718.985
47427.255
50350.305


 D1R: 
44326.263
44326.263
44326.263
44326.263
44326.263
44326.263
44326.263
44326.263
44326.263
44326.263
DCI: 
0.333
0.424
0.485
0.424
0.424
0.485
0.485
0.515
0.364
0.939


 IGD: 
1374.426
1338.076
387.144
397.043
392.349
393.506
1335.27
390.056
1337.895
9.845


 HV: 
0.989
0.989
0.992
0.991
0.991
0.991
0.99
0.991
0.989
1.0


---------------------------------------
 actions for all together 

58 0
52 153
25 111
44 140
42 134
48 145
21 101
41 138
41 129
19 82

