seeds 1000 factoryScale9 numberOfIslands5 numberOfReplacement1 notImprovedInARow 3

remove and add nothing
push: 55 pull: 0
Final PF: 
18596.0 40337.0 
19912.0 40313.0 
21266.0 40312.0 
21342.0 40064.0 
21708.0 39975.0 
24820.0 39865.0 
25513.0 39758.0 
28763.0 39632.0 
31937.0 39629.0 
32013.0 39573.0 
32934.0 39536.0 
18092.0 40466.0 
18545.0 40444.0 
24592.0 39916.0 
43605.0 39153.0 
16515.0 42178.0 
16571.0 41718.0 
17095.0 41015.0 
17171.0 40768.0 
24516.0 39974.0 
28687.0 39757.0 
36184.0 39393.0 
39434.0 39380.0 
46779.0 39150.0 
Remove random   Add new
push: 52 pull: 140
Final PF: 
18596.0 40337.0 
19912.0 40313.0 
21342.0 40064.0 
21708.0 39975.0 
24820.0 39865.0 
25513.0 39758.0 
28763.0 39632.0 
31937.0 39629.0 
32013.0 39573.0 
32934.0 39525.0 
16990.0 41387.0 
18092.0 40466.0 
18545.0 40444.0 
21266.0 40310.0 
24592.0 39916.0 
43605.0 39153.0 
16515.0 42178.0 
16571.0 41718.0 
17095.0 41015.0 
17171.0 40768.0 
24516.0 39974.0 
28687.0 39757.0 
36184.0 39393.0 
39434.0 39380.0 
46779.0 39150.0 
Remove random   Add random
push: 28 pull: 105
Final PF: 
18092.0 40466.0 
18596.0 40337.0 
19912.0 40313.0 
21342.0 40064.0 
21708.0 39975.0 
24592.0 39916.0 
24820.0 39865.0 
25513.0 39758.0 
28763.0 39632.0 
31937.0 39629.0 
32013.0 39573.0 
39434.0 39380.0 
17171.0 40768.0 
18545.0 40444.0 
21266.0 40310.0 
28687.0 39757.0 
16595.0 41035.0 
24516.0 39972.0 
36184.0 39386.0 
43605.0 39153.0 
16515.0 41448.0 
17095.0 40954.0 
32934.0 39519.0 
46779.0 39150.0 
Remove random   Add best
push: 46 pull: 134
Final PF: 
16515.0 41267.0 
16595.0 41035.0 
18092.0 40466.0 
18596.0 40337.0 
19912.0 40313.0 
21342.0 40064.0 
21708.0 39975.0 
24820.0 39865.0 
25513.0 39758.0 
28687.0 39755.0 
28763.0 39632.0 
31937.0 39629.0 
32013.0 39573.0 
32934.0 39525.0 
17095.0 40954.0 
17171.0 40768.0 
18545.0 40444.0 
21266.0 40310.0 
24516.0 39972.0 
24592.0 39916.0 
36184.0 39386.0 
40355.0 39318.0 
43605.0 39153.0 
39434.0 39380.0 
46779.0 39150.0 
Remove random   Add diversity
push: 36 pull: 127
Final PF: 
18596.0 40337.0 
19912.0 40313.0 
21342.0 40064.0 
21708.0 39975.0 
24820.0 39865.0 
25513.0 39758.0 
28687.0 39757.0 
28763.0 39632.0 
31937.0 39629.0 
32013.0 39573.0 
39434.0 39340.0 
42684.0 39328.0 
43605.0 39153.0 
46779.0 39150.0 
18092.0 40466.0 
18545.0 40444.0 
21266.0 40310.0 
24516.0 39972.0 
24592.0 39916.0 
36184.0 39386.0 
16515.0 41448.0 
16595.0 41035.0 
17095.0 40954.0 
17171.0 40768.0 
32934.0 39519.0 
Remove worst   Add new
push: 51 pull: 143
Final PF: 
18092.0 40466.0 
18545.0 40444.0 
18596.0 40337.0 
19912.0 40313.0 
21266.0 40312.0 
21342.0 40064.0 
21708.0 39975.0 
25513.0 39758.0 
28763.0 39632.0 
24820.0 39865.0 
28687.0 39755.0 
31937.0 39629.0 
32013.0 39573.0 
32934.0 39525.0 
24516.0 39972.0 
24592.0 39916.0 
36184.0 39386.0 
42684.0 39291.0 
43605.0 39153.0 
16515.0 42178.0 
16571.0 41718.0 
17095.0 41015.0 
17171.0 40768.0 
39434.0 39380.0 
46779.0 39150.0 
Remove worst   Add random
push: 16 pull: 92
Final PF: 
17095.0 40954.0 
18092.0 40466.0 
18596.0 40337.0 
19912.0 40313.0 
21342.0 40064.0 
21708.0 39975.0 
24592.0 39916.0 
24820.0 39865.0 
25513.0 39758.0 
28687.0 39755.0 
28763.0 39632.0 
31937.0 39629.0 
32013.0 39573.0 
42684.0 39291.0 
17171.0 40768.0 
18545.0 40444.0 
21266.0 40310.0 
16515.0 41267.0 
16595.0 41035.0 
24516.0 39972.0 
36184.0 39386.0 
39434.0 39327.0 
43605.0 39153.0 
32934.0 39519.0 
46779.0 39150.0 
16023.0 45666.0 
16156.0 44602.0 
39358.0 39383.0 
Remove worst   Add best
push: 41 pull: 133
Final PF: 
16515.0 41473.0 
16595.0 41241.0 
17171.0 40768.0 
18092.0 40466.0 
18596.0 40337.0 
19912.0 40313.0 
21342.0 40064.0 
21708.0 39975.0 
24820.0 39865.0 
25513.0 39758.0 
28687.0 39755.0 
28763.0 39632.0 
31937.0 39629.0 
32013.0 39573.0 
32934.0 39525.0 
18545.0 40444.0 
21266.0 40310.0 
24516.0 39972.0 
24592.0 39916.0 
36184.0 39386.0 
39434.0 39327.0 
42684.0 39291.0 
43605.0 39153.0 
17095.0 41015.0 
39358.0 39383.0 
46779.0 39150.0 
Remove worst   Add diversity
push: 27 pull: 103
Final PF: 
16515.0 41267.0 
16595.0 41035.0 
18596.0 40337.0 
19912.0 40313.0 
21342.0 40064.0 
21708.0 39975.0 
24592.0 39916.0 
24820.0 39865.0 
25513.0 39758.0 
28687.0 39755.0 
28763.0 39632.0 
31937.0 39629.0 
32013.0 39573.0 
43605.0 39153.0 
46779.0 39150.0 
17171.0 40768.0 
18092.0 40466.0 
18545.0 40444.0 
21266.0 40310.0 
24516.0 39972.0 
27894.0 39757.0 
36184.0 39386.0 
39434.0 39327.0 
42684.0 39291.0 
17095.0 40954.0 
32934.0 39519.0 
linkage migration
push: 17 pull: 78
Final PF: 
18092.0 40466.0 
18545.0 40444.0 
18596.0 40337.0 
19912.0 40313.0 
21266.0 40310.0 
21342.0 40064.0 
21708.0 39975.0 
24516.0 39972.0 
24592.0 39915.0 
24820.0 39865.0 
25513.0 39758.0 
28687.0 39755.0 
28763.0 39631.0 
31937.0 39629.0 
36184.0 39385.0 
43605.0 39153.0 
46855.0 39117.0 
27894.0 39757.0 
32013.0 39572.0 
32934.0 39511.0 
46779.0 39149.0 
50029.0 39091.0 
54200.0 39067.0 
16023.0 45165.0 
16515.0 41267.0 
16595.0 41035.0 
17095.0 40954.0 
17171.0 40768.0 
39434.0 39327.0 



---------------------------------------
Quality Indicator Results: 

for each remove method 
Remove random   


 GD: 
48251.647
48340.866
48654.311
48727.692


 D1R: 
44236.558
44236.558
44236.558
44236.558
DCI: 
0.64
0.84
0.92
0.88


 IGD: 
79.838
45.843
1.84
44.171


 HV: 
0.992
0.997
1.0
1.0


Remove worst   


 GD: 
48782.422
48910.714
49004.227
48713.643


 D1R: 
44236.558
44236.558
44236.558
44236.558
DCI: 
0.655
0.966
0.759
0.897


 IGD: 
273.065
27.345
293.842
271.555


 HV: 
0.995
1.0
0.997
0.998



---------------------------------------
for each add method
Add new


 GD: 
48251.647
48782.422


 D1R: 
44236.558
44236.558
DCI: 
0.846
0.923


 IGD: 
36.242
14.944


 HV: 
0.999
1.0


Add random


 GD: 
48340.866
48910.714


 D1R: 
44236.558
44236.558
DCI: 
0.75
1.0


 IGD: 
309.439
0.0


 HV: 
0.996
1.0


Add best


 GD: 
48654.311
49004.227


 D1R: 
44236.558
44236.558
DCI: 
0.889
0.852


 IGD: 
39.272
47.117


 HV: 
1.0
0.999


Add diversity


 GD: 
48727.692
48713.643


 D1R: 
44236.558
44236.558
DCI: 
0.808
1.0


 IGD: 
39.462
0.0


 HV: 
0.998
1.0



---------------------------------------
 results for all together 

Remove nothing   Add nothing
Remove random   Add new
Remove random   Add random
Remove random   Add best
Remove random   Add diversity
Remove worst   Add new
Remove worst   Add random
Remove worst   Add best
Remove worst   Add diversity
Linkage migration


 GD: 
48398.449
48251.647
48340.866
48654.311
48727.692
48782.422
48910.714
49004.227
48713.643
49923.883


 D1R: 
44236.558
44236.558
44236.558
44236.558
44236.558
44236.558
44236.558
44236.558
44236.558
44236.558
DCI: 
0.414
0.444
0.556
0.647
0.556
0.525
0.737
0.616
0.707
0.879


 IGD: 
395.199
394.793
413.425
390.279
384.524
365.409
173.795
384.116
363.907
78.913


 HV: 
0.994
0.994
0.996
0.997
0.997
0.995
0.999
0.997
0.997
1.0


---------------------------------------
 actions for all together 

55 0
52 140
28 105
46 134
36 127
51 143
16 92
41 133
27 103
17 78

