seeds 1030 factoryScale9 numberOfIslands5 numberOfReplacement1 notImprovedInARow 3

remove and add nothing
push: 56 pull: 0
Final PF: 
16023.0 46604.0 
16156.0 45423.0 
16419.0 44995.0 
16495.0 44759.0 
16515.0 41745.0 
16595.0 41350.0 
17095.0 41251.0 
24516.0 39972.0 
32934.0 39571.0 
40355.0 39279.0 
17516.0 41134.0 
18016.0 41053.0 
18596.0 40337.0 
21266.0 40312.0 
19912.0 40313.0 
18092.0 40466.0 
18545.0 40444.0 
21342.0 40088.0 
21657.0 40071.0 
21708.0 39999.0 
24592.0 39940.0 
28763.0 39656.0 
36184.0 39410.0 
25513.0 39758.0 
Remove random   Add new
push: 53 pull: 151
Final PF: 
16023.0 46604.0 
16156.0 45423.0 
16419.0 44995.0 
16495.0 44759.0 
16515.0 41745.0 
16595.0 41350.0 
17095.0 41251.0 
24516.0 39972.0 
32934.0 39571.0 
40355.0 39279.0 
17516.0 41134.0 
18016.0 41053.0 
18596.0 40337.0 
21266.0 40312.0 
19912.0 40313.0 
18092.0 40466.0 
18545.0 40444.0 
21342.0 40088.0 
21657.0 40071.0 
21708.0 39999.0 
24592.0 39940.0 
28763.0 39656.0 
36184.0 39410.0 
25513.0 39758.0 
Remove random   Add random
push: 20 pull: 90
Final PF: 
16023.0 46604.0 
16156.0 45423.0 
16419.0 44995.0 
16495.0 44759.0 
16595.0 41350.0 
18092.0 40466.0 
18545.0 40444.0 
18596.0 40337.0 
19912.0 40313.0 
21266.0 40312.0 
21708.0 39975.0 
24516.0 39972.0 
25513.0 39758.0 
28763.0 39632.0 
32934.0 39536.0 
40355.0 39279.0 
16290.0 45058.0 
17516.0 41134.0 
18016.0 41053.0 
16515.0 41663.0 
17095.0 41221.0 
21342.0 40064.0 
24820.0 39905.0 
32013.0 39613.0 
36184.0 39410.0 
24592.0 39940.0 
28687.0 39757.0 
Remove random   Add best
push: 41 pull: 124
Final PF: 
16023.0 46604.0 
16156.0 45423.0 
16419.0 44995.0 
16495.0 44759.0 
16595.0 41320.0 
21708.0 39975.0 
24516.0 39972.0 
28763.0 39656.0 
32934.0 39536.0 
40355.0 39279.0 
17516.0 41134.0 
18016.0 41053.0 
18596.0 40337.0 
21266.0 40312.0 
16515.0 41526.0 
16519.0 41427.0 
17095.0 41221.0 
18092.0 40466.0 
19912.0 40313.0 
18545.0 40444.0 
21342.0 40088.0 
21657.0 40071.0 
24592.0 39940.0 
24820.0 39889.0 
28687.0 39757.0 
36184.0 39410.0 
25513.0 39758.0 
Remove random   Add diversity
push: 32 pull: 93
Final PF: 
16023.0 45241.0 
16515.0 41745.0 
16595.0 41350.0 
17095.0 41251.0 
24516.0 39972.0 
32934.0 39571.0 
36184.0 39410.0 
40355.0 39279.0 
17516.0 41134.0 
18016.0 41053.0 
18596.0 40337.0 
21266.0 40312.0 
16156.0 43157.0 
18092.0 40466.0 
19912.0 40313.0 
21342.0 40064.0 
21708.0 39975.0 
24592.0 39916.0 
24820.0 39865.0 
25513.0 39758.0 
28763.0 39632.0 
32013.0 39572.0 
18545.0 40444.0 
Remove worst   Add new
push: 45 pull: 131
Final PF: 
16023.0 46604.0 
16156.0 45423.0 
16419.0 44995.0 
16495.0 44759.0 
16515.0 41745.0 
16595.0 41350.0 
17095.0 41251.0 
21708.0 39975.0 
24516.0 39972.0 
25513.0 39758.0 
28763.0 39632.0 
32934.0 39525.0 
40355.0 39279.0 
17516.0 41134.0 
18016.0 41053.0 
18596.0 40337.0 
21266.0 40312.0 
18092.0 40466.0 
19912.0 40313.0 
18545.0 40444.0 
21342.0 40088.0 
21657.0 40071.0 
24592.0 39923.0 
24820.0 39889.0 
36184.0 39410.0 
Remove worst   Add random
push: 20 pull: 77
Final PF: 
16515.0 41745.0 
18596.0 40337.0 
19912.0 40313.0 
21266.0 40312.0 
21708.0 39975.0 
24516.0 39972.0 
24820.0 39889.0 
25513.0 39758.0 
28763.0 39632.0 
32934.0 39525.0 
40355.0 39279.0 
16290.0 43265.0 
17516.0 41134.0 
18016.0 41053.0 
18092.0 40466.0 
18545.0 40444.0 
21342.0 40088.0 
16595.0 41320.0 
17095.0 41221.0 
21657.0 40071.0 
24592.0 39916.0 
16093.0 45349.0 
28687.0 39757.0 
32013.0 39580.0 
36184.0 39410.0 
16023.0 45704.0 
Remove worst   Add best
push: 38 pull: 115
Final PF: 
16023.0 46604.0 
16156.0 45423.0 
16419.0 44995.0 
16495.0 44759.0 
16595.0 41320.0 
21708.0 39975.0 
24516.0 39972.0 
25513.0 39758.0 
28763.0 39632.0 
32934.0 39525.0 
40355.0 39279.0 
17516.0 41134.0 
18016.0 41053.0 
18596.0 40337.0 
21266.0 40312.0 
16515.0 41526.0 
16519.0 41427.0 
17095.0 41221.0 
18092.0 40466.0 
19912.0 40313.0 
18545.0 40444.0 
21342.0 40088.0 
21657.0 40071.0 
24592.0 39923.0 
24820.0 39889.0 
28687.0 39757.0 
36184.0 39410.0 
Remove worst   Add diversity
push: 29 pull: 98
Final PF: 
16515.0 41745.0 
16595.0 41350.0 
17095.0 41251.0 
21708.0 39975.0 
24516.0 39972.0 
25513.0 39758.0 
28763.0 39632.0 
31937.0 39631.0 
32934.0 39512.0 
36184.0 39410.0 
40355.0 39279.0 
17516.0 41134.0 
18016.0 41053.0 
18596.0 40337.0 
21266.0 40312.0 
24592.0 39940.0 
18092.0 40466.0 
19912.0 40313.0 
21342.0 40064.0 
28687.0 39757.0 
32013.0 39572.0 
16156.0 43602.0 
18545.0 40444.0 
24820.0 39889.0 
16023.0 45704.0 
linkage migration
push: 20 pull: 74
Final PF: 
18092.0 40466.0 
18545.0 40444.0 
18596.0 40337.0 
19912.0 40313.0 
21266.0 40310.0 
21342.0 40064.0 
21708.0 39975.0 
24516.0 39972.0 
24592.0 39916.0 
25513.0 39758.0 
28687.0 39755.0 
28763.0 39631.0 
36184.0 39386.0 
39358.0 39385.0 
40355.0 39279.0 
43605.0 39153.0 
51026.0 39095.0 
16023.0 43386.0 
16256.0 42832.0 
16515.0 41267.0 
16595.0 41035.0 
17095.0 40954.0 
17171.0 40768.0 
24820.0 39865.0 
31937.0 39629.0 
32013.0 39573.0 
32934.0 39512.0 
15590.0 46801.0 
36108.0 39511.0 
39434.0 39351.0 



---------------------------------------
Quality Indicator Results: 

for each remove method 
Remove random   


 GD: 
47012.799
47312.21
46985.397
47022.668


 D1R: 
44326.263
44326.263
44326.263
44326.263
DCI: 
0.44
0.68
0.72
0.76


 IGD: 
138.491
85.685
115.224
21.712


 HV: 
0.992
0.995
0.994
1.0


Remove worst   


 GD: 
47007.892
47106.08
46983.828
47291.78


 D1R: 
44326.263
44326.263
44326.263
44326.263
DCI: 
0.5
0.75
0.679
0.75


 IGD: 
199.941
30.337
181.805
39.643


 HV: 
0.995
0.999
0.995
1.0



---------------------------------------
for each add method
Add new


 GD: 
47012.799
47007.892


 D1R: 
44326.263
44326.263
DCI: 
0.8
1.0


 IGD: 
13.785
0.0


 HV: 
0.998
1.0


Add random


 GD: 
47312.21
47106.08


 D1R: 
44326.263
44326.263
DCI: 
0.68
0.92


 IGD: 
81.203
4.24


 HV: 
0.996
1.0


Add best


 GD: 
46985.397
46983.828


 D1R: 
44326.263
44326.263
DCI: 
0.889
1.0


 IGD: 
1.926
0.0


 HV: 
0.999
1.0


Add diversity


 GD: 
47022.668
47291.78


 D1R: 
44326.263
44326.263
DCI: 
0.88
0.84


 IGD: 
12.06
38.24


 HV: 
1.0
1.0



---------------------------------------
 results for all together 

Remove nothing   Add nothing
Remove random   Add new
Remove random   Add random
Remove random   Add best
Remove random   Add diversity
Remove worst   Add new
Remove worst   Add random
Remove worst   Add best
Remove worst   Add diversity
Linkage migration


 GD: 
47012.799
47012.799
47312.21
46985.397
47022.668
47007.892
47106.08
46983.828
47291.78
49005.921


 D1R: 
44326.263
44326.263
44326.263
44326.263
44326.263
44326.263
44326.263
44326.263
44326.263
44236.558
DCI: 
0.226
0.226
0.312
0.258
0.441
0.28
0.312
0.28
0.376
0.957


 IGD: 
449.664
449.664
378.633
446.036
302.364
439.587
289.331
444.355
308.499
8.861


 HV: 
0.986
0.986
0.988
0.987
0.991
0.988
0.99
0.988
0.991
1.0


---------------------------------------
 actions for all together 

56 0
53 151
20 90
41 124
32 93
45 131
20 77
38 115
29 98
20 74

