seeds 1023 factoryScale5 numberOfIslands5 numberOfReplacement1 notImprovedInARow 3

remove and add nothing
push: 59 pull: 0
Final PF: 
16990.0 41568.0 
17516.0 41173.0 
18016.0 41074.0 
21342.0 40064.0 
21708.0 39975.0 
24516.0 39972.0 
24820.0 39905.0 
28763.0 39632.0 
31937.0 39629.0 
42608.0 39347.0 
16816.0 41612.0 
36108.0 39508.0 
18092.0 40466.0 
18545.0 40444.0 
18596.0 40337.0 
19912.0 40313.0 
21266.0 40310.0 
24592.0 39916.0 
25513.0 39758.0 
28687.0 39757.0 
32013.0 39573.0 
32934.0 39525.0 
36184.0 39399.0 
16515.0 43506.0 
16571.0 42556.0 
Remove random   Add new
push: 55 pull: 165
Final PF: 
16990.0 41568.0 
17516.0 41173.0 
18016.0 41074.0 
21342.0 40064.0 
21708.0 39975.0 
24516.0 39972.0 
24592.0 39916.0 
24820.0 39889.0 
28763.0 39632.0 
31937.0 39629.0 
42608.0 39347.0 
16816.0 41612.0 
32934.0 39511.0 
36108.0 39508.0 
18092.0 40466.0 
18545.0 40444.0 
18596.0 40337.0 
19912.0 40313.0 
21266.0 40310.0 
25513.0 39758.0 
28687.0 39757.0 
32013.0 39573.0 
36184.0 39399.0 
16515.0 43506.0 
16571.0 42556.0 
Remove random   Add random
push: 23 pull: 113
Final PF: 
18545.0 40444.0 
21266.0 40310.0 
21342.0 40064.0 
21708.0 39975.0 
24516.0 39972.0 
25513.0 39758.0 
28687.0 39757.0 
28763.0 39632.0 
31937.0 39629.0 
32013.0 39573.0 
36108.0 39508.0 
36184.0 39399.0 
18596.0 40337.0 
24592.0 39916.0 
32934.0 39511.0 
16571.0 41718.0 
17171.0 40768.0 
18092.0 40466.0 
19912.0 40313.0 
16515.0 42408.0 
16595.0 41035.0 
24820.0 39889.0 
40355.0 39303.0 
Remove random   Add best
push: 47 pull: 147
Final PF: 
16816.0 41547.0 
17516.0 41152.0 
18016.0 41053.0 
18092.0 40466.0 
21342.0 40064.0 
21708.0 39975.0 
24516.0 39972.0 
24820.0 39905.0 
28763.0 39632.0 
31937.0 39629.0 
42608.0 39347.0 
27894.0 39757.0 
28687.0 39754.0 
32934.0 39524.0 
36108.0 39508.0 
16726.0 42532.0 
17326.0 41385.0 
18545.0 40444.0 
18596.0 40337.0 
19912.0 40313.0 
21266.0 40310.0 
24592.0 39916.0 
25513.0 39758.0 
32013.0 39573.0 
36184.0 39399.0 
16515.0 43506.0 
16571.0 42556.0 
Remove random   Add diversity
push: 38 pull: 129
Final PF: 
16122.0 43784.0 
21342.0 40064.0 
21708.0 39975.0 
24516.0 39972.0 
28763.0 39632.0 
31937.0 39629.0 
36108.0 39508.0 
36184.0 39399.0 
40355.0 39303.0 
16515.0 41515.0 
16595.0 41120.0 
17095.0 41021.0 
27894.0 39757.0 
28687.0 39754.0 
32934.0 39511.0 
16156.0 42822.0 
16495.0 42723.0 
18092.0 40466.0 
18545.0 40444.0 
18596.0 40337.0 
19912.0 40313.0 
21266.0 40310.0 
25513.0 39758.0 
32013.0 39573.0 
17171.0 40744.0 
24592.0 39915.0 
24820.0 39865.0 
Remove worst   Add new
push: 50 pull: 149
Final PF: 
16990.0 41568.0 
17516.0 41173.0 
18016.0 41074.0 
21342.0 40064.0 
21708.0 39975.0 
24516.0 39972.0 
24592.0 39916.0 
24820.0 39865.0 
28763.0 39632.0 
31937.0 39629.0 
42684.0 39291.0 
16816.0 41612.0 
32934.0 39511.0 
36108.0 39508.0 
18092.0 40466.0 
18545.0 40444.0 
18596.0 40337.0 
19912.0 40313.0 
21266.0 40310.0 
25513.0 39758.0 
28687.0 39757.0 
32013.0 39573.0 
36184.0 39399.0 
39434.0 39340.0 
40355.0 39303.0 
43605.0 39244.0 
16515.0 43506.0 
16571.0 42556.0 
Remove worst   Add random
push: 15 pull: 88
Final PF: 
16515.0 42742.0 
17516.0 41173.0 
18016.0 41074.0 
19912.0 40313.0 
21342.0 40064.0 
21708.0 39975.0 
24516.0 39972.0 
24592.0 39916.0 
24820.0 39865.0 
28763.0 39632.0 
31937.0 39629.0 
36184.0 39386.0 
42684.0 39291.0 
16816.0 41612.0 
18092.0 40466.0 
18545.0 40444.0 
28687.0 39757.0 
32934.0 39511.0 
36108.0 39508.0 
40355.0 39303.0 
16990.0 41453.0 
18596.0 40337.0 
21266.0 40310.0 
25513.0 39758.0 
32013.0 39573.0 
43605.0 39244.0 
16571.0 41792.0 
39434.0 39327.0 
46855.0 39118.0 
Remove worst   Add best
push: 43 pull: 125
Final PF: 
16816.0 41366.0 
17516.0 41134.0 
21342.0 40064.0 
21708.0 39975.0 
24516.0 39972.0 
24592.0 39916.0 
24820.0 39865.0 
28763.0 39632.0 
31937.0 39629.0 
36184.0 39386.0 
32934.0 39511.0 
36108.0 39508.0 
18016.0 41053.0 
18092.0 40466.0 
18545.0 40444.0 
18596.0 40337.0 
19912.0 40313.0 
21266.0 40310.0 
25513.0 39758.0 
28687.0 39757.0 
32013.0 39573.0 
39434.0 39340.0 
40355.0 39303.0 
43605.0 39244.0 
16515.0 43506.0 
16571.0 42556.0 
Remove worst   Add diversity
push: 25 pull: 98
Final PF: 
21342.0 40064.0 
21708.0 39975.0 
24516.0 39972.0 
24592.0 39916.0 
24820.0 39865.0 
28763.0 39632.0 
31937.0 39629.0 
36184.0 39386.0 
39434.0 39340.0 
42684.0 39291.0 
16515.0 41515.0 
16595.0 41120.0 
17095.0 41021.0 
28687.0 39754.0 
32934.0 39511.0 
36108.0 39508.0 
18092.0 40466.0 
18545.0 40444.0 
18596.0 40337.0 
19912.0 40313.0 
21266.0 40310.0 
25513.0 39758.0 
32013.0 39573.0 
27894.0 39757.0 
40355.0 39302.0 
43605.0 39177.0 
46855.0 39118.0 
linkage migration
push: 18 pull: 69
Final PF: 
21342.0 40064.0 
21708.0 39975.0 
24516.0 39972.0 
24820.0 39865.0 
28763.0 39632.0 
31937.0 39629.0 
32934.0 39511.0 
36108.0 39508.0 
40355.0 39279.0 
18092.0 40466.0 
18545.0 40444.0 
18596.0 40337.0 
19912.0 40313.0 
21266.0 40310.0 
25513.0 39758.0 
32013.0 39573.0 
43605.0 39153.0 
17171.0 40744.0 
24592.0 39915.0 
27894.0 39757.0 
36184.0 39386.0 
39434.0 39327.0 
46855.0 39094.0 
16515.0 41576.0 
16595.0 41181.0 
17095.0 41082.0 
54276.0 39012.0 



---------------------------------------
Quality Indicator Results: 

for each remove method 
Remove random   


 GD: 
47619.253
47657.769
47578.963
47469.333


 D1R: 
44326.263
44236.558
44326.263
44214.441
DCI: 
0.58
0.654
0.617
0.963


 IGD: 
228.313
133.866
195.963
3.148


 HV: 
0.983
0.996
0.984
1.0


Remove worst   


 GD: 
48613.441
48988.427
48383.187
49355.509


 D1R: 
44326.263
44326.263
44326.263
44326.263
DCI: 
0.654
0.765
0.654
0.963


 IGD: 
201.69
78.067
227.929
0.481


 HV: 
0.99
0.993
0.992
1.0



---------------------------------------
for each add method
Add new


 GD: 
47619.253
48613.441


 D1R: 
44326.263
44326.263
DCI: 
0.821
1.0


 IGD: 
205.402
0.0


 HV: 
0.997
1.0


Add random


 GD: 
47657.769
48988.427


 D1R: 
44236.558
44326.263
DCI: 
0.778
0.852


 IGD: 
251.457
58.274


 HV: 
1.0
0.995


Add best


 GD: 
47578.963
48383.187


 D1R: 
44326.263
44326.263
DCI: 
0.714
0.893


 IGD: 
210.831
35.291


 HV: 
0.995
1.0


Add diversity


 GD: 
47469.333
49355.509


 D1R: 
44214.441
44326.263
DCI: 
0.828
0.86


 IGD: 
217.241
171.82


 HV: 
1.0
0.999



---------------------------------------
 results for all together 

Remove nothing   Add nothing
Remove random   Add new
Remove random   Add random
Remove random   Add best
Remove random   Add diversity
Remove worst   Add new
Remove worst   Add random
Remove worst   Add best
Remove worst   Add diversity
Linkage migration


 GD: 
47620.227
47619.253
47657.769
47578.963
47469.333
48613.441
48988.427
48383.187
49355.509
49508.467


 D1R: 
44326.263
44326.263
44236.558
44326.263
44214.441
44326.263
44326.263
44326.263
44326.263
44214.441
DCI: 
0.441
0.473
0.505
0.505
0.774
0.505
0.57
0.538
0.667
0.774


 IGD: 
488.412
487.412
477.65
458.296
360.004
242.716
143.261
234.224
177.453
169.943


 HV: 
0.974
0.974
0.986
0.974
0.988
0.983
0.991
0.985
0.997
1.0


---------------------------------------
 actions for all together 

59 0
55 165
23 113
47 147
38 129
50 149
15 88
43 125
25 98
18 69

