seeds 1008 factoryScale4 numberOfIslands5 numberOfReplacement1 notImprovedInARow 3

remove and add nothing
push: 56 pull: 0
Final PF: 
17171.0 40744.0 
18092.0 40466.0 
18545.0 40444.0 
18596.0 40337.0 
19912.0 40313.0 
21342.0 40064.0 
21708.0 39975.0 
25513.0 39758.0 
32013.0 39573.0 
21266.0 40310.0 
24592.0 39956.0 
24820.0 39905.0 
28687.0 39755.0 
16515.0 41448.0 
16595.0 41053.0 
17095.0 40954.0 
28763.0 39631.0 
32934.0 39511.0 
36108.0 39510.0 
36184.0 39385.0 
Remove random   Add new
push: 54 pull: 157
Final PF: 
17171.0 40744.0 
18092.0 40466.0 
18545.0 40444.0 
18596.0 40337.0 
19912.0 40313.0 
21342.0 40064.0 
21708.0 39975.0 
24820.0 39884.0 
25513.0 39758.0 
32013.0 39573.0 
16515.0 41448.0 
16595.0 41053.0 
17095.0 40954.0 
28763.0 39631.0 
32934.0 39511.0 
36108.0 39510.0 
36184.0 39385.0 
21266.0 40310.0 
24592.0 39956.0 
28687.0 39755.0 
31937.0 39629.0 
Remove random   Add random
push: 22 pull: 106
Final PF: 
16515.0 41448.0 
18092.0 40466.0 
18596.0 40337.0 
21266.0 40310.0 
21708.0 39975.0 
28763.0 39631.0 
36184.0 39385.0 
43605.0 39177.0 
16595.0 41053.0 
17095.0 40954.0 
17171.0 40744.0 
18545.0 40444.0 
19912.0 40313.0 
21342.0 40064.0 
24592.0 39916.0 
24820.0 39884.0 
25513.0 39758.0 
32013.0 39572.0 
39434.0 39327.0 
27894.0 39757.0 
31937.0 39629.0 
32934.0 39511.0 
36108.0 39510.0 
28687.0 39755.0 
Remove random   Add best
push: 49 pull: 145
Final PF: 
16515.0 41328.0 
16595.0 41053.0 
17171.0 40744.0 
18092.0 40466.0 
18545.0 40444.0 
18596.0 40337.0 
19912.0 40313.0 
21342.0 40064.0 
21708.0 39975.0 
24820.0 39884.0 
25513.0 39758.0 
32013.0 39573.0 
17095.0 40954.0 
21266.0 40310.0 
28763.0 39631.0 
32934.0 39511.0 
36108.0 39510.0 
36184.0 39385.0 
24592.0 39955.0 
28687.0 39755.0 
31937.0 39629.0 
Remove random   Add diversity
push: 49 pull: 151
Final PF: 
17171.0 40744.0 
18092.0 40466.0 
18545.0 40444.0 
18596.0 40337.0 
19912.0 40313.0 
21342.0 40064.0 
21708.0 39975.0 
24820.0 39884.0 
25513.0 39758.0 
32013.0 39573.0 
16515.0 41448.0 
16595.0 41053.0 
17095.0 40954.0 
21266.0 40310.0 
28763.0 39631.0 
32934.0 39511.0 
36108.0 39510.0 
36184.0 39385.0 
24592.0 39955.0 
28687.0 39755.0 
31937.0 39629.0 
Remove worst   Add new
push: 53 pull: 155
Final PF: 
17171.0 40744.0 
18092.0 40466.0 
18545.0 40444.0 
18596.0 40337.0 
19912.0 40313.0 
21342.0 40064.0 
21708.0 39975.0 
24820.0 39884.0 
25513.0 39758.0 
32013.0 39573.0 
16515.0 41448.0 
16595.0 41053.0 
17095.0 40954.0 
21266.0 40310.0 
28763.0 39631.0 
32934.0 39511.0 
36108.0 39510.0 
36184.0 39385.0 
24592.0 39956.0 
28687.0 39755.0 
Remove worst   Add random
push: 21 pull: 97
Final PF: 
16595.0 41053.0 
19912.0 40313.0 
21708.0 39975.0 
28763.0 39631.0 
31937.0 39629.0 
32934.0 39511.0 
36184.0 39385.0 
43605.0 39177.0 
17095.0 40954.0 
17171.0 40744.0 
18092.0 40466.0 
18545.0 40444.0 
18596.0 40337.0 
21266.0 40310.0 
21342.0 40064.0 
24820.0 39884.0 
25513.0 39758.0 
28687.0 39755.0 
32013.0 39573.0 
16023.0 42322.0 
16156.0 41995.0 
16515.0 41267.0 
24592.0 39939.0 
36108.0 39510.0 
Remove worst   Add best
push: 49 pull: 147
Final PF: 
16515.0 41328.0 
16595.0 41053.0 
17171.0 40744.0 
18092.0 40466.0 
18545.0 40444.0 
18596.0 40337.0 
19912.0 40313.0 
21342.0 40064.0 
21708.0 39975.0 
24820.0 39884.0 
25513.0 39758.0 
32013.0 39573.0 
17095.0 40954.0 
21266.0 40310.0 
28763.0 39631.0 
32934.0 39511.0 
36108.0 39510.0 
36184.0 39385.0 
24516.0 39974.0 
24592.0 39916.0 
28687.0 39755.0 
Remove worst   Add diversity
push: 40 pull: 135
Final PF: 
43605.0 39177.0 
17171.0 40744.0 
18092.0 40466.0 
18545.0 40444.0 
18596.0 40337.0 
19912.0 40313.0 
21342.0 40064.0 
21708.0 39975.0 
24820.0 39884.0 
25513.0 39758.0 
32013.0 39573.0 
39434.0 39327.0 
16515.0 41448.0 
16595.0 41053.0 
17095.0 40954.0 
21266.0 40310.0 
24592.0 39916.0 
27894.0 39757.0 
28763.0 39631.0 
31937.0 39628.0 
32934.0 39511.0 
36108.0 39510.0 
36184.0 39385.0 
39358.0 39384.0 
24516.0 39972.0 
28687.0 39755.0 
linkage migration
push: 16 pull: 65
Final PF: 
16595.0 41053.0 
18092.0 40466.0 
18545.0 40444.0 
18596.0 40337.0 
21266.0 40310.0 
40355.0 39286.0 
16515.0 41382.0 
17171.0 40744.0 
19912.0 40313.0 
21342.0 40064.0 
21708.0 39975.0 
24592.0 39915.0 
25513.0 39758.0 
17095.0 40954.0 
24820.0 39865.0 
28763.0 39631.0 
39434.0 39327.0 
43605.0 39152.0 
46855.0 39094.0 
24516.0 39972.0 
32013.0 39572.0 
32934.0 39511.0 
36108.0 39510.0 
36184.0 39385.0 
28687.0 39755.0 
31937.0 39628.0 



---------------------------------------
Quality Indicator Results: 

for each remove method 
Remove random   


 GD: 
47215.035
48098.299
47209.687
47214.995


 D1R: 
44214.441
44214.441
44214.441
44214.441
DCI: 
0.778
0.958
0.819
0.778


 IGD: 
484.518
5.0
479.476
484.476


 HV: 
0.994
1.0
0.995
0.994


Remove worst   


 GD: 
47030.974
47508.403
47017.475
48343.442


 D1R: 
44214.441
44214.441
44214.441
44214.441
DCI: 
0.643
0.81
0.679
0.893


 IGD: 
596.113
261.585
595.172
65.652


 HV: 
0.996
0.998
0.997
1.0



---------------------------------------
for each add method
Add new


 GD: 
47215.035
47030.974


 D1R: 
44214.441
44214.441
DCI: 
1.0
0.952


 IGD: 
0.0
4.495


 HV: 
1.0
1.0


Add random


 GD: 
48098.299
47508.403


 D1R: 
44214.441
44214.441
DCI: 
0.885
0.872


 IGD: 
70.702
156.443


 HV: 
1.0
0.998


Add best


 GD: 
47209.687
47017.475


 D1R: 
44214.441
44214.441
DCI: 
0.909
0.955


 IGD: 
5.334
4.291


 HV: 
1.0
1.0


Add diversity


 GD: 
47214.995
48343.442


 D1R: 
44214.441
44214.441
DCI: 
0.756
1.0


 IGD: 
293.416
0.0


 HV: 
0.994
1.0



---------------------------------------
 results for all together 

Remove nothing   Add nothing
Remove random   Add new
Remove random   Add random
Remove random   Add best
Remove random   Add diversity
Remove worst   Add new
Remove worst   Add random
Remove worst   Add best
Remove worst   Add diversity
Linkage migration


 GD: 
47031.865
47215.035
48098.299
47209.687
47214.995
47030.974
47508.403
47017.475
48343.442
48843.48


 D1R: 
44214.441
44214.441
44214.441
44214.441
44214.441
44214.441
44214.441
44214.441
44214.441
44214.441
DCI: 
0.556
0.578
0.678
0.578
0.578
0.556
0.678
0.578
0.744
0.833


 IGD: 
720.899
716.975
103.295
720.028
716.948
720.175
366.283
719.267
96.764
95.668


 HV: 
0.985
0.985
0.997
0.986
0.985
0.985
0.996
0.986
0.997
1.0


---------------------------------------
 actions for all together 

56 0
54 157
22 106
49 145
49 151
53 155
21 97
49 147
40 135
16 65

