seeds 1033 factoryScale3 numberOfIslands5 numberOfReplacement1 notImprovedInARow 3

remove and add nothing
push: 55 pull: 0
Final PF: 
16515.0 41382.0 
16595.0 41150.0 
17171.0 40744.0 
18092.0 40466.0 
18545.0 40449.0 
18596.0 40337.0 
21266.0 40312.0 
24516.0 39974.0 
21342.0 40064.0 
21708.0 39975.0 
24592.0 39915.0 
24820.0 39865.0 
28763.0 39632.0 
32013.0 39572.0 
39434.0 39363.0 
43605.0 39340.0 
50105.0 39246.0 
16023.0 45929.0 
25513.0 39798.0 
32934.0 39525.0 
36108.0 39524.0 
36184.0 39499.0 
Remove random   Add new
push: 50 pull: 147
Final PF: 
16515.0 41382.0 
16595.0 41150.0 
17171.0 40744.0 
18092.0 40466.0 
18545.0 40449.0 
18596.0 40337.0 
21266.0 40312.0 
24516.0 39974.0 
25513.0 39782.0 
28687.0 39757.0 
36184.0 39410.0 
21342.0 40064.0 
21708.0 39975.0 
24592.0 39915.0 
24820.0 39865.0 
28763.0 39632.0 
32013.0 39572.0 
39434.0 39363.0 
43605.0 39340.0 
46855.0 39327.0 
50105.0 39246.0 
16023.0 43402.0 
16156.0 42959.0 
17095.0 41130.0 
32934.0 39525.0 
36108.0 39524.0 
Remove random   Add random
push: 22 pull: 104
Final PF: 
16156.0 42898.0 
16515.0 41382.0 
16595.0 41150.0 
17095.0 41069.0 
17171.0 40744.0 
18092.0 40466.0 
18545.0 40449.0 
18596.0 40337.0 
21266.0 40312.0 
24516.0 39974.0 
21342.0 40064.0 
21708.0 39975.0 
24592.0 39915.0 
24820.0 39865.0 
28763.0 39632.0 
32013.0 39572.0 
39434.0 39363.0 
43605.0 39340.0 
46855.0 39327.0 
50105.0 39246.0 
16023.0 43402.0 
25513.0 39798.0 
32934.0 39519.0 
36184.0 39410.0 
Remove random   Add best
push: 46 pull: 138
Final PF: 
16515.0 41382.0 
16595.0 41150.0 
17171.0 40744.0 
18092.0 40466.0 
18545.0 40449.0 
18596.0 40337.0 
21266.0 40312.0 
24516.0 39974.0 
21342.0 40064.0 
21708.0 39975.0 
24592.0 39915.0 
24820.0 39865.0 
28763.0 39632.0 
32013.0 39572.0 
36184.0 39468.0 
39434.0 39363.0 
43605.0 39340.0 
46855.0 39327.0 
50105.0 39246.0 
16023.0 43402.0 
16156.0 42959.0 
17095.0 41087.0 
25513.0 39798.0 
32934.0 39525.0 
36108.0 39524.0 
Remove random   Add diversity
push: 40 pull: 130
Final PF: 
16515.0 41382.0 
16595.0 41150.0 
17095.0 41069.0 
17171.0 40744.0 
18092.0 40466.0 
18545.0 40449.0 
18596.0 40337.0 
21266.0 40312.0 
24516.0 39974.0 
25513.0 39782.0 
28763.0 39632.0 
21342.0 40064.0 
21708.0 39975.0 
24592.0 39915.0 
24820.0 39865.0 
32013.0 39572.0 
32934.0 39525.0 
39434.0 39363.0 
43605.0 39340.0 
50105.0 39246.0 
36108.0 39524.0 
36184.0 39399.0 
16023.0 42410.0 
Remove worst   Add new
push: 47 pull: 137
Final PF: 
16515.0 41382.0 
16595.0 41150.0 
17171.0 40744.0 
18092.0 40466.0 
18545.0 40449.0 
18596.0 40337.0 
21266.0 40312.0 
24516.0 39974.0 
21342.0 40064.0 
21708.0 39975.0 
24592.0 39915.0 
24820.0 39865.0 
28763.0 39632.0 
32013.0 39572.0 
36184.0 39468.0 
39434.0 39363.0 
43605.0 39340.0 
46855.0 39327.0 
50105.0 39246.0 
16023.0 43402.0 
16156.0 42959.0 
17095.0 41130.0 
25513.0 39758.0 
32934.0 39525.0 
36108.0 39524.0 
Remove worst   Add random
push: 18 pull: 81
Final PF: 
16515.0 41382.0 
16595.0 41150.0 
17171.0 40744.0 
18092.0 40466.0 
18545.0 40449.0 
18596.0 40337.0 
21266.0 40312.0 
21342.0 40064.0 
24516.0 39974.0 
21708.0 39975.0 
24592.0 39915.0 
24820.0 39865.0 
28763.0 39632.0 
32013.0 39572.0 
39434.0 39363.0 
43605.0 39340.0 
46855.0 39327.0 
50105.0 39246.0 
16023.0 43402.0 
16156.0 42898.0 
17095.0 41069.0 
25513.0 39758.0 
31937.0 39631.0 
32934.0 39512.0 
36184.0 39399.0 
Remove worst   Add best
push: 40 pull: 120
Final PF: 
16515.0 41382.0 
16595.0 41150.0 
17171.0 40744.0 
18092.0 40466.0 
18545.0 40449.0 
18596.0 40337.0 
24516.0 39974.0 
21342.0 40064.0 
21708.0 39975.0 
24592.0 39915.0 
24820.0 39865.0 
28763.0 39632.0 
32013.0 39572.0 
39434.0 39363.0 
43605.0 39340.0 
46855.0 39327.0 
50105.0 39246.0 
16023.0 43402.0 
16156.0 42959.0 
19912.0 40313.0 
21266.0 40310.0 
25513.0 39758.0 
28687.0 39757.0 
31937.0 39631.0 
32934.0 39525.0 
36108.0 39524.0 
36184.0 39386.0 
39358.0 39385.0 
17095.0 41069.0 
Remove worst   Add diversity
push: 32 pull: 112
Final PF: 
16023.0 42410.0 
16515.0 41382.0 
16595.0 41150.0 
17095.0 41069.0 
17171.0 40744.0 
18092.0 40466.0 
18545.0 40449.0 
18596.0 40337.0 
24516.0 39974.0 
28763.0 39632.0 
32934.0 39512.0 
36184.0 39386.0 
21342.0 40064.0 
21708.0 39975.0 
24592.0 39915.0 
24820.0 39865.0 
32013.0 39572.0 
39434.0 39363.0 
43605.0 39340.0 
50105.0 39246.0 
19912.0 40313.0 
21266.0 40310.0 
25513.0 39758.0 
31937.0 39631.0 
linkage migration
push: 33 pull: 120
Final PF: 
16515.0 41382.0 
16595.0 41150.0 
17171.0 40744.0 
18092.0 40466.0 
18545.0 40449.0 
18596.0 40337.0 
24516.0 39974.0 
21342.0 40064.0 
21708.0 39975.0 
24592.0 39915.0 
24820.0 39865.0 
28763.0 39631.0 
32013.0 39572.0 
39434.0 39363.0 
46855.0 39245.0 
50105.0 39209.0 
54276.0 39011.0 
57526.0 39000.0 
16023.0 44184.0 
43605.0 39303.0 
17095.0 40972.0 
19912.0 40313.0 
21266.0 40310.0 
25513.0 39758.0 
32934.0 39512.0 
36108.0 39511.0 
36184.0 39386.0 



---------------------------------------
Quality Indicator Results: 

for each remove method 
Remove random   


 GD: 
49007.052
48813.26
49006.949
48569.349


 D1R: 
44214.441
44214.441
44214.441
44214.441
DCI: 
0.833
0.833
0.75
0.875


 IGD: 
26.787
28.295
34.174
141.763


 HV: 
0.997
0.997
0.995
1.0


Remove worst   


 GD: 
49007.19
48894.757
49159.566
48307.475


 D1R: 
44214.441
44214.441
44214.441
44214.441
DCI: 
0.667
0.778
0.926
0.889


 IGD: 
87.434
76.386
21.403
128.72


 HV: 
0.995
0.997
0.997
1.0



---------------------------------------
for each add method
Add new


 GD: 
49007.052
49007.19


 D1R: 
44214.441
44214.441
DCI: 
0.962
0.923


 IGD: 
0.923
7.857


 HV: 
1.0
0.999


Add random


 GD: 
48813.26
48894.757


 D1R: 
44214.441
44214.441
DCI: 
0.84
1.0


 IGD: 
6.169
0.0


 HV: 
0.998
1.0


Add best


 GD: 
49006.949
49159.566


 D1R: 
44214.441
44214.441
DCI: 
0.724
1.0


 IGD: 
61.374
0.0


 HV: 
0.997
1.0


Add diversity


 GD: 
48569.349
48307.475


 D1R: 
44214.441
44214.441
DCI: 
0.75
1.0


 IGD: 
61.018
0.0


 HV: 
0.998
1.0



---------------------------------------
 results for all together 

Remove nothing   Add nothing
Remove random   Add new
Remove random   Add random
Remove random   Add best
Remove random   Add diversity
Remove worst   Add new
Remove worst   Add random
Remove worst   Add best
Remove worst   Add diversity
Linkage migration


 GD: 
48909.324
49007.052
48813.26
49006.949
48569.349
49007.19
48894.757
49159.566
48307.475
50407.129


 D1R: 
44214.441
44214.441
44214.441
44214.441
44214.441
44214.441
44214.441
44214.441
44214.441
44214.441
DCI: 
0.471
0.506
0.471
0.471
0.506
0.506
0.54
0.678
0.678
0.897


 IGD: 
378.759
233.173
238.516
239.504
328.794
239.612
236.764
179.375
284.69
48.783


 HV: 
0.989
0.996
0.996
0.995
0.997
0.996
0.997
0.997
0.998
1.0


---------------------------------------
 actions for all together 

55 0
50 147
22 104
46 138
40 130
47 137
18 81
40 120
32 112
33 120

