seeds 1001 factoryScale10 numberOfIslands5 numberOfReplacement1 notImprovedInARow 3

remove and add nothing
push: 58 pull: 0
Final PF: 
18092.0 40466.0 
18545.0 40444.0 
18596.0 40337.0 
19912.0 40313.0 
21266.0 40312.0 
21342.0 40064.0 
21708.0 39975.0 
24516.0 39974.0 
24592.0 39915.0 
27894.0 39781.0 
32013.0 39572.0 
16290.0 48551.0 
16480.0 46826.0 
16494.0 45882.0 
25513.0 39782.0 
16990.0 41387.0 
17516.0 41155.0 
18016.0 41074.0 
28763.0 39632.0 
16515.0 42262.0 
16816.0 41662.0 
32934.0 39525.0 
36184.0 39399.0 
43605.0 39384.0 
Remove random   Add new
push: 56 pull: 158
Final PF: 
18092.0 40466.0 
18545.0 40444.0 
18596.0 40337.0 
19912.0 40313.0 
21266.0 40312.0 
21342.0 40064.0 
21708.0 39975.0 
24516.0 39974.0 
24592.0 39915.0 
27894.0 39781.0 
32013.0 39572.0 
16990.0 41387.0 
17516.0 41155.0 
18016.0 41074.0 
28763.0 39632.0 
16515.0 42262.0 
16816.0 41662.0 
32934.0 39525.0 
36184.0 39399.0 
43605.0 39384.0 
16290.0 48551.0 
16480.0 46826.0 
16494.0 45882.0 
25513.0 39782.0 
Remove random   Add random
push: 23 pull: 106
Final PF: 
16290.0 48551.0 
16480.0 46826.0 
16816.0 41481.0 
18016.0 41074.0 
18092.0 40466.0 
18545.0 40444.0 
18596.0 40337.0 
19912.0 40313.0 
21266.0 40312.0 
21342.0 40064.0 
21708.0 39975.0 
24516.0 39974.0 
24592.0 39915.0 
24820.0 39865.0 
25513.0 39758.0 
32013.0 39572.0 
36184.0 39399.0 
16494.0 45882.0 
43605.0 39384.0 
16990.0 41387.0 
17516.0 41155.0 
28763.0 39632.0 
32934.0 39525.0 
16515.0 42262.0 
16595.0 41867.0 
Remove random   Add best
push: 48 pull: 146
Final PF: 
16816.0 41662.0 
16990.0 41387.0 
18092.0 40466.0 
18545.0 40444.0 
18596.0 40337.0 
19912.0 40313.0 
21266.0 40312.0 
21342.0 40064.0 
21708.0 39975.0 
24516.0 39974.0 
24592.0 39915.0 
27894.0 39781.0 
32013.0 39572.0 
25513.0 39782.0 
28763.0 39632.0 
31937.0 39631.0 
17516.0 41155.0 
18016.0 41074.0 
16515.0 42262.0 
16595.0 41867.0 
32934.0 39525.0 
36184.0 39399.0 
43605.0 39384.0 
16290.0 48551.0 
16480.0 46826.0 
16494.0 45882.0 
Remove random   Add diversity
push: 42 pull: 134
Final PF: 
16290.0 48551.0 
18016.0 41074.0 
18092.0 40466.0 
18545.0 40444.0 
18596.0 40337.0 
19912.0 40313.0 
21266.0 40312.0 
21342.0 40064.0 
21708.0 39975.0 
24516.0 39974.0 
24592.0 39915.0 
24820.0 39865.0 
25513.0 39758.0 
32013.0 39572.0 
32934.0 39525.0 
36184.0 39399.0 
42532.0 39382.0 
16023.0 49997.0 
16515.0 42262.0 
16990.0 41387.0 
17516.0 41155.0 
28763.0 39632.0 
31937.0 39629.0 
16595.0 41867.0 
16816.0 41662.0 
16480.0 46826.0 
16494.0 45882.0 
Remove worst   Add new
push: 49 pull: 143
Final PF: 
17516.0 41155.0 
18016.0 41074.0 
18092.0 40466.0 
18545.0 40444.0 
18596.0 40337.0 
19912.0 40313.0 
21266.0 40310.0 
21342.0 40064.0 
21708.0 39975.0 
24516.0 39972.0 
24592.0 39915.0 
27894.0 39781.0 
28763.0 39632.0 
32013.0 39572.0 
16990.0 41387.0 
16515.0 42262.0 
16595.0 41867.0 
16816.0 41662.0 
32934.0 39525.0 
36184.0 39399.0 
43605.0 39384.0 
16290.0 48551.0 
16480.0 46826.0 
16494.0 45882.0 
25513.0 39782.0 
Remove worst   Add random
push: 26 pull: 114
Final PF: 
17516.0 41155.0 
18016.0 41074.0 
18092.0 40466.0 
18545.0 40444.0 
18596.0 40337.0 
19912.0 40313.0 
21266.0 40310.0 
21342.0 40064.0 
21708.0 39975.0 
24516.0 39972.0 
24592.0 39915.0 
24820.0 39889.0 
25513.0 39758.0 
28763.0 39632.0 
32013.0 39572.0 
36184.0 39399.0 
16290.0 48551.0 
16956.0 41567.0 
16990.0 41387.0 
31937.0 39631.0 
16023.0 49997.0 
16816.0 41662.0 
28687.0 39757.0 
16515.0 42262.0 
16595.0 41867.0 
32934.0 39525.0 
43605.0 39384.0 
16480.0 46826.0 
16494.0 45882.0 
Remove worst   Add best
push: 43 pull: 140
Final PF: 
16595.0 41867.0 
16816.0 41662.0 
16990.0 41387.0 
17516.0 41155.0 
18016.0 41074.0 
18092.0 40466.0 
18545.0 40444.0 
18596.0 40337.0 
19912.0 40313.0 
21266.0 40310.0 
21342.0 40064.0 
21708.0 39975.0 
24516.0 39972.0 
24592.0 39915.0 
27894.0 39781.0 
28763.0 39632.0 
32013.0 39572.0 
16515.0 42262.0 
25513.0 39782.0 
31937.0 39631.0 
32934.0 39525.0 
36184.0 39399.0 
43605.0 39384.0 
16290.0 48551.0 
16480.0 46826.0 
16494.0 45882.0 
Remove worst   Add diversity
push: 31 pull: 109
Final PF: 
16290.0 48551.0 
18092.0 40466.0 
18545.0 40444.0 
18596.0 40337.0 
19912.0 40313.0 
21342.0 40064.0 
21708.0 39975.0 
24516.0 39974.0 
24592.0 39915.0 
24820.0 39889.0 
28763.0 39632.0 
32013.0 39572.0 
32934.0 39525.0 
36184.0 39399.0 
16023.0 49997.0 
21266.0 40310.0 
25513.0 39758.0 
16515.0 41515.0 
16595.0 41120.0 
17095.0 41021.0 
43605.0 39384.0 
16480.0 46826.0 
16494.0 45882.0 
linkage migration
push: 19 pull: 60
Final PF: 
18092.0 40466.0 
18545.0 40444.0 
18596.0 40337.0 
19912.0 40313.0 
21266.0 40310.0 
21342.0 40064.0 
21708.0 39975.0 
24516.0 39974.0 
25513.0 39758.0 
32934.0 39512.0 
36184.0 39386.0 
39434.0 39326.0 
40355.0 39279.0 
16023.0 46407.0 
16122.0 46337.0 
24592.0 39915.0 
24820.0 39865.0 
32013.0 39572.0 
43605.0 39153.0 
28763.0 39631.0 
39358.0 39385.0 
16515.0 41382.0 
16595.0 41150.0 
17095.0 41069.0 
17171.0 40744.0 
27894.0 39757.0 
28687.0 39756.0 
16290.0 44741.0 
16495.0 44678.0 



---------------------------------------
Quality Indicator Results: 

for each remove method 
Remove random   


 GD: 
47586.572
47411.991
47615.828
47706.386


 D1R: 
44326.263
44326.263
44326.263
44326.263
DCI: 
0.741
0.889
0.778
0.963


 IGD: 
85.382
57.979
70.773
46.445


 HV: 
0.999
1.0
0.999
1.0


Remove worst   


 GD: 
47484.41
47682.846
47615.695
47904.121


 D1R: 
44326.263
44326.263
44326.263
44326.263
DCI: 
0.68
0.88
0.72
0.88


 IGD: 
126.358
47.701
122.509
9.78


 HV: 
0.998
0.998
0.998
1.0



---------------------------------------
for each add method
Add new


 GD: 
47586.572
47484.41


 D1R: 
44326.263
44326.263
DCI: 
0.88
1.0


 IGD: 
12.218
0.0


 HV: 
1.0
1.0


Add random


 GD: 
47411.991
47682.846


 D1R: 
44326.263
44326.263
DCI: 
0.821
0.929


 IGD: 
61.32
6.725


 HV: 
1.0
1.0


Add best


 GD: 
47615.828
47615.695


 D1R: 
44326.263
44326.263
DCI: 
0.923
1.0


 IGD: 
0.154
0.0


 HV: 
1.0
1.0


Add diversity


 GD: 
47706.386
47904.121


 D1R: 
44326.263
44326.263
DCI: 
0.833
0.875


 IGD: 
49.771
49.667


 HV: 
0.998
1.0



---------------------------------------
 results for all together 

Remove nothing   Add nothing
Remove random   Add new
Remove random   Add random
Remove random   Add best
Remove random   Add diversity
Remove worst   Add new
Remove worst   Add random
Remove worst   Add best
Remove worst   Add diversity
Linkage migration


 GD: 
47586.572
47586.572
47411.991
47615.828
47706.386
47484.41
47682.846
47615.695
47904.121
48356.092


 D1R: 
44326.263
44326.263
44326.263
44326.263
44326.263
44326.263
44326.263
44326.263
44326.263
44214.441
DCI: 
0.289
0.289
0.356
0.289
0.389
0.356
0.411
0.356
0.422
0.867


 IGD: 
538.119
538.119
553.595
534.912
513.186
537.981
548.262
534.774
511.689
6.034


 HV: 
0.988
0.988
0.989
0.988
0.989
0.988
0.989
0.988
0.991
1.0


---------------------------------------
 actions for all together 

58 0
56 158
23 106
48 146
42 134
49 143
26 114
43 140
31 109
19 60

