seeds 1039 factoryScale4 numberOfIslands5 numberOfReplacement1 notImprovedInARow 3

remove and add nothing
push: 60 pull: 0
Final PF: 
16023.0 43465.0 
28763.0 39678.0 
32013.0 39619.0 
18092.0 40466.0 
18545.0 40444.0 
18596.0 40377.0 
21266.0 40334.0 
21342.0 40128.0 
21657.0 40106.0 
21708.0 40039.0 
16515.0 41598.0 
16595.0 41211.0 
17171.0 40805.0 
36184.0 39410.0 
39434.0 39364.0 
24592.0 39940.0 
24820.0 39889.0 
Remove random   Add new
push: 53 pull: 154
Final PF: 
16023.0 43465.0 
18092.0 40466.0 
18545.0 40444.0 
16515.0 41507.0 
16595.0 41150.0 
17095.0 41087.0 
17171.0 40744.0 
18596.0 40337.0 
19912.0 40313.0 
21708.0 39999.0 
28763.0 39656.0 
36184.0 39410.0 
39434.0 39364.0 
21342.0 40064.0 
24592.0 39916.0 
24820.0 39889.0 
25513.0 39865.0 
32013.0 39573.0 
Remove random   Add random
push: 23 pull: 112
Final PF: 
16023.0 43465.0 
16595.0 41211.0 
17171.0 40805.0 
18545.0 40444.0 
21708.0 39975.0 
25513.0 39798.0 
28763.0 39678.0 
18092.0 40466.0 
19912.0 40313.0 
21266.0 40310.0 
32013.0 39619.0 
36184.0 39410.0 
18596.0 40337.0 
21342.0 40104.0 
24516.0 39972.0 
16515.0 41443.0 
17095.0 41148.0 
39434.0 39364.0 
24592.0 39934.0 
24820.0 39889.0 
Remove random   Add best
push: 53 pull: 158
Final PF: 
16023.0 43465.0 
16595.0 41211.0 
18092.0 40466.0 
28763.0 39678.0 
32013.0 39619.0 
16515.0 41443.0 
18545.0 40444.0 
18596.0 40377.0 
21266.0 40334.0 
21342.0 40128.0 
21657.0 40106.0 
21708.0 40039.0 
17095.0 41148.0 
17171.0 40805.0 
36184.0 39410.0 
39434.0 39364.0 
24592.0 39940.0 
24820.0 39889.0 
Remove random   Add diversity
push: 37 pull: 122
Final PF: 
39434.0 39364.0 
16023.0 43435.0 
17171.0 40744.0 
18596.0 40337.0 
19912.0 40313.0 
21266.0 40310.0 
21342.0 40064.0 
21708.0 39975.0 
24820.0 39865.0 
25513.0 39758.0 
28763.0 39656.0 
32013.0 39619.0 
32934.0 39512.0 
18092.0 40466.0 
18545.0 40444.0 
16515.0 41443.0 
16595.0 41211.0 
17095.0 41148.0 
31937.0 39631.0 
36184.0 39409.0 
24592.0 39916.0 
Remove worst   Add new
push: 45 pull: 128
Final PF: 
16023.0 43465.0 
16156.0 43184.0 
18092.0 40466.0 
18545.0 40444.0 
21266.0 40310.0 
24516.0 39972.0 
16515.0 41507.0 
16595.0 41150.0 
17095.0 41087.0 
17171.0 40744.0 
18596.0 40337.0 
19912.0 40313.0 
21708.0 39999.0 
25513.0 39782.0 
28763.0 39656.0 
32934.0 39535.0 
36184.0 39410.0 
39434.0 39364.0 
21342.0 40064.0 
24592.0 39916.0 
24820.0 39889.0 
32013.0 39573.0 
Remove worst   Add random
push: 16 pull: 72
Final PF: 
16156.0 43184.0 
16515.0 41382.0 
17171.0 40744.0 
18545.0 40444.0 
21266.0 40310.0 
28763.0 39656.0 
16595.0 41150.0 
18092.0 40466.0 
18596.0 40337.0 
19912.0 40313.0 
21342.0 40064.0 
21708.0 39975.0 
24592.0 39916.0 
24820.0 39865.0 
36184.0 39410.0 
16023.0 43435.0 
17095.0 41069.0 
24516.0 39974.0 
25513.0 39782.0 
32934.0 39535.0 
39434.0 39364.0 
31937.0 39631.0 
32013.0 39573.0 
Remove worst   Add best
push: 44 pull: 139
Final PF: 
16023.0 43465.0 
16156.0 43184.0 
16595.0 41150.0 
18092.0 40466.0 
16515.0 41382.0 
17171.0 40744.0 
18545.0 40444.0 
17095.0 41087.0 
18596.0 40337.0 
19912.0 40313.0 
21708.0 39999.0 
25513.0 39782.0 
28763.0 39656.0 
32934.0 39535.0 
36184.0 39410.0 
39434.0 39364.0 
21342.0 40064.0 
24592.0 39916.0 
24820.0 39865.0 
32013.0 39573.0 
Remove worst   Add diversity
push: 26 pull: 77
Final PF: 
16023.0 43435.0 
17171.0 40744.0 
18092.0 40466.0 
18545.0 40444.0 
18596.0 40337.0 
19912.0 40313.0 
21266.0 40310.0 
21342.0 40064.0 
21708.0 39975.0 
16156.0 43154.0 
16515.0 41382.0 
16595.0 41150.0 
17095.0 41087.0 
24516.0 39974.0 
25513.0 39782.0 
31937.0 39630.0 
32013.0 39596.0 
32934.0 39535.0 
36184.0 39409.0 
39434.0 39351.0 
42608.0 39338.0 
24592.0 39916.0 
24820.0 39865.0 
28763.0 39632.0 
linkage migration
push: 11 pull: 70
Final PF: 
16023.0 42457.0 
16156.0 42176.0 
19912.0 40313.0 
21266.0 40310.0 
21342.0 40064.0 
21708.0 39975.0 
24592.0 39915.0 
24820.0 39865.0 
25513.0 39758.0 
28687.0 39757.0 
28763.0 39631.0 
32013.0 39572.0 
32934.0 39512.0 
36108.0 39511.0 
36184.0 39386.0 
39434.0 39326.0 
46855.0 39118.0 
50105.0 39098.0 
16515.0 41382.0 
16595.0 41150.0 
17095.0 41069.0 
17171.0 40744.0 
18092.0 40466.0 
18545.0 40444.0 
18596.0 40337.0 
54276.0 39012.0 
42684.0 39315.0 
24516.0 39972.0 
43605.0 39176.0 



---------------------------------------
Quality Indicator Results: 

for each remove method 
Remove random   


 GD: 
46860.483
46804.6
46815.805
47206.129


 D1R: 
44214.441
44270.659
44270.659
44214.441
DCI: 
0.576
0.439
0.212
0.818


 IGD: 
73.659
64.006
165.065
11.927


 HV: 
0.993
0.992
0.984
1.0


Remove worst   


 GD: 
46974.928
47136.765
47042.248
47588.023


 D1R: 
44214.441
44214.441
44214.441
44214.441
DCI: 
0.569
0.764
0.569
0.875


 IGD: 
16.696
3.087
25.516
1.87


 HV: 
0.998
0.999
0.998
1.0



---------------------------------------
for each add method
Add new


 GD: 
46860.483
46974.928


 D1R: 
44214.441
44214.441
DCI: 
0.773
1.0


 IGD: 
75.798
0.0


 HV: 
0.994
1.0


Add random


 GD: 
46804.6
47136.765


 D1R: 
44270.659
44214.441
DCI: 
0.391
0.957


 IGD: 
76.985
0.087


 HV: 
0.992
1.0


Add best


 GD: 
46815.805
47042.248


 D1R: 
44270.659
44214.441
DCI: 
0.25
1.0


 IGD: 
187.924
0.0


 HV: 
0.985
1.0


Add diversity


 GD: 
47206.129
47588.023


 D1R: 
44214.441
44214.441
DCI: 
0.611
0.917


 IGD: 
28.282
2.043


 HV: 
0.999
1.0



---------------------------------------
 results for all together 

Remove nothing   Add nothing
Remove random   Add new
Remove random   Add random
Remove random   Add best
Remove random   Add diversity
Remove worst   Add new
Remove worst   Add random
Remove worst   Add best
Remove worst   Add diversity
Linkage migration


 GD: 
46957.101
46860.483
46804.6
46815.805
47206.129
46974.928
47136.765
47042.248
47588.023
49721.29


 D1R: 
44270.659
44214.441
44270.659
44270.659
44214.441
44214.441
44214.441
44214.441
44214.441
44214.441
DCI: 
0.067
0.278
0.233
0.067
0.411
0.344
0.467
0.344
0.444
0.967


 IGD: 
1087.005
1010.411
1004.49
1081.155
965.627
955.107
949.215
965.97
511.671
3.297


 HV: 
0.967
0.972
0.972
0.967
0.976
0.976
0.976
0.976
0.979
1.0


---------------------------------------
 actions for all together 

60 0
53 154
23 112
53 158
37 122
45 128
16 72
44 139
26 77
11 70

