seeds 1000 factoryScale6 numberOfIslands5 numberOfReplacement1 notImprovedInARow 3

remove and add nothing
push: 55 pull: 0
Final PF: 
18596.0 40337.0 
19912.0 40313.0 
21266.0 40312.0 
21342.0 40064.0 
21708.0 39975.0 
24820.0 39865.0 
25513.0 39758.0 
28763.0 39632.0 
31937.0 39629.0 
32013.0 39573.0 
32934.0 39536.0 
18092.0 40466.0 
18545.0 40444.0 
24592.0 39916.0 
43605.0 39153.0 
39434.0 39380.0 
46779.0 39150.0 
16515.0 42178.0 
16571.0 41718.0 
17095.0 41015.0 
17171.0 40768.0 
24516.0 39974.0 
28687.0 39757.0 
36184.0 39393.0 
Remove random   Add new
push: 52 pull: 151
Final PF: 
18596.0 40337.0 
19912.0 40313.0 
21266.0 40312.0 
21342.0 40064.0 
21708.0 39975.0 
24820.0 39865.0 
25513.0 39758.0 
28687.0 39755.0 
28763.0 39632.0 
31937.0 39629.0 
32013.0 39573.0 
32934.0 39525.0 
18092.0 40466.0 
18545.0 40444.0 
24592.0 39916.0 
43605.0 39153.0 
16515.0 42178.0 
16571.0 41718.0 
16595.0 41035.0 
17095.0 40954.0 
17171.0 40768.0 
24516.0 39974.0 
36184.0 39393.0 
39434.0 39380.0 
46779.0 39150.0 
Remove random   Add random
push: 25 pull: 101
Final PF: 
18092.0 40466.0 
18545.0 40444.0 
18596.0 40337.0 
19912.0 40313.0 
21266.0 40312.0 
21342.0 40064.0 
21708.0 39975.0 
24592.0 39916.0 
25513.0 39758.0 
28763.0 39632.0 
32013.0 39573.0 
36184.0 39393.0 
39434.0 39380.0 
43605.0 39153.0 
17095.0 40954.0 
24820.0 39865.0 
31937.0 39629.0 
32934.0 39536.0 
16515.0 41267.0 
16595.0 41035.0 
17171.0 40768.0 
24516.0 39974.0 
28687.0 39757.0 
46779.0 39150.0 
Remove random   Add best
push: 42 pull: 134
Final PF: 
16515.0 41473.0 
16595.0 41241.0 
17171.0 40768.0 
18092.0 40466.0 
18596.0 40337.0 
19912.0 40313.0 
21342.0 40064.0 
21708.0 39975.0 
24820.0 39865.0 
25513.0 39758.0 
28687.0 39755.0 
28763.0 39632.0 
31937.0 39629.0 
32013.0 39573.0 
32934.0 39525.0 
18545.0 40444.0 
21266.0 40310.0 
24516.0 39972.0 
24592.0 39916.0 
36184.0 39386.0 
43605.0 39153.0 
17095.0 41015.0 
39434.0 39380.0 
46779.0 39150.0 
Remove random   Add diversity
push: 36 pull: 123
Final PF: 
18596.0 40337.0 
19912.0 40313.0 
21342.0 40064.0 
21708.0 39975.0 
24820.0 39865.0 
25513.0 39758.0 
28687.0 39757.0 
28763.0 39632.0 
31937.0 39629.0 
32013.0 39573.0 
39434.0 39340.0 
42684.0 39328.0 
43605.0 39153.0 
46779.0 39150.0 
18092.0 40466.0 
18545.0 40444.0 
21266.0 40310.0 
24516.0 39972.0 
24592.0 39916.0 
36184.0 39386.0 
16515.0 41448.0 
16595.0 41035.0 
17095.0 40954.0 
17171.0 40768.0 
32934.0 39519.0 
16023.0 47400.0 
16156.0 46336.0 
Remove worst   Add new
push: 50 pull: 143
Final PF: 
18596.0 40337.0 
19912.0 40313.0 
21266.0 40312.0 
21342.0 40064.0 
21708.0 39975.0 
24820.0 39865.0 
25513.0 39758.0 
28687.0 39755.0 
28763.0 39632.0 
31937.0 39629.0 
32013.0 39573.0 
32934.0 39525.0 
18092.0 40466.0 
18545.0 40444.0 
24516.0 39972.0 
24592.0 39916.0 
36184.0 39386.0 
42684.0 39291.0 
43605.0 39153.0 
16515.0 42178.0 
16571.0 41718.0 
17095.0 41015.0 
17171.0 40768.0 
39434.0 39380.0 
46779.0 39150.0 
Remove worst   Add random
push: 19 pull: 90
Final PF: 
17171.0 40768.0 
18092.0 40466.0 
18545.0 40444.0 
18596.0 40337.0 
19912.0 40313.0 
21266.0 40310.0 
21342.0 40064.0 
21708.0 39975.0 
24516.0 39972.0 
24592.0 39916.0 
24820.0 39865.0 
25513.0 39758.0 
28763.0 39632.0 
32013.0 39573.0 
36184.0 39386.0 
39434.0 39327.0 
42684.0 39291.0 
43605.0 39153.0 
17095.0 40954.0 
28687.0 39755.0 
31937.0 39629.0 
46779.0 39150.0 
16515.0 41267.0 
16595.0 41035.0 
32934.0 39519.0 
16023.0 47400.0 
16156.0 46336.0 
16495.0 46273.0 
39358.0 39383.0 
Remove worst   Add best
push: 40 pull: 130
Final PF: 
16515.0 41473.0 
16595.0 41241.0 
17171.0 40768.0 
18092.0 40466.0 
18596.0 40337.0 
19912.0 40313.0 
21342.0 40064.0 
21708.0 39975.0 
24820.0 39865.0 
25513.0 39758.0 
28687.0 39755.0 
28763.0 39632.0 
31937.0 39629.0 
32013.0 39573.0 
32934.0 39525.0 
18545.0 40444.0 
21266.0 40310.0 
24516.0 39972.0 
24592.0 39916.0 
36184.0 39386.0 
39434.0 39327.0 
42684.0 39291.0 
43605.0 39153.0 
17095.0 41015.0 
39358.0 39383.0 
46779.0 39150.0 
Remove worst   Add diversity
push: 23 pull: 101
Final PF: 
16515.0 41267.0 
16595.0 41035.0 
18596.0 40337.0 
19912.0 40313.0 
21342.0 40064.0 
21708.0 39975.0 
24592.0 39916.0 
24820.0 39865.0 
25513.0 39758.0 
28687.0 39755.0 
28763.0 39632.0 
31937.0 39629.0 
32013.0 39573.0 
43605.0 39153.0 
46779.0 39150.0 
17171.0 40768.0 
18092.0 40466.0 
18545.0 40444.0 
21266.0 40310.0 
24516.0 39972.0 
27894.0 39757.0 
36184.0 39386.0 
39434.0 39327.0 
42684.0 39291.0 
17095.0 40954.0 
32934.0 39512.0 
linkage migration
push: 17 pull: 74
Final PF: 
18092.0 40466.0 
18545.0 40444.0 
18596.0 40337.0 
19912.0 40313.0 
21266.0 40310.0 
21342.0 40064.0 
21708.0 39975.0 
24516.0 39972.0 
24820.0 39865.0 
25513.0 39758.0 
28687.0 39755.0 
31937.0 39629.0 
39358.0 39383.0 
43605.0 39153.0 
46779.0 39150.0 
27894.0 39757.0 
43529.0 39276.0 
24592.0 39915.0 
28763.0 39631.0 
32013.0 39572.0 
32934.0 39511.0 
36184.0 39385.0 
40355.0 39303.0 
46855.0 39117.0 
16023.0 45165.0 
16515.0 41267.0 
16595.0 41035.0 
17095.0 40954.0 
17171.0 40768.0 
39434.0 39327.0 



---------------------------------------
Quality Indicator Results: 

for each remove method 
Remove random   


 GD: 
48230.4
48334.766
48352.264
48788.854


 D1R: 
44236.558
44236.558
44236.558
44236.558
DCI: 
0.667
0.667
0.704
0.926


 IGD: 
394.759
453.403
450.304
6.778


 HV: 
0.997
0.997
0.997
1.0


Remove worst   


 GD: 
48782.422
49030.982
49004.227
48713.437


 D1R: 
44236.558
44236.558
44236.558
44236.558
DCI: 
0.633
0.933
0.733
0.867


 IGD: 
515.552
26.667
559.359
544.495


 HV: 
0.996
1.0
0.998
0.998



---------------------------------------
for each add method
Add new


 GD: 
48230.4
48782.422


 D1R: 
44236.558
44236.558
DCI: 
0.885
0.923


 IGD: 
36.165
21.592


 HV: 
1.0
0.997


Add random


 GD: 
48334.766
49030.982


 D1R: 
44236.558
44236.558
DCI: 
0.621
1.0


 IGD: 
597.613
0.0


 HV: 
0.997
1.0


Add best


 GD: 
48352.264
49004.227


 D1R: 
44236.558
44236.558
DCI: 
0.885
1.0


 IGD: 
40.782
0.0


 HV: 
0.995
1.0


Add diversity


 GD: 
48788.854
48713.437


 D1R: 
44236.558
44236.558
DCI: 
0.786
0.929


 IGD: 
36.893
401.229


 HV: 
1.0
0.999



---------------------------------------
 results for all together 

Remove nothing   Add nothing
Remove random   Add new
Remove random   Add random
Remove random   Add best
Remove random   Add diversity
Remove worst   Add new
Remove worst   Add random
Remove worst   Add best
Remove worst   Add diversity
Linkage migration


 GD: 
48398.449
48230.4
48334.766
48352.264
48788.854
48782.422
49030.982
49004.227
48713.437
49604.33


 D1R: 
44236.558
44236.558
44236.558
44236.558
44236.558
44236.558
44236.558
44236.558
44236.558
44236.558
DCI: 
0.452
0.548
0.548
0.57
0.602
0.57
0.763
0.667
0.785
0.968


 IGD: 
233.575
207.46
229.769
233.863
112.339
201.799
101.648
198.422
169.808
28.171


 HV: 
0.992
0.993
0.994
0.993
0.996
0.992
0.997
0.994
0.995
1.0


---------------------------------------
 actions for all together 

55 0
52 151
25 101
42 134
36 123
50 143
19 90
40 130
23 101
17 74

