seeds 1023 factoryScale2 numberOfIslands5 numberOfReplacement1 notImprovedInARow 3

remove and add nothing
push: 59 pull: 0
Final PF: 
16990.0 41568.0 
17516.0 41173.0 
18016.0 41074.0 
21342.0 40064.0 
21708.0 39975.0 
24516.0 39972.0 
24820.0 39905.0 
28763.0 39632.0 
31937.0 39629.0 
42608.0 39347.0 
16816.0 41612.0 
36108.0 39508.0 
18092.0 40466.0 
18545.0 40444.0 
18596.0 40337.0 
19912.0 40313.0 
21266.0 40310.0 
24592.0 39916.0 
25513.0 39758.0 
28687.0 39757.0 
32013.0 39573.0 
32934.0 39525.0 
36184.0 39399.0 
16515.0 43506.0 
16571.0 42556.0 
Remove random   Add new
push: 55 pull: 165
Final PF: 
16990.0 41568.0 
17516.0 41173.0 
18016.0 41074.0 
21342.0 40064.0 
21708.0 39975.0 
24516.0 39972.0 
24592.0 39916.0 
24820.0 39889.0 
28763.0 39632.0 
31937.0 39629.0 
42608.0 39347.0 
16816.0 41612.0 
32934.0 39511.0 
36108.0 39508.0 
18092.0 40466.0 
18545.0 40444.0 
18596.0 40337.0 
19912.0 40313.0 
21266.0 40310.0 
25513.0 39758.0 
28687.0 39757.0 
32013.0 39573.0 
36184.0 39399.0 
16515.0 43506.0 
16571.0 42556.0 
Remove random   Add random
push: 23 pull: 107
Final PF: 
16122.0 43784.0 
16156.0 42980.0 
16990.0 41387.0 
18016.0 41053.0 
18596.0 40337.0 
21342.0 40064.0 
21708.0 39975.0 
24516.0 39972.0 
25513.0 39758.0 
28763.0 39632.0 
31937.0 39629.0 
32013.0 39573.0 
36108.0 39508.0 
16571.0 42326.0 
16816.0 41547.0 
17171.0 41376.0 
17516.0 41152.0 
27894.0 39757.0 
32934.0 39511.0 
18092.0 40466.0 
18545.0 40444.0 
19912.0 40313.0 
21266.0 40310.0 
36184.0 39399.0 
24592.0 39915.0 
24820.0 39865.0 
40355.0 39303.0 
Remove random   Add best
push: 48 pull: 142
Final PF: 
16816.0 41431.0 
17516.0 41173.0 
18016.0 41074.0 
21342.0 40064.0 
21708.0 39975.0 
24516.0 39972.0 
24592.0 39916.0 
24820.0 39889.0 
28763.0 39632.0 
31937.0 39629.0 
42608.0 39347.0 
36108.0 39508.0 
18092.0 40466.0 
18545.0 40444.0 
18596.0 40337.0 
19912.0 40313.0 
21266.0 40310.0 
25513.0 39758.0 
28687.0 39757.0 
32013.0 39573.0 
32934.0 39525.0 
36184.0 39399.0 
16515.0 43506.0 
16571.0 42556.0 
Remove random   Add diversity
push: 38 pull: 130
Final PF: 
16122.0 43784.0 
21342.0 40064.0 
21708.0 39975.0 
24516.0 39972.0 
28763.0 39632.0 
31937.0 39629.0 
36108.0 39508.0 
36184.0 39399.0 
40355.0 39303.0 
16515.0 41515.0 
16595.0 41120.0 
17095.0 41021.0 
27894.0 39757.0 
28687.0 39754.0 
32934.0 39511.0 
16156.0 42822.0 
16495.0 42723.0 
18092.0 40466.0 
18545.0 40444.0 
18596.0 40337.0 
19912.0 40313.0 
21266.0 40310.0 
25513.0 39758.0 
32013.0 39573.0 
17171.0 40744.0 
24592.0 39915.0 
24820.0 39865.0 
Remove worst   Add new
push: 49 pull: 144
Final PF: 
16990.0 41568.0 
17516.0 41173.0 
18016.0 41074.0 
21342.0 40064.0 
21708.0 39975.0 
24516.0 39972.0 
24592.0 39916.0 
24820.0 39865.0 
28763.0 39632.0 
31937.0 39629.0 
42684.0 39291.0 
16816.0 41612.0 
32934.0 39511.0 
36108.0 39508.0 
18092.0 40466.0 
18545.0 40444.0 
18596.0 40337.0 
19912.0 40313.0 
21266.0 40310.0 
25513.0 39758.0 
28687.0 39757.0 
32013.0 39573.0 
36184.0 39399.0 
39434.0 39340.0 
40355.0 39303.0 
43605.0 39244.0 
16515.0 43506.0 
16571.0 42556.0 
Remove worst   Add random
push: 18 pull: 81
Final PF: 
21342.0 40064.0 
21708.0 39975.0 
24516.0 39972.0 
24592.0 39916.0 
24820.0 39865.0 
25513.0 39758.0 
28763.0 39632.0 
31937.0 39629.0 
36184.0 39386.0 
42684.0 39291.0 
43605.0 39244.0 
17171.0 40896.0 
18092.0 40466.0 
27894.0 39757.0 
28687.0 39754.0 
32934.0 39511.0 
36108.0 39508.0 
16515.0 41448.0 
16595.0 41053.0 
17095.0 40954.0 
18545.0 40444.0 
18596.0 40337.0 
19912.0 40313.0 
21266.0 40310.0 
32013.0 39573.0 
39434.0 39327.0 
40355.0 39303.0 
46855.0 39118.0 
Remove worst   Add best
push: 42 pull: 137
Final PF: 
16816.0 41366.0 
17516.0 41134.0 
21342.0 40064.0 
21708.0 39975.0 
24516.0 39972.0 
24592.0 39916.0 
24820.0 39865.0 
28763.0 39632.0 
31937.0 39629.0 
42684.0 39291.0 
18092.0 40466.0 
32934.0 39511.0 
36108.0 39508.0 
18016.0 41053.0 
18545.0 40444.0 
18596.0 40337.0 
19912.0 40313.0 
21266.0 40310.0 
25513.0 39758.0 
28687.0 39757.0 
32013.0 39573.0 
36184.0 39399.0 
39358.0 39398.0 
39434.0 39340.0 
40355.0 39303.0 
43605.0 39244.0 
16515.0 43506.0 
16571.0 42556.0 
Remove worst   Add diversity
push: 25 pull: 99
Final PF: 
21342.0 40064.0 
21708.0 39975.0 
24516.0 39972.0 
24592.0 39916.0 
24820.0 39865.0 
28763.0 39632.0 
31937.0 39629.0 
36184.0 39386.0 
39434.0 39340.0 
42684.0 39291.0 
16515.0 41515.0 
16595.0 41120.0 
17095.0 41021.0 
28687.0 39754.0 
32934.0 39511.0 
36108.0 39508.0 
18092.0 40466.0 
18545.0 40444.0 
18596.0 40337.0 
19912.0 40313.0 
21266.0 40310.0 
25513.0 39758.0 
32013.0 39573.0 
27894.0 39757.0 
40355.0 39302.0 
43605.0 39177.0 
46855.0 39118.0 
linkage migration
push: 18 pull: 79
Final PF: 
18092.0 40466.0 
18545.0 40444.0 
18596.0 40337.0 
19912.0 40313.0 
21266.0 40310.0 
21342.0 40064.0 
21708.0 39975.0 
24516.0 39972.0 
24592.0 39916.0 
25513.0 39758.0 
28687.0 39755.0 
28763.0 39632.0 
31937.0 39629.0 
36184.0 39386.0 
40355.0 39302.0 
43529.0 39300.0 
16515.0 41267.0 
16595.0 41035.0 
17095.0 40954.0 
17171.0 40768.0 
32013.0 39573.0 
36108.0 39508.0 
24820.0 39865.0 
32934.0 39512.0 
39434.0 39327.0 
54276.0 39036.0 
16023.0 42375.0 
16156.0 41932.0 
43605.0 39176.0 



---------------------------------------
Quality Indicator Results: 

for each remove method 
Remove random   


 GD: 
47619.253
47358.929
47725.759
47469.333


 D1R: 
44326.263
44326.263
44326.263
44214.441
DCI: 
0.58
0.741
0.543
1.0


 IGD: 
225.405
88.251
219.94
0.0


 HV: 
0.983
0.99
0.984
1.0


Remove worst   


 GD: 
48613.441
49171.55
48988.43
49355.509


 D1R: 
44326.263
44280.276
44326.263
44326.263
DCI: 
0.631
0.952
0.631
0.821


 IGD: 
214.404
2.429
204.092
12.868


 HV: 
0.99
1.0
0.991
1.0



---------------------------------------
for each add method
Add new


 GD: 
47619.253
48613.441


 D1R: 
44326.263
44326.263
DCI: 
0.821
1.0


 IGD: 
205.402
0.0


 HV: 
0.997
1.0


Add random


 GD: 
47358.929
49171.55


 D1R: 
44326.263
44280.276
DCI: 
0.667
0.922


 IGD: 
287.936
135.977


 HV: 
0.993
1.0


Add best


 GD: 
47725.759
48988.43


 D1R: 
44326.263
44326.263
DCI: 
0.643
1.0


 IGD: 
328.105
0.0


 HV: 
0.995
1.0


Add diversity


 GD: 
47469.333
49355.509


 D1R: 
44214.441
44326.263
DCI: 
0.828
0.86


 IGD: 
217.241
171.82


 HV: 
1.0
0.999



---------------------------------------
 results for all together 

Remove nothing   Add nothing
Remove random   Add new
Remove random   Add random
Remove random   Add best
Remove random   Add diversity
Remove worst   Add new
Remove worst   Add random
Remove worst   Add best
Remove worst   Add diversity
Linkage migration


 GD: 
47620.227
47619.253
47358.929
47725.759
47469.333
48613.441
49171.55
48988.43
49355.509
49123.382


 D1R: 
44326.263
44326.263
44326.263
44326.263
44214.441
44326.263
44280.276
44326.263
44326.263
44236.558
DCI: 
0.441
0.473
0.57
0.441
0.634
0.559
0.753
0.559
0.72
0.839


 IGD: 
502.068
501.068
539.63
492.75
478.514
251.861
69.103
238.813
72.088
163.852


 HV: 
0.973
0.973
0.981
0.974
0.987
0.982
0.995
0.983
0.995
1.0


---------------------------------------
 actions for all together 

59 0
55 165
23 107
48 142
38 130
49 144
18 81
42 137
25 99
18 79

