seeds 1037 factoryScale7 numberOfIslands5 numberOfReplacement1 notImprovedInARow 3

remove and add nothing
push: 58 pull: 0
Final PF: 
21708.0 39975.0 
24516.0 39972.0 
24592.0 39916.0 
24820.0 39905.0 
28763.0 39672.0 
32013.0 39613.0 
16816.0 41742.0 
16956.0 41631.0 
25513.0 39846.0 
16990.0 41461.0 
18092.0 40531.0 
18545.0 40509.0 
18596.0 40402.0 
19912.0 40378.0 
21266.0 40377.0 
21657.0 40171.0 
16515.0 43052.0 
16571.0 41943.0 
17171.0 40993.0 
21342.0 40182.0 
50105.0 39351.0 
54276.0 39245.0 
36184.0 39410.0 
Remove random   Add new
push: 52 pull: 157
Final PF: 
16290.0 52328.0 
21708.0 39975.0 
24516.0 39972.0 
24592.0 39916.0 
24820.0 39905.0 
28763.0 39632.0 
32013.0 39613.0 
16816.0 41742.0 
16956.0 41631.0 
25513.0 39846.0 
16990.0 41461.0 
18092.0 40531.0 
18545.0 40509.0 
18596.0 40402.0 
19912.0 40378.0 
21266.0 40377.0 
21657.0 40171.0 
16515.0 42833.0 
16571.0 41785.0 
17171.0 40835.0 
21342.0 40182.0 
28687.0 39814.0 
50105.0 39351.0 
54276.0 39245.0 
36184.0 39410.0 
Remove random   Add random
push: 16 pull: 95
Final PF: 
16571.0 41943.0 
16956.0 41540.0 
16990.0 41461.0 
18092.0 40531.0 
18596.0 40377.0 
21708.0 39975.0 
24516.0 39972.0 
24592.0 39916.0 
24820.0 39889.0 
31937.0 39631.0 
32013.0 39573.0 
50105.0 39351.0 
54276.0 39245.0 
25513.0 39846.0 
16515.0 42991.0 
18545.0 40509.0 
21342.0 40129.0 
17171.0 40993.0 
16816.0 41681.0 
28763.0 39632.0 
36184.0 39386.0 
Remove random   Add best
push: 42 pull: 132
Final PF: 
16990.0 41396.0 
17171.0 40835.0 
21708.0 39975.0 
24516.0 39972.0 
24592.0 39916.0 
24820.0 39905.0 
28763.0 39672.0 
32013.0 39613.0 
16956.0 41631.0 
16816.0 41651.0 
18092.0 40466.0 
18545.0 40444.0 
18596.0 40337.0 
19912.0 40313.0 
21266.0 40312.0 
21342.0 40088.0 
16515.0 42833.0 
16571.0 41785.0 
25513.0 39836.0 
28687.0 39833.0 
42684.0 39369.0 
50105.0 39351.0 
54276.0 39245.0 
36184.0 39410.0 
Remove random   Add diversity
push: 39 pull: 132
Final PF: 
21708.0 39975.0 
24516.0 39972.0 
24592.0 39916.0 
24820.0 39905.0 
28763.0 39632.0 
31937.0 39631.0 
32013.0 39573.0 
50105.0 39351.0 
16515.0 41531.0 
16595.0 41299.0 
17095.0 41236.0 
18092.0 40531.0 
18545.0 40509.0 
21342.0 40129.0 
17171.0 40835.0 
42684.0 39369.0 
54276.0 39245.0 
18596.0 40337.0 
19912.0 40313.0 
25513.0 39758.0 
36184.0 39386.0 
Remove worst   Add new
push: 55 pull: 152
Final PF: 
21708.0 39975.0 
24516.0 39972.0 
24592.0 39916.0 
24820.0 39905.0 
28763.0 39672.0 
32013.0 39613.0 
16816.0 41742.0 
16956.0 41631.0 
16990.0 41461.0 
18092.0 40531.0 
18545.0 40509.0 
18596.0 40402.0 
19912.0 40378.0 
21266.0 40377.0 
16515.0 42833.0 
16571.0 41785.0 
17171.0 40835.0 
21342.0 40142.0 
25513.0 39836.0 
42684.0 39369.0 
50105.0 39351.0 
54276.0 39245.0 
36184.0 39410.0 
Remove worst   Add random
push: 17 pull: 94
Final PF: 
17095.0 40954.0 
19912.0 40313.0 
21342.0 40064.0 
21708.0 39975.0 
24516.0 39972.0 
24592.0 39916.0 
28763.0 39632.0 
31937.0 39631.0 
42684.0 39369.0 
18545.0 40444.0 
24820.0 39889.0 
16515.0 41267.0 
16595.0 41053.0 
17171.0 40768.0 
18092.0 40466.0 
18596.0 40337.0 
21266.0 40312.0 
50105.0 39351.0 
25513.0 39836.0 
54276.0 39245.0 
32013.0 39573.0 
36184.0 39410.0 
Remove worst   Add best
push: 46 pull: 135
Final PF: 
17171.0 40835.0 
21708.0 39975.0 
24516.0 39972.0 
24592.0 39916.0 
16956.0 41631.0 
16816.0 41651.0 
16990.0 41396.0 
18092.0 40466.0 
18545.0 40444.0 
18596.0 40337.0 
19912.0 40313.0 
21266.0 40312.0 
16515.0 42833.0 
16571.0 41785.0 
25513.0 39836.0 
42684.0 39369.0 
50105.0 39351.0 
54276.0 39245.0 
21342.0 40064.0 
24820.0 39889.0 
28763.0 39632.0 
32013.0 39573.0 
36184.0 39410.0 
Remove worst   Add diversity
push: 32 pull: 117
Final PF: 
21708.0 39975.0 
24516.0 39972.0 
28763.0 39632.0 
31937.0 39631.0 
32013.0 39573.0 
50105.0 39351.0 
16816.0 41681.0 
16956.0 41570.0 
16990.0 41396.0 
18092.0 40466.0 
18545.0 40444.0 
18596.0 40337.0 
19912.0 40313.0 
21266.0 40312.0 
21342.0 40064.0 
36184.0 39386.0 
16515.0 42991.0 
16571.0 41792.0 
17171.0 40744.0 
42684.0 39369.0 
54276.0 39245.0 
24592.0 39915.0 
24820.0 39889.0 
25513.0 39758.0 
linkage migration
push: 15 pull: 62
Final PF: 
16023.0 44314.0 
16256.0 43963.0 
18092.0 40466.0 
18596.0 40337.0 
19912.0 40313.0 
21266.0 40310.0 
21342.0 40064.0 
21708.0 39975.0 
24516.0 39972.0 
24592.0 39916.0 
25513.0 39758.0 
31937.0 39629.0 
36184.0 39386.0 
16290.0 43229.0 
18545.0 40444.0 
27894.0 39757.0 
28763.0 39631.0 
32934.0 39525.0 
32013.0 39572.0 
36108.0 39510.0 
39358.0 39385.0 
39434.0 39327.0 
40355.0 39303.0 
43529.0 39278.0 
17171.0 40744.0 
24820.0 39889.0 
43605.0 39153.0 
46855.0 39118.0 
16515.0 41267.0 
16595.0 41035.0 
17095.0 40954.0 



---------------------------------------
Quality Indicator Results: 

for each remove method 
Remove random   


 GD: 
48266.446
48455.062
48491.89
48972.093


 D1R: 
44298.312
44385.611
44298.312
44298.312
DCI: 
0.348
0.435
0.565
0.739


 IGD: 
352.198
818.434
462.26
486.283


 HV: 
0.997
0.998
0.998
1.0


Remove worst   


 GD: 
48487.088
48776.809
48461.709
48561.431


 D1R: 
44298.312
44236.558
44298.312
44214.441
DCI: 
0.258
0.849
0.667
0.864


 IGD: 
90.603
5.773
65.539
56.303


 HV: 
0.991
1.0
0.996
1.0



---------------------------------------
for each add method
Add new


 GD: 
48266.446
48487.088


 D1R: 
44298.312
44298.312
DCI: 
0.88
0.88


 IGD: 
262.005
387.949


 HV: 
1.0
1.0


Add random


 GD: 
48455.062
48776.809


 D1R: 
44385.611
44236.558
DCI: 
0.455
0.955


 IGD: 
438.677
1.091


 HV: 
0.993
1.0


Add best


 GD: 
48491.89
48461.709


 D1R: 
44298.312
44298.312
DCI: 
0.833
0.958


 IGD: 
5.0
8.954


 HV: 
0.997
1.0


Add diversity


 GD: 
48972.093
48561.431


 D1R: 
44298.312
44214.441
DCI: 
0.712
0.864


 IGD: 
22.78
39.321


 HV: 
1.0
0.999



---------------------------------------
 results for all together 

Remove nothing   Add nothing
Remove random   Add new
Remove random   Add random
Remove random   Add best
Remove random   Add diversity
Remove worst   Add new
Remove worst   Add random
Remove worst   Add best
Remove worst   Add diversity
Linkage migration


 GD: 
47970.139
48266.446
48455.062
48491.89
48972.093
48487.088
48776.809
48461.709
48561.431
49158.418


 D1R: 
44385.611
44298.312
44385.611
44298.312
44298.312
44298.312
44236.558
44298.312
44214.441
44214.441
DCI: 
0.086
0.108
0.194
0.215
0.258
0.086
0.387
0.323
0.43
0.989


 IGD: 
1011.583
1023.935
1054.401
571.095
682.504
588.646
679.89
570.265
549.911
0.033


 HV: 
0.981
0.982
0.982
0.983
0.985
0.982
0.984
0.983
0.984
1.0


---------------------------------------
 actions for all together 

58 0
52 157
16 95
42 132
39 132
55 152
17 94
46 135
32 117
15 62

