seeds 1014 factoryScale6 numberOfIslands5 numberOfReplacement1 notImprovedInARow 3

remove and add nothing
push: 56 pull: 0
Final PF: 
18596.0 40367.0 
19912.0 40343.0 
21266.0 40340.0 
21708.0 40053.0 
24516.0 40039.0 
25513.0 39836.0 
28763.0 39710.0 
36184.0 39466.0 
39434.0 39340.0 
40355.0 39303.0 
43605.0 39177.0 
46855.0 39141.0 
50105.0 39082.0 
16515.0 41448.0 
16595.0 41053.0 
17095.0 40954.0 
18092.0 40544.0 
18545.0 40522.0 
17171.0 40744.0 
21342.0 40064.0 
24592.0 39915.0 
24820.0 39908.0 
32013.0 39572.0 
35187.0 39571.0 
Remove random   Add new
push: 48 pull: 148
Final PF: 
18596.0 40337.0 
19912.0 40313.0 
21266.0 40310.0 
21708.0 39975.0 
24516.0 39974.0 
25513.0 39758.0 
28763.0 39632.0 
36184.0 39386.0 
39358.0 39385.0 
32934.0 39525.0 
39434.0 39340.0 
40355.0 39303.0 
43605.0 39177.0 
46855.0 39141.0 
50105.0 39082.0 
18092.0 40531.0 
18545.0 40509.0 
17171.0 40744.0 
21342.0 40064.0 
24592.0 39915.0 
24820.0 39889.0 
32013.0 39572.0 
16515.0 41448.0 
16595.0 41053.0 
17095.0 40954.0 
Remove random   Add random
push: 22 pull: 105
Final PF: 
16515.0 41267.0 
17095.0 40954.0 
18596.0 40337.0 
25513.0 39782.0 
32934.0 39512.0 
36108.0 39511.0 
36184.0 39466.0 
40355.0 39303.0 
21342.0 40064.0 
24592.0 39915.0 
39434.0 39340.0 
43605.0 39177.0 
46855.0 39141.0 
50105.0 39082.0 
16595.0 41035.0 
17171.0 40744.0 
18092.0 40466.0 
18545.0 40444.0 
19912.0 40313.0 
21266.0 40312.0 
21708.0 39975.0 
24516.0 39974.0 
28763.0 39632.0 
24820.0 39908.0 
32013.0 39572.0 
28687.0 39779.0 
Remove random   Add best
push: 50 pull: 151
Final PF: 
16595.0 41053.0 
18596.0 40337.0 
19912.0 40313.0 
21266.0 40310.0 
21708.0 39975.0 
24516.0 39974.0 
25513.0 39758.0 
28763.0 39632.0 
36184.0 39386.0 
39358.0 39385.0 
32934.0 39525.0 
39434.0 39340.0 
40355.0 39303.0 
43605.0 39177.0 
46855.0 39141.0 
50105.0 39082.0 
16515.0 41267.0 
17095.0 40954.0 
17171.0 40744.0 
21342.0 40064.0 
24592.0 39915.0 
24820.0 39908.0 
32013.0 39572.0 
18092.0 40544.0 
18545.0 40522.0 
Remove random   Add diversity
push: 36 pull: 128
Final PF: 
18596.0 40337.0 
19912.0 40313.0 
21266.0 40310.0 
25513.0 39758.0 
36184.0 39386.0 
39358.0 39385.0 
40355.0 39303.0 
21708.0 39975.0 
28687.0 39755.0 
28763.0 39631.0 
32934.0 39525.0 
39434.0 39340.0 
43605.0 39177.0 
46855.0 39141.0 
50105.0 39082.0 
18092.0 40466.0 
18545.0 40444.0 
21342.0 40064.0 
17171.0 40744.0 
24592.0 39915.0 
24820.0 39908.0 
32013.0 39572.0 
16515.0 41448.0 
16595.0 41053.0 
17095.0 40954.0 
Remove worst   Add new
push: 47 pull: 138
Final PF: 
18596.0 40337.0 
19912.0 40313.0 
21266.0 40310.0 
21708.0 39975.0 
24516.0 39974.0 
25513.0 39758.0 
36184.0 39386.0 
39358.0 39385.0 
28763.0 39631.0 
32934.0 39525.0 
39434.0 39340.0 
40355.0 39303.0 
43605.0 39177.0 
46855.0 39141.0 
50105.0 39082.0 
17171.0 40744.0 
21342.0 40064.0 
24592.0 39915.0 
24820.0 39889.0 
32013.0 39572.0 
16515.0 41448.0 
16595.0 41053.0 
17095.0 40954.0 
18092.0 40466.0 
18545.0 40444.0 
Remove worst   Add random
push: 21 pull: 98
Final PF: 
16595.0 41035.0 
17095.0 40954.0 
18596.0 40337.0 
19912.0 40313.0 
21266.0 40310.0 
21708.0 39975.0 
24516.0 39974.0 
25513.0 39758.0 
32013.0 39572.0 
32934.0 39525.0 
36184.0 39386.0 
39358.0 39385.0 
43605.0 39153.0 
50105.0 39082.0 
27894.0 39757.0 
28763.0 39631.0 
39434.0 39340.0 
40355.0 39279.0 
46855.0 39094.0 
17171.0 40744.0 
21342.0 40064.0 
24820.0 39889.0 
16515.0 41267.0 
18092.0 40466.0 
24592.0 39915.0 
31937.0 39630.0 
36108.0 39523.0 
18545.0 40444.0 
28687.0 39755.0 
Remove worst   Add best
push: 45 pull: 138
Final PF: 
16595.0 41053.0 
18596.0 40337.0 
19912.0 40313.0 
21266.0 40310.0 
21708.0 39975.0 
24516.0 39974.0 
25513.0 39758.0 
36184.0 39386.0 
39358.0 39385.0 
28763.0 39631.0 
32934.0 39525.0 
39434.0 39340.0 
40355.0 39303.0 
43605.0 39177.0 
46855.0 39141.0 
50105.0 39082.0 
16515.0 41267.0 
17095.0 40954.0 
17171.0 40744.0 
21342.0 40064.0 
24592.0 39915.0 
24820.0 39889.0 
32013.0 39572.0 
18092.0 40466.0 
18545.0 40444.0 
Remove worst   Add diversity
push: 27 pull: 108
Final PF: 
16595.0 41035.0 
18596.0 40337.0 
19912.0 40313.0 
21266.0 40310.0 
21708.0 39975.0 
25513.0 39758.0 
36184.0 39386.0 
39358.0 39385.0 
43605.0 39153.0 
46779.0 39152.0 
50105.0 39082.0 
28763.0 39631.0 
32013.0 39572.0 
39434.0 39340.0 
40355.0 39279.0 
46855.0 39094.0 
18092.0 40466.0 
18545.0 40444.0 
21342.0 40064.0 
32934.0 39512.0 
17171.0 40744.0 
24592.0 39915.0 
24820.0 39889.0 
27894.0 39757.0 
28687.0 39755.0 
31937.0 39630.0 
16515.0 41448.0 
17095.0 40954.0 
24516.0 39972.0 
36108.0 39509.0 
linkage migration
push: 12 pull: 73
Final PF: 
16515.0 41267.0 
16595.0 41035.0 
17095.0 40954.0 
18596.0 40337.0 
19912.0 40313.0 
21266.0 40310.0 
21708.0 39975.0 
25513.0 39758.0 
28687.0 39755.0 
31937.0 39630.0 
32934.0 39512.0 
36184.0 39386.0 
46855.0 39141.0 
16494.0 44324.0 
21342.0 40064.0 
24516.0 39972.0 
24592.0 39915.0 
27894.0 39757.0 
28763.0 39631.0 
36108.0 39511.0 
39434.0 39340.0 
40355.0 39279.0 
43605.0 39153.0 
50105.0 39082.0 
18092.0 40466.0 
18545.0 40444.0 
24820.0 39865.0 
39358.0 39385.0 
17171.0 40744.0 
32013.0 39572.0 
54276.0 39059.0 
57526.0 39000.0 



---------------------------------------
Quality Indicator Results: 

for each remove method 
Remove random   


 GD: 
49439.707
49333.293
49434.576
49520.843


 D1R: 
44214.441
44214.441
44214.441
44214.441
DCI: 
0.728
0.765
0.728
0.778


 IGD: 
23.477
8.827
18.44
17.537


 HV: 
1.0
0.995
1.0
1.0


Remove worst   


 GD: 
49434.937
49574.048
49428.213
49959.824


 D1R: 
44214.441
44214.441
44214.441
44214.441
DCI: 
0.6
0.867
0.633
0.967


 IGD: 
54.984
4.153
48.95
6.033


 HV: 
0.994
1.0
0.994
1.0



---------------------------------------
for each add method
Add new


 GD: 
49439.707
49434.937


 D1R: 
44214.441
44214.441
DCI: 
0.907
1.0


 IGD: 
5.24
0.0


 HV: 
0.999
1.0


Add random


 GD: 
49333.293
49574.048


 D1R: 
44214.441
44214.441
DCI: 
0.609
0.931


 IGD: 
42.146
0.862


 HV: 
0.989
1.0


Add best


 GD: 
49434.576
49428.213


 D1R: 
44214.441
44214.441
DCI: 
0.867
1.0


 IGD: 
7.04
0.0


 HV: 
0.999
1.0


Add diversity


 GD: 
49520.843
49959.824


 D1R: 
44214.441
44214.441
DCI: 
0.633
1.0


 IGD: 
44.999
0.0


 HV: 
0.994
1.0



---------------------------------------
 results for all together 

Remove nothing   Add nothing
Remove random   Add new
Remove random   Add random
Remove random   Add best
Remove random   Add diversity
Remove worst   Add new
Remove worst   Add random
Remove worst   Add best
Remove worst   Add diversity
Linkage migration


 GD: 
49260.422
49439.707
49333.293
49434.576
49520.843
49434.937
49574.048
49428.213
49959.824
50665.598


 D1R: 
44214.441
44214.441
44214.441
44214.441
44214.441
44214.441
44214.441
44214.441
44214.441
44214.441
DCI: 
0.212
0.444
0.475
0.475
0.545
0.515
0.758
0.545
0.848
0.909


 IGD: 
320.054
276.583
267.349
277.989
268.816
272.52
230.523
272.52
226.629
3.931


 HV: 
0.992
0.998
0.997
0.998
0.998
0.998
1.0
0.998
1.0
1.0


---------------------------------------
 actions for all together 

56 0
48 148
22 105
50 151
36 128
47 138
21 98
45 138
27 108
12 73

