seeds 1021 factoryScale4 numberOfIslands5 numberOfReplacement1 notImprovedInARow 3

remove and add nothing
push: 56 pull: 0
Final PF: 
32934.0 39525.0 
39434.0 39339.0 
43605.0 39177.0 
46855.0 39117.0 
16256.0 46232.0 
18596.0 40337.0 
19912.0 40313.0 
21266.0 40310.0 
21342.0 40064.0 
21708.0 39975.0 
24516.0 39974.0 
28763.0 39632.0 
36184.0 39386.0 
18092.0 40466.0 
18545.0 40444.0 
24592.0 39916.0 
24820.0 39884.0 
25513.0 39758.0 
32013.0 39573.0 
16515.0 41448.0 
16595.0 41053.0 
17095.0 40954.0 
17171.0 40768.0 
Remove random   Add new
push: 54 pull: 157
Final PF: 
32934.0 39525.0 
39434.0 39339.0 
43605.0 39177.0 
46855.0 39117.0 
16256.0 46232.0 
18596.0 40337.0 
19912.0 40313.0 
21266.0 40310.0 
21342.0 40064.0 
21708.0 39975.0 
24516.0 39974.0 
28763.0 39632.0 
36184.0 39386.0 
18092.0 40466.0 
18545.0 40444.0 
24592.0 39916.0 
24820.0 39884.0 
25513.0 39758.0 
32013.0 39573.0 
16515.0 41448.0 
16595.0 41053.0 
17095.0 40954.0 
17171.0 40768.0 
Remove random   Add random
push: 23 pull: 112
Final PF: 
16023.0 42471.0 
17095.0 40954.0 
18092.0 40466.0 
18545.0 40444.0 
18596.0 40337.0 
21342.0 40064.0 
21708.0 39975.0 
24516.0 39972.0 
25513.0 39758.0 
39434.0 39339.0 
43605.0 39177.0 
46855.0 39117.0 
16595.0 41053.0 
19912.0 40313.0 
21266.0 40310.0 
28763.0 39632.0 
32934.0 39512.0 
36184.0 39386.0 
16156.0 42020.0 
16515.0 41448.0 
17171.0 40768.0 
24592.0 39916.0 
24820.0 39884.0 
32013.0 39573.0 
Remove random   Add best
push: 49 pull: 146
Final PF: 
16595.0 41053.0 
17095.0 40954.0 
39434.0 39339.0 
43605.0 39177.0 
46855.0 39117.0 
16256.0 46232.0 
18596.0 40337.0 
19912.0 40313.0 
21266.0 40310.0 
21342.0 40064.0 
21708.0 39975.0 
24516.0 39974.0 
25513.0 39758.0 
28763.0 39632.0 
32934.0 39512.0 
36108.0 39511.0 
36184.0 39386.0 
16515.0 41448.0 
18092.0 40466.0 
18545.0 40444.0 
24592.0 39916.0 
24820.0 39884.0 
32013.0 39573.0 
17171.0 40768.0 
Remove random   Add diversity
push: 36 pull: 125
Final PF: 
16256.0 46232.0 
39434.0 39326.0 
43605.0 39153.0 
46855.0 39093.0 
16515.0 41267.0 
16595.0 41035.0 
17095.0 40954.0 
18092.0 40466.0 
18596.0 40337.0 
19912.0 40313.0 
21266.0 40310.0 
21342.0 40064.0 
21708.0 39975.0 
24516.0 39974.0 
25513.0 39758.0 
28763.0 39632.0 
32934.0 39512.0 
36108.0 39511.0 
36184.0 39386.0 
16290.0 43500.0 
18545.0 40444.0 
24592.0 39916.0 
24820.0 39884.0 
28687.0 39757.0 
31937.0 39631.0 
32013.0 39573.0 
17171.0 40768.0 
54276.0 39012.0 
Remove worst   Add new
push: 45 pull: 120
Final PF: 
32934.0 39512.0 
36184.0 39386.0 
39434.0 39339.0 
40355.0 39279.0 
43605.0 39153.0 
46855.0 39117.0 
16256.0 46232.0 
18092.0 40466.0 
18545.0 40444.0 
18596.0 40337.0 
19912.0 40313.0 
21266.0 40310.0 
21342.0 40064.0 
21708.0 39975.0 
24516.0 39974.0 
25513.0 39758.0 
28763.0 39632.0 
31937.0 39631.0 
24592.0 39916.0 
24820.0 39884.0 
32013.0 39573.0 
16515.0 41448.0 
16595.0 41053.0 
17095.0 40954.0 
17171.0 40768.0 
Remove worst   Add random
push: 25 pull: 92
Final PF: 
16595.0 41035.0 
18092.0 40466.0 
18545.0 40444.0 
18596.0 40337.0 
19912.0 40313.0 
21708.0 39975.0 
25513.0 39758.0 
32934.0 39512.0 
36184.0 39386.0 
39434.0 39339.0 
40355.0 39279.0 
43605.0 39153.0 
46855.0 39117.0 
16256.0 46232.0 
16515.0 41267.0 
17095.0 40954.0 
17171.0 40768.0 
21266.0 40310.0 
21342.0 40064.0 
24516.0 39974.0 
24592.0 39916.0 
28763.0 39632.0 
31937.0 39631.0 
24820.0 39884.0 
28687.0 39757.0 
32013.0 39573.0 
Remove worst   Add best
push: 44 pull: 121
Final PF: 
16595.0 41035.0 
32934.0 39512.0 
36184.0 39386.0 
39434.0 39339.0 
40355.0 39279.0 
43605.0 39153.0 
46855.0 39117.0 
16256.0 46232.0 
18092.0 40466.0 
18545.0 40444.0 
18596.0 40337.0 
19912.0 40313.0 
21266.0 40310.0 
21342.0 40064.0 
21708.0 39975.0 
24516.0 39974.0 
25513.0 39758.0 
28763.0 39632.0 
31937.0 39631.0 
16515.0 41267.0 
17171.0 40768.0 
24592.0 39916.0 
24820.0 39884.0 
32013.0 39573.0 
17095.0 40954.0 
Remove worst   Add diversity
push: 28 pull: 97
Final PF: 
16156.0 42829.0 
16495.0 42766.0 
32934.0 39512.0 
36108.0 39511.0 
36184.0 39386.0 
39434.0 39339.0 
40355.0 39279.0 
43605.0 39153.0 
46855.0 39117.0 
18092.0 40466.0 
18545.0 40444.0 
18596.0 40337.0 
19912.0 40313.0 
21266.0 40310.0 
21342.0 40064.0 
21708.0 39975.0 
24516.0 39972.0 
25513.0 39758.0 
28763.0 39632.0 
31937.0 39631.0 
32013.0 39573.0 
24592.0 39916.0 
24820.0 39884.0 
16515.0 41267.0 
16595.0 41035.0 
17095.0 40954.0 
17171.0 40768.0 
28687.0 39757.0 
linkage migration
push: 17 pull: 76
Final PF: 
16023.0 42375.0 
16156.0 41932.0 
18596.0 40337.0 
19912.0 40313.0 
21708.0 39975.0 
24592.0 39916.0 
36184.0 39386.0 
39434.0 39339.0 
43605.0 39153.0 
46855.0 39117.0 
18092.0 40466.0 
18545.0 40444.0 
21266.0 40310.0 
21342.0 40064.0 
24516.0 39972.0 
25513.0 39758.0 
28687.0 39755.0 
28763.0 39632.0 
31937.0 39629.0 
32013.0 39573.0 
39358.0 39383.0 
42684.0 39328.0 
24820.0 39865.0 
27894.0 39757.0 
32934.0 39524.0 
16515.0 41334.0 
51026.0 39095.0 
16595.0 41053.0 
17095.0 40954.0 
17171.0 40768.0 



---------------------------------------
Quality Indicator Results: 

for each remove method 
Remove random   


 GD: 
48231.67
47946.744
48451.802
49136.919


 D1R: 
44236.558
44236.558
44236.558
44236.558
DCI: 
0.536
0.679
0.607
0.893


 IGD: 
91.618
24.007
85.718
70.344


 HV: 
0.992
1.0
0.992
0.996


Remove worst   


 GD: 
48660.604
48667.556
48653.212
48624.45


 D1R: 
44236.558
44236.558
44236.558
44236.558
DCI: 
0.75
0.857
0.821
1.0


 IGD: 
115.665
116.077
121.301
0.0


 HV: 
0.994
0.994
0.994
1.0



---------------------------------------
for each add method
Add new


 GD: 
48231.67
48660.604


 D1R: 
44236.558
44236.558
DCI: 
0.84
1.0


 IGD: 
42.222
0.0


 HV: 
0.998
1.0


Add random


 GD: 
47946.744
48667.556


 D1R: 
44236.558
44236.558
DCI: 
0.778
0.889


 IGD: 
51.402
79.142


 HV: 
1.0
0.991


Add best


 GD: 
48451.802
48653.212


 D1R: 
44236.558
44236.558
DCI: 
0.808
0.962


 IGD: 
47.752
5.627


 HV: 
0.999
1.0


Add diversity


 GD: 
49136.919
48624.45


 D1R: 
44236.558
44236.558
DCI: 
0.862
0.897


 IGD: 
81.743
257.198


 HV: 
0.998
1.0



---------------------------------------
 results for all together 

Remove nothing   Add nothing
Remove random   Add new
Remove random   Add random
Remove random   Add best
Remove random   Add diversity
Remove worst   Add new
Remove worst   Add random
Remove worst   Add best
Remove worst   Add diversity
Linkage migration


 GD: 
48231.67
48231.67
47946.744
48451.802
49136.919
48660.604
48667.556
48653.212
48624.45
49230.251


 D1R: 
44236.558
44236.558
44236.558
44236.558
44236.558
44236.558
44236.558
44236.558
44236.558
44236.558
DCI: 
0.452
0.452
0.516
0.516
0.71
0.548
0.613
0.613
0.677
0.742


 IGD: 
375.543
375.543
327.701
370.404
120.876
341.596
338.029
345.368
309.399
143.687


 HV: 
0.991
0.991
0.999
0.991
0.995
0.992
0.992
0.992
0.997
1.0


---------------------------------------
 actions for all together 

56 0
54 157
23 112
49 146
36 125
45 120
25 92
44 121
28 97
17 76

