seeds 1019 factoryScale6 numberOfIslands5 numberOfReplacement1 notImprovedInARow 3

remove and add nothing
push: 58 pull: 0
Final PF: 
18092.0 40466.0 
18545.0 40444.0 
25513.0 39798.0 
17516.0 41240.0 
18016.0 41159.0 
27894.0 39797.0 
28763.0 39671.0 
16023.0 43162.0 
16156.0 42719.0 
28687.0 39755.0 
32934.0 39565.0 
16816.0 42241.0 
16990.0 41442.0 
18596.0 40337.0 
19912.0 40313.0 
21342.0 40142.0 
21708.0 40053.0 
24516.0 40050.0 
24592.0 39994.0 
32013.0 39651.0 
36184.0 39439.0 
39434.0 39340.0 
Remove random   Add new
push: 53 pull: 153
Final PF: 
18092.0 40466.0 
18545.0 40444.0 
18596.0 40337.0 
19912.0 40313.0 
21266.0 40312.0 
21708.0 40042.0 
25513.0 39758.0 
17345.0 41406.0 
21342.0 40088.0 
21657.0 40071.0 
28763.0 39671.0 
16023.0 43162.0 
16156.0 42719.0 
28687.0 39755.0 
32934.0 39565.0 
16816.0 42241.0 
16990.0 41442.0 
17516.0 41228.0 
17745.0 41217.0 
18016.0 41129.0 
24592.0 39994.0 
32013.0 39651.0 
36184.0 39439.0 
39434.0 39340.0 
Remove random   Add random
push: 28 pull: 103
Final PF: 
16023.0 43162.0 
16156.0 42719.0 
16595.0 42487.0 
16956.0 41606.0 
16990.0 41417.0 
18016.0 41113.0 
18092.0 40466.0 
18545.0 40444.0 
19912.0 40313.0 
21266.0 40310.0 
25513.0 39798.0 
28687.0 39755.0 
16816.0 42176.0 
17516.0 41185.0 
21342.0 40128.0 
27894.0 39797.0 
28763.0 39671.0 
32013.0 39651.0 
32934.0 39565.0 
18596.0 40337.0 
21708.0 39975.0 
36184.0 39439.0 
39434.0 39340.0 
Remove random   Add best
push: 47 pull: 143
Final PF: 
16990.0 41442.0 
18092.0 40466.0 
18545.0 40444.0 
18596.0 40337.0 
19912.0 40313.0 
21266.0 40312.0 
21708.0 40042.0 
25513.0 39758.0 
17345.0 41406.0 
17516.0 41240.0 
18016.0 41159.0 
21342.0 40088.0 
21657.0 40071.0 
28763.0 39671.0 
16023.0 43162.0 
16156.0 42719.0 
28687.0 39755.0 
32934.0 39565.0 
16816.0 42241.0 
24592.0 39994.0 
32013.0 39651.0 
36184.0 39439.0 
39434.0 39340.0 
Remove random   Add diversity
push: 41 pull: 119
Final PF: 
16023.0 43162.0 
16156.0 42719.0 
16515.0 42003.0 
16956.0 41773.0 
18092.0 40466.0 
18545.0 40444.0 
18596.0 40337.0 
19912.0 40313.0 
25513.0 39758.0 
36184.0 39439.0 
16990.0 41387.0 
17516.0 41155.0 
18016.0 41074.0 
21266.0 40310.0 
24516.0 39972.0 
24801.0 39971.0 
28687.0 39755.0 
31937.0 39629.0 
39434.0 39340.0 
21342.0 40064.0 
21708.0 39975.0 
28763.0 39632.0 
32934.0 39512.0 
Remove worst   Add new
push: 46 pull: 129
Final PF: 
18092.0 40466.0 
18545.0 40444.0 
18596.0 40337.0 
19912.0 40313.0 
21266.0 40310.0 
25513.0 39758.0 
16956.0 41896.0 
17345.0 41406.0 
21342.0 40088.0 
21657.0 40071.0 
21708.0 39999.0 
24592.0 39963.0 
24750.0 39946.0 
28763.0 39656.0 
32013.0 39620.0 
16023.0 43162.0 
16156.0 42719.0 
28687.0 39755.0 
32934.0 39565.0 
16816.0 42241.0 
16990.0 41442.0 
17516.0 41228.0 
17745.0 41217.0 
18016.0 41129.0 
36184.0 39439.0 
39434.0 39340.0 
Remove worst   Add random
push: 20 pull: 85
Final PF: 
16990.0 41387.0 
18092.0 40466.0 
18545.0 40444.0 
18596.0 40337.0 
19912.0 40313.0 
21657.0 40071.0 
24750.0 39946.0 
25513.0 39758.0 
32934.0 39565.0 
16956.0 41896.0 
17745.0 41162.0 
21342.0 40088.0 
21708.0 39999.0 
24516.0 39974.0 
24592.0 39963.0 
28763.0 39656.0 
32013.0 39620.0 
36184.0 39439.0 
16023.0 43162.0 
16156.0 42719.0 
17516.0 41173.0 
18016.0 41074.0 
21266.0 40310.0 
28687.0 39755.0 
16816.0 42241.0 
39434.0 39340.0 
Remove worst   Add best
push: 43 pull: 128
Final PF: 
16990.0 41442.0 
18092.0 40466.0 
18545.0 40444.0 
18596.0 40337.0 
19912.0 40313.0 
25513.0 39758.0 
16956.0 41896.0 
17345.0 41406.0 
21342.0 40088.0 
21657.0 40071.0 
21708.0 39999.0 
24592.0 39963.0 
24750.0 39946.0 
28763.0 39656.0 
32013.0 39620.0 
16023.0 43162.0 
16156.0 42719.0 
21266.0 40310.0 
28687.0 39755.0 
32934.0 39565.0 
16816.0 42241.0 
17516.0 41228.0 
17745.0 41217.0 
18016.0 41129.0 
36184.0 39439.0 
39434.0 39340.0 
Remove worst   Add diversity
push: 33 pull: 108
Final PF: 
18092.0 40466.0 
18545.0 40444.0 
18596.0 40337.0 
19912.0 40313.0 
25513.0 39758.0 
39434.0 39340.0 
16990.0 41387.0 
17516.0 41155.0 
18016.0 41074.0 
21266.0 40310.0 
24516.0 39972.0 
24592.0 39934.0 
28687.0 39755.0 
31937.0 39629.0 
16023.0 43162.0 
16156.0 42719.0 
16816.0 42176.0 
21342.0 40088.0 
21708.0 39975.0 
28763.0 39632.0 
32934.0 39512.0 
21657.0 40071.0 
32013.0 39597.0 
36184.0 39423.0 
linkage migration
push: 19 pull: 74
Final PF: 
16816.0 41687.0 
16956.0 41576.0 
16990.0 41396.0 
17516.0 41164.0 
18016.0 41083.0 
18092.0 40466.0 
18545.0 40444.0 
18596.0 40337.0 
19912.0 40313.0 
21266.0 40310.0 
21342.0 40064.0 
21708.0 39975.0 
24516.0 39972.0 
24592.0 39915.0 
24820.0 39889.0 
25513.0 39758.0 
27894.0 39757.0 
28763.0 39631.0 
32934.0 39512.0 
36108.0 39511.0 
40355.0 39279.0 
16023.0 43162.0 
16156.0 42719.0 
16595.0 42487.0 
28687.0 39755.0 
31937.0 39629.0 
39434.0 39327.0 
46855.0 39094.0 
32013.0 39573.0 
36184.0 39385.0 
43605.0 39152.0 



---------------------------------------
Quality Indicator Results: 

for each remove method 
Remove random   


 GD: 
46899.907
47058.406
46989.641
47027.275


 D1R: 
44326.263
44326.263
44326.263
44326.263
DCI: 
0.435
0.522
0.435
0.957


 IGD: 
55.988
107.221
57.814
7.261


 HV: 
0.988
0.991
0.988
1.0


Remove worst   


 GD: 
46834.025
46903.197
46834.025
47214.665


 D1R: 
44326.263
44326.263
44326.263
44326.263
DCI: 
0.52
0.6
0.52
0.96


 IGD: 
22.802
13.221
22.802
12.522


 HV: 
0.994
0.995
0.994
1.0



---------------------------------------
for each add method
Add new


 GD: 
46899.907
46834.025


 D1R: 
44326.263
44326.263
DCI: 
0.731
1.0


 IGD: 
25.364
0.0


 HV: 
0.997
1.0


Add random


 GD: 
47058.406
46903.197


 D1R: 
44326.263
44326.263
DCI: 
0.556
0.852


 IGD: 
121.154
23.752


 HV: 
0.998
1.0


Add best


 GD: 
46989.641
46834.025


 D1R: 
44326.263
44326.263
DCI: 
0.615
1.0


 IGD: 
35.831
0.0


 HV: 
0.996
1.0


Add diversity


 GD: 
47027.275
47214.665


 D1R: 
44326.263
44326.263
DCI: 
0.875
0.875


 IGD: 
7.643
31.611


 HV: 
1.0
0.998



---------------------------------------
 results for all together 

Remove nothing   Add nothing
Remove random   Add new
Remove random   Add random
Remove random   Add best
Remove random   Add diversity
Remove worst   Add new
Remove worst   Add random
Remove worst   Add best
Remove worst   Add diversity
Linkage migration


 GD: 
47290.507
46899.907
47058.406
46989.641
47027.275
46834.025
46903.197
46834.025
47214.665
48471.135


 D1R: 
44326.263
44326.263
44326.263
44326.263
44326.263
44326.263
44326.263
44326.263
44326.263
44326.263
DCI: 
0.226
0.258
0.29
0.258
0.602
0.29
0.355
0.29
0.538
0.871


 IGD: 
246.531
260.689
298.047
262.089
223.129
249.46
243.269
249.46
241.498
15.447


 HV: 
0.98
0.982
0.984
0.982
0.99
0.985
0.985
0.985
0.989
1.0


---------------------------------------
 actions for all together 

58 0
53 153
28 103
47 143
41 119
46 129
20 85
43 128
33 108
19 74

