seeds 1012 factoryScale6 numberOfIslands5 numberOfReplacement1 notImprovedInARow 3

remove and add nothing
push: 57 pull: 0
Final PF: 
24592.0 39980.0 
24820.0 39954.0 
28763.0 39697.0 
16290.0 43536.0 
18092.0 40466.0 
18545.0 40449.0 
18596.0 40337.0 
19912.0 40313.0 
21266.0 40312.0 
25513.0 39758.0 
16093.0 45874.0 
21342.0 40104.0 
21708.0 40015.0 
32934.0 39536.0 
36184.0 39464.0 
39434.0 39429.0 
16515.0 41382.0 
16595.0 41150.0 
17095.0 41087.0 
17171.0 40744.0 
Remove random   Add new
push: 52 pull: 146
Final PF: 
18092.0 40466.0 
18545.0 40449.0 
18596.0 40337.0 
19912.0 40313.0 
21266.0 40312.0 
21708.0 39975.0 
24592.0 39939.0 
25513.0 39758.0 
28763.0 39632.0 
31937.0 39631.0 
32934.0 39536.0 
16023.0 51066.0 
16093.0 45469.0 
16290.0 43385.0 
21342.0 40104.0 
16515.0 41382.0 
16595.0 41150.0 
17095.0 41087.0 
17171.0 40744.0 
36184.0 39386.0 
Remove random   Add random
push: 23 pull: 103
Final PF: 
16515.0 41382.0 
16595.0 41150.0 
18092.0 40466.0 
18596.0 40337.0 
19912.0 40313.0 
21266.0 40312.0 
21708.0 39975.0 
24592.0 39916.0 
25513.0 39758.0 
27894.0 39757.0 
28763.0 39632.0 
31937.0 39631.0 
32934.0 39536.0 
16023.0 44197.0 
16156.0 43754.0 
18545.0 40449.0 
15590.0 46866.0 
16290.0 43330.0 
17095.0 41087.0 
24820.0 39884.0 
32013.0 39596.0 
36184.0 39464.0 
39434.0 39405.0 
17171.0 40744.0 
21342.0 40104.0 
Remove random   Add best
push: 40 pull: 127
Final PF: 
16595.0 41150.0 
31937.0 39631.0 
16290.0 43536.0 
18092.0 40466.0 
18545.0 40449.0 
18596.0 40337.0 
19912.0 40313.0 
21266.0 40312.0 
21708.0 39975.0 
24516.0 39974.0 
24592.0 39939.0 
25513.0 39758.0 
28763.0 39632.0 
16515.0 41382.0 
17095.0 41069.0 
17171.0 40744.0 
32934.0 39532.0 
36184.0 39406.0 
40355.0 39279.0 
43605.0 39159.0 
16093.0 45874.0 
21342.0 40104.0 
Remove random   Add diversity
push: 38 pull: 118
Final PF: 
40355.0 39279.0 
18092.0 40466.0 
18596.0 40337.0 
19912.0 40313.0 
21266.0 40312.0 
21708.0 39975.0 
24516.0 39974.0 
24592.0 39939.0 
25513.0 39758.0 
28687.0 39757.0 
28763.0 39632.0 
31937.0 39631.0 
15590.0 46866.0 
16093.0 45414.0 
16290.0 43330.0 
32934.0 39525.0 
36184.0 39386.0 
18545.0 40444.0 
21342.0 40064.0 
16515.0 41382.0 
16595.0 41150.0 
17095.0 41087.0 
17171.0 40744.0 
Remove worst   Add new
push: 47 pull: 132
Final PF: 
36184.0 39410.0 
16290.0 43536.0 
18092.0 40466.0 
18596.0 40337.0 
19912.0 40313.0 
21266.0 40312.0 
25513.0 39758.0 
28687.0 39757.0 
32934.0 39536.0 
43605.0 39388.0 
16093.0 45874.0 
18545.0 40444.0 
21342.0 40104.0 
16515.0 41382.0 
16595.0 41150.0 
17095.0 41087.0 
17171.0 40744.0 
21708.0 39975.0 
24592.0 39939.0 
28763.0 39678.0 
32013.0 39642.0 
Remove worst   Add random
push: 19 pull: 95
Final PF: 
16290.0 43341.0 
17095.0 41087.0 
21266.0 40310.0 
21342.0 40064.0 
25513.0 39758.0 
28687.0 39757.0 
36184.0 39386.0 
16515.0 41382.0 
17171.0 40744.0 
18092.0 40466.0 
18596.0 40337.0 
19912.0 40313.0 
21708.0 39975.0 
24516.0 39974.0 
24592.0 39939.0 
28763.0 39632.0 
31937.0 39631.0 
32934.0 39535.0 
18545.0 40444.0 
16093.0 44787.0 
16595.0 41150.0 
Remove worst   Add best
push: 38 pull: 118
Final PF: 
16595.0 41150.0 
16290.0 43536.0 
18092.0 40466.0 
18596.0 40337.0 
19912.0 40313.0 
21266.0 40312.0 
25513.0 39758.0 
28687.0 39757.0 
16515.0 41382.0 
17095.0 41069.0 
17171.0 40744.0 
21708.0 39975.0 
24592.0 39939.0 
28763.0 39632.0 
32013.0 39596.0 
32934.0 39512.0 
36184.0 39386.0 
16093.0 45874.0 
18545.0 40444.0 
21342.0 40104.0 
Remove worst   Add diversity
push: 31 pull: 103
Final PF: 
36184.0 39393.0 
16290.0 43265.0 
18092.0 40466.0 
18596.0 40337.0 
19912.0 40313.0 
21266.0 40312.0 
21708.0 39975.0 
24516.0 39974.0 
25513.0 39758.0 
28687.0 39757.0 
28763.0 39632.0 
31937.0 39631.0 
15590.0 47053.0 
16093.0 45349.0 
40355.0 39303.0 
43605.0 39176.0 
18545.0 40444.0 
21342.0 40064.0 
32934.0 39525.0 
16515.0 41382.0 
16595.0 41150.0 
17095.0 41087.0 
17171.0 40744.0 
24592.0 39916.0 
linkage migration
push: 14 pull: 59
Final PF: 
18092.0 40466.0 
18545.0 40444.0 
18596.0 40337.0 
19912.0 40313.0 
21266.0 40310.0 
21342.0 40064.0 
21708.0 39975.0 
24516.0 39972.0 
25513.0 39758.0 
16070.0 46351.0 
16093.0 45414.0 
16290.0 43330.0 
16515.0 41267.0 
16595.0 41035.0 
17095.0 40972.0 
32013.0 39573.0 
40355.0 39279.0 
51026.0 39095.0 
24592.0 39915.0 
24820.0 39889.0 
27894.0 39757.0 
54276.0 39012.0 
15590.0 46739.0 
28687.0 39755.0 
39434.0 39350.0 
17171.0 40744.0 
28763.0 39631.0 
32934.0 39511.0 
36184.0 39385.0 
43605.0 39153.0 



---------------------------------------
Quality Indicator Results: 

for each remove method 
Remove random   


 GD: 
46969.373
47314.92
47645.471
47275.656


 D1R: 
44214.441
44214.441
44214.441
44214.441
DCI: 
0.444
0.704
0.556
0.704


 IGD: 
583.734
198.349
132.525
213.196


 HV: 
0.992
0.999
0.992
1.0


Remove worst   


 GD: 
47346.832
46717.138
46769.856
47750.688


 D1R: 
44214.441
44214.441
44214.441
44214.441
DCI: 
0.4
0.68
0.6
0.76


 IGD: 
261.433
279.861
293.499
28.57


 HV: 
0.996
0.999
0.998
1.0



---------------------------------------
for each add method
Add new


 GD: 
46969.373
47346.832


 D1R: 
44214.441
44214.441
DCI: 
0.905
0.714


 IGD: 
7.204
280.727


 HV: 
1.0
0.999


Add random


 GD: 
47314.92
46717.138


 D1R: 
44214.441
44214.441
DCI: 
0.787
0.68


 IGD: 
5.523
293.869


 HV: 
1.0
0.999


Add best


 GD: 
47645.471
46769.856


 D1R: 
44214.441
44214.441
DCI: 
0.792
0.833


 IGD: 
10.623
491.008


 HV: 
1.0
0.999


Add diversity


 GD: 
47275.656
47750.688


 D1R: 
44214.441
44214.441
DCI: 
0.833
0.875


 IGD: 
6.652
9.478


 HV: 
1.0
0.999



---------------------------------------
 results for all together 

Remove nothing   Add nothing
Remove random   Add new
Remove random   Add random
Remove random   Add best
Remove random   Add diversity
Remove worst   Add new
Remove worst   Add random
Remove worst   Add best
Remove worst   Add diversity
Linkage migration


 GD: 
46923.632
46969.373
47314.92
47645.471
47275.656
47346.832
46717.138
46769.856
47750.688
49230.148


 D1R: 
44214.441
44214.441
44214.441
44214.441
44214.441
44214.441
44214.441
44214.441
44214.441
44214.441
DCI: 
0.167
0.244
0.378
0.256
0.344
0.233
0.344
0.3
0.344
0.867


 IGD: 
749.355
1182.894
610.735
427.141
617.474
623.929
1183.942
1153.927
402.586
49.029


 HV: 
0.984
0.987
0.992
0.993
0.996
0.986
0.988
0.987
0.998
1.0


---------------------------------------
 actions for all together 

57 0
52 146
23 103
40 127
38 118
47 132
19 95
38 118
31 103
14 59

