seeds 1009 factoryScale10 numberOfIslands5 numberOfReplacement1 notImprovedInARow 3

remove and add nothing
push: 57 pull: 0
Final PF: 
18092.0 40466.0 
18545.0 40444.0 
18596.0 40337.0 
27894.0 39757.0 
32934.0 39511.0 
16515.0 41473.0 
16595.0 41241.0 
17171.0 40835.0 
28763.0 39696.0 
31937.0 39695.0 
39434.0 39433.0 
40355.0 39303.0 
46855.0 39208.0 
21342.0 40064.0 
25513.0 39817.0 
21708.0 40040.0 
24592.0 39980.0 
32013.0 39637.0 
36184.0 39463.0 
Remove random   Add new
push: 53 pull: 151
Final PF: 
16515.0 41473.0 
16595.0 41241.0 
17171.0 40835.0 
28763.0 39696.0 
31937.0 39695.0 
39434.0 39433.0 
40355.0 39303.0 
46855.0 39208.0 
18092.0 40466.0 
18545.0 40444.0 
18596.0 40337.0 
27894.0 39757.0 
32934.0 39511.0 
21342.0 40064.0 
24592.0 39980.0 
21266.0 40310.0 
21708.0 40015.0 
24516.0 40014.0 
24820.0 39905.0 
25513.0 39798.0 
32013.0 39637.0 
36184.0 39463.0 
Remove random   Add random
push: 14 pull: 96
Final PF: 
17171.0 40835.0 
18092.0 40466.0 
21708.0 39999.0 
24750.0 39922.0 
28763.0 39656.0 
36184.0 39410.0 
39434.0 39326.0 
40355.0 39303.0 
46855.0 39208.0 
18545.0 40444.0 
18596.0 40337.0 
21342.0 40064.0 
25513.0 39798.0 
27894.0 39757.0 
32934.0 39511.0 
16515.0 41267.0 
16595.0 41035.0 
17095.0 40972.0 
17745.0 40789.0 
21266.0 40310.0 
24516.0 39972.0 
24592.0 39934.0 
24820.0 39905.0 
32013.0 39637.0 
Remove random   Add best
push: 39 pull: 132
Final PF: 
16595.0 41211.0 
17171.0 40835.0 
24750.0 39933.0 
36184.0 39450.0 
39434.0 39390.0 
40355.0 39303.0 
46855.0 39208.0 
16515.0 41443.0 
17095.0 41148.0 
18092.0 40466.0 
18545.0 40444.0 
18596.0 40337.0 
27894.0 39757.0 
32934.0 39511.0 
21342.0 40064.0 
19912.0 40313.0 
21266.0 40312.0 
21708.0 39975.0 
24592.0 39940.0 
24820.0 39889.0 
25513.0 39758.0 
28763.0 39678.0 
32013.0 39619.0 
Remove random   Add diversity
push: 31 pull: 115
Final PF: 
17171.0 40835.0 
21708.0 39975.0 
24592.0 39915.0 
28763.0 39632.0 
43605.0 39152.0 
16515.0 41443.0 
16595.0 41211.0 
17095.0 41148.0 
18092.0 40466.0 
18545.0 40444.0 
18596.0 40337.0 
19912.0 40313.0 
21342.0 40064.0 
25513.0 39758.0 
27894.0 39757.0 
32934.0 39511.0 
40355.0 39278.0 
36184.0 39385.0 
21266.0 40310.0 
24516.0 39972.0 
24820.0 39905.0 
Remove worst   Add new
push: 48 pull: 137
Final PF: 
16515.0 41473.0 
16595.0 41241.0 
17171.0 40835.0 
28763.0 39696.0 
31937.0 39695.0 
40355.0 39303.0 
46855.0 39208.0 
18092.0 40466.0 
18545.0 40444.0 
18596.0 40337.0 
27894.0 39757.0 
32934.0 39511.0 
36184.0 39398.0 
21342.0 40064.0 
25513.0 39758.0 
19912.0 40313.0 
21266.0 40310.0 
21708.0 39975.0 
24592.0 39916.0 
24820.0 39905.0 
32013.0 39637.0 
Remove worst   Add random
push: 19 pull: 86
Final PF: 
16515.0 41473.0 
16595.0 41241.0 
17171.0 40835.0 
18545.0 40444.0 
21342.0 40064.0 
21708.0 39975.0 
24516.0 39974.0 
24750.0 39922.0 
39434.0 39390.0 
40355.0 39303.0 
46855.0 39208.0 
18092.0 40466.0 
18596.0 40337.0 
19912.0 40313.0 
25513.0 39758.0 
27894.0 39757.0 
28763.0 39632.0 
32934.0 39511.0 
36184.0 39399.0 
17095.0 41178.0 
21266.0 40310.0 
24592.0 39934.0 
24820.0 39905.0 
Remove worst   Add best
push: 35 pull: 115
Final PF: 
16595.0 41150.0 
40355.0 39303.0 
46855.0 39208.0 
18092.0 40466.0 
18545.0 40444.0 
18596.0 40337.0 
27894.0 39757.0 
32934.0 39511.0 
36184.0 39398.0 
17095.0 41069.0 
17171.0 40744.0 
21342.0 40064.0 
21708.0 39975.0 
24516.0 39974.0 
25513.0 39758.0 
28763.0 39632.0 
32013.0 39596.0 
16515.0 41382.0 
19912.0 40313.0 
21266.0 40310.0 
24592.0 39915.0 
24820.0 39905.0 
Remove worst   Add diversity
push: 26 pull: 103
Final PF: 
17171.0 40835.0 
21708.0 39975.0 
24592.0 39915.0 
32934.0 39511.0 
40355.0 39303.0 
46855.0 39208.0 
18092.0 40466.0 
18545.0 40444.0 
18596.0 40337.0 
19912.0 40313.0 
21342.0 40064.0 
25513.0 39758.0 
27894.0 39757.0 
28763.0 39631.0 
24516.0 39972.0 
32013.0 39572.0 
39434.0 39366.0 
45858.0 39288.0 
36184.0 39385.0 
16515.0 41382.0 
16595.0 41150.0 
17095.0 41087.0 
21266.0 40310.0 
24820.0 39905.0 
linkage migration
push: 19 pull: 80
Final PF: 
16515.0 41382.0 
16595.0 41150.0 
17095.0 41069.0 
17171.0 40744.0 
18092.0 40466.0 
18545.0 40444.0 
18596.0 40337.0 
19912.0 40313.0 
21342.0 40064.0 
21708.0 39975.0 
24592.0 39916.0 
25513.0 39758.0 
40355.0 39278.0 
21266.0 40310.0 
24516.0 39972.0 
27894.0 39757.0 
28687.0 39755.0 
28763.0 39631.0 
32934.0 39511.0 
36184.0 39385.0 
43605.0 39153.0 
32013.0 39572.0 
39434.0 39327.0 
43529.0 39277.0 
46855.0 39093.0 
24820.0 39865.0 



---------------------------------------
Quality Indicator Results: 

for each remove method 
Remove random   


 GD: 
48586.989
48049.845
48143.531
47520.646


 D1R: 
44298.312
44263.588
44298.312
44298.312
DCI: 
0.333
0.583
0.5
0.708


 IGD: 
113.836
62.801
50.577
250.851


 HV: 
0.975
0.986
0.983
1.0


Remove worst   


 GD: 
48143.358
47967.999
47777.425
48636.642


 D1R: 
44298.312
44298.312
44214.441
44298.312
DCI: 
0.569
0.569
0.778
0.917


 IGD: 
111.7
98.551
81.807
4.542


 HV: 
0.992
0.996
0.999
1.0



---------------------------------------
for each add method
Add new


 GD: 
48586.989
48143.358


 D1R: 
44298.312
44298.312
DCI: 
0.762
1.0


 IGD: 
72.629
0.0


 HV: 
0.991
1.0


Add random


 GD: 
48049.845
47967.999


 D1R: 
44263.588
44298.312
DCI: 
0.792
0.75


 IGD: 
58.967
41.119


 HV: 
0.998
1.0


Add best


 GD: 
48143.531
47777.425


 D1R: 
44298.312
44214.441
DCI: 
0.565
0.913


 IGD: 
22.75
40.917


 HV: 
0.991
1.0


Add diversity


 GD: 
47520.646
48636.642


 D1R: 
44298.312
44298.312
DCI: 
0.768
0.913


 IGD: 
88.357
99.222


 HV: 
1.0
0.992



---------------------------------------
 results for all together 

Remove nothing   Add nothing
Remove random   Add new
Remove random   Add random
Remove random   Add best
Remove random   Add diversity
Remove worst   Add new
Remove worst   Add random
Remove worst   Add best
Remove worst   Add diversity
Linkage migration


 GD: 
48918.68
48586.989
48049.845
48143.531
47520.646
48143.358
47967.999
47777.425
48636.642
48957.635


 D1R: 
44298.312
44298.312
44263.588
44298.312
44298.312
44298.312
44298.312
44214.441
44298.312
44214.441
DCI: 
0.231
0.269
0.462
0.346
0.603
0.41
0.41
0.487
0.577
0.846


 IGD: 
379.722
357.672
328.785
297.422
107.939
331.331
327.799
316.898
210.903
13.2


 HV: 
0.967
0.97
0.981
0.978
0.995
0.979
0.983
0.986
0.987
1.0


---------------------------------------
 actions for all together 

57 0
53 151
14 96
39 132
31 115
48 137
19 86
35 115
26 103
19 80

