seeds 1007 factoryScale1 numberOfIslands5 numberOfReplacement1 notImprovedInARow 3

traditional MOEA/D
push: 11 pull: 0
Final PF: 
16023.0 42404.0 
16156.0 41967.0 
16595.0 41728.0 
16956.0 41658.0 
16990.0 41417.0 
17516.0 41185.0 
18016.0 41122.0 
18092.0 40466.0 
18545.0 40444.0 
18596.0 40337.0 
19912.0 40313.0 
21266.0 40310.0 
21342.0 40064.0 
21708.0 39975.0 
24516.0 39972.0 
24592.0 39915.0 
24820.0 39865.0 
25513.0 39758.0 
27894.0 39757.0 
28687.0 39754.0 
28763.0 39631.0 
31937.0 39629.0 
32013.0 39572.0 
32934.0 39512.0 
36184.0 39385.0 
39434.0 39326.0 
40355.0 39278.0 
43605.0 39153.0 
46779.0 39150.0 
46855.0 39094.0 
remove and add nothing
push: 56 pull: 0
Final PF: 
16816.0 41810.0 
18596.0 40337.0 
19912.0 40313.0 
21266.0 40310.0 
21708.0 39975.0 
24516.0 39974.0 
24592.0 39915.0 
25513.0 39758.0 
28763.0 39631.0 
32013.0 39572.0 
16023.0 45018.0 
16156.0 43954.0 
18092.0 40466.0 
18545.0 40449.0 
21342.0 40064.0 
24820.0 39865.0 
35187.0 39570.0 
35263.0 39537.0 
38437.0 39536.0 
39434.0 39391.0 
42684.0 39331.0 
16515.0 42450.0 
16519.0 42387.0 
16595.0 41945.0 
16990.0 41396.0 
17516.0 41164.0 
18016.0 41101.0 
Remove random   Add new
push: 52 pull: 151
Final PF: 
16816.0 41810.0 
18596.0 40337.0 
19912.0 40313.0 
21266.0 40310.0 
21708.0 39975.0 
24516.0 39974.0 
24592.0 39915.0 
25513.0 39758.0 
28763.0 39631.0 
32013.0 39572.0 
16023.0 45018.0 
16156.0 43954.0 
18092.0 40466.0 
18545.0 40449.0 
21342.0 40064.0 
24820.0 39865.0 
35187.0 39570.0 
35263.0 39537.0 
38437.0 39536.0 
39434.0 39391.0 
42684.0 39291.0 
16515.0 42450.0 
16519.0 42387.0 
16595.0 41945.0 
16990.0 41396.0 
17516.0 41164.0 
18016.0 41101.0 
Remove random   Add random
push: 22 pull: 100
Final PF: 
16595.0 41053.0 
18545.0 40449.0 
18596.0 40337.0 
19912.0 40313.0 
21266.0 40310.0 
21342.0 40064.0 
21708.0 39975.0 
24516.0 39974.0 
24592.0 39915.0 
25513.0 39758.0 
28763.0 39631.0 
32013.0 39572.0 
35263.0 39537.0 
16515.0 41448.0 
17095.0 40954.0 
17171.0 40768.0 
16023.0 45018.0 
16156.0 43954.0 
18092.0 40466.0 
24820.0 39865.0 
35187.0 39570.0 
38437.0 39536.0 
39434.0 39391.0 
42684.0 39331.0 
Remove random   Add best
push: 50 pull: 141
Final PF: 
16816.0 41810.0 
16990.0 41396.0 
18596.0 40337.0 
19912.0 40313.0 
21266.0 40310.0 
21708.0 39975.0 
24516.0 39974.0 
24592.0 39915.0 
25513.0 39758.0 
28763.0 39631.0 
32013.0 39572.0 
16023.0 45018.0 
16156.0 43954.0 
18092.0 40466.0 
18545.0 40449.0 
21342.0 40064.0 
24820.0 39865.0 
35187.0 39570.0 
35263.0 39537.0 
38437.0 39536.0 
39434.0 39391.0 
42684.0 39291.0 
16515.0 42450.0 
16519.0 42387.0 
16595.0 41945.0 
17516.0 41164.0 
18016.0 41101.0 
Remove random   Add diversity
push: 39 pull: 125
Final PF: 
16023.0 45018.0 
16816.0 41810.0 
18596.0 40337.0 
19912.0 40313.0 
21266.0 40310.0 
21708.0 39975.0 
24516.0 39974.0 
24592.0 39915.0 
25513.0 39758.0 
28763.0 39631.0 
32013.0 39572.0 
32934.0 39525.0 
16122.0 43946.0 
18016.0 41074.0 
21342.0 40064.0 
36184.0 39410.0 
42684.0 39291.0 
18092.0 40466.0 
18545.0 40449.0 
24820.0 39865.0 
39434.0 39391.0 
16515.0 42256.0 
16595.0 41945.0 
16990.0 41396.0 
17516.0 41164.0 
Remove worst   Add new
push: 53 pull: 145
Final PF: 
16816.0 41810.0 
18596.0 40337.0 
19912.0 40313.0 
21266.0 40310.0 
21708.0 39975.0 
24516.0 39974.0 
24592.0 39915.0 
25513.0 39758.0 
28763.0 39631.0 
32013.0 39572.0 
16023.0 45018.0 
16156.0 43954.0 
18092.0 40466.0 
18545.0 40444.0 
21342.0 40064.0 
24820.0 39865.0 
35187.0 39570.0 
35263.0 39537.0 
38437.0 39536.0 
39434.0 39391.0 
42684.0 39291.0 
16515.0 42450.0 
16519.0 42387.0 
16595.0 41945.0 
16990.0 41396.0 
17516.0 41164.0 
18016.0 41101.0 
Remove worst   Add random
push: 15 pull: 82
Final PF: 
16990.0 41396.0 
18092.0 40466.0 
18596.0 40337.0 
19912.0 40313.0 
21266.0 40310.0 
21708.0 39975.0 
24516.0 39974.0 
24592.0 39915.0 
25513.0 39758.0 
27894.0 39757.0 
28763.0 39631.0 
32013.0 39572.0 
32934.0 39525.0 
39434.0 39391.0 
42684.0 39291.0 
16571.0 41718.0 
17171.0 40768.0 
16023.0 45018.0 
16156.0 43954.0 
18545.0 40444.0 
21342.0 40064.0 
24820.0 39865.0 
16515.0 42007.0 
16956.0 41717.0 
36184.0 39403.0 
Remove worst   Add best
push: 50 pull: 147
Final PF: 
16816.0 41810.0 
16990.0 41396.0 
18596.0 40337.0 
19912.0 40313.0 
21266.0 40310.0 
21708.0 39975.0 
24516.0 39974.0 
24592.0 39915.0 
25513.0 39758.0 
28763.0 39631.0 
32013.0 39572.0 
16023.0 45018.0 
16156.0 43954.0 
18092.0 40466.0 
18545.0 40444.0 
21342.0 40064.0 
24820.0 39865.0 
35187.0 39570.0 
35263.0 39537.0 
38437.0 39536.0 
39434.0 39391.0 
42684.0 39291.0 
16515.0 42450.0 
16519.0 42387.0 
16595.0 41945.0 
17516.0 41164.0 
18016.0 41101.0 
Remove worst   Add diversity
push: 25 pull: 86
Final PF: 
18596.0 40337.0 
19912.0 40313.0 
21266.0 40310.0 
21708.0 39975.0 
24516.0 39974.0 
24592.0 39915.0 
25513.0 39758.0 
28763.0 39631.0 
32013.0 39572.0 
32934.0 39511.0 
16515.0 41425.0 
16595.0 41193.0 
17095.0 41130.0 
17171.0 40835.0 
21342.0 40064.0 
16023.0 43826.0 
16156.0 42762.0 
18092.0 40466.0 
18545.0 40444.0 
24820.0 39865.0 
42684.0 39291.0 
36184.0 39385.0 
linkage migration
push: 9 pull: 60
Final PF: 
16816.0 41539.0 
18596.0 40337.0 
19912.0 40313.0 
21266.0 40310.0 
21342.0 40064.0 
21708.0 39975.0 
24592.0 39915.0 
25513.0 39758.0 
28687.0 39757.0 
28763.0 39631.0 
32013.0 39572.0 
32934.0 39512.0 
36108.0 39509.0 
36184.0 39385.0 
39434.0 39350.0 
16990.0 41387.0 
17516.0 41155.0 
18016.0 41074.0 
18092.0 40466.0 
31937.0 39630.0 
43605.0 39152.0 
16023.0 42389.0 
16156.0 41946.0 
16595.0 41714.0 
18545.0 40444.0 
24516.0 39972.0 
24820.0 39865.0 
46855.0 39093.0 
39358.0 39382.0 
40355.0 39304.0 



---------------------------------------
Quality Indicator Results: 

for each remove method 
Remove random   


 GD: 
47685.788
47895.088
47685.788
47427.135


 D1R: 
44326.263
44236.558
44326.263
44326.263
DCI: 
0.696
0.826
0.696
0.826


 IGD: 
167.838
83.776
167.838
85.802


 HV: 
0.993
1.0
0.993
0.998


Remove worst   


 GD: 
47685.62
47536.731
47685.62
47075.317


 D1R: 
44326.263
44236.558
44326.263
44298.312
DCI: 
0.609
0.696
0.609
0.913


 IGD: 
222.868
90.477
222.868
41.091


 HV: 
0.985
0.993
0.985
1.0



---------------------------------------
for each add method
Add new


 GD: 
47685.788
47685.62


 D1R: 
44326.263
44326.263
DCI: 
0.963
1.0


 IGD: 
0.185
0.0


 HV: 
1.0
1.0


Add random


 GD: 
47895.088
47536.731


 D1R: 
44236.558
44236.558
DCI: 
0.792
0.875


 IGD: 
113.999
43.326


 HV: 
0.999
1.0


Add best


 GD: 
47685.788
47685.62


 D1R: 
44326.263
44326.263
DCI: 
0.963
1.0


 IGD: 
0.185
0.0


 HV: 
1.0
1.0


Add diversity


 GD: 
47427.135
47075.317


 D1R: 
44326.263
44298.312
DCI: 
0.591
1.0


 IGD: 
113.758
0.0


 HV: 
0.989
1.0



---------------------------------------
 results for all together 

Remove nothing   Add nothing
Remove random   Add new
Remove random   Add random
Remove random   Add best
Remove random   Add diversity
Remove worst   Add new
Remove worst   Add random
Remove worst   Add best
Remove worst   Add diversity
Linkage migration


 GD: 
47686.792
47685.788
47895.088
47685.788
47427.135
47685.62
47536.731
47685.62
47075.317
48750.042


 D1R: 
44326.263
44326.263
44236.558
44326.263
44326.263
44326.263
44236.558
44326.263
44298.312
44326.263
DCI: 
0.367
0.4
0.467
0.4
0.4
0.433
0.5
0.433
0.533
0.789


 IGD: 
297.131
295.517
255.25
295.517
208.474
295.344
146.327
295.344
420.093
120.917


 HV: 
0.983
0.984
0.989
0.984
0.988
0.984
0.991
0.984
0.997
1.0


---------------------------------------
 actions for all together 

11 0
56 0
52 151
22 100
50 141
39 125
53 145
15 82
50 147
25 86
9 60

