seeds 1028 factoryScale4 numberOfIslands5 numberOfReplacement1 notImprovedInARow 3

remove and add nothing
push: 57 pull: 0
Final PF: 
16816.0 41651.0 
16956.0 41540.0 
16990.0 41387.0 
17516.0 41155.0 
18016.0 41092.0 
21342.0 40064.0 
16290.0 43465.0 
16023.0 44220.0 
25513.0 39804.0 
28763.0 39715.0 
32013.0 39670.0 
32934.0 39536.0 
36184.0 39466.0 
43605.0 39317.0 
16571.0 42709.0 
18092.0 40496.0 
18545.0 40474.0 
18596.0 40337.0 
21266.0 40312.0 
21708.0 39999.0 
24516.0 39974.0 
24592.0 39940.0 
Remove random   Add new
push: 49 pull: 138
Final PF: 
16816.0 41651.0 
16956.0 41540.0 
16990.0 41387.0 
17516.0 41155.0 
21342.0 40064.0 
16290.0 43465.0 
18092.0 40466.0 
18596.0 40337.0 
19912.0 40313.0 
21708.0 39975.0 
28763.0 39632.0 
32013.0 39597.0 
40355.0 39367.0 
16023.0 44220.0 
18016.0 41074.0 
18545.0 40444.0 
21266.0 40310.0 
24516.0 39972.0 
24592.0 39916.0 
25513.0 39758.0 
32934.0 39512.0 
36184.0 39386.0 
43605.0 39153.0 
46855.0 39117.0 
16571.0 42709.0 
Remove random   Add random
push: 21 pull: 82
Final PF: 
16816.0 41651.0 
16956.0 41540.0 
16990.0 41387.0 
17516.0 41155.0 
18596.0 40337.0 
21342.0 40064.0 
21708.0 39975.0 
24516.0 39974.0 
24592.0 39916.0 
25513.0 39758.0 
28763.0 39632.0 
31937.0 39629.0 
32013.0 39573.0 
32934.0 39536.0 
36184.0 39439.0 
16290.0 43465.0 
18092.0 40466.0 
19912.0 40313.0 
21266.0 40310.0 
39434.0 39431.0 
40355.0 39367.0 
16023.0 44220.0 
18016.0 41083.0 
18545.0 40444.0 
16571.0 42658.0 
43605.0 39317.0 
Remove random   Add best
push: 46 pull: 133
Final PF: 
16816.0 41651.0 
16956.0 41540.0 
16990.0 41387.0 
17516.0 41155.0 
21342.0 40064.0 
16290.0 43465.0 
40355.0 39367.0 
47776.0 39285.0 
51026.0 39159.0 
16023.0 44220.0 
18016.0 41074.0 
18596.0 40337.0 
19912.0 40313.0 
21266.0 40310.0 
21708.0 39975.0 
25513.0 39758.0 
28763.0 39632.0 
36184.0 39386.0 
18092.0 40466.0 
18545.0 40444.0 
32934.0 39512.0 
42684.0 39291.0 
16571.0 42709.0 
24516.0 39974.0 
24592.0 39940.0 
Remove random   Add diversity
push: 32 pull: 106
Final PF: 
16156.0 42575.0 
16816.0 41651.0 
16956.0 41540.0 
16990.0 41387.0 
17516.0 41155.0 
19912.0 40313.0 
21342.0 40064.0 
21708.0 39975.0 
24516.0 39974.0 
25513.0 39758.0 
40355.0 39367.0 
18596.0 40337.0 
24592.0 39915.0 
28763.0 39631.0 
32013.0 39572.0 
32934.0 39512.0 
36108.0 39509.0 
36184.0 39386.0 
47776.0 39196.0 
51026.0 39159.0 
54200.0 39158.0 
16023.0 43018.0 
18016.0 41083.0 
18092.0 40466.0 
18545.0 40444.0 
21266.0 40310.0 
16515.0 42207.0 
16595.0 41975.0 
43605.0 39304.0 
Remove worst   Add new
push: 45 pull: 118
Final PF: 
16816.0 41651.0 
16956.0 41540.0 
16990.0 41387.0 
17516.0 41155.0 
21342.0 40064.0 
16290.0 43465.0 
24592.0 39915.0 
32013.0 39572.0 
40355.0 39367.0 
16023.0 44220.0 
18016.0 41074.0 
18092.0 40466.0 
18545.0 40444.0 
18596.0 40337.0 
19912.0 40313.0 
21266.0 40310.0 
21708.0 39975.0 
24516.0 39972.0 
25513.0 39758.0 
28763.0 39632.0 
32934.0 39512.0 
36184.0 39386.0 
43605.0 39317.0 
46855.0 39117.0 
16571.0 42709.0 
Remove worst   Add random
push: 19 pull: 77
Final PF: 
16816.0 41651.0 
16956.0 41540.0 
16990.0 41387.0 
17516.0 41155.0 
18092.0 40466.0 
18596.0 40337.0 
19912.0 40313.0 
21342.0 40064.0 
21708.0 39975.0 
25513.0 39758.0 
28763.0 39632.0 
31937.0 39629.0 
43605.0 39317.0 
24592.0 39915.0 
32013.0 39572.0 
40355.0 39367.0 
18545.0 40444.0 
21266.0 40310.0 
36184.0 39386.0 
18016.0 41074.0 
24516.0 39972.0 
32934.0 39512.0 
46855.0 39117.0 
16023.0 43018.0 
16571.0 42709.0 
Remove worst   Add best
push: 43 pull: 116
Final PF: 
16816.0 41651.0 
16956.0 41540.0 
16990.0 41387.0 
17516.0 41155.0 
21342.0 40064.0 
16290.0 43465.0 
24592.0 39915.0 
32013.0 39572.0 
40355.0 39367.0 
16023.0 44220.0 
18016.0 41074.0 
18092.0 40466.0 
18545.0 40444.0 
18596.0 40337.0 
19912.0 40313.0 
21266.0 40310.0 
21708.0 39975.0 
24516.0 39972.0 
25513.0 39758.0 
28763.0 39632.0 
32934.0 39512.0 
36184.0 39386.0 
43605.0 39317.0 
46855.0 39117.0 
16571.0 42709.0 
Remove worst   Add diversity
push: 31 pull: 113
Final PF: 
16816.0 41651.0 
16956.0 41540.0 
16990.0 41387.0 
17516.0 41155.0 
19912.0 40313.0 
21266.0 40310.0 
21342.0 40064.0 
21708.0 39975.0 
28763.0 39632.0 
31937.0 39631.0 
32013.0 39596.0 
43605.0 39317.0 
36184.0 39386.0 
16023.0 42410.0 
16595.0 42178.0 
18092.0 40466.0 
18545.0 40444.0 
18596.0 40337.0 
25513.0 39758.0 
18016.0 41074.0 
24516.0 39972.0 
24592.0 39916.0 
27894.0 39757.0 
32934.0 39512.0 
46855.0 39117.0 
linkage migration
push: 23 pull: 94
Final PF: 
16816.0 41651.0 
16956.0 41540.0 
16990.0 41387.0 
17516.0 41155.0 
19912.0 40313.0 
21266.0 40310.0 
21342.0 40064.0 
21708.0 39975.0 
24516.0 39974.0 
25513.0 39758.0 
28687.0 39755.0 
28763.0 39632.0 
31937.0 39629.0 
39358.0 39396.0 
42532.0 39395.0 
43605.0 39193.0 
36184.0 39426.0 
51026.0 39138.0 
18016.0 41074.0 
18092.0 40466.0 
18545.0 40444.0 
18596.0 40337.0 
24592.0 39916.0 
24820.0 39889.0 
32013.0 39573.0 
32934.0 39512.0 
16023.0 42410.0 
16595.0 42178.0 
42608.0 39324.0 



---------------------------------------
Quality Indicator Results: 

for each remove method 
Remove random   


 GD: 
47994.536
47907.67
48540.573
49243.52


 D1R: 
44326.263
44326.263
44326.263
44326.263
DCI: 
0.701
0.552
0.609
0.793


 IGD: 
104.807
218.151
200.722
72.499


 HV: 
1.0
0.987
0.993
0.999


Remove worst   


 GD: 
47998.112
48132.138
47998.112
47778.38


 D1R: 
44326.263
44326.263
44326.263
44326.263
DCI: 
0.846
0.885
0.846
0.872


 IGD: 
81.875
77.596
81.875
126.053


 HV: 
0.994
0.997
0.994
1.0



---------------------------------------
for each add method
Add new


 GD: 
47994.536
47998.112


 D1R: 
44326.263
44326.263
DCI: 
0.947
0.96


 IGD: 
1.04
6.56


 HV: 
1.0
0.996


Add random


 GD: 
47907.67
48132.138


 D1R: 
44326.263
44326.263
DCI: 
0.733
0.96


 IGD: 
25.445
2.125


 HV: 
0.995
1.0


Add best


 GD: 
48540.573
47998.112


 D1R: 
44326.263
44326.263
DCI: 
0.84
0.96


 IGD: 
36.537
231.876


 HV: 
0.996
1.0


Add diversity


 GD: 
49243.52
47778.38


 D1R: 
44326.263
44326.263
DCI: 
0.815
0.753


 IGD: 
37.966
557.337


 HV: 
0.996
1.0



---------------------------------------
 results for all together 

Remove nothing   Add nothing
Remove random   Add new
Remove random   Add random
Remove random   Add best
Remove random   Add diversity
Remove worst   Add new
Remove worst   Add random
Remove worst   Add best
Remove worst   Add diversity
Linkage migration


 GD: 
47179.7
47994.536
47907.67
48540.573
49243.52
47998.112
48132.138
47998.112
47778.38
48853.081


 D1R: 
44353.652
44326.263
44326.263
44326.263
44326.263
44326.263
44326.263
44326.263
44326.263
44326.263
DCI: 
0.188
0.635
0.5
0.552
0.656
0.646
0.677
0.646
0.635
0.656


 IGD: 
414.154
155.331
257.286
213.358
142.644
159.267
155.79
159.267
192.739
175.306


 HV: 
0.979
0.998
0.985
0.991
0.997
0.995
0.998
0.995
1.0
1.0


---------------------------------------
 actions for all together 

57 0
49 138
21 82
46 133
32 106
45 118
19 77
43 116
31 113
23 94

