seeds 1009 factoryScale7 numberOfIslands5 numberOfReplacement1 notImprovedInARow 3

remove and add nothing
push: 57 pull: 0
Final PF: 
16515.0 41473.0 
16595.0 41241.0 
17171.0 40835.0 
28763.0 39696.0 
31937.0 39695.0 
39434.0 39433.0 
40355.0 39303.0 
46855.0 39208.0 
18092.0 40466.0 
18545.0 40444.0 
18596.0 40337.0 
27894.0 39757.0 
32934.0 39511.0 
32013.0 39637.0 
36184.0 39463.0 
21342.0 40064.0 
25513.0 39817.0 
21708.0 40040.0 
24592.0 39980.0 
Remove random   Add new
push: 50 pull: 146
Final PF: 
16023.0 58753.0 
18092.0 40466.0 
18545.0 40444.0 
18596.0 40337.0 
27894.0 39757.0 
32934.0 39511.0 
16515.0 41473.0 
16595.0 41241.0 
17171.0 40835.0 
21708.0 39999.0 
24516.0 39974.0 
24592.0 39939.0 
24750.0 39922.0 
28763.0 39656.0 
36184.0 39450.0 
39434.0 39433.0 
40355.0 39303.0 
46855.0 39208.0 
21342.0 40064.0 
21266.0 40310.0 
24820.0 39905.0 
25513.0 39798.0 
32013.0 39637.0 
Remove random   Add random
push: 18 pull: 99
Final PF: 
18092.0 40466.0 
18596.0 40337.0 
21342.0 40064.0 
25513.0 39798.0 
28763.0 39696.0 
36184.0 39385.0 
40355.0 39303.0 
18545.0 40444.0 
19912.0 40313.0 
21708.0 39975.0 
24516.0 39974.0 
27894.0 39757.0 
31937.0 39631.0 
32934.0 39511.0 
17171.0 40744.0 
21266.0 40310.0 
43605.0 39152.0 
16515.0 41267.0 
16595.0 41035.0 
17095.0 40972.0 
24592.0 39934.0 
24820.0 39905.0 
Remove random   Add best
push: 40 pull: 133
Final PF: 
16595.0 41211.0 
17171.0 40835.0 
24516.0 40014.0 
24750.0 39933.0 
28763.0 39696.0 
31937.0 39695.0 
36184.0 39450.0 
39434.0 39390.0 
40355.0 39303.0 
46855.0 39208.0 
16515.0 41443.0 
17095.0 41148.0 
18092.0 40466.0 
18545.0 40444.0 
18596.0 40337.0 
27894.0 39757.0 
32934.0 39511.0 
21342.0 40064.0 
21266.0 40310.0 
21708.0 40015.0 
24592.0 39934.0 
24820.0 39905.0 
25513.0 39798.0 
32013.0 39637.0 
Remove random   Add diversity
push: 33 pull: 116
Final PF: 
17171.0 40835.0 
21708.0 39975.0 
24592.0 39915.0 
28763.0 39632.0 
32934.0 39511.0 
40355.0 39303.0 
43605.0 39152.0 
16515.0 41443.0 
16595.0 41211.0 
17095.0 41148.0 
18092.0 40466.0 
18545.0 40444.0 
18596.0 40337.0 
19912.0 40313.0 
21342.0 40064.0 
25513.0 39758.0 
27894.0 39757.0 
36184.0 39385.0 
21266.0 40310.0 
24516.0 39972.0 
24820.0 39905.0 
Remove worst   Add new
push: 45 pull: 141
Final PF: 
16515.0 41473.0 
16595.0 41241.0 
17171.0 40835.0 
28763.0 39696.0 
31937.0 39695.0 
36184.0 39450.0 
39434.0 39433.0 
40355.0 39303.0 
46855.0 39208.0 
21342.0 40064.0 
25513.0 39758.0 
18092.0 40466.0 
18545.0 40444.0 
18596.0 40337.0 
19912.0 40313.0 
21708.0 39975.0 
24516.0 39974.0 
27894.0 39757.0 
32934.0 39511.0 
21266.0 40310.0 
24592.0 39916.0 
24820.0 39905.0 
32013.0 39637.0 
Remove worst   Add random
push: 12 pull: 79
Final PF: 
16595.0 41211.0 
18092.0 40466.0 
21266.0 40310.0 
28763.0 39631.0 
39434.0 39369.0 
40355.0 39303.0 
46855.0 39208.0 
16515.0 41443.0 
18545.0 40444.0 
18596.0 40337.0 
21708.0 39975.0 
27894.0 39757.0 
32934.0 39511.0 
17095.0 41069.0 
17171.0 40744.0 
19912.0 40313.0 
21342.0 40064.0 
24592.0 39915.0 
24820.0 39889.0 
25513.0 39758.0 
31937.0 39629.0 
32013.0 39572.0 
36184.0 39386.0 
24516.0 39972.0 
Remove worst   Add best
push: 35 pull: 113
Final PF: 
16595.0 41150.0 
18092.0 40466.0 
40355.0 39303.0 
46855.0 39208.0 
18545.0 40444.0 
18596.0 40337.0 
27894.0 39757.0 
32934.0 39511.0 
36184.0 39398.0 
17095.0 41069.0 
17171.0 40744.0 
21342.0 40064.0 
21708.0 39975.0 
24516.0 39972.0 
25513.0 39758.0 
28763.0 39632.0 
32013.0 39596.0 
16515.0 41382.0 
19912.0 40313.0 
21266.0 40310.0 
24592.0 39915.0 
24820.0 39905.0 
Remove worst   Add diversity
push: 28 pull: 97
Final PF: 
16515.0 41473.0 
16595.0 41241.0 
17171.0 40835.0 
24750.0 39922.0 
32013.0 39596.0 
32934.0 39511.0 
40355.0 39303.0 
46855.0 39208.0 
18092.0 40466.0 
18545.0 40444.0 
18596.0 40337.0 
19912.0 40313.0 
21342.0 40064.0 
21708.0 39975.0 
25513.0 39758.0 
27894.0 39757.0 
28763.0 39632.0 
31937.0 39631.0 
36184.0 39399.0 
17095.0 41178.0 
21266.0 40310.0 
24516.0 39972.0 
24592.0 39934.0 
24820.0 39905.0 
linkage migration
push: 22 pull: 77
Final PF: 
16515.0 41382.0 
16595.0 41150.0 
17095.0 41069.0 
17171.0 40744.0 
18092.0 40466.0 
18545.0 40444.0 
18596.0 40337.0 
19912.0 40313.0 
21342.0 40064.0 
21708.0 39975.0 
24592.0 39915.0 
24820.0 39865.0 
25513.0 39758.0 
32013.0 39573.0 
39434.0 39327.0 
43605.0 39153.0 
21266.0 40310.0 
24516.0 39972.0 
27894.0 39757.0 
28687.0 39755.0 
28763.0 39631.0 
31937.0 39629.0 
32934.0 39511.0 
40355.0 39279.0 
51026.0 39071.0 
46855.0 39094.0 
36108.0 39509.0 
36184.0 39385.0 



---------------------------------------
Quality Indicator Results: 

for each remove method 
Remove random   


 GD: 
48943.97
47653.599
48346.567
47521.477


 D1R: 
44298.312
44214.441
44298.312
44298.312
DCI: 
0.435
0.783
0.391
0.739


 IGD: 
233.032
765.997
988.653
819.239


 HV: 
0.998
1.0
0.998
1.0


Remove worst   


 GD: 
48422.141
48241.309
47777.348
47889.226


 D1R: 
44298.312
44214.441
44214.441
44298.312
DCI: 
0.528
0.917
0.778
0.569


 IGD: 
35.918
5.083
44.134
57.515


 HV: 
0.988
1.0
0.999
0.996



---------------------------------------
for each add method
Add new


 GD: 
48943.97
48422.141


 D1R: 
44298.312
44298.312
DCI: 
0.826
0.913


 IGD: 
61.01
753.348


 HV: 
1.0
1.0


Add random


 GD: 
47653.599
48241.309


 D1R: 
44214.441
44214.441
DCI: 
0.667
0.819


 IGD: 
48.482
150.922


 HV: 
1.0
0.996


Add best


 GD: 
48346.567
47777.348


 D1R: 
44298.312
44214.441
DCI: 
0.478
0.957


 IGD: 
82.879
40.222


 HV: 
0.985
1.0


Add diversity


 GD: 
47521.477
47889.226


 D1R: 
44298.312
44298.312
DCI: 
0.913
0.739


 IGD: 
83.874
146.673


 HV: 
1.0
0.99



---------------------------------------
 results for all together 

Remove nothing   Add nothing
Remove random   Add new
Remove random   Add random
Remove random   Add best
Remove random   Add diversity
Remove worst   Add new
Remove worst   Add random
Remove worst   Add best
Remove worst   Add diversity
Linkage migration


 GD: 
48918.68
48943.97
47653.599
48346.567
47521.477
48422.141
48241.309
47777.348
47889.226
49391.292


 D1R: 
44298.312
44298.312
44214.441
44298.312
44298.312
44298.312
44214.441
44214.441
44298.312
44214.441
DCI: 
0.207
0.276
0.517
0.241
0.506
0.368
0.575
0.471
0.402
0.839


 IGD: 
852.6
211.819
792.665
830.016
867.576
779.132
765.47
801.955
804.031
632.392


 HV: 
0.997
0.997
0.999
0.997
0.999
0.997
0.998
0.998
0.998
1.0


---------------------------------------
 actions for all together 

57 0
50 146
18 99
40 133
33 116
45 141
12 79
35 113
28 97
22 77

