seeds 1015 factoryScale2 numberOfIslands5 numberOfReplacement1 notImprovedInARow 3

traditional MOEA/D
push: 12 pull: 0
Final PF: 
16595.0 45537.0 
16745.0 44009.0 
16816.0 42577.0 
16990.0 41396.0 
17516.0 41164.0 
18016.0 41083.0 
18092.0 40466.0 
18545.0 40444.0 
18596.0 40337.0 
19912.0 40313.0 
21266.0 40310.0 
21342.0 40064.0 
21708.0 39975.0 
24516.0 39972.0 
24592.0 39915.0 
24820.0 39865.0 
25513.0 39758.0 
27894.0 39757.0 
28687.0 39755.0 
28763.0 39631.0 
31937.0 39630.0 
32013.0 39572.0 
32934.0 39524.0 
36108.0 39522.0 
36184.0 39398.0 
39434.0 39326.0 
40355.0 39279.0 
43605.0 39152.0 
46855.0 39094.0 
remove and add nothing
push: 57 pull: 0
Final PF: 
18596.0 40425.0 
19912.0 40401.0 
21266.0 40400.0 
24592.0 39939.0 
24750.0 39922.0 
31437.0 39693.0 
25513.0 39823.0 
32934.0 39614.0 
32013.0 39659.0 
16023.0 45195.0 
16515.0 41751.0 
16519.0 41576.0 
17095.0 41309.0 
16256.0 43768.0 
16495.0 43705.0 
18092.0 40557.0 
18545.0 40535.0 
21342.0 40252.0 
21708.0 40040.0 
28763.0 39697.0 
36184.0 39496.0 
Remove random   Add new
push: 55 pull: 162
Final PF: 
24592.0 39939.0 
24750.0 39922.0 
31437.0 39693.0 
16990.0 41461.0 
17516.0 41229.0 
18016.0 41166.0 
18092.0 40531.0 
18545.0 40509.0 
18596.0 40402.0 
19912.0 40378.0 
21266.0 40377.0 
25513.0 39823.0 
28687.0 39822.0 
32934.0 39614.0 
36108.0 39589.0 
32013.0 39659.0 
16023.0 45195.0 
16515.0 41751.0 
16519.0 41576.0 
17095.0 41309.0 
16256.0 43768.0 
16495.0 43705.0 
21342.0 40252.0 
21708.0 40040.0 
28763.0 39697.0 
36184.0 39496.0 
Remove random   Add random
push: 22 pull: 83
Final PF: 
16023.0 44734.0 
16156.0 44453.0 
18092.0 40531.0 
19912.0 40378.0 
21342.0 40252.0 
24592.0 39915.0 
28763.0 39655.0 
32013.0 39572.0 
16595.0 41035.0 
18545.0 40509.0 
18596.0 40402.0 
25513.0 39823.0 
28687.0 39822.0 
16495.0 43705.0 
16515.0 41267.0 
21708.0 40040.0 
24516.0 40039.0 
17171.0 40768.0 
16256.0 43768.0 
17095.0 40972.0 
21266.0 40342.0 
36184.0 39496.0 
Remove random   Add best
push: 47 pull: 150
Final PF: 
16519.0 41576.0 
24592.0 39915.0 
31437.0 39693.0 
18016.0 41166.0 
18092.0 40531.0 
18545.0 40509.0 
18596.0 40402.0 
19912.0 40378.0 
21266.0 40377.0 
25513.0 39823.0 
28687.0 39822.0 
32934.0 39614.0 
36108.0 39589.0 
16515.0 41675.0 
16990.0 41453.0 
17516.0 41221.0 
21342.0 40064.0 
21708.0 39975.0 
24516.0 39972.0 
24820.0 39865.0 
32013.0 39659.0 
39434.0 39367.0 
46855.0 39285.0 
16023.0 45195.0 
17095.0 41309.0 
16256.0 43768.0 
16495.0 43705.0 
28763.0 39697.0 
36184.0 39496.0 
Remove random   Add diversity
push: 39 pull: 111
Final PF: 
24592.0 39915.0 
28763.0 39631.0 
32013.0 39572.0 
36184.0 39453.0 
18092.0 40531.0 
18545.0 40509.0 
16023.0 43697.0 
16256.0 42952.0 
18596.0 40353.0 
19912.0 40313.0 
21266.0 40310.0 
24820.0 39865.0 
25513.0 39798.0 
28687.0 39755.0 
31937.0 39629.0 
35187.0 39570.0 
46855.0 39285.0 
16515.0 41267.0 
16595.0 41035.0 
17171.0 40768.0 
21342.0 40153.0 
21708.0 40040.0 
24516.0 40039.0 
16156.0 43666.0 
Remove worst   Add new
push: 48 pull: 144
Final PF: 
24592.0 39915.0 
16990.0 41396.0 
17516.0 41164.0 
18016.0 41101.0 
18092.0 40466.0 
18545.0 40444.0 
18596.0 40337.0 
19912.0 40313.0 
25513.0 39758.0 
21266.0 40310.0 
21342.0 40088.0 
21708.0 39975.0 
24516.0 39972.0 
24820.0 39865.0 
28763.0 39632.0 
32013.0 39573.0 
39434.0 39327.0 
46855.0 39245.0 
16023.0 45195.0 
16515.0 41751.0 
16519.0 41576.0 
17095.0 41309.0 
16256.0 43768.0 
16495.0 43705.0 
36184.0 39496.0 
Remove worst   Add random
push: 18 pull: 94
Final PF: 
24592.0 39915.0 
24820.0 39865.0 
28763.0 39631.0 
32013.0 39572.0 
18092.0 40466.0 
18545.0 40444.0 
18596.0 40337.0 
19912.0 40313.0 
25513.0 39758.0 
17095.0 41045.0 
17171.0 40859.0 
21266.0 40310.0 
21342.0 40088.0 
21708.0 39975.0 
39434.0 39327.0 
46855.0 39245.0 
16023.0 45195.0 
16515.0 41358.0 
16595.0 41126.0 
16256.0 43768.0 
16495.0 43705.0 
36184.0 39496.0 
Remove worst   Add best
push: 44 pull: 127
Final PF: 
16519.0 41576.0 
24592.0 39915.0 
31437.0 39693.0 
18016.0 41101.0 
18092.0 40466.0 
18545.0 40444.0 
18596.0 40337.0 
19912.0 40313.0 
21266.0 40312.0 
25513.0 39758.0 
16515.0 41675.0 
16990.0 41387.0 
17516.0 41155.0 
21342.0 40064.0 
24516.0 40039.0 
24820.0 39865.0 
32013.0 39573.0 
35187.0 39570.0 
36184.0 39453.0 
39434.0 39327.0 
42608.0 39324.0 
16256.0 43768.0 
16495.0 43705.0 
21708.0 40040.0 
28763.0 39697.0 
16023.0 45195.0 
17095.0 41309.0 
Remove worst   Add diversity
push: 28 pull: 103
Final PF: 
24592.0 39915.0 
28763.0 39631.0 
32013.0 39572.0 
46855.0 39285.0 
18092.0 40466.0 
18545.0 40444.0 
18596.0 40337.0 
19912.0 40313.0 
25513.0 39758.0 
32934.0 39549.0 
16023.0 43569.0 
16256.0 43015.0 
21266.0 40310.0 
21342.0 40064.0 
21708.0 39975.0 
24516.0 39972.0 
24820.0 39865.0 
31937.0 39629.0 
36184.0 39386.0 
39434.0 39327.0 
16515.0 41358.0 
16595.0 41126.0 
17095.0 41045.0 
17171.0 40859.0 
linkage migration
push: 37 pull: 122
Final PF: 
24592.0 39915.0 
28763.0 39631.0 
18092.0 40466.0 
18545.0 40444.0 
18596.0 40337.0 
19912.0 40313.0 
25513.0 39758.0 
16023.0 45195.0 
16094.0 45151.0 
21266.0 40310.0 
21342.0 40064.0 
21708.0 39975.0 
24516.0 39972.0 
24820.0 39865.0 
31937.0 39629.0 
32013.0 39573.0 
36184.0 39386.0 
39434.0 39327.0 
42608.0 39324.0 
46855.0 39245.0 
50029.0 39242.0 
16515.0 41524.0 
16595.0 41292.0 
17095.0 41082.0 
17171.0 41025.0 
17745.0 40972.0 
16256.0 43768.0 
16495.0 43705.0 
28687.0 39757.0 
32934.0 39525.0 
36108.0 39524.0 



---------------------------------------
Quality Indicator Results: 

for each remove method 
Remove random   


 GD: 
47113.333
46562.032
47874.591
47599.396


 D1R: 
44385.611
44236.558
44385.611
44236.558
DCI: 
0.077
0.308
0.346
0.808


 IGD: 
721.645
655.971
168.73
141.917


 HV: 
0.985
0.992
0.992
1.0


Remove worst   


 GD: 
47318.216
47501.163
47534.518
47718.924


 D1R: 
44326.263
44320.437
44326.263
44320.437
DCI: 
0.533
0.68
0.427
0.92


 IGD: 
270.285
218.237
318.443
128.56


 HV: 
0.99
0.994
0.989
1.0



---------------------------------------
for each add method
Add new


 GD: 
47113.333
47318.216


 D1R: 
44385.611
44326.263
DCI: 
0.28
1.0


 IGD: 
184.105
0.0


 HV: 
0.985
1.0


Add random


 GD: 
46562.032
47501.163


 D1R: 
44236.558
44320.437
DCI: 
0.478
0.739


 IGD: 
186.264
68.148


 HV: 
0.989
1.0


Add best


 GD: 
47874.591
47534.518


 D1R: 
44385.611
44326.263
DCI: 
0.5
0.893


 IGD: 
62.118
162.192


 HV: 
0.994
1.0


Add diversity


 GD: 
47599.396
47718.924


 D1R: 
44236.558
44320.437
DCI: 
0.542
0.792


 IGD: 
198.989
20.06


 HV: 
0.988
1.0



---------------------------------------
 results for all together 

Remove nothing   Add nothing
Remove random   Add new
Remove random   Add random
Remove random   Add best
Remove random   Add diversity
Remove worst   Add new
Remove worst   Add random
Remove worst   Add best
Remove worst   Add diversity
Linkage migration


 GD: 
47040.776
47113.333
46562.032
47874.591
47599.396
47318.216
47501.163
47534.518
47718.924
48753.651


 D1R: 
44409.354
44385.611
44236.558
44385.611
44236.558
44326.263
44320.437
44326.263
44320.437
44326.263
DCI: 
0.0
0.0
0.214
0.179
0.429
0.476
0.464
0.381
0.607
0.738


 IGD: 
915.799
911.021
876.322
261.003
347.612
272.408
225.521
315.629
146.296
66.293


 HV: 
0.974
0.975
0.981
0.985
0.992
0.992
0.995
0.99
1.0
0.997


---------------------------------------
 actions for all together 

12 0
57 0
55 162
22 83
47 150
39 111
48 144
18 94
44 127
28 103
37 122

