seeds 1019 factoryScale5 numberOfIslands5 numberOfReplacement1 notImprovedInARow 3

remove and add nothing
push: 58 pull: 0
Final PF: 
18092.0 40466.0 
18545.0 40444.0 
25513.0 39798.0 
17516.0 41240.0 
18016.0 41159.0 
27894.0 39797.0 
28763.0 39671.0 
16023.0 43162.0 
16156.0 42719.0 
28687.0 39755.0 
32934.0 39565.0 
16816.0 42241.0 
16990.0 41442.0 
18596.0 40337.0 
19912.0 40313.0 
21342.0 40142.0 
21708.0 40053.0 
24516.0 40050.0 
24592.0 39994.0 
32013.0 39651.0 
36184.0 39439.0 
39434.0 39340.0 
Remove random   Add new
push: 52 pull: 153
Final PF: 
18092.0 40466.0 
18545.0 40444.0 
18596.0 40337.0 
19912.0 40313.0 
21266.0 40312.0 
21708.0 40042.0 
25513.0 39758.0 
17345.0 41406.0 
21342.0 40088.0 
21657.0 40071.0 
28763.0 39671.0 
16023.0 43162.0 
16156.0 42719.0 
28687.0 39755.0 
32934.0 39565.0 
16816.0 42241.0 
16990.0 41442.0 
17516.0 41228.0 
17745.0 41217.0 
18016.0 41129.0 
24592.0 39994.0 
32013.0 39651.0 
36184.0 39439.0 
39434.0 39340.0 
Remove random   Add random
push: 22 pull: 105
Final PF: 
16023.0 42554.0 
16156.0 42111.0 
16595.0 41879.0 
16956.0 41768.0 
16990.0 41442.0 
18092.0 40466.0 
18545.0 40444.0 
18596.0 40337.0 
19912.0 40313.0 
25513.0 39758.0 
28763.0 39632.0 
21266.0 40310.0 
21342.0 40104.0 
28687.0 39755.0 
39434.0 39340.0 
17516.0 41210.0 
18016.0 41129.0 
21708.0 39975.0 
32934.0 39536.0 
36184.0 39439.0 
46855.0 39094.0 
Remove random   Add best
push: 46 pull: 144
Final PF: 
16990.0 41442.0 
18092.0 40466.0 
18545.0 40444.0 
18596.0 40337.0 
19912.0 40313.0 
21266.0 40312.0 
21708.0 40042.0 
25513.0 39758.0 
17345.0 41406.0 
17516.0 41240.0 
18016.0 41159.0 
21342.0 40088.0 
21657.0 40071.0 
28763.0 39671.0 
16023.0 43162.0 
16156.0 42719.0 
28687.0 39755.0 
32934.0 39565.0 
16816.0 42241.0 
24592.0 39994.0 
32013.0 39651.0 
36184.0 39439.0 
39434.0 39340.0 
Remove random   Add diversity
push: 41 pull: 119
Final PF: 
16023.0 43162.0 
16156.0 42719.0 
16515.0 42003.0 
16956.0 41773.0 
18092.0 40466.0 
18545.0 40444.0 
18596.0 40337.0 
19912.0 40313.0 
25513.0 39758.0 
36184.0 39439.0 
16990.0 41387.0 
17516.0 41155.0 
18016.0 41074.0 
21266.0 40310.0 
24516.0 39972.0 
24801.0 39971.0 
28687.0 39755.0 
31937.0 39629.0 
39434.0 39340.0 
21342.0 40064.0 
21708.0 39975.0 
28763.0 39632.0 
32934.0 39512.0 
Remove worst   Add new
push: 46 pull: 129
Final PF: 
18092.0 40466.0 
18545.0 40444.0 
18596.0 40337.0 
19912.0 40313.0 
21266.0 40310.0 
25513.0 39758.0 
16956.0 41896.0 
17345.0 41406.0 
21342.0 40088.0 
21657.0 40071.0 
21708.0 39999.0 
24592.0 39963.0 
24750.0 39946.0 
28763.0 39656.0 
32013.0 39620.0 
16023.0 43162.0 
16156.0 42719.0 
28687.0 39755.0 
32934.0 39565.0 
16816.0 42241.0 
16990.0 41442.0 
17516.0 41228.0 
17745.0 41217.0 
18016.0 41129.0 
36184.0 39439.0 
39434.0 39340.0 
Remove worst   Add random
push: 23 pull: 91
Final PF: 
17745.0 41162.0 
18092.0 40466.0 
18545.0 40444.0 
18596.0 40337.0 
19912.0 40313.0 
21266.0 40310.0 
21657.0 40071.0 
25513.0 39758.0 
28687.0 39755.0 
16956.0 41896.0 
17516.0 41173.0 
18016.0 41074.0 
21342.0 40088.0 
24592.0 39963.0 
24750.0 39946.0 
32013.0 39620.0 
16023.0 43162.0 
16156.0 42719.0 
16990.0 41387.0 
32934.0 39565.0 
39434.0 39340.0 
16816.0 42176.0 
21708.0 39975.0 
24516.0 39974.0 
28763.0 39632.0 
31937.0 39631.0 
16595.0 42487.0 
36184.0 39423.0 
Remove worst   Add best
push: 42 pull: 123
Final PF: 
16990.0 41442.0 
18092.0 40466.0 
18545.0 40444.0 
18596.0 40337.0 
19912.0 40313.0 
25513.0 39758.0 
16956.0 41896.0 
17345.0 41406.0 
21342.0 40088.0 
21657.0 40071.0 
21708.0 39999.0 
24592.0 39963.0 
24750.0 39946.0 
28763.0 39656.0 
32013.0 39620.0 
16023.0 43162.0 
16156.0 42719.0 
21266.0 40310.0 
28687.0 39755.0 
32934.0 39565.0 
16816.0 42241.0 
17516.0 41228.0 
17745.0 41217.0 
18016.0 41129.0 
36184.0 39439.0 
39434.0 39340.0 
Remove worst   Add diversity
push: 35 pull: 108
Final PF: 
18092.0 40466.0 
18545.0 40444.0 
18596.0 40337.0 
19912.0 40313.0 
25513.0 39758.0 
39434.0 39340.0 
16990.0 41387.0 
17516.0 41155.0 
18016.0 41074.0 
21266.0 40310.0 
24516.0 39972.0 
24592.0 39934.0 
28687.0 39755.0 
16023.0 43162.0 
16156.0 42719.0 
16816.0 42176.0 
21342.0 40088.0 
21708.0 39975.0 
28763.0 39632.0 
31937.0 39631.0 
32934.0 39512.0 
21657.0 40071.0 
32013.0 39597.0 
36184.0 39423.0 
linkage migration
push: 30 pull: 106
Final PF: 
18092.0 40466.0 
18545.0 40444.0 
18596.0 40337.0 
19912.0 40313.0 
25513.0 39758.0 
36108.0 39511.0 
39434.0 39340.0 
16956.0 41896.0 
21342.0 40064.0 
21708.0 39975.0 
24516.0 39974.0 
24592.0 39939.0 
28763.0 39632.0 
31937.0 39631.0 
32013.0 39620.0 
32934.0 39532.0 
36184.0 39399.0 
16023.0 43162.0 
16156.0 42719.0 
16990.0 41387.0 
17516.0 41173.0 
17745.0 41162.0 
18016.0 41074.0 
21266.0 40310.0 
28687.0 39755.0 
16816.0 42176.0 



---------------------------------------
Quality Indicator Results: 

for each remove method 
Remove random   


 GD: 
46899.907
47466.637
46989.641
47027.275


 D1R: 
44326.263
44326.263
44326.263
44326.263
DCI: 
0.32
0.64
0.32
0.8


 IGD: 
404.685
125.631
406.365
326.579


 HV: 
0.99
1.0
0.99
0.998


Remove worst   


 GD: 
46834.025
46995.756
46834.025
47214.73


 D1R: 
44326.263
44326.263
44326.263
44326.263
DCI: 
0.5
0.808
0.5
0.923


 IGD: 
34.654
4.808
34.654
26.714


 HV: 
0.994
0.998
0.994
1.0



---------------------------------------
for each add method
Add new


 GD: 
46899.907
46834.025


 D1R: 
44326.263
44326.263
DCI: 
0.731
1.0


 IGD: 
25.364
0.0


 HV: 
0.997
1.0


Add random


 GD: 
47466.637
46995.756


 D1R: 
44326.263
44326.263
DCI: 
0.571
0.786


 IGD: 
185.625
311.908


 HV: 
1.0
0.995


Add best


 GD: 
46989.641
46834.025


 D1R: 
44326.263
44326.263
DCI: 
0.615
1.0


 IGD: 
35.831
0.0


 HV: 
0.996
1.0


Add diversity


 GD: 
47027.275
47214.73


 D1R: 
44326.263
44326.263
DCI: 
0.875
0.833


 IGD: 
7.643
31.695


 HV: 
1.0
0.998



---------------------------------------
 results for all together 

Remove nothing   Add nothing
Remove random   Add new
Remove random   Add random
Remove random   Add best
Remove random   Add diversity
Remove worst   Add new
Remove worst   Add random
Remove worst   Add best
Remove worst   Add diversity
Linkage migration


 GD: 
47290.507
46899.907
47466.637
46989.641
47027.275
46834.025
46995.756
46834.025
47214.73
47352.594


 D1R: 
44326.263
44326.263
44326.263
44326.263
44326.263
44326.263
44326.263
44326.263
44326.263
44326.263
DCI: 
0.222
0.259
0.556
0.259
0.667
0.296
0.444
0.296
0.63
0.556


 IGD: 
388.66
376.502
163.073
378.058
313.948
362.07
346.032
362.07
352.266
338.947


 HV: 
0.988
0.99
1.0
0.99
0.998
0.992
0.995
0.992
0.997
0.997


---------------------------------------
 actions for all together 

58 0
52 153
22 105
46 144
41 119
46 129
23 91
42 123
35 108
30 106

