seeds 1039 factoryScale10 numberOfIslands5 numberOfReplacement1 notImprovedInARow 3

remove and add nothing
push: 60 pull: 0
Final PF: 
16023.0 43465.0 
28763.0 39678.0 
32013.0 39619.0 
18092.0 40466.0 
18545.0 40444.0 
18596.0 40377.0 
21266.0 40334.0 
21342.0 40128.0 
21657.0 40106.0 
21708.0 40039.0 
16515.0 41598.0 
16595.0 41211.0 
17171.0 40805.0 
36184.0 39410.0 
39434.0 39364.0 
24592.0 39940.0 
24820.0 39889.0 
Remove random   Add new
push: 53 pull: 154
Final PF: 
16023.0 43465.0 
18092.0 40466.0 
18545.0 40444.0 
16515.0 41507.0 
16595.0 41150.0 
17095.0 41087.0 
17171.0 40744.0 
18596.0 40337.0 
19912.0 40313.0 
21708.0 39999.0 
28763.0 39656.0 
36184.0 39410.0 
39434.0 39364.0 
21342.0 40064.0 
24592.0 39916.0 
24820.0 39889.0 
25513.0 39865.0 
32013.0 39573.0 
Remove random   Add random
push: 17 pull: 109
Final PF: 
16023.0 43465.0 
17171.0 40744.0 
21708.0 40015.0 
32013.0 39619.0 
16515.0 41382.0 
16595.0 41150.0 
21342.0 40104.0 
25513.0 39865.0 
28763.0 39678.0 
18092.0 40466.0 
18545.0 40444.0 
18596.0 40353.0 
21266.0 40310.0 
17095.0 41148.0 
36184.0 39410.0 
39434.0 39364.0 
24592.0 39934.0 
24820.0 39889.0 
Remove random   Add best
push: 54 pull: 153
Final PF: 
16023.0 43465.0 
16595.0 41211.0 
18092.0 40466.0 
28763.0 39678.0 
32013.0 39619.0 
16515.0 41443.0 
18545.0 40444.0 
18596.0 40377.0 
21266.0 40334.0 
21342.0 40128.0 
21657.0 40106.0 
21708.0 40039.0 
17171.0 40805.0 
36184.0 39410.0 
39434.0 39364.0 
17095.0 41148.0 
24592.0 39940.0 
24820.0 39889.0 
Remove random   Add diversity
push: 37 pull: 122
Final PF: 
39434.0 39364.0 
16023.0 43435.0 
17171.0 40744.0 
18596.0 40337.0 
19912.0 40313.0 
21266.0 40310.0 
21342.0 40064.0 
21708.0 39975.0 
24820.0 39865.0 
25513.0 39758.0 
28763.0 39656.0 
32013.0 39619.0 
32934.0 39512.0 
18092.0 40466.0 
18545.0 40444.0 
16515.0 41443.0 
16595.0 41211.0 
17095.0 41148.0 
31937.0 39631.0 
36184.0 39409.0 
24592.0 39916.0 
Remove worst   Add new
push: 43 pull: 130
Final PF: 
18092.0 40466.0 
18545.0 40444.0 
21266.0 40310.0 
24516.0 39972.0 
16023.0 43465.0 
16156.0 43184.0 
16515.0 41507.0 
16595.0 41150.0 
17095.0 41087.0 
17171.0 40744.0 
18596.0 40337.0 
19912.0 40313.0 
21708.0 39999.0 
25513.0 39782.0 
28763.0 39656.0 
32934.0 39535.0 
36184.0 39410.0 
39434.0 39364.0 
21342.0 40064.0 
24592.0 39916.0 
24820.0 39889.0 
32013.0 39573.0 
Remove worst   Add random
push: 19 pull: 82
Final PF: 
16156.0 43184.0 
16515.0 41382.0 
18545.0 40444.0 
18596.0 40337.0 
28763.0 39656.0 
32934.0 39535.0 
17171.0 40744.0 
18092.0 40466.0 
24820.0 39889.0 
16023.0 43435.0 
16595.0 41150.0 
17095.0 41069.0 
21266.0 40310.0 
19912.0 40313.0 
21708.0 39999.0 
24516.0 39974.0 
25513.0 39782.0 
36184.0 39410.0 
39434.0 39364.0 
21342.0 40064.0 
24592.0 39916.0 
32013.0 39573.0 
Remove worst   Add best
push: 43 pull: 133
Final PF: 
16023.0 43465.0 
16156.0 43184.0 
16595.0 41150.0 
18092.0 40466.0 
16515.0 41382.0 
17171.0 40744.0 
18545.0 40444.0 
21266.0 40310.0 
17095.0 41087.0 
18596.0 40337.0 
19912.0 40313.0 
21708.0 39999.0 
25513.0 39782.0 
28763.0 39656.0 
32934.0 39535.0 
36184.0 39410.0 
39434.0 39364.0 
21342.0 40064.0 
24592.0 39916.0 
24820.0 39865.0 
32013.0 39573.0 
Remove worst   Add diversity
push: 31 pull: 98
Final PF: 
39434.0 39364.0 
16023.0 43435.0 
17171.0 40744.0 
18092.0 40466.0 
18545.0 40444.0 
18596.0 40337.0 
19912.0 40313.0 
21266.0 40310.0 
21342.0 40064.0 
21708.0 39975.0 
24592.0 39916.0 
24820.0 39865.0 
25513.0 39758.0 
32013.0 39573.0 
16515.0 41382.0 
16595.0 41150.0 
17095.0 41087.0 
24516.0 39974.0 
32934.0 39535.0 
16494.0 43184.0 
28763.0 39632.0 
31937.0 39631.0 
36184.0 39399.0 
linkage migration
push: 11 pull: 75
Final PF: 
16023.0 42369.0 
16156.0 42088.0 
19912.0 40313.0 
21266.0 40310.0 
21342.0 40064.0 
21708.0 39975.0 
25513.0 39758.0 
27894.0 39757.0 
28763.0 39631.0 
32934.0 39512.0 
36108.0 39511.0 
39434.0 39327.0 
43605.0 39153.0 
16515.0 41382.0 
16595.0 41150.0 
17095.0 41069.0 
17171.0 40744.0 
18092.0 40466.0 
18545.0 40444.0 
18596.0 40337.0 
24516.0 39972.0 
31937.0 39629.0 
36184.0 39385.0 
43529.0 39276.0 
54276.0 39012.0 
24592.0 39915.0 
32013.0 39572.0 
40355.0 39286.0 
46855.0 39094.0 
24820.0 39865.0 



---------------------------------------
Quality Indicator Results: 

for each remove method 
Remove random   


 GD: 
46860.483
46898.603
46815.805
47206.129


 D1R: 
44214.441
44214.441
44270.659
44214.441
DCI: 
0.603
0.365
0.175
0.81


 IGD: 
75.576
129.797
171.903
10.905


 HV: 
0.993
0.988
0.984
1.0


Remove worst   


 GD: 
46974.928
46967.692
46972.41
47140.609


 D1R: 
44214.441
44214.441
44214.441
44214.441
DCI: 
0.609
0.696
0.652
0.87


 IGD: 
16.331
8.896
13.957
13.22


 HV: 
0.998
0.998
0.998
1.0



---------------------------------------
for each add method
Add new


 GD: 
46860.483
46974.928


 D1R: 
44214.441
44214.441
DCI: 
0.773
1.0


 IGD: 
75.798
0.0


 HV: 
0.994
1.0


Add random


 GD: 
46898.603
46967.692


 D1R: 
44214.441
44214.441
DCI: 
0.409
1.0


 IGD: 
135.827
0.0


 HV: 
0.989
1.0


Add best


 GD: 
46815.805
46972.41


 D1R: 
44270.659
44214.441
DCI: 
0.238
1.0


 IGD: 
180.118
0.0


 HV: 
0.985
1.0


Add diversity


 GD: 
47206.129
47140.609


 D1R: 
44214.441
44214.441
DCI: 
0.652
0.957


 IGD: 
38.796
1.0


 HV: 
0.999
1.0



---------------------------------------
 results for all together 

Remove nothing   Add nothing
Remove random   Add new
Remove random   Add random
Remove random   Add best
Remove random   Add diversity
Remove worst   Add new
Remove worst   Add random
Remove worst   Add best
Remove worst   Add diversity
Linkage migration


 GD: 
46957.101
46860.483
46898.603
46815.805
47206.129
46974.928
46967.692
46972.41
47140.609
49517.406


 D1R: 
44270.659
44214.441
44214.441
44270.659
44214.441
44214.441
44214.441
44214.441
44214.441
44214.441
DCI: 
0.067
0.278
0.2
0.067
0.389
0.344
0.378
0.378
0.467
1.0


 IGD: 
801.213
726.053
772.273
799.185
684.231
674.272
673.171
676.15
671.315
0.0


 HV: 
0.965
0.97
0.967
0.965
0.974
0.973
0.973
0.974
0.975
1.0


---------------------------------------
 actions for all together 

60 0
53 154
17 109
54 153
37 122
43 130
19 82
43 133
31 98
11 75

