seeds 1019 factoryScale7 numberOfIslands5 numberOfReplacement1 notImprovedInARow 3

remove and add nothing
push: 58 pull: 0
Final PF: 
18092.0 40466.0 
18545.0 40444.0 
25513.0 39798.0 
17516.0 41240.0 
18016.0 41159.0 
27894.0 39797.0 
28763.0 39671.0 
16023.0 43162.0 
16156.0 42719.0 
28687.0 39755.0 
32934.0 39565.0 
16816.0 42241.0 
16990.0 41442.0 
18596.0 40337.0 
19912.0 40313.0 
21342.0 40142.0 
21708.0 40053.0 
24516.0 40050.0 
24592.0 39994.0 
32013.0 39651.0 
36184.0 39439.0 
39434.0 39340.0 
Remove random   Add new
push: 52 pull: 153
Final PF: 
18092.0 40466.0 
18545.0 40444.0 
18596.0 40337.0 
19912.0 40313.0 
21266.0 40312.0 
21708.0 40042.0 
25513.0 39758.0 
17345.0 41406.0 
21342.0 40088.0 
21657.0 40071.0 
28763.0 39671.0 
16023.0 43162.0 
16156.0 42719.0 
28687.0 39755.0 
32934.0 39565.0 
16816.0 42241.0 
16990.0 41442.0 
17516.0 41228.0 
17745.0 41217.0 
18016.0 41129.0 
24592.0 39994.0 
32013.0 39651.0 
36184.0 39439.0 
39434.0 39340.0 
Remove random   Add random
push: 21 pull: 105
Final PF: 
16023.0 43162.0 
16156.0 42719.0 
17516.0 41185.0 
18016.0 41113.0 
18092.0 40466.0 
18545.0 40444.0 
18596.0 40337.0 
19912.0 40313.0 
25513.0 39798.0 
27894.0 39797.0 
28687.0 39755.0 
16990.0 41417.0 
21342.0 40104.0 
24592.0 39994.0 
28763.0 39671.0 
32013.0 39651.0 
32934.0 39565.0 
16816.0 41733.0 
21708.0 40015.0 
24516.0 39996.0 
24801.0 39974.0 
36184.0 39439.0 
39434.0 39340.0 
Remove random   Add best
push: 48 pull: 138
Final PF: 
16990.0 41442.0 
18092.0 40466.0 
18545.0 40444.0 
18596.0 40337.0 
19912.0 40313.0 
21266.0 40312.0 
25513.0 39758.0 
17345.0 41406.0 
17516.0 41240.0 
18016.0 41159.0 
21342.0 40088.0 
21657.0 40071.0 
21708.0 39999.0 
24592.0 39963.0 
28763.0 39656.0 
16023.0 43162.0 
16156.0 42719.0 
28687.0 39755.0 
32934.0 39565.0 
16816.0 42241.0 
32013.0 39651.0 
36184.0 39439.0 
39434.0 39340.0 
Remove random   Add diversity
push: 38 pull: 116
Final PF: 
16023.0 43162.0 
16156.0 42719.0 
16515.0 42003.0 
16956.0 41773.0 
18092.0 40466.0 
18545.0 40444.0 
18596.0 40337.0 
19912.0 40313.0 
25513.0 39758.0 
36184.0 39439.0 
16990.0 41387.0 
17516.0 41155.0 
18016.0 41074.0 
21266.0 40310.0 
24516.0 39972.0 
24801.0 39971.0 
28687.0 39755.0 
31937.0 39629.0 
39434.0 39340.0 
21342.0 40064.0 
21708.0 39975.0 
27894.0 39757.0 
28763.0 39632.0 
32934.0 39512.0 
Remove worst   Add new
push: 46 pull: 130
Final PF: 
18092.0 40466.0 
18545.0 40444.0 
18596.0 40337.0 
19912.0 40313.0 
21266.0 40310.0 
25513.0 39758.0 
16956.0 41896.0 
17345.0 41406.0 
21342.0 40088.0 
21657.0 40071.0 
21708.0 39999.0 
24592.0 39963.0 
24750.0 39946.0 
28763.0 39656.0 
32013.0 39620.0 
16023.0 43162.0 
16156.0 42719.0 
28687.0 39755.0 
32934.0 39565.0 
16816.0 42241.0 
16990.0 41442.0 
17516.0 41228.0 
17745.0 41217.0 
18016.0 41129.0 
36184.0 39439.0 
39434.0 39340.0 
Remove worst   Add random
push: 17 pull: 89
Final PF: 
16990.0 41387.0 
17516.0 41155.0 
18092.0 40466.0 
18545.0 40444.0 
18596.0 40337.0 
19912.0 40313.0 
21266.0 40310.0 
21342.0 40088.0 
21657.0 40071.0 
25513.0 39758.0 
28687.0 39755.0 
32013.0 39620.0 
16956.0 41896.0 
24592.0 39963.0 
24750.0 39946.0 
28763.0 39656.0 
16023.0 43162.0 
16156.0 42719.0 
18016.0 41074.0 
32934.0 39565.0 
16816.0 42176.0 
21708.0 39975.0 
24516.0 39974.0 
16595.0 42487.0 
36184.0 39423.0 
39434.0 39340.0 
Remove worst   Add best
push: 42 pull: 124
Final PF: 
16990.0 41442.0 
18092.0 40466.0 
18545.0 40444.0 
18596.0 40337.0 
19912.0 40313.0 
25513.0 39758.0 
16956.0 41896.0 
17345.0 41406.0 
21342.0 40088.0 
21657.0 40071.0 
21708.0 39999.0 
24592.0 39963.0 
24750.0 39946.0 
28763.0 39656.0 
32013.0 39620.0 
16023.0 43162.0 
16156.0 42719.0 
21266.0 40310.0 
28687.0 39755.0 
32934.0 39565.0 
16816.0 42241.0 
17516.0 41228.0 
17745.0 41217.0 
18016.0 41129.0 
36184.0 39439.0 
39434.0 39340.0 
Remove worst   Add diversity
push: 35 pull: 109
Final PF: 
18092.0 40466.0 
18545.0 40444.0 
18596.0 40337.0 
19912.0 40313.0 
25513.0 39758.0 
39434.0 39340.0 
16990.0 41387.0 
17516.0 41155.0 
18016.0 41074.0 
21266.0 40310.0 
21657.0 40082.0 
24516.0 39972.0 
24592.0 39934.0 
28687.0 39755.0 
31937.0 39629.0 
36184.0 39439.0 
16023.0 43162.0 
16156.0 42719.0 
16816.0 42176.0 
21342.0 40088.0 
21708.0 39975.0 
28763.0 39632.0 
32934.0 39512.0 
linkage migration
push: 19 pull: 76
Final PF: 
16816.0 41687.0 
16956.0 41576.0 
16990.0 41396.0 
17516.0 41164.0 
18016.0 41083.0 
18092.0 40466.0 
18545.0 40444.0 
18596.0 40337.0 
19912.0 40313.0 
21266.0 40310.0 
21342.0 40064.0 
21708.0 39975.0 
24516.0 39972.0 
24592.0 39915.0 
24820.0 39889.0 
25513.0 39758.0 
27894.0 39757.0 
28763.0 39631.0 
32013.0 39591.0 
32934.0 39512.0 
36108.0 39511.0 
36184.0 39386.0 
40355.0 39279.0 
43605.0 39177.0 
16023.0 43162.0 
16156.0 42719.0 
16595.0 42487.0 
28687.0 39755.0 
31937.0 39629.0 
39434.0 39327.0 
46855.0 39094.0 



---------------------------------------
Quality Indicator Results: 

for each remove method 
Remove random   


 GD: 
46899.907
47249.275
46986.322
47091.405


 D1R: 
44326.263
44326.263
44326.263
44326.263
DCI: 
0.417
0.417
0.458
0.917


 IGD: 
86.376
46.21
84.31
9.256


 HV: 
0.988
0.989
0.991
1.0


Remove worst   


 GD: 
46834.025
46929.314
46834.025
47054.536


 D1R: 
44326.263
44326.263
44326.263
44326.263
DCI: 
0.538
0.808
0.538
0.808


 IGD: 
33.76
7.097
33.76
30.696


 HV: 
0.995
0.998
0.995
1.0



---------------------------------------
for each add method
Add new


 GD: 
46899.907
46834.025


 D1R: 
44326.263
44326.263
DCI: 
0.731
1.0


 IGD: 
25.364
0.0


 HV: 
0.997
1.0


Add random


 GD: 
47249.275
46929.314


 D1R: 
44326.263
44326.263
DCI: 
0.4
0.96


 IGD: 
46.401
8.595


 HV: 
0.994
1.0


Add best


 GD: 
46986.322
46834.025


 D1R: 
44326.263
44326.263
DCI: 
0.731
1.0


 IGD: 
32.169
0.0


 HV: 
0.999
1.0


Add diversity


 GD: 
47091.405
47054.536


 D1R: 
44326.263
44326.263
DCI: 
0.958
0.833


 IGD: 
3.54
64.653


 HV: 
1.0
0.997



---------------------------------------
 results for all together 

Remove nothing   Add nothing
Remove random   Add new
Remove random   Add random
Remove random   Add best
Remove random   Add diversity
Remove worst   Add new
Remove worst   Add random
Remove worst   Add best
Remove worst   Add diversity
Linkage migration


 GD: 
47290.507
46899.907
47249.275
46986.322
47091.405
46834.025
46929.314
46834.025
47054.536
48472.15


 D1R: 
44326.263
44326.263
44326.263
44326.263
44326.263
44326.263
44326.263
44326.263
44326.263
44326.263
DCI: 
0.226
0.258
0.226
0.258
0.634
0.29
0.419
0.29
0.538
0.871


 IGD: 
245.863
260.021
226.054
257.991
196.312
248.792
239.835
248.792
243.609
15.447


 HV: 
0.981
0.983
0.984
0.985
0.991
0.986
0.988
0.986
0.989
1.0


---------------------------------------
 actions for all together 

58 0
52 153
21 105
48 138
38 116
46 130
17 89
42 124
35 109
19 76

