seeds 1001 factoryScale4 numberOfIslands5 numberOfReplacement1 notImprovedInARow 3

remove and add nothing
push: 58 pull: 0
Final PF: 
18092.0 40466.0 
18545.0 40444.0 
18596.0 40337.0 
19912.0 40313.0 
21266.0 40312.0 
21342.0 40064.0 
21708.0 39975.0 
24516.0 39974.0 
24592.0 39915.0 
27894.0 39781.0 
32013.0 39572.0 
16990.0 41387.0 
17516.0 41155.0 
18016.0 41074.0 
28763.0 39632.0 
16515.0 42262.0 
16816.0 41662.0 
32934.0 39525.0 
36184.0 39399.0 
43605.0 39384.0 
16290.0 48551.0 
16480.0 46826.0 
16494.0 45882.0 
25513.0 39782.0 
Remove random   Add new
push: 56 pull: 160
Final PF: 
18092.0 40466.0 
18545.0 40444.0 
18596.0 40337.0 
19912.0 40313.0 
21266.0 40312.0 
21342.0 40064.0 
21708.0 39975.0 
24516.0 39974.0 
24592.0 39915.0 
27894.0 39781.0 
32013.0 39572.0 
16990.0 41387.0 
17516.0 41155.0 
18016.0 41074.0 
28763.0 39632.0 
16515.0 42262.0 
16816.0 41662.0 
32934.0 39525.0 
36184.0 39399.0 
43605.0 39384.0 
16290.0 48551.0 
16480.0 46826.0 
16494.0 45882.0 
25513.0 39782.0 
Remove random   Add random
push: 25 pull: 112
Final PF: 
16290.0 48551.0 
16515.0 42262.0 
16595.0 41867.0 
17516.0 41155.0 
18092.0 40466.0 
18545.0 40444.0 
18596.0 40337.0 
19912.0 40313.0 
21266.0 40312.0 
21342.0 40064.0 
21708.0 39975.0 
24516.0 39974.0 
24592.0 39915.0 
24820.0 39865.0 
25513.0 39758.0 
28763.0 39632.0 
31937.0 39631.0 
32013.0 39572.0 
32934.0 39525.0 
36184.0 39399.0 
16023.0 49997.0 
16480.0 46826.0 
16990.0 41387.0 
18016.0 41074.0 
16816.0 41662.0 
43605.0 39384.0 
16494.0 45882.0 
Remove random   Add best
push: 48 pull: 144
Final PF: 
16990.0 41387.0 
18092.0 40466.0 
18545.0 40444.0 
18596.0 40337.0 
19912.0 40313.0 
21266.0 40312.0 
21342.0 40064.0 
21708.0 39975.0 
24516.0 39974.0 
24592.0 39915.0 
27894.0 39781.0 
32013.0 39572.0 
16956.0 41567.0 
17516.0 41155.0 
25513.0 39782.0 
28687.0 39757.0 
28763.0 39632.0 
31937.0 39631.0 
18016.0 41074.0 
16515.0 42262.0 
16595.0 41867.0 
16816.0 41662.0 
32934.0 39525.0 
36184.0 39399.0 
43605.0 39384.0 
16290.0 48551.0 
16480.0 46826.0 
16494.0 45882.0 
Remove random   Add diversity
push: 37 pull: 127
Final PF: 
16290.0 48551.0 
18016.0 41074.0 
18092.0 40466.0 
18545.0 40444.0 
18596.0 40337.0 
19912.0 40313.0 
21266.0 40312.0 
21342.0 40064.0 
21708.0 39975.0 
24516.0 39974.0 
24592.0 39915.0 
24820.0 39865.0 
25513.0 39758.0 
32013.0 39572.0 
32934.0 39525.0 
36184.0 39399.0 
42532.0 39382.0 
16023.0 49997.0 
31937.0 39629.0 
16990.0 41387.0 
17516.0 41155.0 
28763.0 39632.0 
16480.0 46826.0 
16494.0 45882.0 
16515.0 42262.0 
16595.0 41867.0 
16816.0 41662.0 
Remove worst   Add new
push: 49 pull: 132
Final PF: 
17516.0 41155.0 
18016.0 41074.0 
18092.0 40466.0 
18545.0 40444.0 
18596.0 40337.0 
19912.0 40313.0 
21266.0 40310.0 
21342.0 40064.0 
21708.0 39975.0 
24516.0 39972.0 
24592.0 39915.0 
27894.0 39781.0 
28763.0 39632.0 
32013.0 39572.0 
16990.0 41387.0 
16515.0 42262.0 
16595.0 41867.0 
16816.0 41662.0 
32934.0 39525.0 
36184.0 39399.0 
43605.0 39384.0 
16290.0 48551.0 
16480.0 46826.0 
16494.0 45882.0 
25513.0 39782.0 
Remove worst   Add random
push: 19 pull: 101
Final PF: 
16290.0 48551.0 
18016.0 41074.0 
18092.0 40466.0 
18545.0 40444.0 
18596.0 40337.0 
19912.0 40313.0 
21342.0 40064.0 
21708.0 39975.0 
24516.0 39972.0 
27894.0 39781.0 
28763.0 39632.0 
16494.0 45882.0 
21266.0 40310.0 
24592.0 39915.0 
24820.0 39865.0 
32013.0 39572.0 
32934.0 39525.0 
36184.0 39399.0 
16515.0 41624.0 
16519.0 41488.0 
16595.0 41211.0 
17095.0 41130.0 
43605.0 39384.0 
16480.0 46826.0 
25513.0 39782.0 
Remove worst   Add best
push: 45 pull: 126
Final PF: 
16990.0 41387.0 
17516.0 41155.0 
18016.0 41074.0 
18092.0 40466.0 
18545.0 40444.0 
18596.0 40337.0 
19912.0 40313.0 
21266.0 40310.0 
21342.0 40064.0 
21708.0 39975.0 
24516.0 39972.0 
24592.0 39915.0 
27894.0 39781.0 
28763.0 39632.0 
32013.0 39572.0 
16956.0 41567.0 
24820.0 39884.0 
25513.0 39782.0 
28687.0 39757.0 
31937.0 39631.0 
16515.0 42262.0 
16595.0 41867.0 
16816.0 41662.0 
32934.0 39525.0 
36184.0 39399.0 
43605.0 39384.0 
16290.0 48551.0 
16480.0 46826.0 
16494.0 45882.0 
Remove worst   Add diversity
push: 34 pull: 113
Final PF: 
16290.0 48551.0 
16494.0 43301.0 
18092.0 40466.0 
18545.0 40444.0 
18596.0 40337.0 
19912.0 40313.0 
21342.0 40064.0 
21708.0 39975.0 
24516.0 39974.0 
24592.0 39915.0 
24820.0 39889.0 
25513.0 39758.0 
28763.0 39632.0 
32013.0 39572.0 
32934.0 39525.0 
36184.0 39399.0 
21266.0 40310.0 
16023.0 49997.0 
16275.0 49603.0 
16515.0 41515.0 
16595.0 41120.0 
17095.0 41021.0 
43605.0 39384.0 
16480.0 46826.0 
28687.0 39757.0 
linkage migration
push: 14 pull: 67
Final PF: 
18092.0 40466.0 
18545.0 40444.0 
18596.0 40337.0 
19912.0 40313.0 
21342.0 40064.0 
21708.0 39975.0 
24516.0 39974.0 
24592.0 39915.0 
24820.0 39865.0 
25513.0 39758.0 
28763.0 39632.0 
31937.0 39631.0 
32013.0 39572.0 
32934.0 39512.0 
36184.0 39386.0 
39434.0 39327.0 
42684.0 39291.0 
43605.0 39153.0 
46855.0 39094.0 
16023.0 42996.0 
16156.0 41932.0 
16595.0 41700.0 
40355.0 39303.0 
51026.0 39071.0 
16990.0 41387.0 
17516.0 41155.0 
18016.0 41074.0 
21266.0 40310.0 
27894.0 39757.0 
28687.0 39756.0 
16816.0 41481.0 



---------------------------------------
Quality Indicator Results: 

for each remove method 
Remove random   


 GD: 
47586.572
47735.821
47568.929
47706.386


 D1R: 
44326.263
44326.263
44326.263
44326.263
DCI: 
0.724
0.862
0.828
0.931


 IGD: 
84.13
10.948
59.65
47.879


 HV: 
0.999
1.0
1.0
1.0


Remove worst   


 GD: 
47484.41
47506.824
47548.371
48024.202


 D1R: 
44326.263
44326.263
44326.263
44326.263
DCI: 
0.593
0.667
0.667
0.852


 IGD: 
207.349
173.833
190.426
5.537


 HV: 
0.997
0.999
0.997
1.0



---------------------------------------
for each add method
Add new


 GD: 
47586.572
47484.41


 D1R: 
44326.263
44326.263
DCI: 
0.88
1.0


 IGD: 
12.218
0.0


 HV: 
1.0
1.0


Add random


 GD: 
47735.821
47506.824


 D1R: 
44326.263
44326.263
DCI: 
0.769
0.885


 IGD: 
50.542
61.179


 HV: 
0.999
1.0


Add best


 GD: 
47568.929
47548.371


 D1R: 
44326.263
44326.263
DCI: 
0.897
1.0


 IGD: 
8.072
0.0


 HV: 
1.0
1.0


Add diversity


 GD: 
47706.386
48024.202


 D1R: 
44326.263
44326.263
DCI: 
0.731
0.885


 IGD: 
109.528
45.846


 HV: 
0.998
1.0



---------------------------------------
 results for all together 

Remove nothing   Add nothing
Remove random   Add new
Remove random   Add random
Remove random   Add best
Remove random   Add diversity
Remove worst   Add new
Remove worst   Add random
Remove worst   Add best
Remove worst   Add diversity
Linkage migration


 GD: 
47586.572
47586.572
47735.821
47568.929
47706.386
47484.41
47506.824
47548.371
48024.202
49181.422


 D1R: 
44326.263
44326.263
44326.263
44326.263
44326.263
44326.263
44326.263
44326.263
44326.263
44326.263
DCI: 
0.3
0.3
0.367
0.322
0.4
0.367
0.433
0.389
0.489
0.8


 IGD: 
495.905
495.905
511.757
486.206
510.392
494.256
461.852
478.675
448.313
42.58


 HV: 
0.983
0.983
0.984
0.983
0.984
0.983
0.984
0.983
0.985
1.0


---------------------------------------
 actions for all together 

58 0
56 160
25 112
48 144
37 127
49 132
19 101
45 126
34 113
14 67

