seeds 1012 factoryScale5 numberOfIslands5 numberOfReplacement1 notImprovedInARow 3

remove and add nothing
push: 57 pull: 0
Final PF: 
24592.0 39980.0 
24820.0 39954.0 
28763.0 39697.0 
16290.0 43536.0 
18092.0 40466.0 
18545.0 40449.0 
18596.0 40337.0 
19912.0 40313.0 
21266.0 40312.0 
25513.0 39758.0 
32934.0 39536.0 
36184.0 39464.0 
39434.0 39429.0 
16093.0 45874.0 
21342.0 40104.0 
21708.0 40015.0 
16515.0 41382.0 
16595.0 41150.0 
17095.0 41087.0 
17171.0 40744.0 
Remove random   Add new
push: 52 pull: 147
Final PF: 
18092.0 40466.0 
18545.0 40449.0 
18596.0 40337.0 
19912.0 40313.0 
21266.0 40312.0 
21708.0 39975.0 
24516.0 39974.0 
24592.0 39939.0 
25513.0 39758.0 
28763.0 39632.0 
31937.0 39631.0 
32934.0 39536.0 
16023.0 51066.0 
16093.0 45469.0 
16290.0 43385.0 
21342.0 40104.0 
16515.0 41382.0 
16595.0 41150.0 
17095.0 41087.0 
17171.0 40744.0 
36184.0 39386.0 
Remove random   Add random
push: 18 pull: 95
Final PF: 
17171.0 40744.0 
18092.0 40466.0 
18596.0 40337.0 
19912.0 40313.0 
21708.0 39975.0 
24516.0 39974.0 
24592.0 39915.0 
24820.0 39889.0 
25513.0 39758.0 
27894.0 39757.0 
28763.0 39632.0 
16093.0 45379.0 
16515.0 41382.0 
16595.0 41150.0 
17095.0 41087.0 
21266.0 40310.0 
31937.0 39631.0 
16290.0 43295.0 
32934.0 39525.0 
36184.0 39444.0 
39434.0 39429.0 
40355.0 39279.0 
18545.0 40444.0 
21342.0 40088.0 
Remove random   Add best
push: 43 pull: 130
Final PF: 
16515.0 41382.0 
16595.0 41150.0 
31937.0 39631.0 
16290.0 43536.0 
18092.0 40466.0 
18545.0 40449.0 
18596.0 40337.0 
19912.0 40313.0 
21266.0 40312.0 
21708.0 39975.0 
24516.0 39974.0 
24592.0 39939.0 
25513.0 39758.0 
28763.0 39632.0 
17095.0 41069.0 
17171.0 40744.0 
32934.0 39532.0 
40355.0 39279.0 
43605.0 39159.0 
16093.0 45874.0 
21342.0 40104.0 
32013.0 39596.0 
36184.0 39386.0 
Remove random   Add diversity
push: 36 pull: 117
Final PF: 
40355.0 39279.0 
18092.0 40466.0 
18596.0 40337.0 
19912.0 40313.0 
21266.0 40312.0 
21708.0 39975.0 
24516.0 39974.0 
24592.0 39939.0 
25513.0 39758.0 
28763.0 39632.0 
31937.0 39631.0 
15590.0 46866.0 
16093.0 45414.0 
16290.0 43330.0 
32934.0 39525.0 
36184.0 39386.0 
18545.0 40444.0 
21342.0 40064.0 
28687.0 39757.0 
16515.0 41382.0 
16595.0 41150.0 
17095.0 41087.0 
17171.0 40744.0 
Remove worst   Add new
push: 46 pull: 131
Final PF: 
36184.0 39410.0 
16290.0 43536.0 
18092.0 40466.0 
18596.0 40337.0 
19912.0 40313.0 
21266.0 40312.0 
25513.0 39758.0 
28687.0 39757.0 
32934.0 39536.0 
43605.0 39388.0 
16093.0 45874.0 
18545.0 40444.0 
21342.0 40104.0 
16515.0 41382.0 
16595.0 41150.0 
17095.0 41087.0 
17171.0 40744.0 
21708.0 39975.0 
24592.0 39939.0 
28763.0 39678.0 
32013.0 39642.0 
Remove worst   Add random
push: 22 pull: 74
Final PF: 
18596.0 40337.0 
28687.0 39757.0 
32934.0 39512.0 
36184.0 39410.0 
16290.0 43536.0 
18092.0 40466.0 
18545.0 40444.0 
19912.0 40313.0 
21266.0 40312.0 
21708.0 39975.0 
24516.0 39974.0 
25513.0 39758.0 
28763.0 39632.0 
31937.0 39631.0 
32013.0 39619.0 
21342.0 40064.0 
40355.0 39319.0 
16093.0 45874.0 
16515.0 41382.0 
16595.0 41150.0 
17095.0 41087.0 
17171.0 40744.0 
24592.0 39916.0 
24820.0 39865.0 
39434.0 39386.0 
Remove worst   Add best
push: 38 pull: 118
Final PF: 
16595.0 41150.0 
16290.0 43536.0 
18092.0 40466.0 
18596.0 40337.0 
19912.0 40313.0 
21266.0 40312.0 
25513.0 39758.0 
28687.0 39757.0 
16515.0 41382.0 
17095.0 41069.0 
17171.0 40744.0 
21708.0 39975.0 
24592.0 39939.0 
28763.0 39632.0 
32013.0 39596.0 
32934.0 39512.0 
36184.0 39386.0 
16093.0 45874.0 
18545.0 40444.0 
21342.0 40104.0 
Remove worst   Add diversity
push: 31 pull: 103
Final PF: 
36184.0 39393.0 
16290.0 43265.0 
18092.0 40466.0 
18596.0 40337.0 
19912.0 40313.0 
21266.0 40312.0 
21708.0 39975.0 
24516.0 39974.0 
25513.0 39758.0 
28687.0 39757.0 
28763.0 39632.0 
31937.0 39631.0 
15590.0 47053.0 
16093.0 45349.0 
40355.0 39303.0 
43605.0 39176.0 
18545.0 40444.0 
21342.0 40064.0 
32934.0 39525.0 
16515.0 41382.0 
16595.0 41150.0 
17095.0 41087.0 
17171.0 40744.0 
24592.0 39916.0 
linkage migration
push: 23 pull: 92
Final PF: 
18596.0 40337.0 
19912.0 40313.0 
21708.0 39975.0 
25513.0 39758.0 
32013.0 39573.0 
16093.0 45874.0 
18092.0 40466.0 
21342.0 40064.0 
24516.0 39974.0 
28687.0 39757.0 
32934.0 39512.0 
16290.0 43330.0 
24820.0 39865.0 
28763.0 39631.0 
36184.0 39385.0 
40355.0 39303.0 
43605.0 39159.0 
18545.0 40444.0 
21266.0 40310.0 
46855.0 39141.0 
16515.0 41382.0 
16595.0 41150.0 
17095.0 41087.0 
17171.0 40744.0 
24592.0 39916.0 



---------------------------------------
Quality Indicator Results: 

for each remove method 
Remove random   


 GD: 
46965.737
47508.764
47787.129
47275.656


 D1R: 
44214.441
44214.441
44214.441
44214.441
DCI: 
0.462
0.769
0.615
0.654


 IGD: 
559.872
192.525
116.831
172.166


 HV: 
0.992
0.993
0.993
1.0


Remove worst   


 GD: 
47346.832
47688.892
46769.856
47750.688


 D1R: 
44214.441
44214.441
44214.441
44214.441
DCI: 
0.423
0.692
0.615
0.808


 IGD: 
238.004
86.353
268.788
14.212


 HV: 
0.996
0.999
0.998
1.0



---------------------------------------
for each add method
Add new


 GD: 
46965.737
47346.832


 D1R: 
44214.441
44214.441
DCI: 
0.909
0.682


 IGD: 
6.877
271.77


 HV: 
1.0
0.999


Add random


 GD: 
47508.764
47688.892


 D1R: 
44214.441
44214.441
DCI: 
0.76
0.787


 IGD: 
8.598
62.88


 HV: 
0.999
1.0


Add best


 GD: 
47787.129
46769.856


 D1R: 
44214.441
44214.441
DCI: 
0.875
0.833


 IGD: 
7.137
490.174


 HV: 
1.0
0.998


Add diversity


 GD: 
47275.656
47750.688


 D1R: 
44214.441
44214.441
DCI: 
0.833
0.875


 IGD: 
6.652
9.478


 HV: 
1.0
0.999



---------------------------------------
 results for all together 

Remove nothing   Add nothing
Remove random   Add new
Remove random   Add random
Remove random   Add best
Remove random   Add diversity
Remove worst   Add new
Remove worst   Add random
Remove worst   Add best
Remove worst   Add diversity
Linkage migration


 GD: 
46923.632
46965.737
47508.764
47787.129
47275.656
47346.832
47688.892
46769.856
47750.688
48199.575


 D1R: 
44214.441
44214.441
44214.441
44214.441
44214.441
44214.441
44214.441
44214.441
44214.441
44214.441
DCI: 
0.269
0.397
0.564
0.513
0.551
0.346
0.551
0.474
0.551
0.756


 IGD: 
372.726
585.996
204.664
125.676
182.781
270.178
243.527
588.498
55.73
101.53


 HV: 
0.988
0.991
0.993
0.994
0.999
0.99
0.992
0.991
1.0
0.995


---------------------------------------
 actions for all together 

57 0
52 147
18 95
43 130
36 117
46 131
22 74
38 118
31 103
23 92

