seeds 1028 factoryScale7 numberOfIslands5 numberOfReplacement1 notImprovedInARow 3

remove and add nothing
push: 50 pull: 0
Final PF: 
21266.0 255449.0 
22263.0 246027.0 
24750.0 245904.0 
20238.0 256673.0 
20838.0 255807.0 
21342.0 249211.0 
28687.0 245139.0 
28763.0 244446.0 
32013.0 243993.0 
38858.0 243614.0 
19505.0 264833.0 
21708.0 247628.0 
25513.0 245203.0 
Remove random   Add new
push: 36 pull: 109
Final PF: 
21266.0 255449.0 
20238.0 256673.0 
20838.0 255807.0 
21342.0 249211.0 
21708.0 244986.0 
24516.0 244903.0 
24750.0 244607.0 
28763.0 243907.0 
32013.0 243524.0 
37861.0 243179.0 
19505.0 264833.0 
21689.0 248146.0 
Remove random   Add random
push: 15 pull: 82
Final PF: 
20238.0 256673.0 
21266.0 255449.0 
28687.0 244753.0 
31437.0 243957.0 
22263.0 246026.0 
25513.0 245203.0 
20838.0 255807.0 
24592.0 245683.0 
27266.0 244939.0 
28763.0 244348.0 
36184.0 243507.0 
21342.0 247561.0 
21708.0 247259.0 
18922.0 261173.0 
Remove random   Add best
push: 30 pull: 108
Final PF: 
21708.0 247162.0 
22263.0 246027.0 
24750.0 245904.0 
20238.0 256673.0 
21266.0 253687.0 
21342.0 248478.0 
24592.0 245973.0 
24801.0 245774.0 
28687.0 245026.0 
28763.0 244227.0 
31437.0 243957.0 
36184.0 243507.0 
19466.0 267779.0 
19505.0 264833.0 
20457.0 254993.0 
25513.0 245203.0 
Remove random   Add diversity
push: 23 pull: 89
Final PF: 
21708.0 246801.0 
20238.0 256673.0 
21266.0 255449.0 
22263.0 246026.0 
23480.0 245976.0 
24731.0 245925.0 
24750.0 245903.0 
19505.0 264833.0 
20838.0 255807.0 
28763.0 244191.0 
31437.0 243957.0 
36184.0 243507.0 
21342.0 247501.0 
25513.0 245203.0 
28000.0 245022.0 
28187.0 244703.0 
Remove worst   Add new
push: 36 pull: 96
Final PF: 
22263.0 246027.0 
20238.0 256673.0 
20838.0 255807.0 
21266.0 253687.0 
21342.0 248269.0 
21708.0 246969.0 
23940.0 245484.0 
23950.0 245420.0 
28687.0 244855.0 
28763.0 244189.0 
31361.0 243811.0 
36184.0 243507.0 
19505.0 264833.0 
25513.0 245203.0 
Remove worst   Add random
push: 16 pull: 72
Final PF: 
21266.0 254797.0 
21342.0 247561.0 
21708.0 246716.0 
22263.0 246027.0 
25513.0 245203.0 
28687.0 244979.0 
20238.0 256673.0 
20838.0 255807.0 
24516.0 245450.0 
28763.0 244348.0 
31437.0 243957.0 
36184.0 243507.0 
18615.0 258724.0 
19471.0 258106.0 
Remove worst   Add best
push: 35 pull: 90
Final PF: 
22263.0 246027.0 
24592.0 245901.0 
20238.0 256673.0 
20838.0 255807.0 
21266.0 253687.0 
21342.0 248478.0 
21708.0 247269.0 
23950.0 246025.0 
24801.0 245774.0 
24937.0 245453.0 
28687.0 244638.0 
28763.0 243765.0 
36184.0 242848.0 
19505.0 264833.0 
25513.0 245203.0 
Remove worst   Add diversity
push: 24 pull: 90
Final PF: 
20838.0 255807.0 
24592.0 245901.0 
28687.0 244660.0 
22263.0 246026.0 
19471.0 256342.0 
21266.0 252031.0 
21708.0 246830.0 
28763.0 244191.0 
31437.0 243957.0 
36184.0 243507.0 
21342.0 247561.0 
25513.0 245203.0 
linkage migration
push: 10 pull: 49
Final PF: 
21708.0 243668.0 
24820.0 243571.0 
27894.0 241276.0 
28687.0 241095.0 
29684.0 239093.0 
25513.0 243030.0 
32934.0 238572.0 
19466.0 267779.0 
19471.0 254394.0 
19505.0 254308.0 
20955.0 253998.0 
21108.0 252159.0 
21342.0 245852.0 
27842.0 242971.0 



---------------------------------------
Quality Indicator Results: 

for each remove method 
Remove random   


 GD: 
250872.994
250038.75
251193.567
249882.179


 D1R: 
245597.099
245974.191
245914.899
245879.146
DCI: 
0.583
0.25
0.333
0.25


 IGD: 
734.007
710.153
834.894
1021.191


 HV: 
1.0
0.995
0.98
0.98


Remove worst   


 GD: 
250182.681
250661.472
250051.758
248998.253


 D1R: 
245819.682
245974.191
245456.076
245879.146
DCI: 
0.359
0.436
0.436
0.462


 IGD: 
565.912
483.69
559.627
409.868


 HV: 
0.971
1.0
0.973
0.989



---------------------------------------
for each add method
Add new


 GD: 
250872.994
250182.681


 D1R: 
245597.099
245819.682
DCI: 
0.714
0.5


 IGD: 
218.656
460.444


 HV: 
1.0
0.98


Add random


 GD: 
250038.75
250661.472


 D1R: 
245974.191
245974.191
DCI: 
0.667
0.844


 IGD: 
368.907
109.904


 HV: 
0.981
1.0


Add best


 GD: 
251193.567
250051.758


 D1R: 
245914.899
245456.076
DCI: 
0.625
0.812


 IGD: 
119.67
288.188


 HV: 
0.996
1.0


Add diversity


 GD: 
249882.179
248998.253


 D1R: 
245879.146
245879.146
DCI: 
0.733
0.667


 IGD: 
324.637
165.461


 HV: 
0.979
1.0



---------------------------------------
 results for all together 

Remove nothing   Add nothing
Remove random   Add new
Remove random   Add random
Remove random   Add best
Remove random   Add diversity
Remove worst   Add new
Remove worst   Add random
Remove worst   Add best
Remove worst   Add diversity
Linkage migration


 GD: 
250856.545
250872.994
250038.75
251193.567
249882.179
250182.681
250661.472
250051.758
248998.253
248513.624


 D1R: 
246084.165
245597.099
245974.191
245914.899
245879.146
245819.682
245974.191
245456.076
245879.146
240834.482
DCI: 
0.0
0.0
0.0
0.0
0.0
0.0
0.067
0.0
0.067
0.867


 IGD: 
2497.123
2192.6
2515.355
2058.418
2494.753
2144.276
2179.547
2045.444
2046.04
329.796


 HV: 
0.834
0.859
0.854
0.842
0.842
0.844
0.867
0.848
0.855
1.0


---------------------------------------
 actions for all together 

50 0
36 109
15 82
30 108
23 89
36 96
16 72
35 90
24 90
10 49

