seeds 1017 factoryScale10 numberOfIslands5 numberOfReplacement1 notImprovedInARow 3

remove and add nothing
push: 57 pull: 0
Final PF: 
16023.0 43412.0 
16156.0 42878.0 
16495.0 42815.0 
21342.0 40064.0 
24592.0 39916.0 
32013.0 39597.0 
36184.0 39475.0 
42608.0 39324.0 
45858.0 39288.0 
16515.0 42081.0 
16595.0 41849.0 
18092.0 40466.0 
18545.0 40444.0 
18596.0 40337.0 
19912.0 40313.0 
21266.0 40310.0 
21708.0 39975.0 
24820.0 39865.0 
25513.0 39798.0 
28687.0 39797.0 
28763.0 39729.0 
39434.0 39437.0 
16990.0 41387.0 
17516.0 41155.0 
18016.0 41092.0 
Remove random   Add new
push: 54 pull: 153
Final PF: 
16023.0 43321.0 
16156.0 42878.0 
16495.0 42815.0 
21342.0 40064.0 
24592.0 39916.0 
32013.0 39573.0 
35263.0 39537.0 
36184.0 39475.0 
42608.0 39324.0 
45858.0 39288.0 
16515.0 42081.0 
16595.0 41849.0 
18092.0 40466.0 
18545.0 40444.0 
18596.0 40337.0 
19912.0 40313.0 
21266.0 40310.0 
21708.0 39975.0 
24516.0 39974.0 
24820.0 39865.0 
25513.0 39798.0 
28687.0 39797.0 
28763.0 39656.0 
39434.0 39437.0 
16990.0 41387.0 
17516.0 41155.0 
18016.0 41092.0 
Remove random   Add random
push: 22 pull: 100
Final PF: 
16023.0 43321.0 
16156.0 42878.0 
16495.0 42815.0 
18092.0 40466.0 
18545.0 40444.0 
18596.0 40337.0 
21266.0 40310.0 
21708.0 39975.0 
24592.0 39916.0 
24820.0 39865.0 
19912.0 40313.0 
21342.0 40064.0 
25513.0 39758.0 
28687.0 39757.0 
32013.0 39573.0 
32934.0 39512.0 
36184.0 39475.0 
39434.0 39327.0 
42608.0 39324.0 
42684.0 39291.0 
45858.0 39288.0 
16515.0 41334.0 
16595.0 41102.0 
17095.0 41039.0 
17171.0 40835.0 
28763.0 39632.0 
24516.0 39974.0 
Remove random   Add best
push: 50 pull: 151
Final PF: 
16023.0 43321.0 
16156.0 42878.0 
16495.0 42815.0 
16990.0 41387.0 
21342.0 40064.0 
24592.0 39916.0 
32013.0 39573.0 
35263.0 39537.0 
36184.0 39475.0 
42608.0 39324.0 
45858.0 39288.0 
16515.0 42081.0 
16595.0 41849.0 
18092.0 40466.0 
18545.0 40444.0 
18596.0 40337.0 
19912.0 40313.0 
21266.0 40310.0 
21708.0 39975.0 
24516.0 39974.0 
24820.0 39865.0 
25513.0 39758.0 
28763.0 39656.0 
32934.0 39549.0 
39434.0 39437.0 
17516.0 41155.0 
18016.0 41092.0 
Remove random   Add diversity
push: 32 pull: 117
Final PF: 
16023.0 43321.0 
39434.0 39437.0 
45858.0 39288.0 
18016.0 41074.0 
21342.0 40064.0 
21708.0 39975.0 
24592.0 39916.0 
28763.0 39632.0 
32013.0 39573.0 
42608.0 39324.0 
16156.0 42762.0 
16495.0 42699.0 
16515.0 42081.0 
16595.0 41849.0 
18092.0 40466.0 
18545.0 40444.0 
18596.0 40337.0 
19912.0 40313.0 
21266.0 40310.0 
24516.0 39974.0 
24820.0 39865.0 
25513.0 39758.0 
32934.0 39536.0 
36184.0 39464.0 
16990.0 41387.0 
17516.0 41155.0 
Remove worst   Add new
push: 46 pull: 132
Final PF: 
16023.0 43321.0 
16156.0 42878.0 
16495.0 42815.0 
28763.0 39715.0 
21342.0 40064.0 
24592.0 39916.0 
24820.0 39865.0 
32013.0 39573.0 
35263.0 39537.0 
36184.0 39475.0 
42608.0 39324.0 
45858.0 39288.0 
16515.0 42081.0 
16595.0 41849.0 
18092.0 40466.0 
18545.0 40444.0 
18596.0 40337.0 
19912.0 40313.0 
21266.0 40310.0 
21708.0 39975.0 
24516.0 39974.0 
25513.0 39758.0 
32934.0 39549.0 
39434.0 39437.0 
16990.0 41387.0 
17516.0 41155.0 
18016.0 41074.0 
Remove worst   Add random
push: 16 pull: 93
Final PF: 
16956.0 41619.0 
18545.0 40444.0 
21342.0 40064.0 
21708.0 39975.0 
28763.0 39632.0 
45858.0 39288.0 
17516.0 41155.0 
18016.0 41074.0 
24516.0 39974.0 
24592.0 39916.0 
24820.0 39865.0 
31937.0 39631.0 
32013.0 39573.0 
42608.0 39324.0 
18092.0 40466.0 
18596.0 40337.0 
19912.0 40313.0 
21266.0 40310.0 
25513.0 39758.0 
32934.0 39512.0 
36184.0 39399.0 
43605.0 39317.0 
51026.0 39071.0 
16023.0 42442.0 
16156.0 41999.0 
16595.0 41767.0 
16990.0 41387.0 
Remove worst   Add best
push: 35 pull: 113
Final PF: 
16156.0 41879.0 
18016.0 41074.0 
21342.0 40064.0 
24592.0 39916.0 
32013.0 39573.0 
42608.0 39324.0 
45858.0 39288.0 
16595.0 41647.0 
18092.0 40466.0 
18545.0 40444.0 
18596.0 40337.0 
19912.0 40313.0 
21266.0 40310.0 
21708.0 39975.0 
24516.0 39974.0 
24820.0 39865.0 
25513.0 39758.0 
28763.0 39632.0 
32934.0 39512.0 
36184.0 39386.0 
43605.0 39304.0 
16956.0 41536.0 
16023.0 42322.0 
16990.0 41387.0 
17516.0 41155.0 
Remove worst   Add diversity
push: 32 pull: 119
Final PF: 
16023.0 42596.0 
18016.0 41074.0 
21342.0 40064.0 
21708.0 39975.0 
24516.0 39974.0 
24592.0 39916.0 
24820.0 39865.0 
28763.0 39632.0 
31937.0 39631.0 
32013.0 39573.0 
42608.0 39324.0 
45858.0 39288.0 
18092.0 40466.0 
18545.0 40444.0 
18596.0 40337.0 
19912.0 40313.0 
21266.0 40310.0 
25513.0 39758.0 
32934.0 39512.0 
36184.0 39386.0 
39358.0 39385.0 
43605.0 39304.0 
16156.0 42029.0 
16595.0 41797.0 
16990.0 41387.0 
17516.0 41155.0 
linkage migration
push: 19 pull: 78
Final PF: 
16023.0 42389.0 
16156.0 41946.0 
16595.0 41714.0 
16956.0 41603.0 
18092.0 40466.0 
18596.0 40337.0 
16990.0 41387.0 
17516.0 41155.0 
18016.0 41074.0 
18545.0 40444.0 
19912.0 40313.0 
21266.0 40310.0 
21342.0 40064.0 
21708.0 39975.0 
24592.0 39915.0 
25513.0 39758.0 
28687.0 39755.0 
32013.0 39573.0 
32934.0 39512.0 
40355.0 39319.0 
24516.0 39972.0 
24820.0 39865.0 
43605.0 39153.0 
28763.0 39631.0 
31937.0 39628.0 
36184.0 39386.0 
39434.0 39340.0 



---------------------------------------
Quality Indicator Results: 

for each remove method 
Remove random   


 GD: 
47953.037
48299.141
48040.961
47840.667


 D1R: 
44326.263
44298.312
44326.263
44326.263
DCI: 
0.519
0.889
0.556
0.704


 IGD: 
120.813
9.0
89.716
80.083


 HV: 
0.985
1.0
0.986
0.988


Remove worst   


 GD: 
48042.12
48675.783
47946.035
48496.172


 D1R: 
44326.263
44326.263
44326.263
44326.263
DCI: 
0.607
0.75
0.893
0.821


 IGD: 
281.466
130.108
301.506
210.692


 HV: 
0.988
0.998
1.0
0.999



---------------------------------------
for each add method
Add new


 GD: 
47953.037
48042.12


 D1R: 
44326.263
44326.263
DCI: 
0.889
0.963


 IGD: 
36.271
2.185


 HV: 
1.0
1.0


Add random


 GD: 
48299.141
48675.783


 D1R: 
44298.312
44326.263
DCI: 
0.821
0.75


 IGD: 
51.228
191.282


 HV: 
1.0
0.997


Add best


 GD: 
48040.961
47946.035


 D1R: 
44326.263
44326.263
DCI: 
0.64
1.0


 IGD: 
99.193
0.0


 HV: 
0.988
1.0


Add diversity


 GD: 
47840.667
48496.172


 D1R: 
44326.263
44326.263
DCI: 
0.692
1.0


 IGD: 
73.629
0.0


 HV: 
0.991
1.0



---------------------------------------
 results for all together 

Remove nothing   Add nothing
Remove random   Add new
Remove random   Add random
Remove random   Add best
Remove random   Add diversity
Remove worst   Add new
Remove worst   Add random
Remove worst   Add best
Remove worst   Add diversity
Linkage migration


 GD: 
47800.97
47953.037
48299.141
48040.961
47840.667
48042.12
48675.783
47946.035
48496.172
47866.406


 D1R: 
44326.263
44326.263
44298.312
44326.263
44326.263
44326.263
44326.263
44326.263
44326.263
44326.263
DCI: 
0.299
0.333
0.632
0.368
0.391
0.368
0.46
0.529
0.494
0.655


 IGD: 
363.458
357.266
262.148
328.19
324.176
328.882
374.136
542.863
300.579
432.916


 HV: 
0.977
0.98
0.992
0.981
0.983
0.98
0.989
0.991
0.99
1.0


---------------------------------------
 actions for all together 

57 0
54 153
22 100
50 151
32 117
46 132
16 93
35 113
32 119
19 78

