seeds 1022 factoryScale1 numberOfIslands5 numberOfReplacement1 notImprovedInARow 3

traditional MOEA/D
push: 12 pull: 0
Final PF: 
16745.0 44039.0 
16816.0 42577.0 
16990.0 41396.0 
17516.0 41164.0 
18016.0 41101.0 
18092.0 40466.0 
18545.0 40444.0 
18596.0 40337.0 
19912.0 40313.0 
21266.0 40310.0 
21342.0 40064.0 
21708.0 39975.0 
24516.0 39972.0 
24592.0 39916.0 
24820.0 39865.0 
25513.0 39758.0 
27894.0 39757.0 
28763.0 39632.0 
31937.0 39631.0 
32013.0 39573.0 
32934.0 39511.0 
36108.0 39509.0 
36184.0 39386.0 
39358.0 39385.0 
39434.0 39327.0 
40355.0 39279.0 
43605.0 39153.0 
46855.0 39094.0 
remove and add nothing
push: 55 pull: 0
Final PF: 
18596.0 40337.0 
19912.0 40313.0 
21266.0 40310.0 
21708.0 39975.0 
25513.0 39758.0 
36184.0 39386.0 
21342.0 40064.0 
24516.0 39974.0 
24592.0 39939.0 
16571.0 41792.0 
17171.0 40744.0 
39434.0 39351.0 
16156.0 41879.0 
16595.0 41647.0 
16956.0 41536.0 
17095.0 41473.0 
28763.0 39631.0 
31937.0 39630.0 
32934.0 39548.0 
36108.0 39523.0 
16990.0 41501.0 
18092.0 40561.0 
18545.0 40544.0 
Remove random   Add new
push: 48 pull: 147
Final PF: 
18596.0 40337.0 
19912.0 40313.0 
21266.0 40310.0 
21708.0 39975.0 
25513.0 39758.0 
36184.0 39386.0 
21342.0 40064.0 
24516.0 39974.0 
16571.0 41792.0 
17171.0 40744.0 
24592.0 39915.0 
24820.0 39884.0 
39434.0 39351.0 
16156.0 41879.0 
16595.0 41647.0 
16956.0 41536.0 
17095.0 41473.0 
28763.0 39631.0 
31937.0 39630.0 
32934.0 39548.0 
36108.0 39523.0 
16990.0 41501.0 
18092.0 40561.0 
18545.0 40544.0 
Remove random   Add random
push: 22 pull: 101
Final PF: 
16571.0 41792.0 
17171.0 40744.0 
18092.0 40496.0 
18545.0 40479.0 
18596.0 40337.0 
19912.0 40313.0 
21266.0 40310.0 
21342.0 40064.0 
21708.0 39975.0 
24516.0 39974.0 
24592.0 39939.0 
25513.0 39758.0 
36184.0 39386.0 
17095.0 41473.0 
31937.0 39630.0 
36108.0 39523.0 
39434.0 39351.0 
16156.0 41879.0 
16595.0 41647.0 
16956.0 41536.0 
27894.0 39757.0 
28763.0 39631.0 
32934.0 39548.0 
16990.0 41501.0 
Remove random   Add best
push: 52 pull: 151
Final PF: 
17171.0 40744.0 
18596.0 40337.0 
19912.0 40313.0 
21266.0 40310.0 
21708.0 39975.0 
25513.0 39758.0 
36184.0 39386.0 
21342.0 40064.0 
24516.0 39974.0 
24592.0 39939.0 
16571.0 41792.0 
39434.0 39351.0 
16156.0 41879.0 
16595.0 41647.0 
16956.0 41536.0 
17095.0 41473.0 
28763.0 39631.0 
31937.0 39630.0 
32934.0 39548.0 
36108.0 39523.0 
16990.0 41501.0 
18092.0 40561.0 
18545.0 40544.0 
Remove random   Add diversity
push: 35 pull: 118
Final PF: 
16023.0 42316.0 
16156.0 41879.0 
18596.0 40337.0 
19912.0 40313.0 
21266.0 40310.0 
21342.0 40064.0 
21708.0 39975.0 
24592.0 39939.0 
25513.0 39758.0 
39434.0 39327.0 
16515.0 41382.0 
16595.0 41150.0 
17095.0 41087.0 
17171.0 40744.0 
24820.0 39884.0 
32013.0 39573.0 
27894.0 39757.0 
28687.0 39756.0 
28763.0 39631.0 
32934.0 39512.0 
36108.0 39511.0 
36184.0 39385.0 
18092.0 40466.0 
18545.0 40449.0 
24516.0 39972.0 
31937.0 39629.0 
Remove worst   Add new
push: 48 pull: 141
Final PF: 
18596.0 40337.0 
19912.0 40313.0 
21266.0 40310.0 
21708.0 39975.0 
25513.0 39758.0 
36184.0 39386.0 
21342.0 40064.0 
24516.0 39974.0 
16571.0 41792.0 
17171.0 40744.0 
24592.0 39915.0 
24820.0 39884.0 
39434.0 39351.0 
16156.0 41879.0 
16595.0 41647.0 
16956.0 41536.0 
17095.0 41473.0 
28687.0 39757.0 
28763.0 39631.0 
31937.0 39630.0 
32013.0 39573.0 
32934.0 39525.0 
36108.0 39511.0 
16990.0 41501.0 
18092.0 40561.0 
18545.0 40544.0 
Remove worst   Add random
push: 20 pull: 86
Final PF: 
17171.0 40744.0 
18092.0 40466.0 
18545.0 40444.0 
18596.0 40337.0 
19912.0 40313.0 
21266.0 40310.0 
21342.0 40064.0 
21708.0 39975.0 
25513.0 39758.0 
28687.0 39755.0 
31937.0 39629.0 
32934.0 39512.0 
40355.0 39279.0 
43605.0 39153.0 
24516.0 39974.0 
16156.0 41879.0 
16515.0 41382.0 
16595.0 41150.0 
17095.0 41087.0 
36108.0 39511.0 
39434.0 39351.0 
28763.0 39631.0 
32013.0 39573.0 
36184.0 39385.0 
24592.0 39916.0 
24820.0 39865.0 
Remove worst   Add best
push: 46 pull: 135
Final PF: 
16571.0 41792.0 
16990.0 41501.0 
17171.0 40744.0 
24592.0 39915.0 
24820.0 39884.0 
39434.0 39351.0 
21342.0 40064.0 
21708.0 39975.0 
24516.0 39974.0 
18596.0 40337.0 
19912.0 40313.0 
21266.0 40310.0 
25513.0 39758.0 
36184.0 39386.0 
16156.0 41879.0 
16595.0 41647.0 
16956.0 41536.0 
17095.0 41473.0 
28687.0 39757.0 
28763.0 39631.0 
31937.0 39630.0 
32013.0 39573.0 
32934.0 39525.0 
36108.0 39511.0 
18092.0 40561.0 
18545.0 40544.0 
Remove worst   Add diversity
push: 30 pull: 103
Final PF: 
16023.0 42316.0 
16156.0 41879.0 
18092.0 40466.0 
18545.0 40444.0 
18596.0 40337.0 
19912.0 40313.0 
21266.0 40310.0 
21342.0 40064.0 
21708.0 39975.0 
24516.0 39974.0 
25513.0 39758.0 
39434.0 39351.0 
43605.0 39177.0 
28763.0 39631.0 
31937.0 39630.0 
32934.0 39512.0 
16515.0 41382.0 
16595.0 41150.0 
17095.0 41087.0 
17171.0 40744.0 
24820.0 39884.0 
24592.0 39916.0 
28687.0 39756.0 
32013.0 39573.0 
36108.0 39511.0 
36184.0 39385.0 
linkage migration
push: 19 pull: 78
Final PF: 
16023.0 42316.0 
16156.0 41879.0 
16595.0 41647.0 
16956.0 41536.0 
18596.0 40337.0 
19912.0 40313.0 
21266.0 40310.0 
21342.0 40064.0 
21708.0 39975.0 
24516.0 39974.0 
24820.0 39865.0 
25513.0 39758.0 
31937.0 39630.0 
32934.0 39512.0 
39434.0 39327.0 
40355.0 39279.0 
16990.0 41387.0 
18092.0 40466.0 
18545.0 40444.0 
27894.0 39757.0 
28763.0 39631.0 
36108.0 39511.0 
16571.0 41792.0 
17171.0 40744.0 
24592.0 39915.0 
54276.0 39012.0 
28687.0 39756.0 
32013.0 39572.0 
36184.0 39385.0 
39358.0 39384.0 
46855.0 39134.0 



---------------------------------------
Quality Indicator Results: 

for each remove method 
Remove random   


 GD: 
47097.564
47159.736
47103.728
47420.961


 D1R: 
44214.441
44214.441
44214.441
44214.441
DCI: 
0.474
0.436
0.397
0.962


 IGD: 
113.204
84.375
123.148
1.846


 HV: 
0.991
0.991
0.99
1.0


Remove worst   


 GD: 
47316.984
48231.786
47316.984
47807.434


 D1R: 
44214.441
44214.441
44214.441
44214.441
DCI: 
0.568
0.951
0.568
0.852


 IGD: 
256.016
16.955
256.016
35.919


 HV: 
0.991
1.0
0.991
0.996



---------------------------------------
for each add method
Add new


 GD: 
47097.564
47316.984


 D1R: 
44214.441
44214.441
DCI: 
0.846
1.0


 IGD: 
10.659
0.0


 HV: 
0.997
1.0


Add random


 GD: 
47159.736
48231.786


 D1R: 
44214.441
44214.441
DCI: 
0.494
0.963


 IGD: 
102.58
30.5


 HV: 
0.987
1.0


Add best


 GD: 
47103.728
47316.984


 D1R: 
44214.441
44214.441
DCI: 
0.769
1.0


 IGD: 
20.603
0.0


 HV: 
0.996
1.0


Add diversity


 GD: 
47420.961
47807.434


 D1R: 
44214.441
44214.441
DCI: 
0.889
0.877


 IGD: 
1.077
31.538


 HV: 
1.0
0.999



---------------------------------------
 results for all together 

Remove nothing   Add nothing
Remove random   Add new
Remove random   Add random
Remove random   Add best
Remove random   Add diversity
Remove worst   Add new
Remove worst   Add random
Remove worst   Add best
Remove worst   Add diversity
Linkage migration


 GD: 
47103.728
47097.564
47159.736
47103.728
47420.961
47316.984
48231.786
47316.984
47807.434
48992.032


 D1R: 
44214.441
44214.441
44214.441
44214.441
44214.441
44214.441
44214.441
44214.441
44214.441
44214.441
DCI: 
0.333
0.366
0.366
0.333
0.72
0.419
0.753
0.419
0.667
0.817


 IGD: 
528.076
519.919
494.474
528.076
422.18
507.982
153.69
507.982
170.765
143.645


 HV: 
0.972
0.972
0.972
0.972
0.981
0.973
1.0
0.973
0.995
0.995


---------------------------------------
 actions for all together 

12 0
55 0
48 147
22 101
52 151
35 118
48 141
20 86
46 135
30 103
19 78

