seeds 1031 factoryScale4 numberOfIslands5 numberOfReplacement1 notImprovedInARow 3

remove and add nothing
push: 57 pull: 0
Final PF: 
16515.0 42963.0 
16595.0 42014.0 
18092.0 40466.0 
18545.0 40444.0 
39358.0 39474.0 
16990.0 41387.0 
17516.0 41155.0 
18016.0 41074.0 
18596.0 40337.0 
19912.0 40313.0 
21266.0 40310.0 
21342.0 40064.0 
21708.0 39975.0 
24516.0 39972.0 
24592.0 39940.0 
25513.0 39758.0 
28687.0 39757.0 
28763.0 39632.0 
31937.0 39629.0 
32934.0 39512.0 
39434.0 39460.0 
40355.0 39278.0 
Remove random   Add new
push: 56 pull: 159
Final PF: 
16515.0 42963.0 
16595.0 42014.0 
18092.0 40466.0 
18545.0 40444.0 
39358.0 39474.0 
16990.0 41387.0 
17516.0 41155.0 
18016.0 41074.0 
18596.0 40337.0 
19912.0 40313.0 
21266.0 40310.0 
21342.0 40064.0 
21708.0 39975.0 
24516.0 39972.0 
24592.0 39940.0 
25513.0 39758.0 
28687.0 39757.0 
28763.0 39632.0 
31937.0 39629.0 
32934.0 39512.0 
39434.0 39460.0 
40355.0 39278.0 
16956.0 41896.0 
Remove random   Add random
push: 23 pull: 96
Final PF: 
16816.0 41952.0 
16956.0 41841.0 
18016.0 41074.0 
18596.0 40337.0 
19912.0 40313.0 
21342.0 40064.0 
21708.0 39975.0 
25513.0 39758.0 
28687.0 39757.0 
28763.0 39632.0 
32013.0 39596.0 
36184.0 39399.0 
16595.0 42014.0 
18092.0 40466.0 
18545.0 40444.0 
16990.0 41387.0 
17516.0 41155.0 
21266.0 40310.0 
24516.0 39972.0 
31937.0 39629.0 
32934.0 39512.0 
40355.0 39278.0 
16515.0 42069.0 
24592.0 39916.0 
Remove random   Add best
push: 49 pull: 144
Final PF: 
16990.0 41387.0 
17516.0 41155.0 
18092.0 40466.0 
18545.0 40444.0 
18596.0 40337.0 
19912.0 40313.0 
21342.0 40064.0 
21708.0 39975.0 
24592.0 39939.0 
25513.0 39758.0 
28687.0 39757.0 
28763.0 39632.0 
32013.0 39596.0 
36184.0 39399.0 
16515.0 42963.0 
16595.0 42014.0 
18016.0 41074.0 
21266.0 40310.0 
24516.0 39972.0 
31937.0 39629.0 
32934.0 39512.0 
40355.0 39278.0 
Remove random   Add diversity
push: 39 pull: 132
Final PF: 
28763.0 39632.0 
16595.0 42014.0 
18092.0 40466.0 
18545.0 40444.0 
21342.0 40064.0 
39358.0 39450.0 
40355.0 39278.0 
16990.0 41387.0 
17516.0 41155.0 
18016.0 41074.0 
18596.0 40337.0 
19912.0 40313.0 
21266.0 40310.0 
21708.0 39975.0 
24516.0 39972.0 
24592.0 39940.0 
25513.0 39758.0 
27894.0 39757.0 
31937.0 39629.0 
32934.0 39511.0 
16515.0 42069.0 
Remove worst   Add new
push: 54 pull: 158
Final PF: 
16515.0 42963.0 
16595.0 42014.0 
18092.0 40466.0 
18545.0 40444.0 
36184.0 39466.0 
16990.0 41387.0 
17516.0 41155.0 
18016.0 41074.0 
18596.0 40337.0 
19912.0 40313.0 
21266.0 40310.0 
21342.0 40064.0 
21708.0 39975.0 
24516.0 39972.0 
24592.0 39940.0 
25513.0 39758.0 
28687.0 39757.0 
28763.0 39632.0 
31937.0 39629.0 
32934.0 39512.0 
39434.0 39460.0 
40355.0 39278.0 
16956.0 41896.0 
Remove worst   Add random
push: 22 pull: 89
Final PF: 
16816.0 41952.0 
16956.0 41841.0 
18092.0 40466.0 
18596.0 40337.0 
19912.0 40313.0 
21342.0 40064.0 
21708.0 39975.0 
25513.0 39758.0 
28763.0 39632.0 
32013.0 39596.0 
36184.0 39410.0 
40355.0 39278.0 
16515.0 42963.0 
16595.0 42014.0 
16990.0 41387.0 
17516.0 41155.0 
18016.0 41074.0 
18545.0 40444.0 
21266.0 40310.0 
24516.0 39972.0 
28687.0 39757.0 
31937.0 39629.0 
32934.0 39512.0 
24592.0 39916.0 
Remove worst   Add best
push: 47 pull: 142
Final PF: 
16990.0 41387.0 
17516.0 41155.0 
18092.0 40466.0 
18545.0 40444.0 
18596.0 40337.0 
19912.0 40313.0 
21708.0 39975.0 
24592.0 39939.0 
25513.0 39758.0 
28687.0 39757.0 
28763.0 39632.0 
32013.0 39596.0 
36184.0 39410.0 
16515.0 42963.0 
16595.0 42014.0 
18016.0 41074.0 
21266.0 40310.0 
21342.0 40064.0 
24516.0 39972.0 
31937.0 39629.0 
32934.0 39512.0 
40355.0 39278.0 
16956.0 41896.0 
Remove worst   Add diversity
push: 43 pull: 137
Final PF: 
39434.0 39460.0 
16595.0 42014.0 
18092.0 40466.0 
18545.0 40444.0 
28763.0 39632.0 
36184.0 39466.0 
39358.0 39463.0 
16990.0 41387.0 
17516.0 41155.0 
18016.0 41074.0 
18596.0 40337.0 
19912.0 40313.0 
21266.0 40310.0 
21342.0 40064.0 
21708.0 39975.0 
24516.0 39972.0 
24592.0 39940.0 
25513.0 39758.0 
28687.0 39757.0 
31937.0 39629.0 
32934.0 39512.0 
40355.0 39278.0 
16515.0 42069.0 
16956.0 41896.0 
linkage migration
push: 40 pull: 119
Final PF: 
16816.0 41952.0 
16956.0 41841.0 
18596.0 40337.0 
19912.0 40313.0 
21342.0 40064.0 
21708.0 39975.0 
25513.0 39758.0 
43605.0 39152.0 
16515.0 42963.0 
16595.0 42014.0 
18092.0 40466.0 
18545.0 40444.0 
24592.0 39915.0 
28763.0 39631.0 
32013.0 39572.0 
16990.0 41387.0 
17516.0 41155.0 
18016.0 41074.0 
21266.0 40310.0 
24516.0 39972.0 
28687.0 39755.0 
31937.0 39629.0 
32934.0 39512.0 
40355.0 39278.0 
36184.0 39385.0 



---------------------------------------
Quality Indicator Results: 

for each remove method 
Remove random   


 GD: 
47590.463
47156.475
47375.699
47251.723


 D1R: 
44326.263
44326.263
44326.263
44326.263
DCI: 
0.694
0.944
0.778
0.792


 IGD: 
182.442
33.083
64.33
162.963


 HV: 
0.992
1.0
0.999
0.994


Remove worst   


 GD: 
47494.822
47191.534
47281.331
47803.437


 D1R: 
44326.263
44326.263
44326.263
44326.263
DCI: 
0.75
0.958
0.833
0.792


 IGD: 
19.405
4.045
13.578
15.36


 HV: 
0.996
1.0
1.0
0.997



---------------------------------------
for each add method
Add new


 GD: 
47590.463
47494.822


 D1R: 
44326.263
44326.263
DCI: 
0.957
1.0


 IGD: 
138.0
0.0


 HV: 
0.998
1.0


Add random


 GD: 
47156.475
47191.534


 D1R: 
44326.263
44326.263
DCI: 
1.0
0.917


 IGD: 
0.0
4.503


 HV: 
1.0
0.998


Add best


 GD: 
47375.699
47281.331


 D1R: 
44326.263
44326.263
DCI: 
0.957
0.957


 IGD: 
16.513
0.478


 HV: 
1.0
0.999


Add diversity


 GD: 
47251.723
47803.437


 D1R: 
44326.263
44326.263
DCI: 
0.913
0.899


 IGD: 
154.515
35.087


 HV: 
0.997
1.0



---------------------------------------
 results for all together 

Remove nothing   Add nothing
Remove random   Add new
Remove random   Add random
Remove random   Add best
Remove random   Add diversity
Remove worst   Add new
Remove worst   Add random
Remove worst   Add best
Remove worst   Add diversity
Linkage migration


 GD: 
47699.251
47590.463
47156.475
47375.699
47251.723
47494.822
47191.534
47281.331
47803.437
47646.366


 D1R: 
44326.263
44326.263
44326.263
44326.263
44326.263
44326.263
44326.263
44326.263
44326.263
44326.263
DCI: 
0.628
0.628
0.769
0.628
0.718
0.628
0.731
0.628
0.667
0.91


 IGD: 
192.767
175.805
33.44
63.437
162.804
52.035
37.763
46.915
48.151
35.643


 HV: 
0.993
0.993
1.0
0.999
0.994
0.995
0.998
0.998
0.996
1.0


---------------------------------------
 actions for all together 

57 0
56 159
23 96
49 144
39 132
54 158
22 89
47 142
43 137
40 119

