seeds 1031 factoryScale3 numberOfIslands5 numberOfReplacement1 notImprovedInARow 3

remove and add nothing
push: 57 pull: 0
Final PF: 
16515.0 42963.0 
16595.0 42014.0 
18092.0 40466.0 
18545.0 40444.0 
39358.0 39474.0 
16990.0 41387.0 
17516.0 41155.0 
18016.0 41074.0 
18596.0 40337.0 
19912.0 40313.0 
21266.0 40310.0 
21342.0 40064.0 
21708.0 39975.0 
24516.0 39972.0 
24592.0 39940.0 
25513.0 39758.0 
28687.0 39757.0 
28763.0 39632.0 
31937.0 39629.0 
32934.0 39512.0 
39434.0 39460.0 
40355.0 39278.0 
Remove random   Add new
push: 56 pull: 159
Final PF: 
16515.0 42963.0 
16595.0 42014.0 
18092.0 40466.0 
18545.0 40444.0 
39358.0 39474.0 
16990.0 41387.0 
17516.0 41155.0 
18016.0 41074.0 
18596.0 40337.0 
19912.0 40313.0 
21266.0 40310.0 
21342.0 40064.0 
21708.0 39975.0 
24516.0 39972.0 
24592.0 39940.0 
25513.0 39758.0 
28687.0 39757.0 
28763.0 39632.0 
31937.0 39629.0 
32934.0 39512.0 
39434.0 39460.0 
40355.0 39278.0 
16956.0 41896.0 
Remove random   Add random
push: 26 pull: 103
Final PF: 
16290.0 47038.0 
18092.0 40466.0 
21708.0 39975.0 
24592.0 39940.0 
28763.0 39632.0 
31937.0 39629.0 
39358.0 39474.0 
16515.0 41515.0 
16595.0 41120.0 
17095.0 41021.0 
18545.0 40444.0 
18596.0 40337.0 
19912.0 40313.0 
21266.0 40310.0 
21342.0 40064.0 
24516.0 39972.0 
25513.0 39758.0 
27894.0 39757.0 
32934.0 39511.0 
39434.0 39460.0 
40355.0 39278.0 
Remove random   Add best
push: 48 pull: 145
Final PF: 
16990.0 41387.0 
17516.0 41155.0 
18092.0 40466.0 
18545.0 40444.0 
18596.0 40337.0 
19912.0 40313.0 
21342.0 40064.0 
21708.0 39975.0 
24592.0 39939.0 
25513.0 39758.0 
28687.0 39757.0 
28763.0 39632.0 
32013.0 39596.0 
36184.0 39399.0 
16515.0 42963.0 
16595.0 42014.0 
18016.0 41074.0 
21266.0 40310.0 
24516.0 39972.0 
31937.0 39629.0 
32934.0 39512.0 
40355.0 39278.0 
Remove random   Add diversity
push: 38 pull: 128
Final PF: 
28763.0 39632.0 
16595.0 42014.0 
18092.0 40466.0 
18545.0 40444.0 
21342.0 40064.0 
39358.0 39450.0 
40355.0 39278.0 
16990.0 41387.0 
17516.0 41155.0 
18016.0 41074.0 
18596.0 40337.0 
19912.0 40313.0 
21266.0 40310.0 
21708.0 39975.0 
24516.0 39972.0 
24592.0 39940.0 
25513.0 39758.0 
27894.0 39757.0 
31937.0 39629.0 
32934.0 39511.0 
16515.0 42069.0 
Remove worst   Add new
push: 54 pull: 159
Final PF: 
16515.0 42963.0 
16595.0 42014.0 
18092.0 40466.0 
18545.0 40444.0 
36184.0 39466.0 
16990.0 41387.0 
17516.0 41155.0 
18016.0 41074.0 
18596.0 40337.0 
19912.0 40313.0 
21266.0 40310.0 
21342.0 40064.0 
21708.0 39975.0 
24516.0 39972.0 
24592.0 39940.0 
25513.0 39758.0 
28687.0 39757.0 
28763.0 39632.0 
31937.0 39629.0 
32934.0 39512.0 
39434.0 39460.0 
40355.0 39278.0 
16956.0 41896.0 
Remove worst   Add random
push: 21 pull: 104
Final PF: 
18596.0 40337.0 
21266.0 40310.0 
21342.0 40064.0 
16515.0 42912.0 
16595.0 41963.0 
16990.0 41387.0 
18016.0 41074.0 
18092.0 40466.0 
18545.0 40444.0 
28763.0 39632.0 
36184.0 39466.0 
39358.0 39450.0 
40355.0 39278.0 
16816.0 41651.0 
17516.0 41155.0 
19912.0 40313.0 
21708.0 39975.0 
24516.0 39972.0 
25513.0 39758.0 
28687.0 39757.0 
31937.0 39629.0 
32934.0 39512.0 
24592.0 39916.0 
Remove worst   Add best
push: 48 pull: 145
Final PF: 
16990.0 41387.0 
17516.0 41155.0 
18092.0 40466.0 
18545.0 40444.0 
18596.0 40337.0 
19912.0 40313.0 
21708.0 39975.0 
24592.0 39939.0 
25513.0 39758.0 
28687.0 39757.0 
28763.0 39632.0 
32013.0 39596.0 
36184.0 39410.0 
16515.0 42963.0 
16595.0 42014.0 
18016.0 41074.0 
21266.0 40310.0 
21342.0 40064.0 
24516.0 39972.0 
31937.0 39629.0 
32934.0 39512.0 
40355.0 39278.0 
16956.0 41896.0 
Remove worst   Add diversity
push: 44 pull: 137
Final PF: 
39434.0 39460.0 
16595.0 42014.0 
18092.0 40466.0 
18545.0 40444.0 
28763.0 39632.0 
36184.0 39466.0 
39358.0 39463.0 
16990.0 41387.0 
17516.0 41155.0 
18016.0 41074.0 
18596.0 40337.0 
19912.0 40313.0 
21266.0 40310.0 
21342.0 40064.0 
21708.0 39975.0 
24516.0 39972.0 
24592.0 39940.0 
25513.0 39758.0 
28687.0 39757.0 
31937.0 39629.0 
32934.0 39512.0 
40355.0 39278.0 
16515.0 42069.0 
16956.0 41896.0 
linkage migration
push: 20 pull: 68
Final PF: 
18092.0 40466.0 
18545.0 40444.0 
18596.0 40337.0 
19912.0 40313.0 
21342.0 40064.0 
21708.0 39975.0 
24592.0 39915.0 
25513.0 39758.0 
27894.0 39757.0 
28687.0 39756.0 
28763.0 39631.0 
32934.0 39511.0 
36184.0 39385.0 
40355.0 39278.0 
43605.0 39153.0 
16515.0 42358.0 
16519.0 42357.0 
16595.0 41963.0 
21266.0 40310.0 
31937.0 39629.0 
32013.0 39572.0 
39434.0 39339.0 
16816.0 41651.0 
16956.0 41540.0 
16990.0 41387.0 
17516.0 41155.0 
18016.0 41074.0 
24516.0 39972.0 
24820.0 39865.0 



---------------------------------------
Quality Indicator Results: 

for each remove method 
Remove random   


 GD: 
47590.463
47935.529
47375.699
47251.723


 D1R: 
44326.263
44326.263
44326.263
44326.263
DCI: 
0.635
0.889
0.746
0.698


 IGD: 
451.592
155.178
296.414
456.278


 HV: 
0.996
1.0
0.998
0.996


Remove worst   


 GD: 
47494.822
47475.002
47281.331
47803.437


 D1R: 
44326.263
44326.263
44326.263
44326.263
DCI: 
0.739
0.87
0.826
0.783


 IGD: 
25.788
11.811
19.707
21.567


 HV: 
0.996
0.998
1.0
0.997



---------------------------------------
for each add method
Add new


 GD: 
47590.463
47494.822


 D1R: 
44326.263
44326.263
DCI: 
0.957
1.0


 IGD: 
138.0
0.0


 HV: 
0.998
1.0


Add random


 GD: 
47935.529
47475.002


 D1R: 
44326.263
44326.263
DCI: 
0.857
0.746


 IGD: 
153.429
291.141


 HV: 
1.0
0.997


Add best


 GD: 
47375.699
47281.331


 D1R: 
44326.263
44326.263
DCI: 
0.957
0.957


 IGD: 
16.513
0.478


 HV: 
1.0
0.999


Add diversity


 GD: 
47251.723
47803.437


 D1R: 
44326.263
44326.263
DCI: 
0.913
0.899


 IGD: 
154.515
35.087


 HV: 
0.997
1.0



---------------------------------------
 results for all together 

Remove nothing   Add nothing
Remove random   Add new
Remove random   Add random
Remove random   Add best
Remove random   Add diversity
Remove worst   Add new
Remove worst   Add random
Remove worst   Add best
Remove worst   Add diversity
Linkage migration


 GD: 
47699.251
47590.463
47935.529
47375.699
47251.723
47494.822
47475.002
47281.331
47803.437
47816.614


 D1R: 
44326.263
44326.263
44326.263
44326.263
44326.263
44326.263
44326.263
44326.263
44326.263
44326.263
DCI: 
0.52
0.52
0.707
0.52
0.547
0.52
0.547
0.52
0.52
0.84


 IGD: 
411.79
411.79
158.446
310.476
422.468
282.863
277.547
310.934
320.066
244.718


 HV: 
0.996
0.996
1.0
0.998
0.997
0.997
0.997
0.998
0.997
1.0


---------------------------------------
 actions for all together 

57 0
56 159
26 103
48 145
38 128
54 159
21 104
48 145
44 137
20 68

