seeds 1027 factoryScale5 numberOfIslands5 numberOfReplacement1 notImprovedInARow 3

remove and add nothing
push: 58 pull: 0
Final PF: 
16595.0 41259.0 
17095.0 41160.0 
18016.0 41083.0 
27894.0 39757.0 
16515.0 41645.0 
17171.0 41146.0 
16023.0 45623.0 
16290.0 43116.0 
24820.0 39924.0 
36184.0 39515.0 
18092.0 40466.0 
18545.0 40444.0 
18596.0 40337.0 
19912.0 40313.0 
21266.0 40312.0 
21342.0 40064.0 
21708.0 39975.0 
24592.0 39963.0 
25513.0 39758.0 
28763.0 39632.0 
31937.0 39631.0 
32934.0 39525.0 
39358.0 39396.0 
Remove random   Add new
push: 53 pull: 156
Final PF: 
16595.0 41259.0 
17095.0 41160.0 
18016.0 41083.0 
18596.0 40337.0 
19912.0 40313.0 
21266.0 40310.0 
21342.0 40064.0 
21708.0 39975.0 
25513.0 39758.0 
27894.0 39757.0 
28763.0 39632.0 
16023.0 45623.0 
16290.0 43116.0 
24592.0 39934.0 
24820.0 39924.0 
32013.0 39591.0 
36184.0 39515.0 
18092.0 40466.0 
18545.0 40444.0 
31937.0 39631.0 
32934.0 39525.0 
39358.0 39396.0 
16515.0 41645.0 
17171.0 41146.0 
Remove random   Add random
push: 23 pull: 106
Final PF: 
16515.0 41463.0 
16595.0 41102.0 
17095.0 41021.0 
19912.0 40313.0 
21708.0 39975.0 
27894.0 39757.0 
36184.0 39515.0 
17171.0 40835.0 
16023.0 45623.0 
16290.0 43116.0 
28763.0 39632.0 
18092.0 40466.0 
18545.0 40444.0 
18596.0 40337.0 
21266.0 40312.0 
21342.0 40064.0 
24516.0 39974.0 
24592.0 39916.0 
25513.0 39758.0 
31937.0 39631.0 
32934.0 39525.0 
39358.0 39396.0 
Remove random   Add best
push: 52 pull: 149
Final PF: 
16595.0 41259.0 
17095.0 41160.0 
27894.0 39757.0 
16023.0 45623.0 
16290.0 43116.0 
32013.0 39598.0 
36184.0 39515.0 
16515.0 41645.0 
17171.0 41007.0 
18092.0 40466.0 
18545.0 40444.0 
18596.0 40337.0 
19912.0 40313.0 
21266.0 40312.0 
21342.0 40064.0 
21708.0 39975.0 
24592.0 39916.0 
25513.0 39758.0 
28763.0 39632.0 
31937.0 39631.0 
32934.0 39525.0 
36108.0 39522.0 
39358.0 39396.0 
Remove random   Add diversity
push: 45 pull: 140
Final PF: 
16290.0 43000.0 
27894.0 39757.0 
31937.0 39631.0 
16515.0 41334.0 
16595.0 41102.0 
17095.0 41021.0 
17171.0 40835.0 
16023.0 45623.0 
32013.0 39591.0 
36184.0 39515.0 
39358.0 39396.0 
18092.0 40466.0 
18545.0 40444.0 
18596.0 40337.0 
19912.0 40313.0 
21266.0 40312.0 
21342.0 40064.0 
21708.0 39975.0 
24592.0 39916.0 
25513.0 39758.0 
28763.0 39632.0 
32934.0 39525.0 
Remove worst   Add new
push: 52 pull: 150
Final PF: 
16595.0 41259.0 
17095.0 41160.0 
18016.0 41083.0 
27894.0 39757.0 
16023.0 45623.0 
16290.0 43116.0 
24592.0 39934.0 
24820.0 39905.0 
32013.0 39591.0 
36184.0 39515.0 
18092.0 40466.0 
18545.0 40444.0 
18596.0 40337.0 
19912.0 40313.0 
21266.0 40312.0 
21342.0 40064.0 
21708.0 39975.0 
24516.0 39974.0 
25513.0 39758.0 
28763.0 39632.0 
31937.0 39631.0 
32934.0 39525.0 
39358.0 39396.0 
16515.0 41645.0 
17171.0 41146.0 
Remove worst   Add random
push: 22 pull: 91
Final PF: 
16290.0 42939.0 
24592.0 39915.0 
27894.0 39757.0 
36184.0 39515.0 
16023.0 45623.0 
16515.0 41515.0 
16595.0 41120.0 
17095.0 41021.0 
24516.0 39974.0 
28763.0 39631.0 
32013.0 39572.0 
24820.0 39905.0 
17171.0 40835.0 
18092.0 40466.0 
18545.0 40444.0 
18596.0 40337.0 
19912.0 40313.0 
21266.0 40312.0 
21342.0 40064.0 
21708.0 39975.0 
25513.0 39758.0 
32934.0 39525.0 
39358.0 39396.0 
Remove worst   Add best
push: 50 pull: 145
Final PF: 
16595.0 41259.0 
17095.0 41160.0 
27894.0 39757.0 
16023.0 45623.0 
16290.0 43116.0 
24820.0 39905.0 
32013.0 39591.0 
36184.0 39515.0 
16515.0 41645.0 
17171.0 41007.0 
18092.0 40466.0 
18545.0 40444.0 
18596.0 40337.0 
19912.0 40313.0 
21266.0 40312.0 
21342.0 40064.0 
21708.0 39975.0 
24516.0 39974.0 
24592.0 39916.0 
25513.0 39758.0 
28763.0 39632.0 
31937.0 39631.0 
32934.0 39525.0 
39358.0 39396.0 
Remove worst   Add diversity
push: 41 pull: 132
Final PF: 
16290.0 43000.0 
16595.0 41259.0 
17095.0 41160.0 
27894.0 39757.0 
31937.0 39631.0 
18016.0 41083.0 
18596.0 40337.0 
19912.0 40313.0 
21266.0 40310.0 
25513.0 39758.0 
16023.0 45623.0 
24592.0 39934.0 
24820.0 39905.0 
36184.0 39515.0 
16515.0 41645.0 
17171.0 41146.0 
16156.0 44497.0 
18092.0 40466.0 
18545.0 40444.0 
21342.0 40064.0 
21708.0 39975.0 
24516.0 39974.0 
28763.0 39632.0 
32934.0 39525.0 
39358.0 39396.0 
linkage migration
push: 10 pull: 68
Final PF: 
16515.0 41267.0 
17095.0 40954.0 
17171.0 40768.0 
18092.0 40466.0 
18545.0 40444.0 
18596.0 40337.0 
19912.0 40313.0 
21342.0 40064.0 
21708.0 39975.0 
24516.0 39972.0 
25513.0 39758.0 
28763.0 39632.0 
32934.0 39512.0 
36184.0 39386.0 
39434.0 39380.0 
43605.0 39153.0 
21266.0 40310.0 
24592.0 39915.0 
27894.0 39757.0 
28687.0 39755.0 
31937.0 39629.0 
32013.0 39572.0 
42684.0 39328.0 
16023.0 43612.0 
16156.0 42548.0 
51026.0 39071.0 
16595.0 41035.0 



---------------------------------------
Quality Indicator Results: 

for each remove method 
Remove random   


 GD: 
47233.31
47134.758
47614.181
47307.172


 D1R: 
44326.263
44298.312
44326.263
44298.312
DCI: 
0.667
0.792
0.667
0.875


 IGD: 
42.203
17.05
30.689
7.247


 HV: 
0.997
0.999
0.998
1.0


Remove worst   


 GD: 
47219.123
47124.277
47311.452
47071.703


 D1R: 
44326.263
44298.312
44326.263
44326.263
DCI: 
0.611
0.917
0.639
0.694


 IGD: 
86.284
47.326
77.171
37.342


 HV: 
0.997
1.0
0.998
0.998



---------------------------------------
for each add method
Add new


 GD: 
47233.31
47219.123


 D1R: 
44326.263
44326.263
DCI: 
0.92
0.96


 IGD: 
4.195
0.08


 HV: 
1.0
1.0


Add random


 GD: 
47134.758
47124.277


 D1R: 
44298.312
44298.312
DCI: 
0.841
0.913


 IGD: 
21.89
3.043


 HV: 
0.999
1.0


Add best


 GD: 
47614.181
47311.452


 D1R: 
44326.263
44326.263
DCI: 
0.88
0.96


 IGD: 
13.235
3.053


 HV: 
1.0
1.0


Add diversity


 GD: 
47307.172
47071.703


 D1R: 
44298.312
44326.263
DCI: 
0.84
0.76


 IGD: 
58.388
32.822


 HV: 
1.0
0.998



---------------------------------------
 results for all together 

Remove nothing   Add nothing
Remove random   Add new
Remove random   Add random
Remove random   Add best
Remove random   Add diversity
Remove worst   Add new
Remove worst   Add random
Remove worst   Add best
Remove worst   Add diversity
Linkage migration


 GD: 
47074.412
47233.31
47134.758
47614.181
47307.172
47219.123
47124.277
47311.452
47071.703
48699.67


 D1R: 
44326.263
44326.263
44298.312
44326.263
44298.312
44326.263
44298.312
44326.263
44326.263
44236.558
DCI: 
0.31
0.345
0.333
0.333
0.333
0.345
0.429
0.369
0.381
0.952


 IGD: 
378.701
375.006
363.283
373.426
359.249
371.303
354.387
361.29
373.802
8.49


 HV: 
0.982
0.982
0.984
0.983
0.984
0.982
0.984
0.983
0.983
1.0


---------------------------------------
 actions for all together 

58 0
53 156
23 106
52 149
45 140
52 150
22 91
50 145
41 132
10 68

