16256.0 45145.0
16515.0 42456.0
16816.0 41781.0
16990.0 41387.0
17516.0 41173.0
17745.0 41162.0
18016.0 41074.0
18092.0 40466.0
18545.0 40444.0
18596.0 40337.0
19912.0 40313.0
21266.0 40310.0
21342.0 40064.0
21708.0 39975.0
24516.0 39974.0
24592.0 39916.0
24820.0 39865.0
25513.0 39758.0
28687.0 39755.0
28763.0 39631.0
31937.0 39628.0
32013.0 39573.0
32934.0 39512.0
36184.0 39385.0
39434.0 39327.0

16023.0 43522.0
16156.0 43241.0
16595.0 42695.0
16956.0 42625.0
16990.0 41633.0
17516.0 41238.0
18016.0 41139.0
18092.0 40689.0
18545.0 40667.0
18596.0 40560.0
19912.0 40536.0
21342.0 40129.0
21708.0 40040.0
25513.0 40005.0
27913.0 39967.0
28763.0 39721.0
35187.0 39704.0
36184.0 39654.0
42608.0 39622.0

16023.0 43522.0
16156.0 43241.0
16595.0 42695.0
16956.0 42625.0
16990.0 41633.0
17516.0 41238.0
18016.0 41139.0
18092.0 40689.0
18545.0 40667.0
18596.0 40560.0
19912.0 40536.0
21342.0 40129.0
21708.0 40040.0
25513.0 40005.0
27913.0 39967.0
28763.0 39721.0
35187.0 39704.0
36184.0 39654.0
42608.0 39622.0

16023.0 43522.0
16156.0 43241.0
16595.0 42695.0
16956.0 42625.0
16990.0 41633.0
17516.0 41238.0
18016.0 41139.0
18092.0 40689.0
18545.0 40667.0
18596.0 40560.0
19912.0 40536.0
21342.0 40129.0
21708.0 40040.0
25513.0 40005.0
27913.0 39967.0
28763.0 39697.0
36184.0 39654.0
42608.0 39622.0

16023.0 43522.0
16156.0 43241.0
16595.0 42695.0
16956.0 42625.0
16990.0 41633.0
17516.0 41238.0
18016.0 41139.0
18092.0 40689.0
18545.0 40667.0
18596.0 40560.0
19912.0 40536.0
21342.0 40129.0
21708.0 40040.0
25513.0 40005.0
27913.0 39967.0
28763.0 39721.0
35187.0 39704.0
36184.0 39654.0
42608.0 39622.0

16023.0 43522.0
16156.0 43241.0
16595.0 42695.0
16956.0 42625.0
16990.0 41633.0
17516.0 41238.0
18016.0 41139.0
18092.0 40689.0
18545.0 40667.0
18596.0 40560.0
19912.0 40536.0
21342.0 40129.0
21708.0 40040.0
25513.0 40005.0
27913.0 39967.0
28763.0 39697.0
36184.0 39654.0
42608.0 39622.0

16023.0 43522.0
16156.0 43241.0
16595.0 42695.0
16956.0 42625.0
16990.0 41633.0
17516.0 41238.0
18016.0 41139.0
18092.0 40689.0
18545.0 40667.0
18596.0 40560.0
19912.0 40536.0
21342.0 40129.0
21708.0 40040.0
25513.0 40005.0
27913.0 39967.0
28763.0 39721.0
35187.0 39704.0
36184.0 39654.0
42608.0 39622.0

16023.0 43522.0
16156.0 43241.0
16595.0 42695.0
16956.0 42625.0
16990.0 41633.0
17516.0 41238.0
18016.0 41139.0
18092.0 40689.0
18545.0 40667.0
18596.0 40560.0
19912.0 40536.0
21342.0 40129.0
21708.0 40040.0
25513.0 40005.0
27913.0 39967.0
28763.0 39697.0
36184.0 39654.0
42608.0 39622.0

16023.0 43522.0
16156.0 43241.0
16595.0 42695.0
16956.0 42625.0
16990.0 41633.0
17516.0 41238.0
18016.0 41139.0
18092.0 40689.0
18545.0 40667.0
18596.0 40560.0
19912.0 40536.0
21342.0 40129.0
21708.0 40040.0
25513.0 40005.0
27913.0 39967.0
28763.0 39721.0
35187.0 39704.0
36184.0 39654.0
42608.0 39622.0

16023.0 43522.0
16156.0 43241.0
16595.0 42695.0
16956.0 42625.0
16990.0 41633.0
17516.0 41238.0
18016.0 41139.0
18092.0 40689.0
18545.0 40667.0
18596.0 40560.0
19912.0 40536.0
21342.0 40129.0
21708.0 40040.0
25513.0 40005.0
27913.0 39967.0
28763.0 39697.0
36184.0 39654.0
42608.0 39622.0

16023.0 42369.0
16156.0 41932.0
16595.0 41693.0
16956.0 41589.0
16990.0 41387.0
17516.0 41155.0
18016.0 41074.0
18092.0 40466.0
18545.0 40444.0
18596.0 40337.0
19912.0 40313.0
21266.0 40310.0
21342.0 40064.0
21708.0 39975.0
24516.0 39972.0
24592.0 39916.0
24820.0 39908.0
25513.0 39758.0
28687.0 39756.0
28763.0 39632.0
31937.0 39631.0
32013.0 39597.0
32934.0 39512.0
36184.0 39386.0
39358.0 39385.0
40355.0 39303.0
43605.0 39153.0
46855.0 39094.0
54276.0 39035.0


