----------------- All ---------------

GD
14 2 1 3 15 11 13 12 10 5 6 8 7 9 4
6 3 1 2 15 9 11 14 7 12 13 8 10 5 4
6 1 2 4 3 15 11 9 12 7 14 14 8 10 5
10 1 2 3 14 11 13 9 7 12 15 6 8 5 4
8 3 1 2 5 14 14 12 15 6 11 7 10 9 4
5 2 1 3 14 8 10 12 6 11 9 13 15 7 4
6 3 1 2 5 11 13 10 9 15 7 8 12 14 4
15 1 2 4 3 6 7 11 6 12 9 13 9 14 10
15 2 1 3 5 11 11 7 9 8 12 14 13 6 4
15 1 2 3 7 4 6 8 9 14 10 12 11 13 5
15 3 1 2 11 5 6 7 8 12 14 10 14 9 4
15 1 2 3 14 12 7 11 13 10 9 5 9 6 4
10 1 2 3 4 11 15 5 12 6 9 13 14 8 7
15 1 2 3 5 9 10 7 6 8 12 14 13 11 4
15 3 1 10 14 9 11 12 13 6 7 5 8 4 2
15 3 2 1 4 14 13 12 8 11 9 6 7 5 10
7 2 1 4 3 15 15 13 12 11 9 6 8 10 5
15 1 2 3 4 14 10 13 10 12 8 7 6 5 11
15 3 1 2 10 12 13 11 7 14 5 6 9 9 4
4 1 2 3 5 8 9 13 8 11 15 12 15 10 6
5 1 2 4 11 13 15 13 14 10 9 6 9 7 3
15 1 3 2 4 13 14 10 11 12 7 8 5 9 6
9 2 1 3 5 15 13 11 15 10 12 8 6 7 4
15 1 2 3 9 11 12 10 13 14 7 4 5 8 6
15 3 2 1 4 9 6 13 11 10 8 5 8 12 14
9 3 1 2 5 8 15 10 11 6 14 12 13 7 4
15 3 2 1 4 11 13 12 10 14 5 7 8 9 7
4 2 1 5 3 15 11 6 8 10 12 14 9 13 7
6 3 2 1 4 14 11 9 12 15 7 10 8 5 13
7 2 1 3 4 12 12 14 9 6 13 8 10 15 5
10 2 1 3 4 12 8 7 13 11 14 6 15 9 5
5 1 2 3 4 8 8 15 12 14 10 11 13 6 9
10 2 1 3 14 13 5 11 7 6 8 4 12 9 15
15 3 1 2 4 11 8 10 9 13 7 6 5 12 14
14 1 2 4 3 15 10 12 6 11 7 8 9 13 5
15 2 1 3 14 13 11 6 10 9 7 12 4 5 8
14 1 2 3 15 5 7 8 6 4 10 11 10 12 13
15 1 2 4 14 13 12 11 8 5 9 7 10 6 3
15 1 2 3 7 12 12 6 13 5 12 14 9 8 4
6 1 2 3 4 12 13 14 15 7 9 10 8 11 5

DIR
4 3 1 2 5 15 15 15 15 15 15 15 15 15 15
14 3 1 2 15 14 14 14 14 14 14 14 14 14 14
4 3 1 2 5 8 15 8 9 8 15 15 15 15 15
4 3 1 2 5 12 12 15 12 12 12 12 12 13 14
4 3 1 2 15 15 15 15 15 15 15 15 15 15 15
5 3 2 2 4 15 15 15 15 15 15 15 15 15 15
5 3 2 2 5 11 11 11 11 15 15 15 15 11 11
4 3 1 2 14 14 14 14 14 14 14 14 14 15 14
4 3 2 2 5 15 15 15 15 15 15 15 15 15 15
4 3 1 2 5 13 13 13 13 13 13 13 15 15 13
4 3 1 2 15 15 15 15 15 15 15 15 15 15 15
4 3 2 2 13 7 7 13 7 15 13 13 13 15 13
4 3 1 2 15 15 15 15 15 15 15 15 15 15 15
15 3 1 2 4 15 15 15 15 15 15 15 15 15 15
4 3 1 2 5 15 15 15 15 15 15 15 15 15 15
4 3 1 2 11 5 7 15 7 15 11 15 11 12 11
4 2 1 3 5 15 15 15 15 15 15 15 15 15 15
4 3 1 2 14 14 14 14 14 15 14 14 14 14 14
5 3 1 2 5 10 10 10 11 15 10 10 15 15 15
4 3 1 2 15 15 15 15 15 15 15 15 15 15 15
5 3 1 2 5 15 15 15 15 15 15 15 15 15 15
5 3 2 2 4 15 15 15 15 15 15 15 15 15 15
4 3 1 2 5 15 15 15 15 15 15 15 15 15 15
14 3 2 2 14 14 14 15 14 14 14 14 14 14 14
4 3 1 2 5 15 15 15 15 15 15 15 15 15 15
15 3 1 2 4 15 15 15 15 15 15 15 15 15 15
4 3 2 2 5 15 15 15 15 15 15 15 15 15 15
4 3 1 2 13 13 13 13 13 14 13 13 13 13 15
5 2 1 3 4 8 15 15 8 8 15 15 15 15 15
4 3 1 2 5 15 15 15 15 15 15 15 15 15 15
4 3 1 2 15 15 15 15 15 15 15 15 15 15 15
4 3 1 2 15 15 15 15 15 15 15 15 15 15 15
4 3 2 2 5 15 15 15 15 15 15 15 15 15 15
4 3 1 2 15 15 15 15 15 15 15 15 15 15 15
4 2 1 3 15 15 15 15 15 15 15 15 15 15 15
4 3 1 2 5 8 8 8 15 15 12 12 12 15 12
7 3 1 2 4 6 15 15 6 15 15 15 15 15 15
4 3 1 2 5 7 14 7 14 14 14 14 14 15 14
4 3 1 2 5 15 15 15 15 15 15 15 15 15 15
5 3 2 2 4 8 15 8 8 15 15 15 15 15 15

DCI
4 3 2 2 6 5 9 10 12 7 8 13 11 14 15
4 3 2 2 15 6 8 8 6 12 11 11 11 13 14
4 3 2 2 12 5 7 6 8 11 10 10 14 15 13
7 3 2 2 15 6 6 11 6 9 11 8 14 12 13
4 3 2 2 15 6 6 11 7 12 9 9 11 13 14
4 3 2 2 12 6 6 11 11 7 11 14 11 13 15
14 3 2 2 15 6 6 6 8 13 10 12 8 11 10
4 3 2 2 15 8 8 8 8 12 12 12 12 14 13
4 3 2 2 15 7 7 12 12 8 7 13 12 14 12
8 3 2 2 15 4 7 7 7 12 10 10 13 14 11
4 3 2 2 7 5 8 11 7 9 13 14 13 10 15
4 3 2 2 15 5 7 8 6 12 10 14 10 13 11
4 4 2 2 14 5 9 6 9 13 7 15 11 10 12
10 3 2 2 15 5 5 13 13 8 7 11 14 10 7
3 4 2 2 12 6 7 6 8 9 10 14 11 15 13
8 5 4 4 15 4 4 6 7 9 11 13 10 14 12
4 3 2 2 15 6 6 7 11 8 10 10 12 14 13
4 3 2 2 15 5 7 11 7 14 10 12 13 10 10
4 3 2 2 14 6 7 6 10 11 9 9 13 13 15
9 3 2 2 15 5 6 11 5 14 8 10 8 13 12
4 3 2 2 15 8 8 8 8 9 13 13 13 13 15
4 3 2 2 9 6 8 6 8 14 10 13 13 15 13
3 4 3 3 14 7 7 9 7 13 9 12 10 15 11
4 3 2 2 14 6 6 11 7 11 9 14 9 15 12
5 3 2 2 14 5 9 10 9 11 9 12 9 15 13
7 3 2 2 15 4 9 5 11 10 6 12 13 9 14
4 3 2 2 15 7 7 12 10 13 7 9 12 14 9
12 3 2 2 15 6 6 9 8 13 6 11 8 10 14
5 3 2 2 14 4 9 8 6 7 11 13 12 15 10
4 3 2 2 15 7 7 7 10 9 8 12 13 12 14
4 3 2 2 15 7 7 7 9 10 8 13 13 14 11
3 4 2 2 15 10 10 13 10 12 10 10 10 11 14
10 3 2 2 15 4 12 11 5 8 8 14 8 13 9
4 3 2 2 15 7 7 11 7 10 10 10 12 14 13
4 3 2 2 15 5 10 10 10 10 12 12 14 10 13
4 3 2 2 12 7 7 7 8 14 10 11 10 15 13
4 3 2 2 5 6 9 8 7 10 12 14 12 13 15
4 3 2 2 15 5 8 6 10 12 8 14 11 14 9
4 3 2 2 15 8 8 10 9 12 8 12 8 13 14
6 3 2 2 15 6 8 7 6 11 10 14 9 12 13

IGD
5 3 1 2 4 11 14 9 13 15 12 6 8 7 10
5 3 2 1 4 8 7 13 10 6 9 11 14 12 15
13 3 1 2 15 4 9 10 5 12 7 7 8 11 14
5 3 1 2 4 9 7 10 12 6 8 13 14 11 15
4 3 2 1 14 6 6 9 7 13 8 11 10 12 15
7 5 2 2 3 12 13 10 11 9 14 8 4 6 15
12 3 1 2 11 5 6 8 9 4 14 13 7 10 15
2 4 1 3 15 8 9 12 8 14 11 6 11 5 13
3 12 2 1 15 7 7 10 4 9 8 11 5 13 14
3 4 2 1 5 8 12 13 11 6 10 7 9 14 15
4 3 1 2 5 12 13 14 11 10 7 9 7 8 15
4 3 1 2 5 6 10 8 7 9 12 13 12 14 15
10 8 2 1 11 7 3 15 4 9 12 6 5 13 14
3 6 2 1 12 7 8 13 14 10 9 4 5 11 15
4 3 1 2 5 6 8 9 7 12 11 13 10 14 15
7 3 2 1 15 5 6 4 10 9 13 14 11 12 8
9 8 2 1 15 6 6 3 7 4 12 10 13 11 14
3 4 2 1 15 6 8 12 8 14 10 11 5 9 13
4 3 1 2 5 7 8 9 10 6 13 14 12 12 15
15 3 2 1 14 9 4 5 9 12 7 10 7 11 13
10 4 1 2 3 6 8 6 7 9 12 13 12 14 15
4 3 2 2 5 6 7 9 10 8 13 11 14 15 12
10 3 1 2 13 5 6 8 5 9 7 11 14 12 15
3 4 1 2 9 5 6 10 8 7 11 14 12 13 15
4 2 1 3 5 10 11 7 8 9 13 14 13 15 6
11 2 1 8 15 10 3 9 7 12 4 5 6 13 14
4 3 2 2 10 6 8 7 9 5 13 15 12 11 15
14 3 2 1 15 5 6 10 7 9 8 12 11 4 13
8 1 2 3 15 4 11 9 7 5 13 10 14 12 6
3 4 2 1 14 8 8 13 11 5 9 10 12 6 15
3 4 1 2 15 5 10 11 6 12 7 13 8 9 14
13 3 1 2 15 5 5 9 8 6 12 12 7 10 14
5 3 1 2 4 6 8 10 7 9 12 15 11 13 14
3 4 2 1 14 8 12 11 10 6 9 13 15 7 5
3 6 1 2 15 4 8 10 11 9 12 13 14 5 7
4 3 2 1 5 6 8 9 10 7 11 12 13 15 14
5 3 1 2 4 6 8 9 7 15 11 12 11 14 13
4 3 1 2 5 8 6 7 14 11 9 10 13 12 15
4 3 1 2 5 8 8 11 9 12 8 10 14 13 15
13 3 1 2 15 6 7 5 4 12 9 10 8 11 14

HV
4 3 1 2 5 9 9 9 14 15 9 14 14 14 14
4 3 1 2 6 6 13 13 13 13 13 13 13 15 14
5 3 1 2 4 9 9 9 9 14 14 14 14 14 15
4 3 1 2 5 7 7 10 10 11 12 13 15 10 15
4 3 1 2 15 9 9 13 9 9 13 13 9 13 15
14 3 1 2 7 7 9 7 7 12 9 12 10 13 15
12 3 1 2 4 7 7 9 9 14 10 13 7 12 15
4 2 1 3 15 8 11 8 8 8 11 12 11 14 13
4 3 1 2 14 11 11 11 11 11 11 12 11 13 15
4 3 1 2 5 6 10 10 10 14 10 13 13 15 13
4 3 1 2 6 6 10 10 10 10 13 14 13 13 15
4 3 1 2 5 7 12 12 7 15 12 13 12 14 12
4 3 1 2 5 6 10 11 10 14 10 12 10 15 13
10 3 1 2 15 7 7 13 13 7 11 10 10 7 14
4 3 1 2 5 7 10 7 10 10 14 14 14 14 15
4 3 1 2 9 6 6 7 8 11 12 15 10 15 15
6 2 1 3 13 5 5 7 10 11 9 9 12 14 15
4 3 1 2 15 5 9 11 9 15 9 9 15 11 12
4 3 1 2 5 12 12 12 12 12 12 12 14 14 15
14 3 1 2 7 7 7 14 7 14 10 10 10 14 15
4 3 1 2 10 8 8 8 8 9 12 14 12 14 15
4 3 1 2 5 9 9 9 9 15 13 13 13 14 13
4 3 1 2 5 9 9 10 9 11 9 14 12 15 14
4 3 1 2 5 8 8 9 8 14 11 15 11 13 13
4 3 1 2 12 9 9 11 9 15 9 13 9 15 10
13 2 1 3 15 4 7 5 10 12 6 10 10 11 14
4 3 2 2 15 6 12 6 12 14 12 12 12 13 12
9 3 1 2 14 9 9 14 9 14 9 14 9 14 15
6 3 1 2 4 6 12 10 8 10 14 12 14 15 8
4 3 1 2 14 8 8 8 14 14 8 14 14 14 15
4 3 1 2 8 8 8 12 8 14 12 12 12 14 15
4 3 1 2 14 9 9 13 13 9 9 9 13 13 15
4 3 1 2 5 6 11 13 11 11 11 14 11 13 15
4 3 1 2 11 5 11 11 11 15 11 15 11 15 15
4 3 1 2 15 6 10 10 10 10 13 13 13 6 14
4 3 1 2 5 6 9 13 9 15 13 13 9 14 13
5 3 1 2 4 6 15 15 15 15 15 15 15 15 15
4 3 1 2 15 7 7 7 12 14 12 12 12 14 12
12 3 1 2 15 10 10 10 10 10 10 12 13 10 14
4 3 1 2 5 7 10 8 7 10 14 14 14 14 15



----------------- Avg --------------

QI: GD    DIR    DCI    IGD    HV    
11.125 1.85 1.575 2.975 7.4 11.1 10.85 10.4 10.0 9.875 9.75 8.95 9.55 8.8 6.375 
5.3 2.925 1.225 2.075 8.3 12.925 13.9 13.825 13.375 14.4 14.35 14.45 14.525 14.65 14.475 
5.25 3.15 2.075 2.075 13.725 5.9 7.45 8.75 8.325 10.725 9.45 11.975 11.275 12.925 12.475 
6.25 3.775 1.45 1.875 9.825 6.9 7.95 9.4 8.55 9.15 10.25 10.8 10.275 11.0 13.225 
5.55 2.925 1.025 2.075 9.025 7.325 9.35 10.125 9.95 12.275 11.175 12.675 11.9 13.25 13.925 


----------------- Med ---------------

QI: GD    DIR    DCI    IGD    HV    
14.0 2.0 2.0 3.0 5.0 11.5 11.0 11.0 10.0 10.5 9.0 8.0 9.0 9.0 5.0 
4.0 3.0 1.0 2.0 5.0 15.0 15.0 15.0 15.0 15.0 15.0 15.0 15.0 15.0 15.0 
4.0 3.0 2.0 2.0 15.0 6.0 7.0 8.0 8.0 11.0 10.0 12.0 11.5 13.0 13.0 
4.0 3.0 1.0 2.0 11.0 6.0 8.0 9.0 8.0 9.0 11.0 11.0 11.0 12.0 14.0 
4.0 3.0 1.0 2.0 7.0 7.0 9.0 10.0 10.0 12.5 11.0 13.0 12.0 14.0 15.0 

