----------------- All ---------------

GD
11 5 6 9 7 8 3 10 4 2 1
2 8 7 6 11 4 9 5 10 3 1
1 10 6 5 11 4 8 3 7 9 2
11 3 1 2 10 4 6 5 8 9 7
1 11 7 8 9 10 3 6 4 5 2
2 7 10 9 8 11 5 3 6 4 1
1 10 11 9 5 7 4 3 6 8 2
3 9 6 11 7 10 5 8 5 2 1
1 10 7 8 7 9 4 11 4 5 2
2 3 11 10 8 6 7 5 9 4 1
4 7 7 3 2 9 7 11 8 10 1
1 10 10 8 11 7 2 3 4 6 5
3 5 6 7 9 11 10 2 8 4 1
11 9 6 10 4 7 5 3 2 1 8
2 9 6 11 3 4 8 10 8 5 1
2 9 6 10 11 8 4 5 4 7 1
1 8 10 9 6 7 5 11 3 2 4
2 5 7 9 6 3 4 11 8 10 1
2 10 10 11 6 8 4 7 5 3 1
8 10 1 9 7 11 2 4 3 6 5
10 11 7 6 8 9 2 4 5 4 1
1 10 11 7 9 8 6 4 5 3 2
2 11 9 3 10 7 6 8 5 4 1
5 10 8 6 11 9 7 3 4 1 2
1 7 4 11 10 6 9 3 9 5 2
3 9 11 4 10 8 5 2 7 6 1
1 10 8 6 5 3 7 11 9 4 2
2 11 3 5 6 9 7 4 8 10 1
1 10 11 4 9 3 7 5 6 8 2
4 2 9 3 8 11 6 7 10 5 1
2 5 6 9 7 3 10 8 11 4 1
1 8 6 11 4 5 7 9 10 3 2
7 8 11 9 10 4 6 3 6 2 1
1 7 9 8 4 6 11 10 5 3 2
1 11 10 5 8 6 3 7 9 4 2
11 7 6 10 9 8 2 4 3 5 1
2 11 11 7 8 9 5 3 5 6 1
2 10 11 5 8 4 9 3 7 6 1
1 11 11 8 9 3 7 4 6 5 2
2 5 6 8 7 11 9 10 3 4 1

DIR
1 4 4 7 11 7 4 7 11 11 11
1 5 5 5 9 10 5 9 9 11 9
10 1 10 10 10 10 10 10 10 10 11
1 4 4 11 11 7 4 11 7 11 7
10 10 10 10 10 10 10 10 10 10 11
1 10 10 10 10 10 10 10 10 10 11
1 6 6 10 10 6 6 10 10 6 11
1 11 11 11 11 11 11 11 11 11 11
1 6 6 10 6 10 6 7 6 10 11
1 10 10 10 10 10 10 10 10 10 11
1 9 9 11 9 9 9 11 9 9 9
1 5 5 5 7 11 5 11 7 11 8
1 11 11 11 11 11 11 11 11 11 11
8 3 3 8 11 8 3 5 9 5 10
11 2 2 11 9 3 8 8 8 8 8
1 11 11 11 11 11 11 11 11 11 11
1 5 5 5 10 5 10 11 10 10 10
10 3 10 10 10 10 3 10 3 10 11
11 9 9 9 9 9 9 9 9 9 10
1 4 11 4 4 11 11 11 11 11 11
2 2 11 11 11 11 11 11 11 11 11
11 11 11 11 11 11 11 11 11 11 11
1 11 11 11 11 11 11 11 11 11 11
1 11 11 11 11 11 11 11 11 11 11
11 8 8 8 8 9 8 8 8 8 11
1 6 6 7 6 6 6 11 11 11 11
1 11 11 11 11 11 11 11 11 11 11
1 11 11 11 11 11 11 11 11 11 11
1 4 4 6 6 4 11 11 11 11 11
1 6 6 6 6 8 6 7 11 11 11
1 3 3 5 5 11 11 11 11 11 11
10 10 10 10 10 10 10 10 10 10 11
1 10 10 11 10 10 10 10 10 10 10
1 8 8 8 11 8 8 8 11 8 11
4 4 4 9 6 9 4 11 9 6 11
10 10 10 10 10 10 10 10 10 10 11
1 11 11 11 11 11 11 11 11 11 11
7 7 7 11 7 11 7 7 11 11 7
1 6 6 6 6 11 6 8 8 9 11
1 11 11 11 11 11 11 11 11 11 11

DCI
7 1 2 4 3 5 6 9 8 10 11
9 2 5 3 6 2 5 8 8 10 11
11 1 5 6 3 7 3 9 5 8 10
8 1 8 4 2 10 3 11 8 5 9
10 1 8 4 2 3 8 9 8 8 11
10 1 3 5 3 4 6 8 7 9 11
11 3 3 6 6 3 4 9 8 7 10
2 1 7 9 7 7 7 9 7 10 11
10 1 4 8 4 4 6 7 6 9 11
10 1 4 6 3 7 3 8 5 9 11
1 5 5 9 5 6 5 10 7 9 11
10 2 2 7 4 9 3 8 5 7 11
5 1 2 7 3 7 5 11 8 9 10
4 1 3 2 7 10 6 8 10 6 11
10 2 2 9 3 4 6 8 6 7 11
11 1 5 9 2 9 5 7 5 6 10
11 1 2 3 8 4 5 9 7 6 10
10 1 6 6 6 9 3 7 3 8 11
11 3 3 3 8 9 8 8 8 8 11
10 1 6 3 2 7 5 8 5 9 11
10 1 5 4 4 4 6 8 9 8 11
9 2 5 5 7 8 5 7 2 10 11
10 1 3 5 2 4 6 7 8 9 11
8 1 4 6 2 5 3 10 9 8 11
11 1 7 4 2 4 7 9 7 9 10
6 1 2 5 3 4 7 10 8 10 11
10 2 2 6 3 4 7 9 5 8 11
9 1 2 10 7 5 3 8 5 7 11
8 1 2 6 9 3 7 5 10 5 11
9 2 2 3 4 7 5 6 8 10 11
7 2 2 5 3 9 5 9 7 10 11
10 2 5 3 2 4 7 8 7 9 11
11 1 3 9 3 7 7 8 7 4 10
10 1 2 3 4 6 5 9 7 8 11
10 3 3 7 3 4 6 9 5 8 11
10 2 3 7 2 4 6 8 6 9 11
11 2 2 9 3 7 5 7 5 8 10
9 2 4 5 2 7 4 7 8 10 11
10 5 5 5 5 9 9 5 9 6 11
9 2 2 7 4 8 3 7 5 10 11

IGD
1 2 3 7 4 5 8 6 9 10 11
8 10 4 2 6 3 5 9 7 1 11
10 1 8 9 2 4 3 7 6 5 11
2 1 4 11 5 7 3 10 8 6 9
7 1 4 5 2 3 8 10 9 6 11
7 1 5 2 3 4 8 9 6 10 11
11 1 2 4 3 5 8 9 7 6 10
9 1 5 4 6 2 8 3 8 10 11
10 1 4 5 4 9 8 2 8 6 11
10 9 1 7 5 2 4 3 6 8 11
8 7 7 10 9 2 7 4 1 3 11
11 3 3 4 1 5 6 7 9 8 10
9 6 7 5 4 1 2 11 3 8 10
1 4 6 2 9 5 8 11 10 7 3
9 1 2 3 10 8 5 6 5 7 11
9 3 8 2 4 1 7 10 7 5 11
9 2 4 3 5 6 8 1 10 11 7
10 1 2 4 3 9 6 8 6 7 11
10 2 2 3 7 4 5 8 7 9 11
3 1 7 4 2 8 5 10 6 9 11
6 4 5 1 3 2 10 8 9 8 11
11 1 2 3 7 4 6 8 5 9 10
10 1 3 8 2 5 7 4 6 9 11
7 3 4 5 1 2 6 10 8 9 11
11 5 7 2 1 6 4 9 4 8 10
9 1 2 5 3 4 6 10 7 8 11
10 3 9 2 4 7 6 1 5 8 11
1 2 5 9 10 6 3 7 4 8 11
10 1 2 5 4 6 7 8 9 3 11
6 11 4 5 3 1 7 8 2 10 9
10 1 2 3 6 8 4 7 5 9 11
11 1 3 4 8 2 5 7 6 9 10
1 2 4 5 3 6 8 10 8 9 11
11 1 2 5 8 4 3 6 9 7 10
10 1 6 8 2 5 9 4 3 7 11
5 3 1 6 2 4 8 9 8 10 11
11 3 3 6 4 1 8 9 8 5 10
1 7 2 6 3 10 4 5 8 9 11
11 2 2 4 3 9 5 8 6 7 10
1 6 7 5 8 4 3 2 9 10 11

HV
1 3 3 9 6 7 6 11 6 11 9
6 1 5 9 5 7 5 9 5 10 11
10 1 9 3 3 7 5 8 7 4 11
1 2 6 5 5 9 3 11 8 7 10
6 1 3 4 2 5 7 9 9 10 11
1 3 5 5 3 6 8 10 8 10 11
8 1 2 5 3 4 6 10 8 9 11
1 2 8 11 8 4 8 4 8 9 11
9 1 3 4 3 9 9 5 9 10 11
9 1 2 6 5 8 3 7 5 10 11
1 4 4 10 8 6 4 10 6 8 11
5 2 2 4 8 8 3 10 8 10 11
3 2 2 7 5 8 4 9 7 11 10
1 2 3 6 9 6 7 4 10 9 11
11 1 3 8 9 2 5 7 5 7 11
10 1 8 3 2 4 8 9 8 8 11
3 3 3 10 5 5 7 7 8 9 11
3 3 3 7 7 10 7 9 7 9 11
10 2 2 3 7 9 4 7 7 8 11
1 2 9 5 3 9 5 10 9 9 11
6 1 5 3 3 5 9 9 10 9 11
9 2 2 3 8 7 6 6 6 11 10
11 2 3 6 2 6 6 9 9 9 10
7 4 4 5 4 4 6 11 8 9 10
10 1 9 5 5 7 3 7 3 9 11
10 6 6 6 6 6 6 9 8 8 11
10 1 2 8 5 7 5 9 5 7 11
1 2 5 9 10 8 5 8 5 8 11
10 1 2 10 4 8 7 7 7 4 11
7 1 4 4 6 9 4 5 10 9 11
1 3 3 5 5 10 6 10 10 10 11
9 1 7 4 2 4 7 8 7 10 11
11 1 3 7 3 7 7 9 7 8 10
10 3 3 7 9 3 7 7 9 7 11
10 3 3 8 3 4 9 6 6 7 11
10 3 3 9 3 9 6 6 6 9 11
10 3 3 6 3 5 8 9 8 5 11
10 1 4 7 4 7 4 7 10 10 11
10 5 5 5 5 9 5 7 6 8 11
7 2 2 5 4 9 4 9 7 10 11



----------------- Avg --------------

QI: GD    DIR    DCI    IGD    HV    
3.275 8.3 7.725 7.475 7.7 7.0 5.9 5.95 6.225 4.925 1.925 
3.55 7.25 8.05 9.1 9.2 9.35 8.525 9.825 9.775 9.975 10.45 
8.95 1.65 3.75 5.675 4.025 5.975 5.375 8.175 6.775 8.15 10.75 
7.675 2.925 4.075 4.825 4.475 4.725 6.025 7.1 6.675 7.6 10.375 
6.725 2.1 4.075 6.15 5.0 6.675 5.85 8.1 7.375 8.625 10.8 


----------------- Med ---------------

QI: GD    DIR    DCI    IGD    HV    
2.0 9.0 7.0 8.0 8.0 7.0 6.0 5.0 6.0 4.5 1.0 
1.0 7.5 9.5 10.0 10.0 10.0 10.0 10.5 10.0 11.0 11.0 
10.0 1.0 3.0 5.5 3.0 6.0 5.0 8.0 7.0 8.0 11.0 
9.0 2.0 4.0 5.0 4.0 4.5 6.0 8.0 7.0 8.0 11.0 
8.5 2.0 3.0 6.0 5.0 7.0 6.0 9.0 7.5 9.0 11.0 

