18092.0 83123.0
18596.0 81516.0
19912.0 81492.0
20838.0 80959.0
24592.0 80423.0
25513.0 80145.0
28763.0 79790.0
31937.0 79789.0
32013.0 79563.0
36184.0 79504.0
39358.0 79461.0
39434.0 79083.0
46855.0 78953.0

16495.0 101422.0
17145.0 100106.0
17492.0 92080.0
18446.0 91892.0
18545.0 89458.0
21108.0 89196.0
21138.0 88431.0
21708.0 88242.0
23340.0 88240.0
23550.0 87279.0
24201.0 86928.0
24801.0 86612.0
25792.0 86447.0
27166.0 86424.0
27294.0 85158.0
28763.0 85048.0
32358.0 84352.0
63874.0 77944.0

20489.0 100741.0
21364.0 95567.0
21708.0 93676.0
22716.0 92431.0
24150.0 89335.0

20489.0 100448.0
21364.0 95567.0
21708.0 93676.0
22716.0 92431.0
24150.0 89335.0

18092.0 81461.0
18545.0 81214.0
19912.0 81196.0
19946.0 80898.0
21266.0 80877.0
21342.0 80735.0
21657.0 80675.0
21708.0 80082.0
27913.0 80071.0
28763.0 79766.0
31937.0 79740.0
35187.0 79443.0
40355.0 79358.0

17516.0 86481.0
17745.0 84314.0
18092.0 82671.0
18545.0 81680.0
18596.0 81411.0
21342.0 81061.0
24592.0 81048.0
25513.0 80240.0
28763.0 80193.0
32934.0 79937.0

17516.0 86481.0
17745.0 84314.0
18092.0 82671.0
18545.0 81680.0
18596.0 81411.0
21342.0 81061.0
24592.0 81048.0
25513.0 80240.0
28763.0 80193.0
32934.0 79937.0

17516.0 86481.0
17745.0 84314.0
18092.0 82671.0
18545.0 81680.0
18596.0 81411.0
21342.0 81061.0
24592.0 81048.0
25513.0 80240.0
28763.0 80193.0
32934.0 79937.0

17516.0 86481.0
17745.0 84314.0
18092.0 82671.0
18545.0 81680.0
18596.0 81411.0
21342.0 81061.0
24592.0 81048.0
25513.0 80240.0
28763.0 80193.0
32934.0 79937.0

17516.0 86481.0
17745.0 84314.0
18092.0 82671.0
18545.0 81680.0
18596.0 81411.0
21342.0 81061.0
24592.0 81048.0
25513.0 80240.0
28763.0 80193.0
32934.0 79937.0

17516.0 86481.0
17745.0 84314.0
18092.0 82671.0
18545.0 81680.0
18596.0 81411.0
21342.0 81061.0
24592.0 81048.0
25513.0 80240.0
28763.0 80193.0
32934.0 79937.0

17516.0 86481.0
17745.0 84314.0
18092.0 82671.0
18545.0 81680.0
18596.0 81411.0
21342.0 81061.0
24592.0 81048.0
25513.0 80240.0
28763.0 80193.0
32934.0 79937.0

17516.0 86481.0
17745.0 84314.0
18092.0 82671.0
18545.0 81680.0
18596.0 81411.0
21342.0 81061.0
24592.0 81048.0
25513.0 80240.0
28763.0 80193.0
32934.0 79937.0

17516.0 86481.0
17745.0 84314.0
18092.0 82671.0
18545.0 81680.0
18596.0 81411.0
21342.0 81061.0
24592.0 81048.0
25513.0 80240.0
28763.0 80193.0
32934.0 79937.0

17516.0 86481.0
17745.0 84314.0
18092.0 82671.0
18545.0 81680.0
18596.0 81411.0
21342.0 81061.0
24592.0 81048.0
25513.0 80240.0
28763.0 80193.0
32934.0 79937.0


