18092.0 82638.0
18545.0 81933.0
18596.0 81295.0
19946.0 81215.0
21266.0 81212.0
21342.0 80797.0
21657.0 80344.0
24699.0 80327.0
24750.0 80209.0
28687.0 80048.0
28763.0 79546.0
32013.0 79486.0
36184.0 79299.0
38858.0 79248.0
43605.0 79217.0

16515.0 97220.0
16816.0 96789.0
17095.0 94181.0
19246.0 94061.0
19280.0 92571.0
19987.0 92303.0
20742.0 92232.0
20766.0 90796.0
21108.0 90743.0
21266.0 90670.0
21364.0 90453.0
21638.0 90153.0
21708.0 89647.0
22950.0 89598.0
24237.0 89309.0
24516.0 86656.0
24782.0 84608.0
39779.0 84470.0
63874.0 77944.0

20666.0 101856.0
21021.0 100875.0
21266.0 99743.0
22140.0 95801.0
22880.0 93323.0
22950.0 92819.0
25513.0 91437.0
30813.0 91035.0

17516.0 101299.0
17945.0 101201.0
18045.0 101043.0
20166.0 99428.0
20766.0 90257.0
21638.0 87118.0
28187.0 86385.0

17279.0 90580.0
17345.0 85902.0
17516.0 83615.0
17745.0 83562.0
18092.0 82043.0
18596.0 81612.0
20838.0 81535.0
21342.0 80958.0
21657.0 80940.0
21708.0 80775.0
22263.0 80613.0
24592.0 80590.0
24937.0 80579.0
25513.0 79888.0
28763.0 79564.0
32013.0 79505.0
36184.0 79098.0
46855.0 79012.0

18092.0 82642.0
18596.0 81377.0
19112.0 81319.0
20838.0 81318.0
21266.0 81276.0
21342.0 81043.0
21708.0 80885.0
24592.0 80849.0
25513.0 80663.0
28763.0 80403.0

18092.0 82642.0
18596.0 81377.0
19112.0 81319.0
20838.0 81318.0
21266.0 81276.0
21342.0 81043.0
21708.0 80885.0
24592.0 80849.0
25513.0 80663.0
28763.0 80403.0

18092.0 82642.0
18596.0 81377.0
19112.0 81319.0
20838.0 81318.0
21266.0 81276.0
21342.0 81043.0
21708.0 80885.0
24592.0 80849.0
25513.0 80663.0
28763.0 80403.0

18092.0 82642.0
18596.0 81377.0
19112.0 81319.0
20838.0 81318.0
21266.0 81276.0
21342.0 81043.0
21708.0 80885.0
24592.0 80849.0
25513.0 80663.0
28763.0 80403.0

18092.0 82642.0
18596.0 81377.0
19112.0 81319.0
20838.0 81318.0
21266.0 81276.0
21342.0 81043.0
21708.0 80885.0
24592.0 80849.0
25513.0 80663.0
28763.0 80403.0

18092.0 82642.0
18596.0 81377.0
19112.0 81319.0
20838.0 81318.0
21266.0 81276.0
21342.0 81043.0
21708.0 80885.0
24592.0 80849.0
25513.0 80663.0
28763.0 80403.0

18092.0 82642.0
18596.0 81377.0
19112.0 81319.0
20838.0 81318.0
21266.0 81276.0
21342.0 81043.0
21708.0 80885.0
24592.0 80849.0
25513.0 80663.0
28763.0 80403.0

18092.0 82642.0
18596.0 81377.0
19112.0 81319.0
20838.0 81318.0
21266.0 81276.0
21342.0 81043.0
21708.0 80885.0
24592.0 80849.0
25513.0 80663.0
28763.0 80403.0

18092.0 82642.0
18596.0 81377.0
19112.0 81319.0
20838.0 81318.0
21266.0 81276.0
21342.0 81043.0
21708.0 80885.0
24592.0 80849.0
25513.0 80663.0
28763.0 80403.0

18092.0 82642.0
18596.0 81377.0
19112.0 81319.0
20838.0 81318.0
21266.0 81276.0
21342.0 81043.0
21708.0 80885.0
24592.0 80849.0
25513.0 80663.0
28763.0 80403.0


