17996.0 86933.0
18016.0 86246.0
18092.0 85324.0
18596.0 84675.0
18615.0 81409.0
20387.0 81369.0
21266.0 81344.0
21342.0 80810.0
21708.0 80339.0
25513.0 80031.0
28687.0 80030.0
28763.0 79687.0
32934.0 79469.0
36184.0 79276.0
39434.0 79251.0
43605.0 79058.0

16515.0 102642.0
17345.0 94672.0
18056.0 92581.0
18596.0 89942.0
20742.0 88902.0
21708.0 87967.0
21795.0 87904.0
22263.0 87750.0
23550.0 87684.0
23992.0 85250.0
63874.0 77947.0

18922.0 100150.0
20112.0 93312.0
25513.0 90936.0
28163.0 88502.0

18922.0 99496.0
20112.0 93312.0
25513.0 90936.0
28163.0 88502.0

17996.0 86817.0
18092.0 82120.0
18596.0 81484.0
19912.0 81444.0
20421.0 81404.0
21342.0 81017.0
21708.0 81016.0
24592.0 80530.0
24750.0 80354.0
24801.0 80319.0
25513.0 80168.0
27913.0 79974.0
28763.0 79848.0
32013.0 79728.0
32934.0 79447.0
36184.0 79310.0
39434.0 79196.0
40355.0 79021.0

17492.0 101537.0
17969.0 90335.0
18092.0 81869.0
18545.0 81785.0
18596.0 81780.0
18615.0 81765.0
19946.0 81675.0
21342.0 81075.0
24592.0 80663.0
24801.0 80620.0

17492.0 101537.0
17969.0 90335.0
18092.0 81869.0
18545.0 81785.0
18596.0 81780.0
18615.0 81765.0
19946.0 81675.0
21342.0 81075.0
24592.0 80663.0
24801.0 80620.0

17492.0 101537.0
17969.0 90335.0
18092.0 81869.0
18545.0 81785.0
18596.0 81780.0
18615.0 81765.0
19946.0 81675.0
21342.0 81075.0
24592.0 80663.0
24801.0 80620.0

17492.0 101537.0
17969.0 90335.0
18092.0 81869.0
18545.0 81785.0
18596.0 81780.0
18615.0 81765.0
19946.0 81675.0
21342.0 81075.0
24592.0 80663.0
24801.0 80620.0

17492.0 101537.0
17969.0 90335.0
18092.0 81869.0
18545.0 81785.0
18596.0 81780.0
18615.0 81765.0
19946.0 81675.0
21342.0 81075.0
24592.0 80663.0
24801.0 80620.0

17492.0 101537.0
17969.0 90335.0
18092.0 81869.0
18545.0 81785.0
18596.0 81780.0
18615.0 81765.0
19946.0 81675.0
21342.0 81075.0
24592.0 80663.0
24801.0 80620.0

17492.0 101537.0
17969.0 90335.0
18092.0 81869.0
18545.0 81785.0
18596.0 81780.0
18615.0 81765.0
19946.0 81675.0
21342.0 81075.0
24592.0 80663.0
24801.0 80620.0

17492.0 101537.0
17969.0 90335.0
18092.0 81869.0
18545.0 81785.0
18596.0 81780.0
18615.0 81765.0
19946.0 81675.0
21342.0 81075.0
24592.0 80663.0
24801.0 80620.0

17492.0 101537.0
17969.0 90335.0
18092.0 81869.0
18545.0 81785.0
18596.0 81780.0
18615.0 81765.0
19946.0 81675.0
21342.0 81075.0
24592.0 80663.0
24801.0 80620.0

17492.0 101537.0
17969.0 90335.0
18092.0 81869.0
18545.0 81785.0
18596.0 81780.0
18615.0 81765.0
19946.0 81675.0
21342.0 81075.0
24592.0 80663.0
24801.0 80620.0


