16990.0 85769.0
17294.0 85127.0
17326.0 84115.0
17516.0 83785.0
18016.0 83702.0
18092.0 81806.0
18545.0 81784.0
18596.0 81272.0
19912.0 81079.0
21342.0 80988.0
21708.0 80904.0
22263.0 80698.0
24750.0 80486.0
25513.0 80216.0
28763.0 79945.0
32013.0 79840.0
32934.0 79432.0
39434.0 79350.0
43605.0 79110.0
46855.0 79056.0

16816.0 98338.0
17369.0 97463.0
18016.0 93212.0
18615.0 91265.0
19946.0 90809.0
20742.0 87099.0
23916.0 86944.0
27894.0 86634.0
27966.0 86131.0
28763.0 86035.0
31437.0 85951.0
32934.0 85907.0
63874.0 77944.0

20166.0 102085.0
21108.0 99640.0
21708.0 98596.0
22263.0 94382.0
23653.0 92462.0
27043.0 91938.0
28163.0 90112.0
29604.0 89973.0
30737.0 89555.0

20166.0 102085.0
21108.0 99640.0
21364.0 92766.0
23653.0 92462.0
27043.0 91938.0
28163.0 90112.0
29604.0 89973.0
30737.0 89555.0

18092.0 83190.0
18596.0 81634.0
19946.0 81610.0
20766.0 81425.0
21266.0 81350.0
21342.0 80782.0
21638.0 80720.0
21708.0 80516.0
24801.0 80508.0
25513.0 80276.0
27913.0 80034.0
28763.0 79910.0
31937.0 79777.0
32934.0 79768.0
36184.0 79523.0

18016.0 98346.0
18092.0 82198.0
18596.0 81608.0
19587.0 81577.0
19912.0 81547.0
21266.0 81522.0
21342.0 80978.0
24592.0 80583.0
27043.0 80393.0
28763.0 80187.0
38158.0 80115.0

18016.0 98346.0
18092.0 82198.0
18596.0 81608.0
19587.0 81577.0
19912.0 81547.0
21266.0 81522.0
21342.0 80978.0
24592.0 80583.0
27043.0 80393.0
28763.0 80187.0
38158.0 80115.0

18016.0 98346.0
18092.0 82198.0
18596.0 81608.0
19587.0 81577.0
19912.0 81547.0
21266.0 81522.0
21342.0 80978.0
24592.0 80583.0
27043.0 80393.0
28763.0 80187.0
38158.0 80115.0

18016.0 98346.0
18092.0 82198.0
18596.0 81608.0
19587.0 81577.0
19912.0 81547.0
21266.0 81522.0
21342.0 80978.0
24592.0 80583.0
27043.0 80393.0
28763.0 80187.0
38158.0 80115.0

18016.0 98346.0
18092.0 82198.0
18596.0 81608.0
19587.0 81577.0
19912.0 81547.0
21266.0 81522.0
21342.0 80978.0
24592.0 80583.0
27043.0 80393.0
28763.0 80187.0
38158.0 80115.0

18016.0 98346.0
18092.0 82198.0
18596.0 81608.0
19587.0 81577.0
19912.0 81547.0
21266.0 81522.0
21342.0 80978.0
24592.0 80583.0
27043.0 80393.0
28763.0 80187.0
38158.0 80115.0

18016.0 98346.0
18092.0 82198.0
18596.0 81608.0
19587.0 81577.0
19912.0 81547.0
21266.0 81522.0
21342.0 80978.0
24592.0 80583.0
27043.0 80393.0
28763.0 80187.0
38158.0 80115.0

18016.0 98346.0
18092.0 82198.0
18596.0 81608.0
19587.0 81577.0
19912.0 81547.0
21266.0 81522.0
21342.0 80978.0
24592.0 80583.0
27043.0 80393.0
28763.0 80187.0
38158.0 80115.0

18016.0 98346.0
18092.0 82198.0
18596.0 81608.0
19587.0 81577.0
19912.0 81547.0
21266.0 81522.0
21342.0 80978.0
24592.0 80583.0
27043.0 80393.0
28763.0 80187.0
38158.0 80115.0

18016.0 98346.0
18092.0 82198.0
18596.0 81608.0
19587.0 81577.0
19912.0 81547.0
21266.0 81522.0
21342.0 80978.0
24592.0 80583.0
27043.0 80393.0
28763.0 80187.0
38158.0 80115.0


