18016.0 85686.0
18092.0 83349.0
18545.0 83332.0
18596.0 83155.0
18615.0 81407.0
19587.0 81285.0
21342.0 80412.0
21708.0 80222.0
24592.0 80038.0
28763.0 79614.0
32013.0 79494.0
35263.0 79411.0
36184.0 79240.0

16290.0 98663.0
16515.0 95103.0
17492.0 94251.0
18615.0 92668.0
18922.0 89531.0
20457.0 88541.0
21108.0 88392.0
21708.0 87514.0
22461.0 87249.0
23294.0 87012.0
23950.0 86376.0
23992.0 85951.0
24197.0 85549.0
28163.0 85277.0
28187.0 84745.0
29704.0 84612.0
31413.0 84243.0
63874.0 77948.0

18615.0 102597.0
20457.0 98616.0
21266.0 97966.0
21440.0 97434.0
21708.0 95565.0
22495.0 95270.0
22936.0 94733.0
24617.0 91183.0
30885.0 90117.0
32805.0 89118.0
32867.0 89057.0

18494.0 96083.0
21342.0 90744.0
22699.0 90014.0
26490.0 89962.0
26600.0 88393.0
26662.0 87375.0
27062.0 84375.0

18016.0 84499.0
18092.0 82533.0
18545.0 82516.0
18596.0 81098.0
19912.0 81058.0
19946.0 80938.0
21266.0 80935.0
21342.0 80790.0
21708.0 80548.0
22263.0 80495.0
24731.0 80478.0
25513.0 80045.0
28763.0 79940.0
30885.0 79923.0
32013.0 79903.0
32934.0 79514.0
40355.0 79359.0

17996.0 84610.0
18092.0 84518.0
18148.0 83693.0
18312.0 83538.0
18545.0 82043.0
18596.0 81734.0
18615.0 81298.0
21342.0 80989.0
21657.0 80984.0
21708.0 80914.0
24801.0 80546.0
24820.0 80471.0
25513.0 80085.0
31937.0 79982.0
32934.0 79900.0

17996.0 84610.0
18092.0 84518.0
18148.0 83693.0
18312.0 83538.0
18545.0 82043.0
18596.0 81734.0
18615.0 81298.0
21342.0 80989.0
21657.0 80984.0
21708.0 80914.0
24801.0 80546.0
24820.0 80471.0
25513.0 80085.0
31937.0 79982.0
32934.0 79900.0

17996.0 84610.0
18092.0 84518.0
18148.0 83693.0
18312.0 83538.0
18545.0 82043.0
18596.0 81734.0
18615.0 81298.0
21342.0 80989.0
21657.0 80984.0
21708.0 80914.0
24801.0 80546.0
24820.0 80471.0
25513.0 80085.0
31937.0 79982.0
32934.0 79900.0

17996.0 84610.0
18092.0 84518.0
18148.0 83693.0
18312.0 83538.0
18545.0 82043.0
18596.0 81734.0
18615.0 81298.0
21342.0 80989.0
21657.0 80984.0
21708.0 80914.0
24801.0 80546.0
24820.0 80471.0
25513.0 80085.0
31937.0 79982.0
32934.0 79900.0

17996.0 84610.0
18092.0 84518.0
18148.0 83693.0
18312.0 83538.0
18545.0 82043.0
18596.0 81734.0
18615.0 81298.0
21342.0 80989.0
21657.0 80984.0
21708.0 80914.0
24801.0 80546.0
24820.0 80471.0
25513.0 80085.0
31937.0 79982.0
32934.0 79900.0

17996.0 84610.0
18092.0 84518.0
18148.0 83693.0
18312.0 83538.0
18545.0 82043.0
18596.0 81734.0
18615.0 81298.0
21342.0 80989.0
21657.0 80984.0
21708.0 80914.0
24801.0 80546.0
24820.0 80471.0
25513.0 80085.0
31937.0 79982.0
32934.0 79900.0

17996.0 84610.0
18092.0 84518.0
18148.0 83693.0
18312.0 83538.0
18545.0 82043.0
18596.0 81734.0
18615.0 81298.0
21342.0 80989.0
21657.0 80984.0
21708.0 80914.0
24801.0 80546.0
24820.0 80471.0
25513.0 80085.0
31937.0 79982.0
32934.0 79900.0

17996.0 84610.0
18092.0 84518.0
18148.0 83693.0
18312.0 83538.0
18545.0 82043.0
18596.0 81734.0
18615.0 81298.0
21342.0 80989.0
21657.0 80984.0
21708.0 80914.0
24801.0 80546.0
24820.0 80471.0
25513.0 80085.0
31937.0 79982.0
32934.0 79900.0

17996.0 84610.0
18092.0 84518.0
18148.0 83693.0
18312.0 83538.0
18545.0 82043.0
18596.0 81734.0
18615.0 81298.0
21342.0 80989.0
21657.0 80984.0
21708.0 80914.0
24801.0 80546.0
24820.0 80471.0
25513.0 80085.0
31937.0 79982.0
32934.0 79900.0

17996.0 84610.0
18092.0 84518.0
18148.0 83693.0
18312.0 83538.0
18545.0 82043.0
18596.0 81734.0
18615.0 81298.0
21342.0 80989.0
21657.0 80984.0
21708.0 80914.0
24801.0 80546.0
24820.0 80471.0
25513.0 80085.0
31937.0 79982.0
32934.0 79900.0


