17492.0 85130.0
17516.0 84735.0
17736.0 83621.0
17745.0 83053.0
18092.0 81726.0
18545.0 81673.0
18596.0 81479.0
19112.0 81455.0
19146.0 81444.0
19912.0 81245.0
19946.0 81238.0
21266.0 81065.0
21342.0 81032.0
21708.0 80790.0
24516.0 80787.0
24801.0 80772.0
25513.0 80189.0
27766.0 80105.0
28687.0 80100.0
28763.0 79987.0
31937.0 79870.0
35187.0 79693.0
36184.0 79461.0
39358.0 79443.0
43605.0 79427.0

16515.0 93334.0
18805.0 91237.0
19505.0 90570.0
20742.0 89612.0
20857.0 88675.0
21342.0 88578.0
21689.0 88374.0
21708.0 87923.0
22263.0 86399.0
24176.0 85366.0
28763.0 85008.0
29684.0 83864.0
32358.0 83857.0
34663.0 83778.0
63874.0 77944.0

20438.0 102331.0
20857.0 100650.0
21266.0 93611.0
24913.0 93130.0
27243.0 88677.0

18446.0 97142.0
19505.0 93849.0
20438.0 93490.0
22461.0 93100.0
24201.0 91522.0
25010.0 89965.0
27243.0 88677.0
28000.0 87868.0
32934.0 83646.0

17492.0 87551.0
18092.0 82608.0
18596.0 81221.0
19912.0 81197.0
21266.0 81171.0
21342.0 80768.0
21638.0 80760.0
21657.0 80751.0
24516.0 80715.0
24592.0 80402.0
24750.0 80219.0
24820.0 80169.0
27842.0 80133.0
28763.0 79660.0
32013.0 79593.0
36184.0 79349.0
39434.0 79301.0

17745.0 83853.0
18016.0 83783.0
18092.0 82424.0
18545.0 82055.0
18596.0 81688.0
18615.0 81438.0
19946.0 81247.0
21342.0 81155.0
21708.0 81089.0
24592.0 81007.0
24801.0 80936.0
24820.0 80885.0
25513.0 80747.0
27690.0 80714.0
28763.0 80570.0
32934.0 80556.0
36108.0 80511.0

17745.0 83853.0
18016.0 83783.0
18092.0 82424.0
18545.0 82055.0
18596.0 81688.0
18615.0 81438.0
19946.0 81247.0
21342.0 81155.0
21708.0 81089.0
24592.0 81007.0
24801.0 80936.0
24820.0 80885.0
25513.0 80747.0
27690.0 80714.0
28763.0 80570.0
32934.0 80556.0
36108.0 80511.0

17745.0 83853.0
18016.0 83783.0
18092.0 82424.0
18545.0 82055.0
18596.0 81688.0
18615.0 81438.0
19946.0 81247.0
21342.0 81155.0
21708.0 81089.0
24592.0 81007.0
24801.0 80936.0
24820.0 80885.0
25513.0 80747.0
27690.0 80714.0
28763.0 80570.0
32934.0 80556.0
36108.0 80511.0

17745.0 83853.0
18016.0 83783.0
18092.0 82424.0
18545.0 82055.0
18596.0 81688.0
18615.0 81438.0
19946.0 81247.0
21342.0 81155.0
21708.0 81089.0
24592.0 81007.0
24801.0 80936.0
24820.0 80885.0
25513.0 80747.0
27690.0 80714.0
28763.0 80570.0
32934.0 80556.0
36108.0 80511.0

17745.0 83853.0
18016.0 83783.0
18092.0 82424.0
18545.0 82055.0
18596.0 81688.0
18615.0 81438.0
19946.0 81247.0
21342.0 81155.0
21708.0 81089.0
24592.0 81007.0
24801.0 80936.0
24820.0 80885.0
25513.0 80747.0
27690.0 80714.0
28763.0 80570.0
32934.0 80556.0
36108.0 80511.0

17745.0 83853.0
18016.0 83783.0
18092.0 82424.0
18545.0 82055.0
18596.0 81688.0
18615.0 81438.0
19946.0 81247.0
21342.0 81155.0
21708.0 81089.0
24592.0 81007.0
24801.0 80936.0
24820.0 80885.0
25513.0 80747.0
27690.0 80714.0
28763.0 80570.0
32934.0 80556.0
36108.0 80511.0

17745.0 83853.0
18016.0 83783.0
18092.0 82424.0
18545.0 82055.0
18596.0 81688.0
18615.0 81438.0
19946.0 81247.0
21342.0 81155.0
21708.0 81089.0
24592.0 81007.0
24801.0 80936.0
24820.0 80885.0
25513.0 80747.0
27690.0 80714.0
28763.0 80570.0
32934.0 80556.0
36108.0 80511.0

17745.0 83853.0
18016.0 83783.0
18092.0 82424.0
18545.0 82055.0
18596.0 81688.0
18615.0 81438.0
19946.0 81247.0
21342.0 81155.0
21708.0 81089.0
24592.0 81007.0
24801.0 80936.0
24820.0 80885.0
25513.0 80747.0
27690.0 80714.0
28763.0 80570.0
32934.0 80556.0
36108.0 80511.0

17745.0 83853.0
18016.0 83783.0
18092.0 82424.0
18545.0 82055.0
18596.0 81688.0
18615.0 81438.0
19946.0 81247.0
21342.0 81155.0
21708.0 81089.0
24592.0 81007.0
24801.0 80936.0
24820.0 80885.0
25513.0 80747.0
27690.0 80714.0
28763.0 80570.0
32934.0 80556.0
36108.0 80511.0

17745.0 83853.0
18016.0 83783.0
18092.0 82424.0
18545.0 82055.0
18596.0 81688.0
18615.0 81438.0
19946.0 81247.0
21342.0 81155.0
21708.0 81089.0
24592.0 81007.0
24801.0 80936.0
24820.0 80885.0
25513.0 80747.0
27690.0 80714.0
28763.0 80570.0
32934.0 80556.0
36108.0 80511.0


