18016.0 87714.0
18092.0 82797.0
18596.0 81092.0
19912.0 81068.0
21342.0 80805.0
21708.0 80407.0
24016.0 80334.0
24592.0 80250.0
27766.0 80225.0
27862.0 80165.0
28763.0 79932.0
32013.0 79447.0
39434.0 79251.0

16290.0 107516.0
16515.0 102226.0
16816.0 96467.0
18056.0 93681.0
18615.0 90518.0
18922.0 89921.0
19471.0 89606.0
20066.0 89586.0
20857.0 88978.0
21266.0 88776.0
21821.0 88624.0
22263.0 85679.0
30837.0 84625.0
32934.0 84357.0
41432.0 83982.0
63874.0 77944.0

20166.0 95913.0
22020.0 92991.0
23653.0 92618.0
24801.0 91714.0
27487.0 91399.0
32934.0 90757.0
39358.0 90630.0

20166.0 95913.0
22020.0 92991.0
23653.0 92618.0
24801.0 91714.0
25513.0 90165.0

17492.0 84740.0
17996.0 84341.0
18092.0 82582.0
18526.0 82484.0
18596.0 80913.0
21266.0 80845.0
21638.0 80698.0
21689.0 80651.0
24516.0 80525.0
24801.0 80391.0
25513.0 79941.0
28687.0 79854.0
28763.0 79826.0
32934.0 79306.0
39434.0 79098.0

18092.0 81967.0
18545.0 81816.0
18615.0 81528.0
20766.0 81520.0
21266.0 81457.0
21342.0 80663.0
21708.0 80574.0
28763.0 80188.0

18092.0 81967.0
18545.0 81816.0
18615.0 81528.0
20766.0 81520.0
21266.0 81457.0
21342.0 80663.0
21708.0 80574.0
28763.0 80188.0

18092.0 81967.0
18545.0 81816.0
18615.0 81528.0
20766.0 81520.0
21266.0 81457.0
21342.0 80663.0
21708.0 80574.0
28763.0 80188.0

18092.0 81967.0
18545.0 81816.0
18615.0 81528.0
20766.0 81520.0
21266.0 81457.0
21342.0 80663.0
21708.0 80574.0
28763.0 80188.0

18092.0 81967.0
18545.0 81816.0
18615.0 81528.0
20766.0 81520.0
21266.0 81457.0
21342.0 80663.0
21708.0 80574.0
28763.0 80188.0

18092.0 81967.0
18545.0 81816.0
18615.0 81528.0
20766.0 81520.0
21266.0 81457.0
21342.0 80663.0
21708.0 80574.0
28763.0 80188.0

18092.0 81967.0
18545.0 81816.0
18615.0 81528.0
20766.0 81520.0
21266.0 81457.0
21342.0 80663.0
21708.0 80574.0
28763.0 80188.0

18092.0 81967.0
18545.0 81816.0
18615.0 81528.0
20766.0 81520.0
21266.0 81457.0
21342.0 80663.0
21708.0 80574.0
28763.0 80188.0

18092.0 81967.0
18545.0 81816.0
18615.0 81528.0
20766.0 81520.0
21266.0 81457.0
21342.0 80663.0
21708.0 80574.0
28763.0 80188.0

18092.0 81967.0
18545.0 81816.0
18615.0 81528.0
20766.0 81520.0
21266.0 81457.0
21342.0 80663.0
21708.0 80574.0
28763.0 80188.0


