18092.0 82917.0
18494.0 82895.0
18545.0 82364.0
18596.0 82134.0
18615.0 80996.0
21342.0 80641.0
21657.0 80543.0
21708.0 80390.0
24592.0 80376.0
24750.0 80365.0
25513.0 79755.0
28763.0 79629.0
32934.0 79224.0

16816.0 97768.0
17923.0 93949.0
17926.0 93074.0
17996.0 93038.0
18092.0 92977.0
18596.0 92785.0
18922.0 91532.0
20066.0 90597.0
20457.0 90440.0
20766.0 89925.0
21089.0 89030.0
21342.0 88914.0
21708.0 88356.0
22263.0 87588.0
23316.0 86848.0
24913.0 86463.0
25513.0 85356.0
27294.0 84920.0
32334.0 84339.0
42084.0 84236.0
63874.0 77944.0

19466.0 103654.0
19505.0 102666.0
20742.0 93323.0
25943.0 92191.0
26992.0 90006.0

19466.0 92431.0
19980.0 90694.0
21795.0 89931.0
22495.0 87056.0

16816.0 86185.0
16922.0 86074.0
16990.0 82841.0
17095.0 82742.0
17516.0 82446.0
17745.0 82367.0
18016.0 82248.0
18092.0 81688.0
18596.0 81421.0
20345.0 81042.0
21342.0 80777.0
22263.0 80537.0
24592.0 80392.0
25513.0 80335.0
29684.0 80290.0
32013.0 79833.0
32934.0 79819.0
36108.0 79600.0

17145.0 88724.0
17171.0 84359.0
17745.0 83992.0
18092.0 82997.0
18545.0 82846.0
18596.0 82803.0
18671.0 82170.0
19505.0 81733.0
21342.0 81186.0
21638.0 80992.0
24516.0 80752.0
24801.0 80540.0
32013.0 80302.0

17145.0 88724.0
17171.0 84359.0
17745.0 83992.0
18092.0 82997.0
18545.0 82846.0
18596.0 82803.0
18671.0 82170.0
19505.0 81733.0
21342.0 81186.0
21638.0 80992.0
24516.0 80752.0
24801.0 80540.0
32013.0 80302.0

17145.0 88724.0
17171.0 84359.0
17745.0 83992.0
18092.0 82997.0
18545.0 82846.0
18596.0 82803.0
18671.0 82170.0
19505.0 81733.0
21342.0 81186.0
21638.0 80992.0
24516.0 80752.0
24801.0 80540.0
32013.0 80302.0

17145.0 88724.0
17171.0 84359.0
17745.0 83992.0
18092.0 82997.0
18545.0 82846.0
18596.0 82803.0
18671.0 82170.0
19505.0 81733.0
21342.0 81186.0
21638.0 80992.0
24516.0 80752.0
24801.0 80540.0
32013.0 80302.0

17145.0 88724.0
17171.0 84359.0
17745.0 83992.0
18092.0 82997.0
18545.0 82846.0
18596.0 82803.0
18671.0 82170.0
19505.0 81733.0
21342.0 81186.0
21638.0 80992.0
24516.0 80752.0
24801.0 80540.0
32013.0 80302.0

17145.0 88724.0
17171.0 84359.0
17745.0 83992.0
18092.0 82997.0
18545.0 82846.0
18596.0 82803.0
18671.0 82170.0
19505.0 81733.0
21342.0 81186.0
21638.0 80992.0
24516.0 80752.0
24801.0 80540.0
32013.0 80302.0

17145.0 88724.0
17171.0 84359.0
17745.0 83992.0
18092.0 82997.0
18545.0 82846.0
18596.0 82803.0
18671.0 82170.0
19505.0 81733.0
21342.0 81186.0
21638.0 80992.0
24516.0 80752.0
24801.0 80540.0
32013.0 80302.0

17145.0 88724.0
17171.0 84359.0
17745.0 83992.0
18092.0 82997.0
18545.0 82846.0
18596.0 82803.0
18671.0 82170.0
19505.0 81733.0
21342.0 81186.0
21638.0 80992.0
24516.0 80752.0
24801.0 80540.0
32013.0 80302.0

17145.0 88724.0
17171.0 84359.0
17745.0 83992.0
18092.0 82997.0
18545.0 82846.0
18596.0 82803.0
18671.0 82170.0
19505.0 81733.0
21342.0 81186.0
21638.0 80992.0
24516.0 80752.0
24801.0 80540.0
32013.0 80302.0

17145.0 88724.0
17171.0 84359.0
17745.0 83992.0
18092.0 82997.0
18545.0 82846.0
18596.0 82803.0
18671.0 82170.0
19505.0 81733.0
21342.0 81186.0
21638.0 80992.0
24516.0 80752.0
24801.0 80540.0
32013.0 80302.0


