17095.0 83120.0
17171.0 82041.0
18545.0 82019.0
18596.0 81847.0
19471.0 81806.0
20269.0 81805.0
20345.0 81694.0
20421.0 81638.0
21342.0 80557.0
21657.0 80404.0
24592.0 80256.0
25513.0 80123.0
28763.0 79915.0
32013.0 79855.0
32934.0 79793.0
39434.0 79741.0
43605.0 79566.0
53700.0 79541.0

16480.0 99840.0
16745.0 96797.0
17396.0 95403.0
17492.0 94199.0
17996.0 94052.0
18092.0 91901.0
18856.0 90601.0
20238.0 90253.0
20690.0 89329.0
21795.0 89296.0
22020.0 89092.0
22495.0 88176.0
23916.0 87828.0
24201.0 86055.0
25513.0 85528.0
34687.0 84788.0
41532.0 82673.0
63874.0 77944.0

18922.0 94654.0
23940.0 92176.0

18922.0 94654.0
23940.0 92176.0

17996.0 87014.0
18092.0 83083.0
18596.0 82450.0
18615.0 81904.0
21342.0 81146.0
21638.0 80876.0
21657.0 80335.0
21708.0 80124.0
27766.0 80122.0
27843.0 80107.0
28763.0 79816.0
31937.0 79815.0
32013.0 79674.0
36184.0 79583.0

17345.0 89558.0
17492.0 87639.0
18016.0 85822.0
18092.0 82557.0
18526.0 82264.0
18545.0 82202.0
18596.0 82134.0
18615.0 82047.0
19505.0 81932.0
20766.0 81844.0
21266.0 81300.0
21342.0 81127.0
21689.0 81033.0
25513.0 80813.0
28763.0 80348.0
32858.0 80136.0
36184.0 79788.0

17345.0 89558.0
17492.0 87639.0
18016.0 85822.0
18092.0 82557.0
18526.0 82264.0
18545.0 82202.0
18596.0 82134.0
18615.0 82047.0
19505.0 81932.0
20766.0 81844.0
21266.0 81300.0
21342.0 81127.0
21689.0 81033.0
25513.0 80813.0
28763.0 80348.0
32858.0 80136.0
36184.0 79788.0

17345.0 89558.0
17492.0 87639.0
18016.0 85822.0
18092.0 82557.0
18526.0 82264.0
18545.0 82202.0
18596.0 82134.0
18615.0 82047.0
19505.0 81932.0
20766.0 81844.0
21266.0 81300.0
21342.0 81127.0
21689.0 81033.0
25513.0 80813.0
28763.0 80348.0
32858.0 80136.0
36184.0 79788.0

17345.0 89558.0
17492.0 87639.0
18016.0 85822.0
18092.0 82557.0
18526.0 82264.0
18545.0 82202.0
18596.0 82134.0
18615.0 82047.0
19505.0 81932.0
20766.0 81844.0
21266.0 81300.0
21342.0 81127.0
21689.0 81033.0
25513.0 80813.0
28763.0 80348.0
32858.0 80136.0
36184.0 79788.0

17345.0 89558.0
17492.0 87639.0
18016.0 85822.0
18092.0 82557.0
18526.0 82264.0
18545.0 82202.0
18596.0 82134.0
18615.0 82047.0
19505.0 81932.0
20766.0 81844.0
21266.0 81300.0
21342.0 81127.0
21689.0 81033.0
25513.0 80813.0
28763.0 80348.0
32858.0 80136.0
36184.0 79788.0

17345.0 89558.0
17492.0 87639.0
18016.0 85822.0
18092.0 82557.0
18526.0 82264.0
18545.0 82202.0
18596.0 82134.0
18615.0 82047.0
19505.0 81932.0
20766.0 81844.0
21266.0 81300.0
21342.0 81127.0
21689.0 81033.0
25513.0 80813.0
28763.0 80348.0
32858.0 80136.0
36184.0 79788.0

17345.0 89558.0
17492.0 87639.0
18016.0 85822.0
18092.0 82557.0
18526.0 82264.0
18545.0 82202.0
18596.0 82134.0
18615.0 82047.0
19505.0 81932.0
20766.0 81844.0
21266.0 81300.0
21342.0 81127.0
21689.0 81033.0
25513.0 80813.0
28763.0 80348.0
32858.0 80136.0
36184.0 79788.0

17345.0 89558.0
17492.0 87639.0
18016.0 85822.0
18092.0 82557.0
18526.0 82264.0
18545.0 82202.0
18596.0 82134.0
18615.0 82047.0
19505.0 81932.0
20766.0 81844.0
21266.0 81300.0
21342.0 81127.0
21689.0 81033.0
25513.0 80813.0
28763.0 80348.0
32858.0 80136.0
36184.0 79788.0

17345.0 89558.0
17492.0 87639.0
18016.0 85822.0
18092.0 82557.0
18526.0 82264.0
18545.0 82202.0
18596.0 82134.0
18615.0 82047.0
19505.0 81932.0
20766.0 81844.0
21266.0 81300.0
21342.0 81127.0
21689.0 81033.0
25513.0 80813.0
28763.0 80348.0
32858.0 80136.0
36184.0 79788.0

17345.0 89558.0
17492.0 87639.0
18016.0 85822.0
18092.0 82557.0
18526.0 82264.0
18545.0 82202.0
18596.0 82134.0
18615.0 82047.0
19505.0 81932.0
20766.0 81844.0
21266.0 81300.0
21342.0 81127.0
21689.0 81033.0
25513.0 80813.0
28763.0 80348.0
32858.0 80136.0
36184.0 79788.0


