18092.0 81213.0
18596.0 80755.0
19912.0 80715.0
21342.0 80629.0
21708.0 80443.0
24516.0 80263.0
24592.0 80204.0
25513.0 80188.0
27913.0 79968.0
31937.0 79700.0
32013.0 79526.0

17492.0 94894.0
18056.0 93238.0
18092.0 91868.0
18922.0 91346.0
19505.0 90826.0
20178.0 90099.0
20857.0 89299.0
21364.0 88461.0
21579.0 87776.0
22020.0 86775.0
22680.0 86093.0
24820.0 85664.0
25513.0 84124.0
27525.0 84045.0
31006.0 83422.0
36184.0 82378.0
63874.0 77944.0

19490.0 112955.0
20612.0 105006.0
20742.0 99795.0
21108.0 99392.0
21657.0 98143.0
21761.0 96275.0
21821.0 96216.0
22950.0 94699.0
23080.0 94113.0
27563.0 94073.0
28504.0 92434.0
28933.0 92298.0
31413.0 89484.0

18922.0 91989.0
20438.0 91720.0
22263.0 90834.0
24263.0 90821.0
24913.0 89539.0
25513.0 87390.0

18092.0 82108.0
18545.0 81869.0
18615.0 81220.0
20387.0 81180.0
21266.0 81177.0
21342.0 80574.0
21708.0 80477.0
24516.0 80434.0
24592.0 80329.0
25513.0 80184.0
27842.0 80117.0
27913.0 79988.0
28763.0 79587.0
32013.0 79528.0
35263.0 79433.0
36184.0 79141.0
39434.0 78865.0

18092.0 83649.0
18596.0 81950.0
18615.0 81561.0
18671.0 81550.0
19146.0 81526.0
20345.0 81343.0
21342.0 80885.0
21708.0 80884.0
24592.0 80585.0
27766.0 80535.0
28763.0 80347.0

18092.0 83649.0
18596.0 81950.0
18615.0 81561.0
18671.0 81550.0
19146.0 81526.0
20345.0 81343.0
21342.0 80885.0
21708.0 80884.0
24592.0 80585.0
27766.0 80535.0
28763.0 80347.0

18092.0 83649.0
18596.0 81950.0
18615.0 81561.0
18671.0 81550.0
19146.0 81526.0
20345.0 81343.0
21342.0 80885.0
21708.0 80884.0
24592.0 80585.0
27766.0 80535.0
28763.0 80347.0

18092.0 83649.0
18596.0 81950.0
18615.0 81561.0
18671.0 81550.0
19146.0 81526.0
20345.0 81343.0
21342.0 80885.0
21708.0 80884.0
24592.0 80585.0
27766.0 80535.0
28763.0 80347.0

18092.0 83649.0
18596.0 81950.0
18615.0 81561.0
18671.0 81550.0
19146.0 81526.0
20345.0 81343.0
21342.0 80885.0
21708.0 80884.0
24592.0 80585.0
27766.0 80535.0
28763.0 80347.0

18092.0 83649.0
18596.0 81950.0
18615.0 81561.0
18671.0 81550.0
19146.0 81526.0
20345.0 81343.0
21342.0 80885.0
21708.0 80884.0
24592.0 80585.0
27766.0 80535.0
28763.0 80347.0

18092.0 83649.0
18596.0 81950.0
18615.0 81561.0
18671.0 81550.0
19146.0 81526.0
20345.0 81343.0
21342.0 80885.0
21708.0 80884.0
24592.0 80585.0
27766.0 80535.0
28763.0 80347.0

18092.0 83649.0
18596.0 81950.0
18615.0 81561.0
18671.0 81550.0
19146.0 81526.0
20345.0 81343.0
21342.0 80885.0
21708.0 80884.0
24592.0 80585.0
27766.0 80535.0
28763.0 80347.0

18092.0 83649.0
18596.0 81950.0
18615.0 81561.0
18671.0 81550.0
19146.0 81526.0
20345.0 81343.0
21342.0 80885.0
21708.0 80884.0
24592.0 80585.0
27766.0 80535.0
28763.0 80347.0

18092.0 83649.0
18596.0 81950.0
18615.0 81561.0
18671.0 81550.0
19146.0 81526.0
20345.0 81343.0
21342.0 80885.0
21708.0 80884.0
24592.0 80585.0
27766.0 80535.0
28763.0 80347.0


