17492.0 88510.0
17736.0 87237.0
18092.0 81990.0
18545.0 81973.0
18596.0 81230.0
19912.0 81169.0
21266.0 81166.0
21342.0 80884.0
21708.0 80733.0
24516.0 80399.0
24592.0 80091.0
25513.0 79975.0
28763.0 79938.0
32013.0 79696.0
32934.0 79380.0

16290.0 106930.0
16494.0 106613.0
16571.0 101211.0
16745.0 98394.0
16816.0 93866.0
16990.0 91536.0
17145.0 90202.0
20066.0 88888.0
20690.0 88882.0
21138.0 88664.0
21708.0 86329.0
24801.0 85818.0
25010.0 84919.0
27894.0 84654.0
28763.0 84401.0
31437.0 83993.0
63874.0 77944.0

20742.0 100332.0
20955.0 93099.0
24310.0 91392.0
25437.0 90541.0
32334.0 90476.0
34118.0 90003.0
39034.0 89521.0

20742.0 100332.0
20955.0 93099.0
24310.0 91392.0
25437.0 90541.0
31006.0 89430.0
32934.0 87496.0

18092.0 82707.0
18545.0 81415.0
18596.0 81106.0
19912.0 80946.0
21342.0 80808.0
21708.0 80502.0
24516.0 80404.0
24592.0 80331.0
25513.0 80030.0
28763.0 79813.0
31937.0 79703.0
32934.0 79400.0
36184.0 79039.0

17171.0 84306.0
18056.0 83728.0
18092.0 81920.0
18596.0 81680.0
18615.0 81576.0
20857.0 81534.0
21266.0 81383.0
21342.0 81255.0
21708.0 81202.0
24592.0 81101.0
25513.0 80947.0
28763.0 80700.0
36184.0 80441.0

17171.0 84306.0
18056.0 83728.0
18092.0 81920.0
18596.0 81680.0
18615.0 81576.0
20857.0 81534.0
21266.0 81383.0
21342.0 81255.0
21708.0 81202.0
24592.0 81101.0
25513.0 80947.0
28763.0 80700.0
36184.0 80441.0

17171.0 84306.0
18056.0 83728.0
18092.0 81920.0
18596.0 81680.0
18615.0 81576.0
20857.0 81534.0
21266.0 81383.0
21342.0 81255.0
21708.0 81202.0
24592.0 81101.0
25513.0 80947.0
28763.0 80700.0
36184.0 80441.0

17171.0 84306.0
18056.0 83728.0
18092.0 81920.0
18596.0 81680.0
18615.0 81576.0
20857.0 81534.0
21266.0 81383.0
21342.0 81255.0
21708.0 81202.0
24592.0 81101.0
25513.0 80947.0
28763.0 80700.0
36184.0 80441.0

17171.0 84306.0
18056.0 83728.0
18092.0 81920.0
18596.0 81680.0
18615.0 81576.0
20857.0 81534.0
21266.0 81383.0
21342.0 81255.0
21708.0 81202.0
24592.0 81101.0
25513.0 80947.0
28763.0 80700.0
36184.0 80441.0

17171.0 84306.0
18056.0 83728.0
18092.0 81920.0
18596.0 81680.0
18615.0 81576.0
20857.0 81534.0
21266.0 81383.0
21342.0 81255.0
21708.0 81202.0
24592.0 81101.0
25513.0 80947.0
28763.0 80700.0
36184.0 80441.0

17171.0 84306.0
18056.0 83728.0
18092.0 81920.0
18596.0 81680.0
18615.0 81576.0
20857.0 81534.0
21266.0 81383.0
21342.0 81255.0
21708.0 81202.0
24592.0 81101.0
25513.0 80947.0
28763.0 80700.0
36184.0 80441.0

17171.0 84306.0
18056.0 83728.0
18092.0 81920.0
18596.0 81680.0
18615.0 81576.0
20857.0 81534.0
21266.0 81383.0
21342.0 81255.0
21708.0 81202.0
24592.0 81101.0
25513.0 80947.0
28763.0 80700.0
36184.0 80441.0

17171.0 84306.0
18056.0 83728.0
18092.0 81920.0
18596.0 81680.0
18615.0 81576.0
20857.0 81534.0
21266.0 81383.0
21342.0 81255.0
21708.0 81202.0
24592.0 81101.0
25513.0 80947.0
28763.0 80700.0
36184.0 80441.0

17171.0 84306.0
18056.0 83728.0
18092.0 81920.0
18596.0 81680.0
18615.0 81576.0
20857.0 81534.0
21266.0 81383.0
21342.0 81255.0
21708.0 81202.0
24592.0 81101.0
25513.0 80947.0
28763.0 80700.0
36184.0 80441.0


