18092.0 83594.0
18596.0 82917.0
18615.0 81448.0
19912.0 81408.0
20387.0 81288.0
21342.0 81052.0
21657.0 81028.0
21708.0 81015.0
22263.0 80859.0
24592.0 80642.0
24801.0 80607.0
25513.0 80052.0
27766.0 80044.0
27913.0 79831.0
32013.0 79631.0
32934.0 79512.0
40355.0 79463.0

16177.0 108858.0
16816.0 101598.0
16956.0 101491.0
17279.0 98104.0
17396.0 96551.0
17516.0 92541.0
18671.0 88561.0
22263.0 87335.0
22461.0 85981.0
26566.0 84436.0
30440.0 83836.0
37861.0 83358.0
63874.0 77944.0

20742.0 96673.0
23992.0 94419.0
24820.0 93165.0
26643.0 92537.0
27913.0 89856.0

20742.0 96673.0
21627.0 93852.0
24051.0 91812.0
27913.0 89856.0

17996.0 84415.0
18092.0 81828.0
18475.0 81811.0
18596.0 81416.0
21266.0 81413.0
21342.0 81110.0
21638.0 81094.0
21708.0 81062.0
24516.0 80459.0
25513.0 79922.0
27894.0 79814.0
28763.0 79632.0
31937.0 79563.0
32013.0 79536.0
32934.0 79384.0
36184.0 79282.0
46855.0 78739.0

17516.0 93676.0
17945.0 87085.0
18092.0 81945.0
18596.0 81483.0
21266.0 81464.0
21342.0 81199.0
22263.0 81121.0
24801.0 80985.0
25513.0 80948.0
32934.0 80409.0

17516.0 93676.0
17945.0 87085.0
18092.0 81945.0
18596.0 81483.0
21266.0 81464.0
21342.0 81199.0
22263.0 81121.0
24801.0 80985.0
25513.0 80948.0
32934.0 80409.0

17516.0 93676.0
17945.0 87085.0
18092.0 81945.0
18596.0 81483.0
21266.0 81464.0
21342.0 81199.0
22263.0 81121.0
24801.0 80985.0
25513.0 80948.0
32934.0 80409.0

17516.0 93676.0
17945.0 87085.0
18092.0 81945.0
18596.0 81483.0
21266.0 81464.0
21342.0 81199.0
22263.0 81121.0
24801.0 80985.0
25513.0 80948.0
32934.0 80409.0

17516.0 93676.0
17945.0 87085.0
18092.0 81945.0
18596.0 81483.0
21266.0 81464.0
21342.0 81199.0
22263.0 81121.0
24801.0 80985.0
25513.0 80948.0
32934.0 80409.0

17516.0 93676.0
17945.0 87085.0
18092.0 81945.0
18596.0 81483.0
21266.0 81464.0
21342.0 81199.0
22263.0 81121.0
24801.0 80985.0
25513.0 80948.0
32934.0 80409.0

17516.0 93676.0
17945.0 87085.0
18092.0 81945.0
18596.0 81483.0
21266.0 81464.0
21342.0 81199.0
22263.0 81121.0
24801.0 80985.0
25513.0 80948.0
32934.0 80409.0

17516.0 93676.0
17945.0 87085.0
18092.0 81945.0
18596.0 81483.0
21266.0 81464.0
21342.0 81199.0
22263.0 81121.0
24801.0 80985.0
25513.0 80948.0
32934.0 80409.0

17516.0 93676.0
17945.0 87085.0
18092.0 81945.0
18596.0 81483.0
21266.0 81464.0
21342.0 81199.0
22263.0 81121.0
24801.0 80985.0
25513.0 80948.0
32934.0 80409.0

17516.0 93676.0
17945.0 87085.0
18092.0 81945.0
18596.0 81483.0
21266.0 81464.0
21342.0 81199.0
22263.0 81121.0
24801.0 80985.0
25513.0 80948.0
32934.0 80409.0


