18092.0 83061.0
18545.0 83006.0
18596.0 81470.0
19912.0 81430.0
21266.0 81427.0
21342.0 80961.0
21708.0 80591.0
24516.0 80394.0
24750.0 80235.0
27913.0 80182.0
28763.0 80035.0
31937.0 79994.0
39358.0 79868.0

16515.0 104689.0
16566.0 95019.0
17492.0 92545.0
18615.0 90209.0
18922.0 88944.0
21138.0 85712.0
24731.0 84915.0
24801.0 84478.0
25485.0 84369.0
31413.0 84242.0
34611.0 84093.0
63874.0 77944.0

19838.0 91341.0
21708.0 89151.0
28763.0 89101.0
33411.0 86479.0

19838.0 91341.0
21708.0 89151.0
28763.0 89101.0
33411.0 86479.0

17492.0 84491.0
18092.0 82525.0
18526.0 82216.0
18615.0 81464.0
19471.0 81335.0
20345.0 81235.0
21342.0 80741.0
21657.0 80460.0
21689.0 80438.0
24592.0 80291.0
24801.0 80212.0
25513.0 79939.0
27913.0 79891.0
28763.0 79793.0
31937.0 79777.0
32013.0 79645.0
32934.0 79334.0
36184.0 79322.0
39434.0 79042.0
40355.0 78960.0
46855.0 78796.0
54200.0 78786.0

17745.0 87638.0
17996.0 85821.0
18092.0 81728.0
18526.0 81548.0
18596.0 81459.0
19112.0 81402.0
21342.0 81255.0
23550.0 81190.0
24516.0 81070.0
24592.0 81032.0
24750.0 80610.0
25513.0 80551.0
27843.0 80381.0
28763.0 80314.0

17745.0 87638.0
17996.0 85821.0
18092.0 81728.0
18526.0 81548.0
18596.0 81459.0
19112.0 81402.0
21342.0 81255.0
23550.0 81190.0
24516.0 81070.0
24592.0 81032.0
24750.0 80610.0
25513.0 80551.0
27843.0 80381.0
28763.0 80314.0

17745.0 87638.0
17996.0 85821.0
18092.0 81728.0
18526.0 81548.0
18596.0 81459.0
19112.0 81402.0
21342.0 81255.0
23550.0 81190.0
24516.0 81070.0
24592.0 81032.0
24750.0 80610.0
25513.0 80551.0
27843.0 80381.0
28763.0 80314.0

17745.0 87638.0
17996.0 85821.0
18092.0 81728.0
18526.0 81548.0
18596.0 81459.0
19112.0 81402.0
21342.0 81255.0
23550.0 81190.0
24516.0 81070.0
24592.0 81032.0
24750.0 80610.0
25513.0 80551.0
27843.0 80381.0
28763.0 80314.0

17745.0 87638.0
17996.0 85821.0
18092.0 81728.0
18526.0 81548.0
18596.0 81459.0
19112.0 81402.0
21342.0 81255.0
23550.0 81190.0
24516.0 81070.0
24592.0 81032.0
24750.0 80610.0
25513.0 80551.0
27843.0 80381.0
28763.0 80314.0

17745.0 87638.0
17996.0 85821.0
18092.0 81728.0
18526.0 81548.0
18596.0 81459.0
19112.0 81402.0
21342.0 81255.0
23550.0 81190.0
24516.0 81070.0
24592.0 81032.0
24750.0 80610.0
25513.0 80551.0
27843.0 80381.0
28763.0 80314.0

17745.0 87638.0
17996.0 85821.0
18092.0 81728.0
18526.0 81548.0
18596.0 81459.0
19112.0 81402.0
21342.0 81255.0
23550.0 81190.0
24516.0 81070.0
24592.0 81032.0
24750.0 80610.0
25513.0 80551.0
27843.0 80381.0
28763.0 80314.0

17745.0 87638.0
17996.0 85821.0
18092.0 81728.0
18526.0 81548.0
18596.0 81459.0
19112.0 81402.0
21342.0 81255.0
23550.0 81190.0
24516.0 81070.0
24592.0 81032.0
24750.0 80610.0
25513.0 80551.0
27843.0 80381.0
28763.0 80314.0

17745.0 87638.0
17996.0 85821.0
18092.0 81728.0
18526.0 81548.0
18596.0 81459.0
19112.0 81402.0
21342.0 81255.0
23550.0 81190.0
24516.0 81070.0
24592.0 81032.0
24750.0 80610.0
25513.0 80551.0
27843.0 80381.0
28763.0 80314.0

17745.0 87638.0
17996.0 85821.0
18092.0 81728.0
18526.0 81548.0
18596.0 81459.0
19112.0 81402.0
21342.0 81255.0
23550.0 81190.0
24516.0 81070.0
24592.0 81032.0
24750.0 80610.0
25513.0 80551.0
27843.0 80381.0
28763.0 80314.0


