17492.0 87805.0
18092.0 82200.0
18545.0 81952.0
18596.0 81314.0
19912.0 81144.0
21342.0 80789.0
21708.0 80557.0
24592.0 80252.0
26992.0 80233.0
27842.0 80088.0
28763.0 80037.0
31937.0 79922.0
36184.0 79846.0
39434.0 79841.0
43529.0 79784.0
43605.0 79525.0
46855.0 79399.0

16936.0 103767.0
17345.0 94380.0
18545.0 93883.0
18615.0 89579.0
20766.0 89465.0
21108.0 89101.0
21138.0 88847.0
21342.0 88474.0
21708.0 88077.0
21755.0 87883.0
22020.0 87755.0
24016.0 86906.0
24128.0 86038.0
24820.0 85546.0
27166.0 85442.0
28187.0 84766.0
30661.0 84535.0
35187.0 83769.0
63874.0 77944.0

19219.0 98691.0
21708.0 96963.0
22020.0 92824.0
23069.0 91816.0
23316.0 89345.0

18805.0 102150.0
19219.0 98691.0
19812.0 93026.0
21708.0 91976.0
23069.0 91816.0
23316.0 89345.0
25010.0 87782.0
28763.0 87480.0
31437.0 86298.0

18092.0 81977.0
18545.0 81960.0
18596.0 81593.0
18615.0 81237.0
19912.0 81197.0
21266.0 81194.0
21342.0 80749.0
21708.0 80614.0
24592.0 80147.0
27913.0 80096.0
28763.0 79757.0
32013.0 79461.0
36184.0 79255.0
39434.0 78926.0

17345.0 83861.0
17516.0 83610.0
18092.0 82027.0
18596.0 81351.0
21266.0 81067.0
21689.0 80986.0
24516.0 80961.0
24592.0 80661.0
28687.0 80497.0
31937.0 80158.0
36184.0 79978.0

17345.0 83861.0
17516.0 83610.0
18092.0 82027.0
18596.0 81351.0
21266.0 81067.0
21689.0 80986.0
24516.0 80961.0
24592.0 80661.0
28687.0 80497.0
31937.0 80158.0
36184.0 79978.0

17345.0 83861.0
17516.0 83610.0
18092.0 82027.0
18596.0 81351.0
21266.0 81067.0
21689.0 80986.0
24516.0 80961.0
24592.0 80661.0
28687.0 80497.0
31937.0 80158.0
36184.0 79978.0

17345.0 83861.0
17516.0 83610.0
18092.0 82027.0
18596.0 81351.0
21266.0 81067.0
21689.0 80986.0
24516.0 80961.0
24592.0 80661.0
28687.0 80497.0
31937.0 80158.0
36184.0 79978.0

17345.0 83861.0
17516.0 83610.0
18092.0 82027.0
18596.0 81351.0
21266.0 81067.0
21689.0 80986.0
24516.0 80961.0
24592.0 80661.0
28687.0 80497.0
31937.0 80158.0
36184.0 79978.0

17345.0 83861.0
17516.0 83610.0
18092.0 82027.0
18596.0 81351.0
21266.0 81067.0
21689.0 80986.0
24516.0 80961.0
24592.0 80661.0
28687.0 80497.0
31937.0 80158.0
36184.0 79978.0

17345.0 83861.0
17516.0 83610.0
18092.0 82027.0
18596.0 81351.0
21266.0 81067.0
21689.0 80986.0
24516.0 80961.0
24592.0 80661.0
28687.0 80497.0
31937.0 80158.0
36184.0 79978.0

17345.0 83861.0
17516.0 83610.0
18092.0 82027.0
18596.0 81351.0
21266.0 81067.0
21689.0 80986.0
24516.0 80961.0
24592.0 80661.0
28687.0 80497.0
31937.0 80158.0
36184.0 79978.0

17345.0 83861.0
17516.0 83610.0
18092.0 82027.0
18596.0 81351.0
21266.0 81067.0
21689.0 80986.0
24516.0 80961.0
24592.0 80661.0
28687.0 80497.0
31937.0 80158.0
36184.0 79978.0

17345.0 83861.0
17516.0 83610.0
18092.0 82027.0
18596.0 81351.0
21266.0 81067.0
21689.0 80986.0
24516.0 80961.0
24592.0 80661.0
28687.0 80497.0
31937.0 80158.0
36184.0 79978.0


