17745.0 82793.0
18092.0 81861.0
18526.0 81799.0
18596.0 81419.0
19912.0 81152.0
19946.0 81021.0
21266.0 81020.0
21342.0 80540.0
25513.0 80081.0
27894.0 80045.0
28763.0 79752.0

16816.0 94854.0
17279.0 90421.0
19505.0 90089.0
20066.0 89267.0
20742.0 88935.0
21108.0 86800.0
24913.0 85417.0
26690.0 85202.0
27966.0 84268.0
28763.0 82390.0
63874.0 77944.0

20142.0 103990.0
21108.0 103754.0
21266.0 92248.0
22716.0 88534.0

20142.0 103990.0
21108.0 103754.0
21266.0 92248.0
22716.0 88534.0

16571.0 86024.0
16595.0 84307.0
17095.0 84208.0
17171.0 83160.0
18092.0 83061.0
18545.0 83024.0
18596.0 81154.0
21266.0 81136.0
21342.0 80901.0
21638.0 80900.0
21708.0 80740.0
24516.0 80704.0
24750.0 80395.0
25513.0 80159.0
27766.0 80114.0
28763.0 79875.0
32013.0 79788.0
36184.0 79699.0
39434.0 79426.0

18016.0 90076.0
18092.0 81883.0
18545.0 81866.0
18623.0 81800.0
19146.0 81357.0
19471.0 81252.0
19946.0 81141.0
21266.0 81140.0
21342.0 80690.0
21708.0 80689.0
24516.0 80525.0
27843.0 80467.0
28687.0 80230.0
28763.0 80197.0
32934.0 79615.0
36108.0 79382.0

18016.0 90076.0
18092.0 81883.0
18545.0 81866.0
18623.0 81800.0
19146.0 81357.0
19471.0 81252.0
19946.0 81141.0
21266.0 81140.0
21342.0 80690.0
21708.0 80689.0
24516.0 80525.0
27843.0 80467.0
28687.0 80230.0
28763.0 80197.0
32934.0 79615.0
36108.0 79382.0

18016.0 90076.0
18092.0 81883.0
18545.0 81866.0
18623.0 81800.0
19146.0 81357.0
19471.0 81252.0
19946.0 81141.0
21266.0 81140.0
21342.0 80690.0
21708.0 80689.0
24516.0 80525.0
27843.0 80467.0
28687.0 80230.0
28763.0 80197.0
32934.0 79615.0
36108.0 79382.0

18016.0 90076.0
18092.0 81883.0
18545.0 81866.0
18623.0 81800.0
19146.0 81357.0
19471.0 81252.0
19946.0 81141.0
21266.0 81140.0
21342.0 80690.0
21708.0 80689.0
24516.0 80525.0
27843.0 80467.0
28687.0 80230.0
28763.0 80197.0
32934.0 79615.0
36108.0 79382.0

18016.0 90076.0
18092.0 81883.0
18545.0 81866.0
18623.0 81800.0
19146.0 81357.0
19471.0 81252.0
19946.0 81141.0
21266.0 81140.0
21342.0 80690.0
21708.0 80689.0
24516.0 80525.0
27843.0 80467.0
28687.0 80230.0
28763.0 80197.0
32934.0 79615.0
36108.0 79382.0

18016.0 90076.0
18092.0 81883.0
18545.0 81866.0
18623.0 81800.0
19146.0 81357.0
19471.0 81252.0
19946.0 81141.0
21266.0 81140.0
21342.0 80690.0
21708.0 80689.0
24516.0 80525.0
27843.0 80467.0
28687.0 80230.0
28763.0 80197.0
32934.0 79615.0
36108.0 79382.0

18016.0 90076.0
18092.0 81883.0
18545.0 81866.0
18623.0 81800.0
19146.0 81357.0
19471.0 81252.0
19946.0 81141.0
21266.0 81140.0
21342.0 80690.0
21708.0 80689.0
24516.0 80525.0
27843.0 80467.0
28687.0 80230.0
28763.0 80197.0
32934.0 79615.0
36108.0 79382.0

18016.0 90076.0
18092.0 81883.0
18545.0 81866.0
18623.0 81800.0
19146.0 81357.0
19471.0 81252.0
19946.0 81141.0
21266.0 81140.0
21342.0 80690.0
21708.0 80689.0
24516.0 80525.0
27843.0 80467.0
28687.0 80230.0
28763.0 80197.0
32934.0 79615.0
36108.0 79382.0

18016.0 90076.0
18092.0 81883.0
18545.0 81866.0
18623.0 81800.0
19146.0 81357.0
19471.0 81252.0
19946.0 81141.0
21266.0 81140.0
21342.0 80690.0
21708.0 80689.0
24516.0 80525.0
27843.0 80467.0
28687.0 80230.0
28763.0 80197.0
32934.0 79615.0
36108.0 79382.0

18016.0 90076.0
18092.0 81883.0
18545.0 81866.0
18623.0 81800.0
19146.0 81357.0
19471.0 81252.0
19946.0 81141.0
21266.0 81140.0
21342.0 80690.0
21708.0 80689.0
24516.0 80525.0
27843.0 80467.0
28687.0 80230.0
28763.0 80197.0
32934.0 79615.0
36108.0 79382.0


