17492.0 84715.0
18092.0 83342.0
18545.0 82023.0
18596.0 81366.0
19112.0 81331.0
19946.0 81111.0
21342.0 80686.0
21708.0 80562.0
23950.0 80526.0
24592.0 80404.0
24750.0 80326.0
25513.0 80183.0
27766.0 80124.0
28687.0 80071.0
28763.0 79520.0
32013.0 79372.0
36184.0 79020.0

16495.0 107271.0
16515.0 103348.0
17492.0 101659.0
17647.0 98050.0
18513.0 94758.0
18615.0 91057.0
19505.0 90515.0
20238.0 90086.0
20766.0 88551.0
21657.0 88091.0
21708.0 87872.0
22020.0 87288.0
26043.0 87276.0
27487.0 86316.0
29684.0 85275.0
31861.0 84769.0
46179.0 84550.0
63874.0 77944.0

19246.0 103650.0
19378.0 95093.0
22020.0 94113.0
22931.0 91499.0
23316.0 90798.0
23992.0 90689.0
31337.0 88548.0

19246.0 103650.0
19378.0 95093.0
22020.0 94113.0
22931.0 91499.0
23316.0 90798.0
23992.0 90689.0
24263.0 86705.0

18092.0 82233.0
18615.0 81865.0
19505.0 81629.0
20387.0 81605.0
21266.0 81595.0
21342.0 80741.0
21638.0 80724.0
24516.0 80716.0
24592.0 80496.0
25513.0 80141.0
27894.0 80089.0
28763.0 79806.0
32013.0 79608.0
32934.0 79435.0
36184.0 79316.0

18092.0 82172.0
18545.0 81900.0
18615.0 81880.0
19471.0 81856.0
19946.0 81761.0
21266.0 81757.0
21342.0 81480.0
21657.0 81195.0
21708.0 81027.0
25513.0 80489.0
32358.0 80289.0
32934.0 80162.0
36184.0 80153.0
40355.0 79948.0

18092.0 82172.0
18545.0 81900.0
18615.0 81880.0
19471.0 81856.0
19946.0 81761.0
21266.0 81757.0
21342.0 81480.0
21657.0 81195.0
21708.0 81027.0
25513.0 80489.0
32358.0 80289.0
32934.0 80162.0
36184.0 80153.0
40355.0 79948.0

18092.0 82172.0
18545.0 81900.0
18615.0 81880.0
19471.0 81856.0
19946.0 81761.0
21266.0 81757.0
21342.0 81480.0
21657.0 81195.0
21708.0 81027.0
25513.0 80489.0
32358.0 80289.0
32934.0 80162.0
36184.0 80153.0
40355.0 79948.0

18092.0 82172.0
18545.0 81900.0
18615.0 81880.0
19471.0 81856.0
19946.0 81761.0
21266.0 81757.0
21342.0 81480.0
21657.0 81195.0
21708.0 81027.0
25513.0 80489.0
32358.0 80289.0
32934.0 80162.0
36184.0 80153.0
40355.0 79948.0

18092.0 82172.0
18545.0 81900.0
18615.0 81880.0
19471.0 81856.0
19946.0 81761.0
21266.0 81757.0
21342.0 81480.0
21657.0 81195.0
21708.0 81027.0
25513.0 80489.0
32358.0 80289.0
32934.0 80162.0
36184.0 80153.0
40355.0 79948.0

18092.0 82172.0
18545.0 81900.0
18615.0 81880.0
19471.0 81856.0
19946.0 81761.0
21266.0 81757.0
21342.0 81480.0
21657.0 81195.0
21708.0 81027.0
25513.0 80489.0
32358.0 80289.0
32934.0 80162.0
36184.0 80153.0
40355.0 79948.0

18092.0 82172.0
18545.0 81900.0
18615.0 81880.0
19471.0 81856.0
19946.0 81761.0
21266.0 81757.0
21342.0 81480.0
21657.0 81195.0
21708.0 81027.0
25513.0 80489.0
32358.0 80289.0
32934.0 80162.0
36184.0 80153.0
40355.0 79948.0

18092.0 82172.0
18545.0 81900.0
18615.0 81880.0
19471.0 81856.0
19946.0 81761.0
21266.0 81757.0
21342.0 81480.0
21657.0 81195.0
21708.0 81027.0
25513.0 80489.0
32358.0 80289.0
32934.0 80162.0
36184.0 80153.0
40355.0 79948.0

18092.0 82172.0
18545.0 81900.0
18615.0 81880.0
19471.0 81856.0
19946.0 81761.0
21266.0 81757.0
21342.0 81480.0
21657.0 81195.0
21708.0 81027.0
25513.0 80489.0
32358.0 80289.0
32934.0 80162.0
36184.0 80153.0
40355.0 79948.0

18092.0 82172.0
18545.0 81900.0
18615.0 81880.0
19471.0 81856.0
19946.0 81761.0
21266.0 81757.0
21342.0 81480.0
21657.0 81195.0
21708.0 81027.0
25513.0 80489.0
32358.0 80289.0
32934.0 80162.0
36184.0 80153.0
40355.0 79948.0


