17171.0 86624.0
17345.0 82425.0
17745.0 82112.0
18016.0 81993.0
18092.0 81540.0
18596.0 81172.0
18615.0 80937.0
19912.0 80897.0
21342.0 80584.0
21708.0 80371.0
24516.0 80368.0
24801.0 80126.0
25513.0 80063.0
27842.0 79888.0
28763.0 79718.0
31937.0 79633.0

16290.0 104257.0
16745.0 95519.0
18056.0 93268.0
18596.0 93053.0
18615.0 91793.0
18671.0 91597.0
18922.0 90097.0
19505.0 87833.0
21661.0 87052.0
25010.0 87036.0
27043.0 86959.0
27487.0 85843.0
28611.0 85137.0
36108.0 84507.0
37090.0 83552.0
55650.0 83404.0
63874.0 77944.0

19505.0 96953.0
21038.0 95932.0
21657.0 94772.0
22020.0 94129.0
24150.0 90289.0
34908.0 89224.0

19471.0 102882.0
19505.0 96953.0
21038.0 95932.0
21657.0 94772.0
22020.0 94129.0
24150.0 90289.0
34908.0 89224.0

18092.0 82825.0
18596.0 82182.0
18615.0 81399.0
19112.0 81375.0
19912.0 81359.0
20421.0 80974.0
21342.0 80598.0
21708.0 80453.0
23950.0 80418.0
24592.0 80287.0
27913.0 80206.0
28763.0 79805.0
32013.0 79671.0
39358.0 79568.0
39434.0 79257.0

17492.0 84704.0
18092.0 82185.0
18596.0 81387.0
19146.0 81322.0
19247.0 81316.0
21342.0 80768.0
21708.0 80740.0
24016.0 80643.0
24516.0 80577.0
24592.0 80485.0
27766.0 80439.0
28763.0 80360.0
32934.0 80336.0
37937.0 80292.0

17492.0 84704.0
18092.0 82185.0
18596.0 81387.0
19146.0 81322.0
19247.0 81316.0
21342.0 80768.0
21708.0 80740.0
24016.0 80643.0
24516.0 80577.0
24592.0 80485.0
27766.0 80439.0
28763.0 80360.0
32934.0 80336.0
37937.0 80292.0

17492.0 84704.0
18092.0 82185.0
18596.0 81387.0
19146.0 81322.0
19247.0 81316.0
21342.0 80768.0
21708.0 80740.0
24016.0 80643.0
24516.0 80577.0
24592.0 80485.0
27766.0 80439.0
28763.0 80360.0
32934.0 80336.0
37937.0 80292.0

17492.0 84704.0
18092.0 82185.0
18596.0 81387.0
19146.0 81322.0
19247.0 81316.0
21342.0 80768.0
21708.0 80740.0
24016.0 80643.0
24516.0 80577.0
24592.0 80485.0
27766.0 80439.0
28763.0 80360.0
32934.0 80336.0
37937.0 80292.0

17492.0 84704.0
18092.0 82185.0
18596.0 81387.0
19146.0 81322.0
19247.0 81316.0
21342.0 80768.0
21708.0 80740.0
24016.0 80643.0
24516.0 80577.0
24592.0 80485.0
27766.0 80439.0
28763.0 80360.0
32934.0 80336.0
37937.0 80292.0

17492.0 84704.0
18092.0 82185.0
18596.0 81387.0
19146.0 81322.0
19247.0 81316.0
21342.0 80768.0
21708.0 80740.0
24016.0 80643.0
24516.0 80577.0
24592.0 80485.0
27766.0 80439.0
28763.0 80360.0
32934.0 80336.0
37937.0 80292.0

17492.0 84704.0
18092.0 82185.0
18596.0 81387.0
19146.0 81322.0
19247.0 81316.0
21342.0 80768.0
21708.0 80740.0
24016.0 80643.0
24516.0 80577.0
24592.0 80485.0
27766.0 80439.0
28763.0 80360.0
32934.0 80336.0
37937.0 80292.0

17492.0 84704.0
18092.0 82185.0
18596.0 81387.0
19146.0 81322.0
19247.0 81316.0
21342.0 80768.0
21708.0 80740.0
24016.0 80643.0
24516.0 80577.0
24592.0 80485.0
27766.0 80439.0
28763.0 80360.0
32934.0 80336.0
37937.0 80292.0

17492.0 84704.0
18092.0 82185.0
18596.0 81387.0
19146.0 81322.0
19247.0 81316.0
21342.0 80768.0
21708.0 80740.0
24016.0 80643.0
24516.0 80577.0
24592.0 80485.0
27766.0 80439.0
28763.0 80360.0
32934.0 80336.0
37937.0 80292.0

17492.0 84704.0
18092.0 82185.0
18596.0 81387.0
19146.0 81322.0
19247.0 81316.0
21342.0 80768.0
21708.0 80740.0
24016.0 80643.0
24516.0 80577.0
24592.0 80485.0
27766.0 80439.0
28763.0 80360.0
32934.0 80336.0
37937.0 80292.0


