17145.0 87222.0
17279.0 84916.0
17516.0 84328.0
17726.0 84049.0
17745.0 83920.0
18092.0 82702.0
18545.0 82284.0
18615.0 81502.0
21266.0 81494.0
21342.0 80854.0
21657.0 80363.0
25513.0 80173.0
27842.0 80055.0
28763.0 79902.0

16936.0 100029.0
17492.0 99199.0
18092.0 93462.0
18447.0 89983.0
18579.0 89012.0
18615.0 87154.0
21342.0 86461.0
22263.0 86205.0
23992.0 86181.0
27166.0 85978.0
30956.0 85294.0
33505.0 85289.0
40355.0 84749.0
63874.0 77944.0

20457.0 100253.0
21364.0 97406.0
21477.0 97242.0
21638.0 96012.0
23463.0 93820.0
23992.0 93740.0
24263.0 93009.0
24750.0 92983.0
27913.0 91702.0
30860.0 91609.0
38158.0 89224.0

19466.0 107162.0
19505.0 103707.0
20457.0 100253.0
21364.0 97406.0
21477.0 97242.0
21638.0 96012.0
21708.0 93093.0
22495.0 92957.0
23916.0 89596.0
24913.0 89592.0
27587.0 89567.0
27913.0 87916.0

18056.0 85443.0
18092.0 83912.0
18596.0 83767.0
18615.0 81096.0
20387.0 81072.0
21266.0 81071.0
21342.0 80420.0
21708.0 80117.0
28687.0 79835.0
28763.0 79774.0
31937.0 79705.0
32934.0 79552.0
36184.0 79295.0

17996.0 89485.0
18056.0 84639.0
18092.0 82789.0
18596.0 81523.0
21342.0 81168.0
25513.0 80692.0
28187.0 80677.0
28611.0 80644.0
36184.0 80231.0

17996.0 89485.0
18056.0 84639.0
18092.0 82789.0
18596.0 81523.0
21342.0 81168.0
25513.0 80692.0
28187.0 80677.0
28611.0 80644.0
36184.0 80231.0

17996.0 89485.0
18056.0 84639.0
18092.0 82789.0
18596.0 81523.0
21342.0 81168.0
25513.0 80692.0
28187.0 80677.0
28611.0 80644.0
36184.0 80231.0

17996.0 89485.0
18056.0 84639.0
18092.0 82789.0
18596.0 81523.0
21342.0 81168.0
25513.0 80692.0
28187.0 80677.0
28611.0 80644.0
36184.0 80231.0

17996.0 89485.0
18056.0 84639.0
18092.0 82789.0
18596.0 81523.0
21342.0 81168.0
25513.0 80692.0
28187.0 80677.0
28611.0 80644.0
36184.0 80231.0

17996.0 89485.0
18056.0 84639.0
18092.0 82789.0
18596.0 81523.0
21342.0 81168.0
25513.0 80692.0
28187.0 80677.0
28611.0 80644.0
36184.0 80231.0

17996.0 89485.0
18056.0 84639.0
18092.0 82789.0
18596.0 81523.0
21342.0 81168.0
25513.0 80692.0
28187.0 80677.0
28611.0 80644.0
36184.0 80231.0

17996.0 89485.0
18056.0 84639.0
18092.0 82789.0
18596.0 81523.0
21342.0 81168.0
25513.0 80692.0
28187.0 80677.0
28611.0 80644.0
36184.0 80231.0

17996.0 89485.0
18056.0 84639.0
18092.0 82789.0
18596.0 81523.0
21342.0 81168.0
25513.0 80692.0
28187.0 80677.0
28611.0 80644.0
36184.0 80231.0

17996.0 89485.0
18056.0 84639.0
18092.0 82789.0
18596.0 81523.0
21342.0 81168.0
25513.0 80692.0
28187.0 80677.0
28611.0 80644.0
36184.0 80231.0


