16023.0 42753.0
16156.0 42310.0
16595.0 42078.0
16956.0 41967.0
16990.0 41536.0
17516.0 41304.0
18016.0 41241.0
18092.0 40646.0
18545.0 40629.0
18596.0 40337.0
19912.0 40313.0
21266.0 40310.0
21342.0 40064.0
21708.0 39975.0
24516.0 39972.0
24592.0 39915.0
24820.0 39884.0
25513.0 39758.0
27894.0 39757.0
28687.0 39754.0
28763.0 39631.0
31937.0 39628.0
32013.0 39572.0
32934.0 39511.0
36108.0 39510.0
36184.0 39385.0
39434.0 39326.0
40355.0 39278.0
43605.0 39152.0
46855.0 39094.0

16290.0 49741.0
16515.0 41492.0
16595.0 41260.0
17095.0 41197.0
17171.0 40744.0
18092.0 40466.0
18545.0 40444.0
18596.0 40337.0
19912.0 40313.0
21266.0 40310.0
21342.0 40064.0
21708.0 39975.0
24592.0 39934.0
25513.0 39870.0
28763.0 39631.0
36184.0 39385.0

16290.0 49741.0
16515.0 41492.0
16595.0 41260.0
17095.0 41197.0
17171.0 40744.0
18092.0 40466.0
18545.0 40444.0
18596.0 40337.0
19912.0 40313.0
21266.0 40310.0
21342.0 40064.0
21708.0 39975.0
24516.0 39974.0
24592.0 39934.0
25513.0 39758.0
27894.0 39757.0
28763.0 39631.0
32934.0 39512.0
36184.0 39385.0
40355.0 39278.0
43605.0 39176.0

16290.0 49741.0
16495.0 47226.0
16515.0 41267.0
16595.0 41035.0
17171.0 40744.0
18092.0 40466.0
18545.0 40444.0
18596.0 40337.0
19912.0 40313.0
21266.0 40310.0
21342.0 40064.0
21708.0 39975.0
24516.0 39972.0
24592.0 39934.0
24820.0 39905.0
25513.0 39758.0
28763.0 39631.0
31937.0 39629.0
32013.0 39590.0
32934.0 39552.0
36184.0 39385.0
39358.0 39383.0
39434.0 39380.0
43605.0 39152.0

16290.0 49741.0
16515.0 41448.0
16595.0 41035.0
17171.0 40744.0
18092.0 40466.0
18545.0 40444.0
18596.0 40337.0
19912.0 40313.0
21266.0 40310.0
21342.0 40064.0
21708.0 39975.0
24592.0 39934.0
25513.0 39870.0
28763.0 39631.0
36184.0 39385.0

16290.0 49741.0
16494.0 46456.0
16515.0 41492.0
16595.0 41260.0
17095.0 41197.0
17171.0 40744.0
18092.0 40466.0
18545.0 40444.0
18596.0 40337.0
19912.0 40313.0
21266.0 40310.0
21342.0 40064.0
21708.0 39975.0
24592.0 39916.0
24820.0 39884.0
25513.0 39758.0
28763.0 39631.0
31937.0 39629.0
32013.0 39573.0
32934.0 39524.0
36184.0 39385.0
39434.0 39351.0
40355.0 39278.0
43605.0 39176.0

16290.0 49741.0
16515.0 41492.0
16595.0 41260.0
17095.0 41197.0
17171.0 40744.0
18092.0 40466.0
18545.0 40444.0
18596.0 40337.0
19912.0 40313.0
21266.0 40310.0
21342.0 40064.0
21708.0 39975.0
24516.0 39974.0
24592.0 39916.0
24820.0 39865.0
25513.0 39758.0
27894.0 39757.0
28763.0 39631.0
31937.0 39628.0
32013.0 39612.0
32934.0 39512.0
36184.0 39385.0
39434.0 39380.0
40355.0 39278.0
43605.0 39152.0

16290.0 49741.0
16515.0 41492.0
16595.0 41260.0
17095.0 41197.0
17171.0 40744.0
18092.0 40466.0
18545.0 40444.0
18596.0 40337.0
19912.0 40313.0
21266.0 40310.0
21342.0 40064.0
21708.0 39975.0
24516.0 39974.0
24592.0 39916.0
24820.0 39865.0
25513.0 39758.0
27894.0 39757.0
28763.0 39631.0
32934.0 39512.0
36184.0 39385.0
40355.0 39278.0
43605.0 39152.0

16290.0 49741.0
16515.0 41267.0
16595.0 41035.0
17171.0 40744.0
18092.0 40466.0
18545.0 40444.0
18596.0 40337.0
19912.0 40313.0
21266.0 40310.0
21342.0 40064.0
21708.0 39975.0
24516.0 39974.0
24592.0 39916.0
24820.0 39865.0
25513.0 39758.0
27894.0 39757.0
28763.0 39631.0
31937.0 39628.0
32013.0 39612.0
32934.0 39512.0
36184.0 39385.0
39434.0 39380.0
40355.0 39278.0
43605.0 39152.0

16290.0 49741.0
16494.0 46456.0
16515.0 41267.0
16595.0 41035.0
17171.0 40744.0
18092.0 40466.0
18545.0 40444.0
18596.0 40337.0
19912.0 40313.0
21266.0 40310.0
21342.0 40064.0
21708.0 39975.0
24516.0 39972.0
24592.0 39916.0
24820.0 39905.0
25513.0 39758.0
27894.0 39757.0
28687.0 39755.0
28763.0 39631.0
32013.0 39590.0
32934.0 39512.0
36184.0 39385.0
39434.0 39358.0
40355.0 39279.0

16136.0 50034.0
16290.0 48970.0
16515.0 41267.0
16595.0 41035.0
17095.0 40954.0
17171.0 40744.0
18092.0 40466.0
18545.0 40444.0
18596.0 40337.0
19912.0 40313.0
21266.0 40310.0
21342.0 40064.0
21708.0 39975.0
24516.0 39972.0
24592.0 39916.0
24820.0 39884.0
25513.0 39758.0
27894.0 39757.0
28687.0 39755.0
28763.0 39631.0
31937.0 39629.0
32013.0 39573.0
32934.0 39512.0
36184.0 39385.0
39358.0 39382.0
39434.0 39327.0
40355.0 39286.0
43605.0 39152.0
46855.0 39093.0
51026.0 39071.0
54276.0 39052.0


