----------------- All ---------------

GD
5 3 1 2 4 15 15 15 15 15 15 15 15 15 15
5 3 1 2 4 15 15 15 15 15 15 15 15 15 15
4 3 1 2 15 14 14 14 14 14 14 14 14 14 14
4 3 1 2 5 15 15 15 15 15 15 15 15 15 15
5 3 1 2 4 15 15 15 15 15 15 15 15 15 15
5 3 1 2 4 15 15 15 15 15 15 15 15 15 15
4 3 1 2 5 15 15 15 15 15 15 15 15 15 15
4 3 1 2 5 15 15 15 15 15 15 15 15 15 15
4 3 1 2 15 14 14 14 14 14 14 14 14 14 14
4 3 1 2 5 15 15 15 15 15 15 15 15 15 15
15 3 1 2 4 14 14 14 14 14 14 14 14 14 14
4 3 1 2 5 15 15 15 15 15 15 15 15 15 15
5 3 1 2 4 15 15 15 15 15 15 15 15 15 15
15 3 2 1 14 13 13 13 13 13 13 13 13 13 13
15 3 1 2 4 14 14 14 14 14 14 14 14 14 14
4 3 1 2 5 15 15 15 15 15 15 15 15 15 15
4 3 2 2 5 15 15 15 15 15 15 15 15 15 15
5 3 1 2 4 15 15 15 15 15 15 15 15 15 15
4 3 1 2 15 14 14 14 14 14 14 14 14 14 14
5 3 1 2 4 15 15 15 15 15 15 15 15 15 15
4 3 1 2 15 14 14 14 14 14 14 14 14 14 14
4 3 1 2 5 15 15 15 15 15 15 15 15 15 15
5 3 1 2 4 15 15 15 15 15 15 15 15 15 15
4 3 1 2 5 15 15 15 15 15 15 15 15 15 15
15 3 2 2 4 14 14 14 14 14 14 14 14 14 14
4 3 1 2 15 14 14 14 14 14 14 14 14 14 14
4 3 1 2 5 15 15 15 15 15 15 15 15 15 15
15 3 1 2 4 14 14 14 14 14 14 14 14 14 14
15 3 2 1 14 13 13 13 13 13 13 13 13 13 13
4 3 1 2 15 14 14 14 14 14 14 14 14 14 14
14 3 1 2 15 13 13 13 13 13 13 13 13 13 13
15 3 1 2 14 13 13 13 13 13 13 13 13 13 13
4 3 1 2 5 15 15 15 15 15 15 15 15 15 15
4 3 1 2 5 15 15 15 15 15 15 15 15 15 15
4 3 1 2 5 15 15 15 15 15 15 15 15 15 15
4 3 2 1 5 15 15 15 15 15 15 15 15 15 15
4 3 1 2 15 14 14 14 14 14 14 14 14 14 14
5 3 1 2 4 15 15 15 15 15 15 15 15 15 15
5 3 1 2 4 15 15 15 15 15 15 15 15 15 15
15 3 2 1 4 14 14 14 14 14 14 14 14 14 14

DIR
15 3 2 2 14 13 13 13 13 13 13 13 13 13 13
15 3 2 2 14 13 13 13 13 13 13 13 13 13 13
15 3 1 2 14 13 13 13 13 13 13 13 13 13 13
15 3 2 2 4 14 14 14 14 14 14 14 14 14 14
15 3 2 2 14 13 13 13 13 13 13 13 13 13 13
15 3 1 2 14 13 13 13 13 13 13 13 13 13 13
14 3 1 2 15 13 13 13 13 13 13 13 13 13 13
15 3 1 2 4 14 14 14 14 14 14 14 14 14 14
14 3 2 2 15 13 13 13 13 13 13 13 13 13 13
15 3 1 2 14 13 13 13 13 13 13 13 13 13 13
14 3 1 2 15 13 13 13 13 13 13 13 13 13 13
14 3 1 2 15 13 13 13 13 13 13 13 13 13 13
15 3 1 2 14 13 13 13 13 13 13 13 13 13 13
4 3 2 2 15 14 14 14 14 14 14 14 14 14 14
14 3 1 2 15 13 13 13 13 13 13 13 13 13 13
15 3 1 2 14 13 13 13 13 13 13 13 13 13 13
15 3 2 2 14 13 13 13 13 13 13 13 13 13 13
15 3 1 2 4 14 14 14 14 14 14 14 14 14 14
14 3 2 2 15 13 13 13 13 13 13 13 13 13 13
5 3 1 2 4 15 15 15 15 15 15 15 15 15 15
15 3 1 2 4 14 14 14 14 14 14 14 14 14 14
15 3 1 2 4 14 14 14 14 14 14 14 14 14 14
4 3 2 2 15 14 14 14 14 14 14 14 14 14 14
15 3 1 2 14 13 13 13 13 13 13 13 13 13 13
15 3 2 2 14 13 13 13 13 13 13 13 13 13 13
14 3 1 2 15 13 13 13 13 13 13 13 13 13 13
4 3 1 2 15 14 14 14 14 14 14 14 14 14 14
14 3 1 2 15 13 13 13 13 13 13 13 13 13 13
14 3 1 2 15 13 13 13 13 13 13 13 13 13 13
15 3 1 2 14 13 13 13 13 13 13 13 13 13 13
15 3 1 2 14 13 13 13 13 13 13 13 13 13 13
15 3 1 2 4 14 14 14 14 14 14 14 14 14 14
15 3 1 2 4 14 14 14 14 14 14 14 14 14 14
15 3 1 2 14 13 13 13 13 13 13 13 13 13 13
15 3 1 2 14 13 13 13 13 13 13 13 13 13 13
14 3 1 2 15 13 13 13 13 13 13 13 13 13 13
14 3 1 2 15 13 13 13 13 13 13 13 13 13 13
14 3 1 2 15 13 13 13 13 13 13 13 13 13 13
15 3 2 2 14 13 13 13 13 13 13 13 13 13 13
4 3 1 2 15 14 14 14 14 14 14 14 14 14 14

DCI
14 13 2 2 15 13 13 13 13 13 13 13 13 13 13
15 13 2 2 14 12 12 12 12 12 12 12 12 12 12
15 14 2 2 13 12 12 12 12 12 12 12 12 12 12
14 13 2 2 15 12 12 12 12 12 12 12 12 12 12
14 13 2 2 15 12 12 12 12 12 12 12 12 12 12
15 13 2 2 14 12 12 12 12 12 12 12 12 12 12
15 3 2 2 14 13 13 13 13 13 13 13 13 13 13
15 13 2 2 14 12 12 12 12 12 12 12 12 12 12
14 14 2 2 15 12 12 12 12 12 12 12 12 12 12
15 13 2 2 14 12 12 12 12 12 12 12 12 12 12
15 13 2 2 14 12 12 12 12 12 12 12 12 12 12
15 13 2 2 14 12 12 12 12 12 12 12 12 12 12
15 14 2 2 13 12 12 12 12 12 12 12 12 12 12
4 4 2 2 15 14 14 14 14 14 14 14 14 14 14
15 14 2 2 14 12 12 12 12 12 12 12 12 12 12
14 13 12 12 15 12 12 12 12 12 12 12 12 12 12
15 4 2 2 3 14 14 14 14 14 14 14 14 14 14
15 14 2 2 14 12 12 12 12 12 12 12 12 12 12
14 13 2 2 15 12 12 12 12 12 12 12 12 12 12
15 13 2 2 14 12 12 12 12 12 12 12 12 12 12
15 13 2 2 14 12 12 12 12 12 12 12 12 12 12
15 14 2 2 13 12 12 12 12 12 12 12 12 12 12
13 14 2 2 15 13 13 13 13 13 13 13 13 13 13
15 13 2 2 14 12 12 12 12 12 12 12 12 12 12
15 13 2 2 14 12 12 12 12 12 12 12 12 12 12
15 13 2 2 15 13 13 13 13 13 13 13 13 13 13
15 4 2 2 3 14 14 14 14 14 14 14 14 14 14
14 13 2 2 15 12 12 12 12 12 12 12 12 12 12
14 13 2 2 15 12 12 12 12 12 12 12 12 12 12
15 13 12 12 14 12 12 12 12 12 12 12 12 12 12
15 13 2 2 14 12 12 12 12 12 12 12 12 12 12
15 14 2 2 14 12 12 12 12 12 12 12 12 12 12
15 14 3 3 3 13 13 13 13 13 13 13 13 13 13
15 14 2 2 3 13 13 13 13 13 13 13 13 13 13
15 14 2 2 13 12 12 12 12 12 12 12 12 12 12
15 13 2 2 14 12 12 12 12 12 12 12 12 12 12
14 13 2 2 15 12 12 12 12 12 12 12 12 12 12
15 13 12 12 14 12 12 12 12 12 12 12 12 12 12
15 13 2 2 14 12 12 12 12 12 12 12 12 12 12
14 13 2 2 15 13 13 13 13 13 13 13 13 13 13

IGD
13 15 1 2 14 12 12 12 12 12 12 12 12 12 12
13 15 1 2 14 12 12 12 12 12 12 12 12 12 12
14 15 1 2 13 12 12 12 12 12 12 12 12 12 12
13 15 1 2 14 12 12 12 12 12 12 12 12 12 12
14 15 1 2 13 12 12 12 12 12 12 12 12 12 12
14 15 2 1 13 12 12 12 12 12 12 12 12 12 12
14 15 1 2 13 12 12 12 12 12 12 12 12 12 12
14 15 1 2 13 12 12 12 12 12 12 12 12 12 12
3 15 1 2 14 13 13 13 13 13 13 13 13 13 13
14 15 1 2 13 12 12 12 12 12 12 12 12 12 12
3 15 1 2 14 13 13 13 13 13 13 13 13 13 13
14 15 2 1 13 12 12 12 12 12 12 12 12 12 12
13 15 1 2 14 12 12 12 12 12 12 12 12 12 12
13 15 2 2 14 12 12 12 12 12 12 12 12 12 12
14 15 1 2 13 12 12 12 12 12 12 12 12 12 12
14 15 1 2 13 12 12 12 12 12 12 12 12 12 12
14 15 2 2 13 12 12 12 12 12 12 12 12 12 12
13 15 1 2 14 12 12 12 12 12 12 12 12 12 12
14 15 1 2 13 12 12 12 12 12 12 12 12 12 12
13 15 1 2 14 12 12 12 12 12 12 12 12 12 12
13 15 1 2 14 12 12 12 12 12 12 12 12 12 12
14 15 2 1 13 12 12 12 12 12 12 12 12 12 12
13 15 1 2 14 12 12 12 12 12 12 12 12 12 12
14 15 1 2 13 12 12 12 12 12 12 12 12 12 12
14 15 2 2 13 12 12 12 12 12 12 12 12 12 12
14 15 2 1 13 12 12 12 12 12 12 12 12 12 12
14 15 1 2 3 13 13 13 13 13 13 13 13 13 13
13 15 1 2 14 12 12 12 12 12 12 12 12 12 12
4 15 2 1 3 14 14 14 14 14 14 14 14 14 14
14 15 1 2 13 12 12 12 12 12 12 12 12 12 12
14 15 1 2 3 13 13 13 13 13 13 13 13 13 13
13 15 2 1 14 12 12 12 12 12 12 12 12 12 12
14 15 1 2 13 12 12 12 12 12 12 12 12 12 12
14 15 1 2 13 12 12 12 12 12 12 12 12 12 12
14 15 1 2 13 12 12 12 12 12 12 12 12 12 12
13 15 1 2 14 12 12 12 12 12 12 12 12 12 12
14 15 1 2 13 12 12 12 12 12 12 12 12 12 12
13 14 1 2 15 12 12 12 12 12 12 12 12 12 12
15 14 1 2 13 12 12 12 12 12 12 12 12 12 12
3 15 1 2 14 13 13 13 13 13 13 13 13 13 13

HV
15 13 1 2 14 12 12 12 12 12 12 12 12 12 12
14 13 1 2 15 12 12 12 12 12 12 12 12 12 12
15 4 1 2 3 14 14 14 14 14 14 14 14 14 14
14 3 1 2 15 13 13 13 13 13 13 13 13 13 13
4 3 1 2 15 14 14 14 14 14 14 14 14 14 14
15 13 1 2 14 12 12 12 12 12 12 12 12 12 12
15 3 1 2 14 13 13 13 13 13 13 13 13 13 13
15 13 1 2 14 12 12 12 12 12 12 12 12 12 12
15 3 1 2 15 13 13 13 13 13 13 13 13 13 13
14 13 1 2 15 12 12 12 12 12 12 12 12 12 12
15 3 1 2 14 13 13 13 13 13 13 13 13 13 13
15 13 1 2 14 12 12 12 12 12 12 12 12 12 12
15 13 1 2 14 12 12 12 12 12 12 12 12 12 12
14 3 1 2 15 13 13 13 13 13 13 13 13 13 13
14 13 1 2 15 12 12 12 12 12 12 12 12 12 12
15 13 1 2 15 12 12 12 12 12 12 12 12 12 12
15 3 2 2 14 13 13 13 13 13 13 13 13 13 13
14 13 1 2 15 12 12 12 12 12 12 12 12 12 12
14 13 1 2 15 12 12 12 12 12 12 12 12 12 12
14 13 1 2 15 12 12 12 12 12 12 12 12 12 12
15 3 1 2 14 13 13 13 13 13 13 13 13 13 13
15 14 1 2 13 12 12 12 12 12 12 12 12 12 12
14 3 1 2 15 13 13 13 13 13 13 13 13 13 13
14 3 1 2 15 13 13 13 13 13 13 13 13 13 13
15 4 2 2 3 14 14 14 14 14 14 14 14 14 14
14 13 1 2 15 12 12 12 12 12 12 12 12 12 12
13 15 1 2 14 12 12 12 12 12 12 12 12 12 12
15 14 1 2 13 12 12 12 12 12 12 12 12 12 12
15 13 1 2 14 12 12 12 12 12 12 12 12 12 12
15 13 1 2 14 12 12 12 12 12 12 12 12 12 12
15 13 1 2 14 12 12 12 12 12 12 12 12 12 12
14 13 1 2 15 12 12 12 12 12 12 12 12 12 12
13 15 1 2 14 12 12 12 12 12 12 12 12 12 12
15 14 1 2 3 13 13 13 13 13 13 13 13 13 13
14 3 1 2 15 13 13 13 13 13 13 13 13 13 13
14 13 1 2 15 12 12 12 12 12 12 12 12 12 12
14 3 1 2 15 13 13 13 13 13 13 13 13 13 13
15 13 1 2 14 12 12 12 12 12 12 12 12 12 12
15 13 1 2 14 12 12 12 12 12 12 12 12 12 12
15 13 1 2 14 12 12 12 12 12 12 12 12 12 12



----------------- Avg --------------

QI: GD    DIR    DCI    IGD    HV    
6.7 3.0 1.15 1.9 7.3 14.5 14.5 14.5 14.5 14.5 14.5 14.5 14.5 14.5 14.5 
13.35 3.0 1.275 2.0 12.4 13.325 13.325 13.325 13.325 13.325 13.325 13.325 13.325 13.325 13.325 
14.425 12.35 2.775 2.775 13.125 12.325 12.325 12.325 12.325 12.325 12.325 12.325 12.325 12.325 12.325 
12.625 14.95 1.225 1.85 12.675 12.175 12.175 12.175 12.175 12.175 12.175 12.175 12.175 12.175 12.175 
14.25 9.725 1.05 2.0 13.575 12.45 12.45 12.45 12.45 12.45 12.45 12.45 12.45 12.45 12.45 


----------------- Med ---------------

QI: GD    DIR    DCI    IGD    HV    
4.0 3.0 1.0 2.0 5.0 15.0 15.0 15.0 15.0 15.0 15.0 15.0 15.0 15.0 15.0 
15.0 3.0 1.0 2.0 14.0 13.0 13.0 13.0 13.0 13.0 13.0 13.0 13.0 13.0 13.0 
15.0 13.0 2.0 2.0 14.0 12.0 12.0 12.0 12.0 12.0 12.0 12.0 12.0 12.0 12.0 
14.0 15.0 1.0 2.0 13.0 12.0 12.0 12.0 12.0 12.0 12.0 12.0 12.0 12.0 12.0 
15.0 13.0 1.0 2.0 14.0 12.0 12.0 12.0 12.0 12.0 12.0 12.0 12.0 12.0 12.0 

