16290.0 54055.0
16515.0 41943.0
16816.0 41924.0
16875.0 41699.0
16990.0 41387.0
17516.0 41155.0
18016.0 41074.0
18092.0 40466.0
18545.0 40444.0
18596.0 40337.0
19912.0 40313.0
21266.0 40310.0
21342.0 40064.0
21708.0 39975.0
24516.0 39972.0
24592.0 39916.0
24820.0 39865.0
25513.0 39758.0
28687.0 39755.0
28763.0 39632.0
31937.0 39629.0
32013.0 39573.0
32934.0 39512.0
36184.0 39386.0
39434.0 39327.0
40355.0 39279.0
43605.0 39153.0
46855.0 39094.0

16515.0 41624.0
16595.0 41229.0
17095.0 41130.0
17171.0 40805.0
18545.0 40783.0
18615.0 40591.0
20345.0 40590.0
20421.0 40443.0
21342.0 40297.0
24016.0 40282.0
24592.0 39955.0
27766.0 39954.0
27913.0 39904.0
32013.0 39671.0
35187.0 39660.0
38361.0 39659.0
39434.0 39530.0
42608.0 39529.0
45858.0 39452.0
49032.0 39451.0

16515.0 41624.0
16595.0 41229.0
17095.0 41130.0
17171.0 40805.0
18545.0 40783.0
18615.0 40591.0
20345.0 40590.0
20421.0 40443.0
21342.0 40297.0
24016.0 40282.0
24592.0 39955.0
27766.0 39954.0
27842.0 39888.0
28763.0 39848.0
32013.0 39612.0
35263.0 39577.0
39434.0 39470.0
42684.0 39344.0

16515.0 41624.0
16595.0 41229.0
17095.0 41130.0
17171.0 40805.0
18545.0 40783.0
18615.0 40591.0
20345.0 40590.0
20421.0 40443.0
21342.0 40297.0
24016.0 40282.0
24592.0 39955.0
27766.0 39954.0
27913.0 39904.0
32013.0 39671.0
35187.0 39660.0
38361.0 39659.0
39434.0 39530.0
42608.0 39529.0
45858.0 39452.0
49032.0 39451.0

16515.0 41624.0
16595.0 41229.0
17095.0 41130.0
17171.0 40805.0
18545.0 40783.0
18615.0 40591.0
20345.0 40590.0
20421.0 40443.0
21342.0 40297.0
24016.0 40282.0
24592.0 39955.0
27766.0 39954.0
27842.0 39888.0
28763.0 39848.0
32013.0 39612.0
35263.0 39577.0
39434.0 39470.0
42684.0 39344.0

16515.0 41624.0
16595.0 41229.0
17095.0 41130.0
17171.0 40805.0
18545.0 40783.0
18615.0 40591.0
20345.0 40590.0
20421.0 40443.0
21342.0 40297.0
24016.0 40282.0
24592.0 39955.0
27766.0 39954.0
27842.0 39888.0
28763.0 39848.0
32013.0 39612.0
35263.0 39577.0
39434.0 39470.0
42684.0 39344.0

16515.0 41624.0
16595.0 41229.0
17095.0 41130.0
17171.0 40805.0
18092.0 40635.0
18596.0 40441.0
21266.0 40440.0
21342.0 40226.0
21708.0 40103.0
24516.0 40102.0
24592.0 39955.0
25513.0 39886.0
27842.0 39869.0
28763.0 39671.0
32013.0 39612.0
35263.0 39577.0
36184.0 39438.0
39434.0 39379.0
42684.0 39344.0

16515.0 41624.0
16595.0 41229.0
17095.0 41130.0
17171.0 40805.0
18092.0 40635.0
18545.0 40613.0
18596.0 40441.0
21266.0 40399.0
21342.0 40226.0
21708.0 40103.0
24516.0 40102.0
24592.0 39955.0
25513.0 39886.0
27842.0 39869.0
27894.0 39797.0
28763.0 39671.0
32013.0 39612.0
35263.0 39577.0
36184.0 39438.0
39434.0 39379.0
42684.0 39344.0

16515.0 41624.0
16595.0 41229.0
17095.0 41130.0
17171.0 40805.0
18092.0 40635.0
18596.0 40441.0
21266.0 40440.0
21342.0 40226.0
21708.0 40103.0
24516.0 40102.0
24592.0 39955.0
25513.0 39886.0
27842.0 39869.0
28763.0 39671.0
32013.0 39612.0
35263.0 39577.0
36184.0 39438.0
39434.0 39379.0
42684.0 39344.0

16515.0 41624.0
16595.0 41229.0
17095.0 41130.0
17171.0 40805.0
18092.0 40635.0
18596.0 40441.0
21266.0 40440.0
21342.0 40226.0
21708.0 40103.0
24516.0 40102.0
24592.0 39955.0
25513.0 39886.0
27842.0 39869.0
28763.0 39671.0
32013.0 39612.0
35263.0 39577.0
36184.0 39438.0
39434.0 39379.0
42684.0 39344.0

16515.0 41382.0
16595.0 41053.0
17095.0 40954.0
17171.0 40744.0
18092.0 40466.0
18545.0 40444.0
18596.0 40337.0
19912.0 40313.0
21266.0 40310.0
21342.0 40064.0
21708.0 39975.0
24516.0 39972.0
24592.0 39916.0
24820.0 39865.0
25513.0 39758.0
27894.0 39757.0
28763.0 39631.0
31937.0 39630.0
32013.0 39596.0
32934.0 39536.0
36184.0 39385.0
40355.0 39279.0
43605.0 39177.0
46855.0 39157.0
51026.0 39095.0
54276.0 39075.0


