16515.0 42604.0
16595.0 42153.0
16816.0 41427.0
17516.0 41195.0
18016.0 41114.0
18092.0 40646.0
18545.0 40629.0
18596.0 40337.0
19912.0 40313.0
21266.0 40310.0
21342.0 40064.0
21708.0 39975.0
24516.0 39972.0
24592.0 39915.0
24820.0 39865.0
25513.0 39758.0
27894.0 39757.0
28687.0 39756.0
28763.0 39631.0
32013.0 39572.0
32934.0 39511.0
36184.0 39385.0
39358.0 39382.0
39434.0 39327.0
40355.0 39279.0
43605.0 39152.0
46855.0 39093.0
51026.0 39089.0
54276.0 39011.0

16156.0 44022.0
16290.0 43325.0
16571.0 42649.0
16956.0 41715.0
17171.0 41505.0
18092.0 40496.0
18545.0 40474.0
18596.0 40383.0
21342.0 40064.0
21708.0 40042.0
24592.0 39916.0
24820.0 39865.0
28763.0 39699.0
36184.0 39453.0

16156.0 44022.0
16290.0 43242.0
16571.0 42649.0
16956.0 41715.0
17171.0 41505.0
18092.0 40466.0
18545.0 40444.0
18596.0 40337.0
19912.0 40313.0
21342.0 40064.0
21708.0 39975.0
24592.0 39916.0
24820.0 39865.0
25513.0 39847.0
28763.0 39699.0
32013.0 39580.0
36184.0 39453.0

16156.0 44022.0
16290.0 43242.0
16571.0 42649.0
16956.0 41715.0
17171.0 41505.0
18092.0 40466.0
18545.0 40444.0
18596.0 40337.0
19912.0 40313.0
21342.0 40064.0
21708.0 39975.0
24592.0 39916.0
24820.0 39865.0
25513.0 39847.0
28763.0 39699.0
32013.0 39573.0
36184.0 39453.0

16156.0 44022.0
16290.0 43242.0
16571.0 42649.0
16956.0 41715.0
17171.0 41505.0
18092.0 40466.0
18545.0 40444.0
18596.0 40337.0
19912.0 40313.0
21342.0 40064.0
21708.0 39975.0
24592.0 39916.0
24820.0 39865.0
25513.0 39847.0
28763.0 39699.0
32013.0 39573.0
36184.0 39453.0

16156.0 44022.0
16290.0 43325.0
16571.0 42649.0
16956.0 41715.0
17171.0 41505.0
18092.0 40466.0
18545.0 40444.0
18596.0 40337.0
19912.0 40313.0
21342.0 40064.0
21708.0 39975.0
24592.0 39916.0
24820.0 39865.0
25513.0 39847.0
28763.0 39699.0
32013.0 39573.0
36184.0 39453.0

16156.0 44022.0
16290.0 43325.0
16571.0 42649.0
16956.0 41715.0
17171.0 41505.0
18092.0 40496.0
18545.0 40474.0
18596.0 40367.0
19912.0 40343.0
21342.0 40064.0
21708.0 40042.0
24592.0 39916.0
24820.0 39865.0
28763.0 39699.0
32013.0 39573.0
36184.0 39453.0

16156.0 44022.0
16290.0 43325.0
16571.0 42649.0
16956.0 41715.0
17171.0 41505.0
18092.0 40466.0
18545.0 40444.0
18596.0 40337.0
19912.0 40313.0
21266.0 40312.0
21342.0 40064.0
21708.0 39975.0
24592.0 39916.0
24820.0 39865.0
25513.0 39758.0
28763.0 39699.0
32013.0 39573.0
32934.0 39519.0
36184.0 39453.0

16156.0 44022.0
16290.0 43325.0
16571.0 42649.0
16956.0 41715.0
17171.0 41505.0
18092.0 40496.0
18545.0 40474.0
18596.0 40367.0
19912.0 40343.0
21342.0 40064.0
21708.0 40042.0
24592.0 39916.0
24820.0 39865.0
28763.0 39699.0
32013.0 39573.0
36184.0 39453.0

16156.0 44022.0
16290.0 43325.0
16571.0 42649.0
16956.0 41715.0
17171.0 41505.0
18092.0 40496.0
18545.0 40474.0
18596.0 40367.0
19912.0 40343.0
21342.0 40064.0
21708.0 40042.0
24592.0 39916.0
24820.0 39865.0
28763.0 39699.0
32013.0 39573.0
36184.0 39453.0

16023.0 42322.0
16156.0 41879.0
16595.0 41647.0
16956.0 41536.0
17095.0 41473.0
17171.0 41422.0
18092.0 40466.0
18545.0 40444.0
18596.0 40337.0
19912.0 40313.0
21266.0 40312.0
21342.0 40064.0
21708.0 39975.0
24592.0 39916.0
24820.0 39865.0
25513.0 39758.0
28763.0 39632.0
32013.0 39573.0
32934.0 39512.0
36184.0 39386.0


