17492.0 84511.0
17516.0 84279.0
17726.0 84188.0
18092.0 81345.0
18526.0 81247.0
18596.0 80827.0
19912.0 80779.0
21266.0 80776.0
21342.0 80500.0
21708.0 80218.0
24516.0 80215.0
24592.0 80070.0
24750.0 80052.0
25513.0 79762.0
27843.0 79691.0
28687.0 79670.0
28763.0 79347.0
32013.0 79221.0
32934.0 79124.0
36184.0 78902.0
39358.0 78898.0
39434.0 78775.0
40355.0 78645.0
43605.0 78480.0
46779.0 78461.0

16494.0 96396.0
16566.0 95019.0
16571.0 92694.0
17095.0 90466.0
17492.0 88891.0
17516.0 86429.0
17745.0 84800.0
18092.0 84091.0
18545.0 83822.0
18596.0 82422.0
19505.0 82206.0
19946.0 81901.0
20387.0 81369.0
21342.0 81150.0
21708.0 80773.0
24592.0 80670.0
25513.0 80525.0
27843.0 80518.0
27913.0 80030.0
31937.0 79996.0
32934.0 79901.0
37105.0 79832.0
40279.0 79594.0
40355.0 79296.0
63874.0 77944.0

19838.0 91341.0
21708.0 89151.0
28763.0 89101.0
33411.0 86479.0

19838.0 91341.0
21708.0 89151.0
23316.0 88988.0
33411.0 86479.0

16956.0 84331.0
17095.0 83282.0
17516.0 82887.0
18016.0 82788.0
18092.0 81633.0
18596.0 81439.0
18615.0 81150.0
19471.0 81126.0
19912.0 81102.0
20345.0 81099.0
20421.0 81090.0
21266.0 81078.0
21342.0 80382.0
21708.0 80293.0
24516.0 80290.0
24592.0 79896.0
24820.0 79814.0
25513.0 79688.0
27766.0 79685.0
27913.0 79662.0
28763.0 79308.0
32013.0 79190.0
36184.0 78829.0
39434.0 78807.0
40355.0 78665.0
43605.0 78539.0
51026.0 78457.0

17745.0 87638.0
17996.0 85821.0
18092.0 81728.0
18475.0 81725.0
18526.0 81548.0
18596.0 81315.0
18615.0 81047.0
20387.0 81023.0
21266.0 81022.0
21342.0 80337.0
21708.0 80247.0
24516.0 80220.0
24592.0 80099.0
24820.0 80036.0
25513.0 80021.0
27913.0 79887.0
28763.0 79586.0
31937.0 79566.0
36184.0 79340.0
39434.0 79336.0

17745.0 87638.0
17996.0 85821.0
18092.0 81728.0
18475.0 81725.0
18526.0 81548.0
18596.0 81315.0
18615.0 81047.0
20387.0 81023.0
21266.0 81022.0
21342.0 80337.0
21708.0 80247.0
24516.0 80220.0
24592.0 80099.0
24820.0 80036.0
25513.0 80021.0
27913.0 79887.0
28763.0 79586.0
31937.0 79566.0
36184.0 79340.0
39434.0 79336.0

17745.0 87638.0
17996.0 85821.0
18092.0 81728.0
18475.0 81725.0
18526.0 81548.0
18596.0 81315.0
18615.0 81047.0
20387.0 81023.0
21266.0 81022.0
21342.0 80337.0
21708.0 80247.0
24516.0 80220.0
24592.0 80099.0
24820.0 80036.0
25513.0 80021.0
27913.0 79887.0
28763.0 79586.0
31937.0 79566.0
36184.0 79340.0
39434.0 79336.0

17745.0 87638.0
17996.0 85821.0
18092.0 81728.0
18475.0 81725.0
18526.0 81548.0
18596.0 81315.0
18615.0 81047.0
20387.0 81023.0
21266.0 81022.0
21342.0 80337.0
21708.0 80247.0
24516.0 80220.0
24592.0 80099.0
24820.0 80036.0
25513.0 80021.0
27913.0 79887.0
28763.0 79586.0
31937.0 79566.0
36184.0 79340.0
39434.0 79336.0

17745.0 87638.0
17996.0 85821.0
18092.0 81728.0
18475.0 81725.0
18526.0 81548.0
18596.0 81315.0
18615.0 81047.0
20387.0 81023.0
21266.0 81022.0
21342.0 80337.0
21708.0 80247.0
24516.0 80220.0
24592.0 80099.0
24820.0 80036.0
25513.0 80021.0
27913.0 79887.0
28763.0 79586.0
31937.0 79566.0
36184.0 79340.0
39434.0 79336.0

17745.0 87638.0
17996.0 85821.0
18092.0 81728.0
18475.0 81725.0
18526.0 81548.0
18596.0 81315.0
18615.0 81047.0
20387.0 81023.0
21266.0 81022.0
21342.0 80337.0
21708.0 80247.0
24516.0 80220.0
24592.0 80099.0
24820.0 80036.0
25513.0 80021.0
27913.0 79887.0
28763.0 79586.0
31937.0 79566.0
36184.0 79340.0
39434.0 79336.0

17745.0 87638.0
17996.0 85821.0
18092.0 81728.0
18475.0 81725.0
18526.0 81548.0
18596.0 81315.0
18615.0 81047.0
20387.0 81023.0
21266.0 81022.0
21342.0 80337.0
21708.0 80247.0
24516.0 80220.0
24592.0 80099.0
24820.0 80036.0
25513.0 80021.0
27913.0 79887.0
28763.0 79586.0
31937.0 79566.0
36184.0 79340.0
39434.0 79336.0

17745.0 87638.0
17996.0 85821.0
18092.0 81728.0
18475.0 81725.0
18526.0 81548.0
18596.0 81315.0
18615.0 81047.0
20387.0 81023.0
21266.0 81022.0
21342.0 80337.0
21708.0 80247.0
24516.0 80220.0
24592.0 80099.0
24820.0 80036.0
25513.0 80021.0
27913.0 79887.0
28763.0 79586.0
31937.0 79566.0
36184.0 79340.0
39434.0 79336.0

17745.0 87638.0
17996.0 85821.0
18092.0 81728.0
18475.0 81725.0
18526.0 81548.0
18596.0 81315.0
18615.0 81047.0
20387.0 81023.0
21266.0 81022.0
21342.0 80337.0
21708.0 80247.0
24516.0 80220.0
24592.0 80099.0
24820.0 80036.0
25513.0 80021.0
27913.0 79887.0
28763.0 79586.0
31937.0 79566.0
36184.0 79340.0
39434.0 79336.0

17745.0 87638.0
17996.0 85821.0
18092.0 81728.0
18475.0 81725.0
18526.0 81548.0
18596.0 81315.0
18615.0 81047.0
20387.0 81023.0
21266.0 81022.0
21342.0 80337.0
21708.0 80247.0
24516.0 80220.0
24592.0 80099.0
24820.0 80036.0
25513.0 80021.0
27913.0 79887.0
28763.0 79586.0
31937.0 79566.0
36184.0 79340.0
39434.0 79336.0


