17996.0 86214.0
18092.0 82474.0
18545.0 82452.0
18596.0 81347.0
18615.0 81010.0
19112.0 80984.0
19912.0 80898.0
20387.0 80874.0
21266.0 80871.0
21342.0 80280.0
21708.0 79950.0
24516.0 79947.0
24592.0 79830.0
24820.0 79730.0
27842.0 79694.0
28763.0 79262.0
31937.0 79260.0
32013.0 79145.0
32934.0 79084.0
36184.0 78770.0
39434.0 78653.0
42684.0 78618.0
43605.0 78344.0
46855.0 78227.0
50105.0 78192.0

16136.0 101716.0
16290.0 95274.0
16515.0 95103.0
16956.0 94670.0
16990.0 94594.0
17492.0 86495.0
18016.0 85564.0
18092.0 83268.0
18596.0 82446.0
18615.0 82297.0
21266.0 81925.0
21638.0 81659.0
21657.0 81633.0
22263.0 81295.0
24699.0 81139.0
24750.0 81060.0
24782.0 80494.0
25513.0 80445.0
28687.0 80364.0
28763.0 80351.0
29684.0 80346.0
31937.0 79958.0
32013.0 79898.0
32934.0 79836.0
35187.0 79621.0
36184.0 79467.0
39434.0 79256.0
40355.0 78933.0
51026.0 78686.0
63874.0 77944.0

19505.0 95242.0
22716.0 94451.0
23601.0 94426.0
23992.0 88507.0

19505.0 95242.0
21708.0 91831.0
21761.0 90849.0
23950.0 89220.0
23992.0 88507.0
25513.0 87609.0
36184.0 87163.0

17492.0 84580.0
18092.0 81454.0
18596.0 80778.0
19912.0 80714.0
21342.0 80168.0
21657.0 80146.0
21708.0 80078.0
24516.0 80075.0
24592.0 79832.0
24820.0 79781.0
27842.0 79745.0
27913.0 79640.0
28687.0 79639.0
28763.0 79330.0
31937.0 79324.0
32013.0 79146.0
35263.0 79110.0
36184.0 78868.0
39434.0 78702.0
43605.0 78510.0
46855.0 78392.0

17171.0 90243.0
17345.0 88972.0
17647.0 83810.0
17726.0 83037.0
17745.0 82791.0
18092.0 81570.0
18526.0 81553.0
18596.0 80953.0
19912.0 80909.0
21342.0 80498.0
21708.0 80230.0
24592.0 80187.0
25513.0 79905.0
28763.0 79517.0
32013.0 79369.0

17171.0 90243.0
17345.0 88972.0
17647.0 83810.0
17726.0 83037.0
17745.0 82791.0
18092.0 81570.0
18526.0 81553.0
18596.0 80953.0
19912.0 80909.0
21342.0 80498.0
21708.0 80230.0
24592.0 80187.0
25513.0 79905.0
28763.0 79517.0
32013.0 79369.0

17171.0 90243.0
17345.0 88972.0
17647.0 83810.0
17726.0 83037.0
17745.0 82791.0
18092.0 81570.0
18526.0 81553.0
18596.0 80953.0
19912.0 80909.0
21342.0 80498.0
21708.0 80230.0
24592.0 80187.0
25513.0 79905.0
28763.0 79517.0
32013.0 79369.0

17171.0 90243.0
17345.0 88972.0
17647.0 83810.0
17726.0 83037.0
17745.0 82791.0
18092.0 81570.0
18526.0 81553.0
18596.0 80953.0
19912.0 80909.0
21342.0 80498.0
21708.0 80230.0
24592.0 80187.0
25513.0 79905.0
28763.0 79517.0
32013.0 79369.0

17171.0 90243.0
17345.0 88972.0
17647.0 83810.0
17726.0 83037.0
17745.0 82791.0
18092.0 81570.0
18526.0 81553.0
18596.0 80953.0
19912.0 80909.0
21342.0 80498.0
21708.0 80230.0
24592.0 80187.0
25513.0 79905.0
28763.0 79517.0
32013.0 79369.0

17171.0 90243.0
17345.0 88972.0
17647.0 83810.0
17726.0 83037.0
17745.0 82791.0
18092.0 81570.0
18526.0 81553.0
18596.0 80953.0
19912.0 80909.0
21342.0 80498.0
21708.0 80230.0
24592.0 80187.0
25513.0 79905.0
28763.0 79517.0
32013.0 79369.0

17171.0 90243.0
17345.0 88972.0
17647.0 83810.0
17726.0 83037.0
17745.0 82791.0
18092.0 81570.0
18526.0 81553.0
18596.0 80953.0
19912.0 80909.0
21342.0 80498.0
21708.0 80230.0
24592.0 80187.0
25513.0 79905.0
28763.0 79517.0
32013.0 79369.0

17171.0 90243.0
17345.0 88972.0
17647.0 83810.0
17726.0 83037.0
17745.0 82791.0
18092.0 81570.0
18526.0 81553.0
18596.0 80953.0
19912.0 80909.0
21342.0 80498.0
21708.0 80230.0
24592.0 80187.0
25513.0 79905.0
28763.0 79517.0
32013.0 79369.0

17171.0 90243.0
17345.0 88972.0
17647.0 83810.0
17726.0 83037.0
17745.0 82791.0
18092.0 81570.0
18526.0 81553.0
18596.0 80953.0
19912.0 80909.0
21342.0 80498.0
21708.0 80230.0
24592.0 80187.0
25513.0 79905.0
28763.0 79517.0
32013.0 79369.0

17171.0 90243.0
17345.0 88972.0
17647.0 83810.0
17726.0 83037.0
17745.0 82791.0
18092.0 81570.0
18526.0 81553.0
18596.0 80953.0
19912.0 80909.0
21342.0 80498.0
21708.0 80230.0
24592.0 80187.0
25513.0 79905.0
28763.0 79517.0
32013.0 79369.0


