17492.0 86372.0
17516.0 86352.0
17675.0 86163.0
17745.0 85365.0
18016.0 85246.0
18092.0 83972.0
18615.0 81045.0
19946.0 81028.0
20387.0 80916.0
21266.0 80915.0
21342.0 80561.0
21708.0 80162.0
24516.0 80159.0
24592.0 80000.0
25513.0 79594.0
27894.0 79592.0
28687.0 79591.0
28763.0 79454.0
31937.0 79453.0
32013.0 79314.0
32934.0 79100.0
36184.0 78983.0
39358.0 78980.0
39434.0 78848.0
42608.0 78845.0
42684.0 78821.0
43529.0 78602.0

16494.0 104974.0
16515.0 96268.0
16956.0 88088.0
17694.0 87910.0
18092.0 83859.0
18545.0 83678.0
18596.0 83421.0
18615.0 83110.0
19313.0 82858.0
19505.0 82229.0
21342.0 81290.0
22263.0 81239.0
24592.0 81154.0
24750.0 80822.0
24801.0 80501.0
25513.0 80294.0
31937.0 79903.0
32934.0 79800.0
36184.0 79371.0
43529.0 79327.0
46855.0 79296.0
50029.0 79222.0
52703.0 79175.0
54276.0 78878.0
63874.0 77944.0

18922.0 100150.0
20112.0 93312.0
25513.0 90936.0
28163.0 88502.0

18922.0 99496.0
20112.0 93312.0
22263.0 92967.0
23950.0 91668.0
25513.0 90807.0
26643.0 89007.0
28163.0 88502.0

17996.0 86817.0
18092.0 81496.0
18545.0 81479.0
18596.0 80820.0
19112.0 80798.0
19912.0 80728.0
21266.0 80703.0
21342.0 80475.0
21708.0 80028.0
24516.0 80025.0
24592.0 79969.0
24750.0 79951.0
24820.0 79900.0
25513.0 79817.0
27894.0 79611.0
28763.0 79358.0
31937.0 79337.0
32013.0 79283.0
32934.0 79131.0
36184.0 78801.0
40355.0 78574.0
43605.0 78344.0
46855.0 78263.0

16956.0 94851.0
17269.0 89058.0
17492.0 84933.0
18092.0 81593.0
18545.0 81501.0
18596.0 81315.0
18615.0 81212.0
19912.0 81097.0
19946.0 81057.0
21342.0 80513.0
21657.0 80410.0
21708.0 80322.0
24516.0 80292.0
24592.0 80276.0
25513.0 79947.0
28763.0 79754.0
31937.0 79636.0
32934.0 79509.0
36184.0 79263.0
44526.0 79165.0

16956.0 94851.0
17269.0 89058.0
17492.0 84933.0
18092.0 81593.0
18545.0 81501.0
18596.0 81315.0
18615.0 81212.0
19912.0 81097.0
19946.0 81057.0
21342.0 80513.0
21657.0 80410.0
21708.0 80322.0
24516.0 80292.0
24592.0 80276.0
25513.0 79947.0
28763.0 79754.0
31937.0 79636.0
32934.0 79509.0
36184.0 79263.0
44526.0 79165.0

16956.0 94851.0
17269.0 89058.0
17492.0 84933.0
18092.0 81593.0
18545.0 81501.0
18596.0 81315.0
18615.0 81212.0
19912.0 81097.0
19946.0 81057.0
21342.0 80513.0
21657.0 80410.0
21708.0 80322.0
24516.0 80292.0
24592.0 80276.0
25513.0 79947.0
28763.0 79754.0
31937.0 79636.0
32934.0 79509.0
36184.0 79263.0
44526.0 79165.0

16956.0 94851.0
17269.0 89058.0
17492.0 84933.0
18092.0 81593.0
18545.0 81501.0
18596.0 81315.0
18615.0 81212.0
19912.0 81097.0
19946.0 81057.0
21342.0 80513.0
21657.0 80410.0
21708.0 80322.0
24516.0 80292.0
24592.0 80276.0
25513.0 79947.0
28763.0 79754.0
31937.0 79636.0
32934.0 79509.0
36184.0 79263.0
44526.0 79165.0

16956.0 94851.0
17269.0 89058.0
17492.0 84933.0
18092.0 81593.0
18545.0 81501.0
18596.0 81315.0
18615.0 81212.0
19912.0 81097.0
19946.0 81057.0
21342.0 80513.0
21657.0 80410.0
21708.0 80322.0
24516.0 80292.0
24592.0 80276.0
25513.0 79947.0
28763.0 79754.0
31937.0 79636.0
32934.0 79509.0
36184.0 79263.0
44526.0 79165.0

16956.0 94851.0
17269.0 89058.0
17492.0 84933.0
18092.0 81593.0
18545.0 81501.0
18596.0 81315.0
18615.0 81212.0
19912.0 81097.0
19946.0 81057.0
21342.0 80513.0
21657.0 80410.0
21708.0 80322.0
24516.0 80292.0
24592.0 80276.0
25513.0 79947.0
28763.0 79754.0
31937.0 79636.0
32934.0 79509.0
36184.0 79263.0
44526.0 79165.0

16956.0 94851.0
17269.0 89058.0
17492.0 84933.0
18092.0 81593.0
18545.0 81501.0
18596.0 81315.0
18615.0 81212.0
19912.0 81097.0
19946.0 81057.0
21342.0 80513.0
21657.0 80410.0
21708.0 80322.0
24516.0 80292.0
24592.0 80276.0
25513.0 79947.0
28763.0 79754.0
31937.0 79636.0
32934.0 79509.0
36184.0 79263.0
44526.0 79165.0

16956.0 94851.0
17269.0 89058.0
17492.0 84933.0
18092.0 81593.0
18545.0 81501.0
18596.0 81315.0
18615.0 81212.0
19912.0 81097.0
19946.0 81057.0
21342.0 80513.0
21657.0 80410.0
21708.0 80322.0
24516.0 80292.0
24592.0 80276.0
25513.0 79947.0
28763.0 79754.0
31937.0 79636.0
32934.0 79509.0
36184.0 79263.0
44526.0 79165.0

16956.0 94851.0
17269.0 89058.0
17492.0 84933.0
18092.0 81593.0
18545.0 81501.0
18596.0 81315.0
18615.0 81212.0
19912.0 81097.0
19946.0 81057.0
21342.0 80513.0
21657.0 80410.0
21708.0 80322.0
24516.0 80292.0
24592.0 80276.0
25513.0 79947.0
28763.0 79754.0
31937.0 79636.0
32934.0 79509.0
36184.0 79263.0
44526.0 79165.0

16956.0 94851.0
17269.0 89058.0
17492.0 84933.0
18092.0 81593.0
18545.0 81501.0
18596.0 81315.0
18615.0 81212.0
19912.0 81097.0
19946.0 81057.0
21342.0 80513.0
21657.0 80410.0
21708.0 80322.0
24516.0 80292.0
24592.0 80276.0
25513.0 79947.0
28763.0 79754.0
31937.0 79636.0
32934.0 79509.0
36184.0 79263.0
44526.0 79165.0


