16816.0 84337.0
16990.0 83273.0
17171.0 82225.0
17516.0 81993.0
18016.0 81912.0
18092.0 81350.0
18545.0 81306.0
18596.0 81097.0
18615.0 80860.0
19912.0 80812.0
20345.0 80809.0
20421.0 80776.0
21266.0 80775.0
21342.0 80412.0
21689.0 80406.0
21708.0 80015.0
24516.0 80014.0
24592.0 79920.0
25513.0 79719.0
27766.0 79716.0
28763.0 79327.0
31937.0 79326.0
32013.0 79268.0
32934.0 79083.0
35187.0 79081.0
36184.0 78783.0
39358.0 78780.0
39434.0 78724.0
42608.0 78692.0
43605.0 78380.0
46855.0 78245.0
54276.0 78239.0

16136.0 105438.0
16256.0 103537.0
16290.0 101450.0
16515.0 94865.0
16956.0 93393.0
17095.0 91842.0
17492.0 89882.0
18016.0 87486.0
18092.0 85281.0
18545.0 82824.0
19912.0 82462.0
21342.0 81652.0
21638.0 81167.0
21708.0 80871.0
24801.0 80565.0
25513.0 80350.0
27894.0 80325.0
28763.0 80019.0
31937.0 79893.0
36108.0 79605.0
36184.0 79466.0
39358.0 79157.0
43605.0 79141.0
54200.0 78912.0
56453.0 78549.0
63874.0 77944.0

19505.0 96953.0
21038.0 95932.0
21657.0 94772.0
22020.0 94129.0
24150.0 90289.0
34908.0 89224.0

18545.0 98871.0
19505.0 96953.0
21038.0 95932.0
21657.0 94772.0
22020.0 94129.0
23011.0 88932.0
24201.0 87578.0
25513.0 87284.0

16956.0 85224.0
17171.0 83851.0
17345.0 83387.0
17516.0 83314.0
17745.0 83132.0
18092.0 82284.0
18596.0 82090.0
18615.0 80920.0
19912.0 80880.0
21266.0 80841.0
21342.0 80348.0
21657.0 80326.0
21708.0 80135.0
24592.0 79949.0
24820.0 79848.0
27766.0 79847.0
27842.0 79812.0
27913.0 79811.0
28763.0 79341.0
32013.0 79263.0
35263.0 79227.0
36184.0 78815.0
39434.0 78697.0
43605.0 78331.0
46855.0 78205.0
50105.0 78188.0

17492.0 83416.0
18092.0 81305.0
18545.0 81288.0
18596.0 81215.0
18615.0 81023.0
19912.0 80999.0
20345.0 80998.0
20421.0 80909.0
21342.0 80560.0
21708.0 80506.0
24592.0 80158.0
27766.0 80155.0
27913.0 80107.0
28763.0 79764.0
31937.0 79732.0
32013.0 79559.0
35263.0 79533.0
36184.0 79466.0
39434.0 79386.0

17492.0 83416.0
18092.0 81305.0
18545.0 81288.0
18596.0 81215.0
18615.0 81023.0
19912.0 80999.0
20345.0 80998.0
20421.0 80909.0
21342.0 80560.0
21708.0 80506.0
24592.0 80158.0
27766.0 80155.0
27913.0 80107.0
28763.0 79764.0
31937.0 79732.0
32013.0 79559.0
35263.0 79533.0
36184.0 79466.0
39434.0 79386.0

17492.0 83416.0
18092.0 81305.0
18545.0 81288.0
18596.0 81215.0
18615.0 81023.0
19912.0 80999.0
20345.0 80998.0
20421.0 80909.0
21342.0 80560.0
21708.0 80506.0
24592.0 80158.0
27766.0 80155.0
27913.0 80107.0
28763.0 79764.0
31937.0 79732.0
32013.0 79559.0
35263.0 79533.0
36184.0 79466.0
39434.0 79386.0

17492.0 83416.0
18092.0 81305.0
18545.0 81288.0
18596.0 81215.0
18615.0 81023.0
19912.0 80999.0
20345.0 80998.0
20421.0 80909.0
21342.0 80560.0
21708.0 80506.0
24592.0 80158.0
27766.0 80155.0
27913.0 80107.0
28763.0 79764.0
31937.0 79732.0
32013.0 79559.0
35263.0 79533.0
36184.0 79466.0
39434.0 79386.0

17492.0 83416.0
18092.0 81305.0
18545.0 81288.0
18596.0 81215.0
18615.0 81023.0
19912.0 80999.0
20345.0 80998.0
20421.0 80909.0
21342.0 80560.0
21708.0 80506.0
24592.0 80158.0
27766.0 80155.0
27913.0 80107.0
28763.0 79764.0
31937.0 79732.0
32013.0 79559.0
35263.0 79533.0
36184.0 79466.0
39434.0 79386.0

17492.0 83416.0
18092.0 81305.0
18545.0 81288.0
18596.0 81215.0
18615.0 81023.0
19912.0 80999.0
20345.0 80998.0
20421.0 80909.0
21342.0 80560.0
21708.0 80506.0
24592.0 80158.0
27766.0 80155.0
27913.0 80107.0
28763.0 79764.0
31937.0 79732.0
32013.0 79559.0
35263.0 79533.0
36184.0 79466.0
39434.0 79386.0

17492.0 83416.0
18092.0 81305.0
18545.0 81288.0
18596.0 81215.0
18615.0 81023.0
19912.0 80999.0
20345.0 80998.0
20421.0 80909.0
21342.0 80560.0
21708.0 80506.0
24592.0 80158.0
27766.0 80155.0
27913.0 80107.0
28763.0 79764.0
31937.0 79732.0
32013.0 79559.0
35263.0 79533.0
36184.0 79466.0
39434.0 79386.0

17492.0 83416.0
18092.0 81305.0
18545.0 81288.0
18596.0 81215.0
18615.0 81023.0
19912.0 80999.0
20345.0 80998.0
20421.0 80909.0
21342.0 80560.0
21708.0 80506.0
24592.0 80158.0
27766.0 80155.0
27913.0 80107.0
28763.0 79764.0
31937.0 79732.0
32013.0 79559.0
35263.0 79533.0
36184.0 79466.0
39434.0 79386.0

17492.0 83416.0
18092.0 81305.0
18545.0 81288.0
18596.0 81215.0
18615.0 81023.0
19912.0 80999.0
20345.0 80998.0
20421.0 80909.0
21342.0 80560.0
21708.0 80506.0
24592.0 80158.0
27766.0 80155.0
27913.0 80107.0
28763.0 79764.0
31937.0 79732.0
32013.0 79559.0
35263.0 79533.0
36184.0 79466.0
39434.0 79386.0

17492.0 83416.0
18092.0 81305.0
18545.0 81288.0
18596.0 81215.0
18615.0 81023.0
19912.0 80999.0
20345.0 80998.0
20421.0 80909.0
21342.0 80560.0
21708.0 80506.0
24592.0 80158.0
27766.0 80155.0
27913.0 80107.0
28763.0 79764.0
31937.0 79732.0
32013.0 79559.0
35263.0 79533.0
36184.0 79466.0
39434.0 79386.0


