17492.0 85062.0
18092.0 81609.0
18545.0 81587.0
18596.0 80739.0
19912.0 80691.0
21266.0 80690.0
21342.0 80437.0
21708.0 80028.0
24592.0 79897.0
24820.0 79749.0
25513.0 79581.0
28763.0 79327.0
31937.0 79326.0
32013.0 79211.0
32934.0 79124.0
35187.0 79121.0
35263.0 79101.0
36184.0 78814.0
39434.0 78765.0
42608.0 78763.0
46855.0 78745.0
51026.0 78728.0

16023.0 102992.0
16290.0 98752.0
16595.0 97097.0
16956.0 88587.0
17326.0 87906.0
17492.0 86646.0
17996.0 85872.0
18092.0 83704.0
18596.0 82753.0
19946.0 82612.0
21266.0 81825.0
21342.0 81698.0
21638.0 81498.0
21689.0 81145.0
23080.0 81001.0
25437.0 80891.0
25513.0 80148.0
28763.0 80136.0
31937.0 80005.0
32013.0 79882.0
34687.0 79801.0
36108.0 79570.0
36184.0 79504.0
45782.0 79146.0
60624.0 78338.0
60700.0 77949.0
63874.0 77944.0

18922.0 102565.0
20457.0 98698.0
21661.0 98583.0
21708.0 94454.0
22461.0 94204.0
23350.0 93887.0
24976.0 93212.0
25010.0 92221.0
28687.0 91471.0
32934.0 90369.0

18922.0 102565.0
20457.0 90451.0
23992.0 87934.0

17492.0 84156.0
17516.0 83924.0
18092.0 81902.0
18545.0 81194.0
18596.0 80950.0
19912.0 80902.0
21266.0 80899.0
21342.0 80281.0
21708.0 79990.0
24516.0 79946.0
24592.0 79928.0
24820.0 79880.0
25513.0 79556.0
27843.0 79534.0
28687.0 79513.0
28763.0 79302.0
31937.0 79260.0
32013.0 79242.0
32934.0 79075.0
36108.0 79034.0
36184.0 78823.0
43605.0 78719.0

17996.0 84053.0
18016.0 83940.0
18092.0 81655.0
18545.0 81633.0
18596.0 81006.0
19912.0 80942.0
21342.0 80644.0
21708.0 80446.0
24516.0 80438.0
24592.0 80410.0
24820.0 80261.0
25513.0 79935.0
28763.0 79683.0
31937.0 79680.0
32013.0 79631.0
36184.0 79450.0

17996.0 84053.0
18016.0 83940.0
18092.0 81655.0
18545.0 81633.0
18596.0 81006.0
19912.0 80942.0
21342.0 80644.0
21708.0 80446.0
24516.0 80438.0
24592.0 80410.0
24820.0 80261.0
25513.0 79935.0
28763.0 79683.0
31937.0 79680.0
32013.0 79631.0
36184.0 79450.0

17996.0 84053.0
18016.0 83940.0
18092.0 81655.0
18545.0 81633.0
18596.0 81006.0
19912.0 80942.0
21342.0 80644.0
21708.0 80446.0
24516.0 80438.0
24592.0 80410.0
24820.0 80261.0
25513.0 79935.0
28763.0 79683.0
31937.0 79680.0
32013.0 79631.0
36184.0 79450.0

17996.0 84053.0
18016.0 83940.0
18092.0 81655.0
18545.0 81633.0
18596.0 81006.0
19912.0 80942.0
21342.0 80644.0
21708.0 80446.0
24516.0 80438.0
24592.0 80410.0
24820.0 80261.0
25513.0 79935.0
28763.0 79683.0
31937.0 79680.0
32013.0 79631.0
36184.0 79450.0

17996.0 84053.0
18016.0 83940.0
18092.0 81655.0
18545.0 81633.0
18596.0 81006.0
19912.0 80942.0
21342.0 80644.0
21708.0 80446.0
24516.0 80438.0
24592.0 80410.0
24820.0 80261.0
25513.0 79935.0
28763.0 79683.0
31937.0 79680.0
32013.0 79631.0
36184.0 79450.0

17996.0 84053.0
18016.0 83940.0
18092.0 81655.0
18545.0 81633.0
18596.0 81006.0
19912.0 80942.0
21342.0 80644.0
21708.0 80446.0
24516.0 80438.0
24592.0 80410.0
24820.0 80261.0
25513.0 79935.0
28763.0 79683.0
31937.0 79680.0
32013.0 79631.0
36184.0 79450.0

17996.0 84053.0
18016.0 83940.0
18092.0 81655.0
18545.0 81633.0
18596.0 81006.0
19912.0 80942.0
21342.0 80644.0
21708.0 80446.0
24516.0 80438.0
24592.0 80410.0
24820.0 80261.0
25513.0 79935.0
28763.0 79683.0
31937.0 79680.0
32013.0 79631.0
36184.0 79450.0

17996.0 84053.0
18016.0 83940.0
18092.0 81655.0
18545.0 81633.0
18596.0 81006.0
19912.0 80942.0
21342.0 80644.0
21708.0 80446.0
24516.0 80438.0
24592.0 80410.0
24820.0 80261.0
25513.0 79935.0
28763.0 79683.0
31937.0 79680.0
32013.0 79631.0
36184.0 79450.0

17996.0 84053.0
18016.0 83940.0
18092.0 81655.0
18545.0 81633.0
18596.0 81006.0
19912.0 80942.0
21342.0 80644.0
21708.0 80446.0
24516.0 80438.0
24592.0 80410.0
24820.0 80261.0
25513.0 79935.0
28763.0 79683.0
31937.0 79680.0
32013.0 79631.0
36184.0 79450.0

17996.0 84053.0
18016.0 83940.0
18092.0 81655.0
18545.0 81633.0
18596.0 81006.0
19912.0 80942.0
21342.0 80644.0
21708.0 80446.0
24516.0 80438.0
24592.0 80410.0
24820.0 80261.0
25513.0 79935.0
28763.0 79683.0
31937.0 79680.0
32013.0 79631.0
36184.0 79450.0


