----------------- All ---------------

GD
11 11 11 11 11 11 11 11 11 11 11
11 11 11 11 11 11 11 11 11 11 11
11 11 11 11 11 11 11 11 11 11 11
11 11 11 11 11 11 11 11 11 11 11

DIR
11 11 11 11 11 11 11 11 11 11 11
11 11 11 11 11 11 11 11 11 11 11
11 11 11 11 11 11 11 11 11 11 11
11 11 11 11 11 11 11 11 11 11 11

DCI
11 11 11 11 11 11 11 11 11 11 11
11 11 11 11 11 11 11 11 11 11 11
11 11 11 11 11 11 11 11 11 11 11
11 11 11 11 11 11 11 11 11 11 11

IGD
11 11 11 11 11 11 11 11 11 11 11
11 11 11 11 11 11 11 11 11 11 11
11 11 11 11 11 11 11 11 11 11 11
11 11 11 11 11 11 11 11 11 11 11

HV
11 11 11 11 11 11 11 11 11 11 11
11 11 11 11 11 11 11 11 11 11 11
11 11 11 11 11 11 11 11 11 11 11
11 11 11 11 11 11 11 11 11 11 11



----------------- Avg --------------

QI: GD    DIR    DCI    IGD    HV    
11.0 11.0 11.0 11.0 11.0 11.0 11.0 11.0 11.0 11.0 11.0 
11.0 11.0 11.0 11.0 11.0 11.0 11.0 11.0 11.0 11.0 11.0 
11.0 11.0 11.0 11.0 11.0 11.0 11.0 11.0 11.0 11.0 11.0 
11.0 11.0 11.0 11.0 11.0 11.0 11.0 11.0 11.0 11.0 11.0 
11.0 11.0 11.0 11.0 11.0 11.0 11.0 11.0 11.0 11.0 11.0 


----------------- Med ---------------

QI: GD    DIR    DCI    IGD    HV    
11.0 11.0 11.0 11.0 11.0 11.0 11.0 11.0 11.0 11.0 11.0 
11.0 11.0 11.0 11.0 11.0 11.0 11.0 11.0 11.0 11.0 11.0 
11.0 11.0 11.0 11.0 11.0 11.0 11.0 11.0 11.0 11.0 11.0 
11.0 11.0 11.0 11.0 11.0 11.0 11.0 11.0 11.0 11.0 11.0 
11.0 11.0 11.0 11.0 11.0 11.0 11.0 11.0 11.0 11.0 11.0 

