----------------- All ---------------

GD
11 10 10 10 10 10 10 10 10 10 10
11 9 10 9 9 9 9 1 9 9 9
11 10 10 10 10 10 10 10 10 10 10
10 7 7 7 11 7 7 7 9 9 1
11 10 10 10 10 10 10 10 10 10 10
11 10 10 10 10 10 10 10 10 1 10
11 8 10 9 8 8 8 8 8 8 8
11 8 8 9 8 8 8 8 10 8 8
11 10 10 10 10 10 10 10 10 10 10
11 8 8 8 10 8 8 8 10 8 8
11 10 10 10 10 10 10 10 10 10 10
11 9 1 9 9 9 9 9 10 9 9
11 10 10 10 10 10 10 10 10 10 10
11 10 10 10 10 10 10 10 10 10 10
11 7 9 7 7 7 7 7 10 7 8
11 9 9 9 10 9 9 9 9 9 9
11 10 10 10 10 10 10 10 10 10 10
11 10 10 10 10 10 10 10 10 10 10
11 7 7 10 7 7 7 7 7 9 8
1 11 11 11 11 11 11 11 11 11 11
1 11 11 11 11 11 11 11 11 11 11
11 10 10 10 10 10 10 10 10 10 10
11 9 9 10 9 9 9 9 9 9 9
11 9 9 9 9 9 9 9 10 9 9
11 8 8 8 9 8 10 8 8 8 1
1 11 11 11 11 11 11 11 11 11 11
11 9 9 9 9 10 9 9 9 9 9
11 9 9 9 9 9 9 9 10 9 9
11 8 8 10 10 8 8 8 8 8 8
11 10 10 10 10 10 10 10 10 10 10
11 10 10 10 10 10 10 10 10 10 10
11 9 9 9 9 9 9 10 9 9 9
11 10 10 10 10 10 10 10 10 10 10
11 9 10 9 9 9 9 9 9 9 9
11 10 10 10 10 10 10 10 10 10 10
11 9 9 9 9 10 9 9 9 9 9
11 10 10 10 2 2 10 10 10 10 10
11 9 2 1 9 9 9 9 10 9 3
11 10 10 10 10 10 10 10 10 10 10
11 8 8 9 8 8 10 8 8 8 8

DIR
11 10 10 10 10 10 10 10 10 10 10
11 10 10 10 10 10 10 10 10 10 10
11 10 10 10 10 10 10 10 10 10 10
11 9 9 9 10 9 9 9 9 9 9
11 10 10 10 10 10 10 10 10 10 10
1 11 11 11 11 11 11 11 11 11 11
11 10 10 10 10 10 10 10 10 10 10
11 8 8 9 8 8 8 8 10 8 8
11 10 10 10 10 10 10 10 10 10 10
11 10 10 10 10 10 10 10 10 10 10
1 11 11 11 11 11 11 11 11 11 11
10 8 11 8 8 8 8 8 9 8 8
11 10 10 10 10 10 10 10 10 10 10
11 10 10 10 10 10 10 10 10 10 10
11 8 9 8 8 8 8 8 10 8 8
11 9 9 9 10 9 9 9 9 9 9
11 10 10 10 10 10 10 10 10 10 10
11 10 10 10 10 10 10 10 10 10 10
11 8 8 10 8 8 8 8 8 8 9
1 11 11 11 11 11 11 11 11 11 11
11 10 10 10 10 10 10 10 10 10 10
11 10 10 10 10 10 10 10 10 10 10
11 10 10 10 10 10 10 10 10 10 10
11 10 10 10 10 10 10 10 10 10 10
11 9 9 9 9 9 10 9 9 9 9
1 11 11 11 11 11 11 11 11 11 11
11 10 10 10 10 10 10 10 10 10 10
11 9 9 9 9 9 9 9 10 9 9
11 10 10 10 10 10 10 10 10 10 10
11 10 10 10 10 10 10 10 10 10 10
11 10 10 10 10 10 10 10 10 10 10
11 10 10 10 10 10 10 10 10 10 10
1 11 11 11 11 11 11 11 11 11 11
11 10 10 10 10 10 10 10 10 10 10
11 10 10 10 10 10 10 10 10 10 10
11 9 9 9 9 10 9 9 9 9 9
1 11 11 11 11 11 11 11 11 11 11
11 9 10 9 9 9 9 9 9 9 9
11 10 10 10 10 10 10 10 10 10 10
11 9 9 10 9 9 9 9 9 9 9

DCI
11 10 10 10 10 10 10 10 10 10 10
11 10 10 10 10 10 10 10 10 10 10
11 10 10 10 10 10 10 10 10 10 10
11 10 10 10 10 10 10 10 10 10 10
11 10 10 10 10 10 10 10 10 10 10
11 11 11 11 11 11 11 11 11 11 11
10 10 10 11 10 10 10 10 10 10 10
11 9 9 9 9 9 9 9 10 9 9
11 10 10 10 10 10 10 10 10 10 10
11 10 10 10 10 10 10 10 10 10 10
11 10 10 10 10 10 10 10 10 10 10
11 9 10 9 9 9 9 9 9 9 9
11 10 10 10 10 10 10 10 10 10 10
11 10 10 10 10 10 10 10 10 10 10
11 9 10 9 9 9 9 9 9 9 9
11 10 10 10 10 10 10 10 10 10 10
11 10 10 10 10 10 10 10 10 10 10
11 10 10 10 10 10 10 10 10 10 10
11 11 11 11 11 11 11 11 11 11 11
1 11 11 11 11 11 11 11 11 11 11
11 10 10 10 10 10 10 10 10 10 10
11 10 10 10 10 10 10 10 10 10 10
11 9 9 10 9 9 9 9 9 9 9
11 10 10 10 10 10 10 10 10 10 10
11 10 10 10 10 10 10 10 10 10 10
1 11 11 11 11 11 11 11 11 11 11
11 10 10 10 10 10 10 10 10 10 10
11 10 10 10 10 10 10 10 10 10 10
11 8 8 11 11 8 8 8 8 8 8
11 10 10 10 10 10 10 10 10 10 10
11 10 10 10 10 10 10 10 10 10 10
11 10 10 10 10 10 10 10 10 10 10
11 11 11 11 11 11 11 11 11 11 11
11 9 10 9 9 9 9 9 9 9 9
11 10 10 10 10 10 10 10 10 10 10
11 10 10 10 10 10 10 10 10 10 10
11 10 10 10 10 10 10 10 10 10 10
11 10 10 10 10 10 10 10 10 10 10
11 10 10 10 10 10 10 10 10 10 10
11 10 10 10 10 10 10 10 10 10 10

IGD
11 10 10 10 10 10 10 10 10 10 10
11 10 10 10 10 10 10 10 10 10 10
11 10 10 10 10 10 10 10 10 10 10
11 6 6 6 10 6 6 6 9 9 7
11 10 10 10 10 10 10 10 10 10 10
1 10 10 10 10 10 10 10 10 11 10
11 8 9 10 8 8 8 8 8 8 8
11 8 8 9 8 8 8 8 10 8 8
11 10 10 10 10 10 10 10 10 10 10
11 10 10 10 10 10 10 10 10 10 10
11 10 10 10 10 10 10 10 10 10 10
11 8 9 8 8 8 8 8 10 8 8
11 10 10 10 10 10 10 10 10 10 10
11 10 10 10 10 10 10 10 10 10 10
11 8 9 8 8 8 8 8 10 8 8
11 9 9 9 10 9 9 9 9 9 9
1 11 11 11 11 11 11 11 11 11 11
11 10 10 10 10 10 10 10 10 10 10
11 7 7 10 7 7 7 7 7 9 8
1 11 11 11 11 11 11 11 11 11 11
11 10 10 10 10 10 10 10 10 10 10
11 10 10 10 10 10 10 10 10 10 10
11 10 10 1 10 10 10 10 10 10 10
11 9 9 9 9 9 9 9 10 9 9
11 9 9 9 9 9 10 9 9 9 9
1 11 11 11 11 11 11 11 11 11 11
11 9 9 9 9 10 9 9 9 9 9
11 9 9 9 9 9 9 9 10 9 9
11 10 10 10 10 10 10 10 10 10 10
11 10 10 10 10 10 10 10 10 10 10
11 10 10 10 10 10 10 10 10 10 10
11 9 9 9 9 9 9 10 9 9 9
1 11 11 11 11 11 11 11 11 11 11
11 9 10 9 9 9 9 9 9 9 9
11 10 10 10 10 10 10 10 10 10 10
11 9 9 9 9 10 9 9 9 9 9
11 8 8 8 10 10 8 8 8 8 8
11 8 10 9 8 8 8 8 8 8 8
11 10 10 10 10 10 10 10 10 10 10
11 9 9 10 9 9 9 9 9 9 9

HV
11 10 10 10 10 10 10 10 10 10 10
11 8 10 8 8 8 8 10 8 8 8
11 10 10 10 10 10 10 10 10 10 10
11 6 6 6 10 6 6 6 9 9 7
11 10 10 10 10 10 10 10 10 10 10
11 10 10 10 10 10 10 10 10 10 10
11 8 9 10 8 8 8 8 8 8 8
11 8 8 9 8 8 8 8 10 8 8
1 11 11 11 11 11 11 11 11 11 11
11 8 8 8 10 8 8 8 10 8 8
11 10 10 10 10 10 10 10 10 10 10
11 9 9 9 9 9 9 9 10 9 9
11 10 10 10 10 10 10 10 10 10 10
11 10 10 10 10 10 10 10 10 10 10
11 9 9 9 9 9 9 9 10 9 9
11 9 9 9 10 9 9 9 9 9 9
11 10 10 10 10 10 10 10 10 10 10
11 10 10 10 10 10 10 10 10 10 10
11 8 8 10 8 8 8 8 8 9 8
1 11 11 11 11 11 11 11 11 11 11
11 10 10 10 10 10 10 10 10 10 10
11 10 10 10 10 10 10 10 10 10 10
10 9 9 11 9 9 9 9 9 9 9
11 9 9 9 9 9 9 9 10 9 9
11 8 8 8 10 8 10 8 8 8 8
1 11 11 11 11 11 11 11 11 11 11
11 9 9 9 9 10 9 9 9 9 9
11 9 9 9 9 9 9 9 10 9 9
11 8 8 10 10 8 8 8 8 8 8
11 10 10 10 10 10 10 10 10 10 10
11 10 10 10 10 10 10 10 10 10 10
11 9 9 9 9 9 9 10 9 9 9
11 10 10 10 10 10 10 10 10 10 10
11 9 10 9 9 9 9 9 9 9 9
11 10 10 10 10 10 10 10 10 10 10
11 9 9 9 9 10 9 9 9 9 9
11 8 8 8 10 10 8 8 8 8 8
11 7 10 9 7 7 7 7 7 7 8
11 10 10 10 10 10 10 10 10 10 10
11 9 9 9 9 9 10 9 9 9 9



----------------- Avg --------------

QI: GD    DIR    DCI    IGD    HV    
10.225 9.275 9.05 9.3 9.325 9.125 9.375 9.1 9.6 9.15 8.85 
9.475 9.775 9.9 9.875 9.825 9.8 9.8 9.775 9.925 9.775 9.8 
10.475 9.95 10.025 10.075 10.025 9.95 9.95 9.95 9.975 9.95 9.95 
9.75 9.4 9.55 9.375 9.575 9.5 9.425 9.425 9.675 9.55 9.45 
10.225 9.225 9.4 9.5 9.55 9.325 9.3 9.3 9.5 9.325 9.275 


----------------- Med ---------------

QI: GD    DIR    DCI    IGD    HV    
11.0 9.5 10.0 10.0 10.0 10.0 10.0 10.0 10.0 9.0 9.5 
11.0 10.0 10.0 10.0 10.0 10.0 10.0 10.0 10.0 10.0 10.0 
11.0 10.0 10.0 10.0 10.0 10.0 10.0 10.0 10.0 10.0 10.0 
11.0 10.0 10.0 10.0 10.0 10.0 10.0 10.0 10.0 10.0 10.0 
11.0 9.0 10.0 10.0 10.0 10.0 10.0 10.0 10.0 9.0 9.0 

