18092.0 81528.0
18545.0 81489.0
18596.0 81345.0
18615.0 81029.0
19912.0 81005.0
20387.0 80920.0
21342.0 80128.0
21708.0 79950.0
24516.0 79947.0
24592.0 79832.0
24820.0 79781.0
25513.0 79623.0
27894.0 79622.0
28763.0 79309.0
32013.0 79237.0
32934.0 79131.0
36108.0 79084.0
36184.0 78889.0
39358.0 78886.0
39434.0 78771.0
40355.0 78665.0
43605.0 78594.0
46855.0 78583.0

16136.0 100403.0
16290.0 98992.0
16515.0 96353.0
16990.0 88904.0
17516.0 85168.0
17745.0 84801.0
18092.0 82482.0
18545.0 82112.0
18596.0 80926.0
21342.0 80897.0
21638.0 80566.0
24731.0 80458.0
24801.0 80417.0
25513.0 79924.0
28763.0 79763.0
32013.0 79646.0
32934.0 79526.0
36184.0 79170.0
40355.0 78978.0
53203.0 78741.0
56453.0 78272.0
57374.0 78133.0
60624.0 78014.0
60700.0 77946.0
63874.0 77944.0

18122.0 101764.0
20066.0 101620.0
20438.0 97789.0
20690.0 97462.0
21708.0 94876.0
22263.0 93654.0
23416.0 91460.0
27043.0 90538.0

18122.0 101764.0
18596.0 97950.0
20155.0 96305.0
20955.0 93458.0
21021.0 92750.0
21108.0 91344.0
23316.0 90257.0
25513.0 90039.0
30737.0 89818.0
31437.0 89041.0
35608.0 88824.0

18016.0 83420.0
18092.0 81707.0
18545.0 81626.0
18596.0 81425.0
18615.0 80892.0
19912.0 80868.0
20387.0 80844.0
21266.0 80834.0
21342.0 80128.0
21708.0 79950.0
24516.0 79947.0
24592.0 79855.0
24820.0 79804.0
27766.0 79777.0
27842.0 79742.0
28763.0 79282.0
31937.0 79261.0
32013.0 79169.0
35187.0 79166.0
35263.0 79107.0
36184.0 78789.0
39358.0 78769.0
39434.0 78713.0
43605.0 78480.0
46855.0 78444.0

17095.0 90829.0
17171.0 84168.0
17492.0 83886.0
17516.0 82282.0
18092.0 81809.0
18526.0 81640.0
18596.0 81259.0
19247.0 81213.0
19912.0 81189.0
19946.0 81139.0
20345.0 81138.0
20838.0 81112.0
21342.0 80668.0
21708.0 80657.0
24592.0 80378.0
25513.0 80007.0
27842.0 79952.0
28763.0 79848.0
32934.0 79418.0
36184.0 79189.0

17095.0 90829.0
17171.0 84168.0
17492.0 83886.0
17516.0 82282.0
18092.0 81809.0
18526.0 81640.0
18596.0 81259.0
19247.0 81213.0
19912.0 81189.0
19946.0 81139.0
20345.0 81138.0
20838.0 81112.0
21342.0 80668.0
21708.0 80657.0
24592.0 80378.0
25513.0 80007.0
27842.0 79952.0
28763.0 79848.0
32934.0 79418.0
36184.0 79189.0

17095.0 90829.0
17171.0 84168.0
17492.0 83886.0
17516.0 82282.0
18092.0 81809.0
18526.0 81640.0
18596.0 81259.0
19247.0 81213.0
19912.0 81189.0
19946.0 81139.0
20345.0 81138.0
20838.0 81112.0
21342.0 80668.0
21708.0 80657.0
24592.0 80378.0
25513.0 80007.0
27842.0 79952.0
28763.0 79848.0
32934.0 79418.0
36184.0 79189.0

17095.0 90829.0
17171.0 84168.0
17492.0 83886.0
17516.0 82282.0
18092.0 81809.0
18526.0 81640.0
18596.0 81259.0
19247.0 81213.0
19912.0 81189.0
19946.0 81139.0
20345.0 81138.0
20838.0 81112.0
21342.0 80668.0
21708.0 80657.0
24592.0 80378.0
25513.0 80007.0
27842.0 79952.0
28763.0 79848.0
32934.0 79418.0
36184.0 79189.0

17095.0 90829.0
17171.0 84168.0
17492.0 83886.0
17516.0 82282.0
18092.0 81809.0
18526.0 81640.0
18596.0 81259.0
19247.0 81213.0
19912.0 81189.0
19946.0 81139.0
20345.0 81138.0
20838.0 81112.0
21342.0 80668.0
21708.0 80657.0
24592.0 80378.0
25513.0 80007.0
27842.0 79952.0
28763.0 79848.0
32013.0 79684.0
32934.0 79418.0
36184.0 79189.0

17095.0 90829.0
17171.0 84168.0
17492.0 83886.0
17516.0 82282.0
18092.0 81809.0
18526.0 81640.0
18596.0 81259.0
19247.0 81213.0
19912.0 81189.0
19946.0 81139.0
20345.0 81138.0
20838.0 81112.0
21342.0 80668.0
21708.0 80657.0
24592.0 80378.0
25513.0 80007.0
27842.0 79952.0
28763.0 79796.0
32013.0 79670.0
32934.0 79418.0
36184.0 79189.0

17095.0 90829.0
17171.0 84168.0
17492.0 83886.0
17516.0 82282.0
18092.0 81809.0
18526.0 81640.0
18596.0 81259.0
19247.0 81213.0
19912.0 81189.0
19946.0 81139.0
20345.0 81138.0
20838.0 81112.0
21342.0 80668.0
21708.0 80657.0
24592.0 80378.0
25513.0 80007.0
27842.0 79952.0
28763.0 79848.0
32934.0 79418.0
36184.0 79189.0

17095.0 90829.0
17171.0 84168.0
17492.0 83886.0
17516.0 82282.0
18092.0 81809.0
18526.0 81640.0
18596.0 81259.0
19247.0 81213.0
19912.0 81189.0
19946.0 81139.0
20345.0 81138.0
20838.0 81112.0
21342.0 80668.0
21708.0 80657.0
24592.0 80378.0
25513.0 80007.0
27842.0 79952.0
28763.0 79848.0
32934.0 79418.0
36184.0 79189.0

17095.0 90829.0
17171.0 84168.0
17492.0 83886.0
17516.0 82282.0
18092.0 81809.0
18526.0 81640.0
18596.0 81217.0
19247.0 81213.0
19912.0 81153.0
19946.0 81139.0
20345.0 81138.0
20838.0 81112.0
21342.0 80668.0
21708.0 80657.0
24592.0 80378.0
25513.0 80007.0
27842.0 79952.0
28763.0 79796.0
32013.0 79721.0
32934.0 79418.0
36184.0 79189.0

17095.0 90829.0
17171.0 84168.0
17492.0 83886.0
17516.0 82282.0
18092.0 81809.0
18526.0 81640.0
18596.0 81259.0
19247.0 81213.0
19912.0 81189.0
19946.0 81139.0
20345.0 81138.0
20838.0 81112.0
21342.0 80668.0
21708.0 80657.0
24592.0 80378.0
25513.0 80007.0
27842.0 79952.0
28763.0 79796.0
32013.0 79670.0
32934.0 79418.0
36184.0 79189.0


