1 2 12 12 12 12 12 12 12 12 12 12
1 12 11 11 11 11 11 11 11 11 11 11
1 2 4 12 4 6 6 12 12 12 12 12
1 2 5 10 12 10 10 5 10 5 10 11
1 12 12 12 12 12 12 12 12 12 12 12
1 2 12 12 12 12 12 12 12 12 12 12
1 2 6 6 12 6 12 12 12 12 12 6
1 10 10 10 10 10 10 10 12 10 12 10
1 2 12 12 12 12 12 12 12 12 12 12
1 2 10 10 10 10 10 10 10 12 12 10
1 12 12 12 12 12 12 12 12 12 12 12
1 10 3 10 10 3 12 10 10 10 12 10
1 12 12 12 12 12 12 12 12 12 12 12
1 2 12 12 12 12 12 12 12 12 12 12
1 2 12 12 12 12 12 12 12 12 12 12
1 8 2 4 12 4 12 8 12 8 9 8
1 2 12 12 12 12 12 12 12 12 12 12
1 10 10 10 10 10 12 10 10 10 10 11
1 2 6 6 6 8 12 6 12 12 12 8
1 12 12 12 12 12 12 12 12 12 12 12
1 2 12 12 12 12 12 12 12 12 12 12
1 2 12 12 12 12 12 12 12 12 12 12
1 2 12 12 12 12 12 12 12 12 12 12
1 9 9 9 9 9 12 9 10 9 9 11
1 2 11 11 11 11 11 11 11 11 11 12
1 2 11 11 11 11 11 11 11 11 12 11
1 2 11 11 12 11 11 11 11 11 11 11
1 8 8 8 8 8 9 8 12 8 12 12
1 2 3 12 12 12 12 12 12 12 12 12
1 2 12 12 12 12 12 12 12 12 12 12
1 12 12 12 12 12 12 12 12 12 12 12
1 11 11 11 12 11 11 11 11 11 11 11
1 2 12 12 12 12 12 12 12 12 12 12
1 12 12 12 12 12 12 12 12 12 12 12
1 11 11 11 11 11 11 11 11 11 11 12
1 2 4 4 5 12 12 9 9 9 12 9
1 2 3 12 12 12 12 12 12 12 12 12
1 2 4 10 4 10 10 10 11 10 12 10
1 2 12 12 12 12 12 12 12 12 12 12
1 2 5 12 5 5 12 12 12 12 12 12

