11 3 1 5 2 6 8 4 9 7 10
10 3 6 5 1 2 4 9 7 8 11
9 1 3 4 10 7 5 6 8 2 11
10 1 2 5 4 6 3 7 8 9 11
1 6 8 9 7 10 2 5 3 4 11
10 1 2 6 8 5 7 9 3 4 11
10 1 4 7 2 3 5 6 8 9 11
10 1 2 5 8 9 3 4 7 6 11
10 8 7 9 2 1 5 6 5 3 11
11 9 1 8 2 3 5 4 6 7 10
10 4 5 9 8 2 7 7 1 3 11
11 1 3 2 4 7 9 5 6 8 10
10 3 1 2 4 5 6 9 7 8 11
1 2 3 10 4 9 5 8 6 7 11
10 2 3 1 4 7 5 8 6 9 11
10 2 3 5 1 8 4 9 6 7 11
1 2 5 8 4 7 3 9 6 10 11
5 1 2 4 8 7 10 6 9 3 11
11 2 2 7 5 3 4 8 6 9 10
9 1 2 4 6 7 3 8 5 10 11
10 1 9 2 4 3 5 8 6 7 11
10 1 2 4 9 5 3 7 8 6 11
11 1 4 3 5 2 6 10 7 8 9
7 2 4 11 5 6 3 8 1 10 9
10 4 5 1 2 9 6 8 3 7 11
8 1 2 5 3 7 4 10 6 9 11
11 1 2 4 3 9 7 8 6 5 10
10 2 4 8 1 3 5 7 6 9 11
11 1 2 3 8 5 6 10 4 7 9
11 7 8 5 9 2 3 1 4 6 10
11 1 5 3 7 8 4 2 6 9 10
11 6 1 5 4 7 2 9 8 3 10
9 3 1 10 2 7 6 4 5 8 11
10 3 5 2 4 8 6 7 9 1 11
11 5 6 4 7 3 2 9 1 8 10
9 1 2 4 3 6 7 11 8 5 10
9 3 3 5 1 10 8 4 8 6 11
10 4 2 6 5 7 3 1 9 8 11
8 7 1 5 4 9 2 6 3 11 10
1 2 4 3 5 8 6 7 9 10 11