1 2 3 7 5 9 5 11 6 11 9
10 1 2 7 7 8 7 7 7 9 11
11 1 9 3 3 7 5 8 7 4 10
1 2 8 3 5 5 8 11 6 9 11
9 1 3 5 3 5 7 9 7 10 11
1 2 6 6 6 6 8 10 8 10 11
7 2 2 5 3 4 6 9 8 10 11
1 2 9 3 9 9 9 9 9 11 11
6 1 3 10 3 6 10 10 10 11 4
3 1 2 8 5 11 5 8 8 11 9
1 4 4 10 9 5 4 7 7 9 11
4 2 2 7 8 9 3 10 7 7 11
5 1 2 4 7 4 7 10 9 9 11
1 2 3 6 9 5 9 9 11 10 5
10 1 4 2 10 3 5 6 11 7 10
11 1 8 4 2 9 8 10 8 8 4
3 1 3 10 5 5 7 7 8 9 11
1 2 6 7 6 10 6 9 6 9 11
11 1 3 8 5 9 3 7 5 6 10
8 1 8 5 2 8 5 10 5 10 11
11 1 5 3 3 4 10 10 10 10 6
9 2 2 3 8 7 6 6 6 11 10
11 1 5 5 2 9 9 9 9 5 10
6 1 4 7 4 4 5 10 8 11 9
10 1 3 7 5 9 4 9 2 7 11
10 3 3 8 3 8 8 9 8 8 11
10 1 2 8 5 5 5 9 8 6 11
1 2 5 10 10 8 5 8 5 8 11
10 1 2 9 3 9 7 6 6 4 11
7 1 5 2 6 8 5 3 11 9 10
1 3 3 5 5 8 8 11 8 11 11
9 1 7 4 2 4 7 8 7 10 11
9 1 2 8 7 6 6 10 6 6 11
10 1 4 8 8 4 4 8 10 8 11
11 3 3 4 3 5 8 7 9 7 10
11 6 6 9 6 10 6 6 6 9 7
10 1 4 5 4 4 9 9 9 9 11
3 1 3 8 8 9 5 5 8 10 11
11 6 6 6 6 9 6 8 6 8 10
5 1 2 7 4 8 4 9 6 11 10