4 3 2 2 6 5 9 13 10 11 7 14 9 12 15
4 3 2 2 13 5 9 14 9 12 9 12 9 10 15
4 3 2 2 10 5 6 14 11 9 8 12 8 13 15
5 3 2 2 11 4 8 12 6 13 7 14 9 10 15
4 3 2 2 13 5 9 14 7 10 6 12 9 12 15
4 3 2 2 9 6 6 13 11 11 8 14 8 12 15
13 4 2 2 14 4 10 6 9 11 9 12 5 7 15
4 3 2 2 15 7 7 10 7 11 9 14 9 12 13
4 3 2 2 11 5 11 12 9 9 6 14 7 13 15
5 3 2 2 12 4 6 11 8 9 7 13 10 14 15
4 3 2 2 6 5 8 15 10 7 10 13 11 13 15
4 3 2 2 12 5 9 15 9 11 7 13 7 10 14
4 3 2 2 12 5 8 10 6 12 7 14 10 13 15
8 3 2 2 14 4 7 12 10 11 7 13 9 7 15
3 4 2 2 11 5 9 13 8 10 6 14 8 12 15
6 4 3 3 12 3 5 13 9 7 10 14 8 11 15
5 3 2 2 13 5 6 11 7 9 10 14 8 12 15
4 3 2 2 14 5 8 12 9 12 8 13 8 12 15
4 3 2 2 13 5 7 14 9 13 6 13 8 13 15
9 3 2 2 14 4 8 10 8 12 6 13 5 12 15
4 3 2 2 14 6 6 12 9 11 9 14 9 11 15
4 3 2 2 9 5 8 11 6 13 10 13 8 15 14
3 4 3 3 10 5 9 12 7 11 6 14 8 13 15
4 3 2 2 10 5 9 13 9 11 7 14 7 12 15
7 3 2 2 13 4 8 14 9 10 7 11 7 12 15
6 3 2 2 14 4 7 11 10 12 5 13 10 10 15
8 3 2 2 14 7 7 12 7 11 7 13 9 10 15
11 3 2 2 14 5 7 12 8 11 5 13 6 9 15
5 3 2 2 13 4 9 12 9 11 10 15 9 6 14
4 3 2 2 14 5 8 13 7 11 7 12 9 11 15
5 3 2 2 15 4 9 12 9 11 9 13 9 10 14
3 4 3 3 13 9 9 14 10 11 9 12 9 9 15
7 3 2 2 10 4 8 13 9 12 6 15 5 12 14
4 3 2 2 15 5 7 11 9 10 7 13 9 12 14
4 3 2 2 14 5 11 13 6 11 11 12 11 7 15
4 3 2 2 10 5 6 11 7 13 9 14 9 12 15
8 3 2 2 9 4 8 12 10 11 8 14 8 13 15
4 4 2 2 15 6 9 14 11 9 6 12 7 11 13
4 3 2 2 14 8 8 12 10 13 8 11 8 10 15
5 3 2 2 15 5 7 12 6 11 8 11 9 13 14

