4 3 1 2 5 15 15 15 15 15 15 15 15 15 15
14 3 1 2 15 14 14 14 14 14 14 14 14 14 14
4 3 1 2 5 8 15 8 9 8 15 15 15 15 15
4 3 1 2 5 12 12 15 12 12 12 12 12 13 14
4 3 1 2 15 15 15 15 15 15 15 15 15 15 15
5 3 2 2 4 15 15 15 15 15 15 15 15 15 15
5 3 2 2 5 11 11 11 11 15 15 15 15 11 11
4 3 1 2 14 14 14 14 14 14 14 14 14 15 14
4 3 2 2 5 15 15 15 15 15 15 15 15 15 15
4 3 1 2 5 13 13 13 13 13 13 13 15 15 13
4 3 1 2 15 15 15 15 15 15 15 15 15 15 15
4 3 2 2 13 7 7 13 7 15 13 13 13 15 13
4 3 1 2 15 15 15 15 15 15 15 15 15 15 15
15 3 1 2 4 15 15 15 15 15 15 15 15 15 15
4 3 1 2 5 15 15 15 15 15 15 15 15 15 15
4 3 1 2 11 5 7 15 7 15 11 15 11 12 11
4 2 1 3 5 15 15 15 15 15 15 15 15 15 15
4 3 1 2 14 14 14 14 14 15 14 14 14 14 14
5 3 1 2 5 10 10 10 11 15 10 10 15 15 15
4 3 1 2 15 15 15 15 15 15 15 15 15 15 15
5 3 1 2 5 15 15 15 15 15 15 15 15 15 15
5 3 2 2 4 15 15 15 15 15 15 15 15 15 15
4 3 1 2 5 15 15 15 15 15 15 15 15 15 15
14 3 2 2 14 14 14 15 14 14 14 14 14 14 14
4 3 1 2 5 15 15 15 15 15 15 15 15 15 15
15 3 1 2 4 15 15 15 15 15 15 15 15 15 15
4 3 2 2 5 15 15 15 15 15 15 15 15 15 15
4 3 1 2 13 13 13 13 13 14 13 13 13 13 15
5 2 1 3 4 8 15 15 8 8 15 15 15 15 15
4 3 1 2 5 15 15 15 15 15 15 15 15 15 15
4 3 1 2 15 15 15 15 15 15 15 15 15 15 15
4 3 1 2 15 15 15 15 15 15 15 15 15 15 15
4 3 2 2 5 15 15 15 15 15 15 15 15 15 15
4 3 1 2 15 15 15 15 15 15 15 15 15 15 15
4 2 1 3 15 15 15 15 15 15 15 15 15 15 15
4 3 1 2 5 8 8 8 15 15 12 12 12 15 12
7 3 1 2 4 6 15 15 6 15 15 15 15 15 15
4 3 1 2 5 7 14 7 14 14 14 14 14 15 14
4 3 1 2 5 15 15 15 15 15 15 15 15 15 15
5 3 2 2 4 8 15 8 8 15 15 15 15 15 15

