3 2 1 4 5 11 11 11 13 11 11 11 13 14
2 3 1 11 8 8 13 8 9 8 13 8 10 14
3 2 1 4 5 10 13 13 10 10 11 10 10 14
2 3 1 4 5 6 12 12 12 8 13 12 7 14
2 3 1 12 6 11 10 9 9 6 14 6 9 14
3 2 1 7 4 7 13 10 11 9 13 7 9 14
4 2 1 3 5 11 9 9 13 9 13 6 11 14
2 3 1 14 4 8 11 8 9 8 12 8 11 13
3 2 1 10 7 8 13 7 12 7 12 7 10 14
3 2 1 4 5 9 11 9 12 6 11 9 14 14
3 3 1 4 5 12 13 12 6 12 12 12 12 14
2 3 1 4 5 9 14 9 12 9 14 9 11 11
2 3 1 5 4 9 12 9 12 9 10 9 14 13
2 7 1 13 5 5 11 11 7 8 12 11 5 14
3 2 1 4 5 11 11 11 11 14 13 11 11 13
2 3 1 6 4 6 13 7 8 10 13 10 11 14
2 3 1 8 4 9 12 7 10 7 12 7 13 14
2 3 1 9 4 7 10 9 12 7 11 7 13 14
3 4 1 2 9 9 13 9 13 9 13 9 13 14
2 3 1 5 5 9 12 9 12 9 12 9 14 14
2 3 1 6 4 7 13 12 6 9 12 9 12 14
3 2 1 4 10 10 14 10 12 10 12 10 13 10
3 2 1 4 8 8 9 8 11 8 13 11 13 14
3 4 1 3 5 11 7 11 7 11 13 11 13 14
2 3 1 9 8 8 12 8 11 8 13 8 10 14
4 12 1 14 2 8 8 8 11 4 10 8 10 13
3 3 1 13 4 8 10 5 12 8 10 8 11 14
3 2 1 13 8 8 10 8 11 8 12 8 10 14
3 2 1 5 4 10 10 6 13 8 12 8 11 14
3 3 1 9 4 9 12 9 12 9 13 9 12 14
3 2 1 9 4 9 12 9 12 9 14 9 12 13
3 2 1 13 11 11 11 11 11 11 12 11 11 14
2 3 1 4 5 6 12 12 12 12 14 12 12 13
2 3 1 13 4 6 11 8 11 6 12 8 11 14
3 2 1 14 5 12 12 12 12 12 6 12 5 13
2 3 1 4 5 9 14 6 10 9 12 9 12 14
3 2 1 4 11 11 14 11 11 11 14 11 11 14
2 4 1 14 4 12 11 7 9 7 11 7 9 14
3 2 1 14 9 9 10 9 9 12 12 9 9 13
2 3 1 7 4 7 13 7 10 9 12 9 12 14

