5 3 1 2 4 9 6 11 7 13 10 12 8 14 15
5 3 2 1 4 8 10 7 11 6 10 14 12 13 15
13 3 1 2 14 4 5 12 8 9 7 11 7 10 15
5 3 1 2 4 7 8 12 9 13 6 14 10 11 15
4 3 2 1 11 5 14 10 7 9 6 8 13 12 15
10 9 2 2 3 11 12 8 6 14 5 7 13 4 15
11 5 1 2 10 6 14 3 9 4 13 12 7 8 15
2 4 1 3 13 6 10 11 7 12 9 14 9 5 15
3 10 2 1 13 5 9 11 7 8 6 14 4 12 15
3 4 2 1 5 7 6 12 9 10 11 13 8 14 15
3 4 1 2 5 13 6 11 9 12 8 10 7 14 15
4 3 1 2 5 6 11 15 11 14 9 7 9 12 13
12 10 2 1 11 8 4 6 3 9 13 7 5 14 15
3 5 2 1 9 6 10 14 12 4 7 13 11 8 15
4 3 1 2 5 6 14 11 8 9 13 10 8 12 15
6 3 2 1 14 4 10 13 11 8 12 7 9 5 15
5 6 2 1 13 3 8 11 4 10 9 12 7 14 15
3 4 2 1 14 5 7 13 8 10 6 12 9 11 15
4 3 1 2 5 6 7 10 15 8 14 11 13 9 12
15 12 2 1 13 7 5 8 5 10 6 9 3 11 14
9 8 1 2 3 6 4 14 13 7 11 12 11 5 15
3 4 2 2 5 8 12 6 9 15 11 10 13 7 14
8 3 2 1 12 4 7 9 6 11 5 10 13 14 15
3 7 1 2 8 6 9 5 11 4 10 13 12 14 15
3 2 1 4 5 9 11 6 8 13 12 7 10 14 15
10 2 1 7 14 8 4 9 6 13 3 12 6 11 15
4 3 2 2 9 8 5 13 6 7 12 14 11 10 15
13 3 2 1 14 6 8 11 10 4 7 12 9 5 15
7 1 2 3 14 5 6 4 13 11 10 12 10 8 15
3 4 2 1 14 5 8 12 9 11 7 13 6 10 15
3 4 1 2 14 5 8 10 9 11 6 13 7 12 15
13 3 1 2 14 4 11 12 5 9 11 7 6 8 15
5 3 1 2 4 6 9 15 12 13 11 10 8 14 7
3 4 2 1 8 5 7 11 9 14 6 13 10 12 15
3 8 1 2 14 4 11 13 5 9 10 7 12 6 15
4 3 2 1 5 9 11 10 13 6 12 7 14 8 15
5 3 1 2 4 7 8 14 11 12 10 15 10 13 6
3 4 1 2 5 8 14 7 15 10 11 6 12 13 9
4 3 1 2 5 6 9 12 7 11 13 14 9 10 15
12 3 1 2 14 4 8 11 5 10 9 13 6 7 15

