5 3 1 2 4 10 11 6 8 14 12 7 9 13 15
5 3 2 1 4 10 10 7 12 6 11 8 13 14 15
13 3 1 2 14 4 6 8 5 10 7 11 9 12 15
5 3 1 2 4 8 6 9 11 10 7 14 13 12 15
4 3 2 1 15 7 7 5 8 12 9 13 10 14 11
9 6 2 2 3 11 12 5 10 4 13 7 14 8 15
11 3 1 2 10 5 12 4 9 7 13 14 6 8 15
2 4 1 3 15 6 8 11 8 12 10 13 10 5 14
3 12 2 1 15 6 8 11 4 10 8 9 5 13 14
3 4 2 1 5 8 12 7 13 6 14 10 9 11 15
4 3 1 2 5 14 6 12 13 11 8 10 8 9 15
4 3 1 2 5 6 8 11 12 13 10 7 10 14 15
11 7 2 1 12 6 3 10 4 9 13 8 5 14 15
3 4 2 1 10 5 6 12 13 8 7 11 14 9 15
4 3 1 2 5 6 10 7 8 11 14 12 9 13 15
7 3 2 1 14 5 6 4 11 8 10 13 9 12 15
9 8 2 1 14 4 5 7 6 3 12 13 11 10 15
3 4 2 1 13 7 8 6 10 11 9 5 12 14 15
4 3 1 2 5 7 9 6 8 10 13 14 12 15 11
15 3 2 1 14 8 5 12 5 13 7 10 7 9 11
10 4 1 2 3 6 5 8 7 9 13 12 11 14 15
4 3 2 2 5 7 7 8 9 10 13 12 14 11 15
11 3 1 2 14 5 6 9 5 10 8 12 8 13 15
3 6 1 2 10 8 9 7 4 5 12 11 13 14 15
4 2 1 3 5 11 8 7 12 10 14 9 14 15 6
12 2 1 7 14 9 8 10 4 13 3 6 5 11 15
5 3 2 2 11 7 10 8 9 6 14 15 13 12 4
14 3 2 1 15 6 7 4 9 10 8 12 11 5 13
5 1 2 3 14 4 12 6 13 15 11 8 11 9 7
3 4 2 1 14 6 6 10 9 11 8 12 7 13 15
3 4 1 2 14 5 10 6 7 11 8 13 9 12 15
13 3 1 2 14 6 6 7 9 4 12 10 8 11 15
5 3 1 2 4 6 7 11 8 9 12 13 14 15 10
3 4 2 1 12 8 6 11 11 5 9 13 14 7 15
3 6 1 2 15 4 10 8 9 7 11 13 12 5 14
4 3 2 1 5 7 8 13 9 15 10 14 11 12 6
5 3 1 2 4 6 7 11 8 12 10 13 10 14 15
4 3 1 2 5 9 8 7 14 12 11 10 13 15 6
4 3 1 2 5 8 8 13 9 12 8 10 14 11 15
13 3 1 2 14 4 7 6 5 12 8 10 9 11 15

