

----------------- Avg --------------

QI: GD    DIR    DCI    IGD    HV    
11.8 1.975 1.625 3.5 8.1 11.85 10.175 9.075 10.6 8.525 10.625 8.525 10.55 9.225 4.1 
5.1 2.925 1.225 2.075 8.0 11.65 13.25 14.45 13.75 14.125 13.325 14.6 13.65 14.2 14.325 
5.15 3.15 2.075 2.075 12.25 5.025 7.9 12.25 8.5 10.85 7.675 13.1 8.275 11.2 14.725 
5.95 4.375 1.475 1.85 9.0 6.375 8.65 10.325 8.7 9.825 9.175 10.925 9.175 10.35 14.25 
5.275 2.925 1.05 2.075 8.375 6.25 9.575 12.65 9.875 11.875 9.775 13.1 9.95 11.675 14.575 


----------------- Med --------------

QI: GD    DIR    DCI    IGD    HV    
14.0 2.0 2.0 3.0 6.0 13.0 11.0 8.5 10.5 9.0 11.0 8.0 10.0 9.0 4.0 
4.0 3.0 1.0 2.0 5.0 14.0 14.0 15.0 14.0 15.0 14.0 15.0 14.0 15.0 15.0 
4.0 3.0 2.0 2.0 13.0 5.0 8.0 12.0 9.0 11.0 7.0 13.0 8.5 12.0 15.0 
4.0 3.0 1.0 2.0 9.0 6.0 8.0 11.0 9.0 10.0 10.0 12.0 9.0 11.0 15.0 
4.0 3.0 1.0 2.0 6.5 6.0 9.0 13.0 10.0 12.0 10.0 14.0 10.0 12.0 15.0 

