----------------- All ---------------

GD
5 3 1 2 4 15 15 15 15 15 15 15 15 15 15
5 3 1 2 4 15 15 15 15 15 15 15 15 15 15
4 3 1 2 15 14 14 14 14 14 14 14 14 14 14
4 3 1 2 5 15 15 15 15 15 15 15 15 15 15
5 3 1 2 4 15 15 15 15 15 15 15 15 15 15
4 3 1 2 5 12 12 12 12 14 12 12 12 14 15
5 3 1 2 4 15 15 15 15 15 15 15 15 15 15
4 3 1 2 15 12 12 14 12 12 12 12 12 14 12
14 3 1 2 15 13 13 13 13 13 13 13 13 13 13
4 3 1 2 5 15 15 15 15 15 15 15 15 15 15
15 3 1 2 4 14 14 14 14 14 14 14 14 14 14
4 3 1 2 5 15 15 15 15 15 15 15 15 15 15
5 3 1 2 4 15 15 15 15 15 15 15 15 15 15
15 3 2 1 4 14 14 14 14 14 14 14 14 14 14
15 3 1 2 14 13 13 13 13 13 13 13 13 13 13
4 3 1 2 5 15 15 15 15 15 15 15 15 15 15
4 3 2 2 5 15 15 15 15 15 15 15 15 15 15
5 3 1 2 4 15 15 15 15 15 15 15 15 15 15
4 3 1 2 5 15 15 15 15 15 15 15 15 15 15
5 3 1 2 4 15 15 15 15 15 15 15 15 15 15
4 3 1 2 15 14 14 14 14 14 14 14 14 14 14
4 3 1 2 5 15 15 15 15 15 15 15 15 15 15
15 3 1 2 14 13 13 13 13 13 13 13 13 13 13
4 3 1 2 5 15 15 15 15 15 15 15 15 15 15
15 3 2 2 4 14 14 14 14 14 14 14 14 14 14
4 3 1 2 5 15 15 15 15 15 15 15 15 15 15
4 3 1 2 5 15 15 15 15 15 15 15 15 15 15
4 3 1 2 15 13 13 13 13 13 13 13 13 13 14
15 3 2 1 14 13 13 13 13 13 13 13 13 13 13
14 3 1 2 15 9 9 9 9 9 13 13 13 13 9
4 3 1 2 5 15 15 15 15 15 15 15 15 15 15
6 3 1 2 5 14 14 14 14 14 14 15 14 14 4
4 3 1 2 15 14 14 14 14 14 14 14 14 14 14
4 3 1 2 5 15 15 15 15 15 15 15 15 15 15
4 3 1 2 5 15 15 15 15 15 15 15 15 15 15
5 3 2 1 4 15 15 15 15 15 15 15 15 15 15
4 3 1 2 5 15 15 15 15 6 8 15 15 9 8
5 3 1 2 4 15 15 15 15 15 15 15 15 15 15
4 3 1 2 5 15 15 15 15 15 15 15 15 15 15
5 3 2 1 6 15 15 15 15 15 15 15 15 15 4

DIR
15 3 2 2 14 13 13 13 13 13 13 13 13 13 13
15 3 2 2 14 13 13 13 13 13 13 13 13 13 13
15 3 1 2 14 13 13 13 13 13 13 13 13 13 13
15 3 2 2 14 13 13 13 13 13 13 13 13 13 13
14 3 2 2 15 13 13 13 13 13 13 13 13 13 13
15 3 1 2 14 13 13 13 13 13 13 13 13 13 13
15 3 1 2 14 13 13 13 13 13 13 13 13 13 13
15 3 1 2 4 12 12 14 12 12 12 12 12 14 12
14 3 2 2 15 13 13 13 13 13 13 13 13 13 13
15 3 1 2 14 13 13 13 13 13 13 13 13 13 13
14 3 1 2 15 13 13 13 13 13 13 13 13 13 13
14 3 1 2 15 13 13 13 13 13 13 13 13 13 13
15 3 1 2 14 13 13 13 13 13 13 13 13 13 13
4 3 2 2 15 14 14 14 14 14 14 14 14 14 14
15 3 1 2 14 13 13 13 13 13 13 13 13 13 13
15 3 1 2 14 13 13 13 13 13 13 13 13 13 13
15 3 2 2 15 13 13 13 13 13 13 13 13 13 13
15 3 1 2 4 14 14 14 14 14 14 14 14 14 14
14 3 2 2 15 13 13 13 13 13 13 13 13 13 13
15 3 1 2 4 14 14 14 14 14 14 14 14 14 14
15 4 1 2 3 14 14 14 14 14 14 14 14 14 14
15 3 1 2 4 14 14 14 14 14 14 14 14 14 14
4 3 2 2 15 14 14 14 14 14 14 14 14 14 14
15 3 1 2 4 14 14 14 14 14 14 14 14 14 14
15 3 2 2 4 14 14 14 14 14 14 14 14 14 14
14 3 1 2 15 13 13 13 13 13 13 13 13 13 13
14 3 1 2 15 13 13 13 13 13 13 13 13 13 13
15 3 1 2 15 13 13 13 13 13 13 13 13 13 13
14 3 1 2 15 13 13 13 13 13 13 13 13 13 13
15 3 1 2 14 13 13 13 13 13 13 13 13 13 13
15 3 1 2 4 14 14 14 14 14 14 14 14 14 14
15 3 1 2 4 14 14 14 14 14 14 14 14 14 14
15 3 1 2 4 14 14 14 14 14 14 14 14 14 14
15 3 1 2 14 13 13 13 13 13 13 13 13 13 13
15 3 1 2 14 13 13 13 13 13 13 13 13 13 13
14 3 1 2 15 13 13 13 13 13 13 13 13 13 13
15 13 1 2 15 11 11 11 11 11 11 11 11 12 11
14 3 1 2 15 13 13 13 13 13 13 13 13 13 13
15 3 2 2 14 13 13 13 13 13 13 13 13 13 13
4 3 1 2 15 14 14 14 14 14 14 14 14 14 14

DCI
15 13 2 2 14 13 13 13 13 13 13 13 13 13 13
15 14 2 2 13 12 12 12 12 12 12 12 12 12 12
15 14 2 2 13 12 12 12 12 12 12 12 12 12 12
15 13 2 2 14 12 12 12 12 12 12 12 12 12 12
13 14 2 2 15 12 12 12 12 12 12 12 12 12 12
15 13 2 2 14 12 12 12 12 12 12 12 12 12 12
15 3 2 2 14 13 13 13 13 13 13 13 13 13 13
15 14 2 2 13 12 12 12 12 12 12 12 12 12 12
14 13 2 2 15 12 12 12 12 12 12 12 12 12 12
15 13 2 2 14 12 12 12 12 12 12 12 12 12 12
15 13 2 2 14 12 12 12 12 12 12 12 12 12 12
15 13 2 2 14 12 12 12 12 12 12 12 12 12 12
15 14 13 13 13 13 13 13 13 13 13 13 13 13 13
3 4 2 2 15 14 14 14 14 14 14 14 14 14 14
15 14 2 2 3 13 13 13 13 13 13 13 13 13 13
15 13 12 12 14 12 12 12 12 12 12 12 12 12 12
15 13 2 2 14 12 12 12 12 12 12 12 12 12 12
15 14 2 2 14 12 12 12 12 12 12 12 12 12 12
13 14 2 2 15 12 12 12 12 12 12 12 12 12 12
15 13 2 2 14 12 12 12 12 12 12 12 12 12 12
15 13 2 2 14 12 12 12 12 12 12 12 12 12 12
15 14 2 2 13 12 12 12 12 12 12 12 12 12 12
15 14 2 2 13 12 12 12 12 12 12 12 12 12 12
15 13 2 2 14 12 12 12 12 12 12 12 12 12 12
15 14 2 2 13 12 12 12 12 12 12 12 12 12 12
15 13 2 2 14 12 12 12 12 12 12 12 12 12 12
15 14 2 2 3 13 13 13 13 13 13 13 13 13 13
15 13 12 12 14 12 12 12 12 12 12 12 12 12 12
14 13 2 2 15 12 12 12 12 12 12 12 12 12 12
15 13 12 12 14 12 12 12 12 12 12 12 12 12 12
15 14 2 2 13 12 12 12 12 12 12 12 12 12 12
15 14 2 2 13 12 12 12 12 12 12 12 12 12 12
15 14 3 3 3 13 13 13 13 13 13 13 13 13 13
15 13 2 2 14 12 12 12 12 12 12 12 12 12 12
14 15 2 2 13 12 12 12 12 12 12 12 12 12 12
15 13 2 2 14 12 12 12 12 12 12 12 12 12 12
14 13 2 2 15 12 12 12 12 12 12 12 12 12 12
15 13 12 12 14 12 12 12 12 12 12 12 12 12 12
15 13 12 12 14 12 12 12 12 12 12 12 12 12 12
15 13 12 12 14 12 12 12 12 12 12 12 12 12 12

IGD
14 15 1 2 13 12 12 12 12 12 12 12 12 12 12
13 15 1 2 14 12 12 12 12 12 12 12 12 12 12
14 15 1 2 3 13 13 13 13 13 13 13 13 13 13
13 15 1 2 14 12 12 12 12 12 12 12 12 12 12
13 15 1 2 14 12 12 12 12 12 12 12 12 12 12
14 15 2 1 13 12 12 12 12 12 12 12 12 12 3
4 15 1 2 3 14 14 14 14 14 14 14 14 14 14
14 15 1 2 3 11 11 13 11 11 11 11 11 13 11
3 15 1 2 4 14 14 14 14 14 14 14 14 14 14
14 15 1 2 13 12 12 12 12 12 12 12 12 12 12
3 15 2 1 14 13 13 13 13 13 13 13 13 13 13
14 15 2 1 13 12 12 12 12 12 12 12 12 12 12
13 15 1 2 14 12 12 12 12 12 12 12 12 12 12
13 15 2 2 14 12 12 12 12 12 12 12 12 12 12
14 15 1 2 13 12 12 12 12 12 12 12 12 12 12
14 15 1 2 13 12 12 12 12 12 12 12 12 12 12
14 15 2 2 13 12 12 12 12 12 12 12 12 12 12
13 15 1 2 14 12 12 12 12 12 12 12 12 12 12
14 15 1 2 13 12 12 12 12 12 12 12 12 12 12
13 15 1 2 14 12 12 12 12 12 12 12 12 12 12
14 15 1 2 13 12 12 12 12 12 12 12 12 12 12
14 15 2 1 13 12 12 12 12 12 12 12 12 12 12
3 15 1 2 14 13 13 13 13 13 13 13 13 13 13
14 15 1 2 13 12 12 12 12 12 12 12 12 12 12
13 15 2 2 14 12 12 12 12 12 12 12 12 12 12
14 15 2 1 13 12 12 12 12 12 12 12 12 12 12
14 15 1 2 3 13 13 13 13 13 13 13 13 13 13
14 15 1 2 3 13 13 13 13 13 13 13 13 13 4
4 15 2 1 3 14 14 14 14 14 14 14 14 14 14
14 15 1 2 3 13 13 13 13 13 13 13 13 13 13
14 15 1 2 13 12 12 12 12 12 12 12 12 12 12
12 15 2 1 13 10 10 10 10 10 10 11 10 10 14
4 15 1 2 3 14 14 14 14 14 14 14 14 14 14
14 15 1 2 13 12 12 12 12 12 12 12 12 12 12
14 15 1 2 13 12 12 12 12 12 12 12 12 12 12
13 15 1 2 14 12 12 12 12 12 12 12 12 12 12
13 15 1 2 14 8 8 8 8 9 11 8 8 12 11
13 15 1 2 14 12 12 12 12 12 12 12 12 12 12
15 14 1 2 13 12 12 12 12 12 12 12 12 12 12
14 15 2 1 13 11 11 11 11 11 11 11 11 11 12

HV
15 13 1 2 14 12 12 12 12 12 12 12 12 12 12
14 15 1 2 14 12 12 12 12 12 12 12 12 12 12
15 14 1 2 3 13 13 13 13 13 13 13 13 13 13
14 13 1 2 15 12 12 12 12 12 12 12 12 12 12
3 4 1 2 15 14 14 14 14 14 14 14 14 14 14
15 13 1 2 14 11 11 11 11 11 11 11 11 11 12
15 14 1 2 13 12 12 12 12 12 12 12 12 12 12
15 14 1 2 13 12 12 12 12 12 12 12 12 12 12
15 13 1 2 14 12 12 12 12 12 12 12 12 12 12
14 13 1 2 15 12 12 12 12 12 12 12 12 12 12
14 15 1 2 13 12 12 12 12 12 12 12 12 12 12
14 15 1 2 13 12 12 12 12 12 12 12 12 12 12
15 14 1 2 13 12 12 12 12 12 12 12 12 12 12
14 13 1 2 15 12 12 12 12 12 12 12 12 12 12
15 15 1 2 13 12 12 12 12 12 12 12 12 12 12
14 15 1 2 13 12 12 12 12 12 12 12 12 12 12
15 13 2 2 14 12 12 12 12 12 12 12 12 12 12
14 13 1 2 15 12 12 12 12 12 12 12 12 12 12
13 14 1 2 15 12 12 12 12 12 12 12 12 12 12
14 13 1 2 15 12 12 12 12 12 12 12 12 12 12
15 13 1 2 14 12 12 12 12 12 12 12 12 12 12
15 14 1 2 13 12 12 12 12 12 12 12 12 12 12
13 15 1 2 14 12 12 12 12 12 12 12 12 12 12
13 14 1 2 15 12 12 12 12 12 12 12 12 12 12
15 14 2 2 3 13 13 13 13 13 13 13 13 13 13
14 13 1 2 15 12 12 12 12 12 12 12 12 12 12
14 15 1 2 13 12 12 12 12 12 12 12 12 12 12
15 14 1 2 13 12 12 12 12 12 12 12 12 12 12
14 15 1 2 13 12 12 12 12 12 12 12 12 12 12
15 13 1 2 14 12 12 12 12 12 12 12 12 12 12
15 14 1 2 13 12 12 12 12 12 12 12 12 12 12
15 13 1 2 14 12 12 12 12 12 12 12 12 12 12
3 15 1 2 4 14 14 14 14 14 14 14 14 14 14
15 14 1 2 13 12 12 12 12 12 12 12 12 12 12
14 15 1 2 13 12 12 12 12 12 12 12 12 12 12
14 14 1 2 15 12 12 12 12 12 12 12 12 12 12
13 15 1 2 14 12 12 12 12 12 12 12 12 12 12
15 13 1 2 14 12 12 12 12 12 12 12 12 12 12
15 13 1 2 14 12 12 12 12 12 12 12 12 12 12
15 14 1 2 13 11 11 11 11 11 11 11 11 11 12



----------------- Avg --------------

QI: GD    DIR    DCI    IGD    HV    
6.45 3.0 1.15 1.9 7.15 14.275 14.275 14.325 14.275 14.1 14.2 14.4 14.375 14.325 13.675 
13.925 3.275 1.275 2.0 11.875 13.225 13.225 13.275 13.225 13.225 13.225 13.225 13.225 13.3 13.225 
14.5 12.95 3.8 3.8 13.075 12.2 12.2 12.2 12.2 12.2 12.2 12.2 12.2 12.2 12.2 
12.125 14.975 1.275 1.8 11.1 12.15 12.15 12.2 12.15 12.175 12.225 12.175 12.15 12.3 11.9 
13.85 13.65 1.05 2.0 13.075 12.1 12.1 12.1 12.1 12.1 12.1 12.1 12.1 12.1 12.15 


----------------- Med ---------------

QI: GD    DIR    DCI    IGD    HV    
4.0 3.0 1.0 2.0 5.0 15.0 15.0 15.0 15.0 15.0 15.0 15.0 15.0 15.0 15.0 
15.0 3.0 1.0 2.0 14.0 13.0 13.0 13.0 13.0 13.0 13.0 13.0 13.0 13.0 13.0 
15.0 13.0 2.0 2.0 14.0 12.0 12.0 12.0 12.0 12.0 12.0 12.0 12.0 12.0 12.0 
14.0 15.0 1.0 2.0 13.0 12.0 12.0 12.0 12.0 12.0 12.0 12.0 12.0 12.0 12.0 
14.5 14.0 1.0 2.0 14.0 12.0 12.0 12.0 12.0 12.0 12.0 12.0 12.0 12.0 12.0 

