----------------- All ---------------

GD
5 3 1 2 4 15 15 15 15 15 15 15 15 15 15
5 3 1 2 4 14 14 14 14 14 14 14 14 6 15
4 3 1 2 15 8 8 8 8 14 12 12 9 10 13
4 3 1 2 5 10 10 10 10 10 15 15 15 15 15
5 3 1 2 4 15 15 15 15 15 15 15 15 15 15
4 3 1 2 5 10 10 10 10 11 13 10 13 14 15
5 3 1 2 4 15 15 15 15 15 15 15 15 15 15
4 3 1 2 15 9 9 11 9 9 14 14 14 11 5
4 3 1 2 15 9 9 9 9 13 12 12 12 14 5
4 3 1 2 6 10 10 10 10 5 13 15 13 15 13
15 3 1 2 4 14 14 14 14 14 14 14 14 14 14
4 3 1 2 5 15 15 15 15 15 15 15 15 15 15
5 3 1 2 4 9 9 9 13 14 12 12 12 15 9
15 3 2 1 4 9 9 9 9 14 12 9 12 12 13
15 3 1 2 14 13 13 13 13 13 13 13 13 5 4
4 3 1 2 5 14 14 14 14 6 14 14 14 14 15
4 3 1 2 5 14 14 14 15 14 14 14 14 14 6
5 3 1 2 4 12 12 12 12 12 15 15 12 15 6
4 3 1 2 5 14 14 14 14 14 14 14 14 14 15
5 3 1 2 4 13 13 13 13 13 13 13 15 13 14
4 3 1 2 15 8 8 8 8 14 13 10 13 13 9
4 3 1 2 5 10 10 10 10 10 14 14 15 12 11
15 3 1 2 14 13 13 13 13 13 13 13 13 13 13
4 3 1 2 5 11 11 11 14 14 15 8 7 6 12
10 3 2 2 4 9 9 9 9 9 14 14 14 14 15
4 3 1 2 6 9 11 9 9 10 14 14 14 15 5
4 3 1 2 5 11 11 11 11 7 14 15 6 13 12
5 3 1 2 15 13 12 12 12 12 12 12 12 4 14
15 3 2 1 14 8 9 8 8 8 12 13 4 12 10
9 3 1 2 15 6 6 7 6 8 13 14 13 11 10
4 3 1 2 5 9 9 9 9 10 12 13 12 14 15
6 3 1 2 5 12 12 13 12 12 12 14 15 12 4
4 3 1 2 15 9 9 9 9 14 12 12 12 13 5
4 3 1 2 5 15 15 15 15 15 15 15 15 15 15
4 3 1 2 5 10 10 10 10 11 14 14 14 6 15
5 3 2 1 4 11 11 11 11 11 14 14 14 15 11
4 3 1 2 5 12 12 15 12 13 8 14 9 7 6
5 3 1 2 4 15 15 15 15 15 15 15 15 15 6
4 3 1 2 5 11 11 11 11 11 11 15 15 12 13
4 3 2 1 5 15 15 15 15 15 10 10 10 10 6

DIR
15 3 2 2 14 13 13 13 13 13 13 13 13 13 13
15 3 2 2 14 13 13 13 13 13 13 13 13 13 13
15 3 1 2 14 13 13 13 13 13 13 13 13 13 13
15 3 2 2 14 13 13 13 13 13 13 13 13 13 13
14 3 2 2 15 13 13 13 13 13 13 13 13 13 13
15 3 1 2 14 13 13 13 13 13 13 13 13 13 13
15 3 1 2 14 13 13 13 13 13 13 13 13 13 13
15 3 1 2 4 12 12 14 12 12 12 12 12 14 12
14 3 2 2 15 13 13 13 13 13 13 13 13 13 13
15 3 1 2 14 11 11 11 11 11 11 13 11 13 11
14 3 1 2 15 13 13 13 13 13 13 13 13 13 13
4 3 1 2 15 15 15 15 15 15 15 15 15 15 15
15 3 1 2 14 13 13 13 13 13 13 13 13 13 13
4 3 2 2 15 14 14 14 14 14 14 14 14 14 14
15 3 1 2 14 13 13 13 13 13 13 13 13 13 13
15 3 1 2 14 13 13 13 13 13 13 13 13 13 13
15 3 2 2 15 13 13 13 13 13 13 13 13 13 13
15 3 1 2 4 10 10 10 10 10 14 14 10 14 14
14 3 2 2 15 13 13 13 13 13 13 13 13 13 13
15 3 1 2 4 14 14 14 14 14 14 14 14 14 14
15 4 1 2 3 14 14 14 14 14 14 14 14 14 14
15 3 1 2 4 14 14 14 14 14 14 14 14 14 14
4 3 2 2 15 14 14 14 14 14 14 14 14 14 14
15 3 1 2 4 14 14 14 14 14 14 14 14 14 14
15 3 2 2 4 14 14 14 14 14 14 14 14 14 14
4 3 1 2 15 14 14 14 14 14 14 14 14 14 14
14 3 1 2 15 10 10 10 10 10 12 12 10 13 10
15 3 1 2 15 13 13 13 13 13 13 13 13 13 13
14 3 1 2 15 13 13 13 13 13 13 13 13 13 13
15 3 1 2 14 13 13 13 13 13 13 13 13 13 13
15 3 1 2 4 14 14 14 14 14 14 14 14 14 14
15 3 1 2 4 13 13 13 13 13 13 13 13 13 14
15 3 1 2 4 13 13 13 13 13 13 13 13 13 14
15 3 1 2 14 13 13 13 13 13 13 13 13 13 13
15 3 1 2 14 13 13 13 13 13 13 13 13 13 13
14 3 1 2 15 13 13 13 13 13 13 13 13 13 13
15 13 1 2 15 11 11 11 11 11 11 11 11 12 11
14 3 1 2 15 13 13 13 13 13 13 13 13 13 13
15 13 2 2 14 12 12 12 12 12 12 12 12 12 12
4 3 1 2 15 14 14 14 14 14 14 14 14 14 14

DCI
15 13 2 2 14 13 13 13 13 13 13 13 13 13 13
15 14 2 2 13 12 12 12 12 12 12 12 12 12 12
15 14 2 2 13 12 12 12 12 12 12 12 12 12 12
15 13 2 2 14 12 12 12 12 12 12 12 12 12 12
13 14 2 2 15 12 12 12 12 12 12 12 12 12 12
15 13 2 2 14 12 12 12 12 12 12 12 12 12 12
15 3 2 2 14 13 13 13 13 13 13 13 13 13 13
15 14 2 2 13 12 12 12 12 12 12 12 12 12 12
13 14 2 2 15 12 12 12 12 12 12 12 12 12 12
15 12 2 2 14 11 11 11 11 13 11 11 11 11 11
15 13 2 2 14 12 12 12 12 12 12 12 12 12 12
15 14 2 2 14 12 12 12 12 12 12 12 12 12 12
15 14 13 13 13 13 13 13 13 13 13 13 13 13 13
3 13 2 2 15 13 13 13 13 14 13 13 13 13 13
15 14 2 2 3 13 13 13 13 13 13 13 13 13 13
15 14 12 12 13 12 12 12 12 12 12 12 12 12 12
15 13 2 2 14 11 11 11 12 11 11 11 11 11 11
15 14 8 8 14 8 8 8 8 8 12 12 8 12 12
13 14 2 2 15 12 12 12 12 12 12 12 12 12 12
15 13 2 2 14 10 10 10 10 10 10 10 12 10 11
15 13 2 2 14 12 12 12 12 12 12 12 12 12 12
15 14 2 2 13 11 11 11 11 11 11 11 13 11 11
14 15 2 2 13 12 12 12 12 12 12 12 12 12 12
15 13 10 10 14 10 10 10 10 10 10 10 12 11 10
15 14 2 2 13 7 7 7 7 7 13 13 13 13 13
15 13 8 8 14 8 8 8 8 8 12 12 12 8 12
15 14 2 2 3 12 12 12 12 12 12 12 12 13 12
15 13 11 11 14 11 11 11 11 11 11 11 11 12 11
14 13 2 2 15 12 12 12 12 12 12 12 12 12 12
15 13 8 8 14 8 8 8 8 8 12 12 12 12 8
15 14 2 2 13 11 11 11 11 11 11 11 11 11 13
15 14 10 10 13 10 10 11 10 10 10 10 12 10 10
15 14 3 3 3 11 11 11 11 14 11 11 11 11 14
15 13 2 2 14 12 12 12 12 12 12 12 12 12 12
15 14 2 2 13 12 12 12 12 12 12 12 12 12 12
15 14 2 2 13 12 12 12 12 12 12 12 12 12 12
14 13 2 2 15 8 8 10 8 10 8 12 8 12 8
15 13 11 11 14 11 11 11 11 11 11 11 11 11 12
15 13 12 12 14 12 12 12 12 12 12 12 12 12 12
15 13 12 12 14 12 12 12 12 12 12 12 12 12 12

IGD
14 13 1 2 15 12 12 12 12 12 12 12 12 12 12
13 15 1 2 14 12 12 12 12 12 12 12 12 12 3
14 15 1 2 3 7 7 7 7 9 13 13 9 11 10
13 15 1 2 14 7 7 7 7 7 12 12 12 12 12
13 15 1 2 14 12 12 12 12 12 12 12 12 12 12
14 15 2 1 13 9 9 9 9 9 12 9 12 12 3
3 15 1 2 4 14 14 14 14 14 14 14 14 14 14
14 15 1 2 3 7 7 9 7 7 12 12 12 9 13
14 15 1 2 3 7 7 7 7 11 10 10 10 12 13
14 15 1 2 13 7 7 7 7 7 10 12 10 12 10
3 15 2 1 14 13 13 13 13 13 13 13 13 13 13
14 15 2 1 13 12 12 12 12 12 12 12 12 12 12
13 15 1 2 14 11 11 11 12 3 11 11 11 4 11
13 15 2 2 14 8 8 8 8 3 11 8 11 11 12
13 15 1 2 12 10 10 10 10 10 10 10 10 11 14
14 15 2 1 13 12 12 12 12 12 12 12 12 12 3
14 15 2 2 13 11 11 11 11 11 11 11 11 11 12
13 15 1 2 14 8 8 8 8 8 11 11 8 11 12
14 15 1 2 13 12 12 12 12 12 12 12 12 12 12
13 15 1 2 14 11 11 11 11 11 11 11 3 11 12
14 15 1 2 3 9 9 9 9 9 13 10 13 13 9
14 15 2 1 13 8 8 8 8 8 10 10 12 8 11
3 15 1 2 14 13 13 13 13 13 13 13 13 13 13
14 15 1 2 13 7 7 7 9 9 3 4 12 11 10
13 15 2 2 14 7 7 7 7 7 11 11 11 11 12
15 13 2 1 12 8 4 8 8 8 11 11 11 3 14
14 15 1 2 3 8 8 8 8 13 12 11 10 4 9
14 15 1 2 3 13 12 12 12 12 12 12 12 4 5
4 15 2 1 3 9 10 9 9 9 13 5 11 13 14
14 15 1 2 3 12 12 12 12 13 7 5 7 4 8
14 15 1 2 13 6 6 6 6 7 9 10 9 11 12
12 15 2 1 13 9 9 3 9 9 9 11 10 9 14
4 15 1 2 3 9 9 9 9 13 12 12 12 9 14
14 15 1 2 13 12 12 12 12 12 12 12 12 12 12
14 15 1 2 13 10 10 10 10 11 6 6 6 12 3
13 15 1 2 14 8 8 8 8 8 11 11 11 12 8
13 15 1 2 14 7 7 3 7 4 11 8 12 9 10
13 15 1 2 14 12 12 12 12 12 12 12 12 12 3
14 15 1 2 13 8 8 8 8 8 8 11 11 9 12
14 15 2 1 12 7 7 7 7 7 11 11 11 11 13

HV
15 13 1 2 14 12 12 12 12 12 12 12 12 12 12
14 15 1 2 13 11 11 11 11 11 11 11 11 11 12
15 14 1 2 3 13 13 13 13 13 13 13 13 13 13
14 13 1 2 15 12 12 12 12 12 12 12 12 12 12
3 14 1 2 15 13 13 13 13 13 13 13 13 13 13
15 13 1 2 14 11 11 11 11 11 11 11 11 11 12
14 15 1 2 13 12 12 12 12 12 12 12 12 12 12
15 14 1 2 13 8 8 8 8 8 12 12 12 8 12
15 14 1 2 13 10 10 10 10 10 10 10 10 12 11
14 14 1 2 15 10 10 10 10 10 10 12 10 12 10
14 15 1 2 13 12 12 12 12 12 12 12 12 12 12
14 15 1 2 13 12 12 12 12 12 12 12 12 12 12
15 14 1 2 13 12 12 12 12 12 12 12 12 12 12
13 14 1 2 15 10 10 10 10 11 10 10 10 10 12
14 15 1 2 13 11 11 11 11 11 11 11 11 11 12
14 15 1 2 14 11 11 11 11 11 11 11 11 11 12
15 13 1 2 14 11 11 11 11 11 11 11 11 11 12
14 13 1 2 15 8 8 8 8 8 11 11 8 11 12
13 15 1 2 14 12 12 12 12 12 12 12 12 12 12
14 13 1 2 15 12 12 12 12 12 12 12 12 12 12
15 13 1 2 14 12 12 12 12 12 12 12 12 12 12
15 14 1 2 13 12 12 12 12 12 12 12 12 12 12
13 15 1 2 14 12 12 12 12 12 12 12 12 12 12
13 15 1 2 14 8 8 8 8 8 12 12 10 10 8
15 14 2 2 3 13 13 13 13 13 13 13 13 13 13
13 14 1 2 15 6 10 6 6 6 10 10 10 11 12
14 15 1 2 13 8 8 8 8 12 12 12 8 12 8
15 14 1 2 13 12 12 12 12 12 12 12 12 12 12
14 15 1 2 13 11 11 11 11 11 11 12 11 11 11
15 13 1 2 14 6 6 6 6 7 12 12 12 12 12
15 14 1 2 12 11 11 11 11 11 11 11 11 11 13
14 15 1 2 13 12 12 12 12 12 12 12 12 12 12
3 15 1 2 4 10 10 10 10 10 14 14 14 10 14
15 14 1 2 13 12 12 12 12 12 12 12 12 12 12
14 15 1 2 13 9 9 9 9 12 9 9 9 10 11
13 14 1 2 15 12 12 12 12 12 12 12 12 12 12
13 15 1 2 14 8 8 12 8 12 10 8 10 8 8
15 13 1 2 14 11 11 11 11 11 11 11 11 11 12
15 13 1 2 14 11 11 11 11 11 11 11 11 11 12
15 14 1 2 13 11 11 11 11 11 11 11 11 11 12



----------------- Avg --------------

QI: GD    DIR    DCI    IGD    HV    
5.95 3.0 1.125 1.9 7.175 11.475 11.525 11.625 11.65 12.05 13.275 13.325 12.8 12.325 11.1 
13.425 3.525 1.275 2.0 11.875 13.0 13.0 13.05 13.0 13.0 13.15 13.2 13.0 13.3 13.15 
14.475 13.25 4.35 4.35 13.025 11.275 11.275 11.35 11.3 11.475 11.725 11.825 11.825 11.8 11.8 
12.35 14.9 1.3 1.775 10.825 9.6 9.5 9.375 9.65 9.675 10.975 10.625 10.9 10.4 10.525 
13.7 14.125 1.025 2.0 12.95 10.75 10.85 10.85 10.75 11.075 11.525 11.55 11.3 11.375 11.725 


----------------- Med ---------------

QI: GD    DIR    DCI    IGD    HV    
4.0 3.0 1.0 2.0 5.0 11.0 11.0 11.0 12.0 13.0 14.0 14.0 14.0 13.5 13.0 
15.0 3.0 1.0 2.0 14.0 13.0 13.0 13.0 13.0 13.0 13.0 13.0 13.0 13.0 13.0 
15.0 13.5 2.0 2.0 14.0 12.0 12.0 12.0 12.0 12.0 12.0 12.0 12.0 12.0 12.0 
14.0 15.0 1.0 2.0 13.0 9.0 9.0 9.0 9.0 9.5 11.5 11.0 11.5 11.0 12.0 
14.0 14.0 1.0 2.0 13.5 11.0 11.0 11.0 11.0 12.0 12.0 12.0 12.0 12.0 12.0 

