17095.0 82991.0
17171.0 82041.0
18545.0 82007.0
18596.0 81830.0
18671.0 81808.0
19471.0 81766.0
20345.0 81687.0
20421.0 81621.0
21342.0 80426.0
21657.0 80404.0
21708.0 80403.0
24516.0 80383.0
24592.0 80107.0
27792.0 80044.0
27862.0 80043.0
28763.0 79378.0
36184.0 79038.0
43605.0 78792.0

16290.0 101497.0
16480.0 99840.0
16745.0 96797.0
17396.0 92059.0
17492.0 91960.0
18092.0 90309.0
18513.0 86866.0
18615.0 86472.0
20766.0 84416.0
21657.0 83803.0
21708.0 83600.0
24176.0 83565.0
25513.0 83158.0
27766.0 83128.0
28763.0 82859.0
37105.0 82755.0
38361.0 81934.0
44782.0 81065.0
63874.0 77944.0

18922.0 94654.0
23940.0 92176.0

18922.0 94654.0
23940.0 92176.0

17492.0 84557.0
18092.0 82221.0
18596.0 81936.0
18615.0 81904.0
19912.0 81711.0
20421.0 81651.0
21342.0 80317.0
21708.0 79990.0
24516.0 79944.0
24592.0 79887.0
24750.0 79872.0
25513.0 79843.0
27842.0 79837.0
27913.0 79801.0
28763.0 79471.0
31937.0 79446.0
32013.0 79186.0
39358.0 79174.0
43529.0 79015.0
46779.0 78889.0

17345.0 89558.0
17492.0 87639.0
17745.0 86489.0
17996.0 84847.0
18016.0 83700.0
18092.0 82008.0
18526.0 81435.0
18596.0 81206.0
21266.0 81087.0
21342.0 80830.0
21689.0 80829.0
22263.0 80642.0
24592.0 80625.0
25513.0 80219.0
28763.0 80073.0
32013.0 79944.0
32934.0 79734.0
43605.0 79501.0

17345.0 89558.0
17492.0 87639.0
17745.0 86489.0
17996.0 84847.0
18016.0 83700.0
18092.0 82008.0
18526.0 81435.0
18596.0 81206.0
21266.0 81087.0
21342.0 80830.0
21689.0 80829.0
22263.0 80642.0
24592.0 80625.0
25513.0 80219.0
28763.0 80073.0
32013.0 79944.0
32934.0 79734.0
43605.0 79501.0

17345.0 89558.0
17492.0 87639.0
17745.0 86489.0
17996.0 84847.0
18016.0 83700.0
18092.0 82008.0
18526.0 81435.0
18596.0 81206.0
21266.0 81087.0
21342.0 80830.0
21689.0 80829.0
22263.0 80642.0
24592.0 80625.0
25513.0 80219.0
28763.0 80073.0
32013.0 79944.0
32934.0 79734.0
43605.0 79501.0

17345.0 89558.0
17492.0 87639.0
17745.0 86489.0
17996.0 84847.0
18016.0 83700.0
18092.0 82008.0
18526.0 81435.0
18596.0 81206.0
21266.0 81087.0
21342.0 80830.0
21689.0 80829.0
22263.0 80642.0
24592.0 80625.0
25513.0 80219.0
28763.0 80073.0
32013.0 79944.0
32934.0 79734.0
43605.0 79501.0

17345.0 89558.0
17492.0 87639.0
17745.0 86489.0
17996.0 84847.0
18016.0 83700.0
18092.0 82008.0
18526.0 81435.0
18596.0 81206.0
21266.0 81087.0
21342.0 80830.0
21689.0 80829.0
22263.0 80642.0
24592.0 80625.0
25513.0 80219.0
28763.0 80073.0
32013.0 79944.0
32934.0 79734.0
43605.0 79501.0

17345.0 89558.0
17492.0 87639.0
17745.0 86489.0
17996.0 84847.0
18016.0 83700.0
18092.0 82008.0
18526.0 81435.0
18596.0 81206.0
21266.0 81087.0
21342.0 80830.0
21689.0 80829.0
22263.0 80642.0
24592.0 80625.0
25513.0 80219.0
28763.0 80073.0
32013.0 79944.0
32934.0 79734.0
43605.0 79501.0

17345.0 89558.0
17492.0 87639.0
17745.0 86489.0
17996.0 84847.0
18016.0 83700.0
18092.0 82008.0
18526.0 81435.0
18596.0 81206.0
21266.0 81087.0
21342.0 80830.0
21689.0 80829.0
22263.0 80642.0
24592.0 80625.0
25513.0 80219.0
28763.0 80073.0
32013.0 79944.0
32934.0 79734.0
43605.0 79501.0

17345.0 89558.0
17492.0 87639.0
17745.0 86489.0
17996.0 84847.0
18016.0 83700.0
18092.0 82008.0
18526.0 81435.0
18596.0 81206.0
21266.0 81087.0
21342.0 80830.0
21689.0 80829.0
22263.0 80642.0
24592.0 80625.0
25513.0 80219.0
28763.0 80073.0
32013.0 79944.0
32934.0 79734.0
43605.0 79501.0

17345.0 89558.0
17492.0 87639.0
17745.0 86489.0
17996.0 84847.0
18016.0 83700.0
18092.0 82008.0
18526.0 81435.0
18596.0 81206.0
21266.0 81087.0
21342.0 80830.0
21689.0 80829.0
22263.0 80642.0
24592.0 80625.0
25513.0 80219.0
28763.0 80073.0
32013.0 79944.0
32934.0 79734.0
43605.0 79501.0

17345.0 89558.0
17492.0 87639.0
17745.0 86489.0
17996.0 84847.0
18016.0 83700.0
18092.0 82008.0
18526.0 81435.0
18596.0 81206.0
21266.0 81087.0
21342.0 80830.0
21689.0 80829.0
22263.0 80642.0
24592.0 80625.0
25513.0 80219.0
28763.0 80073.0
32013.0 79944.0
32934.0 79734.0
43605.0 79501.0


