----------------- All ---------------

GD
5 3 1 2 4 15 15 15 15 15 15 15 15 15 15
15 3 1 2 14 13 13 13 13 13 13 13 13 13 13
4 3 1 2 15 14 14 14 14 14 14 14 14 14 14
15 3 2 2 4 14 14 14 14 14 14 14 14 14 14
15 3 1 2 14 13 13 13 13 13 13 13 13 13 13
15 3 2 1 14 13 13 13 13 13 13 13 13 13 13
4 3 1 2 15 14 14 14 14 14 14 14 14 14 14
4 3 1 2 15 14 14 14 14 14 14 14 14 14 14
14 3 1 2 15 13 13 13 13 13 13 13 13 13 13
14 2 1 3 15 13 13 13 13 13 13 13 13 13 13
15 3 1 2 14 13 13 13 13 13 13 13 13 13 13
15 3 1 2 14 13 13 13 13 13 13 13 13 13 13
4 2 1 3 15 14 14 14 14 14 14 14 14 14 14
4 3 2 2 15 14 14 14 14 14 14 14 14 14 14
5 3 1 2 4 15 15 15 15 15 15 15 15 15 15
15 3 1 2 14 13 13 13 13 13 13 13 13 13 13
15 3 2 2 4 14 14 14 14 14 14 14 14 14 14
15 2 1 3 14 13 13 13 13 13 13 13 13 13 13
15 3 1 2 14 13 13 13 13 13 13 13 13 13 13
5 3 2 1 4 15 15 15 15 15 15 15 15 15 15
5 3 1 2 4 15 15 15 15 15 15 15 15 15 15
4 3 1 2 15 14 14 14 14 14 14 14 14 14 14
4 3 2 1 15 14 14 14 14 14 14 14 14 14 14
15 2 1 3 14 13 13 13 13 13 13 13 13 13 13
5 3 2 2 4 15 15 15 15 15 15 15 15 15 15
15 3 1 2 4 14 14 14 14 14 14 14 14 14 14
15 3 1 2 14 13 13 13 13 13 13 13 13 13 13
4 3 1 2 15 14 14 14 14 14 14 14 14 14 14
15 3 1 2 14 13 13 13 13 13 13 13 13 13 13
4 3 1 2 15 14 14 14 14 14 14 14 14 14 14
14 3 1 2 15 13 13 13 13 13 13 13 13 13 13
4 3 1 2 5 15 15 15 15 15 15 15 15 15 15
15 3 1 2 4 14 14 14 14 14 14 14 14 14 14
4 3 1 2 15 14 14 14 14 14 14 14 14 14 14
15 2 1 3 4 14 14 14 14 14 14 14 14 14 14
4 3 1 2 5 15 15 15 15 15 15 15 15 15 15
14 3 1 2 15 13 13 13 13 13 13 13 13 13 13
14 3 1 2 15 13 13 13 13 13 13 13 13 13 13
4 3 1 2 5 15 15 15 15 15 15 15 15 15 15
14 3 2 1 15 13 13 13 13 13 13 13 13 13 13

DIR
15 3 2 2 14 13 13 13 13 13 13 13 13 13 13
14 3 2 2 15 13 13 13 13 13 13 13 13 13 13
14 3 1 2 15 13 13 13 13 13 13 13 13 13 13
14 3 2 2 15 13 13 13 13 13 13 13 13 13 13
14 3 2 2 15 13 13 13 13 13 13 13 13 13 13
15 3 2 2 14 13 13 13 13 13 13 13 13 13 13
4 3 2 2 15 14 14 14 14 14 14 14 14 14 14
15 3 1 2 14 13 13 13 13 13 13 13 13 13 13
15 3 2 2 14 13 13 13 13 13 13 13 13 13 13
15 3 2 2 14 13 13 13 13 13 13 13 13 13 13
15 3 1 2 14 13 13 13 13 13 13 13 13 13 13
15 3 1 2 14 13 13 13 13 13 13 13 13 13 13
14 3 1 2 15 13 13 13 13 13 13 13 13 13 13
14 3 2 2 15 13 13 13 13 13 13 13 13 13 13
15 3 1 2 14 13 13 13 13 13 13 13 13 13 13
15 3 1 2 4 14 14 14 14 14 14 14 14 14 14
14 3 2 2 15 13 13 13 13 13 13 13 13 13 13
15 2 1 3 14 13 13 13 13 13 13 13 13 13 13
14 3 2 2 15 13 13 13 13 13 13 13 13 13 13
4 3 1 2 15 14 14 14 14 14 14 14 14 14 14
15 3 1 2 4 14 14 14 14 14 14 14 14 14 14
14 3 1 2 15 13 13 13 13 13 13 13 13 13 13
14 3 2 2 15 13 13 13 13 13 13 13 13 13 13
15 3 1 2 14 13 13 13 13 13 13 13 13 13 13
14 3 2 2 15 13 13 13 13 13 13 13 13 13 13
15 3 1 2 4 14 14 14 14 14 14 14 14 14 14
15 3 1 2 4 14 14 14 14 14 14 14 14 14 14
15 2 1 3 14 13 13 13 13 13 13 13 13 13 13
14 3 1 2 15 13 13 13 13 13 13 13 13 13 13
4 3 1 2 15 14 14 14 14 14 14 14 14 14 14
15 3 2 2 14 13 13 13 13 13 13 13 13 13 13
14 3 1 2 15 13 13 13 13 13 13 13 13 13 13
15 3 1 2 14 13 13 13 13 13 13 13 13 13 13
15 3 1 2 14 13 13 13 13 13 13 13 13 13 13
15 3 1 2 14 13 13 13 13 13 13 13 13 13 13
14 3 2 2 15 13 13 13 13 13 13 13 13 13 13
4 3 1 2 15 14 14 14 14 14 14 14 14 14 14
15 3 1 2 4 14 14 14 14 14 14 14 14 14 14
5 3 2 2 4 15 15 15 15 15 15 15 15 15 15
14 3 1 2 15 13 13 13 13 13 13 13 13 13 13

DCI
15 3 2 2 14 14 14 14 14 14 14 14 14 14 14
4 3 2 2 15 14 14 14 14 14 14 14 14 14 14
14 3 2 2 15 13 13 13 13 13 13 13 13 13 13
3 4 2 2 15 14 14 14 14 14 14 14 14 14 14
14 13 12 12 15 12 12 12 12 12 12 12 12 12 12
15 14 12 12 14 12 12 12 12 12 12 12 12 12 12
13 14 2 2 15 12 12 12 12 12 12 12 12 12 12
15 13 2 2 14 12 12 12 12 12 12 12 12 12 12
15 13 2 2 14 13 13 13 13 13 13 13 13 13 13
15 3 2 2 14 13 13 13 13 13 13 13 13 13 13
15 14 2 2 13 13 13 13 13 13 13 13 13 13 13
15 13 2 2 14 12 12 12 12 12 12 12 12 12 12
14 13 12 12 15 12 12 12 12 12 12 12 12 12 12
15 13 2 2 14 12 12 12 12 12 12 12 12 12 12
15 13 2 2 14 12 12 12 12 12 12 12 12 12 12
15 15 2 2 13 12 12 12 12 12 12 12 12 12 12
15 3 2 2 14 13 13 13 13 13 13 13 13 13 13
15 13 12 12 14 12 12 12 12 12 12 12 12 12 12
13 14 2 2 15 12 12 12 12 12 12 12 12 12 12
3 14 2 2 15 13 13 13 13 13 13 13 13 13 13
15 13 12 12 14 12 12 12 12 12 12 12 12 12 12
13 15 2 2 15 12 12 12 12 12 12 12 12 12 12
14 14 2 2 15 12 12 12 12 12 12 12 12 12 12
15 13 12 12 15 12 12 12 12 12 12 12 12 12 12
14 13 2 2 15 13 13 13 13 13 13 13 13 13 13
15 13 2 2 14 12 12 12 12 12 12 12 12 12 12
15 4 2 2 4 14 14 14 14 14 14 14 14 14 14
15 13 2 2 14 12 12 12 12 12 12 12 12 12 12
14 13 12 12 15 12 12 12 12 12 12 12 12 12 12
14 13 12 12 15 12 12 12 12 12 12 12 12 12 12
15 13 12 12 14 12 12 12 12 12 12 12 12 12 12
14 14 2 2 15 12 12 12 12 12 12 12 12 12 12
15 13 12 12 14 12 12 12 12 12 12 12 12 12 12
15 13 2 2 14 12 12 12 12 12 12 12 12 12 12
14 3 2 2 15 13 13 13 13 13 13 13 13 13 13
3 4 2 2 15 14 14 14 14 14 14 14 14 14 14
15 3 2 2 14 13 13 13 13 13 13 13 13 13 13
15 14 2 2 14 12 12 12 12 12 12 12 12 12 12
15 3 2 2 4 14 14 14 14 14 14 14 14 14 14
14 13 2 2 15 12 12 12 12 12 12 12 12 12 12

IGD
14 3 1 2 15 13 13 13 13 13 13 13 13 13 13
5 3 1 2 4 15 15 15 15 15 15 15 15 15 15
15 3 1 2 14 13 13 13 13 13 13 13 13 13 13
14 13 2 2 15 12 12 12 12 12 12 12 12 12 12
4 3 1 2 15 14 14 14 14 14 14 14 14 14 14
4 3 2 2 15 14 14 14 14 14 14 14 14 14 14
15 3 1 2 14 13 13 13 13 13 13 13 13 13 13
14 13 1 2 15 12 12 12 12 12 12 12 12 12 12
15 13 1 2 14 12 12 12 12 12 12 12 12 12 12
14 3 1 2 15 13 13 13 13 13 13 13 13 13 13
15 3 2 1 4 14 14 14 14 14 14 14 14 14 14
15 13 2 1 14 12 12 12 12 12 12 12 12 12 12
15 3 1 2 14 13 13 13 13 13 13 13 13 13 13
15 3 2 2 4 14 14 14 14 14 14 14 14 14 14
14 3 1 2 15 13 13 13 13 13 13 13 13 13 13
5 3 1 2 4 15 15 15 15 15 15 15 15 15 15
3 4 2 2 15 14 14 14 14 14 14 14 14 14 14
14 3 1 2 15 13 13 13 13 13 13 13 13 13 13
14 3 1 2 15 13 13 13 13 13 13 13 13 13 13
14 13 1 2 15 12 12 12 12 12 12 12 12 12 12
14 13 1 2 15 12 12 12 12 12 12 12 12 12 12
14 3 2 1 15 13 13 13 13 13 13 13 13 13 13
15 13 1 2 14 12 12 12 12 12 12 12 12 12 12
14 3 1 2 15 13 13 13 13 13 13 13 13 13 13
14 13 2 2 15 12 12 12 12 12 12 12 12 12 12
13 14 1 2 15 12 12 12 12 12 12 12 12 12 12
15 13 1 2 14 12 12 12 12 12 12 12 12 12 12
14 3 1 2 15 13 13 13 13 13 13 13 13 13 13
14 3 2 1 15 13 13 13 13 13 13 13 13 13 13
15 3 1 2 14 13 13 13 13 13 13 13 13 13 13
15 3 1 2 4 14 14 14 14 14 14 14 14 14 14
15 13 2 1 14 12 12 12 12 12 12 12 12 12 12
13 14 1 2 15 12 12 12 12 12 12 12 12 12 12
15 4 1 2 3 14 14 14 14 14 14 14 14 14 14
13 14 1 2 15 12 12 12 12 12 12 12 12 12 12
14 3 1 2 15 13 13 13 13 13 13 13 13 13 13
15 14 1 2 13 12 12 12 12 12 12 12 12 12 12
15 3 1 2 4 14 14 14 14 14 14 14 14 14 14
15 13 1 2 14 12 12 12 12 12 12 12 12 12 12
3 4 1 2 5 15 15 15 15 15 15 15 15 15 15

HV
15 3 1 2 14 13 13 13 13 13 13 13 13 13 13
4 3 1 2 15 14 14 14 14 14 14 14 14 14 14
14 3 1 2 15 13 13 13 13 13 13 13 13 13 13
14 3 2 2 15 13 13 13 13 13 13 13 13 13 13
14 3 1 2 15 13 13 13 13 13 13 13 13 13 13
15 3 2 2 14 13 13 13 13 13 13 13 13 13 13
15 3 1 2 14 13 13 13 13 13 13 13 13 13 13
15 3 1 2 14 13 13 13 13 13 13 13 13 13 13
15 3 1 2 15 13 13 13 13 13 13 13 13 13 13
14 3 1 2 15 13 13 13 13 13 13 13 13 13 13
15 3 1 2 14 13 13 13 13 13 13 13 13 13 13
15 3 1 2 14 13 13 13 13 13 13 13 13 13 13
14 3 1 2 15 13 13 13 13 13 13 13 13 13 13
15 3 2 2 14 13 13 13 13 13 13 13 13 13 13
15 3 1 2 14 13 13 13 13 13 13 13 13 13 13
15 3 1 2 14 13 13 13 13 13 13 13 13 13 13
14 3 2 2 15 14 14 14 14 14 14 14 14 14 14
14 3 1 2 15 13 13 13 13 13 13 13 13 13 13
14 3 1 2 15 13 13 13 13 13 13 13 13 13 13
14 3 1 2 15 13 13 13 13 13 13 13 13 13 13
14 3 1 2 15 13 13 13 13 13 13 13 13 13 13
15 3 1 2 14 13 13 13 13 13 13 13 13 13 13
14 3 1 2 15 13 13 13 13 13 13 13 13 13 13
14 3 1 2 15 13 13 13 13 13 13 13 13 13 13
15 3 2 2 14 13 13 13 13 13 13 13 13 13 13
14 3 1 2 15 13 13 13 13 13 13 13 13 13 13
15 3 1 2 14 13 13 13 13 13 13 13 13 13 13
15 3 1 2 14 13 13 13 13 13 13 13 13 13 13
14 3 1 2 15 13 13 13 13 13 13 13 13 13 13
14 3 1 2 15 13 13 13 13 13 13 13 13 13 13
15 3 1 2 14 13 13 13 13 13 13 13 13 13 13
14 3 1 2 15 13 13 13 13 13 13 13 13 13 13
14 3 1 2 15 13 13 13 13 13 13 13 13 13 13
15 3 1 2 14 13 13 13 13 13 13 13 13 13 13
14 3 1 2 15 13 13 13 13 13 13 13 13 13 13
14 3 1 2 15 13 13 13 13 13 13 13 13 13 13
15 3 1 2 14 13 13 13 13 13 13 13 13 13 13
15 3 1 2 14 13 13 13 13 13 13 13 13 13 13
15 3 1 2 14 13 13 13 13 13 13 13 13 13 13
15 3 1 2 15 13 13 13 13 13 13 13 13 13 13



----------------- Avg --------------

QI: GD    DIR    DCI    IGD    HV    
10.025 2.875 1.2 2.025 11.225 13.775 13.775 13.775 13.775 13.775 13.775 13.775 13.775 13.775 13.775 
13.275 2.95 1.4 2.05 12.975 13.275 13.275 13.275 13.275 13.275 13.275 13.275 13.275 13.275 13.275 
13.425 10.625 4.5 4.5 13.9 12.525 12.525 12.525 12.525 12.525 12.525 12.525 12.525 12.525 12.525 
12.825 6.925 1.25 1.875 12.5 12.975 12.975 12.975 12.975 12.975 12.975 12.975 12.975 12.975 12.975 
14.25 3.0 1.125 2.0 14.55 13.05 13.05 13.05 13.05 13.05 13.05 13.05 13.05 13.05 13.05 


----------------- Med ---------------

QI: GD    DIR    DCI    IGD    HV    
14.0 3.0 1.0 2.0 14.0 14.0 14.0 14.0 14.0 14.0 14.0 14.0 14.0 14.0 14.0 
14.5 3.0 1.0 2.0 14.0 13.0 13.0 13.0 13.0 13.0 13.0 13.0 13.0 13.0 13.0 
15.0 13.0 2.0 2.0 14.0 12.0 12.0 12.0 12.0 12.0 12.0 12.0 12.0 12.0 12.0 
14.0 3.0 1.0 2.0 15.0 13.0 13.0 13.0 13.0 13.0 13.0 13.0 13.0 13.0 13.0 
14.5 3.0 1.0 2.0 15.0 13.0 13.0 13.0 13.0 13.0 13.0 13.0 13.0 13.0 13.0 

