----------------- All ---------------

GD
15 2 1 3 5 13 13 13 9 9 9 14 9 10 4
10 2 1 3 5 14 14 11 14 15 7 4 7 8 9
15 2 1 3 4 5 6 9 13 8 12 14 12 12 7
14 1 3 2 15 13 12 8 5 9 11 7 6 4 10
6 1 3 2 5 11 11 13 12 14 7 8 9 15 4
7 3 2 1 8 12 14 15 12 6 12 13 12 5 4
15 1 2 3 8 12 5 14 5 13 7 11 7 9 10
11 1 2 5 6 15 15 15 9 10 15 7 9 4 3
7 2 1 3 8 9 12 12 15 13 12 6 15 5 4
6 2 3 1 4 10 5 11 9 8 7 14 14 12 15
15 2 3 1 14 5 6 13 10 13 7 11 9 9 4
14 1 4 5 15 2 9 3 8 6 13 7 13 11 10
9 2 1 3 10 15 8 6 5 11 14 13 12 7 4
15 1 3 2 13 14 8 6 11 8 10 4 12 10 5
15 3 1 2 14 13 10 6 13 11 8 5 8 9 4
14 1 2 3 5 10 6 9 13 8 13 15 13 8 4
15 2 3 1 4 7 14 14 12 10 9 6 9 11 5
15 1 3 2 4 12 8 13 14 11 9 6 7 10 5
7 2 1 3 4 15 13 10 11 9 5 6 14 8 13
6 1 3 2 4 7 15 5 14 8 13 12 12 9 10
5 1 2 3 15 12 14 10 13 11 8 6 8 9 4
5 1 4 2 3 9 9 12 14 10 7 11 7 13 15
7 1 2 3 5 15 15 10 15 9 15 6 15 8 4
14 1 3 2 9 15 11 12 10 13 7 8 7 5 4
12 1 2 3 4 8 11 13 14 15 11 6 11 5 7
6 1 2 3 5 12 8 13 14 15 9 7 10 11 4
15 1 3 2 14 11 11 12 11 13 5 8 5 7 6
6 1 2 3 4 12 15 14 12 13 8 10 8 9 5
11 2 3 1 14 13 12 15 5 8 7 9 7 10 4
15 1 2 3 4 10 11 8 12 9 14 7 14 6 5
15 1 2 3 14 6 7 11 8 13 10 5 10 12 4
15 1 2 3 14 7 9 5 7 8 12 10 12 13 4
4 1 2 3 7 13 13 11 10 15 9 6 9 14 5
15 2 1 13 14 12 8 9 8 12 8 8 8 12 3
15 1 3 2 6 14 13 10 12 12 9 5 9 7 4
15 1 2 5 4 10 12 14 10 7 12 13 10 6 3
15 1 2 3 14 9 11 6 5 11 8 4 8 12 13
4 1 3 2 5 13 8 15 15 10 8 12 11 9 6
4 1 2 3 15 10 10 13 10 10 10 13 10 13 14
5 1 2 3 15 10 10 10 10 11 13 6 13 14 4

DIR
5 3 1 2 4 15 15 15 15 15 15 15 15 15 15
4 3 1 2 15 15 15 15 15 15 15 15 15 15 15
4 3 2 2 5 15 15 15 15 15 15 15 15 15 15
4 3 1 2 13 11 11 14 11 11 11 13 11 11 15
14 3 1 2 15 13 13 13 13 13 13 13 13 13 13
4 3 1 2 5 15 15 15 15 15 15 15 15 15 15
4 3 2 1 5 14 14 14 14 14 14 14 14 14 15
4 2 1 3 14 13 13 13 13 13 13 13 13 13 15
4 3 1 2 5 15 15 15 15 15 15 15 15 15 15
4 3 2 1 5 14 14 14 14 14 14 14 14 14 15
4 3 1 2 15 15 15 15 15 15 15 15 15 15 15
4 3 1 2 8 8 8 13 8 15 13 13 13 15 13
15 3 1 2 14 14 14 14 14 14 14 14 14 14 14
4 3 2 2 5 15 15 15 15 15 15 15 15 15 15
4 3 2 1 11 10 14 10 10 10 14 15 14 10 10
8 3 3 3 5 4 7 15 15 15 15 7 15 15 15
4 3 2 2 15 15 15 15 15 15 15 15 15 15 15
4 3 2 1 15 14 14 14 14 14 14 14 14 14 14
4 3 1 2 15 14 14 14 14 14 14 14 14 14 14
5 3 2 2 4 15 15 15 15 15 15 15 15 15 15
5 2 1 3 4 15 15 15 15 15 15 15 15 15 15
4 3 2 1 15 8 8 15 8 8 15 15 15 15 15
4 3 1 2 12 12 12 12 12 12 12 15 12 15 15
4 3 2 1 14 12 12 12 12 12 12 12 12 15 13
5 3 1 2 4 15 15 15 15 15 15 15 15 15 15
4 3 1 2 5 15 15 15 15 15 15 15 15 15 15
4 3 2 1 5 15 15 15 15 15 15 15 15 15 15
4 3 2 1 9 8 10 14 8 14 8 12 8 11 15
5 3 2 2 4 9 9 9 13 14 13 13 13 9 15
4 3 1 2 15 6 6 15 12 12 8 15 8 12 9
4 3 2 2 15 13 13 13 13 13 13 15 13 13 13
4 3 1 2 5 15 15 15 15 15 15 15 15 15 15
4 3 2 1 5 8 8 14 14 8 14 14 14 14 15
4 2 1 3 5 15 15 15 15 15 15 15 15 15 15
5 2 3 1 4 14 14 14 14 14 14 14 14 14 15
14 2 1 3 15 13 13 13 13 13 13 13 13 13 13
5 3 1 2 5 10 10 10 10 10 15 15 15 15 15
4 3 2 2 14 12 12 12 12 12 12 13 12 12 15
5 3 1 2 4 15 15 15 15 15 15 15 15 15 15
4 3 2 1 5 15 15 15 15 15 15 15 15 15 15

DCI
4 3 2 2 5 8 8 8 12 12 12 14 12 14 15
3 4 3 3 15 8 8 9 8 8 12 14 12 10 13
5 5 2 2 5 6 7 9 14 8 12 15 12 12 13
3 7 3 3 12 4 6 10 11 9 8 15 14 6 13
3 4 2 2 15 12 12 13 12 12 12 12 12 12 14
4 3 2 2 15 10 10 11 10 13 10 10 10 13 14
9 8 6 6 15 6 12 6 12 6 14 8 14 6 10
3 4 3 3 13 8 8 8 10 11 8 15 10 12 14
3 4 2 2 11 5 9 9 13 11 9 14 13 9 15
3 4 2 2 5 8 8 13 10 10 8 12 12 14 15
3 4 3 3 14 5 6 13 10 13 9 11 9 9 15
5 4 1 4 4 6 8 9 8 15 13 10 13 15 13
3 4 2 2 15 5 7 12 12 10 6 9 9 13 14
3 7 3 3 12 6 6 13 10 6 10 14 11 10 15
6 6 2 2 10 6 9 8 6 7 13 15 13 11 14
7 6 3 3 15 3 4 14 10 14 10 6 10 14 14
3 4 2 2 15 8 12 12 8 8 12 13 12 8 14
3 4 3 3 15 5 10 7 10 10 12 12 13 7 14
3 4 3 3 15 9 9 13 9 13 13 14 13 9 9
4 3 2 2 5 8 9 10 11 8 15 13 13 8 15
3 4 3 3 5 10 10 11 10 10 14 14 14 10 15
3 4 3 3 11 6 6 14 7 8 13 15 13 11 9
4 4 2 2 15 11 11 11 11 11 11 14 11 12 13
4 4 2 2 10 5 11 7 7 13 10 13 10 15 14
6 12 2 2 14 6 10 14 6 6 10 12 10 10 15
3 4 3 3 14 6 12 6 7 8 9 14 11 11 15
3 4 3 3 12 7 7 10 7 11 10 15 10 14 14
11 11 2 2 11 7 14 13 7 11 7 13 7 7 15
4 3 2 2 8 5 6 11 7 13 10 14 10 12 15
8 11 8 8 15 8 8 13 11 8 8 14 8 11 12
3 4 3 3 5 6 8 11 11 8 14 15 14 11 14
10 13 2 2 14 9 9 13 9 9 9 13 9 9 15
7 6 2 2 6 6 6 11 9 8 13 14 13 10 15
3 4 3 3 15 13 13 13 13 13 13 13 13 13 14
4 2 3 2 5 6 7 11 9 9 13 14 13 10 15
4 3 2 2 15 7 9 10 7 13 9 11 7 12 14
3 4 2 2 14 8 8 9 8 8 11 15 11 13 13
3 7 3 3 15 7 7 10 10 13 7 13 10 11 15
3 4 3 3 5 11 11 14 11 11 11 14 11 14 15
4 4 2 2 15 9 9 9 9 9 12 13 12 12 14

IGD
3 4 2 1 14 7 7 7 11 11 11 13 11 12 15
3 12 1 2 14 6 6 8 6 7 11 13 11 9 15
3 4 2 1 15 5 6 8 13 7 11 12 11 11 14
4 5 1 2 3 6 7 9 12 10 11 14 13 15 8
13 14 2 1 12 7 7 8 5 4 11 10 10 3 15
14 3 2 1 4 11 11 6 11 12 11 5 11 13 15
4 3 2 1 11 5 13 6 13 7 15 9 15 8 10
7 9 1 2 8 6 6 6 11 12 6 13 11 14 15
12 11 1 2 10 5 8 8 4 9 8 13 4 14 15
4 3 2 1 15 5 14 8 12 11 13 7 7 9 10
3 4 2 1 5 12 13 11 8 11 14 9 7 7 15
5 4 1 2 3 14 8 15 7 13 11 6 11 9 12
3 4 1 2 6 5 12 13 14 10 8 9 7 11 15
3 4 2 1 5 8 10 14 6 10 12 15 7 12 13
4 3 2 1 5 8 6 9 8 10 14 15 14 11 12
4 3 1 2 14 6 10 11 9 13 9 5 9 13 15
1 4 2 3 15 12 11 11 7 5 9 13 9 6 14
3 4 2 1 15 7 9 11 5 6 10 12 13 8 14
12 3 2 1 15 4 9 10 7 6 13 14 11 5 9
12 15 7 6 14 2 4 8 5 3 11 10 10 2 13
5 3 2 1 4 6 8 9 7 10 13 14 13 11 15
5 3 2 1 15 7 7 12 4 9 14 10 14 11 8
12 3 2 1 13 8 8 9 8 10 8 14 8 11 15
5 3 2 1 14 4 11 6 10 7 13 8 13 9 15
10 12 2 1 11 6 9 5 3 4 9 13 9 14 15
13 3 1 2 14 12 7 11 10 9 6 8 4 5 15
4 3 2 1 5 9 9 10 9 6 12 14 12 13 15
13 12 7 6 14 3 1 5 3 4 9 11 9 10 15
8 4 1 2 3 7 5 6 14 10 13 11 13 9 15
4 3 2 1 15 6 10 11 5 9 8 13 8 12 14
3 5 2 1 4 6 7 8 10 9 12 14 12 13 15
3 4 1 2 5 13 14 10 13 13 8 9 8 8 15
15 13 1 2 6 4 4 11 8 5 10 12 10 7 14
4 3 2 1 5 8 13 14 13 8 13 13 13 8 15
3 4 2 1 10 5 6 9 8 8 13 14 13 11 15
3 4 2 1 15 7 9 11 7 13 9 10 7 12 14
3 4 2 1 5 9 8 13 12 8 11 14 11 6 15
14 3 2 1 5 4 9 7 7 11 9 13 12 10 15
4 3 2 1 5 11 11 14 11 11 11 14 11 14 15
5 4 2 1 3 9 9 9 9 10 12 14 12 13 15

HV
4 3 1 2 14 12 12 12 12 12 12 13 12 12 15
8 3 1 2 15 8 8 13 8 8 13 13 13 13 14
4 3 1 2 5 7 7 14 14 14 14 14 14 14 15
4 3 1 2 5 7 7 11 12 8 11 14 14 11 15
4 3 1 2 14 13 13 13 13 13 13 13 13 13 15
4 3 2 1 14 11 11 11 11 14 11 11 11 14 15
4 3 1 2 14 6 13 6 13 9 13 9 13 7 15
4 3 1 2 9 8 8 8 12 12 8 15 12 13 15
4 2 1 3 12 5 12 12 12 12 12 14 12 14 15
4 3 2 1 14 5 14 14 14 14 14 14 14 14 15
4 3 1 2 11 11 11 14 11 14 14 11 11 11 15
5 3 1 2 4 6 10 7 10 15 13 10 13 15 13
4 3 1 2 5 6 7 9 9 13 12 12 12 14 15
4 3 2 1 12 7 7 14 11 7 11 14 11 11 15
4 3 2 1 5 7 11 9 7 9 15 15 15 11 15
13 3 1 2 15 4 5 11 8 11 8 12 8 11 14
4 3 2 1 15 5 12 12 12 12 12 13 12 12 14
4 3 2 1 12 12 12 12 12 12 12 14 14 12 15
4 3 2 1 15 5 12 12 12 12 14 13 12 12 12
4 3 1 2 15 7 8 13 9 7 13 13 13 7 14
4 2 1 3 5 6 11 11 11 11 13 14 13 11 15
4 3 2 1 5 7 7 12 14 10 10 15 10 12 14
4 3 1 2 13 11 11 11 11 11 11 15 11 12 14
4 3 2 1 15 5 7 8 6 11 11 12 11 15 15
4 3 1 2 14 6 11 11 6 11 11 13 11 13 15
8 3 1 2 13 7 12 7 7 7 10 14 10 12 15
4 3 2 1 10 8 8 10 8 8 15 15 15 15 15
14 2 3 1 13 6 13 10 6 6 10 11 10 10 15
4 3 1 2 8 5 6 9 10 14 12 14 12 8 15
4 3 1 2 15 5 8 11 11 11 8 14 8 13 13
4 3 2 1 5 7 7 13 13 13 13 8 13 14 15
4 3 1 2 13 13 13 13 13 13 13 14 13 13 15
11 3 2 1 13 5 5 9 9 13 9 14 9 10 15
4 3 1 2 15 7 13 13 13 7 13 13 13 7 14
4 3 2 1 5 6 10 10 10 10 13 14 13 13 15
11 2 1 3 15 8 8 10 8 14 8 9 8 14 14
4 3 2 1 14 14 14 14 14 14 14 15 14 14 14
4 3 2 1 14 14 14 14 14 14 14 14 14 14 15
4 3 2 1 15 13 13 13 13 13 13 13 13 13 14
4 3 2 1 5 10 10 10 10 10 13 14 13 13 15



----------------- Avg --------------

QI: GD    DIR    DCI    IGD    HV    
10.85 1.375 2.225 2.875 8.5 10.875 10.55 10.725 10.725 10.625 9.75 8.575 10.025 9.275 6.3 
5.075 2.875 1.525 1.85 8.925 12.725 12.95 13.9 13.4 13.6 13.825 14.125 13.825 14.0 14.4 
4.325 5.1 2.65 2.7 11.375 7.225 8.75 10.7 9.55 10.1 10.8 12.975 11.35 11.0 13.85 
6.325 5.3 1.975 1.575 9.35 7.125 8.55 9.425 8.625 8.775 10.8 11.5 10.35 9.975 13.85 
5.05 2.9 1.475 1.625 11.25 7.875 10.025 11.15 10.725 11.225 11.975 13.05 12.075 12.175 14.575 


----------------- Med ---------------

QI: GD    DIR    DCI    IGD    HV    
13.0 1.0 2.0 3.0 6.5 12.0 11.0 11.0 11.0 10.5 9.0 7.5 9.5 9.0 4.5 
4.0 3.0 1.0 2.0 5.0 14.0 14.0 14.5 14.0 14.0 14.5 15.0 14.5 15.0 15.0 
3.0 4.0 2.0 2.0 13.5 7.0 8.5 11.0 10.0 10.0 11.0 14.0 12.0 11.0 14.0 
4.0 4.0 2.0 1.0 10.0 6.5 8.5 9.0 8.0 9.0 11.0 13.0 11.0 11.0 15.0 
4.0 3.0 1.0 2.0 13.0 7.0 11.0 11.0 11.0 12.0 12.5 14.0 12.5 13.0 15.0 

