----------------- All ---------------

GD
14 2 1 8 15 12 13 11 10 7 9 4 6 5 3
4 2 1 3 5 10 14 15 7 9 11 13 12 8 6
5 3 1 2 4 10 13 14 8 11 13 9 15 6 7
15 1 3 4 6 13 12 11 10 8 14 9 7 2 5
6 1 2 3 5 15 10 12 13 9 14 8 11 7 4
5 3 1 2 13 14 15 10 9 12 8 6 7 11 4
15 1 2 3 5 8 14 13 6 11 4 10 9 12 7
5 1 2 3 4 11 11 6 11 8 14 12 15 13 7
6 2 1 4 5 12 8 10 14 10 13 11 15 7 3
3 1 2 12 10 4 6 8 9 13 7 11 15 14 5
15 2 1 3 6 7 12 9 8 11 13 5 14 10 4
15 1 2 10 9 13 7 3 14 11 8 6 5 12 4
6 2 1 4 3 15 9 14 12 13 11 10 7 8 5
8 2 1 3 7 15 14 6 5 12 14 11 4 10 9
14 4 1 2 15 13 9 7 11 12 10 6 8 5 3
7 3 2 1 4 12 14 13 11 15 9 6 10 8 5
5 3 2 1 10 12 14 11 13 15 8 6 7 9 4
4 2 1 8 3 15 13 10 11 12 14 7 9 6 5
15 4 1 3 9 13 6 11 14 5 8 10 12 7 2
4 3 1 6 2 8 15 9 10 7 13 11 13 14 5
3 1 2 4 5 14 15 10 13 12 11 9 7 9 6
15 1 3 2 9 11 12 13 8 14 6 5 7 10 4
7 2 1 5 4 15 11 10 14 9 12 8 13 6 3
10 1 2 5 4 15 14 13 11 12 8 6 7 9 3
5 3 2 4 6 9 10 12 11 14 8 13 7 15 1
4 2 1 3 5 15 11 12 13 9 14 8 10 6 7
13 1 2 3 11 8 8 15 6 14 10 12 9 5 4
6 3 1 2 4 15 8 9 10 7 12 11 14 13 5
11 3 1 2 5 13 9 15 6 14 10 12 8 7 4
6 2 1 3 5 8 9 14 15 10 12 11 13 7 4
7 3 1 2 4 12 13 14 10 6 9 15 11 8 5
15 2 1 3 4 7 7 12 10 13 8 9 11 14 5
15 3 1 2 14 13 7 12 4 5 11 9 8 10 6
15 2 1 4 13 6 10 3 5 8 14 9 12 7 11
5 1 3 4 2 14 8 15 13 12 9 11 10 7 6
10 3 1 2 5 14 15 13 11 4 9 8 7 6 12
15 1 2 11 14 3 7 8 4 9 6 13 6 12 10
15 1 2 9 5 3 14 12 13 4 11 7 8 10 6
9 1 2 3 5 11 7 13 12 6 11 15 14 8 4
6 3 1 2 4 9 14 15 13 10 11 8 12 7 5

DIR
4 3 1 2 15 14 14 14 14 14 14 14 14 14 14
4 3 1 2 5 9 9 10 15 15 9 15 15 9 15
4 3 2 2 5 7 15 15 8 7 15 15 15 15 15
4 3 1 2 5 8 8 15 13 13 8 13 13 14 13
15 3 1 2 4 14 14 14 14 14 14 14 14 14 14
4 3 1 2 5 15 15 15 15 15 15 15 15 15 15
4 3 1 2 5 7 15 15 15 15 15 7 15 15 15
4 3 1 2 10 10 10 12 10 13 10 11 10 15 15
4 3 2 2 15 15 15 15 15 15 15 15 15 15 15
4 2 1 3 5 11 11 11 11 11 11 15 15 15 15
4 3 1 2 5 15 15 15 15 15 15 15 15 15 15
4 3 1 2 10 6 6 10 10 13 10 14 12 15 12
5 3 1 2 4 15 15 15 15 15 15 15 15 15 15
4 3 1 2 15 15 15 15 15 15 15 15 15 15 15
5 3 1 2 4 15 15 15 15 15 15 15 15 15 15
10 3 1 2 10 4 10 15 10 13 10 12 10 12 14
4 3 2 2 5 14 14 14 14 14 14 15 14 14 14
4 2 1 3 5 15 15 15 15 15 15 15 15 15 15
4 3 1 2 5 11 11 11 13 11 11 11 15 15 13
15 3 1 2 13 13 13 13 13 13 13 13 13 13 15
5 2 1 3 5 15 15 15 15 15 15 15 15 15 15
5 3 2 2 5 15 15 15 15 15 15 15 15 15 15
5 3 1 2 4 15 15 15 15 15 15 15 15 15 15
4 3 1 2 5 15 15 15 15 15 15 15 15 15 15
4 3 1 2 14 14 14 14 14 14 14 14 14 14 15
4 3 1 2 5 14 14 14 14 14 14 14 14 14 15
5 3 2 2 5 14 14 15 14 14 14 14 14 14 14
4 3 1 2 10 10 10 11 15 10 10 12 15 10 15
4 3 1 2 5 15 15 15 15 15 15 15 15 15 15
5 3 1 2 5 15 15 15 15 15 15 15 15 15 15
4 3 1 2 5 15 15 15 15 15 15 15 15 15 15
15 3 1 2 4 15 15 15 15 15 15 15 15 15 15
4 3 2 2 5 15 15 15 15 15 15 15 15 15 15
4 3 1 2 5 15 15 15 15 15 15 15 15 15 15
4 3 1 2 14 12 12 14 12 12 12 12 12 12 15
5 3 1 2 5 8 8 8 15 15 11 11 15 15 11
5 3 1 2 5 6 15 15 15 15 15 15 15 15 15
6 3 1 2 4 6 7 13 13 13 13 14 13 15 13
5 3 1 2 4 15 15 15 15 15 15 15 15 15 15
5 3 2 2 5 8 8 8 15 15 15 15 15 15 15

DCI
4 3 2 2 10 5 7 9 13 11 7 12 8 14 15
4 3 2 2 15 5 8 10 7 12 6 13 10 11 14
4 4 2 2 15 5 8 12 6 12 8 9 12 13 14
5 3 2 2 15 4 6 7 10 9 8 11 12 14 13
13 3 2 2 8 4 10 8 5 13 10 14 6 13 15
4 3 2 2 15 6 6 11 7 9 9 11 14 12 13
5 4 2 2 15 4 9 14 11 12 11 7 7 8 13
7 3 2 2 15 6 6 11 6 13 8 11 9 12 14
3 4 2 2 13 7 10 10 7 10 7 12 12 14 15
6 3 2 2 15 4 5 9 7 10 8 11 13 12 14
4 4 2 2 13 5 6 10 7 11 10 13 8 14 15
3 4 3 3 15 5 7 11 6 10 8 13 9 14 12
7 3 2 2 15 4 8 13 5 9 7 13 10 11 14
9 3 2 2 15 4 9 6 12 6 9 10 11 13 14
7 3 2 2 5 4 6 10 8 11 9 13 12 15 14
12 3 2 2 15 4 5 8 6 7 10 11 10 13 14
8 3 2 2 8 4 5 6 11 11 11 14 13 12 15
8 3 2 2 15 4 5 9 8 12 6 11 14 13 11
4 3 2 2 7 5 6 11 10 12 9 9 13 14 15
6 3 2 2 15 4 6 12 8 7 11 11 11 13 14
5 3 2 2 15 5 8 11 8 8 9 13 11 13 14
4 3 2 2 15 5 7 8 7 13 11 11 11 14 13
3 4 2 2 14 5 9 10 6 12 8 11 8 13 15
4 3 2 2 15 5 6 11 7 13 9 11 9 12 14
4 3 2 2 14 6 9 11 6 13 8 10 8 12 15
10 3 2 2 14 4 9 6 7 8 6 12 12 13 15
11 3 2 2 15 7 7 13 7 10 7 10 8 14 12
7 3 2 2 15 5 6 9 11 13 5 9 10 12 14
5 3 2 2 15 4 8 13 6 7 11 12 11 14 9
5 3 2 2 15 4 7 8 10 10 7 12 11 14 13
6 3 2 2 14 5 5 8 7 9 11 14 10 12 15
12 3 2 2 15 8 8 12 8 14 8 14 8 12 9
4 3 2 2 12 5 6 14 8 11 10 15 7 14 10
8 3 2 2 14 5 6 10 5 13 7 11 9 15 12
7 3 2 2 15 5 11 11 7 5 11 12 11 13 14
4 3 2 2 15 7 7 7 10 15 8 12 10 12 15
4 3 2 2 12 5 9 11 8 10 8 13 8 14 15
4 4 2 2 15 5 8 11 6 7 10 13 10 14 12
4 3 2 2 15 7 10 7 10 11 7 13 10 13 14
5 3 2 2 15 4 6 8 7 11 9 13 12 11 14

IGD
4 3 2 1 5 8 13 6 15 12 9 7 10 11 14
15 3 2 1 13 8 4 7 12 6 9 10 11 5 14
14 3 1 2 15 9 6 7 10 4 6 11 8 12 13
4 3 1 2 14 5 6 8 9 10 7 11 13 12 15
12 3 1 2 14 5 8 4 6 10 7 11 9 13 15
8 3 1 2 5 6 7 14 13 4 11 12 9 10 15
3 11 2 1 15 7 8 5 12 6 14 10 9 4 13
14 3 1 2 15 6 6 11 6 12 8 7 9 10 13
14 11 2 1 13 5 7 9 3 9 6 10 4 12 15
15 3 1 2 14 7 10 11 12 4 13 9 6 8 5
3 4 2 1 9 13 7 11 12 10 6 14 5 8 15
4 3 2 1 7 5 11 14 6 8 12 13 10 9 15
13 3 2 1 15 4 10 6 7 5 9 12 11 8 14
11 3 2 1 13 9 6 14 12 10 6 4 15 7 8
4 3 1 2 5 6 8 13 7 11 9 12 10 15 14
8 7 2 1 14 5 6 4 9 3 11 13 10 12 15
10 11 1 2 3 8 7 9 6 5 13 14 12 4 15
13 3 2 1 14 5 10 7 6 9 8 11 4 12 15
5 3 2 1 4 6 13 8 7 14 10 12 11 9 15
14 3 2 1 15 10 5 4 7 6 9 11 9 12 13
13 3 1 2 14 6 4 5 7 8 9 12 10 12 15
3 4 2 2 5 6 7 8 9 11 13 13 14 10 15
11 3 1 2 15 4 5 10 7 9 6 12 8 13 14
12 3 1 2 15 6 8 4 7 5 9 13 10 11 14
4 3 1 2 14 5 6 11 9 7 8 12 10 13 15
15 3 1 2 14 4 8 10 6 11 5 9 7 12 13
4 3 2 1 5 9 9 7 10 6 11 14 12 13 15
14 11 1 2 12 3 4 7 10 13 5 9 8 6 15
7 3 2 1 15 6 13 5 10 4 11 8 9 12 14
12 3 2 1 14 4 5 7 8 10 6 11 9 13 15
11 3 1 2 14 5 6 10 7 13 12 9 8 4 15
4 3 1 2 15 6 6 13 10 11 12 7 9 8 14
4 3 1 2 5 6 7 12 14 15 11 10 9 13 8
5 3 2 1 4 9 8 14 13 11 6 10 7 15 12
8 7 1 2 15 3 9 6 5 4 10 13 12 11 14
13 3 2 1 14 4 5 6 8 15 7 11 9 12 10
3 4 2 1 5 7 13 14 8 6 12 10 12 9 15
3 4 2 1 9 13 5 6 12 14 7 11 8 10 15
4 3 1 2 14 6 13 8 7 11 6 10 9 12 15
4 3 2 1 15 5 8 7 6 9 12 13 11 10 14

HV
4 3 1 2 12 7 12 12 15 13 7 12 7 12 15
13 3 1 2 15 6 6 10 10 13 6 10 10 13 15
4 3 1 2 5 7 10 13 7 10 10 13 15 13 15
4 3 1 2 15 5 6 7 8 13 9 10 13 13 15
5 3 1 2 4 10 10 12 10 12 10 14 10 13 15
14 3 1 2 15 5 5 9 9 6 9 12 12 12 13
4 3 1 2 7 5 10 13 10 14 10 11 7 12 15
4 3 1 2 5 8 8 11 8 14 10 14 10 14 15
12 3 1 2 14 11 11 11 11 11 11 11 11 13 15
4 3 1 2 15 5 8 12 8 13 8 12 12 12 14
4 3 1 2 5 7 10 9 7 9 13 14 13 13 15
4 3 1 2 5 6 8 13 8 14 11 11 11 15 12
4 3 1 2 14 5 10 11 10 12 10 10 10 13 15
14 3 1 2 15 4 9 10 12 5 9 9 11 9 13
5 3 1 2 4 9 9 9 15 15 9 15 15 15 15
4 3 1 2 9 5 6 8 10 8 12 14 12 13 15
12 3 1 2 4 5 6 10 10 11 10 13 10 14 15
10 3 1 2 12 4 10 10 10 10 10 12 14 14 15
4 3 1 2 5 6 7 14 14 14 14 14 14 14 15
4 3 1 2 14 11 11 11 11 13 11 11 11 13 15
7 3 1 2 7 4 9 10 5 8 15 15 15 15 15
4 3 1 2 5 9 9 9 9 14 13 13 13 15 13
4 3 1 2 14 5 8 9 8 11 8 13 10 12 15
8 3 1 2 13 4 11 8 5 8 11 14 11 12 15
12 3 1 2 13 5 8 10 8 15 5 10 8 12 14
13 3 1 2 15 4 12 11 6 11 5 9 7 9 15
4 3 1 2 12 6 6 11 11 13 11 11 11 14 15
4 3 1 2 5 9 9 9 13 14 9 13 13 13 15
5 3 1 2 15 5 13 7 13 6 13 13 13 15 13
4 3 1 2 14 9 9 12 9 12 9 12 9 14 15
4 3 1 2 5 8 8 11 8 13 11 13 11 14 15
12 3 1 2 15 5 5 13 10 10 10 11 10 10 15
4 3 1 2 15 6 6 12 14 14 12 12 12 12 12
5 3 1 2 4 6 8 12 7 12 14 12 14 12 15
4 3 1 2 14 5 13 13 7 7 13 13 13 13 15
4 3 1 2 15 6 6 13 8 14 13 13 8 13 13
4 3 1 2 5 11 11 11 11 15 11 15 11 15 15
4 3 1 2 10 5 8 10 7 6 12 15 12 15 15
4 3 1 2 15 8 13 12 8 12 8 12 8 12 14
4 3 1 2 5 8 8 11 8 11 14 14 14 11 15



----------------- Avg --------------

QI: GD    DIR    DCI    IGD    HV    
9.075 2.05 1.5 4.0 6.7 11.175 10.95 11.075 10.2 10.075 10.425 9.25 9.875 8.75 5.2 
5.3 2.925 1.175 2.075 6.725 12.25 13.05 13.775 13.925 13.95 13.55 14.0 14.3 14.35 14.55 
5.975 3.175 2.025 2.025 13.7 4.975 7.25 9.9 7.775 10.5 8.55 11.75 10.2 12.9 13.55 
8.55 4.1 1.525 1.5 11.375 6.35 7.675 8.55 8.75 8.775 9.025 10.775 9.4 10.3 13.7 
6.175 3.0 1.0 2.0 10.25 6.475 8.8 10.725 9.45 11.4 10.4 12.375 11.275 12.95 14.525 


----------------- Med ---------------

QI: GD    DIR    DCI    IGD    HV    
7.0 2.0 1.0 3.0 5.0 12.0 11.0 12.0 11.0 10.5 11.0 9.0 9.5 8.0 5.0 
4.0 3.0 1.0 2.0 5.0 14.0 15.0 15.0 15.0 15.0 15.0 15.0 15.0 15.0 15.0 
5.0 3.0 2.0 2.0 15.0 5.0 7.0 10.0 7.0 11.0 8.0 12.0 10.0 13.0 14.0 
8.0 3.0 2.0 1.5 14.0 6.0 7.0 8.0 8.0 9.0 9.0 11.0 9.0 11.0 14.5 
4.0 3.0 1.0 2.0 12.0 6.0 9.0 11.0 9.0 12.0 10.0 12.5 11.0 13.0 15.0 

